1	8647906.0
2	8473415.0
3	8652326.0
4	8937708.0
5	8613561.0
6	8953908.0
7	8986132.0
8	8446293.0
9	9014036.0
10	9056477.0
11	9025820.0
12	9151112.0
13	9194558.0
14	9382490.0
15	9419605.0
16	9620857.0
17	9598491.0
18	9683579.0
19	9501865.0
20	9559676.0
21	9622824.0
22	9695263.0
23	9725215.0
24	9596518.0
25	9855505.0
26	9862666.0
27	9897273.0
28	9935729.0
29	9990199.0
30	1.0057285E7
31	1.0063063E7
32	9324254.0
33	1.0000212E7
34	1.0077038E7
35	1.0089122E7
36	1.0112042E7
37	1.0114357E7
38	1.0116229E7
39	1.0123243E7
40	1.012133E7
41	1.0127071E7
42	9952661.0
43	1.0194143E7
44	1.0270941E7
45	1.0297781E7
46	9860169.0
47	1.0327941E7
48	1.0225345E7
49	9949592.0
50	9967726.0
51	1.0278253E7
52	1.002536E7
53	1.0396269E7
54	1.0240773E7
55	1.0400734E7
56	1.0404078E7
57	1.0161908E7
58	1.0004519E7
59	1.0132979E7
60	1.0439958E7
61	1.0449541E7
62	1.0491136E7
63	1.0493944E7
64	1.0496331E7
65	1.052162E7
66	1.0202202E7
67	1.0419788E7
68	1.0534391E7
69	1.0537383E7
70	9932673.0
71	1.0237776E7
72	1.0561449E7
73	1.0165927E7
74	1.0591593E7
75	1.0626468E7
76	1.0406433E7
77	1.0622846E7
78	1.0632531E7
79	1.0633289E7
80	1.0686525E7
81	1.0695093E7
82	1.0400108E7
83	1.0590136E7
84	1.0305985E7
85	1.0447559E7
86	1.0492013E7
87	1.0694645E7
88	1.0699119E7
89	1.0580353E7
90	1.0705569E7
91	1.0718553E7
92	1.0731129E7
93	1.0040709E7
94	1.0759536E7
95	1.0282229E7
96	1.0638396E7
97	1.0761543E7
98	1.0504755E7
99	1.0255119E7
100	1.0765656E7
101	1.0774248E7
102	1.0758666E7
103	1.0780628E7
104	1.0553548E7
105	1.0774129E7
106	1.0791711E7
107	1.0734459E7
108	1.0754017E7
109	1.0805442E7
110	1.0811294E7
111	1.0746144E7
112	1.073642E7
113	1.0815463E7
114	1.0711198E7
115	1.0688986E7
116	1.081785E7
117	1.0847994E7
118	1.0459588E7
119	1.0409838E7
120	1.0723227E7
121	1.013572E7
122	1.0413013E7
123	1.0852458E7
124	1.069122E7
125	1.0655934E7
126	1.0833648E7
127	9987567.0
128	1.0489756E7
129	1.0748986E7
130	1.0406273E7
131	1.0701125E7
132	1.0568911E7
133	1.0548443E7
134	1.0889882E7
135	1.0522434E7
136	1.0913686E7
137	1.0211106E7
138	1.0874847E7
139	1.0479165E7
140	1.0861243E7
141	1.0754466E7
142	1.0388879E7
143	1.0897086E7
144	1.0924702E7
145	1.0858497E7
146	1.0848972E7
147	1.0126759E7
148	1.0713572E7
149	1.0924156E7
150	1.0895683E7
151	1.0788238E7
152	1.0126759E7
153	1.0359527E7
154	1.0671023E7
155	1.0335447E7
156	1.0681084E7
157	1.0975532E7
158	1.0419223E7
159	1.0937213E7
160	1.0294535E7
161	1.0262241E7
162	1.0978907E7
163	1.0770061E7
164	1.0901739E7
165	1.0369801E7
166	1.0838215E7
167	1.0523093E7
168	1.074926E7
169	1.0979851E7
170	1.0924601E7
171	1.0619636E7
172	1.0605781E7
173	1.0619636E7
174	1.07123E7
175	1.0392316E7
176	1.0902441E7
177	1.0765566E7
178	1.0953715E7
179	1.0271566E7
180	1.0912687E7
181	1.0754198E7
182	1.0771005E7
183	1.0964479E7
184	1.0816499E7
185	1.0795315E7
186	1.0881131E7
187	1.0799131E7
188	1.0700221E7
189	9952928.0
190	1.0561316E7
191	1.0831555E7
192	1.0524037E7
193	1.0963251E7
194	1.0838671E7
195	1.0851847E7
196	1.0821555E7
197	1.095427E7
198	1.0749887E7
199	1.0993669E7
200	1.0924344E7
201	1.0590072E7
202	1.0985221E7
203	1.0842462E7
204	1.0540636E7
205	1.0961462E7
206	1.0963525E7
207	1.0800973E7
208	1.0346477E7
209	1.0985221E7
210	1.0633454E7
211	1.0977069E7
212	1.0761191E7
213	1.0252914E7
214	1.0997093E7
215	1.0981721E7
216	1.0845886E7
217	1.0375029E7
218	1.0803245E7
219	1.0831271E7
220	1.0918581E7
221	1.054406E7
222	1.0413454E7
223	1.0803245E7
224	1.0617098E7
225	1.0634182E7
226	1.0431918E7
227	1.0966949E7
228	1.098739E7
229	1.0452784E7
230	1.031204E7
231	1.0462292E7
232	1.0982351E7
233	1.0413454E7
234	1.0525909E7
235	1.0897779E7
236	1.0926713E7
237	1.0843465E7
238	1.0929923E7
239	1.0578558E7
240	1.0455369E7
241	1.0799183E7
242	1.0779081E7
243	1.0604223E7
244	1.0915673E7
245	1.0772577E7
246	1.0833741E7
247	1.0756837E7
248	1.0756606E7
249	1.0766004E7
250	1.0323631E7
251	1.0315938E7
252	9994549.0
253	1.0936343E7
254	1.0615752E7
255	1.0867192E7
256	1.0714575E7
257	1.0779942E7
258	1.0629645E7
259	1.0730612E7
260	1.0945577E7
261	1.0770013E7
262	1.0927141E7
263	1.0901046E7
264	1.0995413E7
265	1.0693078E7
266	1.0923289E7
267	1.0924573E7
268	1.0877198E7
269	1.0840609E7
270	1.0478509E7
271	1.0941275E7
272	1.0855001E7
273	1.0636878E7
274	1.0735731E7
275	1.0808998E7
276	1.0969247E7
277	1.0966949E7
278	1.031204E7
279	1.1001575E7
280	1.0841266E7
281	1.0809616E7
282	1.0973729E7
283	1.0839947E7
284	1.0838223E7
285	1.0330552E7
286	1.0409992E7
287	1.0970993E7
288	1.0928199E7
289	1.0566594E7
290	1.041404E7
291	1.0746671E7
292	1.0948414E7
293	1.0506969E7
294	1.0888343E7
295	1.0761088E7
296	1.0203632E7
297	1.0344771E7
298	1.0777059E7
299	1.0567054E7
300	1.0302479E7
301	1.0636617E7
302	1.0936117E7
303	1.0868912E7
304	1.0602618E7
305	1.0778831E7
306	1.0993485E7
307	1.0682392E7
308	1.0195814E7
309	1.0933121E7
310	1.0943551E7
311	1.0506969E7
312	1.1001995E7
313	1.0801793E7
314	1.0666107E7
315	1.0193063E7
316	1.0990469E7
317	1.0988513E7
318	1.0256176E7
319	1.0935036E7
320	1.0872094E7
321	1.0983185E7
322	1.0593489E7
323	1.1009974E7
324	1.1012162E7
325	1.077442E7
326	1.0860955E7
327	1.0987538E7
328	1.0309582E7
329	1.0638471E7
330	1.0851414E7
331	1.0560569E7
332	1.0587591E7
333	1.1016781E7
334	1.0250126E7
335	1.0475057E7
336	1.1003495E7
337	1.1020051E7
338	1.1024825E7
339	1.0919741E7
340	1.0741278E7
341	1.0456289E7
342	1.0795178E7
343	1.0572603E7
344	1.0494092E7
345	1.0415719E7
346	1.0482431E7
347	1.0258808E7
348	1.1024279E7
349	1.0789248E7
350	1.1029752E7
351	1.0410735E7
352	1.0945688E7
353	1.0416279E7
354	1.0594771E7
355	1.0505603E7
356	1.0878545E7
357	1.0787474E7
358	1.095338E7
359	1.0891009E7
360	1.101784E7
361	1.0922376E7
362	1.0774848E7
363	1.1008458E7
364	1.0656262E7
365	1.0866465E7
366	1.095445E7
367	1.0610061E7
368	1.0962793E7
369	1.077652E7
370	1.0954236E7
371	1.0930292E7
372	1.0886576E7
373	1.0517498E7
374	1.0595231E7
375	1.0669537E7
376	1.0698078E7
377	1.0164861E7
378	1.0333855E7
379	1.101501E7
380	1.0936128E7
381	1.0559763E7
382	1.0710569E7
383	1.1031207E7
384	1.0784031E7
385	1.0885953E7
386	1.0441952E7
387	1.0536601E7
388	1.076515E7
389	1.1069415E7
390	1.107036E7
391	1.0845844E7
392	1.0670801E7
393	1.0896516E7
394	1.0900059E7
395	1.0856396E7
396	1.0807902E7
397	1.1000088E7
398	1.0704751E7
399	1.0737593E7
400	1.0788371E7
401	1.0608961E7
402	1.105419E7
403	1.0979529E7
404	1.0831595E7
405	1.1003916E7
406	1.0705402E7
407	1.0720527E7
408	1.106742E7
409	1.0718681E7
410	1.0746835E7
411	1.0505185E7
412	1.0934994E7
413	1.1056878E7
414	1.0902224E7
415	1.0666004E7
416	1.1001478E7
417	1.100854E7
418	1.1077642E7
419	1.1135986E7
420	1.0853997E7
421	1.0834717E7
422	1.1114693E7
423	1.102876E7
424	1.0762295E7
425	1.1128426E7
426	1.0488794E7
427	1.0895499E7
428	1.0659622E7
429	1.0612019E7
430	1.0762496E7
431	1.1131281E7
432	1.0982382E7
433	1.0795464E7
434	1.0522513E7
435	1.0531276E7
436	1.1141128E7
437	1.0941878E7
438	1.1103711E7
439	1.0998001E7
440	1.095213E7
441	1.1006925E7
442	1.0820242E7
443	1.0837113E7
444	1.1090638E7
445	1.0893952E7
446	1.0887279E7
447	1.0924505E7
448	1.0961002E7
449	1.0663821E7
450	1.1144988E7
451	1.1146272E7
452	1.0918445E7
453	1.1037481E7
454	1.1053024E7
455	1.080575E7
456	1.0946681E7
457	1.0918445E7
458	1.1104926E7
459	1.1070453E7
460	1.0936564E7
461	1.1038988E7
462	1.0842257E7
463	1.0812975E7
464	1.0622305E7
465	1.0840442E7
466	1.1117061E7
467	1.1144041E7
468	1.0895231E7
469	1.0741156E7
470	1.1163402E7
471	1.0782061E7
472	1.0577237E7
473	1.0999912E7
474	1.0256215E7
475	1.0478093E7
476	1.1105453E7
477	1.070837E7
478	1.1011114E7
479	1.0759046E7
480	1.0820127E7
481	1.08949E7
482	1.0780338E7
483	1.086016E7
484	1.1043507E7
485	1.1032765E7
486	1.056118E7
487	1.1150116E7
488	1.1022174E7
489	1.0522757E7
490	1.0139868E7
491	1.1113368E7
492	1.0554296E7
493	1.1093022E7
494	1.0885621E7
495	1.0577237E7
496	1.1161722E7
497	1.086016E7
498	1.0522757E7
499	1.1111865E7
500	1.033056E7
501	1.0594866E7
502	1.0916226E7
503	1.0925112E7
504	1.1145779E7
505	1.0486214E7
506	1.0700225E7
507	1.0984502E7
508	1.1086787E7
509	1.0486214E7
510	1.1182966E7
511	1.1179571E7
512	1.1180026E7
513	1.0987551E7
514	1.116877E7
515	1.0591383E7
516	1.1101038E7
517	1.0839691E7
518	1.0906154E7
519	1.0845617E7
520	1.1037868E7
521	1.062497E7
522	1.059883E7
523	1.050686E7
524	1.1052329E7
525	1.1132422E7
526	1.1024903E7
527	1.1180735E7
528	1.0730371E7
529	1.1107147E7
530	1.0922995E7
531	1.1147658E7
532	1.0605705E7
533	1.0812457E7
534	1.0845617E7
535	1.1154548E7
536	1.0653587E7
537	1.1010831E7
538	1.0420443E7
539	1.1143166E7
540	1.1084106E7
541	1.093579E7
542	1.1132932E7
543	1.0801625E7
544	1.1109966E7
545	1.0526304E7
546	1.1156352E7
547	1.0535774E7
548	1.1103812E7
549	1.0790309E7
550	1.115395E7
551	1.0470515E7
552	1.0457611E7
553	1.0420443E7
554	1.1141194E7
555	1.0557065E7
556	1.0809275E7
557	1.0497657E7
558	1.0470515E7
559	1.0159432E7
560	1.0978289E7
561	1.0983375E7
562	1.1163402E7
563	1.0990171E7
564	1.0933632E7
565	1.100284E7
566	1.0574441E7
567	1.093043E7
568	1.1193131E7
569	1.1156715E7
570	1.1134746E7
571	1.0406124E7
572	1.0319446E7
573	1.0566082E7
574	1.1111371E7
575	1.0850199E7
576	1.0807702E7
577	1.0367115E7
578	1.1091442E7
579	1.1073236E7
580	1.1164543E7
581	1.1029779E7
582	1.0578176E7
583	1.0921905E7
584	1.1054388E7
585	1.115044E7
586	1.0986304E7
587	1.0731732E7
588	1.1176747E7
589	1.1171838E7
590	1.1129171E7
591	1.0891862E7
592	1.1119541E7
593	1.0580259E7
594	1.1138555E7
595	1.1112479E7
596	1.0770885E7
597	1.1077788E7
598	1.1034548E7
599	1.1098081E7
600	1.0550077E7
601	1.0465485E7
602	1.0647208E7
603	1.0584606E7
604	1.0911142E7
605	1.0738099E7
606	1.0410781E7
607	1.1037827E7
608	1.0811926E7
609	1.0588421E7
610	1.0940595E7
611	1.1138308E7
612	1.0931669E7
613	1.1113763E7
614	1.0367115E7
615	1.0914314E7
616	1.0545939E7
617	1.0367115E7
618	1.0859834E7
619	1.048068E7
620	1.1029779E7
621	1.0793572E7
622	1.1165285E7
623	1.1119367E7
624	1.0716327E7
625	1.081179E7
626	1.0851448E7
627	1.0968036E7
628	1.1198333E7
629	1.0703727E7
630	1.0522227E7
631	1.1197787E7
632	1.0639034E7
633	1.1114952E7
634	1.0682962E7
635	1.1122514E7
636	1.0895091E7
637	1.1069978E7
638	1.0824843E7
639	1.1205991E7
640	1.0616736E7
641	1.0650875E7
642	1.031255E7
643	1.1207081E7
644	1.1084145E7
645	1.1193795E7
646	1.1142535E7
647	1.0629782E7
648	1.0580032E7
649	1.1192339E7
650	1.1106609E7
651	1.0869732E7
652	1.0928264E7
653	1.1207881E7
654	1.0871403E7
655	1.076232E7
656	1.1037368E7
657	1.0663986E7
658	1.0874584E7
659	1.0690137E7
660	1.0980054E7
661	1.1091259E7
662	1.1035301E7
663	1.0925901E7
664	1.1087986E7
665	1.07729E7
666	1.1146917E7
667	1.0616298E7
668	1.0931069E7
669	1.1187842E7
670	1.0904639E7
671	1.0425531E7
672	1.1191205E7
673	1.0926078E7
674	1.095763E7
675	1.0623745E7
676	1.1202739E7
677	1.1047089E7
678	1.0926078E7
679	1.0445358E7
680	1.0580438E7
681	1.1198508E7
682	1.1044594E7
683	1.0902051E7
684	1.0684967E7
685	1.0184347E7
686	1.1193139E7
687	1.0522828E7
688	1.0906612E7
689	1.0730574E7
690	1.0480235E7
691	1.0733607E7
692	1.1144349E7
693	1.1014033E7
694	1.0425531E7
695	1.1003481E7
696	1.067308E7
697	1.0864949E7
698	1.0756288E7
699	1.0902051E7
700	1.0530693E7
701	1.0892089E7
702	1.1204941E7
703	1.1049818E7
704	1.1106571E7
705	1.1187842E7
706	1.1144135E7
707	1.1036109E7
708	1.1062798E7
709	1.1136859E7
710	1.1149482E7
711	1.0731077E7
712	1.0661958E7
713	1.1099537E7
714	1.098122E7
715	1.0831522E7
716	1.1031599E7
717	1.0951508E7
718	1.0899511E7
719	1.1139989E7
720	1.1193139E7
721	1.0425531E7
722	1.1204941E7
723	1.0837372E7
724	1.0753528E7
725	1.049543E7
726	1.1137609E7
727	1.0922805E7
728	1.0580832E7
729	1.0616695E7
730	1.1077061E7
731	1.0618626E7
732	1.1129583E7
733	1.0858048E7
734	1.0960705E7
735	1.058198E7
736	1.1112831E7
737	1.0975548E7
738	1.063062E7
739	1.0713275E7
740	1.117867E7
741	1.07729E7
742	1.094791E7
743	1.1044682E7
744	1.0866198E7
745	1.1139855E7
746	1.1177081E7
747	1.0874584E7
748	1.0904639E7
749	1.0530693E7
750	1.0445263E7
751	1.1171385E7
752	1.0184347E7
753	1.0892089E7
