1	7.236657
2	7.253924
3	7.310909
4	7.305941
5	7.431797
6	7.431797
7	7.468638
8	7.75817
9	7.80785
10	7.645812
11	7.645812
12	7.66298
13	7.668728
14	7.668728
15	7.680636
16	7.680636
17	7.719766
18	7.733222
19	7.742679
20	7.747294
21	7.760005
22	7.760005
23	7.792716
24	7.792716
25	7.792716
26	7.792716
27	7.798188
28	7.798188
29	8.145264
30	8.110397
31	8.110397
32	8.188992
33	8.188992
34	8.019181
35	8.097103
36	8.104467
37	8.149575
38	8.168889
39	8.189777
40	8.189777
41	8.213109
42	8.262357
43	8.320785
44	8.320785
45	8.314171
46	8.314171
47	8.264923
48	8.266759
49	8.228856
50	8.237576
51	8.059969
52	8.073037
53	8.15288
54	8.15288
55	8.308724
56	8.312828
57	8.335162
58	8.356098
59	8.357727
60	8.468371
61	8.463463
62	8.463463
63	8.464391
64	8.479997
65	8.474525
66	8.472741
67	8.521989
68	8.535039
69	8.552223
70	8.534043
71	8.648013
72	8.648013
73	8.64369
74	8.703414
75	8.703414
76	8.719038
77	8.681071
78	8.720333
79	8.720333
80	8.685574
81	8.685574
82	8.685574
83	8.685574
84	8.697912
85	8.697912
86	8.71105
87	8.71105
88	8.73385
89	8.706601
90	8.687581
91	8.712286
92	8.655372
93	8.655372
94	8.685868
95	8.811401
96	8.811401
97	8.877405
98	8.938599
99	8.706287
100	8.71922
101	8.71922
102	8.720408
103	8.726362
104	8.461528
105	8.374082
106	8.351555
107	8.332801
108	8.333557
109	8.356357
110	8.356357
111	8.403478
112	8.43811
113	8.736267
114	8.631001
115	8.581753
116	8.551213
117	8.806844
118	8.806844
119	8.806844
120	8.806844
121	8.806844
122	8.806844
123	8.808779
124	8.795573
125	8.801343
126	8.827036
127	8.829895
128	8.839903
129	8.812443
130	8.691304
131	8.691304
132	8.691304
133	8.691304
134	8.362703
135	8.378165
136	8.378165
137	8.393159
138	8.833698
139	8.833698
140	8.833698
141	8.900363
142	8.923049
143	8.923049
144	8.967776
145	8.967776
146	8.966282
147	8.966282
148	8.966282
149	8.936238
150	9.008286
151	9.008286
152	8.989044
153	9.020982
154	9.018396
155	8.955512
156	8.955512
157	8.955512
158	8.984317
159	8.984317
160	8.984317
161	9.18426
162	9.244637
163	9.244637
164	9.215807
165	9.335567
166	9.394657
167	9.394657
168	9.394657
169	9.394657
170	9.394657
171	9.394657
172	9.349177
173	9.26525
174	9.26525
175	9.26525
176	9.201034
177	9.201034
178	9.201034
179	9.201034
180	9.201034
181	9.201034
182	9.074031
183	9.074031
184	9.240699
185	9.307155
186	9.307155
187	9.314491
188	9.314491
189	9.314491
190	9.334603
191	9.334603
192	9.334603
193	9.384225
194	9.339711
195	9.346963
196	9.346963
197	9.371239
198	9.371239
199	9.371239
200	9.328056
201	9.361284
202	9.361284
203	9.361284
204	9.361284
205	9.361284
206	9.335581
207	9.335581
208	9.311305
209	9.311305
210	9.335581
211	9.335581
212	9.107293
213	9.076503
214	9.076503
215	9.052227
216	9.046515
217	9.046515
218	9.046515
219	8.997163
220	9.004618
221	9.034154
222	9.026699
223	9.026699
224	9.026699
225	9.026699
226	9.026699
227	9.026699
228	9.026699
229	9.026699
230	9.048709
231	9.048709
232	9.349301
233	9.24249
234	9.234762
235	9.208679
236	9.287026
237	9.396169
238	9.43097
239	9.455246
240	9.455246
241	9.293952
242	9.293952
243	9.293952
244	9.325836
245	9.325836
246	9.349635
247	9.466647
248	9.466647
249	9.446535
250	9.446535
251	9.446535
252	9.476964
253	9.496468
254	9.496468
255	9.496468
256	9.496468
257	9.635988
258	9.751174
259	9.751174
260	9.751174
261	9.751174
262	9.751174
263	9.804022
264	9.804022
265	9.804022
266	9.779746
267	9.779746
268	9.675994
269	9.696106
270	9.696106
271	9.793046
272	9.816321
273	9.816321
274	9.816321
275	9.753018
276	9.753018
277	9.753018
278	9.753018
279	9.75983
280	9.75983
281	9.75983
282	9.790622
283	9.790622
284	9.790622
285	9.790622
286	9.790622
287	9.790622
288	9.790622
289	9.790622
290	9.790622
291	9.790622
292	9.869597
293	9.869597
294	9.63148
295	9.63148
296	9.63148
297	9.63148
298	9.650813
299	9.650813
300	9.630701
301	9.630701
302	9.654977
303	9.654977
304	9.674161
305	9.839331
306	9.843339
307	9.843339
308	9.812548
309	9.677209
310	9.689326
311	9.716676
312	9.695383
313	9.672042
314	10.01904
315	9.972557
316	9.972557
317	9.992669
318	9.992669
319	9.992669
320	9.992669
321	9.875657
322	9.918967
323	9.918967
324	9.918967
325	9.918967
326	9.918967
327	9.918967
328	9.704361
329	9.704361
330	9.704361
331	9.704361
332	9.827157
333	9.827157
334	9.827157
335	9.918967
336	9.853105
337	9.896089
338	9.896089
339	9.896089
340	9.896089
341	9.896089
342	9.896089
343	9.896089
344	9.896089
345	9.859324
346	9.859324
347	9.859324
348	9.859324
349	9.859324
350	9.857025
351	9.740602
352	9.748562
353	9.748562
354	9.748562
355	9.748562
356	9.748562
357	9.830275
358	9.830275
359	9.830275
360	9.824556
361	9.824556
362	9.824556
363	9.824556
364	9.824556
365	9.80578
366	9.872496
367	9.872496
368	9.837365
369	9.792988
370	9.792988
371	9.832138
372	9.898909
373	9.930187
374	10.019987
375	10.019987
376	10.019987
377	10.019987
378	10.019987
379	10.13641
380	10.14458
381	10.14458
382	10.291175
383	10.377136
384	10.377136
385	10.377136
386	10.377136
387	10.285198
388	10.285198
389	10.225026
390	10.285198
391	10.29077
392	10.29077
393	10.286707
394	10.304103
395	10.304103
396	10.304103
397	10.304103
398	10.304103
399	10.288183
400	10.262711
401	10.262711
402	10.262711
403	10.262711
404	10.273211
405	10.298683
406	10.298683
407	10.298683
408	10.288183
409	10.182912
410	10.182912
411	10.182912
412	10.182912
413	10.182912
414	10.182912
415	10.182912
416	10.193412
417	10.182912
418	10.182912
419	10.182912
420	10.182912
421	10.182912
422	10.227289
423	10.155241
424	10.134599
425	10.134599
426	10.134599
427	10.134599
428	10.134599
429	10.134599
430	10.134599
431	10.134599
432	10.134599
433	10.134599
434	10.134599
435	10.134599
436	10.134599
437	10.134599
438	10.134599
439	10.134599
440	10.134599
441	10.114009
442	10.114009
443	10.124509
444	10.124509
445	10.124509
446	10.124509
447	10.124509
448	10.124509
449	10.124509
450	10.052316
451	10.099037
452	10.099037
453	10.099037
454	10.099037
455	10.099037
456	10.099037
457	10.127344
458	10.100263
459	10.100263
460	10.100263
461	10.121049
462	10.121049
463	10.121049
464	10.121049
465	10.121049
466	10.121049
467	10.126422
468	10.126422
469	10.133212
470	10.133212
471	10.133212
472	10.133212
473	10.133212
474	10.167516
475	10.167516
476	10.167516
477	10.167516
478	10.162143
479	10.134534
480	10.150454
481	10.150454
482	10.150454
483	10.124171
484	10.124171
485	10.137134
486	10.137134
487	10.147634
488	10.147634
489	10.147634
490	10.147634
491	10.147634
492	10.147634
493	10.121494
494	10.135714
495	10.135714
496	10.135714
497	10.128058
498	10.128058
499	10.086073
500	10.086073
501	10.086073
502	10.086073
503	10.086073
504	10.146171
505	10.146171
506	10.146171
507	10.166957
508	10.166957
509	10.166957
510	10.166957
511	10.263631
512	10.263631
513	10.263631
514	10.263631
515	10.250681
516	10.250681
517	10.270156
518	10.218453
519	10.218453
520	10.218453
521	10.218453
522	10.218453
523	10.218453
524	10.290501
525	10.290501
526	10.290501
527	10.290501
528	10.290501
529	10.201162
530	10.201162
531	10.230688
532	10.230688
533	10.230688
534	10.201162
535	10.201592
536	10.201592
537	10.143484
538	10.143484
539	10.143484
540	10.143484
541	10.237706
542	10.237706
543	10.233552
544	10.295415
545	10.295415
546	10.295415
547	10.295415
548	10.295415
549	10.295415
550	10.242647
551	10.242647
552	10.262122
553	10.262122
554	10.331466
555	10.331466
556	10.331466
557	10.331466
558	10.331466
559	10.331466
560	10.343842
561	10.343842
562	10.393942
563	10.393942
564	10.393942
565	10.393942
566	10.393942
567	10.393942
568	10.393942
569	10.393942
570	10.393942
571	10.393942
572	10.354992
573	10.354992
574	10.354992
575	10.396768
576	10.396768
577	10.396768
578	10.396768
579	10.396768
580	10.396768
581	10.396768
582	10.396768
583	10.352988
584	10.352988
585	10.352988
586	10.352988
587	10.352988
588	10.352988
589	10.352988
590	10.352988
591	10.352988
592	10.352988
593	10.478358
594	10.478358
595	10.478358
596	10.478358
597	10.478358
598	10.478358
599	10.478358
600	10.478358
601	10.43409
602	10.43409
603	10.43409
604	10.43409
605	10.43409
606	10.43409
607	10.464708
608	10.464708
609	10.464708
610	10.464708
611	10.464708
612	10.464708
613	10.464708
614	10.464708
615	10.464708
616	10.464708
617	10.464708
618	10.464708
619	10.464708
620	10.464708
621	10.464708
622	10.464708
623	10.464708
624	10.464708
625	10.464708
626	10.464708
627	10.464708
628	10.464708
629	10.464708
630	10.464708
631	10.464708
632	10.464708
633	10.464708
634	10.464708
635	10.464708
636	10.412968
637	10.412968
638	10.412968
639	10.412968
640	10.412968
641	10.412968
642	10.412968
643	10.412968
644	10.412968
645	10.412968
646	10.412968
647	10.412968
648	10.412968
649	10.412968
650	10.412968
651	10.412968
652	10.412968
653	10.412968
654	10.412968
655	10.412968
656	10.454173
657	10.454173
658	10.454173
659	10.454173
660	10.454173
661	10.420144
662	10.420144
663	10.420144
664	10.420664
665	10.420664
666	10.420664
667	10.420664
668	10.420664
669	10.420664
670	10.420664
671	10.420664
672	10.420664
673	10.420664
674	10.454693
675	10.454693
676	10.454693
677	10.454693
678	10.454693
679	10.411331
680	10.411331
681	10.411331
682	10.411331
683	10.411331
684	10.411331
685	10.411331
686	10.411331
687	10.411331
688	10.411331
689	10.411331
690	10.411331
691	10.411331
692	10.411331
693	10.411331
694	10.411331
695	10.411331
696	10.411331
697	10.428644
698	10.428644
699	10.428644
700	10.428644
701	10.428644
702	10.428644
703	10.411331
704	10.298498
705	10.298498
706	10.298498
707	10.298498
708	10.298498
709	10.298498
710	10.298498
711	10.298498
712	10.298498
713	10.298498
714	10.298498
715	10.298498
716	10.298498
717	10.298498
718	10.298498
719	10.298498
720	10.298498
721	10.298498
722	10.298498
723	10.34186
724	10.33191
725	10.33191
726	10.33191
727	10.33191
728	10.33191
729	10.33191
730	10.33191
731	10.402754
732	10.402754
733	10.402754
734	10.402754
735	10.402754
736	10.402754
737	10.402754
738	10.402754
739	10.402754
740	10.402754
741	10.402754
742	10.402754
743	10.402754
744	10.402754
745	10.402754
746	10.402754
747	10.402754
748	10.402754
749	10.459867
750	10.459867
751	10.459867
752	10.459867
753	10.459867
754	10.459867
755	10.459867
756	10.459867
757	10.459867
758	10.459867
759	10.459867
760	10.459867
761	10.459867
762	10.47718
763	10.443151
764	10.443151
765	10.48514
766	10.48514
767	10.48514
768	10.48514
769	10.48514
770	10.48514
771	10.48514
772	10.48514
773	10.48514
774	10.48514
775	10.48514
776	10.48514
777	10.48514
778	10.48514
779	10.48514
780	10.48514
781	10.48514
782	10.48514
783	10.48514
784	10.48514
785	10.48514
786	10.48514
787	10.48514
788	10.48514
789	10.48514
790	10.48514
791	10.48514
792	10.48514
793	10.48514
794	10.48514
795	10.48514
796	10.49509
797	10.49509
798	10.49509
799	10.49509
800	10.49509
801	10.49509
802	10.49509
803	10.49509
804	10.49509
805	10.49509
806	10.49509
807	10.49509
808	10.49509
809	10.49509
810	10.49509
811	10.565416
812	10.553026
813	10.553026
814	10.543076
815	10.543076
816	10.543076
817	10.543076
818	10.543076
819	10.543076
820	10.543076
821	10.543076
822	10.543076
823	10.543076
824	10.543076
825	10.543076
826	10.543076
827	10.542556
828	10.542556
829	10.542556
830	10.542556
831	10.542556
832	10.542556
833	10.542556
834	10.542556
835	10.543076
836	10.555094
837	10.555094
838	10.555094
839	10.555094
840	10.555094
841	10.555094
842	10.555094
843	10.555094
844	10.555094
845	10.555094
846	10.555094
847	10.555094
848	10.555094
849	10.555094
850	10.555094
851	10.555094
852	10.555094
853	10.555094
854	10.555094
855	10.555094
856	10.555094
857	10.567484
858	10.567484
859	10.567484
860	10.567484
861	10.567484
862	10.567484
863	10.567484
864	10.567484
865	10.567484
866	10.567484
867	10.567484
868	10.567484
869	10.567484
870	10.567484
871	10.567484
872	10.567484
873	10.567484
874	10.567484
875	10.567484
876	10.567484
877	10.567484
878	10.567484
879	10.567484
880	10.567484
881	10.567484
882	10.542012
883	10.542012
884	10.542012
885	10.542012
886	10.542012
887	10.542012
888	10.542012
889	10.542012
890	10.542012
891	10.542012
892	10.588578
893	10.588578
894	10.588578
895	10.61405
896	10.61405
897	10.61405
898	10.61405
899	10.61405
900	10.596737
901	10.596737
902	10.596737
903	10.584719
904	10.584719
905	10.584719
906	10.594669
907	10.594669
908	10.594669
909	10.594669
910	10.594669
911	10.594669
912	10.594669
913	10.594669
914	10.594669
915	10.594669
916	10.594669
917	10.594669
918	10.594669
919	10.594669
920	10.594669
921	10.594669
922	10.594669
923	10.594669
924	10.594669
925	10.597455
926	10.597455
927	10.597455
928	10.597455
929	10.597455
930	10.623595
931	10.623595
932	10.623595
933	10.623595
934	10.623595
935	10.623595
936	10.675534
937	10.675534
938	10.675534
939	10.675534
940	10.675534
941	10.675534
942	10.675534
943	10.675534
944	10.675534
945	10.675534
946	10.675534
947	10.675534
948	10.675534
949	10.675534
950	10.675534
951	10.675534
952	10.675534
953	10.675534
954	10.675534
955	10.675534
956	10.675534
957	10.675534
958	10.665584
959	10.665584
960	10.665584
961	10.665584
962	10.665584
963	10.665584
964	10.665584
965	10.665584
966	10.665584
967	10.665584
968	10.665584
969	10.665584
970	10.665584
971	10.665584
972	10.665584
973	10.665584
974	10.665584
975	10.665584
976	10.665584
977	10.665584
978	10.665584
979	10.665584
980	10.665584
981	10.665584
982	10.665584
983	10.665584
984	10.665584
985	10.665584
986	10.665584
987	10.665584
988	10.665584
989	10.665584
990	10.665584
991	10.665584
992	10.665584
993	10.665584
994	10.665584
995	10.665584
996	10.665584
997	10.665584
998	10.665584
999	10.665584
1000	10.665584
1001	10.665584
1002	10.665584
1003	10.665584
1004	10.665584
1005	10.665064
1006	10.665064
1007	10.665064
1008	10.665064
1009	10.665064
1010	10.665064
1011	10.665064
1012	10.665064
1013	10.665064
1014	10.665064
1015	10.665064
1016	10.665064
1017	10.665064
1018	10.665064
1019	10.665064
1020	10.665064
1021	10.665064
1022	10.665064
1023	10.665064
1024	10.665064
1025	10.665064
1026	10.665064
1027	10.665064
1028	10.665064
1029	10.665064
1030	10.665064
1031	10.665064
1032	10.665064
1033	10.665064
1034	10.665064
1035	10.665064
1036	10.665064
1037	10.665064
1038	10.665064
1039	10.665064
1040	10.665064
1041	10.665064
1042	10.665064
1043	10.665064
1044	10.665064
1045	10.665064
1046	10.665064
1047	10.665064
1048	10.665064
1049	10.665064
1050	10.665064
1051	10.665064
1052	10.665064
1053	10.665064
1054	10.665064
1055	10.665064
1056	10.665064
1057	10.665064
1058	10.665064
1059	10.665064
1060	10.665064
1061	10.665064
1062	10.665064
1063	10.665584
1064	10.665584
1065	10.665584
1066	10.665584
1067	10.665584
1068	10.665584
1069	10.665584
1070	10.665584
1071	10.665584
1072	10.665584
1073	10.665584
1074	10.665584
1075	10.665584
1076	10.665584
1077	10.665584
1078	10.665584
1079	10.665584
1080	10.665584
1081	10.665584
1082	10.665584
1083	10.665584
1084	10.665584
1085	10.665584
1086	10.665584
1087	10.665584
1088	10.665584
1089	10.665584
1090	10.665584
1091	10.665584
1092	10.665584
1093	10.665584
1094	10.665584
1095	10.665584
1096	10.665584
1097	10.665584
1098	10.665584
1099	10.665584
1100	10.665584
1101	10.665584
1102	10.665584
1103	10.665584
1104	10.665584
1105	10.665584
1106	10.665584
1107	10.665584
1108	10.665584
1109	10.665584
1110	10.665584
1111	10.665584
1112	10.665584
1113	10.665584
1114	10.665584
1115	10.665584
1116	10.665584
1117	10.665584
1118	10.665584
1119	10.665584
1120	10.665584
1121	10.665584
1122	10.665584
1123	10.665584
1124	10.665584
1125	10.665584
1126	10.665584
1127	10.665584
1128	10.665584
1129	10.665584
1130	10.665584
1131	10.665584
1132	10.665584
1133	10.665584
1134	10.665584
1135	10.665584
1136	10.665584
1137	10.665584
1138	10.665584
1139	10.665584
1140	10.665584
1141	10.665584
1142	10.665584
1143	10.665584
1144	10.665584
1145	10.665584
1146	10.665584
1147	10.665584
1148	10.665584
1149	10.665584
1150	10.665584
1151	10.665584
1152	10.665584
1153	10.665584
1154	10.665584
1155	10.665584
1156	10.665584
1157	10.665584
1158	10.665584
1159	10.665584
1160	10.665584
1161	10.665584
1162	10.665584
1163	10.665584
1164	10.665584
1165	10.665584
1166	10.665584
1167	10.665584
1168	10.665584
1169	10.665584
1170	10.665584
1171	10.665584
1172	10.665584
1173	10.665584
1174	10.665584
1175	10.665584
1176	10.665584
1177	10.665584
1178	10.665584
1179	10.665584
1180	10.665584
1181	10.665584
1182	10.665584
1183	10.665584
1184	10.665584
1185	10.665584
1186	10.665584
1187	10.665584
1188	10.665584
1189	10.665584
1190	10.665584
1191	10.665584
1192	10.665584
1193	10.665584
1194	10.665584
1195	10.665584
1196	10.665584
1197	10.665584
1198	10.665584
1199	10.665584
1200	10.665584
1201	10.665584
1202	10.665584
1203	10.665584
1204	10.665584
1205	10.665584
1206	10.665584
1207	10.665584
1208	10.665584
1209	10.665584
1210	10.665584
1211	10.665584
1212	10.665584
1213	10.665584
1214	10.665584
1215	10.665584
1216	10.665584
1217	10.665584
1218	10.665584
1219	10.665584
1220	10.665584
1221	10.665584
1222	10.665584
1223	10.665584
1224	10.665584
1225	10.665584
1226	10.665584
1227	10.665584
1228	10.665584
1229	10.665584
1230	10.665584
1231	10.665584
1232	10.665584
1233	10.665584
1234	10.665584
1235	10.665584
1236	10.665584
1237	10.665584
1238	10.665584
1239	10.665584
1240	10.665584
1241	10.665584
1242	10.665584
1243	10.665584
1244	10.665584
1245	10.665584
1246	10.665584
1247	10.665584
1248	10.665584
1249	10.665584
1250	10.665584
1251	10.665584
1252	10.665584
1253	10.665584
1254	10.665584
1255	10.665584
1256	10.665584
1257	10.665584
1258	10.665584
1259	10.665584
1260	10.665584
1261	10.665584
1262	10.665584
1263	10.665584
1264	10.665584
1265	10.665584
1266	10.665584
1267	10.665584
1268	10.665584
1269	10.665584
1270	10.665584
1271	10.665584
1272	10.665584
1273	10.665584
1274	10.665584
1275	10.677602
1276	10.677602
1277	10.677602
1278	10.677602
1279	10.677602
1280	10.677602
1281	10.677602
1282	10.677602
1283	10.677602
1284	10.677602
1285	10.677602
1286	10.677602
1287	10.677602
1288	10.677602
1289	10.677602
1290	10.677602
1291	10.677602
1292	10.677602
1293	10.677602
1294	10.677602
1295	10.677602
1296	10.677602
1297	10.677602
1298	10.677602
1299	10.677602
1300	10.677602
1301	10.677602
1302	10.677602
1303	10.677602
1304	10.677602
1305	10.677602
1306	10.677602
1307	10.677602
1308	10.677602
1309	10.677602
1310	10.677602
1311	10.677602
1312	10.677602
1313	10.677602
1314	10.677602
1315	10.677602
1316	10.677602
1317	10.677602
1318	10.677602
1319	10.677602
1320	10.677602
1321	10.677602
1322	10.677602
1323	10.677602
1324	10.677602
1325	10.677602
1326	10.677602
1327	10.677602
1328	10.677602
1329	10.677602
1330	10.677602
1331	10.677602
1332	10.677602
1333	10.677602
1334	10.677602
1335	10.677602
1336	10.677602
1337	10.677602
1338	10.677602
1339	10.677602
1340	10.677602
1341	10.677602
1342	10.677602
1343	10.677602
1344	10.677602
1345	10.677602
1346	10.677602
1347	10.677602
1348	10.677602
1349	10.677602
1350	10.677602
1351	10.677602
1352	10.677602
1353	10.677602
1354	10.677602
1355	10.677602
1356	10.677602
1357	10.677602
1358	10.677602
1359	10.677602
1360	10.677602
1361	10.677602
1362	10.677602
1363	10.677602
1364	10.677602
1365	10.677602
1366	10.677602
1367	10.677602
1368	10.677602
1369	10.677602
1370	10.677602
1371	10.677602
1372	10.677602
1373	10.677602
1374	10.677602
1375	10.677602
1376	10.677602
1377	10.677602
1378	10.677602
1379	10.677602
1380	10.677602
1381	10.677602
1382	10.677602
1383	10.677602
1384	10.677602
1385	10.677602
1386	10.677602
1387	10.677602
1388	10.677602
1389	10.677602
1390	10.677602
1391	10.677602
1392	10.677602
1393	10.677602
1394	10.677602
1395	10.677602
1396	10.677602
1397	10.677602
1398	10.677602
1399	10.677602
1400	10.677602
1401	10.677602
1402	10.677602
1403	10.677602
1404	10.677602
1405	10.677602
1406	10.677602
1407	10.677602
1408	10.677602
1409	10.677602
1410	10.677602
1411	10.677602
1412	10.677602
1413	10.677602
1414	10.677602
1415	10.677602
1416	10.687552
1417	10.687552
1418	10.687552
1419	10.687552
1420	10.687552
1421	10.687552
1422	10.687552
1423	10.687552
1424	10.684766
1425	10.684766
1426	10.684766
1427	10.684766
1428	10.684766
1429	10.692925
1430	10.692925
1431	10.692925
1432	10.692925
1433	10.692925
1434	10.692925
1435	10.692925
1436	10.692925
1437	10.692925
1438	10.692925
1439	10.692925
1440	10.692925
1441	10.692925
1442	10.692925
1443	10.692925
1444	10.692925
1445	10.692925
1446	10.716009
1447	10.716009
1448	10.716009
1449	10.716009
1450	10.716009
1451	10.716009
1452	10.716009
1453	10.716009
1454	10.716009
1455	10.716009
1456	10.716009
1457	10.716009
1458	10.716009
1459	10.716009
1460	10.718795
1461	10.718795
1462	10.718795
1463	10.718795
1464	10.718795
1465	10.718795
1466	10.718795
1467	10.718795
1468	10.718795
1469	10.718795
1470	10.718795
1471	10.718795
1472	10.718795
1473	10.718795
1474	10.718795
1475	10.718795
1476	10.718795
1477	10.718795
1478	10.718795
1479	10.718795
1480	10.718795
1481	10.718795
1482	10.718795
1483	10.718795
1484	10.718795
1485	10.718795
1486	10.718795
1487	10.718795
1488	10.718795
1489	10.718795
1490	10.718795
1491	10.718795
1492	10.718795
1493	10.718795
1494	10.718795
1495	10.716009
1496	10.716009
1497	10.716009
1498	10.716009
1499	10.716009
1500	10.716009
1501	10.716009
1502	10.716009
1503	10.716009
1504	10.716009
1505	10.716009
1506	10.716009
1507	10.716009
1508	10.716009
1509	10.716009
1510	10.716009
1511	10.716009
1512	10.716009
1513	10.716009
1514	10.716009
1515	10.716009
1516	10.716009
1517	10.716009
1518	10.716009
1519	10.716009
1520	10.716009
1521	10.716009
1522	10.716009
1523	10.716009
1524	10.716009
1525	10.716009
1526	10.716009
1527	10.716009
1528	10.716009
1529	10.716009
1530	10.716009
1531	10.716009
1532	10.716009
1533	10.716009
1534	10.716009
1535	10.716009
1536	10.716009
1537	10.716009
1538	10.716009
1539	10.716009
1540	10.716009
1541	10.716009
1542	10.716009
1543	10.716009
1544	10.716009
1545	10.716009
1546	10.716009
1547	10.716009
1548	10.716009
1549	10.716009
1550	10.716009
1551	10.716009
1552	10.716009
1553	10.716009
1554	10.716009
1555	10.716009
1556	10.716009
1557	10.716009
1558	10.716009
1559	10.716009
1560	10.716009
1561	10.716009
1562	10.716009
1563	10.716009
1564	10.716009
1565	10.716009
1566	10.716009
1567	10.716009
1568	10.716009
1569	10.716009
1570	10.716009
1571	10.716009
1572	10.716009
1573	10.716009
1574	10.716009
1575	10.716009
1576	10.716009
1577	10.716009
1578	10.716009
1579	10.716009
1580	10.716009
1581	10.716009
1582	10.716009
1583	10.716009
1584	10.716009
1585	10.716009
1586	10.716009
1587	10.716009
1588	10.716009
1589	10.716009
1590	10.716009
1591	10.716009
1592	10.716009
1593	10.716009
1594	10.716009
1595	10.716009
1596	10.716009
1597	10.716009
1598	10.718795
1599	10.718795
1600	10.718795
1601	10.718795
1602	10.718795
1603	10.718795
1604	10.718795
1605	10.718795
1606	10.718795
1607	10.718795
1608	10.718795
1609	10.718795
1610	10.718795
1611	10.718795
1612	10.718795
1613	10.718795
1614	10.718795
1615	10.718795
1616	10.718795
1617	10.718795
1618	10.718795
1619	10.718795
1620	10.718795
1621	10.718795
1622	10.718795
1623	10.718795
1624	10.718795
1625	10.718795
1626	10.718795
1627	10.718795
1628	10.718795
1629	10.718795
1630	10.718795
1631	10.718795
1632	10.718795
1633	10.718795
1634	10.718795
1635	10.718795
1636	10.718795
1637	10.718795
1638	10.718795
1639	10.718795
1640	10.718795
1641	10.718795
1642	10.718795
1643	10.718795
1644	10.718795
1645	10.718795
1646	10.718795
1647	10.718795
1648	10.718795
1649	10.718795
1650	10.718795
1651	10.718795
1652	10.718795
1653	10.718795
1654	10.718795
1655	10.718795
1656	10.718795
1657	10.718795
1658	10.718795
1659	10.718795
1660	10.718795
1661	10.718795
1662	10.718795
1663	10.718795
1664	10.718795
1665	10.718795
1666	10.718795
1667	10.718795
1668	10.718795
1669	10.718795
1670	10.718795
1671	10.718795
1672	10.718795
1673	10.718795
1674	10.718795
1675	10.718795
1676	10.718795
1677	10.718795
1678	10.718795
1679	10.718795
1680	10.718795
1681	10.718795
1682	10.718795
1683	10.718795
1684	10.718795
1685	10.718795
1686	10.718795
1687	10.718795
1688	10.718795
1689	10.718795
1690	10.718795
1691	10.718795
1692	10.718795
1693	10.718795
1694	10.718795
1695	10.718795
1696	10.718795
1697	10.718795
1698	10.718795
1699	10.718795
1700	10.718795
1701	10.718795
1702	10.718795
1703	10.718795
1704	10.718795
1705	10.718795
1706	10.718795
1707	10.718795
1708	10.718795
1709	10.718795
1710	10.718795
1711	10.718795
1712	10.718795
1713	10.718795
1714	10.718795
1715	10.718795
1716	10.718795
1717	10.718795
1718	10.718795
1719	10.718795
1720	10.718795
1721	10.718795
1722	10.718795
1723	10.718795
1724	10.718795
1725	10.718795
1726	10.718795
1727	10.718795
1728	10.718795
1729	10.718795
1730	10.718795
1731	10.718795
1732	10.718795
1733	10.718795
1734	10.718795
1735	10.718795
1736	10.718795
1737	10.718795
1738	10.718795
1739	10.718795
1740	10.718795
1741	10.718795
1742	10.718795
1743	10.718795
1744	10.718795
1745	10.718795
1746	10.718795
1747	10.718795
1748	10.718795
1749	10.716009
1750	10.716009
1751	10.716009
1752	10.716009
1753	10.716009
1754	10.716009
1755	10.716009
1756	10.716009
1757	10.716009
1758	10.716009
1759	10.716009
1760	10.716009
1761	10.716009
1762	10.716009
1763	10.716009
1764	10.716009
1765	10.716009
1766	10.716009
1767	10.716009
1768	10.716009
1769	10.716009
1770	10.716009
1771	10.716009
1772	10.716009
1773	10.716009
1774	10.716009
1775	10.716009
1776	10.716009
1777	10.716009
1778	10.716009
1779	10.716009
1780	10.716009
1781	10.716009
1782	10.716009
1783	10.716009
1784	10.716009
1785	10.716009
1786	10.716009
1787	10.716009
1788	10.716009
1789	10.716009
1790	10.716009
1791	10.716009
1792	10.716009
1793	10.716009
1794	10.716009
1795	10.716009
1796	10.716009
1797	10.716009
1798	10.716009
1799	10.716009
1800	10.716009
1801	10.716009
1802	10.716009
1803	10.716009
1804	10.716009
1805	10.716009
1806	10.716009
1807	10.716009
1808	10.716009
1809	10.716009
1810	10.716009
1811	10.716009
1812	10.716009
1813	10.716009
1814	10.716009
1815	10.716009
1816	10.716009
1817	10.716009
1818	10.716009
1819	10.716009
1820	10.716009
1821	10.716009
1822	10.716009
1823	10.716009
1824	10.716009
1825	10.716009
1826	10.716009
1827	10.716009
1828	10.716009
1829	10.716009
1830	10.716009
1831	10.716009
1832	10.716009
1833	10.716009
1834	10.716009
1835	10.716009
1836	10.716009
1837	10.716009
1838	10.716009
1839	10.716009
1840	10.716009
1841	10.716009
1842	10.716009
1843	10.716009
1844	10.716009
1845	10.716009
1846	10.716009
1847	10.716009
1848	10.716009
1849	10.716009
1850	10.716009
1851	10.716009
1852	10.716009
1853	10.716009
1854	10.716009
1855	10.716009
1856	10.716009
1857	10.716009
1858	10.716009
1859	10.716009
1860	10.716009
1861	10.716009
1862	10.716009
1863	10.716009
1864	10.716009
1865	10.716009
1866	10.716009
1867	10.716009
1868	10.716009
1869	10.716009
1870	10.716009
1871	10.716009
1872	10.716009
1873	10.716009
1874	10.716009
1875	10.716009
1876	10.716009
1877	10.716009
1878	10.716009
1879	10.716009
1880	10.716009
1881	10.716009
1882	10.716009
1883	10.716009
1884	10.716009
1885	10.716009
1886	10.716009
1887	10.716009
1888	10.716009
1889	10.716009
1890	10.716009
1891	10.716009
1892	10.716009
1893	10.716009
1894	10.716009
1895	10.716009
1896	10.716009
1897	10.716009
1898	10.716009
1899	10.716009
1900	10.716009
1901	10.716009
1902	10.716009
1903	10.716009
1904	10.716009
1905	10.716009
1906	10.716009
1907	10.716009
1908	10.716009
1909	10.716009
1910	10.716009
1911	10.716009
1912	10.716009
1913	10.716009
1914	10.716009
1915	10.716009
1916	10.716009
1917	10.716009
1918	10.716009
1919	10.716009
1920	10.716009
1921	10.716009
1922	10.716009
1923	10.716009
1924	10.716009
1925	10.716009
1926	10.716009
1927	10.716009
1928	10.716009
1929	10.716009
1930	10.716009
1931	10.716009
1932	10.716009
1933	10.716009
1934	10.716009
1935	10.716009
1936	10.716009
1937	10.716009
1938	10.716009
1939	10.716009
1940	10.716009
1941	10.716009
1942	10.716009
1943	10.716009
1944	10.716009
1945	10.716009
1946	10.716009
1947	10.716009
1948	10.716009
1949	10.716009
1950	10.716009
1951	10.716009
1952	10.716009
1953	10.716009
1954	10.716009
1955	10.716009
1956	10.716009
1957	10.716009
1958	10.716009
1959	10.716009
1960	10.716009
1961	10.716009
1962	10.716009
1963	10.716009
1964	10.716009
1965	10.716009
1966	10.716009
1967	10.716009
1968	10.716009
1969	10.716009
1970	10.716009
1971	10.716009
1972	10.716009
1973	10.716009
1974	10.716009
1975	10.716009
1976	10.716009
1977	10.716009
1978	10.716009
1979	10.716009
1980	10.716009
1981	10.716009
1982	10.716009
1983	10.716009
1984	10.716009
1985	10.716009
1986	10.716009
1987	10.716009
1988	10.716009
1989	10.716009
1990	10.716009
1991	10.716009
1992	10.716009
1993	10.716009
1994	10.716009
1995	10.716009
1996	10.716009
1997	10.716009
1998	10.716009
1999	10.716009
2000	10.716009
2001	10.716009
2002	10.716009
2003	10.716009
2004	10.716009
2005	10.716009
2006	10.716009
2007	10.716009
2008	10.716009
2009	10.716009
2010	10.716009
2011	10.716009
2012	10.716009
2013	10.716009
2014	10.716009
2015	10.716009
2016	10.716009
2017	10.716009
2018	10.716009
2019	10.716009
2020	10.716009
2021	10.716009
2022	10.716009
2023	10.716009
2024	10.716009
2025	10.716009
2026	10.716009
2027	10.716009
2028	10.716009
2029	10.716009
2030	10.716009
2031	10.716009
2032	10.716009
2033	10.716009
2034	10.716009
2035	10.716009
2036	10.716009
2037	10.716009
2038	10.716009
2039	10.716009
2040	10.716009
2041	10.716009
2042	10.716009
2043	10.716009
2044	10.716009
2045	10.716009
2046	10.716009
2047	10.716009
2048	10.716009
2049	10.716009
2050	10.716009
2051	10.716009
2052	10.716009
2053	10.716009
2054	10.716009
2055	10.716009
2056	10.716009
2057	10.716009
2058	10.716009
2059	10.716009
2060	10.716009
2061	10.716009
2062	10.716009
2063	10.716009
2064	10.716009
2065	10.716009
2066	10.716009
2067	10.716009
2068	10.716009
2069	10.716009
2070	10.716009
2071	10.716009
2072	10.716009
2073	10.716009
2074	10.716009
2075	10.716009
2076	10.716009
2077	10.716009
2078	10.716009
2079	10.716009
2080	10.716009
2081	10.716009
2082	10.716009
2083	10.718795
2084	10.718795
2085	10.718795
2086	10.718795
2087	10.718795
2088	10.718795
2089	10.718795
2090	10.718795
2091	10.718795
2092	10.718795
2093	10.718795
2094	10.718795
2095	10.718795
2096	10.718795
2097	10.718795
2098	10.718795
2099	10.718795
2100	10.718795
2101	10.718795
2102	10.718795
2103	10.718795
2104	10.718795
2105	10.718795
2106	10.718795
2107	10.718795
2108	10.718795
2109	10.718795
2110	10.718795
2111	10.718795
2112	10.718795
2113	10.718795
2114	10.718795
2115	10.718795
2116	10.718795
2117	10.718795
2118	10.718795
2119	10.718795
2120	10.718795
2121	10.718795
2122	10.718795
2123	10.718795
2124	10.718795
2125	10.718795
2126	10.718795
2127	10.718795
2128	10.718795
2129	10.718795
2130	10.718795
2131	10.718795
2132	10.718795
2133	10.718795
2134	10.718795
2135	10.718795
2136	10.718795
2137	10.718795
2138	10.718795
2139	10.718795
2140	10.718795
2141	10.718795
2142	10.718795
2143	10.718795
2144	10.718795
2145	10.718795
2146	10.718795
2147	10.718795
2148	10.718795
2149	10.718795
2150	10.718795
2151	10.718795
2152	10.718795
2153	10.718795
2154	10.718795
2155	10.718795
2156	10.718795
2157	10.718795
2158	10.718795
2159	10.718795
2160	10.718795
2161	10.718795
2162	10.718795
2163	10.718795
2164	10.718795
2165	10.718795
2166	10.718795
2167	10.718795
2168	10.718795
2169	10.718795
2170	10.718795
2171	10.718795
2172	10.718795
2173	10.718795
2174	10.718795
2175	10.718795
2176	10.718795
2177	10.718795
2178	10.718795
2179	10.718795
2180	10.718795
2181	10.718795
2182	10.718795
2183	10.718795
2184	10.718795
2185	10.718795
2186	10.718795
2187	10.718795
2188	10.718795
2189	10.718795
2190	10.718795
2191	10.718795
2192	10.718795
2193	10.718795
2194	10.718795
2195	10.718795
2196	10.718795
2197	10.718795
2198	10.718795
2199	10.718795
2200	10.718795
2201	10.718795
2202	10.718795
2203	10.718795
2204	10.718795
2205	10.718795
2206	10.718795
2207	10.718795
2208	10.718795
2209	10.718795
2210	10.718795
2211	10.718795
2212	10.718795
2213	10.718795
2214	10.718795
2215	10.718795
2216	10.718795
2217	10.718795
2218	10.718795
2219	10.718795
2220	10.718795
2221	10.718795
2222	10.718795
2223	10.718795
2224	10.718795
2225	10.718795
2226	10.718795
2227	10.718795
2228	10.718795
2229	10.718795
2230	10.718795
2231	10.718795
2232	10.718795
2233	10.718795
2234	10.718795
2235	10.718795
2236	10.718795
2237	10.718795
2238	10.718795
2239	10.718795
2240	10.718795
2241	10.718795
2242	10.718795
2243	10.718795
2244	10.718795
2245	10.718795
2246	10.718795
2247	10.718795
2248	10.718795
2249	10.718795
2250	10.718795
2251	10.718795
2252	10.718795
2253	10.718795
2254	10.718795
2255	10.718795
2256	10.718795
2257	10.718795
2258	10.718795
2259	10.718795
2260	10.718795
2261	10.718795
2262	10.718795
2263	10.718795
2264	10.718795
2265	10.718795
2266	10.718795
2267	10.718795
2268	10.718795
2269	10.718795
2270	10.718795
2271	10.718795
2272	10.718795
2273	10.718795
2274	10.718795
2275	10.718795
2276	10.718795
2277	10.718795
2278	10.718795
2279	10.718795
2280	10.718795
2281	10.718795
2282	10.718795
2283	10.718795
2284	10.718795
2285	10.718795
2286	10.718795
2287	10.718795
2288	10.718795
2289	10.718795
2290	10.718795
2291	10.718795
2292	10.718795
2293	10.718795
2294	10.718795
2295	10.718795
2296	10.718795
2297	10.718795
2298	10.718795
2299	10.718795
2300	10.718795
2301	10.718795
2302	10.718795
2303	10.718795
2304	10.718795
2305	10.718795
2306	10.718795
2307	10.718795
2308	10.718795
2309	10.718795
2310	10.718795
2311	10.718795
2312	10.718795
2313	10.718795
2314	10.718795
2315	10.718795
2316	10.718795
2317	10.718795
2318	10.718795
2319	10.718795
2320	10.718795
2321	10.718795
2322	10.718795
2323	10.718795
2324	10.718795
2325	10.718795
2326	10.718795
2327	10.718795
2328	10.718795
2329	10.718795
2330	10.718795
2331	10.718795
2332	10.718795
2333	10.718795
2334	10.718795
2335	10.718795
2336	10.718795
2337	10.718795
2338	10.718795
2339	10.718795
2340	10.718795
2341	10.718795
2342	10.718795
2343	10.718795
2344	10.718795
2345	10.718795
2346	10.718795
2347	10.718795
2348	10.718795
2349	10.718795
2350	10.718795
2351	10.718795
2352	10.718795
2353	10.718795
2354	10.718795
2355	10.718795
2356	10.718795
2357	10.718795
2358	10.718795
2359	10.718795
2360	10.718795
2361	10.718795
2362	10.718795
2363	10.718795
2364	10.718795
2365	10.718795
2366	10.718795
2367	10.718795
2368	10.718795
2369	10.718795
2370	10.718795
2371	10.718795
2372	10.718795
2373	10.718795
2374	10.718795
2375	10.718795
2376	10.718795
2377	10.718795
2378	10.718795
2379	10.718795
2380	10.718795
2381	10.718795
2382	10.718795
2383	10.718795
2384	10.718795
2385	10.718795
2386	10.718795
2387	10.718795
2388	10.718795
2389	10.718795
2390	10.718795
2391	10.718795
2392	10.718795
2393	10.718795
2394	10.718795
2395	10.718795
2396	10.718795
2397	10.718795
2398	10.718795
2399	10.718795
2400	10.718795
2401	10.718795
2402	10.718795
2403	10.718795
2404	10.718795
2405	10.718795
2406	10.718795
2407	10.718795
2408	10.718795
2409	10.718795
2410	10.718795
2411	10.718795
2412	10.718795
2413	10.718795
2414	10.718795
2415	10.718795
2416	10.718795
2417	10.718795
2418	10.718795
2419	10.718795
2420	10.718795
2421	10.718795
2422	10.718795
2423	10.718795
2424	10.718795
2425	10.718795
2426	10.718795
2427	10.718795
2428	10.718795
2429	10.718795
2430	10.718795
2431	10.718795
2432	10.718795
2433	10.718795
2434	10.718795
2435	10.718795
2436	10.718795
2437	10.718795
2438	10.718795
2439	10.718795
2440	10.718795
2441	10.718795
2442	10.718795
2443	10.718795
2444	10.718795
2445	10.718795
2446	10.718795
2447	10.718795
2448	10.718795
2449	10.718795
2450	10.718795
2451	10.718795
2452	10.718795
2453	10.718795
2454	10.718795
2455	10.718795
2456	10.718795
2457	10.718795
2458	10.718795
2459	10.718795
2460	10.718795
2461	10.718795
2462	10.718795
2463	10.718795
2464	10.718795
2465	10.718795
2466	10.718795
2467	10.718795
2468	10.718795
2469	10.718795
2470	10.718795
2471	10.718795
2472	10.718795
2473	10.718795
2474	10.718795
2475	10.718795
2476	10.718795
2477	10.718795
2478	10.718795
2479	10.718795
2480	10.718795
2481	10.718795
2482	10.718795
2483	10.718795
2484	10.718795
2485	10.718795
2486	10.718795
2487	10.718795
2488	10.718795
2489	10.718795
2490	10.718795
2491	10.718795
2492	10.718795
2493	10.718795
2494	10.718795
2495	10.718795
2496	10.718795
2497	10.718795
2498	10.718795
2499	10.718795
2500	10.718795
2501	10.718795
2502	10.718795
2503	10.718795
2504	10.718795
2505	10.718795
2506	10.718795
2507	10.718795
2508	10.718795
2509	10.718795
2510	10.718795
2511	10.718795
2512	10.718795
2513	10.718795
2514	10.718795
2515	10.718795
2516	10.718795
2517	10.718795
2518	10.718795
2519	10.718795
2520	10.718795
2521	10.718795
2522	10.718795
2523	10.718795
2524	10.718795
2525	10.718795
2526	10.718795
2527	10.718795
2528	10.718795
2529	10.718795
2530	10.718795
2531	10.718795
2532	10.718795
2533	10.718795
2534	10.718795
2535	10.718795
2536	10.718795
2537	10.718795
2538	10.718795
2539	10.718795
2540	10.718795
2541	10.718795
2542	10.718795
2543	10.718795
2544	10.718795
2545	10.718795
2546	10.718795
2547	10.718795
2548	10.718795
2549	10.718795
2550	10.718795
2551	10.718795
2552	10.718795
2553	10.718795
2554	10.718795
2555	10.718795
2556	10.718795
2557	10.718795
2558	10.718795
2559	10.718795
2560	10.718795
2561	10.718795
2562	10.718795
2563	10.718795
2564	10.718795
2565	10.718795
2566	10.718795
2567	10.718795
2568	10.718795
2569	10.718795
2570	10.718795
2571	10.718795
2572	10.718795
2573	10.718795
2574	10.718795
2575	10.718795
2576	10.718795
2577	10.718795
2578	10.718795
2579	10.718795
2580	10.718795
2581	10.718795
2582	10.718795
2583	10.718795
2584	10.718795
2585	10.718795
2586	10.718795
2587	10.718795
2588	10.718795
2589	10.718795
2590	10.718795
2591	10.718795
2592	10.718795
2593	10.718795
2594	10.718795
2595	10.718795
2596	10.718795
2597	10.718795
2598	10.718795
2599	10.718795
2600	10.718795
2601	10.718795
2602	10.718795
2603	10.718795
2604	10.718795
2605	10.718795
2606	10.718795
2607	10.718795
2608	10.718795
2609	10.718795
2610	10.718795
2611	10.718795
2612	10.718795
2613	10.718795
2614	10.718795
2615	10.718795
2616	10.718795
2617	10.718795
2618	10.718795
2619	10.718795
2620	10.718795
2621	10.718795
2622	10.718795
2623	10.718795
2624	10.718795
2625	10.718795
2626	10.718795
2627	10.718795
2628	10.718795
2629	10.718795
2630	10.718795
2631	10.718795
2632	10.718795
2633	10.718795
2634	10.718795
2635	10.718795
2636	10.718795
2637	10.718795
2638	10.718795
2639	10.718795
2640	10.718795
2641	10.718795
2642	10.718795
2643	10.718795
2644	10.718795
2645	10.718795
2646	10.718795
2647	10.718795
2648	10.718795
2649	10.718795
2650	10.718795
2651	10.718795
2652	10.718795
2653	10.718795
2654	10.718795
2655	10.718795
2656	10.718795
2657	10.718795
2658	10.718795
2659	10.718795
2660	10.718795
2661	10.718795
2662	10.718795
2663	10.718795
2664	10.718795
2665	10.718795
2666	10.718795
2667	10.718795
2668	10.718795
2669	10.718795
2670	10.718795
2671	10.718795
2672	10.718795
2673	10.718795
2674	10.718795
2675	10.718795
2676	10.718795
2677	10.718795
2678	10.718795
2679	10.718795
2680	10.718795
2681	10.718795
2682	10.718795
2683	10.718795
2684	10.718795
2685	10.718795
2686	10.718795
2687	10.718795
2688	10.718795
2689	10.718795
2690	10.718795
2691	10.718795
2692	10.718795
2693	10.718795
2694	10.718795
2695	10.718795
2696	10.718795
2697	10.718795
2698	10.718795
2699	10.718795
2700	10.718795
2701	10.718795
2702	10.718795
2703	10.718795
2704	10.718795
2705	10.718795
2706	10.718795
2707	10.718795
2708	10.718795
2709	10.718795
2710	10.718795
2711	10.718795
2712	10.718795
2713	10.718795
2714	10.718795
2715	10.718795
2716	10.718795
2717	10.718795
2718	10.718795
2719	10.718795
2720	10.718795
2721	10.718795
2722	10.718795
2723	10.718795
2724	10.718795
2725	10.718795
2726	10.718795
2727	10.718795
2728	10.718795
2729	10.718795
2730	10.718795
2731	10.718795
2732	10.718795
2733	10.718795
2734	10.718795
2735	10.718795
2736	10.718795
2737	10.718795
2738	10.718795
2739	10.718795
2740	10.718795
2741	10.718795
2742	10.718795
2743	10.718795
2744	10.718795
2745	10.718795
2746	10.718795
2747	10.718795
2748	10.718795
2749	10.718795
2750	10.718795
2751	10.718795
2752	10.718795
2753	10.718795
2754	10.718795
2755	10.718795
2756	10.718795
2757	10.718795
2758	10.718795
2759	10.718795
2760	10.718795
2761	10.718795
2762	10.718795
2763	10.718795
2764	10.718795
2765	10.718795
2766	10.718795
2767	10.718795
2768	10.718795
2769	10.718795
2770	10.718795
2771	10.718795
2772	10.718795
2773	10.718795
2774	10.718795
2775	10.718795
2776	10.718795
2777	10.718795
2778	10.718795
2779	10.718795
2780	10.718795
2781	10.718795
2782	10.718795
2783	10.718795
2784	10.718795
2785	10.718795
2786	10.718795
2787	10.718795
2788	10.718795
2789	10.718795
2790	10.718795
2791	10.718795
2792	10.718795
2793	10.718795
2794	10.718795
2795	10.718795
2796	10.718795
2797	10.718795
2798	10.718795
2799	10.718795
2800	10.718795
2801	10.718795
2802	10.718795
2803	10.718795
2804	10.718795
2805	10.718795
2806	10.718795
2807	10.718795
2808	10.718795
2809	10.718795
2810	10.718795
2811	10.718795
2812	10.718795
2813	10.718795
2814	10.718795
2815	10.718795
2816	10.718795
2817	10.718795
2818	10.718795
2819	10.718795
2820	10.718795
2821	10.718795
2822	10.718795
2823	10.718795
2824	10.718795
2825	10.718795
2826	10.718795
2827	10.718795
2828	10.718795
2829	10.718795
2830	10.718795
2831	10.718795
2832	10.718795
2833	10.718795
2834	10.718795
2835	10.718795
2836	10.718795
2837	10.718795
2838	10.718795
2839	10.718795
2840	10.718795
2841	10.718795
2842	10.718795
2843	10.718795
2844	10.718795
2845	10.718795
2846	10.718795
2847	10.718795
2848	10.718795
2849	10.718795
2850	10.718795
2851	10.718795
2852	10.718795
2853	10.718795
2854	10.718795
2855	10.718795
2856	10.718795
2857	10.718795
2858	10.718795
2859	10.718795
2860	10.718795
2861	10.718795
2862	10.718795
2863	10.718795
2864	10.718795
2865	10.718795
2866	10.718795
2867	10.718795
2868	10.718795
2869	10.718795
2870	10.718795
2871	10.718795
2872	10.718795
2873	10.718795
2874	10.718795
2875	10.718795
2876	10.718795
2877	10.718795
2878	10.718795
2879	10.718795
2880	10.718795
2881	10.718795
2882	10.718795
2883	10.718795
2884	10.718795
2885	10.718795
2886	10.718795
2887	10.718795
2888	10.718795
2889	10.718795
2890	10.718795
2891	10.718795
2892	10.718795
2893	10.718795
2894	10.718795
2895	10.718795
2896	10.718795
2897	10.718795
2898	10.718795
2899	10.718795
2900	10.718795
2901	10.718795
2902	10.718795
2903	10.718795
2904	10.718795
2905	10.718795
2906	10.718795
2907	10.718795
2908	10.718795
2909	10.718795
2910	10.718795
2911	10.718795
2912	10.718795
2913	10.718795
2914	10.718795
2915	10.718795
2916	10.718795
2917	10.718795
2918	10.718795
2919	10.718795
2920	10.718795
2921	10.718795
2922	10.718795
2923	10.718795
2924	10.718795
2925	10.718795
2926	10.718795
2927	10.718795
2928	10.718795
2929	10.718795
2930	10.718795
2931	10.718795
2932	10.718795
2933	10.718795
2934	10.718795
2935	10.718795
2936	10.718795
2937	10.718795
2938	10.718795
2939	10.718795
2940	10.718795
2941	10.718795
2942	10.718795
2943	10.718795
2944	10.718795
2945	10.718795
2946	10.718795
2947	10.718795
2948	10.718795
2949	10.718795
2950	10.718795
2951	10.718795
2952	10.718795
2953	10.718795
2954	10.718795
2955	10.718795
2956	10.718795
2957	10.718795
2958	10.718795
2959	10.718795
2960	10.718795
2961	10.718795
2962	10.718795
2963	10.718795
2964	10.718795
2965	10.718795
2966	10.718795
2967	10.718795
2968	10.718795
2969	10.718795
2970	10.718795
2971	10.718795
2972	10.718795
2973	10.718795
2974	10.718795
2975	10.718795
2976	10.718795
2977	10.718795
2978	10.718795
2979	10.718795
2980	10.718795
2981	10.718795
2982	10.718795
2983	10.718795
2984	10.718795
2985	10.718795
2986	10.718795
2987	10.718795
2988	10.718795
2989	10.718795
2990	10.718795
2991	10.718795
2992	10.718795
2993	10.718795
2994	10.718795
2995	10.718795
2996	10.718795
2997	10.718795
2998	10.718795
2999	10.718795
3000	10.718795
3001	10.718795
3002	10.718795
3003	10.718795
3004	10.718795
3005	10.718795
3006	10.718795
3007	10.718795
3008	10.718795
3009	10.718795
3010	10.718795
3011	10.718795
3012	10.718795
3013	10.718795
3014	10.718795
3015	10.718795
3016	10.718795
3017	10.718795
3018	10.718795
3019	10.718795
3020	10.718795
3021	10.718795
3022	10.718795
3023	10.718795
3024	10.718795
3025	10.718795
3026	10.718795
3027	10.718795
3028	10.718795
3029	10.718795
3030	10.718795
3031	10.718795
3032	10.718795
3033	10.718795
3034	10.718795
3035	10.718795
3036	10.718795
3037	10.718795
3038	10.718795
3039	10.718795
3040	10.718795
3041	10.718795
3042	10.718795
3043	10.718795
3044	10.718795
3045	10.718795
3046	10.718795
3047	10.718795
3048	10.718795
3049	10.718795
3050	10.718795
3051	10.718795
3052	10.718795
3053	10.718795
3054	10.718795
3055	10.718795
3056	10.718795
3057	10.718795
3058	10.718795
3059	10.718795
3060	10.718795
3061	10.718795
3062	10.718795
3063	10.718795
3064	10.718795
3065	10.718795
3066	10.718795
3067	10.718795
3068	10.718795
3069	10.718795
3070	10.718795
3071	10.718795
3072	10.718795
3073	10.718795
3074	10.718795
3075	10.718795
3076	10.718795
3077	10.718795
3078	10.718795
3079	10.718795
3080	10.718795
3081	10.718795
3082	10.718795
3083	10.718795
3084	10.718795
3085	10.718795
3086	10.718795
3087	10.718795
3088	10.718795
3089	10.718795
3090	10.718795
3091	10.718795
3092	10.718795
3093	10.718795
3094	10.718795
3095	10.718795
3096	10.718795
3097	10.718795
3098	10.718795
3099	10.718795
3100	10.718795
3101	10.718795
3102	10.718795
3103	10.718795
3104	10.718795
3105	10.718795
3106	10.718795
3107	10.718795
3108	10.718795
3109	10.718795
3110	10.718795
3111	10.718795
3112	10.718795
3113	10.718795
3114	10.718795
3115	10.718795
3116	10.718795
3117	10.718795
3118	10.718795
3119	10.718795
3120	10.718795
3121	10.718795
3122	10.718795
3123	10.718795
3124	10.718795
3125	10.718795
3126	10.718795
3127	10.718795
3128	10.718795
3129	10.718795
3130	10.718795
3131	10.718795
3132	10.718795
3133	10.718795
3134	10.718795
3135	10.718795
3136	10.718795
3137	10.718795
3138	10.718795
3139	10.718795
3140	10.718795
3141	10.718795
3142	10.718795
3143	10.718795
3144	10.718795
3145	10.718795
3146	10.718795
3147	10.718795
3148	10.718795
3149	10.718795
3150	10.718795
3151	10.718795
3152	10.718795
3153	10.718795
3154	10.718795
3155	10.718795
3156	10.718795
3157	10.718795
3158	10.718795
3159	10.718795
3160	10.718795
3161	10.718795
3162	10.718795
3163	10.718795
3164	10.718795
3165	10.718795
3166	10.718795
3167	10.718795
3168	10.718795
3169	10.718795
3170	10.718795
3171	10.718795
3172	10.718795
3173	10.718795
3174	10.718795
3175	10.718795
3176	10.718795
3177	10.718795
3178	10.718795
3179	10.718795
3180	10.718795
3181	10.718795
3182	10.718795
3183	10.718795
3184	10.718795
3185	10.718795
3186	10.718795
3187	10.718795
3188	10.718795
3189	10.718795
3190	10.718795
3191	10.718795
3192	10.718795
3193	10.718795
3194	10.718795
3195	10.718795
3196	10.718795
3197	10.718795
3198	10.718795
3199	10.718795
3200	10.718795
3201	10.718795
3202	10.718795
3203	10.718795
3204	10.718795
3205	10.718795
3206	10.718795
3207	10.718795
3208	10.718795
3209	10.718795
3210	10.718795
3211	10.718795
3212	10.718795
3213	10.718795
3214	10.718795
3215	10.718795
3216	10.718795
3217	10.718795
3218	10.718795
3219	10.718795
3220	10.718795
3221	10.718795
3222	10.718795
3223	10.718795
3224	10.718795
3225	10.718795
3226	10.718795
3227	10.718795
3228	10.718795
3229	10.718795
3230	10.718795
3231	10.718795
3232	10.718795
3233	10.718795
3234	10.718795
3235	10.718795
3236	10.718795
3237	10.718795
3238	10.718795
3239	10.718795
3240	10.718795
3241	10.718795
3242	10.718795
3243	10.718795
3244	10.718795
3245	10.718795
3246	10.718795
3247	10.718795
3248	10.718795
3249	10.718795
3250	10.718795
3251	10.718795
3252	10.718795
3253	10.718795
3254	10.718795
3255	10.718795
3256	10.718795
3257	10.718795
3258	10.718795
3259	10.718795
3260	10.718795
3261	10.718795
3262	10.718795
3263	10.718795
3264	10.718795
3265	10.718795
3266	10.718795
3267	10.718795
3268	10.718795
3269	10.718795
3270	10.718795
3271	10.718795
3272	10.718795
3273	10.718795
3274	10.718795
3275	10.718795
3276	10.718795
3277	10.718795
3278	10.718795
3279	10.718795
3280	10.718795
3281	10.718795
3282	10.718795
3283	10.718795
3284	10.718795
3285	10.718795
3286	10.718795
3287	10.718795
3288	10.718795
3289	10.718795
3290	10.718795
3291	10.718795
3292	10.718795
3293	10.718795
3294	10.718795
3295	10.718795
3296	10.718795
3297	10.718795
3298	10.718795
3299	10.718795
3300	10.718795
3301	10.718795
3302	10.718795
3303	10.718795
3304	10.718795
3305	10.718795
3306	10.718795
3307	10.718795
3308	10.718795
3309	10.718795
3310	10.718795
3311	10.718795
3312	10.718795
3313	10.718795
3314	10.718795
3315	10.718795
3316	10.718795
3317	10.718795
3318	10.718795
3319	10.718795
3320	10.718795
3321	10.718795
3322	10.718795
3323	10.718795
3324	10.718795
3325	10.718795
3326	10.718795
3327	10.718795
3328	10.718795
3329	10.718795
3330	10.718795
3331	10.718795
3332	10.718795
3333	10.718795
3334	10.718795
3335	10.718795
3336	10.718795
3337	10.718795
3338	10.718795
3339	10.718795
3340	10.718795
3341	10.718795
3342	10.718795
3343	10.718795
3344	10.718795
3345	10.718795
3346	10.718795
3347	10.718795
3348	10.718795
3349	10.718795
3350	10.718795
3351	10.718795
3352	10.718795
3353	10.718795
3354	10.718795
3355	10.718795
3356	10.718795
3357	10.718795
3358	10.718795
3359	10.718795
3360	10.718795
3361	10.718795
3362	10.718795
3363	10.718795
3364	10.718795
3365	10.718795
3366	10.718795
3367	10.718795
3368	10.718795
3369	10.718795
3370	10.718795
3371	10.718795
3372	10.718795
3373	10.718795
3374	10.718795
3375	10.718795
3376	10.718795
3377	10.718795
3378	10.718795
3379	10.718795
3380	10.718795
3381	10.718795
3382	10.718795
3383	10.718795
3384	10.718795
3385	10.718795
3386	10.718795
3387	10.718795
3388	10.718795
3389	10.718795
3390	10.718795
3391	10.718795
3392	10.718795
3393	10.718795
3394	10.718795
3395	10.718795
3396	10.718795
3397	10.718795
3398	10.718795
3399	10.718795
3400	10.718795
3401	10.718795
3402	10.718795
3403	10.718795
3404	10.718795
3405	10.718795
3406	10.718795
3407	10.718795
3408	10.718795
3409	10.718795
3410	10.718795
3411	10.718795
3412	10.718795
3413	10.718795
3414	10.718795
3415	10.718795
3416	10.718795
3417	10.718795
3418	10.718795
3419	10.718795
3420	10.718795
3421	10.718795
3422	10.718795
3423	10.718795
3424	10.718795
3425	10.718795
3426	10.718795
3427	10.718795
3428	10.718795
3429	10.718795
3430	10.718795
3431	10.718795
3432	10.718795
3433	10.718795
3434	10.718795
3435	10.718795
3436	10.718795
3437	10.718795
3438	10.718795
3439	10.718795
3440	10.718795
3441	10.718795
3442	10.718795
3443	10.718795
3444	10.718795
3445	10.718795
3446	10.718795
3447	10.718795
3448	10.718795
3449	10.718795
3450	10.718795
3451	10.718795
3452	10.718795
3453	10.718795
3454	10.718795
3455	10.718795
3456	10.718795
3457	10.718795
3458	10.718795
3459	10.718795
3460	10.718795
3461	10.718795
3462	10.718795
3463	10.718795
3464	10.718795
3465	10.718795
3466	10.718795
3467	10.718795
3468	10.718795
3469	10.718795
3470	10.718795
3471	10.718795
3472	10.718795
3473	10.718795
3474	10.718795
3475	10.718795
3476	10.718795
3477	10.718795
3478	10.718795
3479	10.718795
3480	10.718795
3481	10.718795
3482	10.718795
3483	10.718795
3484	10.718795
3485	10.718795
3486	10.718795
3487	10.718795
3488	10.718795
3489	10.718795
3490	10.718795
3491	10.718795
3492	10.718795
3493	10.718795
3494	10.718795
3495	10.718795
3496	10.718795
3497	10.718795
3498	10.718795
3499	10.718795
3500	10.718795
3501	10.718795
3502	10.718795
3503	10.718795
3504	10.718795
3505	10.718795
3506	10.718795
3507	10.718795
3508	10.718795
3509	10.718795
3510	10.718795
3511	10.718795
3512	10.718795
3513	10.718795
3514	10.718795
3515	10.718795
3516	10.718795
3517	10.718795
3518	10.718795
3519	10.718795
3520	10.718795
3521	10.718795
3522	10.718795
3523	10.718795
3524	10.718795
3525	10.718795
3526	10.718795
3527	10.718795
3528	10.718795
3529	10.718795
3530	10.718795
3531	10.718795
3532	10.718795
3533	10.718795
3534	10.718795
3535	10.718795
3536	10.718795
3537	10.718795
3538	10.718795
3539	10.718795
3540	10.718795
3541	10.718795
3542	10.718795
3543	10.718795
3544	10.718795
3545	10.718795
3546	10.718795
3547	10.718795
3548	10.718795
3549	10.718795
3550	10.718795
3551	10.718795
3552	10.718795
3553	10.718795
3554	10.718795
3555	10.718795
3556	10.718795
3557	10.718795
3558	10.718795
3559	10.718795
3560	10.718795
3561	10.718795
3562	10.718795
3563	10.718795
3564	10.718795
3565	10.718795
3566	10.718795
3567	10.718795
3568	10.718795
3569	10.718795
3570	10.718795
3571	10.718795
3572	10.718795
3573	10.718795
3574	10.718795
3575	10.718795
3576	10.718795
3577	10.718795
3578	10.718795
3579	10.718795
3580	10.718795
3581	10.718795
3582	10.718795
3583	10.718795
3584	10.718795
3585	10.718795
3586	10.718795
3587	10.718795
3588	10.718795
3589	10.718795
3590	10.718795
3591	10.718795
3592	10.718795
3593	10.718795
3594	10.718795
3595	10.718795
3596	10.718795
3597	10.718795
3598	10.718795
3599	10.718795
3600	10.718795
3601	10.718795
3602	10.718795
3603	10.718795
3604	10.718795
3605	10.718795
3606	10.718795
3607	10.718795
3608	10.718795
3609	10.718795
3610	10.718795
3611	10.718795
3612	10.718795
3613	10.718795
3614	10.718795
3615	10.718795
3616	10.718795
3617	10.718795
3618	10.718795
3619	10.718795
3620	10.718795
3621	10.718795
3622	10.718795
3623	10.718795
3624	10.718795
3625	10.718795
3626	10.718795
3627	10.718795
3628	10.718795
3629	10.718795
3630	10.718795
3631	10.718795
3632	10.718795
3633	10.718795
3634	10.718795
3635	10.718795
3636	10.718795
3637	10.718795
3638	10.718795
3639	10.718795
3640	10.718795
3641	10.718795
3642	10.718795
3643	10.718795
3644	10.718795
3645	10.718795
3646	10.718795
3647	10.718795
3648	10.718795
3649	10.718795
3650	10.718795
3651	10.718795
3652	10.718795
3653	10.718795
3654	10.718795
3655	10.718795
3656	10.718795
3657	10.718795
3658	10.718795
3659	10.718795
3660	10.718795
3661	10.718795
3662	10.718795
3663	10.718795
3664	10.718795
3665	10.718795
3666	10.718795
3667	10.718795
3668	10.718795
3669	10.718795
3670	10.718795
3671	10.718795
3672	10.718795
3673	10.718795
3674	10.718795
3675	10.718795
3676	10.718795
3677	10.718795
3678	10.718795
3679	10.718795
3680	10.718795
3681	10.718795
3682	10.718795
3683	10.718795
3684	10.718795
3685	10.718795
3686	10.718795
3687	10.718795
3688	10.718795
3689	10.718795
3690	10.718795
3691	10.718795
3692	10.718795
3693	10.718795
3694	10.718795
3695	10.718795
3696	10.718795
3697	10.718795
3698	10.718795
3699	10.718795
3700	10.718795
3701	10.718795
3702	10.718795
3703	10.718795
3704	10.718795
3705	10.718795
3706	10.718795
3707	10.718795
3708	10.718795
3709	10.718795
3710	10.718795
3711	10.718795
3712	10.718795
3713	10.718795
3714	10.718795
3715	10.718795
3716	10.718795
3717	10.718795
3718	10.718795
3719	10.718795
3720	10.718795
3721	10.718795
3722	10.718795
3723	10.718795
3724	10.718795
3725	10.718795
3726	10.718795
3727	10.718795
3728	10.718795
3729	10.718795
3730	10.718795
3731	10.718795
3732	10.718795
3733	10.718795
3734	10.718795
3735	10.718795
3736	10.718795
3737	10.718795
3738	10.718795
3739	10.718795
3740	10.718795
3741	10.718795
3742	10.718795
3743	10.718795
3744	10.718795
3745	10.718795
3746	10.718795
3747	10.718795
3748	10.718795
3749	10.718795
3750	10.718795
3751	10.718795
3752	10.718795
3753	10.718795
3754	10.718795
3755	10.718795
3756	10.718795
3757	10.718795
3758	10.718795
3759	10.718795
3760	10.718795
3761	10.718795
3762	10.718795
3763	10.718795
3764	10.718795
3765	10.718795
3766	10.718795
3767	10.718795
3768	10.718795
3769	10.718795
3770	10.718795
3771	10.718795
3772	10.718795
3773	10.718795
3774	10.718795
3775	10.718795
3776	10.718795
3777	10.718795
3778	10.718795
3779	10.718795
3780	10.718795
3781	10.718795
3782	10.718795
3783	10.718795
3784	10.718795
3785	10.718795
3786	10.718795
3787	10.718795
3788	10.718795
3789	10.718795
3790	10.718795
3791	10.718795
3792	10.718795
3793	10.718795
3794	10.718795
3795	10.718795
3796	10.718795
3797	10.718795
3798	10.718795
3799	10.718795
3800	10.718795
3801	10.718795
3802	10.718795
3803	10.718795
3804	10.718795
3805	10.718795
3806	10.718795
3807	10.718795
3808	10.718795
3809	10.718795
3810	10.718795
3811	10.718795
3812	10.718795
3813	10.718795
3814	10.718795
3815	10.718795
3816	10.718795
3817	10.718795
3818	10.718795
3819	10.718795
3820	10.718795
3821	10.718795
3822	10.718795
3823	10.718795
3824	10.718795
3825	10.718795
3826	10.718795
3827	10.718795
3828	10.718795
3829	10.718795
3830	10.718795
3831	10.718795
3832	10.718795
3833	10.718795
3834	10.718795
3835	10.718795
3836	10.718795
3837	10.718795
3838	10.718795
3839	10.718795
3840	10.718795
3841	10.718795
3842	10.718795
3843	10.718795
3844	10.718795
3845	10.718795
3846	10.718795
3847	10.718795
3848	10.718795
3849	10.718795
3850	10.718795
3851	10.718795
3852	10.718795
3853	10.718795
3854	10.718795
3855	10.718795
3856	10.718795
3857	10.718795
3858	10.718795
3859	10.718795
3860	10.718795
3861	10.718795
3862	10.718795
3863	10.718795
3864	10.718795
3865	10.718795
3866	10.718795
3867	10.718795
3868	10.718795
3869	10.718795
3870	10.718795
3871	10.718795
3872	10.718795
3873	10.718795
3874	10.718795
3875	10.718795
3876	10.718795
3877	10.718795
3878	10.718795
3879	10.718795
3880	10.718795
3881	10.718795
3882	10.718795
3883	10.718795
3884	10.718795
3885	10.718795
3886	10.718795
3887	10.718795
3888	10.718795
3889	10.718795
3890	10.718795
3891	10.718795
3892	10.718795
3893	10.718795
3894	10.718795
3895	10.718795
3896	10.718795
3897	10.718795
3898	10.718795
3899	10.718795
3900	10.718795
3901	10.718795
3902	10.718795
3903	10.718795
3904	10.718795
3905	10.718795
3906	10.718795
3907	10.718795
3908	10.718795
3909	10.718795
3910	10.718795
3911	10.718795
3912	10.718795
3913	10.718795
3914	10.718795
3915	10.718795
3916	10.718795
3917	10.718795
3918	10.718795
3919	10.718795
3920	10.718795
3921	10.718795
3922	10.718795
3923	10.718795
3924	10.718795
3925	10.718795
3926	10.718795
3927	10.718795
3928	10.718795
3929	10.718795
3930	10.718795
3931	10.718795
3932	10.718795
3933	10.718795
3934	10.718795
3935	10.718795
3936	10.718795
3937	10.718795
3938	10.718795
3939	10.718795
3940	10.718795
3941	10.718795
3942	10.718795
3943	10.718795
3944	10.718795
3945	10.718795
3946	10.718795
3947	10.718795
3948	10.718795
3949	10.718795
3950	10.718795
3951	10.718795
3952	10.718795
3953	10.718795
3954	10.718795
3955	10.718795
3956	10.718795
3957	10.718795
3958	10.718795
3959	10.718795
3960	10.718795
3961	10.718795
3962	10.718795
3963	10.718795
3964	10.718795
3965	10.718795
3966	10.718795
3967	10.718795
3968	10.718795
3969	10.718795
3970	10.718795
3971	10.718795
3972	10.718795
3973	10.718795
3974	10.718795
3975	10.718795
3976	10.718795
3977	10.718795
3978	10.718795
3979	10.718795
3980	10.718795
3981	10.718795
3982	10.718795
3983	10.718795
3984	10.718795
3985	10.718795
3986	10.718795
3987	10.718795
3988	10.718795
3989	10.718795
3990	10.718795
3991	10.718795
3992	10.718795
3993	10.718795
3994	10.718795
3995	10.718795
3996	10.718795
3997	10.718795
3998	10.718795
3999	10.718795
4000	10.718795
4001	10.718795
4002	10.718795
4003	10.718795
4004	10.718795
4005	10.718795
4006	10.718795
4007	10.718795
4008	10.718795
4009	10.718795
4010	10.718795
4011	10.718795
4012	10.718795
4013	10.718795
4014	10.718795
4015	10.718795
4016	10.718795
4017	10.718795
4018	10.718795
4019	10.718795
4020	10.718795
4021	10.718795
4022	10.718795
4023	10.718795
4024	10.718795
4025	10.718795
4026	10.718795
4027	10.718795
4028	10.718795
4029	10.718795
4030	10.718795
4031	10.718795
4032	10.718795
4033	10.718795
4034	10.718795
4035	10.718795
4036	10.718795
4037	10.718795
4038	10.718795
4039	10.718795
4040	10.718795
4041	10.718795
4042	10.718795
4043	10.718795
4044	10.718795
4045	10.718795
4046	10.718795
4047	10.718795
4048	10.718795
4049	10.718795
4050	10.718795
4051	10.718795
4052	10.718795
4053	10.718795
4054	10.718795
4055	10.718795
4056	10.718795
4057	10.718795
4058	10.718795
4059	10.718795
4060	10.718795
4061	10.718795
4062	10.718795
4063	10.718795
4064	10.718795
4065	10.718795
4066	10.718795
4067	10.718795
4068	10.718795
4069	10.718795
4070	10.718795
4071	10.718795
4072	10.718795
4073	10.718795
4074	10.718795
4075	10.718795
4076	10.718795
4077	10.718795
4078	10.718795
4079	10.718795
4080	10.718795
4081	10.718795
4082	10.718795
4083	10.718795
4084	10.718795
4085	10.718795
4086	10.718795
4087	10.718795
4088	10.718795
4089	10.718795
4090	10.718795
4091	10.718795
4092	10.718795
4093	10.718795
4094	10.718795
4095	10.718795
4096	10.718795
4097	10.718795
4098	10.718795
4099	10.718795
4100	10.718795
4101	10.718795
4102	10.718795
4103	10.718795
4104	10.718795
4105	10.718795
4106	10.718795
4107	10.718795
4108	10.718795
4109	10.718795
4110	10.718795
4111	10.718795
4112	10.718795
4113	10.718795
4114	10.718795
4115	10.718795
4116	10.718795
4117	10.718795
4118	10.718795
4119	10.718795
4120	10.718795
4121	10.718795
4122	10.718795
4123	10.718795
4124	10.718795
4125	10.718795
4126	10.718795
4127	10.718795
4128	10.718795
4129	10.718795
4130	10.718795
4131	10.718795
4132	10.718795
4133	10.718795
4134	10.718795
4135	10.718795
4136	10.718795
4137	10.718795
4138	10.718795
4139	10.718795
4140	10.718795
4141	10.718795
4142	10.718795
4143	10.718795
4144	10.718795
4145	10.718795
4146	10.718795
4147	10.718795
4148	10.718795
4149	10.718795
4150	10.718795
4151	10.718795
4152	10.718795
4153	10.718795
4154	10.718795
4155	10.718795
4156	10.718795
4157	10.718795
4158	10.718795
4159	10.718795
4160	10.718795
4161	10.718795
4162	10.718795
4163	10.718795
4164	10.718795
4165	10.718795
4166	10.718795
4167	10.718795
4168	10.718795
4169	10.718795
4170	10.718795
4171	10.718795
4172	10.718795
4173	10.718795
4174	10.718795
4175	10.718795
4176	10.718795
4177	10.718795
4178	10.718795
4179	10.718795
4180	10.718795
4181	10.718795
4182	10.718795
4183	10.718795
4184	10.718795
4185	10.718795
4186	10.718795
4187	10.718795
4188	10.718795
4189	10.718795
4190	10.718795
4191	10.718795
4192	10.718795
4193	10.718795
4194	10.718795
4195	10.718795
4196	10.718795
4197	10.718795
4198	10.718795
4199	10.718795
4200	10.718795
4201	10.718795
4202	10.718795
4203	10.718795
4204	10.718795
4205	10.718795
4206	10.718795
4207	10.718795
4208	10.718795
4209	10.718795
4210	10.718795
4211	10.718795
4212	10.718795
4213	10.718795
4214	10.718795
4215	10.718795
4216	10.718795
4217	10.718795
4218	10.718795
4219	10.718795
4220	10.718795
4221	10.718795
4222	10.718795
4223	10.718795
4224	10.718795
4225	10.718795
4226	10.718795
4227	10.718795
4228	10.718795
4229	10.718795
4230	10.718795
4231	10.718795
4232	10.718795
4233	10.718795
4234	10.718795
4235	10.718795
4236	10.718795
4237	10.718795
4238	10.718795
4239	10.718795
4240	10.718795
4241	10.718795
4242	10.718795
4243	10.718795
4244	10.718795
4245	10.718795
4246	10.718795
4247	10.718795
4248	10.718795
4249	10.718795
4250	10.718795
4251	10.718795
4252	10.718795
4253	10.718795
4254	10.718795
4255	10.718795
4256	10.718795
4257	10.718795
4258	10.718795
4259	10.718795
4260	10.718795
4261	10.718795
4262	10.718795
4263	10.718795
4264	10.718795
4265	10.718795
4266	10.718795
4267	10.718795
4268	10.718795
4269	10.718795
4270	10.718795
4271	10.718795
4272	10.718795
4273	10.718795
4274	10.718795
4275	10.718795
4276	10.718795
4277	10.718795
4278	10.718795
4279	10.718795
4280	10.718795
4281	10.718795
4282	10.718795
4283	10.718795
4284	10.718795
4285	10.718795
4286	10.718795
4287	10.718795
4288	10.718795
4289	10.718795
4290	10.718795
4291	10.718795
4292	10.718795
4293	10.718795
4294	10.718795
4295	10.718795
4296	10.718795
4297	10.718795
4298	10.718795
4299	10.718795
4300	10.718795
4301	10.718795
4302	10.718795
4303	10.718795
4304	10.718795
4305	10.718795
4306	10.718795
4307	10.718795
4308	10.718795
4309	10.718795
4310	10.718795
4311	10.718795
4312	10.718795
4313	10.718795
4314	10.718795
4315	10.718795
4316	10.718795
4317	10.718795
4318	10.718795
4319	10.718795
4320	10.718795
4321	10.718795
4322	10.718795
4323	10.718795
4324	10.718795
4325	10.718795
4326	10.718795
4327	10.718795
4328	10.718795
4329	10.718795
4330	10.718795
4331	10.718795
4332	10.718795
4333	10.718795
4334	10.718795
4335	10.718795
4336	10.718795
4337	10.718795
4338	10.718795
4339	10.718795
4340	10.718795
4341	10.718795
4342	10.718795
4343	10.718795
4344	10.718795
4345	10.718795
4346	10.718795
4347	10.718795
4348	10.718795
4349	10.718795
4350	10.718795
4351	10.718795
4352	10.718795
4353	10.718795
4354	10.718795
4355	10.718795
4356	10.718795
4357	10.718795
4358	10.718795
4359	10.718795
4360	10.718795
4361	10.718795
4362	10.718795
4363	10.718795
4364	10.718795
4365	10.718795
4366	10.718795
4367	10.718795
4368	10.718795
4369	10.718795
4370	10.718795
4371	10.718795
4372	10.718795
4373	10.718795
4374	10.718795
4375	10.718795
4376	10.718795
4377	10.718795
4378	10.718795
4379	10.718795
4380	10.718795
4381	10.718795
4382	10.718795
4383	10.718795
4384	10.718795
4385	10.718795
4386	10.718795
4387	10.718795
4388	10.718795
4389	10.718795
4390	10.718795
4391	10.718795
4392	10.718795
4393	10.718795
4394	10.718795
4395	10.718795
4396	10.718795
4397	10.718795
4398	10.718795
4399	10.718795
4400	10.718795
4401	10.718795
4402	10.718795
4403	10.718795
4404	10.718795
4405	10.718795
4406	10.718795
4407	10.718795
4408	10.718795
4409	10.718795
4410	10.718795
4411	10.718795
4412	10.718795
4413	10.718795
4414	10.718795
4415	10.718795
4416	10.718795
4417	10.718795
4418	10.718795
4419	10.718795
4420	10.718795
4421	10.718795
4422	10.718795
4423	10.718795
4424	10.718795
4425	10.718795
4426	10.718795
4427	10.718795
4428	10.718795
4429	10.718795
4430	10.718795
4431	10.718795
4432	10.718795
4433	10.718795
4434	10.718795
4435	10.718795
4436	10.718795
4437	10.718795
4438	10.718795
4439	10.718795
4440	10.718795
4441	10.718795
4442	10.718795
4443	10.718795
4444	10.718795
4445	10.718795
4446	10.718795
4447	10.718795
4448	10.718795
4449	10.718795
4450	10.718795
4451	10.718795
4452	10.718795
4453	10.718795
4454	10.718795
4455	10.718795
4456	10.718795
4457	10.718795
4458	10.718795
4459	10.718795
4460	10.718795
4461	10.718795
4462	10.718795
4463	10.718795
4464	10.718795
4465	10.718795
4466	10.718795
4467	10.718795
4468	10.718795
4469	10.718795
4470	10.718795
4471	10.718795
4472	10.718795
4473	10.718795
4474	10.718795
4475	10.718795
4476	10.718795
4477	10.718795
4478	10.718795
4479	10.718795
4480	10.718795
4481	10.718795
4482	10.718795
4483	10.718795
4484	10.718795
4485	10.718795
4486	10.718795
4487	10.718795
4488	10.718795
4489	10.718795
4490	10.718795
4491	10.718795
4492	10.718795
4493	10.718795
4494	10.718795
4495	10.718795
4496	10.718795
4497	10.718795
4498	10.718795
4499	10.718795
4500	10.718795
4501	10.718795
4502	10.718795
4503	10.718795
4504	10.718795
4505	10.718795
4506	10.718795
4507	10.718795
4508	10.718795
4509	10.718795
4510	10.718795
4511	10.718795
4512	10.718795
4513	10.718795
4514	10.718795
4515	10.718795
4516	10.718795
4517	10.718795
4518	10.718795
4519	10.718795
4520	10.718795
4521	10.718795
4522	10.718795
4523	10.718795
4524	10.718795
4525	10.718795
4526	10.718795
4527	10.718795
4528	10.718795
4529	10.718795
4530	10.718795
4531	10.718795
4532	10.718795
4533	10.718795
4534	10.718795
4535	10.718795
4536	10.718795
4537	10.718795
4538	10.718795
4539	10.718795
4540	10.718795
4541	10.718795
4542	10.718795
4543	10.718795
4544	10.718795
4545	10.718795
4546	10.718795
4547	10.718795
4548	10.718795
4549	10.718795
4550	10.718795
4551	10.718795
4552	10.718795
4553	10.718795
4554	10.718795
4555	10.718795
4556	10.718795
4557	10.718795
4558	10.718795
4559	10.718795
4560	10.718795
4561	10.718795
4562	10.718795
4563	10.718795
4564	10.718795
4565	10.718795
4566	10.718795
4567	10.718795
4568	10.718795
4569	10.718795
4570	10.718795
4571	10.718795
4572	10.718795
4573	10.718795
4574	10.718795
4575	10.718795
4576	10.718795
4577	10.718795
4578	10.718795
4579	10.718795
4580	10.718795
4581	10.718795
4582	10.718795
4583	10.718795
4584	10.718795
4585	10.718795
4586	10.718795
4587	10.718795
4588	10.718795
4589	10.718795
4590	10.718795
4591	10.718795
4592	10.718795
4593	10.718795
4594	10.718795
4595	10.718795
4596	10.718795
4597	10.718795
4598	10.718795
4599	10.718795
4600	10.718795
4601	10.718795
4602	10.718795
4603	10.718795
4604	10.718795
4605	10.718795
4606	10.718795
4607	10.718795
4608	10.718795
4609	10.718795
4610	10.718795
4611	10.718795
4612	10.718795
4613	10.718795
4614	10.718795
4615	10.718795
4616	10.718795
4617	10.718795
4618	10.718795
4619	10.718795
4620	10.718795
4621	10.718795
4622	10.718795
4623	10.718795
4624	10.718795
4625	10.718795
4626	10.718795
4627	10.718795
4628	10.718795
4629	10.718795
4630	10.718795
4631	10.718795
4632	10.718795
4633	10.718795
4634	10.718795
4635	10.718795
4636	10.718795
4637	10.718795
4638	10.718795
4639	10.718795
4640	10.718795
4641	10.718795
4642	10.718795
4643	10.718795
4644	10.718795
4645	10.718795
4646	10.718795
4647	10.718795
4648	10.718795
4649	10.718795
4650	10.718795
4651	10.718795
4652	10.718795
4653	10.718795
4654	10.718795
4655	10.718795
4656	10.718795
4657	10.718795
4658	10.718795
4659	10.718795
4660	10.718795
4661	10.718795
4662	10.718795
4663	10.718795
4664	10.718795
4665	10.718795
4666	10.718795
4667	10.718795
4668	10.718795
4669	10.718795
4670	10.718795
4671	10.718795
4672	10.718795
4673	10.718795
4674	10.718795
4675	10.718795
4676	10.718795
4677	10.718795
4678	10.718795
4679	10.718795
4680	10.718795
4681	10.718795
4682	10.718795
4683	10.718795
4684	10.718795
4685	10.718795
4686	10.718795
4687	10.718795
4688	10.718795
4689	10.718795
4690	10.718795
4691	10.718795
4692	10.718795
4693	10.718795
4694	10.718795
4695	10.718795
4696	10.718795
4697	10.718795
4698	10.718795
4699	10.718795
4700	10.718795
4701	10.718795
4702	10.718795
4703	10.718795
4704	10.718795
4705	10.718795
4706	10.718795
4707	10.718795
4708	10.718795
4709	10.718795
4710	10.718795
4711	10.718795
4712	10.718795
4713	10.718795
4714	10.718795
4715	10.718795
4716	10.718795
4717	10.718795
4718	10.718795
4719	10.718795
4720	10.718795
4721	10.718795
4722	10.718795
4723	10.718795
4724	10.718795
4725	10.718795
4726	10.718795
4727	10.718795
4728	10.718795
4729	10.718795
4730	10.718795
4731	10.718795
4732	10.718795
4733	10.718795
4734	10.718795
4735	10.718795
4736	10.718795
4737	10.718795
4738	10.718795
4739	10.718795
4740	10.718795
4741	10.718795
4742	10.718795
4743	10.718795
4744	10.718795
4745	10.718795
4746	10.718795
4747	10.718795
4748	10.718795
4749	10.718795
4750	10.718795
4751	10.718795
4752	10.718795
4753	10.718795
4754	10.718795
4755	10.718795
4756	10.718795
4757	10.718795
4758	10.718795
4759	10.718795
4760	10.718795
4761	10.718795
4762	10.718795
4763	10.718795
4764	10.718795
4765	10.718795
4766	10.718795
4767	10.718795
4768	10.718795
4769	10.718795
4770	10.718795
4771	10.718795
4772	10.718795
4773	10.718795
4774	10.718795
4775	10.718795
4776	10.718795
4777	10.718795
4778	10.718795
4779	10.718795
4780	10.718795
4781	10.718795
4782	10.718795
4783	10.718795
4784	10.718795
4785	10.718795
4786	10.718795
4787	10.718795
4788	10.718795
4789	10.718795
4790	10.718795
4791	10.718795
4792	10.718795
4793	10.718795
4794	10.718795
4795	10.718795
4796	10.718795
4797	10.718795
4798	10.718795
4799	10.718795
4800	10.718795
4801	10.718795
4802	10.718795
4803	10.718795
4804	10.718795
4805	10.718795
4806	10.718795
4807	10.718795
4808	10.718795
4809	10.718795
4810	10.718795
4811	10.718795
4812	10.718795
4813	10.718795
4814	10.718795
4815	10.718795
4816	10.718795
4817	10.718795
4818	10.718795
4819	10.718795
4820	10.718795
4821	10.718795
4822	10.718795
4823	10.718795
4824	10.718795
4825	10.718795
4826	10.718795
4827	10.718795
4828	10.718795
4829	10.718795
4830	10.718795
4831	10.718795
4832	10.718795
4833	10.718795
4834	10.718795
4835	10.718795
4836	10.718795
4837	10.718795
4838	10.718795
4839	10.718795
4840	10.718795
4841	10.718795
4842	10.718795
4843	10.718795
4844	10.718795
4845	10.718795
4846	10.718795
4847	10.718795
4848	10.718795
4849	10.718795
4850	10.718795
4851	10.718795
4852	10.718795
4853	10.718795
4854	10.718795
4855	10.718795
4856	10.718795
4857	10.718795
4858	10.718795
4859	10.718795
4860	10.718795
4861	10.718795
4862	10.718795
4863	10.718795
4864	10.718795
4865	10.718795
4866	10.718795
4867	10.718795
4868	10.718795
4869	10.718795
4870	10.718795
4871	10.718795
4872	10.718795
4873	10.718795
4874	10.718795
4875	10.718795
4876	10.718795
4877	10.718795
4878	10.718795
4879	10.718795
4880	10.718795
4881	10.718795
4882	10.718795
4883	10.718795
4884	10.718795
4885	10.718795
4886	10.718795
4887	10.718795
4888	10.718795
4889	10.718795
4890	10.718795
4891	10.718795
4892	10.718795
4893	10.718795
4894	10.718795
4895	10.718795
4896	10.718795
4897	10.718795
4898	10.718795
4899	10.718795
4900	10.718795
4901	10.718795
4902	10.718795
4903	10.718795
4904	10.718795
4905	10.718795
4906	10.718795
4907	10.718795
4908	10.718795
4909	10.718795
4910	10.718795
4911	10.718795
4912	10.718795
4913	10.718795
4914	10.718795
4915	10.718795
4916	10.718795
4917	10.718795
4918	10.718795
4919	10.718795
4920	10.718795
4921	10.718795
4922	10.718795
4923	10.718795
4924	10.718795
4925	10.718795
4926	10.718795
4927	10.718795
4928	10.718795
4929	10.718795
4930	10.718795
4931	10.718795
4932	10.718795
4933	10.718795
4934	10.718795
4935	10.718795
4936	10.718795
4937	10.718795
4938	10.718795
4939	10.718795
4940	10.718795
4941	10.718795
4942	10.718795
4943	10.718795
4944	10.718795
4945	10.718795
4946	10.718795
4947	10.718795
4948	10.718795
4949	10.718795
4950	10.718795
4951	10.718795
4952	10.718795
4953	10.718795
4954	10.718795
4955	10.718795
4956	10.718795
4957	10.718795
4958	10.718795
4959	10.718795
4960	10.718795
4961	10.718795
4962	10.718795
4963	10.718795
4964	10.718795
4965	10.718795
4966	10.718795
4967	10.718795
4968	10.718795
4969	10.718795
4970	10.718795
4971	10.718795
4972	10.718795
4973	10.718795
4974	10.718795
4975	10.718795
4976	10.718795
4977	10.718795
4978	10.718795
4979	10.718795
4980	10.718795
4981	10.718795
4982	10.718795
4983	10.718795
4984	10.718795
4985	10.718795
4986	10.718795
4987	10.718795
4988	10.718795
4989	10.718795
4990	10.718795
4991	10.718795
4992	10.718795
4993	10.718795
4994	10.718795
4995	10.718795
4996	10.718795
4997	10.718795
4998	10.718795
4999	10.718795
5000	10.718795
5001	10.718795
5002	10.718795
5003	10.718795
5004	10.718795
5005	10.718795
5006	10.718795
5007	10.718795
5008	10.718795
5009	10.718795
5010	10.718795
5011	10.718795
5012	10.718795
5013	10.718795
5014	10.718795
5015	10.718795
5016	10.718795
5017	10.718795
5018	10.718795
5019	10.718795
5020	10.718795
5021	10.718795
5022	10.718795
5023	10.718795
5024	10.718795
5025	10.718795
5026	10.718795
5027	10.718795
5028	10.718795
5029	10.718795
5030	10.718795
5031	10.718795
5032	10.718795
5033	10.718795
5034	10.718795
5035	10.718795
5036	10.718795
5037	10.718795
5038	10.718795
5039	10.718795
5040	10.718795
5041	10.718795
5042	10.718795
5043	10.718795
5044	10.718795
5045	10.718795
5046	10.718795
5047	10.718795
5048	10.718795
5049	10.718795
5050	10.718795
5051	10.718795
5052	10.718795
5053	10.718795
5054	10.718795
5055	10.718795
5056	10.718795
5057	10.718795
5058	10.718795
5059	10.718795
5060	10.718795
5061	10.718795
5062	10.718795
5063	10.718795
5064	10.718795
5065	10.718795
5066	10.718795
5067	10.718795
5068	10.718795
5069	10.718795
5070	10.718795
5071	10.718795
5072	10.718795
5073	10.718795
5074	10.718795
5075	10.718795
5076	10.718795
5077	10.718795
5078	10.718795
5079	10.718795
5080	10.718795
5081	10.718795
5082	10.718795
5083	10.718795
5084	10.718795
5085	10.718795
5086	10.718795
5087	10.718795
5088	10.718795
5089	10.718795
5090	10.718795
5091	10.718795
5092	10.718795
5093	10.718795
5094	10.718795
5095	10.718795
5096	10.718795
5097	10.718795
5098	10.718795
5099	10.718795
5100	10.718795
5101	10.718795
5102	10.718795
5103	10.718795
5104	10.718795
5105	10.718795
5106	10.718795
5107	10.718795
5108	10.718795
5109	10.718795
5110	10.718795
5111	10.718795
5112	10.718795
5113	10.718795
5114	10.718795
5115	10.718795
5116	10.718795
5117	10.718795
5118	10.718795
5119	10.718795
5120	10.718795
5121	10.718795
5122	10.718795
5123	10.718795
5124	10.718795
5125	10.718795
5126	10.718795
5127	10.718795
5128	10.718795
5129	10.718795
5130	10.718795
5131	10.718795
5132	10.718795
5133	10.718795
5134	10.718795
5135	10.718795
5136	10.718795
5137	10.718795
5138	10.718795
5139	10.718795
5140	10.718795
5141	10.718795
5142	10.718795
5143	10.718795
5144	10.718795
5145	10.718795
5146	10.718795
5147	10.718795
5148	10.718795
5149	10.718795
5150	10.718795
5151	10.718795
5152	10.718795
5153	10.718795
5154	10.718795
5155	10.718795
5156	10.718795
5157	10.718795
5158	10.718795
5159	10.718795
5160	10.718795
5161	10.718795
5162	10.718795
5163	10.718795
5164	10.718795
5165	10.718795
5166	10.718795
5167	10.718795
5168	10.718795
5169	10.718795
5170	10.718795
5171	10.718795
5172	10.718795
5173	10.718795
5174	10.718795
5175	10.718795
5176	10.718795
5177	10.718795
5178	10.718795
5179	10.718795
5180	10.718795
5181	10.718795
5182	10.718795
5183	10.718795
5184	10.718795
5185	10.718795
5186	10.718795
5187	10.718795
5188	10.718795
5189	10.718795
5190	10.718795
5191	10.718795
5192	10.718795
5193	10.718795
5194	10.718795
5195	10.718795
5196	10.718795
5197	10.718795
5198	10.718795
5199	10.718795
5200	10.718795
5201	10.718795
5202	10.718795
5203	10.718795
5204	10.718795
5205	10.718795
5206	10.718795
5207	10.718795
5208	10.718795
5209	10.718795
5210	10.718795
5211	10.718795
5212	10.718795
5213	10.718795
5214	10.718795
5215	10.718795
5216	10.718795
5217	10.718795
5218	10.718795
5219	10.718795
5220	10.718795
5221	10.718795
5222	10.718795
5223	10.718795
5224	10.718795
5225	10.718795
5226	10.718795
5227	10.718795
5228	10.718795
5229	10.718795
5230	10.718795
5231	10.718795
5232	10.718795
5233	10.718795
5234	10.718795
5235	10.718795
5236	10.718795
5237	10.718795
5238	10.718795
5239	10.718795
5240	10.718795
5241	10.718795
5242	10.718795
5243	10.718795
5244	10.718795
5245	10.718795
5246	10.718795
5247	10.718795
5248	10.718795
5249	10.718795
5250	10.718795
5251	10.718795
5252	10.718795
5253	10.718795
5254	10.718795
5255	10.718795
5256	10.718795
5257	10.718795
5258	10.718795
5259	10.718795
5260	10.718795
5261	10.718795
5262	10.718795
5263	10.718795
5264	10.718795
5265	10.718795
5266	10.718795
5267	10.718795
5268	10.718795
5269	10.718795
5270	10.718795
5271	10.718795
5272	10.718795
5273	10.718795
5274	10.718795
5275	10.718795
5276	10.718795
5277	10.718795
5278	10.718795
5279	10.718795
5280	10.718795
5281	10.718795
5282	10.718795
5283	10.718795
5284	10.718795
5285	10.718795
5286	10.718795
5287	10.718795
5288	10.718795
5289	10.718795
5290	10.718795
5291	10.718795
5292	10.718795
5293	10.718795
5294	10.718795
5295	10.718795
5296	10.718795
5297	10.718795
5298	10.718795
5299	10.718795
5300	10.718795
5301	10.718795
5302	10.718795
5303	10.718795
5304	10.718795
5305	10.718795
5306	10.718795
5307	10.718795
5308	10.718795
5309	10.718795
5310	10.718795
5311	10.718795
5312	10.718795
5313	10.718795
5314	10.718795
5315	10.718795
5316	10.718795
5317	10.718795
5318	10.718795
5319	10.718795
5320	10.718795
5321	10.718795
5322	10.718795
5323	10.718795
5324	10.718795
5325	10.718795
5326	10.718795
5327	10.718795
5328	10.718795
5329	10.718795
5330	10.718795
5331	10.718795
5332	10.718795
5333	10.718795
5334	10.718795
5335	10.718795
5336	10.718795
5337	10.718795
5338	10.718795
5339	10.718795
5340	10.718795
5341	10.718795
5342	10.718795
5343	10.718795
5344	10.718795
5345	10.718795
5346	10.718795
5347	10.718795
5348	10.718795
5349	10.718795
5350	10.718795
5351	10.718795
5352	10.718795
5353	10.718795
5354	10.718795
5355	10.718795
5356	10.718795
5357	10.718795
5358	10.718795
5359	10.718795
5360	10.718795
5361	10.718795
5362	10.718795
5363	10.718795
5364	10.718795
5365	10.718795
5366	10.718795
5367	10.718795
5368	10.718795
5369	10.718795
5370	10.718795
5371	10.718795
5372	10.718795
5373	10.718795
5374	10.718795
5375	10.718795
5376	10.718795
5377	10.718795
5378	10.718795
5379	10.718795
5380	10.718795
5381	10.718795
5382	10.718795
5383	10.718795
5384	10.718795
5385	10.718795
5386	10.718795
5387	10.718795
5388	10.718795
5389	10.718795
5390	10.718795
5391	10.718795
5392	10.718795
5393	10.718795
5394	10.718795
5395	10.718795
5396	10.718795
5397	10.718795
5398	10.718795
5399	10.718795
5400	10.718795
5401	10.718795
5402	10.718795
5403	10.718795
5404	10.718795
5405	10.718795
5406	10.718795
5407	10.718795
5408	10.718795
5409	10.718795
5410	10.718795
5411	10.718795
5412	10.718795
5413	10.718795
5414	10.718795
5415	10.718795
5416	10.718795
5417	10.718795
5418	10.718795
5419	10.718795
5420	10.718795
5421	10.718795
5422	10.718795
5423	10.718795
5424	10.718795
5425	10.718795
5426	10.718795
5427	10.718795
5428	10.718795
5429	10.718795
5430	10.718795
5431	10.718795
5432	10.718795
5433	10.718795
5434	10.718795
5435	10.718795
5436	10.718795
5437	10.718795
5438	10.718795
5439	10.718795
5440	10.718795
5441	10.718795
5442	10.718795
5443	10.718795
5444	10.718795
5445	10.718795
5446	10.718795
5447	10.718795
5448	10.718795
5449	10.718795
5450	10.718795
5451	10.718795
5452	10.718795
5453	10.718795
5454	10.718795
5455	10.718795
5456	10.718795
5457	10.718795
5458	10.718795
5459	10.718795
5460	10.718795
5461	10.718795
5462	10.718795
5463	10.718795
5464	10.718795
5465	10.718795
5466	10.718795
5467	10.718795
5468	10.718795
5469	10.718795
5470	10.718795
5471	10.718795
5472	10.718795
5473	10.718795
5474	10.718795
5475	10.718795
5476	10.718795
5477	10.718795
5478	10.718795
5479	10.718795
5480	10.718795
5481	10.718795
5482	10.718795
5483	10.718795
5484	10.718795
5485	10.718795
5486	10.718795
5487	10.718795
5488	10.718795
5489	10.718795
5490	10.718795
5491	10.718795
5492	10.718795
5493	10.718795
5494	10.718795
5495	10.718795
5496	10.718795
5497	10.718795
5498	10.718795
5499	10.718795
5500	10.718795
5501	10.718795
5502	10.718795
5503	10.718795
5504	10.718795
5505	10.718795
5506	10.718795
5507	10.718795
5508	10.718795
5509	10.718795
5510	10.718795
5511	10.718795
5512	10.718795
5513	10.718795
5514	10.718795
5515	10.718795
5516	10.718795
5517	10.718795
5518	10.718795
5519	10.718795
5520	10.718795
5521	10.718795
5522	10.718795
5523	10.718795
5524	10.718795
5525	10.718795
5526	10.718795
5527	10.718795
5528	10.718795
5529	10.718795
5530	10.718795
5531	10.718795
5532	10.718795
5533	10.718795
5534	10.718795
5535	10.718795
5536	10.718795
5537	10.718795
5538	10.718795
5539	10.718795
5540	10.718795
5541	10.718795
5542	10.718795
5543	10.718795
5544	10.718795
5545	10.718795
5546	10.718795
5547	10.718795
5548	10.718795
5549	10.718795
5550	10.718795
5551	10.718795
5552	10.718795
5553	10.718795
5554	10.718795
5555	10.718795
5556	10.718795
5557	10.718795
5558	10.718795
5559	10.718795
5560	10.718795
5561	10.718795
5562	10.718795
5563	10.718795
5564	10.718795
5565	10.718795
5566	10.718795
5567	10.718795
5568	10.718795
5569	10.718795
5570	10.718795
5571	10.718795
5572	10.718795
5573	10.718795
5574	10.718795
5575	10.718795
5576	10.718795
5577	10.718795
5578	10.718795
5579	10.718795
5580	10.718795
5581	10.718795
5582	10.718795
5583	10.718795
5584	10.718795
5585	10.718795
5586	10.718795
5587	10.718795
5588	10.718795
5589	10.718795
5590	10.718795
5591	10.718795
5592	10.718795
5593	10.718795
5594	10.718795
5595	10.718795
5596	10.718795
5597	10.718795
5598	10.718795
5599	10.718795
5600	10.718795
5601	10.718795
5602	10.718795
5603	10.718795
5604	10.718795
5605	10.718795
5606	10.718795
5607	10.718795
5608	10.718795
5609	10.718795
5610	10.718795
5611	10.718795
5612	10.718795
5613	10.718795
5614	10.718795
5615	10.718795
5616	10.718795
5617	10.718795
5618	10.718795
5619	10.718795
5620	10.718795
5621	10.718795
5622	10.718795
5623	10.718795
5624	10.718795
5625	10.718795
5626	10.718795
5627	10.718795
5628	10.718795
5629	10.718795
5630	10.718795
5631	10.718795
5632	10.718795
5633	10.718795
5634	10.718795
5635	10.718795
5636	10.718795
5637	10.718795
5638	10.718795
5639	10.718795
5640	10.718795
5641	10.718795
5642	10.718795
5643	10.718795
5644	10.718795
5645	10.718795
5646	10.718795
5647	10.718795
5648	10.718795
5649	10.718795
5650	10.718795
5651	10.718795
5652	10.718795
5653	10.718795
5654	10.718795
5655	10.718795
5656	10.718795
5657	10.718795
5658	10.718795
5659	10.718795
5660	10.718795
5661	10.718795
5662	10.718795
5663	10.718795
5664	10.718795
5665	10.718795
5666	10.718795
5667	10.718795
5668	10.718795
5669	10.718795
5670	10.718795
5671	10.718795
5672	10.718795
5673	10.718795
5674	10.718795
5675	10.718795
5676	10.718795
5677	10.718795
5678	10.718795
5679	10.718795
5680	10.718795
5681	10.718795
5682	10.718795
5683	10.718795
5684	10.718795
5685	10.718795
5686	10.718795
5687	10.718795
5688	10.718795
5689	10.718795
5690	10.718795
5691	10.718795
5692	10.718795
5693	10.718795
5694	10.718795
5695	10.718795
5696	10.718795
5697	10.718795
5698	10.718795
5699	10.718795
5700	10.718795
5701	10.718795
5702	10.718795
5703	10.718795
5704	10.718795
5705	10.718795
5706	10.718795
5707	10.718795
5708	10.718795
5709	10.718795
5710	10.718795
5711	10.718795
5712	10.718795
5713	10.718795
5714	10.718795
5715	10.718795
5716	10.718795
5717	10.718795
5718	10.718795
5719	10.718795
5720	10.718795
5721	10.718795
5722	10.718795
5723	10.718795
5724	10.718795
5725	10.718795
5726	10.718795
5727	10.718795
5728	10.718795
5729	10.718795
5730	10.718795
5731	10.718795
5732	10.718795
5733	10.718795
5734	10.718795
5735	10.718795
5736	10.718795
5737	10.718795
5738	10.718795
5739	10.718795
5740	10.718795
5741	10.718795
5742	10.718795
5743	10.718795
5744	10.718795
5745	10.718795
5746	10.718795
5747	10.718795
5748	10.718795
5749	10.718795
5750	10.718795
5751	10.718795
5752	10.718795
5753	10.718795
5754	10.718795
5755	10.718795
5756	10.718795
5757	10.718795
5758	10.718795
5759	10.718795
5760	10.718795
5761	10.718795
5762	10.718795
5763	10.718795
5764	10.718795
5765	10.718795
5766	10.718795
5767	10.718795
5768	10.718795
5769	10.718795
5770	10.718795
5771	10.718795
5772	10.718795
5773	10.718795
5774	10.718795
5775	10.718795
5776	10.718795
5777	10.718795
5778	10.718795
5779	10.718795
5780	10.718795
5781	10.718795
5782	10.718795
5783	10.718795
5784	10.718795
5785	10.718795
5786	10.718795
5787	10.718795
5788	10.718795
5789	10.718795
5790	10.718795
5791	10.718795
5792	10.718795
5793	10.718795
5794	10.718795
5795	10.718795
5796	10.718795
5797	10.718795
5798	10.718795
5799	10.718795
5800	10.718795
5801	10.718795
5802	10.718795
5803	10.718795
5804	10.718795
5805	10.718795
5806	10.718795
5807	10.718795
5808	10.718795
5809	10.718795
5810	10.718795
5811	10.718795
5812	10.718795
5813	10.718795
5814	10.718795
5815	10.718795
5816	10.718795
5817	10.718795
5818	10.718795
5819	10.718795
5820	10.718795
5821	10.718795
5822	10.718795
5823	10.718795
5824	10.718795
5825	10.718795
5826	10.718795
5827	10.718795
5828	10.718795
5829	10.718795
5830	10.718795
5831	10.718795
5832	10.718795
5833	10.718795
5834	10.718795
5835	10.718795
5836	10.718795
5837	10.718795
5838	10.718795
5839	10.718795
5840	10.718795
5841	10.718795
5842	10.718795
5843	10.718795
5844	10.718795
5845	10.718795
5846	10.718795
5847	10.718795
5848	10.718795
5849	10.718795
5850	10.718795
5851	10.718795
5852	10.718795
5853	10.718795
5854	10.718795
5855	10.718795
5856	10.718795
5857	10.718795
5858	10.718795
5859	10.718795
5860	10.718795
5861	10.718795
5862	10.718795
5863	10.718795
5864	10.718795
5865	10.718795
5866	10.718795
5867	10.718795
5868	10.718795
5869	10.718795
5870	10.718795
5871	10.718795
5872	10.718795
5873	10.718795
5874	10.718795
5875	10.718795
5876	10.718795
5877	10.718795
5878	10.718795
5879	10.718795
5880	10.718795
5881	10.718795
5882	10.718795
5883	10.718795
5884	10.718795
5885	10.718795
5886	10.718795
5887	10.718795
5888	10.718795
5889	10.718795
5890	10.718795
5891	10.718795
5892	10.718795
5893	10.718795
5894	10.718795
5895	10.718795
5896	10.718795
5897	10.718795
5898	10.718795
5899	10.718795
5900	10.718795
5901	10.718795
5902	10.718795
5903	10.718795
5904	10.718795
5905	10.718795
5906	10.718795
5907	10.718795
5908	10.718795
5909	10.718795
5910	10.718795
5911	10.718795
5912	10.718795
5913	10.718795
5914	10.718795
5915	10.718795
5916	10.718795
5917	10.718795
5918	10.718795
5919	10.718795
5920	10.718795
5921	10.718795
5922	10.718795
5923	10.718795
5924	10.718795
5925	10.718795
5926	10.718795
5927	10.718795
5928	10.718795
5929	10.718795
5930	10.718795
5931	10.718795
5932	10.718795
5933	10.718795
5934	10.718795
5935	10.718795
5936	10.718795
5937	10.718795
5938	10.718795
5939	10.718795
5940	10.718795
5941	10.718795
5942	10.718795
5943	10.718795
5944	10.718795
5945	10.718795
5946	10.718795
5947	10.718795
5948	10.718795
5949	10.718795
5950	10.718795
5951	10.718795
5952	10.718795
5953	10.718795
5954	10.718795
