1	7.23707
2	7.279886
3	7.405604
4	7.414356
5	7.455455
6	7.327775
7	7.087215
8	7.089379
9	7.082455
10	7.155234
11	7.157395
12	7.170775
13	7.170775
14	7.296155
15	7.37387
16	7.389512
17	7.475948
18	7.728116
19	7.728116
20	7.732301
21	7.721361
22	7.721361
23	7.762777
24	7.763452
25	7.763452
26	7.763452
27	7.85652
28	7.865088
29	7.884723
30	7.968069
31	7.968683
32	7.968683
33	7.973776
34	7.981259
35	7.959205
36	7.959205
37	7.875931
38	7.909627
39	7.937252
40	7.993713
41	8.006538
42	8.006538
43	8.094528
44	8.094528
45	8.116964
46	8.150294
47	8.317734
48	8.397294
49	8.397294
50	8.174113
51	8.18926
52	8.1467
53	8.1467
54	8.180913
55	8.180913
56	8.223315
57	8.090791
58	8.090791
59	8.091917
60	8.462631
61	8.474567
62	8.474567
63	8.561577
64	8.55909
65	8.55909
66	8.58645
67	8.646447
68	8.646447
69	8.739183
70	8.739183
71	8.740603
72	8.740603
73	8.780319
74	8.809837
75	8.813277
76	8.822629
77	8.847743
78	8.834933
79	8.796389
80	8.796389
81	8.802437
82	8.802437
83	8.802437
84	8.802437
85	8.803055
86	8.896395
87	8.900661
88	8.900661
89	8.935285
90	8.935285
91	8.949133
92	9.159852
93	9.159852
94	9.159852
95	9.160289
96	9.249677
97	9.249677
98	9.339819
99	9.040998
100	9.087781
101	9.095429
102	9.095429
103	9.241229
104	9.255957
105	9.255957
106	9.255957
107	9.415417
108	9.415417
109	9.415417
110	9.415417
111	9.390706
112	9.421236
113	9.421236
114	9.421236
115	9.509784
116	9.509784
117	9.509784
118	9.527487
119	9.527487
120	9.641007
121	9.660132
122	9.660132
123	9.660132
124	9.660132
125	9.660132
126	9.665328
127	9.665328
128	9.665328
129	9.665328
130	9.665328
131	9.665328
132	9.665328
133	9.665328
134	9.667603
135	9.667603
136	9.667603
137	9.740947
138	9.610204
139	9.610204
140	9.629052
141	9.629052
142	9.697302
143	9.697302
144	9.703994
145	9.608107
146	9.608107
147	9.647887
148	9.647887
149	9.660004
150	9.720174
151	9.720174
152	9.720174
153	9.720174
154	9.720174
155	9.732744
156	9.853452
157	9.889476
158	9.889476
159	9.889476
160	9.831367
161	9.803763
162	9.803763
163	9.803763
164	9.803763
165	9.803825
166	9.803825
167	9.816209
168	9.876865
169	9.888009
170	9.905253
171	9.905253
172	9.907044
173	9.907044
174	9.907044
175	9.907044
176	9.907044
177	9.907044
178	9.907044
179	9.907044
180	9.953808
181	9.974737
182	9.991497
183	9.991497
184	9.991497
185	9.893641
186	9.893641
187	9.893641
188	9.910408
189	9.910408
190	9.910408
191	9.910408
192	9.855316
193	9.855316
194	9.855316
195	9.855316
196	9.855316
197	9.844946
198	9.844946
199	9.857805
200	9.857805
201	9.857805
202	9.857805
203	9.857805
204	9.857805
205	9.857805
206	9.857805
207	9.910169
208	9.941633
209	9.943316
210	9.943316
211	9.943316
212	9.964012
213	9.972668
214	9.972668
215	9.974344
216	9.974344
217	9.974344
218	9.974344
219	10.028273
220	10.067477
221	10.066511
222	10.066511
223	10.066511
224	10.066511
225	10.066511
226	10.066511
227	10.066511
228	10.066511
229	10.066511
230	9.962138
231	9.962138
232	9.962138
233	9.87992
234	9.863153
235	9.863153
236	9.863153
237	9.863153
238	9.863153
239	9.863153
240	9.938972
241	9.938972
242	9.938972
243	9.823312
244	9.823312
245	9.845202
246	9.845202
247	9.845202
248	9.845202
249	9.91003
250	10.025848
251	10.025848
252	10.025848
253	9.926594
254	9.926594
255	9.926594
256	9.926594
257	9.926594
258	9.926594
259	9.926594
260	10.015883
261	10.015883
262	9.766472
263	9.854648
264	9.854648
265	10.166848
266	10.166848
267	10.093417
268	10.093417
269	10.093417
270	10.046383
271	10.06315
272	10.06315
273	10.06315
274	10.06315
275	10.06315
276	10.06315
277	10.155685
278	10.155685
279	10.155685
280	10.155685
281	10.176304
282	10.087015
283	10.087015
284	10.087015
285	10.087015
286	10.087015
287	10.087015
288	10.087015
289	10.087015
290	10.087015
291	10.15114
292	10.15114
293	10.17418
294	10.17418
295	10.17418
296	10.17418
297	10.17418
298	9.982134
299	9.982134
300	9.982134
301	9.982134
302	9.982134
303	9.982134
304	10.031876
305	10.031876
306	10.031876
307	10.031876
308	10.141238
309	10.141238
310	10.141238
311	10.141238
312	10.141238
313	10.141238
314	10.16093
315	10.19835
316	10.19835
317	10.19835
318	10.19835
319	10.19835
320	10.19835
321	10.127938
322	10.127938
323	10.108246
324	10.127938
325	10.127938
326	10.058089
327	10.058089
328	10.058089
329	10.127938
330	10.127938
331	10.127938
332	10.256834
333	10.256834
334	10.256834
335	10.256834
336	10.103569
337	10.103569
338	10.103569
339	9.931
340	9.931
341	9.94933
342	9.94933
343	10.055058
344	9.993158
345	9.993158
346	9.800098
347	9.800098
348	9.800098
349	9.800098
350	9.903307
351	9.903307
352	10.096367
353	10.096367
354	10.229369
355	10.229369
356	10.229369
357	10.229369
358	10.229369
359	10.229369
360	10.200162
361	10.200162
362	10.200162
363	10.200162
364	10.200162
365	10.200162
366	10.200162
367	10.200162
368	10.022579
369	10.200162
370	10.200162
371	10.200162
372	10.187625
373	10.187625
374	9.934841
375	9.934841
376	9.953605
377	9.958828
378	10.072632
379	10.072632
380	10.072632
381	10.147406
382	10.147406
383	10.147406
384	10.147406
385	10.147406
386	10.147406
387	10.072632
388	10.072632
389	10.072632
390	10.072632
391	10.072632
392	10.072632
393	10.055865
394	10.055865
395	10.055865
396	10.072632
397	10.072632
398	10.147406
399	10.147406
400	10.193375
401	10.193375
402	10.193375
403	10.193375
404	10.193375
405	10.079571
406	10.122953
407	10.147662
408	10.261466
409	10.261466
410	10.261466
411	10.244699
412	10.244699
413	10.244699
414	10.244699
415	10.244699
416	10.306401
417	10.318341
418	10.318341
419	10.318341
420	10.318341
421	10.204537
422	10.204537
423	10.318341
424	10.318341
425	10.318341
426	10.291156
427	10.291156
428	10.307923
429	10.332403
430	10.332403
431	10.332403
432	10.353189
433	10.336422
434	10.336422
435	10.336422
436	10.336422
437	10.336422
438	10.336422
439	10.336422
440	10.336422
441	10.353189
442	10.353189
443	10.353189
444	10.331498
445	10.331498
446	10.331498
447	10.50836
448	10.50836
449	10.50836
450	10.50836
451	10.491593
452	10.491593
453	10.491593
454	10.491593
455	10.491593
456	10.491593
457	10.50836
458	10.50836
459	10.50836
460	10.50836
461	10.50836
462	10.50836
463	10.50836
464	10.50836
465	10.491593
466	10.491593
467	10.491593
468	10.491593
469	10.491593
470	10.50836
471	10.50836
472	10.50836
473	10.50836
474	10.50836
475	10.50836
476	10.50836
477	10.50836
478	10.50836
479	10.50836
480	10.447267
481	10.447267
482	10.447267
483	10.481296
484	10.481296
485	10.481296
486	10.481296
487	10.481296
488	10.481296
489	10.481296
490	10.481296
491	10.481296
492	10.481296
493	10.481296
494	10.481296
495	10.481296
496	10.481296
497	10.407232
498	10.407232
499	10.407232
500	10.407232
501	10.407232
502	10.407232
503	10.407232
504	10.407232
505	10.407232
506	10.407232
507	10.407232
508	10.407232
509	10.407232
510	10.407232
511	10.407232
512	10.370019
513	10.370019
514	10.3738
515	10.3738
516	10.3738
517	10.3738
518	10.3738
519	10.3738
520	10.341637
521	10.341637
522	10.257297
523	10.257297
524	10.257297
525	10.341637
526	10.341637
527	10.341637
528	10.245016
529	10.245016
530	10.254196
531	10.254196
532	10.254196
533	10.254196
534	10.254196
535	10.254196
536	10.254196
537	10.254196
538	10.254196
539	10.254196
540	10.254196
541	10.254196
542	10.262502
543	10.262502
544	10.262502
545	10.262502
546	10.262502
547	10.262502
548	10.262502
549	10.262502
550	10.262502
551	10.262502
552	10.262502
553	10.262502
554	10.262502
555	10.262502
556	10.262502
557	10.262502
558	10.241716
559	10.241716
560	10.241716
561	10.241716
562	10.241716
563	10.241716
564	10.224949
565	10.224949
566	10.220314
567	10.220314
568	10.220314
569	10.220314
570	10.220314
571	10.220314
572	10.220314
573	10.237081
574	10.335534
575	10.335534
576	10.335534
577	10.335534
578	10.335534
579	10.361512
580	10.361512
581	10.361512
582	10.361512
583	10.361512
584	10.361512
585	10.361512
586	10.361512
587	10.361512
588	10.361512
589	10.361512
590	10.361512
591	10.361512
592	10.361512
593	10.361512
594	10.361512
595	10.361512
596	10.344745
597	10.344745
598	10.344745
599	10.344745
600	10.344745
601	10.344745
602	10.344745
603	10.344745
604	10.344745
605	10.344745
606	10.344745
607	10.356253
608	10.356253
609	10.356253
610	10.356253
611	10.356253
612	10.363381
613	10.363381
614	10.363381
615	10.363381
616	10.363381
617	10.363381
618	10.363381
619	10.363381
620	10.363381
621	10.363381
622	10.366565
623	10.366565
624	10.366565
625	10.366565
626	10.366565
627	10.366565
628	10.385868
629	10.385868
630	10.385868
631	10.385868
632	10.385868
633	10.385868
634	10.385868
635	10.373473
636	10.373473
637	10.373473
638	10.373473
639	10.373473
640	10.373473
641	10.354695
642	10.354695
643	10.371462
644	10.371462
645	10.371462
646	10.371462
647	10.371462
648	10.371462
649	10.371462
650	10.371462
651	10.354695
652	10.354695
653	10.354695
654	10.354695
655	10.354695
656	10.354695
657	10.354695
658	10.387928
659	10.404695
660	10.404695
661	10.404695
662	10.404695
663	10.404695
664	10.404695
665	10.404695
666	10.345457
667	10.345457
668	10.345457
669	10.345457
670	10.345457
671	10.345457
672	10.345457
673	10.345457
674	10.345457
675	10.314646
676	10.314646
677	10.314646
678	10.314646
679	10.297879
680	10.297879
681	10.297879
682	10.263284
683	10.263284
684	10.263284
685	10.259503
686	10.259503
687	10.259503
688	10.259503
689	10.259503
690	10.259503
691	10.259503
692	10.27627
693	10.27627
694	10.27627
695	10.27627
696	10.27627
697	10.27627
698	10.27627
699	10.27627
700	10.27627
701	10.259503
702	10.259503
703	10.259503
704	10.259503
705	10.259503
706	10.259503
707	10.259503
708	10.259503
709	10.259503
710	10.259503
711	10.259503
712	10.259503
713	10.259503
714	10.259503
715	10.259503
716	10.259503
717	10.259503
718	10.259503
719	10.259503
720	10.259503
721	10.259503
722	10.259503
723	10.259503
724	10.259503
725	10.259503
726	10.36955
727	10.36955
728	10.36955
729	10.36955
730	10.36955
731	10.36955
732	10.386317
733	10.386317
734	10.386317
735	10.386317
736	10.386317
737	10.386317
738	10.386317
739	10.386317
740	10.386317
741	10.386317
742	10.386317
743	10.386317
744	10.386317
745	10.386317
746	10.386317
747	10.323867
748	10.323867
749	10.323867
750	10.330052
751	10.325078
752	10.325078
753	10.325078
754	10.325078
755	10.325078
756	10.325078
757	10.325078
758	10.325078
759	10.325078
760	10.325078
761	10.325078
762	10.325078
763	10.316772
764	10.316772
765	10.316772
766	10.316772
767	10.316772
768	10.316772
769	10.316772
770	10.316772
771	10.316772
772	10.316772
773	10.316772
774	10.316772
775	10.300005
776	10.300005
777	10.300005
778	10.300005
779	10.300005
780	10.300005
781	10.300005
782	10.300005
783	10.300005
784	10.300005
785	10.303786
786	10.303786
787	10.303786
788	10.303786
789	10.303786
790	10.303786
791	10.303786
792	10.303786
793	10.303786
794	10.303786
795	10.303786
796	10.303786
797	10.303786
798	10.303786
799	10.303786
800	10.303786
801	10.303786
802	10.303786
803	10.303786
804	10.303786
805	10.303786
806	10.270155
807	10.270155
808	10.270155
809	10.270155
810	10.270155
811	10.270155
812	10.270155
813	10.270155
814	10.270155
815	10.286922
816	10.286922
817	10.374283
818	10.374283
819	10.374283
820	10.374283
821	10.374283
822	10.374283
823	10.374283
824	10.374283
825	10.374283
826	10.374283
827	10.374283
828	10.374283
829	10.374283
830	10.374283
831	10.374283
832	10.374283
833	10.374283
834	10.374283
835	10.374283
836	10.374283
837	10.374283
838	10.374283
839	10.374283
840	10.374283
841	10.374283
842	10.374283
843	10.374283
844	10.374283
845	10.374283
846	10.374283
847	10.362343
848	10.362343
849	10.362343
850	10.362343
851	10.362343
852	10.362343
853	10.362343
854	10.362343
855	10.371941
856	10.371941
857	10.371941
858	10.371941
859	10.348413
860	10.348413
861	10.358799
862	10.358799
863	10.358799
864	10.358799
865	10.358799
866	10.358799
867	10.358799
868	10.358799
869	10.358799
870	10.358799
871	10.358799
872	10.358799
873	10.358799
874	10.358799
875	10.358799
876	10.342032
877	10.358799
878	10.342032
879	10.342032
880	10.358799
881	10.358799
882	10.342032
883	10.358799
884	10.358799
885	10.358799
886	10.358799
887	10.358799
888	10.358799
889	10.358799
890	10.358799
891	10.358799
892	10.358799
893	10.348413
894	10.348413
895	10.348413
896	10.348413
897	10.348413
898	10.350847
899	10.350847
900	10.350847
901	10.350847
902	10.350847
903	10.33408
904	10.33408
905	10.33408
906	10.33408
907	10.33408
908	10.33408
909	10.33408
910	10.33408
911	10.33408
912	10.33408
913	10.33408
914	10.33408
915	10.33408
916	10.33408
917	10.333763
918	10.333763
919	10.333763
920	10.35053
921	10.35053
922	10.35053
923	10.35053
924	10.35053
925	10.359703
926	10.359703
927	10.359703
928	10.359703
929	10.359703
930	10.35053
931	10.35053
932	10.35053
933	10.35053
934	10.35053
935	10.35053
936	10.35053
937	10.35053
938	10.35053
939	10.35053
940	10.35053
941	10.35053
942	10.35971
943	10.35971
944	10.35971
945	10.35971
946	10.322942
947	10.322942
948	10.322942
949	10.322942
950	10.322942
951	10.322942
952	10.344036
953	10.344036
954	10.344036
955	10.344036
956	10.344036
957	10.344036
958	10.344036
959	10.336194
960	10.336194
961	10.336194
962	10.336194
963	10.336194
964	10.336194
965	10.336194
966	10.336194
967	10.336194
968	10.336194
969	10.336194
970	10.336194
971	10.336194
972	10.336194
973	10.336194
974	10.336194
975	10.336194
976	10.336194
977	10.327014
978	10.410543
979	10.410543
980	10.410543
981	10.410543
982	10.410543
983	10.410543
984	10.410543
985	10.410543
986	10.370942
987	10.384367
988	10.384367
989	10.384367
990	10.396307
991	10.396307
992	10.396307
993	10.396307
994	10.396307
995	10.396307
996	10.396307
997	10.396307
998	10.396307
999	10.396307
1000	10.396307
1001	10.396307
1002	10.396307
1003	10.396307
1004	10.396307
1005	10.396307
1006	10.377402
1007	10.377402
1008	10.377402
1009	10.377402
1010	10.377402
1011	10.377402
1012	10.377402
1013	10.377402
1014	10.377402
1015	10.377402
1016	10.377402
1017	10.377402
1018	10.377402
1019	10.378116
1020	10.378116
1021	10.378116
1022	10.378116
1023	10.378116
1024	10.378116
1025	10.378116
1026	10.378116
1027	10.378116
1028	10.378116
1029	10.378116
1030	10.378116
1031	10.378116
1032	10.378116
1033	10.378116
1034	10.378116
1035	10.378116
1036	10.378116
1037	10.378116
1038	10.378116
1039	10.378116
1040	10.378116
1041	10.378116
1042	10.378116
1043	10.378116
1044	10.378116
1045	10.378116
1046	10.378116
1047	10.417717
1048	10.417717
1049	10.417717
1050	10.414263
1051	10.414263
1052	10.414263
1053	10.414263
1054	10.414263
1055	10.414263
1056	10.414263
1057	10.414263
1058	10.414263
1059	10.414263
1060	10.414263
1061	10.414263
1062	10.414263
1063	10.414263
1064	10.414263
1065	10.414263
1066	10.417693
1067	10.417693
1068	10.431597
1069	10.431597
1070	10.431597
1071	10.431597
1072	10.431597
1073	10.431597
1074	10.431597
1075	10.431597
1076	10.431597
1077	10.431597
1078	10.431597
1079	10.431597
1080	10.431597
1081	10.431597
1082	10.431597
1083	10.431597
1084	10.400951
1085	10.400951
1086	10.400951
1087	10.400951
1088	10.400951
1089	10.380653
1090	10.380653
1091	10.380653
1092	10.380653
1093	10.38097
1094	10.38097
1095	10.38097
1096	10.38097
1097	10.38097
1098	10.38097
1099	10.38097
1100	10.38097
1101	10.39015
1102	10.39015
1103	10.39015
1104	10.39015
1105	10.39015
1106	10.39015
1107	10.39015
1108	10.370847
1109	10.370847
1110	10.370847
1111	10.370847
1112	10.370847
1113	10.370847
1114	10.370847
1115	10.370847
1116	10.386995
1117	10.386995
1118	10.386995
1119	10.386995
1120	10.386995
1121	10.386995
1122	10.386995
1123	10.386995
1124	10.397961
1125	10.397961
1126	10.397961
1127	10.397961
1128	10.397961
1129	10.397961
1130	10.397961
1131	10.406267
1132	10.406267
1133	10.406267
1134	10.406267
1135	10.503113
1136	10.503113
1137	10.503113
1138	10.503113
1139	10.503113
1140	10.503113
1141	10.503113
1142	10.503113
1143	10.503113
1144	10.503113
1145	10.503113
1146	10.503113
1147	10.503113
1148	10.503113
1149	10.503113
1150	10.503113
1151	10.503113
1152	10.503113
1153	10.503113
1154	10.503113
1155	10.503113
1156	10.503113
1157	10.503113
1158	10.503113
1159	10.503113
1160	10.492663
1161	10.492663
1162	10.492663
1163	10.492663
1164	10.492663
1165	10.492663
1166	10.492663
1167	10.492663
1168	10.492663
1169	10.492663
1170	10.492663
1171	10.492663
1172	10.492663
1173	10.508355
1174	10.508355
1175	10.508355
1176	10.508355
1177	10.508355
1178	10.508355
1179	10.508355
1180	10.508355
1181	10.508355
1182	10.508355
1183	10.508355
1184	10.508355
1185	10.508355
1186	10.508355
1187	10.508355
1188	10.508355
1189	10.508355
1190	10.508355
1191	10.508355
1192	10.508355
1193	10.508355
1194	10.508355
1195	10.508355
1196	10.508355
1197	10.508355
1198	10.508355
1199	10.508355
1200	10.508355
1201	10.508355
1202	10.508355
1203	10.508355
1204	10.508355
1205	10.508355
1206	10.508355
1207	10.508355
1208	10.508355
1209	10.508355
1210	10.508355
1211	10.508355
1212	10.508355
1213	10.508355
1214	10.508355
1215	10.508355
1216	10.508355
1217	10.508355
1218	10.508355
1219	10.508355
1220	10.508355
1221	10.508355
1222	10.508355
1223	10.508355
1224	10.508355
1225	10.508355
1226	10.508355
1227	10.508355
1228	10.508355
1229	10.508355
1230	10.546961
1231	10.546961
1232	10.546961
1233	10.546961
1234	10.546961
1235	10.546961
1236	10.546961
1237	10.546961
1238	10.546961
1239	10.546961
1240	10.546961
1241	10.546961
1242	10.546961
1243	10.546961
1244	10.546961
1245	10.546961
1246	10.546961
1247	10.546961
1248	10.546961
1249	10.546961
1250	10.546961
1251	10.546961
1252	10.546961
1253	10.546961
1254	10.546961
1255	10.546961
1256	10.546961
1257	10.546961
1258	10.546961
1259	10.546961
1260	10.546961
1261	10.546961
1262	10.546961
1263	10.546961
1264	10.546961
1265	10.546961
1266	10.546961
1267	10.586562
1268	10.586562
1269	10.586562
1270	10.586562
1271	10.586562
1272	10.586562
1273	10.586562
1274	10.586562
1275	10.586562
1276	10.586562
1277	10.586562
1278	10.586562
1279	10.586562
1280	10.586562
1281	10.586562
1282	10.586562
1283	10.586562
1284	10.586562
1285	10.586562
1286	10.586562
1287	10.586562
1288	10.586562
1289	10.586562
1290	10.595318
1291	10.595318
1292	10.595318
1293	10.595318
1294	10.595318
1295	10.595318
1296	10.595318
1297	10.595318
1298	10.595318
1299	10.595318
1300	10.595318
1301	10.595318
1302	10.595318
1303	10.628047
1304	10.628047
1305	10.628047
1306	10.628047
1307	10.628047
1308	10.628047
1309	10.6438
1310	10.6438
1311	10.6438
1312	10.6438
1313	10.6438
1314	10.6438
1315	10.6438
1316	10.6438
1317	10.6438
1318	10.6438
1319	10.6438
1320	10.6438
1321	10.6438
1322	10.6438
1323	10.6438
1324	10.6438
1325	10.6438
1326	10.6438
1327	10.6438
1328	10.6438
1329	10.6438
1330	10.6438
1331	10.6438
1332	10.6438
1333	10.6438
1334	10.6438
1335	10.6438
1336	10.6438
1337	10.6438
1338	10.6438
1339	10.6438
1340	10.6438
1341	10.6438
1342	10.6438
1343	10.6438
1344	10.6438
1345	10.6438
1346	10.6438
1347	10.6438
1348	10.6438
1349	10.6438
1350	10.6438
1351	10.6438
1352	10.6438
1353	10.6438
1354	10.6438
1355	10.6438
1356	10.6438
1357	10.6438
1358	10.6438
1359	10.64037
1360	10.64037
1361	10.64037
1362	10.64037
1363	10.64037
1364	10.64037
1365	10.64037
1366	10.64037
1367	10.649723
1368	10.649723
1369	10.649723
1370	10.649723
1371	10.649723
1372	10.649723
1373	10.649723
1374	10.649723
1375	10.649723
1376	10.649723
1377	10.649723
1378	10.649723
1379	10.649723
1380	10.649723
1381	10.649723
1382	10.649723
1383	10.649723
1384	10.649723
1385	10.649723
1386	10.649723
1387	10.649723
1388	10.649723
1389	10.649723
1390	10.649723
1391	10.649723
1392	10.649723
1393	10.649723
1394	10.649723
1395	10.649723
1396	10.649723
1397	10.649723
1398	10.649723
1399	10.649723
1400	10.649723
1401	10.649723
1402	10.649723
1403	10.649723
1404	10.649723
1405	10.649723
1406	10.649723
1407	10.649723
1408	10.649723
1409	10.649723
1410	10.649723
1411	10.649723
1412	10.649723
1413	10.655493
1414	10.655493
1415	10.655493
1416	10.655493
1417	10.655493
1418	10.655493
1419	10.655493
1420	10.655493
1421	10.647187
1422	10.647187
1423	10.647187
1424	10.647187
1425	10.647187
1426	10.647187
1427	10.647187
1428	10.647187
1429	10.647187
1430	10.647187
1431	10.647187
1432	10.647187
1433	10.647187
1434	10.647187
1435	10.647187
1436	10.647187
1437	10.647187
1438	10.647187
1439	10.647187
1440	10.647187
1441	10.647187
1442	10.647187
1443	10.647187
1444	10.647187
1445	10.647187
1446	10.647187
1447	10.647187
1448	10.647187
1449	10.647187
1450	10.647187
1451	10.647187
1452	10.647187
1453	10.647187
1454	10.647187
1455	10.647187
1456	10.647187
1457	10.647187
1458	10.647187
1459	10.647187
1460	10.647187
1461	10.647187
1462	10.647187
1463	10.647187
1464	10.647187
1465	10.647187
1466	10.647187
1467	10.647187
1468	10.647187
1469	10.647187
1470	10.647187
1471	10.647187
1472	10.647187
1473	10.647187
1474	10.647187
1475	10.647187
1476	10.647187
1477	10.647187
1478	10.647187
1479	10.655493
1480	10.655493
1481	10.655493
1482	10.655493
1483	10.655493
1484	10.655493
1485	10.655493
1486	10.655493
1487	10.655493
1488	10.655493
1489	10.655493
1490	10.655493
1491	10.655493
1492	10.655493
1493	10.655493
1494	10.655493
1495	10.655493
1496	10.655493
1497	10.655493
1498	10.655493
1499	10.655493
1500	10.655493
1501	10.655493
1502	10.655493
1503	10.655493
1504	10.655493
1505	10.655493
1506	10.655493
1507	10.655493
1508	10.655493
1509	10.655493
1510	10.655493
1511	10.655493
1512	10.655493
1513	10.655493
1514	10.655493
1515	10.655493
1516	10.655493
1517	10.655493
1518	10.655493
1519	10.655493
1520	10.655493
1521	10.655493
1522	10.655493
1523	10.655493
1524	10.655493
1525	10.655493
1526	10.655493
1527	10.655493
1528	10.655493
1529	10.655493
1530	10.655493
1531	10.655493
1532	10.655493
1533	10.655493
1534	10.655493
1535	10.655493
1536	10.655493
1537	10.655493
1538	10.655493
1539	10.655493
1540	10.655493
1541	10.655493
1542	10.655493
1543	10.655493
1544	10.655493
1545	10.655493
1546	10.655493
1547	10.655493
1548	10.655493
1549	10.655493
1550	10.655493
1551	10.655493
1552	10.655493
1553	10.655493
1554	10.655493
1555	10.670419
1556	10.670419
1557	10.670419
1558	10.670419
1559	10.670419
1560	10.670419
1561	10.670419
1562	10.670419
1563	10.670419
1564	10.670419
1565	10.670419
1566	10.670419
1567	10.670419
1568	10.670419
1569	10.670419
1570	10.670419
1571	10.670419
1572	10.670419
1573	10.670419
1574	10.670419
1575	10.670419
1576	10.670419
1577	10.670419
1578	10.670419
1579	10.670419
1580	10.670419
1581	10.670419
1582	10.670419
1583	10.670419
1584	10.670419
1585	10.670419
1586	10.670419
1587	10.670419
1588	10.670419
1589	10.670419
1590	10.670419
1591	10.670419
1592	10.670419
1593	10.670419
1594	10.670419
1595	10.670419
1596	10.670419
1597	10.670419
1598	10.670419
1599	10.670419
1600	10.670419
1601	10.670419
1602	10.670419
1603	10.670419
1604	10.670419
1605	10.670419
1606	10.670419
1607	10.670419
1608	10.670419
1609	10.670419
1610	10.670419
1611	10.670419
1612	10.670419
1613	10.670419
1614	10.670419
1615	10.670419
1616	10.670419
1617	10.670419
1618	10.670419
1619	10.670419
1620	10.670419
1621	10.670419
1622	10.670419
1623	10.670419
1624	10.670419
1625	10.670419
1626	10.670419
1627	10.670419
1628	10.670419
1629	10.670419
1630	10.670419
1631	10.670419
1632	10.670419
1633	10.670419
1634	10.670419
1635	10.670419
1636	10.670419
1637	10.670419
1638	10.670419
1639	10.670419
1640	10.670419
1641	10.670419
1642	10.670419
1643	10.670419
1644	10.670419
1645	10.670419
1646	10.670419
1647	10.670419
1648	10.670419
1649	10.670419
1650	10.670419
1651	10.670419
1652	10.670419
1653	10.670419
1654	10.670419
1655	10.670419
1656	10.670419
1657	10.670419
1658	10.670419
1659	10.670419
1660	10.670419
1661	10.670419
1662	10.670419
1663	10.670419
1664	10.670419
1665	10.670419
1666	10.670419
1667	10.670419
1668	10.670419
1669	10.670419
1670	10.670419
1671	10.670419
1672	10.670419
1673	10.670419
1674	10.670419
1675	10.670419
1676	10.670419
1677	10.670419
1678	10.670419
1679	10.670419
1680	10.670419
1681	10.674399
1682	10.674399
1683	10.674399
1684	10.674399
1685	10.674399
1686	10.674399
1687	10.674399
1688	10.674399
1689	10.674399
1690	10.674399
1691	10.674399
1692	10.674399
1693	10.674399
1694	10.674399
1695	10.674399
1696	10.674399
1697	10.674399
1698	10.674399
1699	10.674399
1700	10.674399
1701	10.674399
1702	10.674399
1703	10.674399
1704	10.674399
1705	10.674399
1706	10.674399
1707	10.674399
1708	10.674399
1709	10.674399
1710	10.674399
1711	10.674399
1712	10.674399
1713	10.674399
1714	10.674399
1715	10.674399
1716	10.674399
1717	10.674399
1718	10.674399
1719	10.674399
1720	10.674399
1721	10.674399
1722	10.674399
1723	10.674399
1724	10.674399
1725	10.674399
1726	10.674399
1727	10.674399
1728	10.674399
1729	10.674399
1730	10.674399
1731	10.674399
1732	10.674399
1733	10.674399
1734	10.674399
1735	10.674399
1736	10.674399
1737	10.674399
1738	10.674399
1739	10.674399
1740	10.674399
1741	10.674399
1742	10.674399
1743	10.674399
1744	10.674399
1745	10.674399
1746	10.674399
1747	10.674399
1748	10.674399
1749	10.674399
1750	10.674399
1751	10.674399
1752	10.674399
1753	10.674399
1754	10.674399
1755	10.674399
1756	10.674399
1757	10.674399
1758	10.674399
1759	10.674399
1760	10.674399
1761	10.674399
1762	10.674399
1763	10.674399
1764	10.674399
1765	10.674399
1766	10.674399
1767	10.674399
1768	10.670419
1769	10.670419
1770	10.670419
1771	10.670419
1772	10.670419
1773	10.670419
1774	10.670419
1775	10.670419
1776	10.670419
1777	10.670419
1778	10.670419
1779	10.670419
1780	10.661663
1781	10.661663
1782	10.661663
1783	10.661663
1784	10.661663
1785	10.661663
1786	10.661663
1787	10.661663
1788	10.661663
1789	10.661663
1790	10.661663
1791	10.661663
1792	10.661663
1793	10.661663
1794	10.661663
1795	10.661663
1796	10.661663
1797	10.661663
1798	10.661663
1799	10.661663
1800	10.661663
1801	10.661663
1802	10.661663
1803	10.661663
1804	10.661663
1805	10.661663
1806	10.661663
1807	10.661663
1808	10.661663
1809	10.661663
1810	10.661663
1811	10.661663
1812	10.661663
1813	10.661663
1814	10.661663
1815	10.661663
1816	10.661663
1817	10.661663
1818	10.661663
1819	10.661663
1820	10.661663
1821	10.661663
1822	10.661663
1823	10.661663
1824	10.661663
1825	10.661663
1826	10.661663
1827	10.661663
1828	10.661663
1829	10.661663
1830	10.661663
1831	10.661663
1832	10.661663
1833	10.661663
1834	10.661663
1835	10.661663
1836	10.661663
1837	10.661663
1838	10.661663
1839	10.661663
1840	10.661663
1841	10.661663
1842	10.661663
1843	10.661663
1844	10.661663
1845	10.661663
1846	10.661663
1847	10.661663
1848	10.661663
1849	10.661663
1850	10.661663
1851	10.661663
1852	10.661663
1853	10.661663
1854	10.661663
1855	10.661663
1856	10.661663
1857	10.661663
1858	10.661663
1859	10.661663
1860	10.661663
1861	10.661663
1862	10.661663
1863	10.661663
1864	10.661663
1865	10.661663
1866	10.661663
1867	10.661663
1868	10.661663
1869	10.661663
1870	10.661663
1871	10.661663
1872	10.661663
1873	10.661663
1874	10.661663
1875	10.661663
1876	10.661663
1877	10.661663
1878	10.661663
1879	10.661663
1880	10.661663
1881	10.661663
1882	10.661663
1883	10.661663
1884	10.661663
1885	10.661663
1886	10.661663
1887	10.661663
1888	10.661663
1889	10.661663
1890	10.661663
1891	10.661663
1892	10.661663
1893	10.661663
1894	10.661663
1895	10.661663
1896	10.661663
1897	10.661663
1898	10.661663
1899	10.661663
1900	10.661663
1901	10.661663
1902	10.661663
1903	10.661663
1904	10.661663
1905	10.661663
1906	10.661663
1907	10.661663
1908	10.661663
1909	10.661663
1910	10.661663
1911	10.661663
1912	10.661663
1913	10.661663
1914	10.661663
1915	10.661663
1916	10.661663
1917	10.661663
1918	10.661663
1919	10.661663
1920	10.661663
1921	10.661663
1922	10.661663
1923	10.661663
1924	10.661663
1925	10.661663
1926	10.661663
1927	10.661663
1928	10.661663
1929	10.661663
1930	10.661663
1931	10.661663
1932	10.661663
1933	10.661663
1934	10.661663
1935	10.661663
1936	10.661663
1937	10.661663
1938	10.661663
1939	10.661663
1940	10.661663
1941	10.661663
1942	10.661663
1943	10.661663
1944	10.661663
1945	10.661663
1946	10.661663
1947	10.661663
1948	10.661663
1949	10.661663
1950	10.661663
1951	10.661663
1952	10.661663
1953	10.661663
1954	10.661663
1955	10.661663
1956	10.661663
1957	10.661663
1958	10.661663
1959	10.661663
1960	10.661663
1961	10.661663
1962	10.661663
1963	10.661663
1964	10.661663
1965	10.661663
1966	10.661663
1967	10.661663
1968	10.661663
1969	10.661663
1970	10.661663
1971	10.661663
1972	10.661663
1973	10.661663
1974	10.661663
1975	10.661663
1976	10.661663
1977	10.661663
1978	10.661663
1979	10.661663
1980	10.661663
1981	10.661663
1982	10.661663
1983	10.661663
1984	10.661663
1985	10.661663
1986	10.661663
1987	10.661663
1988	10.661663
1989	10.661663
1990	10.661663
1991	10.661663
1992	10.661663
1993	10.661663
1994	10.661663
1995	10.661663
1996	10.661663
1997	10.661663
1998	10.661663
1999	10.661663
2000	10.661663
2001	10.661663
2002	10.661663
2003	10.661663
2004	10.661663
2005	10.661663
2006	10.661663
2007	10.661663
2008	10.661663
2009	10.661663
2010	10.661663
2011	10.661663
2012	10.661663
2013	10.661663
2014	10.661663
2015	10.661663
2016	10.661663
2017	10.661663
2018	10.661663
2019	10.661663
2020	10.661663
2021	10.661663
2022	10.661663
2023	10.661663
2024	10.661663
2025	10.661663
2026	10.661663
2027	10.661663
2028	10.661663
2029	10.661663
2030	10.661663
2031	10.661663
2032	10.661663
2033	10.661663
2034	10.661663
2035	10.661663
2036	10.661663
2037	10.661663
2038	10.661663
2039	10.661663
2040	10.661663
2041	10.661663
2042	10.661663
2043	10.661663
2044	10.661663
2045	10.661663
2046	10.670419
2047	10.670419
2048	10.670419
2049	10.670419
2050	10.670419
2051	10.670419
2052	10.670419
2053	10.670419
2054	10.670419
2055	10.670419
2056	10.670419
2057	10.670419
2058	10.670419
2059	10.670419
2060	10.670419
2061	10.670419
2062	10.670419
2063	10.670419
2064	10.670419
2065	10.670419
2066	10.670419
2067	10.670419
2068	10.670419
2069	10.670419
2070	10.670419
2071	10.670419
2072	10.670419
2073	10.670419
2074	10.670419
2075	10.670419
2076	10.670419
2077	10.670419
2078	10.670419
2079	10.670419
2080	10.670419
2081	10.670419
2082	10.670419
2083	10.670419
2084	10.670419
2085	10.670419
2086	10.670419
2087	10.670419
2088	10.670419
2089	10.670419
2090	10.670419
2091	10.670419
2092	10.670419
2093	10.670419
2094	10.670419
2095	10.670419
2096	10.670419
2097	10.670419
2098	10.670419
2099	10.670419
2100	10.670419
2101	10.670419
2102	10.670419
2103	10.670419
2104	10.670419
2105	10.670419
2106	10.670419
2107	10.670419
2108	10.670419
2109	10.670419
2110	10.670419
2111	10.670419
2112	10.670419
2113	10.670419
2114	10.670419
2115	10.670419
2116	10.670419
2117	10.670419
2118	10.670419
2119	10.670419
2120	10.670419
2121	10.670419
2122	10.670419
2123	10.670419
2124	10.670419
2125	10.670419
2126	10.670419
2127	10.670419
2128	10.670419
2129	10.670419
2130	10.670419
2131	10.670419
2132	10.670419
2133	10.670419
2134	10.670419
2135	10.670419
2136	10.670419
2137	10.670419
2138	10.670419
2139	10.670419
2140	10.670419
2141	10.670419
2142	10.670419
2143	10.670419
2144	10.670419
2145	10.670419
2146	10.670419
2147	10.670419
2148	10.670419
2149	10.670419
2150	10.670419
2151	10.670419
2152	10.670419
2153	10.670419
2154	10.670419
2155	10.670419
2156	10.670419
2157	10.670419
2158	10.670419
2159	10.670419
2160	10.670419
2161	10.670419
2162	10.670419
2163	10.670419
2164	10.670419
2165	10.670419
2166	10.670419
2167	10.670419
2168	10.670419
2169	10.670419
2170	10.670419
2171	10.670419
2172	10.670419
2173	10.670419
2174	10.670419
2175	10.670419
2176	10.670419
2177	10.670419
2178	10.670419
2179	10.670419
2180	10.670419
2181	10.670419
2182	10.670419
2183	10.670419
2184	10.670419
2185	10.670419
2186	10.670419
2187	10.670419
2188	10.670419
2189	10.670419
2190	10.670419
2191	10.670419
2192	10.670419
2193	10.670419
2194	10.670419
2195	10.670419
2196	10.670419
2197	10.670419
2198	10.670419
2199	10.670419
2200	10.670419
2201	10.670419
2202	10.670419
2203	10.670419
2204	10.670419
2205	10.670419
2206	10.670419
2207	10.670419
2208	10.670419
2209	10.670419
2210	10.670419
2211	10.670419
2212	10.670419
2213	10.670419
2214	10.670419
2215	10.670419
2216	10.670419
2217	10.670419
2218	10.670419
2219	10.670419
2220	10.670419
2221	10.670419
2222	10.670419
2223	10.670419
2224	10.670419
2225	10.670419
2226	10.670419
2227	10.670419
2228	10.670419
2229	10.670419
2230	10.670419
2231	10.670419
2232	10.670419
2233	10.670419
2234	10.670419
2235	10.670419
2236	10.670419
2237	10.670419
2238	10.670419
2239	10.670419
2240	10.670419
2241	10.670419
2242	10.670419
2243	10.670419
2244	10.670419
2245	10.670419
2246	10.670419
2247	10.670419
2248	10.670419
2249	10.670419
2250	10.670419
2251	10.670419
2252	10.670419
2253	10.670419
2254	10.670419
2255	10.670419
2256	10.670419
2257	10.670419
2258	10.670419
2259	10.670419
2260	10.670419
2261	10.670419
2262	10.670419
2263	10.670419
2264	10.670419
2265	10.670419
2266	10.670419
2267	10.670419
2268	10.670419
2269	10.670419
2270	10.670419
2271	10.670419
2272	10.670419
2273	10.670419
2274	10.670419
2275	10.670419
2276	10.670419
2277	10.670419
2278	10.670419
2279	10.670419
2280	10.670419
2281	10.670419
2282	10.670419
2283	10.670419
2284	10.670419
2285	10.670419
2286	10.670419
2287	10.670419
2288	10.670419
2289	10.670419
2290	10.670419
2291	10.670419
2292	10.670419
2293	10.670419
2294	10.670419
2295	10.670419
2296	10.670419
2297	10.670419
2298	10.670419
2299	10.670419
2300	10.670419
2301	10.670419
2302	10.670419
2303	10.670419
2304	10.670419
2305	10.670419
2306	10.670419
2307	10.670419
2308	10.670419
2309	10.670419
2310	10.670419
2311	10.670419
2312	10.670419
2313	10.670419
2314	10.670419
2315	10.670419
2316	10.670419
2317	10.670419
2318	10.670419
2319	10.670419
2320	10.670419
2321	10.670419
2322	10.670419
2323	10.670419
2324	10.670419
2325	10.670419
2326	10.670419
2327	10.670419
2328	10.670419
2329	10.670419
2330	10.670419
2331	10.670419
2332	10.670419
2333	10.670419
2334	10.670419
2335	10.670419
2336	10.670419
2337	10.670419
2338	10.670419
2339	10.670419
2340	10.670419
2341	10.670419
2342	10.670419
2343	10.670419
2344	10.670419
2345	10.670419
2346	10.670419
2347	10.670419
2348	10.670419
2349	10.670419
2350	10.670419
2351	10.670419
2352	10.670419
2353	10.670419
2354	10.670419
2355	10.670419
2356	10.670419
2357	10.670419
2358	10.670419
2359	10.670419
2360	10.670419
2361	10.670419
2362	10.670419
2363	10.670419
2364	10.670419
2365	10.670419
2366	10.670419
2367	10.670419
2368	10.670419
2369	10.670419
2370	10.670419
2371	10.670419
2372	10.670419
2373	10.670419
2374	10.670419
2375	10.670419
2376	10.670419
2377	10.670419
2378	10.670419
2379	10.670419
2380	10.670419
2381	10.670419
2382	10.670419
2383	10.670419
2384	10.670419
2385	10.670419
2386	10.670419
2387	10.670419
2388	10.670419
2389	10.670419
2390	10.670419
2391	10.670419
2392	10.670419
2393	10.670419
2394	10.670419
2395	10.670419
2396	10.670419
2397	10.670419
2398	10.670419
2399	10.670419
2400	10.670419
2401	10.670419
2402	10.670419
2403	10.670419
2404	10.670419
2405	10.670419
2406	10.670419
2407	10.670419
2408	10.670419
2409	10.670419
2410	10.670419
2411	10.670419
2412	10.670419
2413	10.670419
2414	10.670419
2415	10.670419
2416	10.670419
2417	10.670419
2418	10.670419
2419	10.670419
2420	10.670419
2421	10.670419
2422	10.670419
2423	10.670419
2424	10.670419
2425	10.670419
2426	10.670419
2427	10.670419
2428	10.670419
2429	10.670419
2430	10.670419
2431	10.670419
2432	10.670419
2433	10.670419
2434	10.670419
2435	10.670419
2436	10.670419
2437	10.670419
2438	10.670419
2439	10.670419
2440	10.670419
2441	10.670419
2442	10.670419
2443	10.670419
2444	10.670419
2445	10.670419
2446	10.670419
2447	10.670419
2448	10.670419
2449	10.670419
2450	10.670419
2451	10.670419
2452	10.670419
2453	10.670419
2454	10.670419
2455	10.670419
2456	10.674399
2457	10.674399
2458	10.674399
2459	10.674399
2460	10.674399
2461	10.674399
2462	10.674399
2463	10.674399
2464	10.674399
2465	10.674399
2466	10.674399
2467	10.674399
2468	10.674399
2469	10.674399
2470	10.674399
2471	10.674399
2472	10.674399
2473	10.674399
2474	10.674399
2475	10.674399
2476	10.674399
2477	10.674399
2478	10.674399
2479	10.674399
2480	10.674399
2481	10.674399
2482	10.674399
2483	10.674399
2484	10.674399
2485	10.674399
2486	10.674399
2487	10.674399
2488	10.674399
2489	10.674399
2490	10.674399
2491	10.674399
2492	10.674399
2493	10.674399
2494	10.674399
2495	10.674399
2496	10.674399
2497	10.674399
2498	10.674399
2499	10.674399
2500	10.674399
2501	10.674399
2502	10.674399
2503	10.674399
2504	10.674399
2505	10.674399
2506	10.674399
2507	10.674399
2508	10.674399
2509	10.674399
2510	10.674399
2511	10.674399
2512	10.674399
2513	10.674399
2514	10.674399
2515	10.674399
2516	10.674399
2517	10.674399
2518	10.674399
2519	10.674399
2520	10.674399
2521	10.674399
2522	10.674399
2523	10.674399
2524	10.674399
2525	10.674399
2526	10.674399
2527	10.674399
2528	10.674399
2529	10.674399
2530	10.674399
2531	10.674399
2532	10.674399
2533	10.674399
2534	10.674399
2535	10.674399
2536	10.674399
2537	10.674399
2538	10.674399
2539	10.674399
2540	10.674399
2541	10.674399
2542	10.674399
2543	10.674399
2544	10.674399
2545	10.674399
2546	10.674399
2547	10.674399
2548	10.674399
2549	10.674399
2550	10.674399
2551	10.674399
2552	10.674399
2553	10.674399
2554	10.674399
2555	10.674399
2556	10.674399
2557	10.674399
2558	10.674399
2559	10.674399
2560	10.674399
2561	10.674399
2562	10.674399
2563	10.674399
2564	10.674399
2565	10.674399
2566	10.674399
2567	10.674399
2568	10.674399
2569	10.674399
2570	10.674399
2571	10.674399
2572	10.674399
2573	10.674399
2574	10.674399
2575	10.674399
2576	10.674399
2577	10.674399
2578	10.674399
2579	10.674399
2580	10.674399
2581	10.674399
2582	10.674399
2583	10.674399
2584	10.674399
2585	10.674399
2586	10.674399
2587	10.674399
2588	10.674399
2589	10.674399
2590	10.674399
2591	10.674399
2592	10.674399
2593	10.674399
2594	10.674399
2595	10.674399
2596	10.674399
2597	10.674399
2598	10.674399
2599	10.674399
2600	10.674399
2601	10.674399
2602	10.674399
2603	10.674399
2604	10.674399
2605	10.674399
2606	10.674399
2607	10.674399
2608	10.674399
2609	10.674399
2610	10.674399
2611	10.674399
2612	10.674399
2613	10.674399
2614	10.674399
2615	10.674399
2616	10.674399
2617	10.674399
2618	10.674399
2619	10.674399
2620	10.674399
2621	10.674399
2622	10.674399
2623	10.674399
2624	10.674399
2625	10.674399
2626	10.674399
2627	10.674399
2628	10.674399
2629	10.674399
2630	10.674399
2631	10.674399
2632	10.674399
2633	10.674399
2634	10.674399
2635	10.674399
2636	10.674399
2637	10.674399
2638	10.674399
2639	10.674399
2640	10.674399
2641	10.674399
2642	10.674399
2643	10.674399
2644	10.674399
2645	10.674399
2646	10.674399
2647	10.674399
2648	10.674399
2649	10.674399
2650	10.674399
2651	10.674399
2652	10.674399
2653	10.674399
2654	10.674399
2655	10.674399
2656	10.674399
2657	10.674399
2658	10.674399
2659	10.674399
2660	10.674399
2661	10.674399
2662	10.674399
2663	10.674399
2664	10.674399
2665	10.674399
2666	10.674399
2667	10.674399
2668	10.674399
2669	10.674399
2670	10.674399
2671	10.674399
2672	10.674399
2673	10.674399
2674	10.674399
2675	10.674399
2676	10.674399
2677	10.674399
2678	10.674399
2679	10.674399
2680	10.674399
2681	10.674399
2682	10.674399
2683	10.674399
2684	10.674399
2685	10.674399
2686	10.674399
2687	10.674399
2688	10.674399
2689	10.674399
2690	10.674399
2691	10.674399
2692	10.674399
2693	10.674399
2694	10.674399
2695	10.674399
2696	10.674399
2697	10.674399
2698	10.674399
2699	10.674399
2700	10.674399
2701	10.674399
2702	10.674399
2703	10.674399
2704	10.674399
2705	10.674399
2706	10.674399
2707	10.674399
2708	10.674399
2709	10.674399
2710	10.674399
2711	10.674399
2712	10.674399
2713	10.674399
2714	10.674399
2715	10.674399
2716	10.674399
2717	10.674399
2718	10.674399
2719	10.674399
2720	10.674399
2721	10.674399
2722	10.674399
2723	10.674399
2724	10.674399
2725	10.674399
2726	10.674399
2727	10.674399
2728	10.674399
2729	10.674399
2730	10.674399
2731	10.674399
2732	10.674399
2733	10.674399
2734	10.674399
2735	10.674399
2736	10.674399
2737	10.674399
2738	10.674399
2739	10.674399
2740	10.674399
2741	10.674399
2742	10.674399
2743	10.674399
2744	10.674399
2745	10.674399
2746	10.674399
2747	10.674399
2748	10.674399
2749	10.674399
2750	10.674399
2751	10.674399
2752	10.674399
2753	10.674399
2754	10.674399
2755	10.674399
2756	10.674399
2757	10.674399
2758	10.674399
2759	10.674399
2760	10.674399
2761	10.674399
2762	10.674399
2763	10.674399
2764	10.674399
2765	10.674399
2766	10.674399
2767	10.674399
2768	10.674399
2769	10.674399
2770	10.674399
2771	10.674399
2772	10.674399
2773	10.674399
2774	10.674399
2775	10.674399
2776	10.674399
2777	10.674399
2778	10.674399
2779	10.674399
2780	10.674399
2781	10.674399
2782	10.674399
2783	10.674399
2784	10.674399
2785	10.674399
2786	10.674399
2787	10.674399
2788	10.674399
2789	10.674399
2790	10.674399
2791	10.674399
2792	10.674399
2793	10.674399
2794	10.674399
2795	10.674399
2796	10.674399
2797	10.674399
2798	10.674399
2799	10.674399
2800	10.674399
2801	10.674399
2802	10.674399
2803	10.674399
2804	10.674399
2805	10.674399
2806	10.674399
2807	10.674399
2808	10.674399
2809	10.674399
2810	10.674399
2811	10.674399
2812	10.674399
2813	10.674399
2814	10.674399
2815	10.674399
2816	10.674399
2817	10.674399
2818	10.674399
2819	10.674399
2820	10.674399
2821	10.674399
2822	10.674399
2823	10.674399
2824	10.674399
2825	10.674399
2826	10.674399
2827	10.674399
2828	10.674399
2829	10.674399
2830	10.674399
2831	10.674399
2832	10.674399
2833	10.674399
2834	10.674399
2835	10.674399
2836	10.674399
2837	10.674399
2838	10.674399
2839	10.674399
2840	10.674399
2841	10.674399
2842	10.674399
2843	10.674399
2844	10.674399
2845	10.674399
2846	10.674399
2847	10.674399
2848	10.674399
2849	10.674399
2850	10.674399
2851	10.674399
2852	10.674399
2853	10.674399
2854	10.674399
2855	10.674399
2856	10.674399
2857	10.674399
2858	10.674399
2859	10.674399
2860	10.674399
2861	10.674399
2862	10.674399
2863	10.674399
2864	10.674399
2865	10.674399
2866	10.674399
2867	10.674399
2868	10.674399
2869	10.674399
2870	10.674399
2871	10.674399
2872	10.674399
2873	10.674399
2874	10.674399
2875	10.674399
2876	10.674399
2877	10.674399
2878	10.674399
2879	10.674399
2880	10.674399
2881	10.674399
2882	10.674399
2883	10.674399
2884	10.674399
2885	10.674399
2886	10.674399
2887	10.674399
2888	10.674399
2889	10.674399
2890	10.674399
2891	10.674399
2892	10.674399
2893	10.674399
2894	10.674399
2895	10.674399
2896	10.674399
2897	10.674399
2898	10.674399
2899	10.674399
2900	10.674399
2901	10.674399
2902	10.674399
2903	10.674399
2904	10.674399
2905	10.674399
2906	10.674399
2907	10.674399
2908	10.674399
2909	10.674399
2910	10.674399
2911	10.674399
2912	10.674399
2913	10.674399
2914	10.674399
2915	10.674399
2916	10.674399
2917	10.674399
2918	10.674399
2919	10.674399
2920	10.674399
2921	10.674399
2922	10.674399
2923	10.674399
2924	10.674399
2925	10.674399
2926	10.674399
2927	10.674399
2928	10.674399
2929	10.674399
2930	10.674399
2931	10.674399
2932	10.674399
2933	10.674399
2934	10.674399
2935	10.674399
2936	10.674399
2937	10.674399
2938	10.674399
2939	10.674399
2940	10.674399
2941	10.674399
2942	10.674399
2943	10.674399
2944	10.674399
2945	10.674399
2946	10.674399
2947	10.674399
2948	10.674399
2949	10.674399
2950	10.674399
2951	10.674399
2952	10.674399
2953	10.674399
2954	10.674399
2955	10.674399
2956	10.674399
2957	10.674399
2958	10.674399
2959	10.674399
2960	10.674399
2961	10.674399
2962	10.674399
2963	10.674399
2964	10.674399
2965	10.674399
2966	10.674399
2967	10.674399
2968	10.674399
2969	10.674399
2970	10.674399
2971	10.674399
2972	10.674399
2973	10.674399
2974	10.674399
2975	10.674399
2976	10.674399
2977	10.674399
2978	10.674399
2979	10.674399
2980	10.674399
2981	10.674399
2982	10.674399
2983	10.674399
2984	10.674399
2985	10.674399
2986	10.674399
2987	10.674399
2988	10.674399
2989	10.674399
2990	10.674399
2991	10.674399
2992	10.674399
2993	10.674399
2994	10.674399
2995	10.674399
2996	10.674399
2997	10.674399
2998	10.674399
2999	10.674399
3000	10.674399
3001	10.674399
3002	10.674399
3003	10.674399
3004	10.674399
3005	10.674399
3006	10.674399
3007	10.674399
3008	10.674399
3009	10.674399
3010	10.674399
3011	10.674399
3012	10.674399
3013	10.674399
3014	10.674399
3015	10.674399
3016	10.674399
3017	10.674399
3018	10.674399
3019	10.674399
3020	10.674399
3021	10.674399
3022	10.674399
3023	10.674399
3024	10.674399
3025	10.674399
3026	10.674399
3027	10.674399
3028	10.674399
3029	10.674399
3030	10.674399
3031	10.674399
3032	10.674399
3033	10.674399
3034	10.674399
3035	10.674399
3036	10.674399
3037	10.674399
3038	10.674399
3039	10.674399
3040	10.674399
3041	10.674399
3042	10.674399
3043	10.674399
3044	10.674399
3045	10.674399
3046	10.674399
3047	10.674399
3048	10.674399
3049	10.674399
3050	10.674399
3051	10.674399
3052	10.674399
3053	10.674399
3054	10.674399
3055	10.674399
3056	10.674399
3057	10.674399
3058	10.674399
3059	10.674399
3060	10.674399
3061	10.674399
3062	10.674399
3063	10.674399
3064	10.674399
3065	10.674399
3066	10.674399
3067	10.674399
3068	10.674399
3069	10.674399
3070	10.674399
3071	10.674399
3072	10.674399
3073	10.674399
3074	10.674399
3075	10.674399
3076	10.674399
3077	10.674399
3078	10.674399
3079	10.674399
3080	10.674399
3081	10.674399
3082	10.674399
3083	10.674399
3084	10.674399
3085	10.674399
3086	10.674399
3087	10.674399
3088	10.674399
3089	10.674399
3090	10.674399
3091	10.674399
3092	10.674399
3093	10.674399
3094	10.674399
3095	10.682757
3096	10.682757
3097	10.682757
3098	10.682757
3099	10.682757
3100	10.682757
3101	10.682757
3102	10.682757
3103	10.682757
3104	10.682757
3105	10.682757
3106	10.682757
3107	10.682757
3108	10.682757
3109	10.682757
3110	10.682757
3111	10.682757
3112	10.682757
3113	10.682757
3114	10.682757
3115	10.682757
3116	10.682757
3117	10.682757
3118	10.682757
3119	10.682757
3120	10.682757
3121	10.682757
3122	10.682757
3123	10.682757
3124	10.682757
3125	10.682757
3126	10.682757
3127	10.682757
3128	10.682757
3129	10.682757
3130	10.682757
3131	10.682757
3132	10.682757
3133	10.682757
3134	10.682757
3135	10.682757
3136	10.682757
3137	10.682757
3138	10.682757
3139	10.682757
3140	10.682757
3141	10.682757
3142	10.682757
3143	10.682757
3144	10.682757
3145	10.682757
3146	10.682757
3147	10.682757
3148	10.682757
3149	10.682757
3150	10.682757
3151	10.682757
3152	10.682757
3153	10.682757
3154	10.682757
3155	10.682757
3156	10.682757
3157	10.682757
3158	10.682757
3159	10.682757
3160	10.682757
3161	10.682757
3162	10.682757
3163	10.682757
3164	10.682757
3165	10.682757
3166	10.682757
3167	10.682757
3168	10.682757
3169	10.682757
3170	10.682757
3171	10.682757
3172	10.682757
3173	10.682757
3174	10.682757
3175	10.682757
3176	10.682757
3177	10.682757
3178	10.682757
3179	10.682757
3180	10.682757
3181	10.682757
3182	10.682757
3183	10.682757
3184	10.682757
3185	10.682757
3186	10.682757
3187	10.682757
3188	10.682757
3189	10.682757
3190	10.682757
3191	10.682757
3192	10.682757
3193	10.682757
3194	10.682757
3195	10.682757
3196	10.682757
3197	10.682757
3198	10.682757
3199	10.682757
3200	10.682757
3201	10.682757
3202	10.682757
3203	10.682757
3204	10.682757
3205	10.682757
3206	10.682757
3207	10.682757
3208	10.682757
3209	10.682757
3210	10.682757
3211	10.682757
3212	10.682757
3213	10.682757
3214	10.682757
3215	10.682757
3216	10.682757
3217	10.682757
3218	10.682757
3219	10.682757
3220	10.682757
3221	10.682757
3222	10.682757
3223	10.682757
3224	10.682757
3225	10.682757
3226	10.682757
3227	10.682757
3228	10.682757
3229	10.682757
3230	10.682757
3231	10.682757
3232	10.682757
3233	10.682757
3234	10.682757
3235	10.682757
3236	10.682757
3237	10.682757
3238	10.682757
3239	10.682757
3240	10.682757
3241	10.682757
3242	10.682757
3243	10.682757
3244	10.682757
3245	10.682757
3246	10.682757
3247	10.682757
3248	10.682757
3249	10.682757
3250	10.682757
3251	10.682757
3252	10.682757
3253	10.682757
3254	10.682757
3255	10.682757
3256	10.682757
3257	10.682757
3258	10.682757
3259	10.682757
3260	10.682757
3261	10.682757
3262	10.682757
3263	10.682757
3264	10.682757
3265	10.682757
3266	10.682757
3267	10.682757
3268	10.682757
3269	10.682757
3270	10.682757
3271	10.682757
3272	10.682757
3273	10.682757
3274	10.682757
3275	10.682757
3276	10.682757
3277	10.682757
3278	10.682757
3279	10.682757
3280	10.682757
3281	10.682757
3282	10.682757
3283	10.682757
3284	10.682757
3285	10.682757
3286	10.682757
3287	10.682757
3288	10.682757
3289	10.682757
3290	10.682757
3291	10.682757
3292	10.682757
3293	10.682757
3294	10.682757
3295	10.682757
3296	10.682757
3297	10.682757
3298	10.682757
3299	10.682757
3300	10.682757
3301	10.682757
3302	10.682757
3303	10.682757
3304	10.682757
3305	10.682757
3306	10.682757
3307	10.682757
3308	10.682757
3309	10.682757
3310	10.682757
3311	10.682757
3312	10.682757
3313	10.682757
3314	10.682757
3315	10.682757
3316	10.682757
3317	10.682757
3318	10.682757
3319	10.682757
3320	10.682757
3321	10.682757
3322	10.682757
3323	10.682757
3324	10.682757
3325	10.682757
3326	10.682757
3327	10.682757
3328	10.682757
3329	10.682757
3330	10.682757
3331	10.682757
3332	10.682757
3333	10.682757
3334	10.682757
3335	10.682757
3336	10.682757
3337	10.682757
3338	10.682757
3339	10.682757
3340	10.682757
3341	10.682757
3342	10.682757
3343	10.682757
3344	10.682757
3345	10.682757
3346	10.682757
3347	10.682757
3348	10.682757
3349	10.682757
3350	10.682757
3351	10.682757
3352	10.682757
3353	10.682757
3354	10.682757
3355	10.682757
3356	10.682757
3357	10.682757
3358	10.682757
3359	10.682757
3360	10.682757
3361	10.682757
3362	10.682757
3363	10.682757
3364	10.682757
3365	10.682757
3366	10.682757
3367	10.682757
3368	10.682757
3369	10.682757
3370	10.682757
3371	10.682757
3372	10.682757
3373	10.682757
3374	10.682757
3375	10.682757
3376	10.682757
3377	10.682757
3378	10.682757
3379	10.682757
3380	10.682757
3381	10.682757
3382	10.682757
3383	10.682757
3384	10.682757
3385	10.682757
3386	10.682757
3387	10.682757
3388	10.682757
3389	10.682757
3390	10.682757
3391	10.682757
3392	10.682757
3393	10.682757
3394	10.682757
3395	10.682757
3396	10.682757
3397	10.682757
3398	10.682757
3399	10.682757
3400	10.682757
3401	10.682757
3402	10.682757
3403	10.682757
3404	10.682757
3405	10.682757
3406	10.682757
3407	10.682757
3408	10.682757
3409	10.682757
3410	10.682757
3411	10.682757
3412	10.682757
3413	10.682757
3414	10.682757
3415	10.682757
3416	10.682757
3417	10.682757
3418	10.682757
3419	10.682757
3420	10.682757
3421	10.682757
3422	10.682757
3423	10.682757
3424	10.682757
3425	10.682757
3426	10.682757
3427	10.682757
3428	10.682757
3429	10.682757
3430	10.682757
3431	10.682757
3432	10.682757
3433	10.682757
3434	10.682757
3435	10.682757
3436	10.682757
3437	10.682757
3438	10.682757
3439	10.682757
3440	10.682757
3441	10.682757
3442	10.682757
3443	10.682757
3444	10.682757
3445	10.682757
3446	10.682757
3447	10.682757
3448	10.682757
3449	10.682757
3450	10.682757
3451	10.682757
3452	10.682757
3453	10.682757
3454	10.682757
3455	10.682757
3456	10.682757
3457	10.682757
3458	10.682757
3459	10.682757
3460	10.682757
3461	10.682757
3462	10.682757
3463	10.682757
3464	10.682757
3465	10.682757
3466	10.682757
3467	10.682757
3468	10.682757
3469	10.682757
3470	10.682757
3471	10.682757
3472	10.682757
3473	10.682757
3474	10.682757
3475	10.682757
3476	10.682757
3477	10.682757
3478	10.682757
3479	10.682757
3480	10.682757
3481	10.682757
3482	10.682757
3483	10.682757
3484	10.682757
3485	10.682757
3486	10.682757
3487	10.682757
3488	10.682757
3489	10.682757
3490	10.682757
3491	10.682757
3492	10.682757
3493	10.682757
3494	10.682757
3495	10.682757
3496	10.682757
3497	10.682757
3498	10.682757
3499	10.682757
3500	10.682757
3501	10.682757
3502	10.682757
3503	10.682757
3504	10.682757
3505	10.682757
3506	10.682757
3507	10.682757
3508	10.682757
3509	10.682757
3510	10.682757
3511	10.682757
3512	10.682757
3513	10.682757
3514	10.682757
3515	10.682757
3516	10.682757
3517	10.682757
3518	10.682757
3519	10.682757
3520	10.682757
3521	10.682757
3522	10.682757
3523	10.682757
3524	10.682757
3525	10.682757
3526	10.682757
3527	10.682757
3528	10.682757
3529	10.682757
3530	10.682757
3531	10.682757
3532	10.682757
3533	10.682757
3534	10.682757
3535	10.682757
3536	10.682757
3537	10.682757
3538	10.682757
3539	10.682757
3540	10.682757
3541	10.682757
3542	10.682757
3543	10.682757
3544	10.682757
3545	10.682757
3546	10.682757
3547	10.682757
3548	10.682757
3549	10.682757
3550	10.682757
3551	10.682757
3552	10.682757
3553	10.682757
3554	10.682757
3555	10.682757
3556	10.682757
3557	10.682757
3558	10.682757
3559	10.682757
3560	10.682757
3561	10.682757
3562	10.682757
3563	10.682757
3564	10.682757
3565	10.682757
3566	10.682757
3567	10.682757
3568	10.682757
3569	10.682757
3570	10.682757
3571	10.682757
3572	10.682757
3573	10.682757
3574	10.682757
3575	10.682757
3576	10.682757
3577	10.682757
3578	10.682757
3579	10.682757
3580	10.682757
3581	10.682757
3582	10.682757
3583	10.682757
3584	10.682757
3585	10.682757
3586	10.682757
3587	10.682757
3588	10.682757
3589	10.682757
3590	10.682757
3591	10.682757
3592	10.682757
3593	10.682757
3594	10.682757
3595	10.682757
3596	10.682757
3597	10.682757
3598	10.682757
3599	10.682757
3600	10.682757
3601	10.682757
3602	10.682757
3603	10.682757
3604	10.682757
3605	10.682757
3606	10.682757
3607	10.682757
3608	10.682757
3609	10.682757
3610	10.682757
3611	10.682757
3612	10.682757
3613	10.682757
3614	10.682757
3615	10.682757
3616	10.682757
3617	10.682757
3618	10.682757
3619	10.682757
3620	10.682757
3621	10.682757
3622	10.682757
3623	10.682757
3624	10.682757
3625	10.682757
3626	10.682757
3627	10.682757
3628	10.682757
3629	10.682757
3630	10.682757
3631	10.682757
3632	10.682757
3633	10.682757
3634	10.682757
3635	10.682757
3636	10.682757
3637	10.682757
3638	10.682757
3639	10.682757
3640	10.682757
3641	10.682757
3642	10.682757
3643	10.682757
3644	10.682757
3645	10.682757
3646	10.682757
3647	10.682757
3648	10.682757
3649	10.682757
3650	10.682757
3651	10.682757
3652	10.682757
3653	10.682757
3654	10.682757
3655	10.682757
3656	10.682757
3657	10.682757
3658	10.682757
3659	10.682757
3660	10.682757
3661	10.682757
3662	10.682757
3663	10.682757
3664	10.682757
3665	10.682757
3666	10.682757
3667	10.682757
3668	10.682757
3669	10.682757
3670	10.682757
3671	10.682757
3672	10.682757
3673	10.682757
3674	10.682757
3675	10.682757
3676	10.682757
3677	10.682757
3678	10.682757
3679	10.682757
3680	10.682757
3681	10.682757
3682	10.682757
3683	10.682757
3684	10.682757
3685	10.682757
3686	10.682757
3687	10.682757
3688	10.682757
3689	10.682757
3690	10.682757
3691	10.682757
3692	10.682757
3693	10.682757
3694	10.682757
3695	10.682757
3696	10.682757
3697	10.682757
3698	10.682757
3699	10.682757
3700	10.682757
3701	10.682757
3702	10.682757
3703	10.682757
3704	10.682757
3705	10.682757
3706	10.682757
3707	10.682757
3708	10.682757
3709	10.682757
3710	10.682757
3711	10.682757
3712	10.682757
3713	10.682757
3714	10.682757
3715	10.682757
3716	10.682757
3717	10.682757
3718	10.682757
3719	10.682757
3720	10.682757
3721	10.682757
3722	10.682757
3723	10.682757
3724	10.682757
3725	10.682757
3726	10.682757
3727	10.682757
3728	10.682757
3729	10.682757
3730	10.682757
3731	10.682757
3732	10.682757
3733	10.682757
3734	10.682757
3735	10.682757
3736	10.682757
3737	10.682757
3738	10.682757
3739	10.682757
3740	10.682757
3741	10.682757
3742	10.682757
3743	10.682757
3744	10.682757
3745	10.682757
3746	10.682757
3747	10.682757
3748	10.682757
3749	10.682757
3750	10.682757
3751	10.682757
3752	10.682757
3753	10.682757
3754	10.682757
3755	10.682757
3756	10.682757
3757	10.682757
3758	10.682757
3759	10.682757
3760	10.682757
3761	10.682757
3762	10.682757
3763	10.682757
3764	10.682757
3765	10.682757
3766	10.682757
3767	10.682757
3768	10.682757
3769	10.682757
3770	10.682757
3771	10.682757
3772	10.682757
3773	10.682757
3774	10.682757
3775	10.682757
3776	10.682757
3777	10.682757
3778	10.682757
3779	10.682757
3780	10.682757
3781	10.682757
3782	10.682757
3783	10.682757
3784	10.682757
3785	10.682757
3786	10.682757
3787	10.682757
3788	10.682757
3789	10.682757
3790	10.682757
3791	10.682757
3792	10.682757
3793	10.682757
3794	10.682757
3795	10.682757
3796	10.682757
3797	10.682757
3798	10.682757
3799	10.682757
3800	10.682757
3801	10.682757
3802	10.682757
3803	10.682757
3804	10.682757
3805	10.682757
3806	10.682757
3807	10.682757
3808	10.682757
3809	10.682757
3810	10.682757
3811	10.682757
3812	10.682757
3813	10.682757
3814	10.682757
3815	10.682757
3816	10.682757
3817	10.682757
3818	10.682757
3819	10.682757
3820	10.682757
3821	10.682757
3822	10.682757
3823	10.682757
3824	10.682757
3825	10.682757
3826	10.682757
3827	10.682757
3828	10.682757
3829	10.682757
3830	10.682757
3831	10.682757
3832	10.682757
3833	10.682757
3834	10.682757
3835	10.682757
3836	10.682757
3837	10.682757
3838	10.682757
3839	10.682757
3840	10.682757
3841	10.682757
3842	10.682757
3843	10.682757
3844	10.682757
3845	10.682757
3846	10.682757
3847	10.682757
3848	10.682757
3849	10.682757
3850	10.682757
3851	10.682757
3852	10.682757
3853	10.682757
3854	10.682757
3855	10.682757
3856	10.682757
3857	10.682757
3858	10.682757
3859	10.682757
3860	10.682757
3861	10.682757
3862	10.682757
3863	10.682757
3864	10.682757
3865	10.682757
3866	10.682757
3867	10.682757
3868	10.682757
3869	10.682757
3870	10.682757
3871	10.682757
3872	10.682757
3873	10.682757
3874	10.682757
3875	10.682757
3876	10.682757
3877	10.682757
3878	10.682757
3879	10.682757
3880	10.682757
3881	10.682757
3882	10.682757
3883	10.682757
3884	10.682757
3885	10.682757
3886	10.682757
3887	10.682757
3888	10.682757
3889	10.682757
3890	10.682757
3891	10.682757
3892	10.682757
3893	10.682757
3894	10.682757
3895	10.682757
3896	10.682757
3897	10.682757
3898	10.682757
3899	10.682757
3900	10.682757
3901	10.682757
3902	10.682757
3903	10.682757
3904	10.682757
3905	10.682757
3906	10.682757
3907	10.682757
3908	10.682757
3909	10.682757
3910	10.682757
3911	10.682757
3912	10.682757
3913	10.682757
3914	10.682757
3915	10.682757
3916	10.682757
3917	10.682757
3918	10.682757
3919	10.682757
3920	10.682757
3921	10.682757
3922	10.682757
3923	10.682757
3924	10.682757
3925	10.682757
3926	10.682757
3927	10.682757
3928	10.682757
3929	10.682757
3930	10.682757
3931	10.682757
3932	10.682757
3933	10.682757
3934	10.682757
3935	10.682757
3936	10.682757
3937	10.682757
3938	10.682757
3939	10.682757
3940	10.682757
3941	10.682757
3942	10.682757
3943	10.682757
3944	10.682757
3945	10.682757
3946	10.682757
3947	10.682757
3948	10.682757
3949	10.682757
3950	10.682757
3951	10.682757
3952	10.682757
3953	10.682757
3954	10.682757
3955	10.682757
3956	10.682757
3957	10.682757
3958	10.682757
3959	10.682757
3960	10.682757
3961	10.682757
3962	10.682757
3963	10.682757
3964	10.682757
3965	10.682757
3966	10.682757
3967	10.682757
3968	10.682757
3969	10.682757
3970	10.682757
3971	10.682757
3972	10.682757
3973	10.682757
3974	10.682757
3975	10.682757
3976	10.682757
3977	10.682757
3978	10.682757
3979	10.682757
3980	10.682757
3981	10.682757
3982	10.682757
3983	10.682757
3984	10.682757
3985	10.682757
3986	10.682757
3987	10.682757
3988	10.682757
3989	10.682757
3990	10.682757
3991	10.682757
3992	10.682757
3993	10.682757
3994	10.682757
3995	10.682757
3996	10.682757
3997	10.682757
3998	10.682757
3999	10.682757
4000	10.682757
4001	10.682757
4002	10.682757
4003	10.682757
4004	10.682757
4005	10.682757
4006	10.682757
4007	10.682757
4008	10.682757
4009	10.682757
4010	10.682757
4011	10.682757
4012	10.682757
4013	10.682757
4014	10.682757
4015	10.682757
4016	10.682757
4017	10.682757
4018	10.682757
4019	10.682757
4020	10.682757
4021	10.682757
4022	10.682757
4023	10.682757
4024	10.682757
4025	10.682757
4026	10.682757
4027	10.682757
4028	10.682757
4029	10.682757
4030	10.682757
4031	10.682757
4032	10.682757
4033	10.682757
4034	10.682757
4035	10.682757
4036	10.682757
4037	10.682757
4038	10.682757
4039	10.682757
4040	10.682757
4041	10.682757
4042	10.682757
4043	10.682757
4044	10.682757
4045	10.682757
4046	10.682757
4047	10.682757
4048	10.682757
4049	10.682757
4050	10.682757
4051	10.682757
4052	10.682757
4053	10.682757
4054	10.682757
4055	10.682757
4056	10.682757
4057	10.682757
4058	10.682757
4059	10.682757
4060	10.682757
4061	10.682757
4062	10.682757
4063	10.682757
4064	10.682757
4065	10.682757
4066	10.682757
4067	10.682757
4068	10.682757
4069	10.682757
4070	10.682757
4071	10.682757
4072	10.682757
4073	10.682757
4074	10.682757
4075	10.682757
4076	10.682757
4077	10.682757
4078	10.682757
4079	10.682757
4080	10.682757
4081	10.682757
4082	10.682757
4083	10.682757
4084	10.682757
4085	10.682757
4086	10.682757
4087	10.682757
4088	10.682757
4089	10.682757
4090	10.682757
4091	10.682757
4092	10.682757
4093	10.682757
4094	10.682757
4095	10.682757
4096	10.682757
4097	10.682757
4098	10.682757
4099	10.682757
4100	10.682757
4101	10.682757
4102	10.682757
4103	10.682757
4104	10.682757
4105	10.682757
4106	10.682757
4107	10.682757
4108	10.682757
4109	10.682757
4110	10.682757
4111	10.682757
4112	10.682757
4113	10.682757
4114	10.682757
4115	10.682757
4116	10.682757
4117	10.682757
4118	10.682757
4119	10.682757
4120	10.682757
4121	10.682757
4122	10.682757
4123	10.682757
4124	10.682757
4125	10.682757
4126	10.682757
4127	10.682757
4128	10.682757
4129	10.682757
4130	10.682757
4131	10.682757
4132	10.682757
4133	10.682757
4134	10.682757
4135	10.682757
4136	10.682757
4137	10.682757
4138	10.682757
4139	10.682757
4140	10.682757
4141	10.682757
4142	10.682757
4143	10.682757
4144	10.682757
4145	10.682757
4146	10.682757
4147	10.682757
4148	10.682757
4149	10.682757
4150	10.682757
4151	10.682757
4152	10.682757
4153	10.682757
4154	10.682757
4155	10.682757
4156	10.682757
4157	10.682757
4158	10.682757
4159	10.682757
4160	10.682757
4161	10.682757
4162	10.682757
4163	10.682757
4164	10.682757
4165	10.682757
4166	10.682757
4167	10.682757
4168	10.682757
4169	10.682757
4170	10.682757
4171	10.682757
4172	10.682757
4173	10.682757
4174	10.682757
4175	10.682757
4176	10.682757
4177	10.682757
4178	10.682757
4179	10.682757
4180	10.682757
4181	10.682757
4182	10.682757
4183	10.682757
4184	10.682757
4185	10.682757
4186	10.682757
4187	10.682757
4188	10.682757
4189	10.682757
4190	10.682757
4191	10.682757
4192	10.682757
4193	10.682757
4194	10.682757
4195	10.682757
4196	10.682757
4197	10.682757
4198	10.682757
4199	10.682757
4200	10.682757
4201	10.682757
4202	10.682757
4203	10.682757
4204	10.682757
4205	10.682757
4206	10.682757
4207	10.682757
4208	10.682757
4209	10.682757
4210	10.682757
4211	10.682757
4212	10.682757
4213	10.682757
4214	10.682757
4215	10.682757
4216	10.682757
4217	10.682757
4218	10.682757
4219	10.682757
4220	10.682757
4221	10.682757
4222	10.682757
4223	10.682757
4224	10.682757
4225	10.682757
4226	10.682757
4227	10.682757
4228	10.682757
4229	10.682757
4230	10.682757
4231	10.682757
4232	10.682757
4233	10.682757
4234	10.682757
4235	10.682757
4236	10.682757
4237	10.682757
4238	10.682757
4239	10.682757
4240	10.682757
4241	10.682757
4242	10.682757
4243	10.682757
4244	10.682757
4245	10.682757
4246	10.682757
4247	10.682757
4248	10.682757
4249	10.682757
4250	10.682757
4251	10.682757
4252	10.682757
4253	10.682757
4254	10.682757
4255	10.682757
4256	10.682757
4257	10.682757
4258	10.682757
4259	10.682757
4260	10.682757
4261	10.682757
4262	10.682757
4263	10.682757
4264	10.682757
4265	10.682757
4266	10.682757
4267	10.682757
4268	10.682757
4269	10.682757
4270	10.682757
4271	10.682757
4272	10.682757
4273	10.682757
4274	10.682757
4275	10.682757
4276	10.682757
4277	10.682757
4278	10.682757
4279	10.682757
4280	10.682757
4281	10.682757
4282	10.682757
4283	10.682757
4284	10.682757
4285	10.682757
4286	10.682757
4287	10.682757
4288	10.682757
4289	10.682757
4290	10.682757
4291	10.682757
4292	10.682757
4293	10.682757
4294	10.682757
4295	10.682757
4296	10.682757
4297	10.682757
4298	10.682757
4299	10.682757
4300	10.682757
4301	10.682757
4302	10.682757
4303	10.682757
4304	10.682757
4305	10.682757
4306	10.682757
4307	10.682757
4308	10.682757
4309	10.682757
4310	10.682757
4311	10.682757
4312	10.682757
4313	10.682757
4314	10.682757
4315	10.682757
4316	10.682757
4317	10.682757
4318	10.682757
4319	10.682757
4320	10.682757
4321	10.682757
4322	10.682757
4323	10.682757
4324	10.682757
4325	10.682757
4326	10.682757
4327	10.682757
4328	10.682757
4329	10.682757
4330	10.682757
4331	10.682757
4332	10.682757
4333	10.682757
4334	10.682757
4335	10.682757
4336	10.682757
4337	10.682757
4338	10.682757
4339	10.682757
4340	10.682757
4341	10.682757
4342	10.682757
4343	10.682757
4344	10.682757
4345	10.682757
4346	10.682757
4347	10.682757
4348	10.682757
4349	10.682757
4350	10.682757
4351	10.682757
4352	10.682757
4353	10.682757
4354	10.682757
4355	10.682757
4356	10.682757
4357	10.682757
4358	10.682757
4359	10.682757
4360	10.682757
4361	10.682757
4362	10.682757
4363	10.682757
4364	10.682757
4365	10.682757
4366	10.682757
4367	10.682757
4368	10.682757
4369	10.682757
4370	10.682757
4371	10.682757
4372	10.682757
4373	10.682757
4374	10.682757
4375	10.682757
4376	10.682757
4377	10.682757
4378	10.682757
4379	10.682757
4380	10.682757
4381	10.682757
4382	10.682757
4383	10.682757
4384	10.682757
4385	10.682757
4386	10.682757
4387	10.682757
4388	10.682757
4389	10.682757
4390	10.682757
4391	10.682757
4392	10.682757
4393	10.682757
4394	10.682757
4395	10.682757
4396	10.682757
4397	10.682757
4398	10.682757
4399	10.682757
4400	10.682757
4401	10.682757
4402	10.682757
4403	10.682757
4404	10.682757
4405	10.682757
4406	10.682757
4407	10.682757
4408	10.682757
4409	10.682757
4410	10.682757
4411	10.682757
4412	10.682757
4413	10.682757
4414	10.682757
4415	10.682757
4416	10.682757
4417	10.682757
4418	10.682757
4419	10.682757
4420	10.682757
4421	10.682757
4422	10.682757
4423	10.682757
4424	10.682757
4425	10.682757
4426	10.682757
4427	10.682757
4428	10.682757
4429	10.682757
4430	10.682757
4431	10.682757
4432	10.682757
4433	10.682757
4434	10.682757
4435	10.682757
4436	10.682757
4437	10.682757
4438	10.682757
4439	10.682757
4440	10.682757
4441	10.682757
4442	10.682757
4443	10.682757
4444	10.682757
4445	10.682757
4446	10.682757
4447	10.682757
4448	10.682757
4449	10.682757
4450	10.682757
4451	10.682757
4452	10.682757
4453	10.682757
4454	10.682757
4455	10.682757
4456	10.682757
4457	10.682757
4458	10.682757
4459	10.682757
4460	10.682757
4461	10.682757
4462	10.682757
4463	10.682757
4464	10.682757
4465	10.682757
4466	10.682757
4467	10.682757
4468	10.682757
4469	10.682757
4470	10.682757
4471	10.682757
4472	10.682757
4473	10.682757
4474	10.682757
4475	10.682757
4476	10.682757
4477	10.682757
4478	10.682757
4479	10.682757
4480	10.682757
4481	10.682757
4482	10.682757
4483	10.682757
4484	10.682757
4485	10.682757
4486	10.682757
4487	10.682757
4488	10.682757
4489	10.682757
4490	10.682757
4491	10.682757
4492	10.682757
4493	10.682757
4494	10.682757
4495	10.682757
4496	10.682757
4497	10.682757
4498	10.682757
4499	10.682757
4500	10.682757
4501	10.682757
4502	10.682757
4503	10.682757
4504	10.682757
4505	10.682757
4506	10.682757
4507	10.682757
4508	10.682757
4509	10.682757
4510	10.682757
4511	10.682757
4512	10.682757
4513	10.682757
4514	10.682757
4515	10.682757
4516	10.682757
4517	10.682757
4518	10.682757
4519	10.682757
4520	10.682757
4521	10.682757
4522	10.682757
4523	10.682757
4524	10.682757
4525	10.682757
4526	10.682757
4527	10.682757
4528	10.682757
4529	10.682757
4530	10.682757
4531	10.682757
4532	10.682757
4533	10.682757
4534	10.682757
4535	10.682757
4536	10.682757
4537	10.682757
4538	10.682757
4539	10.682757
4540	10.682757
4541	10.682757
4542	10.682757
4543	10.682757
4544	10.682757
4545	10.682757
4546	10.682757
4547	10.682757
4548	10.682757
4549	10.682757
4550	10.682757
4551	10.682757
4552	10.682757
4553	10.682757
4554	10.682757
4555	10.682757
4556	10.682757
4557	10.682757
4558	10.682757
4559	10.682757
4560	10.682757
4561	10.682757
4562	10.682757
4563	10.682757
4564	10.682757
4565	10.682757
4566	10.682757
4567	10.682757
4568	10.682757
4569	10.682757
4570	10.682757
4571	10.682757
4572	10.682757
4573	10.682757
4574	10.682757
4575	10.682757
4576	10.682757
4577	10.682757
4578	10.682757
4579	10.682757
4580	10.682757
4581	10.682757
4582	10.682757
4583	10.682757
4584	10.682757
4585	10.682757
4586	10.682757
4587	10.682757
4588	10.682757
4589	10.682757
4590	10.682757
4591	10.682757
4592	10.682757
4593	10.682757
4594	10.682757
4595	10.682757
4596	10.682757
4597	10.682757
4598	10.682757
4599	10.682757
4600	10.682757
4601	10.682757
4602	10.682757
4603	10.682757
4604	10.682757
4605	10.682757
4606	10.682757
4607	10.682757
4608	10.682757
4609	10.682757
4610	10.682757
4611	10.682757
4612	10.682757
4613	10.682757
4614	10.682757
4615	10.682757
4616	10.682757
4617	10.682757
4618	10.682757
4619	10.682757
4620	10.682757
4621	10.682757
4622	10.682757
4623	10.682757
4624	10.682757
4625	10.682757
4626	10.682757
4627	10.682757
4628	10.682757
4629	10.682757
4630	10.682757
4631	10.682757
4632	10.682757
4633	10.682757
4634	10.682757
4635	10.682757
4636	10.682757
4637	10.682757
4638	10.682757
4639	10.682757
4640	10.682757
4641	10.682757
4642	10.682757
4643	10.682757
4644	10.682757
4645	10.682757
4646	10.682757
4647	10.682757
4648	10.682757
4649	10.682757
4650	10.682757
4651	10.682757
4652	10.682757
4653	10.682757
4654	10.682757
4655	10.682757
4656	10.682757
4657	10.682757
4658	10.682757
4659	10.682757
4660	10.682757
4661	10.682757
4662	10.682757
4663	10.682757
4664	10.682757
4665	10.682757
4666	10.682757
4667	10.682757
4668	10.682757
4669	10.682757
4670	10.682757
4671	10.682757
4672	10.682757
4673	10.682757
4674	10.682757
4675	10.682757
4676	10.682757
4677	10.682757
4678	10.682757
4679	10.682757
4680	10.682757
4681	10.682757
4682	10.682757
4683	10.682757
4684	10.682757
4685	10.682757
4686	10.682757
4687	10.682757
4688	10.682757
4689	10.682757
4690	10.682757
4691	10.682757
4692	10.682757
4693	10.682757
4694	10.682757
4695	10.682757
4696	10.682757
4697	10.682757
4698	10.682757
4699	10.682757
4700	10.682757
4701	10.682757
4702	10.682757
4703	10.682757
4704	10.682757
4705	10.682757
4706	10.682757
4707	10.682757
4708	10.682757
4709	10.682757
4710	10.682757
4711	10.682757
4712	10.682757
4713	10.682757
4714	10.682757
4715	10.682757
4716	10.682757
4717	10.682757
4718	10.682757
4719	10.682757
4720	10.682757
4721	10.682757
4722	10.682757
4723	10.682757
4724	10.682757
4725	10.682757
4726	10.682757
4727	10.682757
4728	10.682757
4729	10.682757
4730	10.682757
4731	10.682757
4732	10.682757
4733	10.682757
4734	10.682757
4735	10.682757
4736	10.682757
4737	10.682757
4738	10.682757
4739	10.682757
4740	10.682757
4741	10.682757
4742	10.682757
4743	10.682757
4744	10.682757
4745	10.682757
4746	10.682757
4747	10.682757
4748	10.682757
4749	10.682757
4750	10.682757
4751	10.682757
4752	10.682757
4753	10.682757
4754	10.682757
4755	10.682757
4756	10.682757
4757	10.682757
4758	10.682757
4759	10.682757
4760	10.682757
4761	10.682757
4762	10.682757
4763	10.682757
4764	10.682757
4765	10.682757
4766	10.682757
4767	10.682757
4768	10.682757
4769	10.682757
4770	10.682757
4771	10.682757
4772	10.682757
4773	10.682757
4774	10.682757
4775	10.682757
4776	10.682757
4777	10.682757
4778	10.682757
4779	10.682757
4780	10.682757
4781	10.682757
4782	10.682757
4783	10.682757
4784	10.682757
4785	10.682757
4786	10.682757
4787	10.682757
4788	10.682757
4789	10.682757
4790	10.682757
4791	10.682757
4792	10.682757
4793	10.682757
4794	10.682757
4795	10.682757
4796	10.682757
4797	10.682757
4798	10.682757
4799	10.682757
4800	10.682757
4801	10.682757
4802	10.682757
4803	10.682757
4804	10.682757
4805	10.682757
4806	10.682757
4807	10.682757
4808	10.682757
4809	10.682757
4810	10.682757
4811	10.682757
4812	10.682757
4813	10.682757
4814	10.682757
4815	10.682757
4816	10.682757
4817	10.682757
4818	10.682757
4819	10.682757
4820	10.682757
4821	10.682757
4822	10.682757
4823	10.682757
4824	10.682757
4825	10.682757
4826	10.682757
4827	10.682757
4828	10.682757
4829	10.682757
4830	10.682757
4831	10.682757
4832	10.682757
4833	10.682757
4834	10.682757
4835	10.682757
4836	10.682757
4837	10.682757
4838	10.682757
4839	10.682757
4840	10.682757
4841	10.682757
4842	10.682757
4843	10.682757
4844	10.682757
4845	10.682757
4846	10.682757
4847	10.682757
4848	10.682757
4849	10.682757
4850	10.682757
4851	10.682757
4852	10.682757
4853	10.682757
4854	10.682757
4855	10.682757
4856	10.682757
4857	10.682757
4858	10.682757
4859	10.682757
4860	10.682757
4861	10.682757
4862	10.682757
4863	10.682757
4864	10.682757
4865	10.682757
4866	10.682757
4867	10.682757
4868	10.682757
4869	10.682757
4870	10.682757
4871	10.682757
4872	10.682757
4873	10.682757
4874	10.682757
4875	10.682757
4876	10.682757
4877	10.682757
4878	10.682757
4879	10.682757
4880	10.682757
4881	10.682757
4882	10.682757
4883	10.682757
4884	10.682757
4885	10.682757
4886	10.682757
4887	10.682757
4888	10.682757
4889	10.682757
4890	10.682757
4891	10.682757
4892	10.682757
4893	10.682757
4894	10.682757
4895	10.682757
4896	10.682757
4897	10.682757
4898	10.682757
4899	10.682757
4900	10.682757
4901	10.682757
4902	10.682757
4903	10.682757
4904	10.682757
4905	10.682757
4906	10.682757
4907	10.682757
4908	10.682757
4909	10.682757
4910	10.682757
4911	10.682757
4912	10.682757
4913	10.682757
4914	10.682757
4915	10.682757
4916	10.682757
4917	10.682757
4918	10.682757
4919	10.682757
4920	10.682757
4921	10.682757
4922	10.682757
4923	10.682757
4924	10.682757
4925	10.682757
4926	10.682757
4927	10.682757
4928	10.682757
4929	10.682757
4930	10.682757
4931	10.682757
4932	10.682757
4933	10.682757
4934	10.682757
4935	10.682757
4936	10.682757
4937	10.682757
4938	10.682757
4939	10.682757
4940	10.682757
4941	10.682757
4942	10.682757
4943	10.682757
4944	10.682757
4945	10.682757
4946	10.682757
4947	10.682757
4948	10.682757
4949	10.682757
4950	10.682757
4951	10.682757
4952	10.682757
4953	10.682757
4954	10.682757
4955	10.682757
4956	10.682757
4957	10.682757
4958	10.682757
4959	10.682757
4960	10.682757
4961	10.682757
4962	10.682757
4963	10.682757
4964	10.682757
4965	10.682757
4966	10.682757
4967	10.682757
4968	10.682757
4969	10.682757
4970	10.682757
4971	10.682757
4972	10.682757
4973	10.682757
4974	10.682757
4975	10.682757
4976	10.682757
4977	10.682757
4978	10.682757
4979	10.682757
4980	10.682757
4981	10.682757
4982	10.682757
4983	10.682757
4984	10.682757
4985	10.682757
4986	10.682757
4987	10.682757
4988	10.682757
4989	10.682757
4990	10.682757
4991	10.682757
4992	10.682757
4993	10.682757
4994	10.682757
4995	10.682757
4996	10.682757
4997	10.682757
4998	10.682757
4999	10.682757
5000	10.682757
5001	10.682757
5002	10.682757
5003	10.682757
5004	10.682757
5005	10.682757
5006	10.682757
5007	10.682757
5008	10.682757
5009	10.682757
5010	10.682757
5011	10.682757
5012	10.682757
5013	10.682757
5014	10.682757
5015	10.682757
5016	10.682757
5017	10.682757
5018	10.682757
5019	10.682757
5020	10.682757
5021	10.682757
5022	10.682757
5023	10.682757
5024	10.682757
5025	10.682757
5026	10.682757
5027	10.682757
5028	10.682757
5029	10.682757
5030	10.682757
5031	10.682757
5032	10.682757
5033	10.682757
5034	10.682757
5035	10.682757
5036	10.682757
5037	10.682757
5038	10.682757
5039	10.682757
5040	10.682757
5041	10.682757
5042	10.682757
5043	10.682757
5044	10.682757
5045	10.682757
5046	10.682757
5047	10.682757
5048	10.682757
5049	10.682757
5050	10.682757
5051	10.682757
5052	10.682757
5053	10.682757
5054	10.682757
5055	10.682757
5056	10.682757
5057	10.682757
5058	10.682757
5059	10.682757
5060	10.682757
5061	10.682757
5062	10.682757
5063	10.682757
5064	10.682757
5065	10.682757
5066	10.682757
5067	10.682757
5068	10.682757
5069	10.682757
5070	10.682757
5071	10.682757
5072	10.682757
5073	10.682757
5074	10.682757
5075	10.682757
5076	10.682757
5077	10.682757
5078	10.682757
5079	10.682757
5080	10.682757
5081	10.682757
5082	10.682757
5083	10.682757
5084	10.682757
5085	10.682757
5086	10.682757
5087	10.682757
5088	10.682757
5089	10.682757
5090	10.682757
5091	10.682757
5092	10.682757
5093	10.682757
5094	10.682757
5095	10.682757
5096	10.682757
5097	10.682757
5098	10.682757
5099	10.682757
5100	10.682757
5101	10.682757
5102	10.682757
5103	10.682757
5104	10.682757
5105	10.682757
5106	10.682757
5107	10.682757
5108	10.682757
5109	10.682757
5110	10.682757
5111	10.682757
5112	10.682757
5113	10.682757
5114	10.682757
5115	10.682757
5116	10.682757
5117	10.682757
5118	10.682757
5119	10.682757
5120	10.682757
5121	10.682757
5122	10.682757
5123	10.682757
5124	10.682757
5125	10.682757
5126	10.682757
5127	10.682757
5128	10.682757
5129	10.682757
5130	10.682757
5131	10.682757
5132	10.682757
5133	10.682757
5134	10.682757
5135	10.682757
5136	10.682757
5137	10.682757
5138	10.682757
5139	10.682757
5140	10.682757
5141	10.682757
5142	10.682757
5143	10.682757
5144	10.682757
5145	10.682757
5146	10.682757
5147	10.682757
5148	10.682757
5149	10.682757
5150	10.682757
5151	10.682757
5152	10.682757
5153	10.682757
5154	10.682757
5155	10.682757
5156	10.682757
5157	10.682757
5158	10.682757
5159	10.682757
5160	10.682757
5161	10.682757
5162	10.682757
5163	10.682757
5164	10.682757
5165	10.682757
5166	10.682757
5167	10.682757
5168	10.682757
5169	10.682757
5170	10.682757
5171	10.682757
5172	10.682757
5173	10.682757
5174	10.682757
5175	10.682757
5176	10.682757
5177	10.682757
5178	10.682757
5179	10.682757
5180	10.682757
5181	10.682757
5182	10.682757
5183	10.682757
5184	10.682757
5185	10.682757
5186	10.682757
5187	10.682757
5188	10.682757
5189	10.682757
5190	10.682757
5191	10.682757
5192	10.682757
5193	10.682757
5194	10.682757
5195	10.682757
5196	10.682757
5197	10.682757
5198	10.682757
5199	10.682757
5200	10.682757
5201	10.682757
5202	10.682757
5203	10.682757
5204	10.682757
5205	10.682757
5206	10.682757
5207	10.682757
5208	10.682757
5209	10.682757
5210	10.682757
5211	10.682757
5212	10.682757
5213	10.682757
5214	10.682757
5215	10.682757
5216	10.682757
5217	10.682757
5218	10.682757
5219	10.682757
5220	10.682757
5221	10.682757
5222	10.682757
5223	10.682757
5224	10.682757
5225	10.682757
5226	10.682757
5227	10.682757
5228	10.682757
5229	10.682757
5230	10.682757
5231	10.682757
5232	10.682757
5233	10.682757
5234	10.682757
5235	10.682757
5236	10.682757
5237	10.682757
5238	10.682757
5239	10.682757
5240	10.682757
5241	10.682757
5242	10.682757
5243	10.682757
5244	10.682757
5245	10.682757
5246	10.682757
5247	10.682757
5248	10.682757
5249	10.682757
5250	10.682757
5251	10.682757
5252	10.682757
5253	10.682757
5254	10.682757
5255	10.682757
5256	10.682757
5257	10.682757
5258	10.682757
5259	10.682757
5260	10.682757
5261	10.682757
5262	10.682757
5263	10.682757
5264	10.682757
5265	10.682757
5266	10.682757
5267	10.682757
5268	10.682757
5269	10.682757
5270	10.682757
5271	10.682757
5272	10.682757
5273	10.682757
5274	10.682757
5275	10.682757
5276	10.682757
5277	10.682757
5278	10.682757
5279	10.682757
5280	10.682757
5281	10.682757
5282	10.682757
5283	10.682757
5284	10.682757
5285	10.682757
5286	10.682757
5287	10.682757
5288	10.682757
5289	10.682757
5290	10.682757
5291	10.682757
5292	10.682757
5293	10.682757
5294	10.682757
5295	10.682757
5296	10.682757
5297	10.682757
5298	10.682757
5299	10.682757
5300	10.682757
5301	10.682757
5302	10.682757
5303	10.682757
5304	10.682757
5305	10.682757
5306	10.682757
5307	10.682757
5308	10.682757
5309	10.682757
5310	10.682757
5311	10.682757
5312	10.682757
5313	10.682757
5314	10.682757
5315	10.682757
5316	10.682757
5317	10.682757
5318	10.682757
5319	10.682757
5320	10.682757
5321	10.682757
5322	10.682757
5323	10.682757
5324	10.682757
5325	10.682757
5326	10.682757
5327	10.682757
5328	10.682757
5329	10.682757
5330	10.682757
5331	10.682757
5332	10.682757
5333	10.682757
5334	10.682757
5335	10.682757
5336	10.682757
5337	10.682757
5338	10.682757
5339	10.682757
5340	10.682757
5341	10.682757
5342	10.682757
5343	10.682757
5344	10.682757
5345	10.682757
5346	10.682757
5347	10.682757
5348	10.682757
5349	10.682757
5350	10.682757
5351	10.682757
5352	10.682757
5353	10.682757
5354	10.682757
5355	10.682757
5356	10.682757
5357	10.682757
5358	10.682757
5359	10.682757
5360	10.682757
5361	10.682757
5362	10.682757
5363	10.682757
5364	10.682757
5365	10.682757
5366	10.682757
5367	10.682757
5368	10.682757
5369	10.682757
5370	10.682757
5371	10.682757
5372	10.682757
5373	10.682757
5374	10.682757
5375	10.682757
5376	10.682757
5377	10.682757
5378	10.682757
5379	10.682757
5380	10.682757
5381	10.682757
5382	10.682757
5383	10.682757
5384	10.682757
5385	10.682757
5386	10.682757
5387	10.682757
5388	10.682757
5389	10.682757
5390	10.682757
5391	10.682757
5392	10.682757
5393	10.682757
5394	10.682757
5395	10.682757
5396	10.682757
5397	10.682757
5398	10.682757
5399	10.682757
5400	10.682757
5401	10.682757
5402	10.682757
5403	10.682757
5404	10.682757
5405	10.682757
5406	10.682757
5407	10.682757
5408	10.682757
5409	10.682757
5410	10.682757
5411	10.682757
5412	10.682757
5413	10.682757
5414	10.682757
5415	10.682757
5416	10.682757
5417	10.682757
5418	10.682757
5419	10.682757
5420	10.682757
5421	10.682757
5422	10.682757
5423	10.682757
5424	10.682757
5425	10.682757
5426	10.682757
5427	10.682757
5428	10.682757
5429	10.682757
5430	10.682757
5431	10.682757
5432	10.682757
5433	10.682757
5434	10.682757
5435	10.682757
5436	10.682757
5437	10.682757
5438	10.682757
5439	10.682757
5440	10.682757
5441	10.682757
5442	10.682757
5443	10.682757
5444	10.682757
5445	10.682757
5446	10.682757
5447	10.682757
5448	10.682757
5449	10.682757
5450	10.682757
5451	10.682757
5452	10.682757
5453	10.682757
5454	10.682757
5455	10.682757
5456	10.682757
5457	10.682757
5458	10.682757
5459	10.682757
5460	10.682757
5461	10.682757
5462	10.682757
5463	10.682757
5464	10.682757
5465	10.682757
5466	10.682757
5467	10.682757
5468	10.682757
5469	10.682757
5470	10.682757
5471	10.682757
5472	10.682757
5473	10.682757
5474	10.682757
5475	10.682757
5476	10.682757
5477	10.682757
5478	10.682757
5479	10.682757
5480	10.682757
5481	10.682757
5482	10.682757
5483	10.682757
5484	10.682757
5485	10.682757
5486	10.682757
5487	10.682757
5488	10.682757
5489	10.682757
5490	10.682757
5491	10.682757
5492	10.682757
5493	10.682757
5494	10.682757
5495	10.682757
5496	10.682757
5497	10.682757
5498	10.682757
5499	10.682757
5500	10.682757
5501	10.682757
5502	10.682757
5503	10.682757
5504	10.682757
5505	10.682757
5506	10.682757
5507	10.682757
5508	10.682757
5509	10.682757
5510	10.682757
5511	10.682757
5512	10.682757
5513	10.682757
5514	10.682757
5515	10.682757
5516	10.682757
5517	10.682757
5518	10.682757
5519	10.682757
5520	10.682757
5521	10.682757
5522	10.682757
5523	10.682757
5524	10.682757
5525	10.682757
5526	10.682757
5527	10.682757
5528	10.682757
5529	10.682757
5530	10.682757
5531	10.682757
5532	10.682757
5533	10.682757
5534	10.682757
5535	10.682757
5536	10.682757
5537	10.682757
5538	10.682757
5539	10.682757
5540	10.682757
5541	10.682757
5542	10.682757
5543	10.682757
5544	10.682757
5545	10.682757
5546	10.682757
5547	10.682757
5548	10.682757
5549	10.682757
5550	10.682757
5551	10.682757
5552	10.682757
5553	10.682757
5554	10.682757
5555	10.682757
5556	10.682757
5557	10.682757
5558	10.682757
5559	10.682757
5560	10.682757
5561	10.682757
5562	10.682757
5563	10.682757
5564	10.682757
5565	10.682757
5566	10.682757
5567	10.682757
5568	10.682757
5569	10.682757
5570	10.682757
5571	10.682757
5572	10.682757
5573	10.682757
5574	10.682757
5575	10.682757
5576	10.682757
5577	10.682757
5578	10.682757
5579	10.682757
5580	10.682757
5581	10.682757
5582	10.682757
5583	10.682757
5584	10.682757
5585	10.682757
5586	10.682757
5587	10.682757
5588	10.682757
5589	10.682757
5590	10.682757
5591	10.682757
5592	10.682757
5593	10.682757
5594	10.682757
5595	10.682757
5596	10.682757
5597	10.682757
5598	10.682757
5599	10.682757
5600	10.682757
5601	10.682757
5602	10.682757
5603	10.682757
5604	10.682757
5605	10.682757
5606	10.682757
5607	10.682757
5608	10.682757
5609	10.682757
5610	10.682757
5611	10.682757
5612	10.682757
5613	10.682757
5614	10.682757
5615	10.682757
5616	10.682757
5617	10.682757
5618	10.682757
5619	10.682757
5620	10.682757
5621	10.682757
5622	10.682757
5623	10.682757
5624	10.682757
5625	10.682757
5626	10.682757
5627	10.682757
5628	10.682757
5629	10.682757
5630	10.682757
5631	10.682757
5632	10.682757
5633	10.682757
5634	10.682757
5635	10.682757
5636	10.682757
5637	10.682757
5638	10.682757
5639	10.682757
5640	10.682757
5641	10.682757
5642	10.682757
5643	10.682757
5644	10.682757
5645	10.682757
5646	10.682757
5647	10.682757
5648	10.682757
5649	10.682757
5650	10.682757
5651	10.682757
5652	10.682757
5653	10.682757
5654	10.682757
5655	10.682757
5656	10.682757
5657	10.682757
5658	10.682757
5659	10.682757
5660	10.682757
5661	10.682757
5662	10.682757
5663	10.682757
5664	10.682757
5665	10.682757
5666	10.682757
5667	10.682757
5668	10.682757
5669	10.682757
5670	10.682757
5671	10.682757
5672	10.682757
5673	10.682757
5674	10.682757
5675	10.682757
5676	10.682757
5677	10.682757
5678	10.682757
5679	10.682757
5680	10.682757
5681	10.682757
5682	10.682757
5683	10.682757
5684	10.682757
5685	10.682757
5686	10.682757
5687	10.682757
5688	10.682757
5689	10.682757
5690	10.682757
5691	10.682757
5692	10.682757
5693	10.682757
5694	10.682757
5695	10.682757
5696	10.682757
5697	10.682757
5698	10.682757
5699	10.682757
5700	10.682757
5701	10.682757
5702	10.682757
5703	10.682757
5704	10.682757
5705	10.682757
5706	10.682757
5707	10.682757
5708	10.682757
5709	10.682757
5710	10.682757
5711	10.682757
5712	10.682757
5713	10.682757
5714	10.682757
5715	10.682757
5716	10.682757
5717	10.682757
5718	10.682757
5719	10.682757
5720	10.682757
5721	10.682757
5722	10.682757
5723	10.682757
5724	10.682757
5725	10.682757
5726	10.682757
5727	10.682757
5728	10.682757
5729	10.682757
5730	10.682757
5731	10.682757
5732	10.682757
5733	10.682757
5734	10.682757
5735	10.682757
5736	10.682757
5737	10.682757
5738	10.682757
5739	10.682757
5740	10.682757
5741	10.682757
5742	10.682757
5743	10.682757
5744	10.682757
5745	10.682757
5746	10.682757
5747	10.682757
5748	10.682757
5749	10.682757
5750	10.682757
5751	10.682757
5752	10.682757
5753	10.682757
5754	10.682757
5755	10.682757
5756	10.682757
5757	10.682757
5758	10.682757
5759	10.682757
5760	10.682757
5761	10.682757
5762	10.682757
5763	10.682757
5764	10.682757
5765	10.682757
5766	10.682757
5767	10.682757
5768	10.682757
5769	10.682757
5770	10.682757
5771	10.682757
5772	10.682757
5773	10.682757
5774	10.682757
5775	10.682757
5776	10.682757
5777	10.682757
5778	10.682757
5779	10.682757
5780	10.682757
5781	10.682757
5782	10.682757
5783	10.682757
5784	10.682757
5785	10.682757
5786	10.682757
5787	10.682757
5788	10.682757
5789	10.682757
5790	10.682757
5791	10.682757
5792	10.682757
5793	10.682757
5794	10.682757
5795	10.682757
5796	10.682757
5797	10.682757
5798	10.682757
5799	10.682757
5800	10.682757
5801	10.682757
5802	10.682757
5803	10.682757
5804	10.682757
5805	10.682757
5806	10.682757
5807	10.682757
5808	10.682757
5809	10.682757
5810	10.682757
5811	10.682757
5812	10.682757
5813	10.682757
5814	10.682757
5815	10.682757
5816	10.682757
5817	10.682757
5818	10.682757
5819	10.682757
5820	10.682757
5821	10.682757
5822	10.682757
5823	10.682757
5824	10.682757
5825	10.682757
5826	10.682757
5827	10.682757
5828	10.682757
5829	10.682757
5830	10.682757
5831	10.682757
5832	10.682757
5833	10.682757
5834	10.682757
5835	10.682757
5836	10.682757
5837	10.682757
5838	10.682757
5839	10.682757
5840	10.682757
5841	10.682757
5842	10.682757
5843	10.682757
5844	10.682757
5845	10.682757
5846	10.682757
5847	10.682757
5848	10.682757
5849	10.682757
5850	10.682757
5851	10.682757
5852	10.682757
5853	10.682757
5854	10.682757
5855	10.682757
5856	10.682757
5857	10.682757
5858	10.682757
5859	10.682757
5860	10.682757
5861	10.682757
5862	10.682757
5863	10.682757
5864	10.682757
5865	10.682757
5866	10.682757
5867	10.682757
5868	10.682757
5869	10.682757
5870	10.682757
5871	10.682757
5872	10.682757
5873	10.682757
5874	10.682757
5875	10.682757
5876	10.682757
5877	10.682757
5878	10.682757
5879	10.682757
5880	10.682757
5881	10.682757
5882	10.682757
5883	10.682757
5884	10.682757
5885	10.682757
5886	10.682757
5887	10.682757
5888	10.682757
5889	10.682757
5890	10.682757
5891	10.682757
5892	10.682757
5893	10.682757
5894	10.682757
5895	10.682757
5896	10.682757
5897	10.682757
5898	10.682757
5899	10.682757
5900	10.682757
5901	10.682757
5902	10.682757
5903	10.682757
5904	10.682757
5905	10.682757
5906	10.682757
5907	10.682757
5908	10.682757
5909	10.682757
5910	10.682757
5911	10.682757
5912	10.682757
5913	10.682757
5914	10.682757
5915	10.682757
5916	10.682757
5917	10.682757
5918	10.682757
5919	10.682757
5920	10.682757
5921	10.682757
5922	10.682757
5923	10.682757
5924	10.682757
5925	10.682757
5926	10.682757
5927	10.682757
5928	10.682757
5929	10.682757
5930	10.682757
5931	10.682757
5932	10.682757
5933	10.682757
5934	10.682757
5935	10.682757
5936	10.682757
5937	10.682757
5938	10.682757
5939	10.682757
5940	10.682757
5941	10.682757
5942	10.682757
5943	10.682757
5944	10.682757
5945	10.682757
5946	10.682757
5947	10.682757
5948	10.682757
5949	10.682757
5950	10.682757
5951	10.682757
5952	10.682757
5953	10.682757
5954	10.682757
