1	6.926819
2	6.926819
3	6.858787
4	6.913827
5	6.913827
6	6.900693
7	6.900693
8	6.931376
9	6.981337
10	6.981337
11	6.981337
12	7.072767
13	7.021743
14	7.021743
15	7.134555
16	7.402977
17	7.448667
18	7.32002
19	7.386395
20	7.417595
21	7.307979
22	7.329751
23	7.329751
24	7.428433
25	7.441282
26	7.527391
27	7.527391
28	7.538335
29	7.566793
30	7.590193
31	7.590193
32	7.654071
33	7.673777
34	7.683689
35	7.737275
36	7.761805
37	7.786459
38	7.904323
39	7.910701
40	7.932109
41	8.053059
42	8.098038
43	8.10408
44	8.136424
45	8.136424
46	8.136424
47	8.149357
48	8.149357
49	8.18419
50	8.267494
51	8.27005
52	8.278915
53	7.935343
54	7.973689
55	7.973689
56	7.992949
57	7.992949
58	7.992949
59	7.862342
60	7.862342
61	7.862342
62	7.888828
63	7.872988
64	7.927822
65	7.927822
66	7.970441
67	7.983527
68	8.004264
69	8.004264
70	8.004264
71	8.039624
72	8.104467
73	8.044589
74	8.044589
75	8.044589
76	8.113952
77	8.144429
78	8.148602
79	8.168522
80	8.187426
81	8.238735
82	8.248353
83	8.248353
84	8.261351
85	8.261351
86	8.189476
87	8.262961
88	8.251902
89	8.251902
90	8.214689
91	8.214689
92	8.214689
93	8.15709
94	7.991562
95	7.910958
96	7.900563
97	8.052715
98	8.155632
99	8.169008
100	8.194238
101	8.208863
102	8.314014
103	8.31612
104	8.33612
105	8.282267
106	8.790177
107	8.790177
108	8.792559
109	8.792559
110	8.807875
111	8.787875
112	8.952339
113	8.873664
114	8.873664
115	8.711371
116	8.731371
117	8.711371
118	8.711371
119	8.941211
120	9.024923
121	9.033848
122	9.199664
123	9.199664
124	9.139836
125	9.101469
126	9.144234
127	9.144234
128	9.144234
129	9.135363
130	9.284653
131	9.322381
132	9.322381
133	9.322381
134	9.322381
135	9.407604
136	9.464826
137	9.464826
138	9.427122
139	9.312658
140	9.312658
141	9.365956
142	9.365956
143	9.396061
144	9.396061
145	9.396061
146	9.402931
147	9.465086
148	9.472574
149	9.510914
150	9.510914
151	9.340295
152	9.340295
153	9.263089
154	9.555208
155	9.555208
156	9.565306
157	9.56698
158	9.56698
159	9.56698
160	9.576457
161	9.590974
162	9.608299
163	9.608299
164	9.639354
165	9.639354
166	9.658536
167	9.658536
168	9.658536
169	9.29935
170	9.29935
171	9.303925
172	9.050746
173	9.161713
174	9.161713
175	9.161713
176	9.161713
177	9.161713
178	9.161713
179	9.237208
180	9.15266
181	9.15266
182	9.15266
183	9.15266
184	9.257534
185	9.171781
186	9.259142
187	8.967023
188	8.967023
189	8.967023
190	8.967023
191	8.967023
192	9.004236
193	9.099906
194	9.062693
195	9.062693
196	9.062693
197	9.076645
198	9.295319
199	9.302172
200	9.302172
201	9.302172
202	9.302172
203	9.302172
204	8.945109
205	8.945109
206	8.945109
207	8.840235
208	8.840235
209	8.953079
210	8.953079
211	9.0497
212	9.172607
213	9.227415
214	9.227415
215	9.227415
216	9.227415
217	9.227415
218	9.159928
219	9.159928
220	9.159928
221	9.164717
222	9.069047
223	9.069047
224	9.069047
225	9.086359
226	9.086359
227	9.082264
228	9.016505
229	9.365723
230	9.365723
231	9.289451
232	9.612602
233	9.624542
234	9.624542
235	9.624542
236	9.624542
237	9.624542
238	9.624542
239	9.624542
240	9.892481
241	9.761539
242	9.761539
243	9.784623
244	9.784623
245	9.545398
246	9.545398
247	9.57883
248	9.57883
249	9.57883
250	9.57883
251	9.57883
252	9.57883
253	9.859587
254	9.859587
255	9.859587
256	9.828731
257	9.831387
258	9.831387
259	10.141382
260	10.141382
261	10.141382
262	10.141382
263	10.048651
264	10.048651
265	10.048651
266	10.048651
267	10.112946
268	10.112946
269	10.171135
270	10.171135
271	10.065861
272	10.065861
273	10.065861
274	10.120669
275	10.120669
276	10.297907
277	10.297907
278	10.313067
279	10.096379
280	10.096379
281	10.010023
282	10.058869
283	9.858998
284	9.858998
285	9.858998
286	9.771524
287	9.686949
288	9.686949
289	9.686949
290	9.686949
291	9.659864
292	9.659864
293	9.659864
294	9.73412
295	9.669825
296	9.779801
297	9.779801
298	9.779801
299	9.779801
300	9.779801
301	9.779801
302	9.864376
303	9.864376
304	9.814571
305	9.987672
306	9.884593
307	9.886782
308	9.754488
309	9.811768
310	9.811768
311	9.811768
312	9.811768
313	9.940512
314	9.803689
315	9.803689
316	9.803689
317	10.143869
318	10.143869
319	10.143869
320	10.138496
321	10.138496
322	10.138496
323	9.973944
324	9.973944
325	9.973944
326	9.973944
327	9.973944
328	10.000411
329	10.000411
330	10.028868
331	10.028868
332	10.306444
333	10.306444
334	10.306444
335	10.306444
336	10.306444
337	10.306444
338	10.36075
339	10.425045
340	10.425045
341	10.425045
342	10.425045
343	10.425045
344	10.425045
345	10.425045
346	10.165546
347	10.165546
348	10.165546
349	10.165546
350	10.165546
351	9.929384
352	9.985919
353	9.985919
354	9.985919
355	10.193624
356	10.254625
357	10.442958
358	10.364353
359	10.364353
360	10.364353
361	10.364353
362	10.364353
363	10.364353
364	10.34107
365	10.34107
366	10.351527
367	10.449378
368	10.449378
369	10.449378
370	10.449378
371	10.449378
372	10.449378
373	10.449378
374	10.449378
375	10.449378
376	10.449378
377	10.449378
378	10.449378
379	10.472743
380	10.472743
381	10.472743
382	10.472743
383	10.472743
384	10.492046
385	10.492046
386	10.492046
387	10.492046
388	10.492046
389	10.506958
390	10.506958
391	10.506958
392	10.495262
393	10.495262
394	10.503825
395	10.503825
396	10.503825
397	10.503825
398	10.503825
399	10.503825
400	10.503825
401	10.503825
402	10.550614
403	10.550614
404	10.550614
405	10.550614
406	10.550614
407	10.550614
408	10.550614
409	10.550614
410	10.550614
411	10.550614
412	10.550614
413	10.550614
414	10.550614
415	10.550614
416	10.550614
417	10.550614
418	10.538622
419	10.567079
420	10.567079
421	10.567079
422	10.567079
423	10.544431
424	10.544431
425	10.537876
426	10.537876
427	10.537876
428	10.537876
429	10.537876
430	10.537876
431	10.537876
432	10.537876
433	10.537876
434	10.537876
435	10.537876
436	10.537876
437	10.537876
438	10.576609
439	10.576609
440	10.576609
441	10.576609
442	10.576609
443	10.576609
444	10.405867
445	10.405867
446	10.405867
447	10.405867
448	10.405867
449	10.405867
450	10.405867
451	10.405867
452	10.405867
453	10.405867
454	10.405867
455	10.405867
456	10.405867
457	10.405867
458	10.405867
459	10.412805
460	10.412805
461	10.412805
462	10.446635
463	10.446635
464	10.446635
465	10.446635
466	10.446635
467	10.446635
468	10.446635
469	10.446635
470	10.446635
471	10.446635
472	10.446635
473	10.446635
474	10.446635
475	10.446635
476	10.446635
477	10.446635
478	10.446635
479	10.587552
480	10.587552
481	10.464755
482	10.464755
483	10.464755
484	10.464755
485	10.464755
486	10.464755
487	10.464755
488	10.476747
489	10.476747
490	10.501224
491	10.501224
492	10.501224
493	10.501224
494	10.501224
495	10.501224
496	10.46099
497	10.46099
498	10.374226
499	10.229984
500	10.229984
501	10.313711
502	10.292241
503	10.292241
504	10.292241
505	10.476117
506	10.476117
507	10.476117
508	10.476117
509	10.476117
510	10.476117
511	10.476117
512	10.476117
513	10.476117
514	10.476117
515	10.476117
516	10.476117
517	10.476117
518	10.476117
519	10.476117
520	10.488755
521	10.547285
522	10.547285
523	10.547285
524	10.547285
525	10.547285
526	10.475249
527	10.475249
528	10.475249
529	10.589872
530	10.589872
531	10.589872
532	10.561017
533	10.561017
534	10.561017
535	10.561017
536	10.561017
537	10.564299
538	10.472811
539	10.472811
540	10.42326
541	10.42326
542	10.42326
543	10.42326
544	10.42326
545	10.42326
546	10.42326
547	10.42326
548	10.42326
549	10.453225
550	10.453225
551	10.495612
552	10.495612
553	10.536009
554	10.552598
555	10.552598
556	10.552598
557	10.552598
558	10.552598
559	10.552598
560	10.552598
561	10.552598
562	10.34151
563	10.373947
564	10.445983
565	10.445983
566	10.445983
567	10.445983
568	10.445983
569	10.643743
570	10.654129
571	10.654129
572	10.654129
573	10.654129
574	10.654129
575	10.654129
576	10.654129
577	10.654129
578	10.654129
579	10.654129
580	10.643743
581	10.643743
582	10.643743
583	10.643743
584	10.643743
585	10.634271
586	10.66043
587	10.66043
588	10.66043
589	10.66043
590	10.66043
591	10.66043
592	10.66043
593	10.66043
594	10.66043
595	10.669902
596	10.669902
597	10.669902
598	10.669902
599	10.669902
600	10.669902
601	10.669902
602	10.66043
603	10.66043
604	10.66043
605	10.66043
606	10.652523
607	10.652523
608	10.652523
609	10.652523
610	10.652523
611	10.652523
612	10.652523
613	10.652523
614	10.652523
615	10.652523
616	10.652523
617	10.652523
618	10.672025
619	10.672025
620	10.672025
621	10.672025
622	10.672025
623	10.672025
624	10.672025
625	10.523969
626	10.523969
627	10.523969
628	10.523969
629	10.523969
630	10.523969
631	10.523969
632	10.523969
633	10.523969
634	10.523969
635	10.523969
636	10.523969
637	10.523969
638	10.452926
639	10.452926
640	10.452926
641	10.452926
642	10.452926
643	10.452926
644	10.452926
645	10.452926
646	10.452926
647	10.452926
648	10.452926
649	10.452926
650	10.452926
651	10.452926
652	10.452926
653	10.452926
654	10.462398
655	10.462398
656	10.462398
657	10.462398
658	10.558597
659	10.568547
660	10.592427
661	10.45699
662	10.558279
663	10.558279
664	10.558279
665	10.554697
666	10.554697
667	10.554697
668	10.66156
669	10.66156
670	10.66156
671	10.66156
672	10.66156
673	10.66156
674	10.66156
675	10.66156
676	10.66156
677	10.66156
678	10.66156
679	10.66156
680	10.66156
681	10.66156
682	10.744941
683	10.744941
684	10.744941
685	10.744941
686	10.744941
687	10.766035
688	10.766035
689	10.766035
690	10.766035
691	10.736899
692	10.736899
693	10.736899
694	10.736899
695	10.736899
696	10.617902
697	10.617902
698	10.652777
699	10.652777
700	10.652777
701	10.652777
702	10.652777
703	10.652777
704	10.652777
705	10.652777
706	10.652777
707	10.652777
708	10.611462
709	10.611462
710	10.614861
711	10.614861
712	10.614861
713	10.614861
714	10.614861
715	10.614861
716	10.614861
717	10.614861
718	10.614861
719	10.614861
720	10.614861
721	10.614861
722	10.614861
723	10.614861
724	10.614861
725	10.614861
726	10.614861
727	10.614861
728	10.614861
729	10.614861
730	10.764138
731	10.76772
732	10.858457
733	10.858457
734	10.858457
735	10.858457
736	10.858457
737	10.858457
738	10.858457
739	10.858457
740	10.858457
741	10.858457
742	10.858457
743	10.858457
744	10.858457
745	10.858457
746	10.858457
747	10.858457
748	10.858457
749	10.858457
750	10.858457
751	10.858457
752	10.858457
753	10.858457
754	10.858457
755	10.858457
756	10.858457
757	10.858457
758	10.858457
759	10.858457
760	10.858457
761	10.858457
762	10.858457
763	10.858457
764	10.858457
765	10.858457
766	10.796874
767	10.796874
768	10.796874
769	10.796874
770	10.796874
771	10.796874
772	10.796874
773	10.796874
774	10.796874
775	10.796874
776	10.796874
777	10.796874
778	10.796874
779	10.796874
780	10.796874
781	10.796874
782	10.796874
783	10.796874
784	10.796874
785	10.796874
786	10.796874
787	10.796874
788	10.796874
789	10.796874
790	10.796874
791	10.77976
792	10.77976
793	10.77976
794	10.77976
795	10.77976
796	10.77976
797	10.77976
798	10.77976
799	10.77976
800	10.77976
801	10.77976
802	10.77976
803	10.893677
804	10.893677
805	10.893677
806	10.893677
807	10.893677
808	10.893677
809	10.893677
810	10.893677
811	10.780291
812	10.81034
813	10.81034
814	10.823275
815	10.823275
816	10.823275
817	10.823275
818	10.823275
819	10.823275
820	10.823275
821	10.823275
822	10.823275
823	10.823275
824	10.823275
825	10.823275
826	10.823275
827	10.823275
828	10.823275
829	10.823275
830	10.823275
831	10.823275
832	10.823275
833	10.823275
834	10.823275
835	10.823275
836	10.810458
837	10.810458
838	10.810458
839	10.810458
840	10.810458
841	10.92865
842	10.92865
843	10.92865
844	10.92865
845	10.92865
846	10.92865
847	10.92865
848	10.92865
849	10.92865
850	10.92865
851	10.92865
852	10.92865
853	10.92865
854	10.92865
855	10.92865
856	10.92865
857	10.92865
858	10.92865
859	10.92865
860	10.92865
861	10.92865
862	10.92865
863	10.92865
864	10.92865
865	10.92865
866	10.92865
867	10.92865
868	11.066955
869	11.066955
870	11.066955
871	11.066955
872	11.066955
873	11.066955
874	11.066955
875	11.074615
876	11.074615
877	11.074615
878	11.074615
879	11.074615
880	11.074615
881	11.074615
882	11.074615
883	11.074615
884	11.074615
885	11.074615
886	11.074615
887	11.074615
888	11.074615
889	11.074615
890	11.082177
891	11.082177
892	11.082177
893	11.082177
894	11.082177
895	11.082177
896	11.020896
897	11.020896
898	11.020896
899	11.020896
900	11.020896
901	11.020896
902	11.020896
903	11.020896
904	11.020896
905	11.020896
906	11.020896
907	11.020896
908	11.020896
909	11.020896
910	11.020896
911	11.020896
912	11.020896
913	11.020896
914	11.020896
915	11.020896
916	11.020896
917	11.020896
918	11.007961
919	11.007961
920	11.007961
921	11.007961
922	11.007961
923	11.007961
924	11.007961
925	11.007961
926	11.007961
927	11.007961
928	11.007961
929	11.007961
930	11.007961
931	11.007961
932	11.007961
933	11.007961
934	11.007961
935	11.007961
936	11.007961
937	11.000399
938	11.000399
939	11.000399
940	11.000399
941	11.000399
942	11.000399
943	11.000399
944	11.000399
945	11.000399
946	11.049214
947	11.049214
948	11.049214
949	11.049214
950	11.049214
951	11.049214
952	11.049214
953	11.049214
954	11.049214
955	11.049214
956	11.049214
957	11.011404
958	11.011404
959	11.011404
960	11.011404
961	11.011404
962	11.011404
963	11.011404
964	11.011404
965	11.011404
966	11.011404
967	11.011404
968	11.011404
969	11.011404
970	11.011404
971	11.011404
972	11.011404
973	11.072987
974	11.072987
975	11.072987
976	11.072987
977	11.072987
978	11.072987
979	11.072987
980	11.072987
981	11.072987
982	11.072987
983	11.072958
984	11.072958
985	11.072958
986	11.072958
987	11.072958
988	11.047287
989	11.047287
990	11.047287
991	11.047287
992	11.047287
993	11.047287
994	11.047287
995	11.047287
996	11.047287
997	11.047287
998	11.047287
999	11.047287
1000	11.047287
1001	11.047287
1002	11.047287
1003	11.047287
1004	11.047287
1005	11.047287
1006	11.047287
1007	11.047287
1008	11.047287
1009	11.026193
1010	11.026193
1011	11.026193
1012	11.026193
1013	11.026193
1014	11.026193
1015	11.026193
1016	11.026193
1017	11.026193
1018	11.026193
1019	11.026193
1020	11.026193
1021	11.026193
1022	11.026193
1023	11.026193
1024	11.026193
1025	11.026193
1026	11.026193
1027	11.026193
1028	11.026193
1029	11.026193
1030	11.026193
1031	11.026193
1032	11.026193
1033	11.026193
1034	11.026193
1035	11.026193
1036	11.026193
1037	11.026193
1038	11.026193
1039	11.026193
1040	11.026193
1041	11.026193
1042	11.026193
1043	11.026193
1044	11.026193
1045	11.026193
1046	11.026193
1047	10.821422
1048	10.821422
1049	10.821422
1050	10.821422
1051	10.821422
1052	10.821422
1053	10.821422
1054	10.821422
1055	10.821422
1056	10.821422
1057	10.821422
1058	10.821422
1059	10.821422
1060	10.821422
1061	10.821422
1062	10.821422
1063	10.821422
1064	10.821422
1065	10.821422
1066	10.821422
1067	10.821422
1068	10.821422
1069	10.821422
1070	10.821422
1071	10.821422
1072	10.821422
1073	10.821422
1074	10.821422
1075	10.821422
1076	10.821422
1077	10.821422
1078	10.821422
1079	10.821422
1080	10.821422
1081	10.821422
1082	10.821422
1083	10.821422
1084	10.821422
1085	10.821422
1086	10.821422
1087	10.821422
1088	10.821422
1089	10.821422
1090	10.821422
1091	10.821422
1092	10.821422
1093	10.821422
1094	10.821422
1095	10.821422
1096	10.821422
1097	10.821422
1098	10.821422
1099	10.821422
1100	10.821422
1101	10.821422
1102	10.821422
1103	10.821422
1104	10.821422
1105	10.821422
1106	10.821422
1107	10.821422
1108	10.821422
1109	10.821422
1110	10.821422
1111	10.821422
1112	10.821422
1113	10.821422
1114	10.821422
1115	10.821422
1116	10.821422
1117	10.821422
1118	10.821422
1119	10.821422
1120	10.821422
1121	10.821422
1122	10.849579
1123	10.849579
1124	10.849579
1125	10.849579
1126	10.849579
1127	10.849579
1128	10.95985
1129	10.95985
1130	10.95985
1131	10.95985
1132	10.95985
1133	10.95985
1134	10.95985
1135	10.95985
1136	10.95985
1137	10.95985
1138	10.95985
1139	10.95985
1140	10.95985
1141	10.95985
1142	10.95985
1143	10.95985
1144	10.95985
1145	10.95985
1146	10.95985
1147	10.95985
1148	10.95985
1149	10.95985
1150	10.95985
1151	10.95985
1152	10.95985
1153	10.95985
1154	10.940547
1155	10.940547
1156	10.940547
1157	10.940547
1158	10.940547
1159	10.940547
1160	10.940547
1161	10.940547
1162	10.940547
1163	10.940547
1164	10.940547
1165	10.940547
1166	10.940547
1167	10.940547
1168	10.940547
1169	10.940547
1170	10.940547
1171	10.940547
1172	10.940547
1173	10.940547
1174	10.95985
1175	10.95985
1176	10.95985
1177	10.95985
1178	10.95985
1179	10.95985
1180	10.980944
1181	10.980944
1182	10.980944
1183	10.980944
1184	10.980944
1185	10.980944
1186	10.980944
1187	11.035669
1188	11.035669
1189	11.035669
1190	11.035669
1191	11.035669
1192	11.035669
1193	11.035669
1194	11.035669
1195	11.035669
1196	11.035669
1197	11.035669
1198	11.035669
1199	11.035669
1200	11.035669
1201	11.035669
1202	11.035669
1203	11.035669
1204	11.035669
1205	11.035669
1206	11.035669
1207	11.035669
1208	11.035669
1209	11.035669
1210	11.035669
1211	11.035669
1212	11.035669
1213	11.035669
1214	11.035669
1215	11.035669
1216	11.035669
1217	11.035669
1218	11.035669
1219	11.035669
1220	11.035669
1221	11.035669
1222	11.035669
1223	11.035669
1224	11.035669
1225	11.035669
1226	11.035669
1227	11.035669
1228	11.035669
1229	11.035669
1230	11.035669
1231	11.035669
1232	11.035669
1233	11.035669
1234	11.035669
1235	11.035669
1236	11.035669
1237	11.035669
1238	11.035669
1239	11.035669
1240	11.035669
1241	11.035669
1242	11.035669
1243	11.035669
1244	11.035669
1245	11.051531
1246	11.051531
1247	11.051531
1248	11.051531
1249	11.051531
1250	11.051531
1251	11.051531
1252	11.051531
1253	11.051531
1254	11.058376
1255	11.072801
1256	11.072801
1257	11.072801
1258	11.072801
1259	11.07698
1260	11.07698
1261	11.07698
1262	11.07698
1263	11.07698
1264	11.07698
1265	11.09798
1266	11.09798
1267	11.09798
1268	11.09798
1269	11.09798
1270	11.09798
1271	11.09798
1272	11.09798
1273	11.09798
1274	11.09798
1275	11.09798
1276	11.09798
1277	11.09798
1278	11.09798
1279	11.09798
1280	11.09798
1281	11.09798
1282	11.09798
1283	11.09798
1284	11.09798
1285	11.09798
1286	11.09798
1287	11.09798
1288	11.09798
1289	11.09798
1290	11.09798
1291	11.09798
1292	11.09798
1293	11.140964
1294	11.140964
1295	11.140964
1296	11.140964
1297	11.140964
1298	11.140964
1299	11.140964
1300	11.140964
1301	11.140964
1302	11.140964
1303	11.140964
1304	11.140964
1305	11.140964
1306	11.140964
1307	11.140964
1308	11.140964
1309	11.140964
1310	11.140964
1311	11.140964
1312	11.140964
1313	11.140964
1314	11.140964
1315	11.140964
1316	11.140964
1317	11.140964
1318	11.140964
1319	11.140964
1320	11.140964
1321	11.140964
1322	11.140964
1323	11.140964
1324	11.140964
1325	11.140964
1326	11.140964
1327	11.140964
1328	11.140964
1329	11.140964
1330	11.140964
1331	11.140964
1332	11.140964
1333	11.140964
1334	11.140964
1335	11.140964
1336	11.140964
1337	11.140964
1338	11.140964
1339	11.140964
1340	11.140964
1341	11.140964
1342	11.140964
1343	11.140964
1344	11.140964
1345	11.140964
1346	11.140964
1347	11.140964
1348	11.140964
1349	11.140964
1350	11.140964
1351	11.140964
1352	11.140964
1353	11.140964
1354	11.140964
1355	11.140964
1356	11.140964
1357	11.140964
1358	11.140964
1359	11.140964
1360	11.140964
1361	11.140964
1362	11.140964
1363	11.140964
1364	11.140964
1365	11.140964
1366	11.140964
1367	11.140964
1368	11.140964
1369	11.140964
1370	11.140964
1371	11.140964
1372	11.140964
1373	11.140964
1374	11.140964
1375	11.140964
1376	11.140964
1377	11.140964
1378	11.140964
1379	11.140964
1380	11.140964
1381	11.140964
1382	11.140964
1383	11.140964
1384	11.140964
1385	11.140964
1386	11.140964
1387	11.140964
1388	11.140964
1389	11.140964
1390	11.140964
1391	11.140964
1392	11.140964
1393	11.140964
1394	11.140964
1395	11.140964
1396	11.140964
1397	11.140964
1398	11.140964
1399	11.140964
1400	11.140964
1401	11.140964
1402	11.140964
1403	11.140964
1404	11.140964
1405	11.140964
1406	11.140964
1407	11.140964
1408	11.140964
1409	11.140964
1410	11.140964
1411	11.140964
1412	11.140964
1413	11.140964
1414	11.140964
1415	11.140964
1416	11.140964
1417	11.140964
1418	11.140964
1419	11.140964
1420	11.140964
1421	11.140964
1422	11.140964
1423	11.140964
1424	11.140964
1425	11.140964
1426	11.140964
1427	11.140964
1428	11.140964
1429	11.140964
1430	11.140964
1431	11.140964
1432	11.140964
1433	11.140964
1434	11.140964
1435	11.140964
1436	11.140964
1437	11.140964
1438	11.140964
1439	11.140964
1440	11.140964
1441	11.140964
1442	11.140964
1443	11.140964
1444	11.140964
1445	11.140964
1446	11.140964
1447	11.140964
1448	11.140964
1449	11.140964
1450	11.140964
1451	11.140964
1452	11.140964
1453	11.140964
1454	11.140964
1455	11.140964
1456	11.140964
1457	11.140964
1458	11.140964
1459	11.140964
1460	11.140964
1461	11.140964
1462	11.140964
1463	11.140964
1464	11.140964
1465	11.140964
1466	11.140964
1467	11.140964
1468	11.140964
1469	11.140964
1470	11.140964
1471	11.140964
1472	11.140964
1473	11.140964
1474	11.140964
1475	11.140964
1476	11.140964
1477	11.140964
1478	11.140964
1479	11.140964
1480	11.140964
1481	11.140964
1482	11.140964
1483	11.140964
1484	11.140964
1485	11.140964
1486	11.140964
1487	11.140964
1488	11.140964
1489	11.140964
1490	11.211211
1491	11.211211
1492	11.211211
1493	11.211211
1494	11.211211
1495	11.211211
1496	11.211211
1497	11.211211
1498	11.211211
1499	11.211211
1500	11.211211
1501	11.211211
1502	11.211211
1503	11.211211
1504	11.211211
1505	11.211211
1506	11.211211
1507	11.211211
1508	11.211211
1509	11.211211
1510	11.211211
1511	11.211211
1512	11.211211
1513	11.211211
1514	11.211211
1515	11.211211
1516	11.211211
1517	11.211211
1518	11.211211
1519	11.211211
1520	11.211211
1521	11.211211
1522	11.211211
1523	11.211211
1524	11.211211
1525	11.211211
1526	11.211211
1527	11.211211
1528	11.211211
1529	11.211211
1530	11.211211
1531	11.211211
1532	11.211211
1533	11.211211
1534	11.211211
1535	11.211211
1536	11.211211
1537	11.211211
1538	11.211211
1539	11.211211
1540	11.211211
1541	11.211211
1542	11.211211
1543	11.211211
1544	11.211211
1545	11.211211
1546	11.211211
1547	11.211211
1548	11.211211
1549	11.211211
1550	11.211211
1551	11.211211
1552	11.211211
1553	11.211211
1554	11.211211
1555	11.211211
1556	11.211211
1557	11.211211
1558	11.211211
1559	11.211211
1560	11.211211
1561	11.211211
1562	11.211211
1563	11.211211
1564	11.211211
1565	11.211211
1566	11.211211
1567	11.211211
1568	11.211211
1569	11.211211
1570	11.211211
1571	11.211211
1572	11.211211
1573	11.211211
1574	11.211211
1575	11.211211
1576	11.211211
1577	11.211211
1578	11.211211
1579	11.211211
1580	11.211211
1581	11.211211
1582	11.211211
1583	11.211211
1584	11.211211
1585	11.211211
1586	11.211211
1587	11.211211
1588	11.211211
1589	11.211211
1590	11.211211
1591	11.211211
1592	11.211211
1593	11.211211
1594	11.211211
1595	11.211211
1596	11.211211
1597	11.211211
1598	11.211211
1599	11.211211
1600	11.211211
1601	11.211211
1602	11.211211
1603	11.211211
1604	11.211211
1605	11.211211
1606	11.211211
1607	11.211211
1608	11.211211
1609	11.211211
1610	11.211211
1611	11.211211
1612	11.211211
1613	11.211211
1614	11.211211
1615	11.211211
1616	11.211211
1617	11.211211
1618	11.211211
1619	11.211211
1620	11.211211
1621	11.211211
1622	11.211211
1623	11.211211
1624	11.211211
1625	11.207629
1626	11.207629
1627	11.207629
1628	11.207629
1629	11.207629
1630	11.207629
1631	11.207629
1632	11.207629
1633	11.207629
1634	11.207629
1635	11.207629
1636	11.207629
1637	11.207629
1638	11.207629
1639	11.207629
1640	11.207629
1641	11.207629
1642	11.207629
1643	11.207629
1644	11.207629
1645	11.207629
1646	11.207629
1647	11.207629
1648	11.207629
1649	11.207629
1650	11.207629
1651	11.207629
1652	11.207629
1653	11.207629
1654	11.207629
1655	11.207629
1656	11.207629
1657	11.207629
1658	11.207629
1659	11.207629
1660	11.207629
1661	11.207629
1662	11.207629
1663	11.207629
1664	11.207629
1665	11.207629
1666	11.207629
1667	11.20345
1668	11.20345
1669	11.20345
1670	11.20345
1671	11.20345
1672	11.20345
1673	11.20345
1674	11.20345
1675	11.20345
1676	11.20345
1677	11.20345
1678	11.20345
1679	11.20345
1680	11.20345
1681	11.20345
1682	11.20345
1683	11.20345
1684	11.20345
1685	11.207032
1686	11.207032
1687	11.207032
1688	11.207032
1689	11.207032
1690	11.207032
1691	11.207032
1692	11.207032
1693	11.207032
1694	11.207032
1695	11.207032
1696	11.207032
1697	11.207032
1698	11.207032
1699	11.207032
1700	11.207032
1701	11.207032
1702	11.207032
1703	11.207032
1704	11.207032
1705	11.207032
1706	11.207032
1707	11.207032
1708	11.207032
1709	11.207032
1710	11.207032
1711	11.207032
1712	11.207032
1713	11.207032
1714	11.207032
1715	11.207032
1716	11.207032
1717	11.207032
1718	11.207032
1719	11.207032
1720	11.207032
1721	11.207032
1722	11.207032
1723	11.20345
1724	11.20345
1725	11.20345
1726	11.20345
1727	11.20345
1728	11.20345
1729	11.20345
1730	11.20345
1731	11.20345
1732	11.20345
1733	11.20345
1734	11.20345
1735	11.20345
1736	11.20345
1737	11.20345
1738	11.20345
1739	11.20345
1740	11.20345
1741	11.20345
1742	11.20345
1743	11.20345
1744	11.20345
1745	11.20345
1746	11.20345
1747	11.20345
1748	11.20345
1749	11.20345
1750	11.20345
1751	11.20345
1752	11.20345
1753	11.20345
1754	11.20345
1755	11.20345
1756	11.20345
1757	11.20345
1758	11.20345
1759	11.20345
1760	11.20345
1761	11.20345
1762	11.20345
1763	11.20345
1764	11.20345
1765	11.20345
1766	11.20345
1767	11.20345
1768	11.20345
1769	11.20345
1770	11.20345
1771	11.244842
1772	11.244842
1773	11.244842
1774	11.244842
1775	11.244842
1776	11.244842
1777	11.244842
1778	11.244842
1779	11.244842
1780	11.244842
1781	11.244842
1782	11.244842
1783	11.244842
1784	11.244842
1785	11.244842
1786	11.244842
1787	11.244842
1788	11.244842
1789	11.244842
1790	11.244842
1791	11.244842
1792	11.244842
1793	11.244842
1794	11.244842
1795	11.244842
1796	11.244842
1797	11.244842
1798	11.244842
1799	11.247814
1800	11.247814
1801	11.247814
1802	11.247814
1803	11.247814
1804	11.247814
1805	11.247814
1806	11.247814
1807	11.247814
1808	11.247814
1809	11.247814
1810	11.247814
1811	11.247814
1812	11.247814
1813	11.247814
1814	11.247814
1815	11.247814
1816	11.247814
1817	11.247814
1818	11.247814
1819	11.247814
1820	11.247814
1821	11.247814
1822	11.247814
1823	11.247814
1824	11.247814
1825	11.247814
1826	11.247814
1827	11.247814
1828	11.247814
1829	11.247814
1830	11.247814
1831	11.247814
1832	11.247814
1833	11.247814
1834	11.247814
1835	11.247814
1836	11.247814
1837	11.247814
1838	11.247814
1839	11.247814
1840	11.247814
1841	11.247814
1842	11.247814
1843	11.247814
1844	11.247814
1845	11.247814
1846	11.247814
1847	11.247814
1848	11.247814
1849	11.247814
1850	11.247814
1851	11.247814
1852	11.247814
1853	11.247814
1854	11.247814
1855	11.247814
1856	11.247814
1857	11.247814
1858	11.247814
1859	11.247814
1860	11.247814
1861	11.247814
1862	11.247814
1863	11.247814
1864	11.247814
1865	11.247814
1866	11.247814
1867	11.247814
1868	11.247814
1869	11.247814
1870	11.247814
1871	11.247814
1872	11.247814
1873	11.247814
1874	11.247814
1875	11.247814
1876	11.247814
1877	11.247814
1878	11.247814
1879	11.247814
1880	11.247814
1881	11.247814
1882	11.247814
1883	11.247814
1884	11.247814
1885	11.247814
1886	11.247814
1887	11.247814
1888	11.247814
1889	11.247814
1890	11.247814
1891	11.247814
1892	11.247814
1893	11.247814
1894	11.247814
1895	11.247814
1896	11.247814
1897	11.247814
1898	11.247814
1899	11.247814
1900	11.247814
1901	11.247814
1902	11.247814
1903	11.247814
1904	11.247814
1905	11.247814
1906	11.247814
1907	11.247814
1908	11.247814
1909	11.247843
1910	11.247843
1911	11.247843
1912	11.247843
1913	11.247843
1914	11.247843
1915	11.247843
1916	11.247843
1917	11.247843
1918	11.247843
1919	11.285653
1920	11.285653
1921	11.285653
1922	11.285653
1923	11.285653
1924	11.285653
1925	11.285653
1926	11.285653
1927	11.285653
1928	11.285653
1929	11.285653
1930	11.285653
1931	11.285653
1932	11.285653
1933	11.285653
1934	11.285653
1935	11.285653
1936	11.285653
1937	11.285653
1938	11.285653
1939	11.285653
1940	11.285653
1941	11.285653
1942	11.285653
1943	11.285653
1944	11.285653
1945	11.285653
1946	11.285653
1947	11.284857
1948	11.284857
1949	11.284857
1950	11.284857
1951	11.284857
1952	11.284857
1953	11.284857
1954	11.284857
1955	11.284857
1956	11.284857
1957	11.284857
1958	11.284857
1959	11.284857
1960	11.284857
1961	11.284857
1962	11.284857
1963	11.284857
1964	11.284857
1965	11.284857
1966	11.284857
1967	11.284857
1968	11.284857
1969	11.284857
1970	11.284857
1971	11.284857
1972	11.284857
1973	11.284857
1974	11.284857
1975	11.284857
1976	11.284857
1977	11.284857
1978	11.284857
1979	11.284857
1980	11.284857
1981	11.284857
1982	11.284857
1983	11.284857
1984	11.284857
1985	11.284857
1986	11.284857
1987	11.284857
1988	11.284857
1989	11.284857
1990	11.284857
1991	11.284857
1992	11.284857
1993	11.284857
1994	11.284857
1995	11.284857
1996	11.284857
1997	11.284857
1998	11.284857
1999	11.284857
2000	11.284857
2001	11.284857
2002	11.284857
2003	11.284857
2004	11.284857
2005	11.284857
2006	11.284857
2007	11.284857
2008	11.284857
2009	11.284857
2010	11.284857
2011	11.284857
2012	11.284857
2013	11.284857
2014	11.284857
2015	11.284857
2016	11.284857
2017	11.284857
2018	11.284857
2019	11.284857
2020	11.284857
2021	11.284857
2022	11.284857
2023	11.284857
2024	11.284857
2025	11.284857
2026	11.284857
2027	11.284857
2028	11.284857
2029	11.284857
2030	11.284857
2031	11.284857
2032	11.284857
2033	11.284857
2034	11.284857
2035	11.284857
2036	11.284857
2037	11.284857
2038	11.284857
2039	11.284857
2040	11.284857
2041	11.284857
2042	11.284857
2043	11.284857
2044	11.284857
2045	11.284857
2046	11.284857
2047	11.284857
2048	11.284857
2049	11.284857
2050	11.284857
2051	11.284857
2052	11.284857
2053	11.284857
2054	11.284857
2055	11.284857
2056	11.284857
2057	11.284857
2058	11.284857
2059	11.284857
2060	11.284857
2061	11.284857
2062	11.284857
2063	11.284857
2064	11.284857
2065	11.284857
2066	11.284857
2067	11.284857
2068	11.284857
2069	11.284857
2070	11.284857
2071	11.284857
2072	11.284857
2073	11.284857
2074	11.284857
2075	11.284857
2076	11.284857
2077	11.284857
2078	11.284857
2079	11.284857
2080	11.284857
2081	11.284857
2082	11.284857
2083	11.284857
2084	11.284857
2085	11.284857
2086	11.284857
2087	11.284857
2088	11.284857
2089	11.284857
2090	11.284857
2091	11.284857
2092	11.284857
2093	11.284857
2094	11.284857
2095	11.284857
2096	11.284857
2097	11.284857
2098	11.284857
2099	11.284857
2100	11.284857
2101	11.284857
2102	11.284857
2103	11.284857
2104	11.284857
2105	11.284857
2106	11.313314
2107	11.313314
2108	11.313314
2109	11.313314
2110	11.313314
2111	11.313314
2112	11.313314
2113	11.313314
2114	11.313314
2115	11.313314
2116	11.313314
2117	11.313314
2118	11.313314
2119	11.313314
2120	11.313314
2121	11.313314
2122	11.313314
2123	11.313314
2124	11.313314
2125	11.313314
2126	11.313314
2127	11.313314
2128	11.313314
2129	11.313314
2130	11.313314
2131	11.313314
2132	11.313314
2133	11.313314
2134	11.313314
2135	11.313314
2136	11.313314
2137	11.313314
2138	11.313314
2139	11.313314
2140	11.313314
2141	11.313314
2142	11.313314
2143	11.313314
2144	11.313314
2145	11.313314
2146	11.313314
2147	11.313314
2148	11.313314
2149	11.313314
2150	11.313314
2151	11.313314
2152	11.313314
2153	11.313314
2154	11.313314
2155	11.313314
2156	11.313314
2157	11.313314
2158	11.313314
2159	11.313314
2160	11.313314
2161	11.313314
2162	11.313314
2163	11.313314
2164	11.313314
2165	11.313314
2166	11.313314
2167	11.313314
2168	11.313314
2169	11.313314
2170	11.313314
2171	11.313314
2172	11.313314
2173	11.313314
2174	11.313314
2175	11.313314
2176	11.313314
2177	11.313314
2178	11.313314
2179	11.313314
2180	11.313314
2181	11.313314
2182	11.313314
2183	11.313314
2184	11.313314
2185	11.313314
2186	11.313314
2187	11.313314
2188	11.313314
2189	11.313314
2190	11.313314
2191	11.313314
2192	11.313314
2193	11.313314
2194	11.313314
2195	11.313314
2196	11.313314
2197	11.313314
2198	11.313314
2199	11.313314
2200	11.313314
2201	11.313314
2202	11.313314
2203	11.313314
2204	11.313314
2205	11.313314
2206	11.313314
2207	11.313314
2208	11.313314
2209	11.313314
2210	11.313314
2211	11.313314
2212	11.313314
2213	11.313314
2214	11.313314
2215	11.313314
2216	11.313314
2217	11.313314
2218	11.313314
2219	11.313314
2220	11.313314
2221	11.313314
2222	11.313314
2223	11.313314
2224	11.313314
2225	11.313314
2226	11.313314
2227	11.313314
2228	11.313314
2229	11.313314
2230	11.313314
2231	11.313314
2232	11.313314
2233	11.313314
2234	11.313314
2235	11.313314
2236	11.313314
2237	11.313314
2238	11.313314
2239	11.313314
2240	11.313314
2241	11.313314
2242	11.313314
2243	11.313314
2244	11.313314
2245	11.313314
2246	11.313314
2247	11.313314
2248	11.310342
2249	11.310342
2250	11.310342
2251	11.310342
2252	11.310342
2253	11.310342
2254	11.310342
2255	11.310342
2256	11.310342
2257	11.310342
2258	11.310342
2259	11.310342
2260	11.310342
2261	11.310342
2262	11.310342
2263	11.310342
2264	11.310342
2265	11.310342
2266	11.310342
2267	11.310342
2268	11.310342
2269	11.310342
2270	11.310342
2271	11.310342
2272	11.310342
2273	11.310342
2274	11.310342
2275	11.310342
2276	11.310342
2277	11.310342
2278	11.310342
2279	11.310342
2280	11.310342
2281	11.310342
2282	11.310342
2283	11.310342
2284	11.310342
2285	11.310342
2286	11.310342
2287	11.310342
2288	11.310342
2289	11.310342
2290	11.310342
2291	11.310342
2292	11.310342
2293	11.310342
2294	11.310342
2295	11.310342
2296	11.310342
2297	11.310342
2298	11.310342
2299	11.310342
2300	11.310342
2301	11.310342
2302	11.310342
2303	11.310342
2304	11.310342
2305	11.310342
2306	11.310342
2307	11.310342
2308	11.310342
2309	11.310342
2310	11.310342
2311	11.310342
2312	11.310342
2313	11.310342
2314	11.310342
2315	11.310342
2316	11.310342
2317	11.310342
2318	11.310342
2319	11.310342
2320	11.310342
2321	11.310342
2322	11.310342
2323	11.310342
2324	11.310342
2325	11.310342
2326	11.310342
2327	11.310342
2328	11.310342
2329	11.310342
2330	11.310342
2331	11.310342
2332	11.310342
2333	11.310342
2334	11.310342
2335	11.310342
2336	11.310342
2337	11.310342
2338	11.310342
2339	11.310342
2340	11.310342
2341	11.310342
2342	11.310342
2343	11.310342
2344	11.310342
2345	11.310342
2346	11.310342
2347	11.310342
2348	11.310342
2349	11.310342
2350	11.310342
2351	11.310342
2352	11.310342
2353	11.310342
2354	11.310342
2355	11.310342
2356	11.310342
2357	11.310342
2358	11.310342
2359	11.310342
2360	11.310342
2361	11.310342
2362	11.310342
2363	11.310342
2364	11.310342
2365	11.310342
2366	11.310342
2367	11.310342
2368	11.310342
2369	11.310342
2370	11.310342
2371	11.310342
2372	11.310342
2373	11.310342
2374	11.310342
2375	11.310342
2376	11.310342
2377	11.310342
2378	11.310342
2379	11.310342
2380	11.310342
2381	11.310342
2382	11.310342
2383	11.310342
2384	11.310342
2385	11.310342
2386	11.310342
2387	11.310342
2388	11.310342
2389	11.310342
2390	11.310342
2391	11.310342
2392	11.310342
2393	11.310342
2394	11.310342
2395	11.310342
2396	11.310342
2397	11.310342
2398	11.310342
2399	11.310342
2400	11.310342
2401	11.310342
2402	11.310342
2403	11.310342
2404	11.310342
2405	11.310342
2406	11.310342
2407	11.310342
2408	11.310342
2409	11.310342
2410	11.310342
2411	11.310342
2412	11.310342
2413	11.310342
2414	11.310342
2415	11.310342
2416	11.310342
2417	11.310342
2418	11.310342
2419	11.310342
2420	11.310342
2421	11.310342
2422	11.310342
2423	11.310342
2424	11.310342
2425	11.310342
2426	11.310342
2427	11.310342
2428	11.310342
2429	11.310342
2430	11.310342
2431	11.310342
2432	11.310342
2433	11.310342
2434	11.310342
2435	11.310342
2436	11.310342
2437	11.310342
2438	11.310342
2439	11.313314
2440	11.313314
2441	11.313314
2442	11.313314
2443	11.313314
2444	11.313314
2445	11.313314
2446	11.313314
2447	11.313314
2448	11.313314
2449	11.313314
2450	11.313314
2451	11.313314
2452	11.313314
2453	11.313314
2454	11.313314
2455	11.313314
2456	11.313314
2457	11.313314
2458	11.313314
2459	11.313314
2460	11.313314
2461	11.313314
2462	11.313314
2463	11.313314
2464	11.313314
2465	11.313314
2466	11.313314
2467	11.313314
2468	11.313314
2469	11.313314
2470	11.313314
2471	11.313314
2472	11.313314
2473	11.313314
2474	11.313314
2475	11.313314
2476	11.313314
2477	11.313314
2478	11.313314
2479	11.313314
2480	11.313314
2481	11.313314
2482	11.313314
2483	11.313314
2484	11.313314
2485	11.313314
2486	11.313314
2487	11.313314
2488	11.313314
2489	11.313314
2490	11.313314
2491	11.313314
2492	11.313314
2493	11.313314
2494	11.313314
2495	11.313314
2496	11.313314
2497	11.313314
2498	11.313314
2499	11.313314
2500	11.313314
2501	11.313314
2502	11.313314
2503	11.313314
2504	11.313314
2505	11.313314
2506	11.313314
2507	11.313314
2508	11.313314
2509	11.313314
2510	11.313314
2511	11.313314
2512	11.313314
2513	11.313314
2514	11.313314
2515	11.313314
2516	11.313314
2517	11.313314
2518	11.313314
2519	11.313314
2520	11.313314
2521	11.313314
2522	11.313314
2523	11.313314
2524	11.313314
2525	11.313314
2526	11.313314
2527	11.313314
2528	11.313314
2529	11.313314
2530	11.313314
2531	11.313314
2532	11.313314
2533	11.313314
2534	11.313314
2535	11.313314
2536	11.313314
2537	11.313314
2538	11.313314
2539	11.313314
2540	11.313314
2541	11.313314
2542	11.313314
2543	11.313314
2544	11.313314
2545	11.313314
2546	11.313314
2547	11.313314
2548	11.313314
2549	11.313314
2550	11.313314
2551	11.313314
2552	11.313314
2553	11.313314
2554	11.313314
2555	11.313314
2556	11.313314
2557	11.313314
2558	11.313314
2559	11.313314
2560	11.313314
2561	11.313314
2562	11.313314
2563	11.313314
2564	11.313314
2565	11.313314
2566	11.313314
2567	11.313314
2568	11.313314
2569	11.313314
2570	11.313314
2571	11.313314
2572	11.313314
2573	11.313314
2574	11.313314
2575	11.313314
2576	11.313314
2577	11.313314
2578	11.313314
2579	11.313314
2580	11.313314
2581	11.313314
2582	11.313314
2583	11.313314
2584	11.313314
2585	11.313314
2586	11.313314
2587	11.313314
2588	11.313314
2589	11.313314
2590	11.313314
2591	11.313314
2592	11.313314
2593	11.313314
2594	11.313314
2595	11.313314
2596	11.313314
2597	11.313314
2598	11.313314
2599	11.313314
2600	11.313314
2601	11.313314
2602	11.313314
2603	11.313314
2604	11.313314
2605	11.313314
2606	11.313314
2607	11.313314
2608	11.313314
2609	11.311921
2610	11.311921
2611	11.311921
2612	11.311921
2613	11.311921
2614	11.311921
2615	11.311921
2616	11.311921
2617	11.311921
2618	11.311921
2619	11.311921
2620	11.311921
2621	11.311921
2622	11.311921
2623	11.311921
2624	11.311921
2625	11.311921
2626	11.311921
2627	11.311921
2628	11.311921
2629	11.311921
2630	11.311921
2631	11.311921
2632	11.311921
2633	11.311921
2634	11.311921
2635	11.311921
2636	11.311921
2637	11.311921
2638	11.311921
2639	11.311921
2640	11.311921
2641	11.311921
2642	11.311921
2643	11.311921
2644	11.311921
2645	11.311921
2646	11.311921
2647	11.311921
2648	11.311921
2649	11.311921
2650	11.311921
2651	11.311921
2652	11.311921
2653	11.311921
2654	11.311921
2655	11.311921
2656	11.311921
2657	11.311921
2658	11.311921
2659	11.311921
2660	11.311921
2661	11.311921
2662	11.311921
2663	11.311921
2664	11.311921
2665	11.311921
2666	11.311921
2667	11.311921
2668	11.311921
2669	11.311921
2670	11.311921
2671	11.311921
2672	11.311921
2673	11.311921
2674	11.311921
2675	11.311921
2676	11.311921
2677	11.311921
2678	11.311921
2679	11.311921
2680	11.311921
2681	11.311921
2682	11.311921
2683	11.311921
2684	11.311921
2685	11.311921
2686	11.311921
2687	11.311921
2688	11.311921
2689	11.311921
2690	11.311921
2691	11.311921
2692	11.311921
2693	11.311921
2694	11.311921
2695	11.311921
2696	11.311921
2697	11.311921
2698	11.311921
2699	11.311921
2700	11.311921
2701	11.311921
2702	11.311921
2703	11.311921
2704	11.311921
2705	11.311921
2706	11.311921
2707	11.311921
2708	11.311921
2709	11.311921
2710	11.311921
2711	11.311921
2712	11.311921
2713	11.311921
2714	11.311921
2715	11.311921
2716	11.311921
2717	11.311921
2718	11.311921
2719	11.311921
2720	11.311921
2721	11.311921
2722	11.311921
2723	11.311921
2724	11.311921
2725	11.311921
2726	11.311921
2727	11.311921
2728	11.311921
2729	11.311921
2730	11.311921
2731	11.311921
2732	11.311921
2733	11.311921
2734	11.311921
2735	11.311921
2736	11.311921
2737	11.311921
2738	11.311921
2739	11.311921
2740	11.311921
2741	11.311921
2742	11.311921
2743	11.311921
2744	11.311921
2745	11.311921
2746	11.311921
2747	11.311921
2748	11.311921
2749	11.311921
2750	11.311921
2751	11.311921
2752	11.311921
2753	11.311921
2754	11.311921
2755	11.311921
2756	11.311921
2757	11.311921
2758	11.311921
2759	11.311921
2760	11.311921
2761	11.311921
2762	11.311921
2763	11.311921
2764	11.311921
2765	11.311921
2766	11.311921
2767	11.311921
2768	11.311921
2769	11.311921
2770	11.311921
2771	11.311921
2772	11.311921
2773	11.311921
2774	11.311921
2775	11.311921
2776	11.311921
2777	11.311921
2778	11.311921
2779	11.311921
2780	11.311921
2781	11.311921
2782	11.311921
2783	11.311921
2784	11.311921
2785	11.311921
2786	11.311921
2787	11.311921
2788	11.311921
2789	11.311921
2790	11.311921
2791	11.311921
2792	11.311921
2793	11.311921
2794	11.311921
2795	11.311921
2796	11.311921
2797	11.311921
2798	11.311921
2799	11.311921
2800	11.311921
2801	11.311921
2802	11.311921
2803	11.311921
2804	11.311921
2805	11.311921
2806	11.311921
2807	11.311921
2808	11.311921
2809	11.311921
2810	11.311921
2811	11.311921
2812	11.311921
2813	11.311921
2814	11.311921
2815	11.311921
2816	11.311921
2817	11.311921
2818	11.311921
2819	11.311921
2820	11.311921
2821	11.311921
2822	11.311921
2823	11.311921
2824	11.311921
2825	11.311921
2826	11.311921
2827	11.311921
2828	11.311921
2829	11.311921
2830	11.311921
2831	11.311921
2832	11.311921
2833	11.311921
2834	11.311921
2835	11.311921
2836	11.311921
2837	11.311921
2838	11.311921
2839	11.311921
2840	11.311921
2841	11.311921
2842	11.311921
2843	11.311921
2844	11.311921
2845	11.311921
2846	11.311921
2847	11.311921
2848	11.311921
2849	11.311921
2850	11.311921
2851	11.311921
2852	11.311921
2853	11.311921
2854	11.311921
2855	11.311921
2856	11.311921
2857	11.311921
2858	11.311921
2859	11.311921
2860	11.311921
2861	11.311921
2862	11.311921
2863	11.311921
2864	11.311921
2865	11.311921
2866	11.311921
2867	11.311921
2868	11.311921
2869	11.311921
2870	11.311921
2871	11.311921
2872	11.311921
2873	11.311921
2874	11.311921
2875	11.311921
2876	11.311921
2877	11.311921
2878	11.311921
2879	11.311921
2880	11.311921
2881	11.311921
2882	11.311921
2883	11.311921
2884	11.311921
2885	11.311921
2886	11.311921
2887	11.311921
2888	11.311921
2889	11.311921
2890	11.311921
2891	11.311921
2892	11.311921
2893	11.311921
2894	11.311921
2895	11.311921
2896	11.311921
2897	11.311921
2898	11.311921
2899	11.311921
2900	11.311921
2901	11.311921
2902	11.311921
2903	11.311921
2904	11.311921
2905	11.311921
2906	11.311921
2907	11.311921
2908	11.311921
2909	11.311921
2910	11.311921
2911	11.311921
2912	11.311921
2913	11.311921
2914	11.311921
2915	11.311921
2916	11.311921
2917	11.311921
2918	11.311921
2919	11.311921
2920	11.311921
2921	11.311921
2922	11.311921
2923	11.311921
2924	11.311921
2925	11.311921
2926	11.311921
2927	11.311921
2928	11.311921
2929	11.311921
2930	11.311921
2931	11.311921
2932	11.311921
2933	11.311921
2934	11.311921
2935	11.311921
2936	11.311921
2937	11.311921
2938	11.311921
2939	11.311921
2940	11.311921
2941	11.311921
2942	11.311921
2943	11.311921
2944	11.311921
2945	11.311921
2946	11.311921
2947	11.311921
2948	11.311921
2949	11.311921
2950	11.311921
2951	11.311921
2952	11.311921
2953	11.311921
2954	11.311921
2955	11.311921
2956	11.311921
2957	11.311921
2958	11.311921
2959	11.311921
2960	11.311921
2961	11.311921
2962	11.311921
2963	11.311921
2964	11.311921
2965	11.311921
2966	11.311921
2967	11.311921
2968	11.311921
2969	11.311921
2970	11.311921
2971	11.311921
2972	11.311921
2973	11.311921
2974	11.311921
2975	11.311921
2976	11.311921
2977	11.311921
2978	11.311921
2979	11.311921
2980	11.311921
2981	11.311921
2982	11.311921
2983	11.311921
2984	11.311921
2985	11.311921
2986	11.311921
2987	11.311921
2988	11.311921
2989	11.311921
2990	11.311921
2991	11.311921
2992	11.311921
2993	11.311921
2994	11.311921
2995	11.311921
2996	11.311921
2997	11.311921
2998	11.311921
2999	11.311921
3000	11.311921
3001	11.311921
3002	11.311921
3003	11.311921
3004	11.311921
3005	11.311921
3006	11.311921
3007	11.311921
3008	11.311921
3009	11.311921
3010	11.311921
3011	11.311921
3012	11.311921
3013	11.311921
3014	11.311921
3015	11.311921
3016	11.311921
3017	11.311921
3018	11.311921
3019	11.311921
3020	11.311921
3021	11.311921
3022	11.311921
3023	11.311921
3024	11.311921
3025	11.311921
3026	11.311921
3027	11.311921
3028	11.311921
3029	11.311921
3030	11.311921
3031	11.311921
3032	11.311921
3033	11.311921
3034	11.311921
3035	11.311921
3036	11.311921
3037	11.311921
3038	11.311921
3039	11.311921
3040	11.311921
3041	11.311921
3042	11.311921
3043	11.311921
3044	11.311921
3045	11.311921
3046	11.311921
3047	11.311921
3048	11.311921
3049	11.311921
3050	11.311921
3051	11.311921
3052	11.311921
3053	11.311921
3054	11.311921
3055	11.311921
3056	11.311921
3057	11.311921
3058	11.311921
3059	11.311921
3060	11.311921
3061	11.311921
3062	11.311921
3063	11.311921
3064	11.311921
3065	11.311921
3066	11.311921
3067	11.311921
3068	11.311921
3069	11.311921
3070	11.311921
3071	11.331423
3072	11.331423
3073	11.331423
3074	11.331423
3075	11.331423
3076	11.331423
3077	11.331423
3078	11.331423
3079	11.331423
3080	11.331423
3081	11.331423
3082	11.331423
3083	11.331423
3084	11.331423
3085	11.331423
3086	11.331423
3087	11.331423
3088	11.331423
3089	11.331423
3090	11.331423
3091	11.331423
3092	11.331423
3093	11.331423
3094	11.331423
3095	11.331423
3096	11.331423
3097	11.331423
3098	11.331423
3099	11.331423
3100	11.331423
3101	11.331423
3102	11.331423
3103	11.332816
3104	11.332816
3105	11.332816
3106	11.332816
3107	11.332816
3108	11.332816
3109	11.332816
3110	11.332816
3111	11.332816
3112	11.332816
3113	11.332816
3114	11.332816
3115	11.332816
3116	11.332816
3117	11.332816
3118	11.332816
3119	11.332816
3120	11.332816
3121	11.332816
3122	11.332816
3123	11.332816
3124	11.332816
3125	11.332816
3126	11.332816
3127	11.332816
3128	11.332816
3129	11.332816
3130	11.332816
3131	11.332816
3132	11.332816
3133	11.332816
3134	11.332816
3135	11.332816
3136	11.332816
3137	11.332816
3138	11.332816
3139	11.332816
3140	11.332816
3141	11.332816
3142	11.332816
3143	11.332816
3144	11.332816
3145	11.332816
3146	11.332816
3147	11.332816
3148	11.332816
3149	11.332816
3150	11.332816
3151	11.332816
3152	11.332816
3153	11.332816
3154	11.332816
3155	11.332816
3156	11.332816
3157	11.332816
3158	11.332816
3159	11.332816
3160	11.332816
3161	11.332816
3162	11.332816
3163	11.332816
3164	11.332816
3165	11.332816
3166	11.332816
3167	11.332816
3168	11.332816
3169	11.332816
3170	11.332816
3171	11.332816
3172	11.332816
3173	11.332816
3174	11.332816
3175	11.332816
3176	11.332816
3177	11.332816
3178	11.332816
3179	11.332816
3180	11.332816
3181	11.332816
3182	11.332816
3183	11.332816
3184	11.332816
3185	11.332816
3186	11.332816
3187	11.332816
3188	11.332816
3189	11.332816
3190	11.332816
3191	11.332816
3192	11.332816
3193	11.332816
3194	11.332816
3195	11.332816
3196	11.332816
3197	11.332816
3198	11.332816
3199	11.332816
3200	11.332816
3201	11.332816
3202	11.332816
3203	11.332816
3204	11.332816
3205	11.332816
3206	11.332816
3207	11.332816
3208	11.332816
3209	11.332816
3210	11.332816
3211	11.332816
3212	11.332816
3213	11.332816
3214	11.332816
3215	11.332816
3216	11.332816
3217	11.332816
3218	11.332816
3219	11.332816
3220	11.332816
3221	11.332816
3222	11.332816
3223	11.332816
3224	11.332816
3225	11.332816
3226	11.332816
3227	11.332816
3228	11.332816
3229	11.332816
3230	11.332816
3231	11.332816
3232	11.332816
3233	11.332816
3234	11.332816
3235	11.332816
3236	11.332816
3237	11.332816
3238	11.332816
3239	11.332816
3240	11.332816
3241	11.332816
3242	11.332816
3243	11.332816
3244	11.332816
3245	11.332816
3246	11.332816
3247	11.332816
3248	11.332816
3249	11.332816
3250	11.332816
3251	11.332816
3252	11.332816
3253	11.332816
3254	11.332816
3255	11.332816
3256	11.332816
3257	11.332816
3258	11.332816
3259	11.332816
3260	11.332816
3261	11.332816
3262	11.332816
3263	11.332816
3264	11.332816
3265	11.332816
3266	11.332816
3267	11.332816
3268	11.332816
3269	11.332816
3270	11.332816
3271	11.332816
3272	11.332816
3273	11.332816
3274	11.332816
3275	11.332816
3276	11.332816
3277	11.332816
3278	11.332816
3279	11.332816
3280	11.332816
3281	11.332816
3282	11.332816
3283	11.332816
3284	11.332816
3285	11.332816
3286	11.332816
3287	11.332816
3288	11.332816
3289	11.332816
3290	11.332816
3291	11.332816
3292	11.332816
3293	11.332816
3294	11.332816
3295	11.332816
3296	11.332816
3297	11.332816
3298	11.332816
3299	11.332816
3300	11.332816
3301	11.332816
3302	11.332816
3303	11.332816
3304	11.332816
3305	11.332816
3306	11.332816
3307	11.332816
3308	11.332816
3309	11.332816
3310	11.332816
3311	11.332816
3312	11.332816
3313	11.332816
3314	11.332816
3315	11.332816
3316	11.332816
3317	11.332816
3318	11.332816
3319	11.332816
3320	11.332816
3321	11.332816
3322	11.332816
3323	11.332816
3324	11.332816
3325	11.332816
3326	11.332816
3327	11.332816
3328	11.332816
3329	11.332816
3330	11.332816
3331	11.332816
3332	11.332816
3333	11.332816
3334	11.332816
3335	11.332816
3336	11.332816
3337	11.332816
3338	11.332816
3339	11.332816
3340	11.332816
3341	11.332816
3342	11.332816
3343	11.332816
3344	11.332816
3345	11.332816
3346	11.332816
3347	11.332816
3348	11.332816
3349	11.332816
3350	11.332816
3351	11.332816
3352	11.332816
3353	11.332816
3354	11.332816
3355	11.332816
3356	11.332816
3357	11.332816
3358	11.332816
3359	11.332816
3360	11.332816
3361	11.332816
3362	11.332816
3363	11.332816
3364	11.332816
3365	11.332816
3366	11.332816
3367	11.332816
3368	11.332816
3369	11.332816
3370	11.332816
3371	11.332816
3372	11.332816
3373	11.332816
3374	11.332816
3375	11.332816
3376	11.332816
3377	11.332816
3378	11.332816
3379	11.332816
3380	11.332816
3381	11.332816
3382	11.332816
3383	11.332816
3384	11.332816
3385	11.332816
3386	11.332816
3387	11.332816
3388	11.332816
3389	11.332816
3390	11.332816
3391	11.332816
3392	11.332816
3393	11.332816
3394	11.332816
3395	11.332816
3396	11.332816
3397	11.332816
3398	11.332816
3399	11.332816
3400	11.332816
3401	11.332816
3402	11.332816
3403	11.332816
3404	11.332816
3405	11.332816
3406	11.332816
3407	11.332816
3408	11.332816
3409	11.332816
3410	11.332816
3411	11.332816
3412	11.332816
3413	11.332816
3414	11.332816
3415	11.332816
3416	11.332816
3417	11.332816
3418	11.332816
3419	11.332816
3420	11.332816
3421	11.332816
3422	11.332816
3423	11.332816
3424	11.332816
3425	11.332816
3426	11.332816
3427	11.332816
3428	11.332816
3429	11.332816
3430	11.332816
3431	11.332816
3432	11.332816
3433	11.332816
3434	11.332816
3435	11.332816
3436	11.332816
3437	11.332816
3438	11.332816
3439	11.332816
3440	11.332816
3441	11.332816
3442	11.332816
3443	11.332816
3444	11.332816
3445	11.332816
3446	11.332816
3447	11.332816
3448	11.332816
3449	11.332816
3450	11.332816
3451	11.332816
3452	11.332816
3453	11.332816
3454	11.332816
3455	11.332816
3456	11.332816
3457	11.332816
3458	11.332816
3459	11.332816
3460	11.332816
3461	11.332816
3462	11.332816
3463	11.332816
3464	11.332816
3465	11.332816
3466	11.332816
3467	11.332816
3468	11.332816
3469	11.332816
3470	11.332816
3471	11.332816
3472	11.332816
3473	11.332816
3474	11.332816
3475	11.332816
3476	11.332816
3477	11.332816
3478	11.332816
3479	11.332816
3480	11.332816
3481	11.332816
3482	11.332816
3483	11.332816
3484	11.332816
3485	11.332816
3486	11.332816
3487	11.332816
3488	11.332816
3489	11.332816
3490	11.332816
3491	11.332816
3492	11.332816
3493	11.332816
3494	11.332816
3495	11.332816
3496	11.332816
3497	11.332816
3498	11.332816
3499	11.332816
3500	11.332816
3501	11.332816
3502	11.332816
3503	11.332816
3504	11.332816
3505	11.332816
3506	11.332816
3507	11.332816
3508	11.332816
3509	11.332816
3510	11.332816
3511	11.332816
3512	11.332816
3513	11.332816
3514	11.332816
3515	11.332816
3516	11.332816
3517	11.332816
3518	11.332816
3519	11.332816
3520	11.332816
3521	11.332816
3522	11.332816
3523	11.332816
3524	11.332816
3525	11.332816
3526	11.332816
3527	11.332816
3528	11.332816
3529	11.332816
3530	11.332816
3531	11.332816
3532	11.332816
3533	11.332816
3534	11.332816
3535	11.332816
3536	11.332816
3537	11.332816
3538	11.332816
3539	11.332816
3540	11.332816
3541	11.332816
3542	11.332816
3543	11.332816
3544	11.332816
3545	11.332816
3546	11.332816
3547	11.332816
3548	11.332816
3549	11.332816
3550	11.332816
3551	11.332816
3552	11.332816
3553	11.332816
3554	11.332816
3555	11.332816
3556	11.332816
3557	11.332816
3558	11.332816
3559	11.332816
3560	11.332816
3561	11.332816
3562	11.332816
3563	11.332816
3564	11.332816
3565	11.332816
3566	11.332816
3567	11.332816
3568	11.332816
3569	11.332816
3570	11.332816
3571	11.332816
3572	11.332816
3573	11.332816
3574	11.332816
3575	11.332816
3576	11.332816
3577	11.332816
3578	11.332816
3579	11.332816
3580	11.332816
3581	11.332816
3582	11.332816
3583	11.332816
3584	11.332816
3585	11.332816
3586	11.332816
3587	11.332816
3588	11.332816
3589	11.332816
3590	11.332816
3591	11.332816
3592	11.332816
3593	11.332816
3594	11.332816
3595	11.332816
3596	11.332816
3597	11.332816
3598	11.332816
3599	11.332816
3600	11.332816
3601	11.332816
3602	11.332816
3603	11.332816
3604	11.332816
3605	11.332816
3606	11.332816
3607	11.332816
3608	11.332816
3609	11.332816
3610	11.332816
3611	11.332816
3612	11.332816
3613	11.332816
3614	11.332816
3615	11.332816
3616	11.332816
3617	11.332816
3618	11.332816
3619	11.332816
3620	11.332816
3621	11.332816
3622	11.332816
3623	11.332816
3624	11.332816
3625	11.332816
3626	11.332816
3627	11.332816
3628	11.332816
3629	11.332816
3630	11.332816
3631	11.332816
3632	11.332816
3633	11.332816
3634	11.332816
3635	11.332816
3636	11.332816
3637	11.332816
3638	11.332816
3639	11.332816
3640	11.332816
3641	11.332816
3642	11.332816
3643	11.332816
3644	11.332816
3645	11.332816
3646	11.332816
3647	11.332816
3648	11.332816
3649	11.332816
3650	11.332816
3651	11.332816
3652	11.332816
3653	11.332816
3654	11.332816
3655	11.332816
3656	11.332816
3657	11.332816
3658	11.332816
3659	11.332816
3660	11.332816
3661	11.332816
3662	11.332816
3663	11.332816
3664	11.332816
3665	11.332816
3666	11.332816
3667	11.332816
3668	11.332816
3669	11.332816
3670	11.332816
3671	11.332816
3672	11.332816
3673	11.332816
3674	11.332816
3675	11.332816
3676	11.332816
3677	11.332816
3678	11.332816
3679	11.332816
3680	11.332816
3681	11.332816
3682	11.332816
3683	11.332816
3684	11.332816
3685	11.332816
3686	11.332816
3687	11.332816
3688	11.332816
3689	11.332816
3690	11.332816
3691	11.332816
3692	11.332816
3693	11.332816
3694	11.332816
3695	11.332816
3696	11.332816
3697	11.332816
3698	11.332816
3699	11.332816
3700	11.332816
3701	11.332816
3702	11.332816
3703	11.332816
3704	11.332816
3705	11.332816
3706	11.332816
3707	11.332816
3708	11.332816
3709	11.332816
3710	11.332816
3711	11.332816
3712	11.332816
3713	11.332816
3714	11.332816
3715	11.332816
3716	11.332816
3717	11.332816
3718	11.332816
3719	11.332816
3720	11.332816
3721	11.332816
3722	11.332816
3723	11.332816
3724	11.332816
3725	11.332816
3726	11.332816
3727	11.332816
3728	11.332816
3729	11.332816
3730	11.332816
3731	11.332816
3732	11.332816
3733	11.332816
3734	11.332816
3735	11.332816
3736	11.332816
3737	11.332816
3738	11.332816
3739	11.332816
3740	11.332816
3741	11.332816
3742	11.332816
3743	11.332816
3744	11.332816
3745	11.332816
3746	11.332816
3747	11.332816
3748	11.332816
3749	11.332816
3750	11.332816
3751	11.332816
3752	11.332816
3753	11.332816
3754	11.332816
3755	11.332816
3756	11.332816
3757	11.332816
3758	11.332816
3759	11.332816
3760	11.332816
3761	11.332816
3762	11.332816
3763	11.332816
3764	11.332816
3765	11.332816
3766	11.332816
3767	11.332816
3768	11.332816
3769	11.332816
3770	11.332816
3771	11.332816
3772	11.332816
3773	11.332816
3774	11.332816
3775	11.332816
3776	11.332816
3777	11.332816
3778	11.332816
3779	11.332816
3780	11.332816
3781	11.332816
3782	11.332816
3783	11.332816
3784	11.332816
3785	11.332816
3786	11.332816
3787	11.332816
3788	11.332816
3789	11.332816
3790	11.332816
3791	11.332816
3792	11.332816
3793	11.332816
3794	11.332816
3795	11.332816
3796	11.332816
3797	11.332816
3798	11.332816
3799	11.332816
3800	11.332816
3801	11.332816
3802	11.332816
3803	11.332816
3804	11.332816
3805	11.332816
3806	11.332816
3807	11.332816
3808	11.332816
3809	11.332816
3810	11.332816
3811	11.332816
3812	11.332816
3813	11.332816
3814	11.332816
3815	11.332816
3816	11.332816
3817	11.332816
3818	11.332816
3819	11.332816
3820	11.332816
3821	11.332816
3822	11.332816
3823	11.332816
3824	11.332816
3825	11.332816
3826	11.332816
3827	11.332816
3828	11.332816
3829	11.332816
3830	11.332816
3831	11.332816
3832	11.332816
3833	11.332816
3834	11.332816
3835	11.332816
3836	11.332816
3837	11.332816
3838	11.332816
3839	11.332816
3840	11.332816
3841	11.332816
3842	11.332816
3843	11.332816
3844	11.332816
3845	11.332816
3846	11.332816
3847	11.332816
3848	11.332816
3849	11.332816
3850	11.332816
3851	11.332816
3852	11.332816
3853	11.332816
3854	11.332816
3855	11.332816
3856	11.332816
3857	11.332816
3858	11.332816
3859	11.332816
3860	11.332816
3861	11.332816
3862	11.332816
3863	11.332816
3864	11.332816
3865	11.332816
3866	11.332816
3867	11.332816
3868	11.332816
3869	11.332816
3870	11.332816
3871	11.332816
3872	11.332816
3873	11.332816
3874	11.332816
3875	11.332816
3876	11.332816
3877	11.332816
3878	11.332816
3879	11.332816
3880	11.332816
3881	11.332816
3882	11.332816
3883	11.332816
3884	11.332816
3885	11.332816
3886	11.332816
3887	11.332816
3888	11.332816
3889	11.332816
3890	11.332816
3891	11.332816
3892	11.332816
3893	11.332816
3894	11.332816
3895	11.332816
3896	11.332816
3897	11.332816
3898	11.332816
3899	11.332816
3900	11.332816
3901	11.332816
3902	11.332816
3903	11.332816
3904	11.332816
3905	11.332816
3906	11.332816
3907	11.332816
3908	11.332816
3909	11.332816
3910	11.332816
3911	11.332816
3912	11.332816
3913	11.332816
3914	11.332816
3915	11.332816
3916	11.332816
3917	11.332816
3918	11.332816
3919	11.332816
3920	11.332816
3921	11.332816
3922	11.332816
3923	11.332816
3924	11.332816
3925	11.332816
3926	11.332816
3927	11.332816
3928	11.332816
3929	11.332816
3930	11.332816
3931	11.332816
3932	11.332816
3933	11.332816
3934	11.332816
3935	11.332816
3936	11.332816
3937	11.332816
3938	11.332816
3939	11.332816
3940	11.332816
3941	11.332816
3942	11.332816
3943	11.332816
3944	11.332816
3945	11.332816
3946	11.332816
3947	11.332816
3948	11.332816
3949	11.332816
3950	11.332816
3951	11.332816
3952	11.332816
3953	11.332816
3954	11.332816
3955	11.332816
3956	11.332816
3957	11.332816
3958	11.332816
3959	11.332816
3960	11.332816
3961	11.332816
3962	11.332816
3963	11.332816
3964	11.332816
3965	11.332816
3966	11.332816
3967	11.332816
3968	11.332816
3969	11.332816
3970	11.332816
3971	11.332816
3972	11.332816
3973	11.332816
3974	11.332816
3975	11.332816
3976	11.332816
3977	11.332816
3978	11.332816
3979	11.332816
3980	11.332816
3981	11.332816
3982	11.332816
3983	11.332816
3984	11.332816
3985	11.332816
3986	11.332816
3987	11.332816
3988	11.332816
3989	11.332816
3990	11.332816
3991	11.332816
3992	11.332816
3993	11.332816
3994	11.332816
3995	11.332816
3996	11.332816
3997	11.332816
3998	11.332816
3999	11.332816
4000	11.332816
4001	11.332816
4002	11.332816
4003	11.332816
4004	11.332816
4005	11.332816
4006	11.332816
4007	11.332816
4008	11.332816
4009	11.332816
4010	11.332816
4011	11.332816
4012	11.332816
4013	11.332816
4014	11.332816
4015	11.332816
4016	11.332816
4017	11.332816
4018	11.332816
4019	11.332816
4020	11.332816
4021	11.332816
4022	11.332816
4023	11.332816
4024	11.332816
4025	11.332816
4026	11.332816
4027	11.332816
4028	11.332816
4029	11.332816
4030	11.332816
4031	11.332816
4032	11.332816
4033	11.332816
4034	11.332816
4035	11.332816
4036	11.332816
4037	11.332816
4038	11.332816
4039	11.332816
4040	11.332816
4041	11.332816
4042	11.332816
4043	11.332816
4044	11.332816
4045	11.332816
4046	11.332816
4047	11.332816
4048	11.332816
4049	11.332816
4050	11.332816
4051	11.332816
4052	11.332816
4053	11.332816
4054	11.332816
4055	11.332816
4056	11.332816
4057	11.332816
4058	11.332816
4059	11.332816
4060	11.332816
4061	11.332816
4062	11.332816
4063	11.332816
4064	11.332816
4065	11.332816
4066	11.332816
4067	11.332816
4068	11.332816
4069	11.332816
4070	11.332816
4071	11.332816
4072	11.332816
4073	11.332816
4074	11.332816
4075	11.332816
4076	11.332816
4077	11.332816
4078	11.332816
4079	11.332816
4080	11.332816
4081	11.332816
4082	11.332816
4083	11.332816
4084	11.332816
4085	11.332816
4086	11.332816
4087	11.332816
4088	11.332816
4089	11.332816
4090	11.332816
4091	11.332816
4092	11.332816
4093	11.332816
4094	11.332816
4095	11.332816
4096	11.332816
4097	11.332816
4098	11.332816
4099	11.332816
4100	11.332816
4101	11.332816
4102	11.332816
4103	11.332816
4104	11.332816
4105	11.332816
4106	11.332816
4107	11.332816
4108	11.332816
4109	11.332816
4110	11.332816
4111	11.332816
4112	11.332816
4113	11.332816
4114	11.332816
4115	11.332816
4116	11.332816
4117	11.332816
4118	11.332816
4119	11.332816
4120	11.332816
4121	11.332816
4122	11.332816
4123	11.332816
4124	11.332816
4125	11.332816
4126	11.332816
4127	11.332816
4128	11.332816
4129	11.332816
4130	11.332816
4131	11.332816
4132	11.332816
4133	11.332816
4134	11.332816
4135	11.332816
4136	11.332816
4137	11.332816
4138	11.332816
4139	11.332816
4140	11.332816
4141	11.332816
4142	11.332816
4143	11.332816
4144	11.332816
4145	11.332816
4146	11.332816
4147	11.332816
4148	11.332816
4149	11.332816
4150	11.332816
4151	11.332816
4152	11.332816
4153	11.332816
4154	11.332816
4155	11.332816
4156	11.332816
4157	11.332816
4158	11.332816
4159	11.332816
4160	11.332816
4161	11.332816
4162	11.332816
4163	11.332816
4164	11.332816
4165	11.332816
4166	11.332816
4167	11.332816
4168	11.332816
4169	11.332816
4170	11.332816
4171	11.332816
4172	11.332816
4173	11.332816
4174	11.332816
4175	11.332816
4176	11.332816
4177	11.332816
4178	11.332816
4179	11.332816
4180	11.332816
4181	11.332816
4182	11.332816
4183	11.332816
4184	11.332816
4185	11.332816
4186	11.332816
4187	11.332816
4188	11.332816
4189	11.332816
4190	11.332816
4191	11.332816
4192	11.332816
4193	11.332816
4194	11.332816
4195	11.332816
4196	11.332816
4197	11.332816
4198	11.332816
4199	11.332816
4200	11.332816
4201	11.332816
4202	11.332816
4203	11.332816
4204	11.332816
4205	11.332816
4206	11.332816
4207	11.332816
4208	11.332816
4209	11.332816
4210	11.332816
4211	11.332816
4212	11.332816
4213	11.332816
4214	11.332816
4215	11.332816
4216	11.332816
4217	11.332816
4218	11.332816
4219	11.332816
4220	11.332816
4221	11.332816
4222	11.332816
4223	11.332816
4224	11.332816
4225	11.332816
4226	11.332816
4227	11.332816
4228	11.332816
4229	11.332816
4230	11.332816
4231	11.332816
4232	11.332816
4233	11.332816
4234	11.332816
4235	11.332816
4236	11.332816
4237	11.332816
4238	11.332816
4239	11.332816
4240	11.332816
4241	11.332816
4242	11.332816
4243	11.332816
4244	11.332816
4245	11.332816
4246	11.332816
4247	11.332816
4248	11.332816
4249	11.332816
4250	11.332816
4251	11.332816
4252	11.332816
4253	11.332816
4254	11.332816
4255	11.332816
4256	11.332816
4257	11.332816
4258	11.332816
4259	11.332816
4260	11.332816
4261	11.332816
4262	11.332816
4263	11.332816
4264	11.332816
4265	11.332816
4266	11.332816
4267	11.332816
4268	11.332816
4269	11.332816
4270	11.332816
4271	11.332816
4272	11.332816
4273	11.332816
4274	11.332816
4275	11.332816
4276	11.332816
4277	11.332816
4278	11.332816
4279	11.332816
4280	11.332816
4281	11.332816
4282	11.332816
4283	11.332816
4284	11.332816
4285	11.332816
4286	11.332816
4287	11.332816
4288	11.332816
4289	11.332816
4290	11.332816
4291	11.332816
4292	11.332816
4293	11.332816
4294	11.332816
4295	11.332816
4296	11.332816
4297	11.332816
4298	11.332816
4299	11.332816
4300	11.332816
4301	11.332816
4302	11.332816
4303	11.332816
4304	11.332816
4305	11.332816
4306	11.332816
4307	11.332816
4308	11.332816
4309	11.332816
4310	11.332816
4311	11.332816
4312	11.332816
4313	11.332816
4314	11.332816
4315	11.332816
4316	11.332816
4317	11.332816
4318	11.332816
4319	11.332816
4320	11.332816
4321	11.332816
4322	11.332816
4323	11.332816
4324	11.332816
4325	11.332816
4326	11.332816
4327	11.332816
4328	11.332816
4329	11.332816
4330	11.332816
4331	11.332816
4332	11.332816
4333	11.332816
4334	11.332816
4335	11.332816
4336	11.332816
4337	11.332816
4338	11.332816
4339	11.332816
4340	11.332816
4341	11.332816
4342	11.332816
4343	11.332816
4344	11.332816
4345	11.332816
4346	11.332816
4347	11.332816
4348	11.332816
4349	11.332816
4350	11.332816
4351	11.332816
4352	11.332816
4353	11.332816
4354	11.332816
4355	11.332816
4356	11.332816
4357	11.332816
4358	11.332816
4359	11.332816
4360	11.332816
4361	11.332816
4362	11.332816
4363	11.332816
4364	11.332816
4365	11.332816
4366	11.332816
4367	11.332816
4368	11.332816
4369	11.332816
4370	11.332816
4371	11.332816
4372	11.332816
4373	11.332816
4374	11.332816
4375	11.332816
4376	11.332816
4377	11.332816
4378	11.332816
4379	11.332816
4380	11.332816
4381	11.332816
4382	11.332816
4383	11.332816
4384	11.332816
4385	11.332816
4386	11.332816
4387	11.332816
4388	11.332816
4389	11.332816
4390	11.332816
4391	11.332816
4392	11.332816
4393	11.332816
4394	11.332816
4395	11.332816
4396	11.332816
4397	11.332816
4398	11.332816
4399	11.332816
4400	11.332816
4401	11.332816
4402	11.332816
4403	11.332816
4404	11.332816
4405	11.332816
4406	11.332816
4407	11.332816
4408	11.332816
4409	11.332816
4410	11.332816
4411	11.332816
4412	11.332816
4413	11.332816
4414	11.332816
4415	11.332816
4416	11.332816
4417	11.332816
4418	11.332816
4419	11.332816
4420	11.332816
4421	11.332816
4422	11.332816
4423	11.332816
4424	11.332816
4425	11.332816
4426	11.332816
4427	11.332816
4428	11.332816
4429	11.332816
4430	11.332816
4431	11.332816
4432	11.332816
4433	11.332816
4434	11.332816
4435	11.332816
4436	11.332816
4437	11.332816
4438	11.332816
4439	11.332816
4440	11.332816
4441	11.332816
4442	11.332816
4443	11.332816
4444	11.332816
4445	11.332816
4446	11.332816
4447	11.332816
4448	11.332816
4449	11.332816
4450	11.332816
4451	11.332816
4452	11.332816
4453	11.332816
4454	11.332816
4455	11.332816
4456	11.332816
4457	11.332816
4458	11.332816
4459	11.332816
4460	11.332816
4461	11.332816
4462	11.332816
4463	11.332816
4464	11.332816
4465	11.332816
4466	11.332816
4467	11.332816
4468	11.332816
4469	11.332816
4470	11.332816
4471	11.332816
4472	11.332816
4473	11.332816
4474	11.332816
4475	11.332816
4476	11.332816
4477	11.332816
4478	11.332816
4479	11.332816
4480	11.332816
4481	11.332816
4482	11.332816
4483	11.332816
4484	11.332816
4485	11.332816
4486	11.332816
4487	11.332816
4488	11.332816
4489	11.332816
4490	11.332816
4491	11.332816
4492	11.332816
4493	11.332816
4494	11.332816
4495	11.332816
4496	11.332816
4497	11.332816
4498	11.332816
4499	11.332816
4500	11.332816
4501	11.332816
4502	11.332816
4503	11.332816
4504	11.332816
4505	11.332816
4506	11.332816
4507	11.332816
4508	11.332816
4509	11.332816
4510	11.332816
4511	11.332816
4512	11.332816
4513	11.332816
4514	11.332816
4515	11.332816
4516	11.332816
4517	11.332816
4518	11.332816
4519	11.332816
4520	11.332816
4521	11.332816
4522	11.332816
4523	11.332816
4524	11.332816
4525	11.332816
4526	11.332816
4527	11.332816
4528	11.332816
4529	11.332816
4530	11.332816
4531	11.332816
4532	11.332816
4533	11.332816
4534	11.332816
4535	11.332816
4536	11.332816
4537	11.332816
4538	11.332816
4539	11.332816
4540	11.332816
4541	11.332816
4542	11.332816
4543	11.332816
4544	11.332816
4545	11.332816
4546	11.332816
4547	11.332816
4548	11.332816
4549	11.332816
4550	11.332816
4551	11.332816
4552	11.332816
4553	11.332816
4554	11.332816
4555	11.332816
4556	11.332816
4557	11.332816
4558	11.332816
4559	11.332816
4560	11.332816
4561	11.332816
4562	11.332816
4563	11.332816
4564	11.332816
4565	11.332816
4566	11.332816
4567	11.332816
4568	11.332816
4569	11.332816
4570	11.332816
4571	11.332816
4572	11.332816
4573	11.332816
4574	11.332816
4575	11.332816
4576	11.332816
4577	11.332816
4578	11.332816
4579	11.332816
4580	11.332816
4581	11.332816
4582	11.332816
4583	11.332816
4584	11.332816
4585	11.332816
4586	11.332816
4587	11.332816
4588	11.332816
4589	11.332816
4590	11.332816
4591	11.332816
4592	11.332816
4593	11.332816
4594	11.332816
4595	11.332816
4596	11.332816
4597	11.332816
4598	11.332816
4599	11.332816
4600	11.332816
4601	11.332816
4602	11.332816
4603	11.332816
4604	11.332816
4605	11.332816
4606	11.332816
4607	11.332816
4608	11.332816
4609	11.332816
4610	11.332816
4611	11.332816
4612	11.332816
4613	11.332816
4614	11.332816
4615	11.332816
4616	11.332816
4617	11.332816
4618	11.332816
4619	11.332816
4620	11.332816
4621	11.332816
4622	11.332816
4623	11.332816
4624	11.332816
4625	11.332816
4626	11.332816
4627	11.332816
4628	11.332816
4629	11.332816
4630	11.332816
4631	11.332816
4632	11.332816
4633	11.332816
4634	11.332816
4635	11.332816
4636	11.332816
4637	11.332816
4638	11.332816
4639	11.332816
4640	11.332816
4641	11.332816
4642	11.332816
4643	11.332816
4644	11.332816
4645	11.332816
4646	11.332816
4647	11.332816
4648	11.332816
4649	11.332816
4650	11.332816
4651	11.332816
4652	11.332816
4653	11.332816
4654	11.332816
4655	11.332816
4656	11.332816
4657	11.332816
4658	11.332816
4659	11.332816
4660	11.332816
4661	11.332816
4662	11.332816
4663	11.332816
4664	11.332816
4665	11.332816
4666	11.332816
4667	11.332816
4668	11.332816
4669	11.332816
4670	11.332816
4671	11.332816
4672	11.332816
4673	11.332816
4674	11.332816
4675	11.332816
4676	11.332816
4677	11.332816
4678	11.332816
4679	11.332816
4680	11.332816
4681	11.332816
4682	11.332816
4683	11.332816
4684	11.332816
4685	11.332816
4686	11.332816
4687	11.332816
4688	11.332816
4689	11.332816
4690	11.332816
4691	11.332816
4692	11.332816
4693	11.332816
4694	11.332816
4695	11.332816
4696	11.332816
4697	11.332816
4698	11.332816
4699	11.332816
4700	11.332816
4701	11.332816
4702	11.332816
4703	11.332816
4704	11.332816
4705	11.332816
4706	11.332816
4707	11.332816
4708	11.332816
4709	11.332816
4710	11.332816
4711	11.332816
4712	11.332816
4713	11.332816
4714	11.332816
4715	11.332816
4716	11.332816
4717	11.332816
4718	11.332816
4719	11.332816
4720	11.332816
4721	11.332816
4722	11.332816
4723	11.332816
4724	11.332816
4725	11.332816
4726	11.332816
4727	11.332816
4728	11.332816
4729	11.332816
4730	11.332816
4731	11.332816
4732	11.332816
4733	11.332816
4734	11.332816
4735	11.332816
4736	11.332816
4737	11.332816
4738	11.332816
4739	11.332816
4740	11.332816
4741	11.332816
4742	11.332816
4743	11.332816
4744	11.332816
4745	11.332816
4746	11.332816
4747	11.332816
4748	11.332816
4749	11.332816
4750	11.332816
4751	11.332816
4752	11.332816
4753	11.332816
4754	11.332816
4755	11.332816
4756	11.332816
4757	11.332816
4758	11.332816
4759	11.332816
4760	11.332816
4761	11.332816
4762	11.332816
4763	11.332816
4764	11.332816
4765	11.332816
4766	11.332816
4767	11.332816
4768	11.332816
4769	11.332816
4770	11.332816
4771	11.332816
4772	11.332816
4773	11.332816
4774	11.332816
4775	11.332816
4776	11.332816
4777	11.332816
4778	11.332816
4779	11.332816
4780	11.332816
4781	11.332816
4782	11.332816
4783	11.332816
4784	11.332816
4785	11.332816
4786	11.332816
4787	11.332816
4788	11.332816
4789	11.332816
4790	11.332816
4791	11.332816
4792	11.332816
4793	11.332816
4794	11.332816
4795	11.332816
4796	11.332816
4797	11.332816
4798	11.332816
4799	11.332816
4800	11.332816
4801	11.332816
4802	11.332816
4803	11.332816
4804	11.332816
4805	11.332816
4806	11.332816
4807	11.332816
4808	11.332816
4809	11.332816
4810	11.332816
4811	11.332816
4812	11.332816
4813	11.332816
4814	11.332816
4815	11.332816
4816	11.332816
4817	11.332816
4818	11.332816
4819	11.332816
4820	11.332816
4821	11.332816
4822	11.332816
4823	11.332816
4824	11.332816
4825	11.332816
4826	11.332816
4827	11.332816
4828	11.332816
4829	11.332816
4830	11.332816
4831	11.332816
4832	11.332816
4833	11.332816
4834	11.332816
4835	11.332816
4836	11.332816
4837	11.332816
4838	11.332816
4839	11.332816
4840	11.332816
4841	11.332816
4842	11.332816
4843	11.332816
4844	11.332816
4845	11.332816
4846	11.332816
4847	11.332816
4848	11.332816
4849	11.332816
4850	11.332816
4851	11.332816
4852	11.332816
4853	11.332816
4854	11.332816
4855	11.332816
4856	11.332816
4857	11.332816
4858	11.332816
4859	11.332816
4860	11.332816
4861	11.332816
4862	11.332816
4863	11.332816
4864	11.332816
4865	11.332816
4866	11.332816
4867	11.332816
4868	11.332816
4869	11.332816
4870	11.332816
4871	11.332816
4872	11.332816
4873	11.332816
4874	11.332816
4875	11.332816
4876	11.332816
4877	11.332816
4878	11.332816
4879	11.332816
4880	11.332816
4881	11.332816
4882	11.332816
4883	11.332816
4884	11.332816
4885	11.332816
4886	11.332816
4887	11.332816
4888	11.332816
4889	11.332816
4890	11.332816
4891	11.332816
4892	11.332816
4893	11.332816
4894	11.332816
4895	11.332816
4896	11.332816
4897	11.332816
4898	11.332816
4899	11.332816
4900	11.332816
4901	11.332816
4902	11.332816
4903	11.332816
4904	11.332816
4905	11.332816
4906	11.332816
4907	11.332816
4908	11.332816
4909	11.332816
4910	11.332816
4911	11.332816
4912	11.332816
4913	11.332816
4914	11.332816
4915	11.332816
4916	11.332816
4917	11.332816
4918	11.332816
4919	11.332816
4920	11.332816
4921	11.332816
4922	11.332816
4923	11.332816
4924	11.332816
4925	11.332816
4926	11.332816
4927	11.332816
4928	11.332816
4929	11.332816
4930	11.332816
4931	11.332816
4932	11.332816
4933	11.332816
4934	11.332816
4935	11.332816
4936	11.332816
4937	11.332816
4938	11.332816
4939	11.332816
4940	11.332816
4941	11.332816
4942	11.332816
4943	11.332816
4944	11.332816
4945	11.332816
4946	11.332816
4947	11.332816
4948	11.332816
4949	11.332816
4950	11.332816
4951	11.332816
4952	11.332816
4953	11.332816
4954	11.332816
4955	11.332816
4956	11.332816
4957	11.332816
4958	11.332816
4959	11.332816
4960	11.332816
4961	11.332816
4962	11.332816
4963	11.332816
4964	11.332816
4965	11.332816
4966	11.332816
4967	11.332816
4968	11.332816
4969	11.332816
4970	11.332816
4971	11.332816
4972	11.332816
4973	11.332816
4974	11.332816
4975	11.332816
4976	11.332816
4977	11.332816
4978	11.332816
4979	11.332816
4980	11.332816
4981	11.332816
4982	11.332816
4983	11.332816
4984	11.332816
4985	11.332816
4986	11.332816
4987	11.332816
4988	11.332816
4989	11.332816
4990	11.332816
4991	11.332816
4992	11.332816
4993	11.332816
4994	11.332816
4995	11.332816
4996	11.332816
4997	11.332816
4998	11.332816
4999	11.332816
5000	11.332816
5001	11.332816
5002	11.332816
5003	11.332816
5004	11.332816
5005	11.332816
5006	11.332816
5007	11.332816
5008	11.332816
5009	11.332816
5010	11.332816
5011	11.332816
5012	11.332816
5013	11.332816
5014	11.332816
5015	11.332816
5016	11.332816
5017	11.332816
5018	11.332816
5019	11.332816
5020	11.332816
5021	11.332816
5022	11.332816
5023	11.332816
5024	11.332816
5025	11.332816
5026	11.332816
5027	11.332816
5028	11.332816
5029	11.332816
5030	11.332816
5031	11.332816
5032	11.332816
5033	11.332816
5034	11.332816
5035	11.332816
5036	11.332816
5037	11.332816
5038	11.332816
5039	11.332816
5040	11.332816
5041	11.332816
5042	11.332816
5043	11.332816
5044	11.332816
5045	11.332816
5046	11.332816
5047	11.332816
5048	11.332816
5049	11.332816
5050	11.332816
5051	11.332816
5052	11.332816
5053	11.332816
5054	11.332816
5055	11.332816
5056	11.332816
5057	11.332816
5058	11.332816
5059	11.332816
5060	11.332816
5061	11.332816
5062	11.332816
5063	11.332816
5064	11.332816
5065	11.332816
5066	11.332816
5067	11.332816
5068	11.332816
5069	11.332816
5070	11.332816
5071	11.332816
5072	11.332816
5073	11.332816
5074	11.332816
5075	11.332816
5076	11.332816
5077	11.332816
5078	11.332816
5079	11.332816
5080	11.332816
5081	11.332816
5082	11.332816
5083	11.332816
5084	11.332816
5085	11.332816
5086	11.332816
5087	11.332816
5088	11.332816
5089	11.332816
5090	11.332816
5091	11.332816
5092	11.332816
5093	11.332816
5094	11.332816
5095	11.332816
5096	11.332816
5097	11.332816
5098	11.332816
5099	11.332816
5100	11.332816
5101	11.332816
5102	11.332816
5103	11.332816
5104	11.332816
5105	11.332816
5106	11.332816
5107	11.332816
5108	11.332816
5109	11.332816
5110	11.332816
5111	11.332816
5112	11.332816
5113	11.332816
5114	11.332816
5115	11.332816
5116	11.332816
5117	11.332816
5118	11.332816
5119	11.332816
5120	11.332816
5121	11.332816
5122	11.332816
5123	11.332816
5124	11.332816
5125	11.332816
5126	11.332816
5127	11.332816
5128	11.332816
5129	11.332816
5130	11.332816
5131	11.332816
5132	11.332816
5133	11.332816
5134	11.332816
5135	11.332816
5136	11.332816
5137	11.332816
5138	11.332816
5139	11.332816
5140	11.332816
5141	11.332816
5142	11.332816
5143	11.332816
5144	11.332816
5145	11.332816
5146	11.332816
5147	11.332816
5148	11.332816
5149	11.332816
5150	11.332816
5151	11.332816
5152	11.332816
5153	11.332816
5154	11.332816
5155	11.332816
5156	11.332816
5157	11.332816
5158	11.332816
5159	11.332816
5160	11.332816
5161	11.332816
5162	11.332816
5163	11.332816
5164	11.332816
5165	11.332816
5166	11.332816
5167	11.332816
5168	11.332816
5169	11.332816
5170	11.332816
5171	11.332816
5172	11.332816
5173	11.332816
5174	11.332816
5175	11.332816
5176	11.332816
5177	11.332816
5178	11.332816
5179	11.332816
5180	11.332816
5181	11.332816
5182	11.332816
5183	11.332816
5184	11.332816
5185	11.332816
5186	11.332816
5187	11.332816
5188	11.332816
5189	11.332816
5190	11.332816
5191	11.332816
5192	11.332816
5193	11.332816
5194	11.332816
5195	11.332816
5196	11.332816
5197	11.332816
5198	11.332816
5199	11.332816
5200	11.332816
5201	11.332816
5202	11.332816
5203	11.332816
5204	11.332816
5205	11.332816
5206	11.332816
5207	11.332816
5208	11.332816
5209	11.332816
5210	11.332816
5211	11.332816
5212	11.332816
5213	11.332816
5214	11.332816
5215	11.332816
5216	11.332816
5217	11.332816
5218	11.332816
5219	11.332816
5220	11.332816
5221	11.332816
5222	11.332816
5223	11.332816
5224	11.332816
5225	11.332816
5226	11.332816
5227	11.332816
5228	11.332816
5229	11.332816
5230	11.332816
5231	11.332816
5232	11.332816
5233	11.332816
5234	11.332816
5235	11.332816
5236	11.332816
5237	11.332816
5238	11.332816
5239	11.332816
5240	11.332816
5241	11.332816
5242	11.332816
5243	11.332816
5244	11.332816
5245	11.332816
5246	11.332816
5247	11.332816
5248	11.332816
5249	11.332816
5250	11.332816
5251	11.332816
5252	11.332816
5253	11.332816
5254	11.332816
5255	11.332816
5256	11.332816
5257	11.332816
5258	11.332816
5259	11.332816
5260	11.332816
5261	11.332816
5262	11.332816
5263	11.332816
5264	11.332816
5265	11.332816
5266	11.332816
5267	11.332816
5268	11.332816
5269	11.332816
5270	11.332816
5271	11.332816
5272	11.332816
5273	11.332816
5274	11.332816
5275	11.332816
5276	11.332816
5277	11.332816
5278	11.332816
5279	11.332816
5280	11.332816
5281	11.332816
5282	11.332816
5283	11.332816
5284	11.332816
5285	11.332816
5286	11.332816
5287	11.332816
5288	11.332816
5289	11.332816
5290	11.332816
5291	11.332816
5292	11.332816
5293	11.332816
5294	11.332816
5295	11.332816
5296	11.332816
5297	11.332816
5298	11.332816
5299	11.332816
5300	11.332816
5301	11.332816
5302	11.332816
5303	11.332816
5304	11.332816
5305	11.332816
5306	11.332816
5307	11.332816
5308	11.332816
5309	11.332816
5310	11.332816
5311	11.332816
5312	11.332816
5313	11.332816
5314	11.332816
5315	11.332816
5316	11.332816
5317	11.332816
5318	11.332816
5319	11.332816
5320	11.332816
5321	11.332816
5322	11.332816
5323	11.332816
5324	11.332816
5325	11.332816
5326	11.332816
5327	11.332816
5328	11.332816
5329	11.332816
5330	11.332816
5331	11.332816
5332	11.332816
5333	11.332816
5334	11.332816
5335	11.332816
5336	11.332816
5337	11.332816
5338	11.332816
5339	11.332816
5340	11.332816
5341	11.332816
5342	11.332816
5343	11.332816
5344	11.332816
5345	11.332816
5346	11.332816
5347	11.332816
5348	11.332816
5349	11.332816
5350	11.332816
5351	11.332816
5352	11.332816
5353	11.332816
5354	11.332816
5355	11.332816
5356	11.332816
5357	11.332816
5358	11.332816
5359	11.332816
5360	11.332816
5361	11.332816
5362	11.332816
5363	11.332816
5364	11.332816
5365	11.332816
5366	11.332816
5367	11.332816
5368	11.332816
5369	11.332816
5370	11.332816
5371	11.332816
5372	11.332816
5373	11.332816
5374	11.332816
5375	11.332816
5376	11.332816
5377	11.332816
5378	11.332816
5379	11.332816
5380	11.332816
5381	11.332816
5382	11.332816
5383	11.332816
5384	11.332816
5385	11.332816
5386	11.332816
5387	11.332816
5388	11.332816
5389	11.332816
5390	11.332816
5391	11.332816
5392	11.332816
5393	11.332816
5394	11.332816
5395	11.332816
5396	11.332816
5397	11.332816
5398	11.332816
5399	11.332816
5400	11.332816
5401	11.332816
5402	11.332816
5403	11.332816
5404	11.332816
5405	11.332816
5406	11.332816
5407	11.332816
5408	11.332816
5409	11.332816
5410	11.332816
5411	11.332816
5412	11.332816
5413	11.332816
5414	11.332816
5415	11.332816
5416	11.332816
5417	11.332816
5418	11.332816
5419	11.332816
5420	11.332816
5421	11.332816
5422	11.332816
5423	11.332816
5424	11.332816
5425	11.332816
5426	11.332816
5427	11.332816
5428	11.332816
5429	11.332816
5430	11.332816
5431	11.332816
5432	11.332816
5433	11.332816
5434	11.332816
5435	11.332816
5436	11.332816
5437	11.332816
5438	11.332816
5439	11.332816
5440	11.332816
5441	11.332816
5442	11.332816
5443	11.332816
5444	11.332816
5445	11.332816
5446	11.332816
5447	11.332816
5448	11.332816
5449	11.332816
5450	11.332816
5451	11.332816
5452	11.332816
5453	11.332816
5454	11.332816
5455	11.332816
5456	11.332816
5457	11.332816
5458	11.332816
5459	11.332816
5460	11.332816
5461	11.332816
5462	11.332816
5463	11.332816
5464	11.332816
5465	11.332816
5466	11.332816
5467	11.332816
5468	11.332816
5469	11.332816
5470	11.332816
5471	11.332816
5472	11.332816
5473	11.332816
5474	11.332816
5475	11.332816
5476	11.332816
5477	11.332816
5478	11.332816
5479	11.332816
5480	11.332816
5481	11.332816
5482	11.332816
5483	11.332816
5484	11.332816
5485	11.332816
5486	11.332816
5487	11.332816
5488	11.332816
5489	11.332816
5490	11.332816
5491	11.332816
5492	11.332816
5493	11.332816
5494	11.332816
5495	11.332816
5496	11.332816
5497	11.332816
5498	11.332816
5499	11.332816
5500	11.332816
5501	11.332816
5502	11.332816
5503	11.332816
5504	11.332816
5505	11.332816
5506	11.332816
5507	11.332816
5508	11.332816
5509	11.332816
5510	11.332816
5511	11.332816
5512	11.332816
5513	11.332816
5514	11.332816
5515	11.332816
5516	11.332816
5517	11.332816
5518	11.332816
5519	11.332816
5520	11.332816
5521	11.332816
5522	11.332816
5523	11.332816
5524	11.332816
5525	11.332816
5526	11.332816
5527	11.332816
5528	11.332816
5529	11.332816
5530	11.332816
5531	11.332816
5532	11.332816
5533	11.332816
5534	11.332816
5535	11.332816
5536	11.332816
5537	11.332816
5538	11.332816
5539	11.332816
5540	11.332816
5541	11.332816
5542	11.332816
5543	11.332816
5544	11.332816
5545	11.332816
5546	11.332816
5547	11.332816
5548	11.332816
5549	11.332816
5550	11.332816
5551	11.332816
5552	11.332816
5553	11.332816
5554	11.332816
5555	11.332816
5556	11.332816
5557	11.332816
5558	11.332816
5559	11.332816
5560	11.332816
5561	11.332816
5562	11.332816
5563	11.332816
5564	11.332816
5565	11.332816
5566	11.332816
5567	11.332816
5568	11.332816
5569	11.332816
5570	11.332816
5571	11.332816
5572	11.332816
5573	11.332816
5574	11.332816
5575	11.332816
5576	11.332816
5577	11.332816
5578	11.332816
5579	11.332816
5580	11.332816
5581	11.332816
5582	11.332816
5583	11.332816
5584	11.332816
5585	11.332816
5586	11.332816
5587	11.332816
5588	11.332816
5589	11.332816
5590	11.332816
5591	11.332816
5592	11.332816
5593	11.332816
5594	11.332816
5595	11.332816
5596	11.332816
5597	11.332816
5598	11.332816
5599	11.332816
5600	11.332816
5601	11.332816
5602	11.332816
5603	11.332816
5604	11.332816
5605	11.332816
5606	11.332816
5607	11.332816
5608	11.332816
5609	11.332816
5610	11.332816
5611	11.332816
5612	11.332816
5613	11.332816
5614	11.332816
5615	11.332816
5616	11.332816
5617	11.332816
5618	11.332816
5619	11.332816
5620	11.332816
5621	11.332816
5622	11.332816
5623	11.332816
5624	11.332816
5625	11.332816
5626	11.332816
5627	11.332816
5628	11.332816
5629	11.332816
5630	11.332816
5631	11.332816
5632	11.332816
5633	11.332816
5634	11.332816
5635	11.332816
5636	11.332816
5637	11.332816
5638	11.332816
5639	11.332816
5640	11.332816
5641	11.332816
5642	11.332816
5643	11.332816
5644	11.332816
5645	11.332816
5646	11.332816
5647	11.332816
5648	11.332816
5649	11.332816
5650	11.332816
5651	11.332816
5652	11.332816
5653	11.332816
5654	11.332816
5655	11.332816
5656	11.332816
5657	11.332816
5658	11.332816
5659	11.332816
5660	11.332816
5661	11.332816
5662	11.332816
5663	11.332816
5664	11.332816
5665	11.332816
5666	11.332816
5667	11.332816
5668	11.332816
5669	11.332816
5670	11.332816
5671	11.332816
5672	11.332816
5673	11.332816
5674	11.332816
5675	11.332816
5676	11.332816
5677	11.332816
5678	11.332816
5679	11.332816
5680	11.332816
5681	11.332816
5682	11.332816
5683	11.332816
5684	11.332816
5685	11.332816
5686	11.332816
5687	11.332816
5688	11.332816
5689	11.332816
5690	11.332816
5691	11.332816
5692	11.332816
5693	11.332816
5694	11.332816
5695	11.332816
5696	11.332816
5697	11.332816
5698	11.332816
5699	11.332816
5700	11.332816
5701	11.332816
5702	11.332816
5703	11.332816
5704	11.332816
5705	11.332816
5706	11.332816
5707	11.332816
5708	11.332816
5709	11.332816
5710	11.332816
5711	11.332816
5712	11.332816
5713	11.332816
5714	11.332816
5715	11.332816
5716	11.332816
5717	11.332816
5718	11.332816
5719	11.332816
5720	11.332816
5721	11.332816
5722	11.332816
5723	11.332816
5724	11.332816
5725	11.332816
5726	11.332816
5727	11.332816
5728	11.332816
5729	11.332816
5730	11.332816
5731	11.332816
5732	11.332816
5733	11.332816
5734	11.332816
5735	11.332816
5736	11.332816
5737	11.332816
5738	11.332816
5739	11.332816
5740	11.332816
5741	11.332816
5742	11.332816
5743	11.332816
5744	11.332816
5745	11.332816
5746	11.332816
5747	11.332816
5748	11.332816
5749	11.332816
5750	11.332816
5751	11.332816
5752	11.332816
5753	11.332816
5754	11.332816
5755	11.332816
5756	11.332816
5757	11.332816
5758	11.332816
5759	11.332816
5760	11.332816
5761	11.332816
5762	11.332816
5763	11.332816
5764	11.332816
5765	11.332816
5766	11.332816
5767	11.332816
5768	11.332816
5769	11.332816
5770	11.332816
5771	11.332816
5772	11.332816
5773	11.332816
5774	11.332816
5775	11.332816
5776	11.332816
5777	11.332816
5778	11.332816
5779	11.332816
5780	11.332816
5781	11.332816
5782	11.332816
5783	11.332816
5784	11.332816
5785	11.332816
5786	11.332816
5787	11.332816
5788	11.332816
5789	11.332816
5790	11.332816
5791	11.332816
5792	11.332816
5793	11.332816
5794	11.332816
5795	11.332816
5796	11.332816
5797	11.332816
5798	11.332816
5799	11.332816
5800	11.332816
5801	11.332816
5802	11.332816
5803	11.332816
5804	11.332816
5805	11.332816
5806	11.332816
5807	11.332816
5808	11.332816
5809	11.332816
5810	11.332816
5811	11.332816
5812	11.332816
5813	11.332816
5814	11.332816
5815	11.332816
5816	11.332816
5817	11.332816
5818	11.332816
5819	11.332816
5820	11.332816
5821	11.332816
5822	11.332816
5823	11.332816
5824	11.332816
5825	11.332816
5826	11.332816
5827	11.332816
5828	11.332816
5829	11.332816
5830	11.332816
5831	11.332816
5832	11.332816
5833	11.332816
5834	11.332816
5835	11.332816
5836	11.332816
5837	11.332816
5838	11.332816
5839	11.332816
5840	11.332816
5841	11.332816
5842	11.332816
5843	11.332816
5844	11.332816
5845	11.332816
5846	11.332816
5847	11.332816
5848	11.332816
5849	11.332816
5850	11.332816
5851	11.332816
5852	11.332816
5853	11.332816
5854	11.332816
5855	11.332816
5856	11.332816
5857	11.332816
5858	11.332816
5859	11.332816
5860	11.332816
5861	11.332816
5862	11.332816
5863	11.332816
5864	11.332816
5865	11.332816
5866	11.332816
5867	11.332816
5868	11.332816
5869	11.332816
5870	11.332816
5871	11.332816
5872	11.332816
5873	11.332816
5874	11.332816
5875	11.332816
5876	11.332816
5877	11.332816
5878	11.332816
5879	11.332816
5880	11.332816
5881	11.332816
5882	11.332816
5883	11.332816
5884	11.332816
5885	11.332816
5886	11.332816
5887	11.332816
5888	11.332816
5889	11.332816
5890	11.332816
5891	11.332816
5892	11.332816
5893	11.332816
5894	11.332816
5895	11.332816
5896	11.332816
5897	11.332816
5898	11.332816
5899	11.332816
5900	11.332816
5901	11.332816
5902	11.332816
5903	11.332816
5904	11.332816
5905	11.332816
5906	11.332816
5907	11.332816
5908	11.332816
5909	11.332816
5910	11.332816
5911	11.332816
5912	11.332816
5913	11.332816
5914	11.332816
5915	11.332816
5916	11.332816
5917	11.332816
5918	11.332816
5919	11.332816
5920	11.332816
5921	11.332816
5922	11.332816
5923	11.332816
5924	11.332816
5925	11.332816
5926	11.332816
5927	11.332816
5928	11.332816
5929	11.332816
5930	11.332816
5931	11.332816
5932	11.332816
5933	11.332816
5934	11.332816
5935	11.332816
5936	11.332816
5937	11.332816
5938	11.332816
5939	11.332816
5940	11.332816
5941	11.332816
5942	11.332816
5943	11.332816
5944	11.332816
5945	11.332816
5946	11.332816
5947	11.332816
5948	11.332816
5949	11.332816
5950	11.332816
5951	11.332816
5952	11.332816
5953	11.332816
5954	11.332816
5955	11.332816
5956	11.332816
5957	11.332816
5958	11.332816
5959	11.332816
5960	11.332816
5961	11.332816
5962	11.332816
5963	11.332816
5964	11.332816
5965	11.332816
5966	11.332816
5967	11.332816
5968	11.332816
5969	11.332816
5970	11.332816
5971	11.332816
5972	11.332816
5973	11.332816
5974	11.332816
5975	11.332816
5976	11.332816
5977	11.332816
5978	11.332816
5979	11.332816
5980	11.332816
5981	11.332816
5982	11.332816
5983	11.332816
5984	11.332816
5985	11.332816
5986	11.332816
5987	11.332816
5988	11.332816
5989	11.332816
5990	11.332816
5991	11.332816
5992	11.332816
5993	11.332816
5994	11.332816
5995	11.332816
5996	11.332816
5997	11.332816
5998	11.332816
5999	11.332816
6000	11.332816
6001	11.332816
6002	11.332816
6003	11.332816
6004	11.332816
6005	11.332816
6006	11.332816
6007	11.332816
6008	11.332816
6009	11.332816
6010	11.332816
6011	11.332816
6012	11.332816
6013	11.332816
6014	11.332816
6015	11.332816
6016	11.332816
6017	11.332816
6018	11.332816
6019	11.332816
6020	11.332816
6021	11.332816
6022	11.332816
6023	11.332816
6024	11.332816
6025	11.332816
6026	11.332816
6027	11.332816
6028	11.332816
6029	11.332816
6030	11.332816
6031	11.332816
6032	11.332816
6033	11.332816
6034	11.332816
6035	11.332816
6036	11.332816
6037	11.332816
6038	11.332816
6039	11.332816
6040	11.332816
6041	11.332816
6042	11.332816
6043	11.332816
6044	11.332816
6045	11.332816
6046	11.332816
6047	11.332816
6048	11.332816
6049	11.332816
6050	11.332816
6051	11.332816
6052	11.332816
6053	11.332816
6054	11.332816
6055	11.332816
6056	11.332816
6057	11.332816
6058	11.332816
6059	11.332816
6060	11.332816
6061	11.332816
6062	11.332816
6063	11.332816
6064	11.332816
6065	11.332816
6066	11.332816
6067	11.332816
6068	11.332816
6069	11.332816
6070	11.332816
6071	11.332816
6072	11.332816
6073	11.332816
6074	11.332816
6075	11.332816
6076	11.332816
6077	11.332816
6078	11.332816
6079	11.332816
6080	11.332816
6081	11.332816
6082	11.332816
6083	11.332816
6084	11.332816
6085	11.332816
6086	11.332816
6087	11.332816
6088	11.332816
6089	11.332816
6090	11.332816
6091	11.332816
6092	11.332816
6093	11.332816
6094	11.332816
6095	11.332816
6096	11.332816
