1	7.222682
2	7.23153
3	7.234522
4	7.073051
5	7.089267
6	7.136288
7	6.737941
8	6.751874
9	6.675733
10	6.675733
11	6.693363
12	6.697811
13	6.705693
14	6.788293
15	6.794026
16	6.754476
17	6.751301
18	6.756461
19	6.768187
20	6.762437
21	6.852565
22	6.845845
23	6.895139
24	6.939293
25	6.918271
26	7.018408
27	7.018408
28	7.032152
29	7.043176
30	6.747367
31	6.760471
32	7.076816
33	7.282178
34	7.230319
35	7.230319
36	7.193456
37	7.199906
38	7.120302
39	7.011606
40	7.004506
41	7.004506
42	7.074942
43	7.45431
44	7.506744
45	7.541144
46	7.62425
47	7.664741
48	7.720679
49	7.753703
50	7.637726
51	7.637726
52	7.644566
53	7.644566
54	7.647528
55	7.640688
56	7.757664
57	7.628332
58	7.632224
59	7.588141
60	7.782391
61	7.866678
62	7.866678
63	7.866678
64	7.738099
65	7.769158
66	7.769257
67	7.776451
68	7.79303
69	7.794036
70	7.890052
71	8.019352
72	8.018922
73	8.304512
74	8.418521
75	8.276626
76	8.347501
77	8.364673
78	8.371513
79	8.382537
80	8.411757
81	8.420357
82	8.47101
83	8.47101
84	8.47101
85	8.650598
86	8.654119
87	8.655609
88	8.656855
89	8.757638
90	8.78597
91	8.787392
92	8.787392
93	8.7844
94	8.797077
95	8.797077
96	8.79767
97	8.650337
98	8.669862
99	8.726557
100	8.810407
101	8.791057
102	8.718491
103	8.718491
104	8.718491
105	8.722819
106	8.722819
107	8.678764
108	8.678764
109	8.67872
110	8.694633
111	8.722583
112	8.723986
113	8.699862
114	8.600721
115	8.636226
116	8.75628
117	8.778172
118	8.833148
119	8.833148
120	8.988773
121	9.056891
122	9.111023
123	9.112401
124	9.120921
125	9.120921
126	9.120921
127	9.213825
128	9.213825
129	9.213825
130	9.302395
131	9.315235
132	9.315235
133	9.315235
134	9.302395
135	9.324959
136	9.373837
137	9.384394
138	9.384394
139	9.214268
140	9.242624
141	9.245318
142	9.248302
143	9.262351
144	9.263065
145	9.281521
146	9.285391
147	9.312756
148	9.268851
149	9.272076
150	9.360576
151	9.28036
152	9.28423
153	9.59643
154	9.628322
155	9.543179
156	9.564611
157	9.481881
158	9.481881
159	9.481881
160	9.481881
161	9.481881
162	9.28206
163	9.28206
164	9.43456
165	9.43456
166	9.43456
167	9.43456
168	9.45391
169	9.466793
170	9.466793
171	9.27635
172	9.27635
173	9.452393
174	9.429485
175	9.429485
176	9.429485
177	9.494207
178	9.47158
179	9.431419
180	9.431419
181	9.431419
182	9.431419
183	9.431419
184	9.431419
185	9.431419
186	9.444666
187	9.454126
188	9.454126
189	9.459286
190	9.459286
191	9.384156
192	9.384156
193	9.367386
194	9.450546
195	9.450546
196	9.450546
197	9.450546
198	9.452696
199	9.452696
200	9.452696
201	9.454708
202	9.454708
203	9.454708
204	9.454708
205	9.470953
206	9.158753
207	9.158753
208	9.137321
209	9.124182
210	9.015608
211	9.015608
212	8.993258
213	9.027818
214	9.027818
215	9.026792
216	9.026792
217	9.026792
218	9.026792
219	9.026792
220	8.822767
221	8.822767
222	8.822767
223	8.816598
224	8.674176
225	8.672449
226	8.763705
227	8.697819
228	8.891394
229	8.913171
230	8.970663
231	8.919372
232	8.919372
233	9.139338
234	9.139338
235	9.161825
236	9.161825
237	9.161825
238	9.161825
239	9.161825
240	9.161825
241	9.161825
242	9.161825
243	9.161825
244	9.17242
245	9.24755
246	9.24755
247	9.253719
248	9.565919
249	9.577511
250	9.577511
251	9.587654
252	9.510655
253	9.562746
254	9.562746
255	9.562746
256	9.562746
257	9.745627
258	9.745627
259	9.717997
260	9.651531
261	9.546291
262	9.546291
263	9.546291
264	9.583011
265	9.561408
266	9.765887
267	9.774604
268	9.810549
269	9.810549
270	9.810549
271	9.823435
272	9.805942
273	9.805942
274	9.805942
275	9.805942
276	10.012026
277	10.015799
278	10.015799
279	10.015799
280	10.015799
281	9.969631
282	9.969631
283	9.777734
284	9.777734
285	9.741014
286	9.783422
287	9.783422
288	9.783422
289	9.783422
290	9.780412
291	9.977518
292	9.977518
293	9.977518
294	9.977518
295	9.977518
296	9.963588
297	9.973192
298	9.929053
299	9.929053
300	9.929053
301	9.929053
302	9.929053
303	9.932063
304	9.932063
305	9.932063
306	9.932063
307	9.919715
308	9.940411
309	9.943595
310	9.941271
311	9.98061
312	10.097688
313	10.097688
314	10.097688
315	10.097688
316	10.097688
317	10.097688
318	10.097688
319	10.097688
320	10.097688
321	10.097688
322	10.097688
323	10.177904
324	10.17472
325	10.17472
326	10.176778
327	10.176778
328	10.176778
329	10.176778
330	10.096382
331	10.096382
332	10.096382
333	10.087041
334	10.087041
335	10.076094
336	10.076094
337	10.071807
338	10.071807
339	10.071807
340	10.071807
341	10.077175
342	10.099769
343	10.099769
344	10.099769
345	10.097482
346	10.097482
347	10.059734
348	10.019934
349	10.019934
350	10.019934
351	10.023118
352	10.023118
353	10.023118
354	9.852376
355	9.749953
356	9.762081
357	9.762081
358	9.665885
359	9.665885
360	9.624095
361	9.625437
362	9.625437
363	9.625437
364	9.480764
365	9.480764
366	9.480764
367	9.480764
368	9.517552
369	9.562804
370	9.562804
371	9.551262
372	9.551262
373	9.514474
374	9.514474
375	9.473118
376	9.473118
377	9.473118
378	9.473118
379	9.473118
380	9.473118
381	9.473118
382	9.473118
383	9.521559
384	9.521559
385	9.521559
386	9.521559
387	9.521559
388	9.521559
389	9.521559
390	9.521559
391	9.521244
392	9.538052
393	9.584158
394	9.595105
395	9.595105
396	9.620577
397	9.620577
398	9.620577
399	9.620577
400	9.623562
401	9.66035
402	9.66035
403	9.66035
404	9.66035
405	9.701853
406	9.701853
407	9.701853
408	9.701853
409	9.701853
410	9.684521
411	9.472422
412	9.472422
413	9.685984
414	9.685984
415	9.685984
416	9.685984
417	9.685984
418	9.66801
419	9.663115
420	9.786061
421	9.786061
422	9.786061
423	9.786061
424	9.716422
425	9.716422
426	9.716422
427	9.716422
428	9.716422
429	9.759748
430	9.759748
431	9.779938
432	9.711145
433	9.711145
434	9.717817
435	9.717817
436	9.694108
437	9.704818
438	9.709713
439	9.709713
440	9.662175
441	9.718492
442	9.687503
443	9.687503
444	9.549596
445	9.549596
446	9.549596
447	9.549596
448	9.549596
449	9.604658
450	9.693726
451	9.656938
452	9.744928
453	9.744928
454	9.744928
455	9.984852
456	9.98235
457	9.98235
458	9.98235
459	10.046942
460	10.046942
461	10.125345
462	10.125345
463	10.125345
464	10.125345
465	10.125345
466	10.125345
467	10.143693
468	10.143693
469	10.143693
470	10.143693
471	10.143693
472	10.145369
473	10.145369
474	10.145369
475	10.145369
476	9.98995
477	9.98995
478	9.98995
479	9.98995
480	10.145369
481	10.145369
482	10.145369
483	10.145369
484	10.182157
485	10.182157
486	10.182157
487	10.182157
488	10.182157
489	10.182157
490	10.182157
491	10.182157
492	10.182157
493	10.182157
494	10.182157
495	10.182157
496	10.145369
497	10.145369
498	10.145369
499	10.145369
500	10.145369
501	10.145369
502	10.162683
503	10.162683
504	10.162683
505	10.162683
506	10.162683
507	10.162683
508	10.109152
509	10.109152
510	10.109152
511	10.109152
512	10.203331
513	10.220663
514	10.220663
515	10.258274
516	10.258274
517	10.258274
518	10.258274
519	10.258274
520	10.258274
521	10.21086
522	10.21086
523	10.218915
524	10.218915
525	10.221104
526	10.064292
527	10.064292
528	10.064292
529	10.064292
530	10.064292
531	10.064292
532	10.018124
533	10.084391
534	10.084391
535	10.112057
536	10.112057
537	10.112057
538	10.112057
539	10.112057
540	10.112057
541	10.13136
542	10.276431
543	10.276431
544	10.292694
545	10.292694
546	10.353637
547	10.353637
548	10.353637
549	10.353637
550	10.353637
551	10.353637
552	10.353637
553	10.353637
554	10.353637
555	10.353637
556	10.353637
557	10.353637
558	10.353637
559	10.353637
560	10.353637
561	10.353637
562	10.350652
563	10.350652
564	10.350652
565	10.350652
566	10.350652
567	10.350652
568	10.350652
569	10.350652
570	10.350652
571	10.350652
572	10.350652
573	10.350652
574	10.350652
575	10.350652
576	10.350652
577	10.350652
578	10.39682
579	10.39682
580	10.39682
581	10.39682
582	10.39682
583	10.39682
584	10.39682
585	10.39682
586	10.39682
587	10.39682
588	10.39682
589	10.39682
590	10.35901
591	10.35901
592	10.35901
593	10.35901
594	10.35901
595	10.35901
596	10.35901
597	10.35901
598	10.35901
599	10.35901
600	10.35901
601	10.400203
602	10.400203
603	10.400203
604	10.400203
605	10.400203
606	10.400203
607	10.400203
608	10.403188
609	10.403188
610	10.403188
611	10.403188
612	10.403188
613	10.403188
614	10.403188
615	10.403188
616	10.403188
617	10.403188
618	10.403188
619	10.403188
620	10.403188
621	10.403188
622	10.403188
623	10.403188
624	10.403188
625	10.403188
626	10.403188
627	10.403188
628	10.403188
629	10.403188
630	10.403188
631	10.403188
632	10.403188
633	10.403188
634	10.403188
635	10.512611
636	10.512611
637	10.512611
638	10.512611
639	10.512611
640	10.512611
641	10.512611
642	10.512611
643	10.512611
644	10.512611
645	10.512611
646	10.512611
647	10.512611
648	10.512611
649	10.512611
650	10.512611
651	10.512611
652	10.512611
653	10.512611
654	10.512611
655	10.512611
656	10.512611
657	10.512611
658	10.512611
659	10.512611
660	10.512611
661	10.512611
662	10.570694
663	10.570694
664	10.570694
665	10.570694
666	10.570694
667	10.570694
668	10.570694
669	10.570694
670	10.570694
671	10.570694
672	10.570694
673	10.570694
674	10.570694
675	10.570694
676	10.570694
677	10.570694
678	10.570694
679	10.570694
680	10.570694
681	10.570694
682	10.570694
683	10.570694
684	10.568505
685	10.568505
686	10.551173
687	10.551173
688	10.551173
689	10.551173
690	10.551173
691	10.551173
692	10.551173
693	10.551173
694	10.551173
695	10.551173
696	10.551173
697	10.551173
698	10.568505
699	10.568505
700	10.568505
701	10.568505
702	10.568505
703	10.568505
704	10.568505
705	10.568505
706	10.568505
707	10.568505
708	10.568505
709	10.568505
710	10.527312
711	10.527312
712	10.527312
713	10.527312
714	10.527312
715	10.527312
716	10.527312
717	10.527312
718	10.50998
719	10.50998
720	10.461621
721	10.461621
722	10.461621
723	10.461621
724	10.461621
725	10.461621
726	10.461621
727	10.461621
728	10.461621
729	10.461621
730	10.461621
731	10.461621
732	10.461621
733	10.461621
734	10.461621
735	10.461621
736	10.461621
737	10.461621
738	10.461621
739	10.461621
740	10.461621
741	10.461621
742	10.461621
743	10.462417
744	10.462417
745	10.46562
746	10.46562
747	10.46562
748	10.46562
749	10.46562
750	10.46562
751	10.46562
752	10.46562
753	10.46562
754	10.46562
755	10.46562
756	10.46562
757	10.46562
758	10.46562
759	10.46562
760	10.46562
761	10.46562
762	10.46562
763	10.46562
764	10.46562
765	10.46562
766	10.46562
767	10.46562
768	10.46562
769	10.46562
770	10.46562
771	10.46562
772	10.46562
773	10.46562
774	10.46562
775	10.502435
776	10.502435
777	10.502435
778	10.502435
779	10.502435
780	10.502435
781	10.502435
782	10.502435
783	10.502435
784	10.502435
785	10.502435
786	10.502435
787	10.502435
788	10.502435
789	10.502435
790	10.502435
791	10.502435
792	10.502435
793	10.502435
794	10.502435
795	10.502435
796	10.502435
797	10.502435
798	10.502435
799	10.502435
800	10.543628
801	10.543628
802	10.543628
803	10.543628
804	10.543628
805	10.543628
806	10.543628
807	10.543628
808	10.543628
809	10.543628
810	10.543628
811	10.543628
812	10.543628
813	10.543628
814	10.543628
815	10.543628
816	10.543628
817	10.524325
818	10.524325
819	10.524325
820	10.524325
821	10.524325
822	10.524325
823	10.524325
824	10.524325
825	10.524325
826	10.524325
827	10.524325
828	10.524325
829	10.524325
830	10.524325
831	10.524325
832	10.524325
833	10.524325
834	10.524325
835	10.524325
836	10.524325
837	10.524325
838	10.524325
839	10.524325
840	10.524325
841	10.524325
842	10.524325
843	10.524325
844	10.524325
845	10.524325
846	10.524325
847	10.524325
848	10.524325
849	10.524325
850	10.524918
851	10.524918
852	10.524918
853	10.524918
854	10.557405
855	10.524026
856	10.524026
857	10.524026
858	10.524026
859	10.538155
860	10.538155
861	10.538155
862	10.540288
863	10.540288
864	10.540288
865	10.540288
866	10.540288
867	10.540288
868	10.540288
869	10.540288
870	10.540288
871	10.540288
872	10.540288
873	10.540288
874	10.540288
875	10.540288
876	10.540288
877	10.540288
878	10.540288
879	10.540288
880	10.540288
881	10.540288
882	10.540288
883	10.540288
884	10.540288
885	10.540288
886	10.540288
887	10.540288
888	10.540288
889	10.540288
890	10.540288
891	10.540288
892	10.540288
893	10.540288
894	10.540288
895	10.540288
896	10.540288
897	10.540288
898	10.539492
899	10.539492
900	10.539492
901	10.539492
902	10.539492
903	10.539492
904	10.539492
905	10.540288
906	10.540288
907	10.540288
908	10.540288
909	10.540288
910	10.540288
911	10.540288
912	10.540288
913	10.540288
914	10.540288
915	10.540288
916	10.540288
917	10.540288
918	10.540288
919	10.540288
920	10.540288
921	10.540288
922	10.540288
923	10.540288
924	10.540288
925	10.540288
926	10.540288
927	10.540288
928	10.540288
929	10.540288
930	10.540288
931	10.540288
932	10.540288
933	10.540288
934	10.540288
935	10.540288
936	10.540288
937	10.540288
938	10.540288
939	10.540288
940	10.540288
941	10.540288
942	10.540288
943	10.540288
944	10.540288
945	10.540288
946	10.540288
947	10.540288
948	10.540288
949	10.540288
950	10.540288
951	10.540288
952	10.540288
953	10.540288
954	10.540288
955	10.540288
956	10.540288
957	10.540288
958	10.540288
959	10.540288
960	10.573667
961	10.573667
962	10.573667
963	10.573667
964	10.573667
965	10.573667
966	10.573667
967	10.573667
968	10.573667
969	10.573667
970	10.573667
971	10.573667
972	10.573667
973	10.573667
974	10.573667
975	10.573667
976	10.573667
977	10.573667
978	10.573667
979	10.573667
980	10.573667
981	10.573667
982	10.573667
983	10.573667
984	10.573667
985	10.573667
986	10.573667
987	10.573667
988	10.573667
989	10.573667
990	10.573667
991	10.573667
992	10.573667
993	10.573667
994	10.573667
995	10.568844
996	10.568844
997	10.568844
998	10.568844
999	10.568844
1000	10.568844
1001	10.568844
1002	10.568844
1003	10.568844
1004	10.568844
1005	10.568844
1006	10.568844
1007	10.568844
1008	10.568844
1009	10.568844
1010	10.568844
1011	10.568844
1012	10.568844
1013	10.568844
1014	10.568844
1015	10.568844
1016	10.568844
1017	10.568844
1018	10.568844
1019	10.568844
1020	10.568844
1021	10.568844
1022	10.568844
1023	10.568844
1024	10.568844
1025	10.568844
1026	10.568844
1027	10.568844
1028	10.568844
1029	10.568844
1030	10.568844
1031	10.568844
1032	10.568844
1033	10.568844
1034	10.568844
1035	10.568844
1036	10.568844
1037	10.568844
1038	10.568844
1039	10.568844
1040	10.568844
1041	10.568844
1042	10.568844
1043	10.568844
1044	10.566655
1045	10.566655
1046	10.566655
1047	10.566655
1048	10.566655
1049	10.566655
1050	10.566655
1051	10.566655
1052	10.566655
1053	10.566655
1054	10.566655
1055	10.566655
1056	10.566655
1057	10.566655
1058	10.566655
1059	10.566655
1060	10.566655
1061	10.566655
1062	10.566655
1063	10.566655
1064	10.566655
1065	10.566655
1066	10.566655
1067	10.566655
1068	10.566655
1069	10.566655
1070	10.566655
1071	10.566655
1072	10.566655
1073	10.566655
1074	10.566655
1075	10.566655
1076	10.566655
1077	10.566655
1078	10.566655
1079	10.566655
1080	10.566655
1081	10.566655
1082	10.566655
1083	10.566655
1084	10.566655
1085	10.566655
1086	10.566655
1087	10.566655
1088	10.571478
1089	10.571478
1090	10.571478
1091	10.571478
1092	10.571478
1093	10.571478
1094	10.571478
1095	10.571478
1096	10.571478
1097	10.571478
1098	10.571478
1099	10.571478
1100	10.571478
1101	10.571478
1102	10.571478
1103	10.571478
1104	10.571478
1105	10.571478
1106	10.571478
1107	10.571478
1108	10.571478
1109	10.571478
1110	10.571478
1111	10.571478
1112	10.571478
1113	10.571478
1114	10.571478
1115	10.571478
1116	10.571478
1117	10.571478
1118	10.571478
1119	10.571478
1120	10.571478
1121	10.571478
1122	10.571478
1123	10.571478
1124	10.571478
1125	10.571478
1126	10.571478
1127	10.571478
1128	10.571478
1129	10.571478
1130	10.571478
1131	10.571478
1132	10.571478
1133	10.571478
1134	10.571478
1135	10.571478
1136	10.571478
1137	10.571478
1138	10.571478
1139	10.571478
1140	10.571478
1141	10.571478
1142	10.571478
1143	10.571478
1144	10.571478
1145	10.571478
1146	10.571478
1147	10.571478
1148	10.571478
1149	10.571478
1150	10.571478
1151	10.571478
1152	10.571478
1153	10.571478
1154	10.571478
1155	10.571478
1156	10.571478
1157	10.571478
1158	10.571478
1159	10.571478
1160	10.571478
1161	10.573667
1162	10.573667
1163	10.573667
1164	10.573667
1165	10.573667
1166	10.573667
1167	10.573667
1168	10.573667
1169	10.573667
1170	10.573667
1171	10.573667
1172	10.573667
1173	10.573667
1174	10.573667
1175	10.573667
1176	10.573667
1177	10.573667
1178	10.573667
1179	10.573667
1180	10.573667
1181	10.573667
1182	10.573667
1183	10.573667
1184	10.573667
1185	10.573667
1186	10.573667
1187	10.573667
1188	10.573667
1189	10.573667
1190	10.573667
1191	10.573667
1192	10.573667
1193	10.573667
1194	10.573667
1195	10.573667
1196	10.573667
1197	10.573667
1198	10.573667
1199	10.573667
1200	10.573667
1201	10.573667
1202	10.573667
1203	10.571478
1204	10.571478
1205	10.571478
1206	10.571478
1207	10.571478
1208	10.571478
1209	10.571478
1210	10.571478
1211	10.571478
1212	10.571478
1213	10.571478
1214	10.571478
1215	10.571478
1216	10.571478
1217	10.571478
1218	10.571478
1219	10.571478
1220	10.571478
1221	10.571478
1222	10.571478
1223	10.571478
1224	10.571478
1225	10.571478
1226	10.571478
1227	10.571478
1228	10.571478
1229	10.571478
1230	10.571478
1231	10.571478
1232	10.571478
1233	10.571478
1234	10.571478
1235	10.571478
1236	10.571478
1237	10.571478
1238	10.571478
1239	10.571478
1240	10.571478
1241	10.571478
1242	10.571478
1243	10.571478
1244	10.571478
1245	10.571478
1246	10.571478
1247	10.571478
1248	10.571478
1249	10.571478
1250	10.571478
1251	10.571478
1252	10.571478
1253	10.571478
1254	10.571478
1255	10.571478
1256	10.571478
1257	10.571478
1258	10.571478
1259	10.571478
1260	10.571478
1261	10.571478
1262	10.571478
1263	10.571478
1264	10.571478
1265	10.571478
1266	10.571478
1267	10.571478
1268	10.571478
1269	10.571478
1270	10.571478
1271	10.571478
1272	10.571478
1273	10.571478
1274	10.571478
1275	10.571478
1276	10.571478
1277	10.571478
1278	10.571478
1279	10.571478
1280	10.571478
1281	10.571478
1282	10.571478
1283	10.571478
1284	10.571478
1285	10.571478
1286	10.571478
1287	10.571478
1288	10.571478
1289	10.571478
1290	10.571478
1291	10.571478
1292	10.571478
1293	10.571478
1294	10.571478
1295	10.571478
1296	10.571478
1297	10.571478
1298	10.571478
1299	10.571478
1300	10.571478
1301	10.571478
1302	10.571478
1303	10.571478
1304	10.571478
1305	10.571478
1306	10.571478
1307	10.571478
1308	10.571478
1309	10.571478
1310	10.571478
1311	10.571478
1312	10.571478
1313	10.571478
1314	10.571478
1315	10.571478
1316	10.571478
1317	10.571478
1318	10.571478
1319	10.571478
1320	10.571478
1321	10.571478
1322	10.571478
1323	10.571478
1324	10.571478
1325	10.571478
1326	10.571478
1327	10.571478
1328	10.571478
1329	10.571478
1330	10.571478
1331	10.571478
1332	10.571478
1333	10.571478
1334	10.571478
1335	10.571478
1336	10.571478
1337	10.571478
1338	10.571478
1339	10.571478
1340	10.571478
1341	10.571478
1342	10.571478
1343	10.571478
1344	10.571478
1345	10.571478
1346	10.571478
1347	10.571478
1348	10.571478
1349	10.571478
1350	10.571478
1351	10.571478
1352	10.571478
1353	10.571478
1354	10.571478
1355	10.571478
1356	10.571478
1357	10.571478
1358	10.571478
1359	10.571478
1360	10.571478
1361	10.571478
1362	10.571478
1363	10.571478
1364	10.571478
1365	10.571478
1366	10.571478
1367	10.571478
1368	10.571478
1369	10.571478
1370	10.571478
1371	10.571478
1372	10.571478
1373	10.571478
1374	10.571478
1375	10.571478
1376	10.571478
1377	10.571478
1378	10.571478
1379	10.571478
1380	10.571478
1381	10.571478
1382	10.571478
1383	10.571478
1384	10.571478
1385	10.571478
1386	10.571478
1387	10.571478
1388	10.571478
1389	10.571478
1390	10.571478
1391	10.571478
1392	10.571478
1393	10.571478
1394	10.571478
1395	10.571478
1396	10.571478
1397	10.571478
1398	10.571478
1399	10.571478
1400	10.571478
1401	10.571478
1402	10.571478
1403	10.571478
1404	10.571478
1405	10.571478
1406	10.571478
1407	10.571478
1408	10.571478
1409	10.571478
1410	10.571478
1411	10.571478
1412	10.571478
1413	10.571478
1414	10.571478
1415	10.571478
1416	10.571478
1417	10.571478
1418	10.571478
1419	10.571478
1420	10.571478
1421	10.571478
1422	10.571478
1423	10.571478
1424	10.571478
1425	10.571478
1426	10.571478
1427	10.571478
1428	10.571478
1429	10.571478
1430	10.571478
1431	10.571478
1432	10.571478
1433	10.571478
1434	10.571478
1435	10.571478
1436	10.571478
1437	10.571478
1438	10.571478
1439	10.571478
1440	10.571478
1441	10.571478
1442	10.571478
1443	10.571478
1444	10.571478
1445	10.571478
1446	10.571478
1447	10.571478
1448	10.571478
1449	10.571478
1450	10.571478
1451	10.571478
1452	10.571478
1453	10.571478
1454	10.571478
1455	10.571478
1456	10.571478
1457	10.571478
1458	10.571478
1459	10.571478
1460	10.571478
1461	10.571478
1462	10.571478
1463	10.571478
1464	10.571478
1465	10.571478
1466	10.571478
1467	10.571478
1468	10.571478
1469	10.571478
1470	10.571478
1471	10.571478
1472	10.571478
1473	10.571478
1474	10.571478
1475	10.571478
1476	10.571478
1477	10.571478
1478	10.571478
1479	10.571478
1480	10.571478
1481	10.571478
1482	10.571478
1483	10.571478
1484	10.571478
1485	10.571478
1486	10.571478
1487	10.571478
1488	10.571478
1489	10.571478
1490	10.571478
1491	10.571478
1492	10.571478
1493	10.571478
1494	10.571478
1495	10.571478
1496	10.571478
1497	10.571478
1498	10.571478
1499	10.571478
1500	10.571478
1501	10.571478
1502	10.571478
1503	10.571478
1504	10.571478
1505	10.571478
1506	10.571478
1507	10.571478
1508	10.571478
1509	10.571478
1510	10.571478
1511	10.571478
1512	10.571478
1513	10.573667
1514	10.573667
1515	10.573667
1516	10.573667
1517	10.573667
1518	10.573667
1519	10.573667
1520	10.573667
1521	10.573667
1522	10.573667
1523	10.573667
1524	10.573667
1525	10.573667
1526	10.573667
1527	10.573667
1528	10.573667
1529	10.573667
1530	10.573667
1531	10.573667
1532	10.573667
1533	10.573667
1534	10.573667
1535	10.573667
1536	10.573667
1537	10.573667
1538	10.573667
1539	10.573667
1540	10.573667
1541	10.573667
1542	10.573667
1543	10.573667
1544	10.573667
1545	10.573667
1546	10.573667
1547	10.573667
1548	10.573667
1549	10.573667
1550	10.573667
1551	10.573667
1552	10.573667
1553	10.573667
1554	10.573667
1555	10.573667
1556	10.573667
1557	10.573667
1558	10.573667
1559	10.573667
1560	10.573667
1561	10.573667
1562	10.573667
1563	10.573667
1564	10.573667
1565	10.573667
1566	10.573667
1567	10.573667
1568	10.573667
1569	10.573667
1570	10.573667
1571	10.573667
1572	10.573667
1573	10.573667
1574	10.573667
1575	10.573667
1576	10.573667
1577	10.573667
1578	10.573667
1579	10.573667
1580	10.573667
1581	10.573667
1582	10.573667
1583	10.573667
1584	10.573667
1585	10.573667
1586	10.573667
1587	10.573667
1588	10.573667
1589	10.573667
1590	10.573667
1591	10.573667
1592	10.573667
1593	10.573667
1594	10.573667
1595	10.573667
1596	10.573667
1597	10.573667
1598	10.573667
1599	10.573667
1600	10.573667
1601	10.573667
1602	10.573667
1603	10.573667
1604	10.573667
1605	10.573667
1606	10.573667
1607	10.573667
1608	10.573667
1609	10.573667
1610	10.573667
1611	10.573667
1612	10.573667
1613	10.573667
1614	10.573667
1615	10.573667
1616	10.573667
1617	10.573667
1618	10.573667
1619	10.573667
1620	10.573667
1621	10.573667
1622	10.573667
1623	10.573667
1624	10.573667
1625	10.573667
1626	10.573667
1627	10.573667
1628	10.573667
1629	10.573667
1630	10.573667
1631	10.573667
1632	10.573667
1633	10.573667
1634	10.573667
1635	10.573667
1636	10.573667
1637	10.573667
1638	10.573667
1639	10.573667
1640	10.573667
1641	10.573667
1642	10.573667
1643	10.573667
1644	10.573667
1645	10.573667
1646	10.573667
1647	10.573667
1648	10.573667
1649	10.573667
1650	10.573667
1651	10.573667
1652	10.573667
1653	10.573667
1654	10.573667
1655	10.573667
1656	10.573667
1657	10.573667
1658	10.573667
1659	10.573667
1660	10.573667
1661	10.573667
1662	10.573667
1663	10.573667
1664	10.573667
1665	10.573667
1666	10.573667
1667	10.573667
1668	10.573667
1669	10.572871
1670	10.572871
1671	10.572871
1672	10.572871
1673	10.572871
1674	10.572871
1675	10.572871
1676	10.572871
1677	10.572871
1678	10.572871
1679	10.572871
1680	10.572871
1681	10.572871
1682	10.572871
1683	10.572871
1684	10.572871
1685	10.572871
1686	10.572871
1687	10.572871
1688	10.572871
1689	10.572871
1690	10.572871
1691	10.572871
1692	10.572871
1693	10.572871
1694	10.572871
1695	10.572871
1696	10.572871
1697	10.572871
1698	10.572871
1699	10.572871
1700	10.572871
1701	10.572871
1702	10.572871
1703	10.572871
1704	10.572871
1705	10.572871
1706	10.572871
1707	10.572871
1708	10.572871
1709	10.572871
1710	10.573667
1711	10.573667
1712	10.573667
1713	10.573667
1714	10.573667
1715	10.573667
1716	10.573667
1717	10.573667
1718	10.573667
1719	10.573667
1720	10.573667
1721	10.573667
1722	10.573667
1723	10.573667
1724	10.573667
1725	10.573667
1726	10.573667
1727	10.573667
1728	10.572871
1729	10.572871
1730	10.572871
1731	10.572871
1732	10.572871
1733	10.572871
1734	10.572871
1735	10.572871
1736	10.572871
1737	10.572871
1738	10.572871
1739	10.572871
1740	10.572871
1741	10.572871
1742	10.572871
1743	10.572871
1744	10.572871
1745	10.572871
1746	10.572871
1747	10.572871
1748	10.572871
1749	10.572871
1750	10.572871
1751	10.572871
1752	10.572871
1753	10.572871
1754	10.572871
1755	10.572871
1756	10.572871
1757	10.572871
1758	10.572871
1759	10.573667
1760	10.573667
1761	10.573667
1762	10.573667
1763	10.573667
1764	10.573667
1765	10.573667
1766	10.573667
1767	10.573667
1768	10.573667
1769	10.573667
1770	10.573667
1771	10.573667
1772	10.573667
1773	10.573667
1774	10.573667
1775	10.573667
1776	10.573667
1777	10.573667
1778	10.573667
1779	10.573667
1780	10.573667
1781	10.573667
1782	10.573667
1783	10.573667
1784	10.573667
1785	10.573667
1786	10.573667
1787	10.573667
1788	10.573667
1789	10.573667
1790	10.573667
1791	10.573667
1792	10.573667
1793	10.573667
1794	10.573667
1795	10.573667
1796	10.573667
1797	10.573667
1798	10.573667
1799	10.573667
1800	10.573667
1801	10.573667
1802	10.573667
1803	10.573667
1804	10.573667
1805	10.573667
1806	10.573667
1807	10.573667
1808	10.573667
1809	10.573667
1810	10.573667
1811	10.573667
1812	10.573667
1813	10.573667
1814	10.573667
1815	10.573667
1816	10.573667
1817	10.573667
1818	10.573667
1819	10.573667
1820	10.573667
1821	10.573667
1822	10.573667
1823	10.573667
1824	10.573667
1825	10.573667
1826	10.573667
1827	10.573667
1828	10.573667
1829	10.573667
1830	10.573667
1831	10.573667
1832	10.573667
1833	10.573667
1834	10.573667
1835	10.573667
1836	10.573667
1837	10.573667
1838	10.573667
1839	10.573667
1840	10.573667
1841	10.573667
1842	10.573667
1843	10.573667
1844	10.573667
1845	10.573667
1846	10.573667
1847	10.573667
1848	10.573667
1849	10.573667
1850	10.573667
1851	10.573667
1852	10.573667
1853	10.573667
1854	10.573667
1855	10.573667
1856	10.573667
1857	10.573667
1858	10.573667
1859	10.573667
1860	10.573667
1861	10.573667
1862	10.573667
1863	10.573667
1864	10.573667
1865	10.573667
1866	10.573667
1867	10.573667
1868	10.573667
1869	10.573667
1870	10.573667
1871	10.573667
1872	10.573667
1873	10.573667
1874	10.573667
1875	10.573667
1876	10.573667
1877	10.573667
1878	10.573667
1879	10.573667
1880	10.573667
1881	10.573667
1882	10.573667
1883	10.573667
1884	10.573667
1885	10.573667
1886	10.573667
1887	10.573667
1888	10.573667
1889	10.573667
1890	10.573667
1891	10.573667
1892	10.573667
1893	10.573667
1894	10.573667
1895	10.573667
1896	10.573667
1897	10.573667
1898	10.573667
1899	10.573667
1900	10.573667
1901	10.573667
1902	10.573667
1903	10.573667
1904	10.573667
1905	10.573667
1906	10.573667
1907	10.573667
1908	10.573667
1909	10.573667
1910	10.573667
1911	10.573667
1912	10.573667
1913	10.573667
1914	10.573667
1915	10.573667
1916	10.573667
1917	10.573667
1918	10.573667
1919	10.573667
1920	10.573667
1921	10.573667
1922	10.573667
1923	10.573667
1924	10.573667
1925	10.573667
1926	10.573667
1927	10.573667
1928	10.573667
1929	10.573667
1930	10.573667
1931	10.573667
1932	10.573667
1933	10.573667
1934	10.573667
1935	10.573667
1936	10.573667
1937	10.573667
1938	10.573667
1939	10.573667
1940	10.573667
1941	10.573667
1942	10.573667
1943	10.573667
1944	10.573667
1945	10.573667
1946	10.573667
1947	10.573667
1948	10.573667
1949	10.573667
1950	10.573667
1951	10.573667
1952	10.573667
1953	10.573667
1954	10.573667
1955	10.573667
1956	10.573667
1957	10.573667
1958	10.573667
1959	10.573667
1960	10.573667
1961	10.573667
1962	10.573667
1963	10.573667
1964	10.573667
1965	10.573667
1966	10.573667
1967	10.573667
1968	10.573667
1969	10.573667
1970	10.573667
1971	10.573667
1972	10.573667
1973	10.573667
1974	10.573667
1975	10.573667
1976	10.573667
1977	10.573667
1978	10.573667
1979	10.573667
1980	10.573667
1981	10.573667
1982	10.573667
1983	10.573667
1984	10.573667
1985	10.573667
1986	10.573667
1987	10.573667
1988	10.573667
1989	10.573667
1990	10.573667
1991	10.573667
1992	10.573667
1993	10.573667
1994	10.573667
1995	10.573667
1996	10.573667
1997	10.573667
1998	10.573667
1999	10.573667
2000	10.573667
2001	10.573667
2002	10.573667
2003	10.573667
2004	10.573667
2005	10.573667
2006	10.573667
2007	10.573667
2008	10.573667
2009	10.573667
2010	10.573667
2011	10.573667
2012	10.573667
2013	10.573667
2014	10.573667
2015	10.573667
2016	10.573667
2017	10.573667
2018	10.573667
2019	10.573667
2020	10.573667
2021	10.573667
2022	10.573667
2023	10.573667
2024	10.573667
2025	10.573667
2026	10.573667
2027	10.573667
2028	10.573667
2029	10.573667
2030	10.573667
2031	10.573667
2032	10.573667
2033	10.573667
2034	10.573667
2035	10.573667
2036	10.573667
2037	10.573667
2038	10.573667
2039	10.573667
2040	10.573667
2041	10.573667
2042	10.573667
2043	10.573667
2044	10.573667
2045	10.573667
2046	10.573667
2047	10.573667
2048	10.573667
2049	10.573667
2050	10.573667
2051	10.573667
2052	10.573667
2053	10.573667
2054	10.573667
2055	10.573667
2056	10.573667
2057	10.573667
2058	10.573667
2059	10.573667
2060	10.573667
2061	10.573667
2062	10.573667
2063	10.573667
2064	10.573667
2065	10.573667
2066	10.573667
2067	10.573667
2068	10.573667
2069	10.573667
2070	10.573667
2071	10.573667
2072	10.573667
2073	10.573667
2074	10.573667
2075	10.573667
2076	10.573667
2077	10.573667
2078	10.573667
2079	10.573667
2080	10.573667
2081	10.573667
2082	10.573667
2083	10.573667
2084	10.573667
2085	10.573667
2086	10.573667
2087	10.573667
2088	10.573667
2089	10.573667
2090	10.573667
2091	10.573667
2092	10.573667
2093	10.573667
2094	10.573667
2095	10.573667
2096	10.573667
2097	10.573667
2098	10.573667
2099	10.573667
2100	10.573667
2101	10.573667
2102	10.573667
2103	10.573667
2104	10.573667
2105	10.573667
2106	10.573667
2107	10.573667
2108	10.573667
2109	10.573667
2110	10.573667
2111	10.573667
2112	10.573667
2113	10.573667
2114	10.573667
2115	10.573667
2116	10.573667
2117	10.573667
2118	10.573667
2119	10.573667
2120	10.573667
2121	10.573667
2122	10.573667
2123	10.573667
2124	10.573667
2125	10.573667
2126	10.573667
2127	10.573667
2128	10.573667
2129	10.573667
2130	10.573667
2131	10.573667
2132	10.573667
2133	10.573667
2134	10.573667
2135	10.573667
2136	10.573667
2137	10.573667
2138	10.573667
2139	10.573667
2140	10.573667
2141	10.573667
2142	10.573667
2143	10.573667
2144	10.573667
2145	10.573667
2146	10.573667
2147	10.573667
2148	10.573667
2149	10.573667
2150	10.573667
2151	10.573667
2152	10.573667
2153	10.573667
2154	10.573667
2155	10.573667
2156	10.573667
2157	10.573667
2158	10.573667
2159	10.573667
2160	10.573667
2161	10.573667
2162	10.573667
2163	10.573667
2164	10.573667
2165	10.573667
2166	10.573667
2167	10.573667
2168	10.573667
2169	10.573667
2170	10.573667
2171	10.573667
2172	10.573667
2173	10.573667
2174	10.573667
2175	10.573667
2176	10.573667
2177	10.573667
2178	10.573667
2179	10.573667
2180	10.573667
2181	10.573667
2182	10.573667
2183	10.573667
2184	10.573667
2185	10.573667
2186	10.573667
2187	10.573667
2188	10.573667
2189	10.573667
2190	10.573667
2191	10.573667
2192	10.573667
2193	10.573667
2194	10.573667
2195	10.573667
2196	10.573667
2197	10.573667
2198	10.573667
2199	10.573667
2200	10.573667
2201	10.573667
2202	10.573667
2203	10.573667
2204	10.573667
2205	10.573667
2206	10.573667
2207	10.573667
2208	10.573667
2209	10.573667
2210	10.573667
2211	10.573667
2212	10.573667
2213	10.573667
2214	10.573667
2215	10.573667
2216	10.573667
2217	10.573667
2218	10.573667
2219	10.573667
2220	10.573667
2221	10.573667
2222	10.573667
2223	10.573667
2224	10.573667
2225	10.573667
2226	10.573667
2227	10.573667
2228	10.573667
2229	10.573667
2230	10.573667
2231	10.573667
2232	10.573667
2233	10.573667
2234	10.573667
2235	10.573667
2236	10.573667
2237	10.573667
2238	10.573667
2239	10.573667
2240	10.573667
2241	10.573667
2242	10.573667
2243	10.573667
2244	10.573667
2245	10.573667
2246	10.573667
2247	10.573667
2248	10.573667
2249	10.573667
2250	10.573667
2251	10.573667
2252	10.573667
2253	10.573667
2254	10.573667
2255	10.573667
2256	10.573667
2257	10.573667
2258	10.573667
2259	10.573667
2260	10.573667
2261	10.573667
2262	10.573667
2263	10.573667
2264	10.573667
2265	10.573667
2266	10.573667
2267	10.573667
2268	10.573667
2269	10.573667
2270	10.573667
2271	10.573667
2272	10.573667
2273	10.573667
2274	10.573667
2275	10.573667
2276	10.573667
2277	10.573667
2278	10.573667
2279	10.573667
2280	10.573667
2281	10.573667
2282	10.573667
2283	10.573667
2284	10.573667
2285	10.573667
2286	10.573667
2287	10.573667
2288	10.573667
2289	10.573667
2290	10.573667
2291	10.573667
2292	10.573667
2293	10.573667
2294	10.573667
2295	10.573667
2296	10.573667
2297	10.573667
2298	10.573667
2299	10.573667
2300	10.573667
2301	10.573667
2302	10.573667
2303	10.573667
2304	10.573667
2305	10.573667
2306	10.573667
2307	10.573667
2308	10.573667
2309	10.573667
2310	10.573667
2311	10.573667
2312	10.573667
2313	10.573667
2314	10.573667
2315	10.573667
2316	10.573667
2317	10.573667
2318	10.573667
2319	10.573667
2320	10.573667
2321	10.573667
2322	10.573667
2323	10.573667
2324	10.573667
2325	10.573667
2326	10.573667
2327	10.573667
2328	10.573667
2329	10.573667
2330	10.573667
2331	10.573667
2332	10.573667
2333	10.573667
2334	10.573667
2335	10.573667
2336	10.573667
2337	10.573667
2338	10.573667
2339	10.573667
2340	10.573667
2341	10.573667
2342	10.573667
2343	10.573667
2344	10.573667
2345	10.573667
2346	10.573667
2347	10.573667
2348	10.573667
2349	10.573667
2350	10.573667
2351	10.573667
2352	10.573667
2353	10.573667
2354	10.573667
2355	10.573667
2356	10.573667
2357	10.573667
2358	10.573667
2359	10.573667
2360	10.573667
2361	10.573667
2362	10.573667
2363	10.573667
2364	10.573667
2365	10.573667
2366	10.573667
2367	10.573667
2368	10.573667
2369	10.573667
2370	10.573667
2371	10.573667
2372	10.573667
2373	10.573667
2374	10.573667
2375	10.573667
2376	10.573667
2377	10.573667
2378	10.573667
2379	10.573667
2380	10.573667
2381	10.573667
2382	10.573667
2383	10.573667
2384	10.573667
2385	10.573667
2386	10.573667
2387	10.573667
2388	10.573667
2389	10.575856
2390	10.575856
2391	10.575856
2392	10.575856
2393	10.575856
2394	10.575856
2395	10.575856
2396	10.575856
2397	10.575856
2398	10.575856
2399	10.575856
2400	10.575856
2401	10.575856
2402	10.575856
2403	10.575856
2404	10.575856
2405	10.575856
2406	10.575856
2407	10.575856
2408	10.575856
2409	10.575856
2410	10.575856
2411	10.575856
2412	10.575856
2413	10.575856
2414	10.575856
2415	10.575856
2416	10.575856
2417	10.575856
2418	10.575856
2419	10.575856
2420	10.575856
2421	10.575856
2422	10.575856
2423	10.575856
2424	10.575856
2425	10.575856
2426	10.575856
2427	10.575856
2428	10.575856
2429	10.575856
2430	10.575856
2431	10.575856
2432	10.575856
2433	10.575856
2434	10.575856
2435	10.575856
2436	10.575856
2437	10.575856
2438	10.575856
2439	10.575856
2440	10.575856
2441	10.575856
2442	10.575856
2443	10.575856
2444	10.575856
2445	10.575856
2446	10.575856
2447	10.575856
2448	10.575856
2449	10.575856
2450	10.575856
2451	10.575856
2452	10.575856
2453	10.575856
2454	10.575856
2455	10.575856
2456	10.575856
2457	10.575856
2458	10.575856
2459	10.575856
2460	10.575856
2461	10.575856
2462	10.575856
2463	10.575856
2464	10.575856
2465	10.575856
2466	10.575856
2467	10.575856
2468	10.575856
2469	10.575856
2470	10.575856
2471	10.575856
2472	10.575856
2473	10.575856
2474	10.575856
2475	10.575856
2476	10.575856
2477	10.575856
2478	10.575856
2479	10.575856
2480	10.575856
2481	10.575856
2482	10.575856
2483	10.575856
2484	10.575856
2485	10.575856
2486	10.575856
2487	10.575856
2488	10.575856
2489	10.575856
2490	10.575856
2491	10.575856
2492	10.575856
2493	10.575856
2494	10.575856
2495	10.575856
2496	10.575856
2497	10.575856
2498	10.575856
2499	10.575856
2500	10.575856
2501	10.575856
2502	10.575856
2503	10.575856
2504	10.575856
2505	10.575856
2506	10.575856
2507	10.575856
2508	10.575856
2509	10.575856
2510	10.575856
2511	10.575856
2512	10.575856
2513	10.575856
2514	10.575856
2515	10.575856
2516	10.575856
2517	10.575856
2518	10.575856
2519	10.575856
2520	10.575856
2521	10.575856
2522	10.575856
2523	10.575856
2524	10.575856
2525	10.575856
2526	10.575856
2527	10.575856
2528	10.575856
2529	10.575856
2530	10.575856
2531	10.575856
2532	10.575856
2533	10.575856
2534	10.575856
2535	10.575856
2536	10.575856
2537	10.575856
2538	10.575856
2539	10.575856
2540	10.575856
2541	10.575856
2542	10.575856
2543	10.575856
2544	10.575856
2545	10.575856
2546	10.575856
2547	10.575856
2548	10.575856
2549	10.575856
2550	10.575856
2551	10.575856
2552	10.575856
2553	10.575856
2554	10.575856
2555	10.575856
2556	10.575856
2557	10.575856
2558	10.575856
2559	10.575856
2560	10.575856
2561	10.575856
2562	10.575856
2563	10.575856
2564	10.575856
2565	10.575856
2566	10.575856
2567	10.575856
2568	10.575856
2569	10.575856
2570	10.575856
2571	10.575856
2572	10.575856
2573	10.575856
2574	10.575856
2575	10.575856
2576	10.575856
2577	10.575856
2578	10.575856
2579	10.575856
2580	10.575856
2581	10.575856
2582	10.575856
2583	10.575856
2584	10.575856
2585	10.575856
2586	10.575856
2587	10.575856
2588	10.575856
2589	10.575856
2590	10.575856
2591	10.575856
2592	10.575856
2593	10.575856
2594	10.575856
2595	10.575856
2596	10.575856
2597	10.575856
2598	10.575856
2599	10.575856
2600	10.575856
2601	10.575856
2602	10.575856
2603	10.575856
2604	10.575856
2605	10.575856
2606	10.575856
2607	10.575856
2608	10.575856
2609	10.575856
2610	10.575856
2611	10.575856
2612	10.575856
2613	10.575856
2614	10.575856
2615	10.575856
2616	10.575856
2617	10.575856
2618	10.575856
2619	10.575856
2620	10.575856
2621	10.575856
2622	10.575856
2623	10.575856
2624	10.575856
2625	10.575856
2626	10.575856
2627	10.575856
2628	10.575856
2629	10.575856
2630	10.575856
2631	10.575856
2632	10.575856
2633	10.575856
2634	10.575856
2635	10.575856
2636	10.575856
2637	10.575856
2638	10.575856
2639	10.575856
2640	10.575856
2641	10.575856
2642	10.575856
2643	10.575856
2644	10.575856
2645	10.575856
2646	10.575856
2647	10.575856
2648	10.575856
2649	10.575856
2650	10.575856
2651	10.575856
2652	10.575856
2653	10.575856
2654	10.575856
2655	10.575856
2656	10.575856
2657	10.575856
2658	10.575856
2659	10.575856
2660	10.575856
2661	10.575856
2662	10.575856
2663	10.575856
2664	10.575856
2665	10.575856
2666	10.575856
2667	10.575856
2668	10.575856
2669	10.575856
2670	10.575856
2671	10.575856
2672	10.575856
2673	10.575856
2674	10.575856
2675	10.575856
2676	10.575856
2677	10.575856
2678	10.575856
2679	10.575856
2680	10.575856
2681	10.575856
2682	10.575856
2683	10.575856
2684	10.575856
2685	10.575856
2686	10.575856
2687	10.575856
2688	10.575856
2689	10.575856
2690	10.575856
2691	10.575856
2692	10.575856
2693	10.575856
2694	10.575856
2695	10.575856
2696	10.575856
2697	10.575856
2698	10.575856
2699	10.575856
2700	10.575856
2701	10.575856
2702	10.575856
2703	10.575856
2704	10.575856
2705	10.575856
2706	10.575856
2707	10.575856
2708	10.575856
2709	10.575856
2710	10.575856
2711	10.575856
2712	10.575856
2713	10.575856
2714	10.575856
2715	10.575856
2716	10.575856
2717	10.575856
2718	10.575856
2719	10.575856
2720	10.575856
2721	10.575856
2722	10.575856
2723	10.575856
2724	10.575856
2725	10.575856
2726	10.575856
2727	10.575856
2728	10.575856
2729	10.575856
2730	10.575856
2731	10.575856
2732	10.575856
2733	10.575856
2734	10.575856
2735	10.575856
2736	10.575856
2737	10.575856
2738	10.575856
2739	10.575856
2740	10.575856
2741	10.575856
2742	10.575856
2743	10.575856
2744	10.575856
2745	10.575856
2746	10.575856
2747	10.575856
2748	10.575856
2749	10.575856
2750	10.575856
2751	10.575856
2752	10.575856
2753	10.575856
2754	10.575856
2755	10.575856
2756	10.575856
2757	10.575856
2758	10.575856
2759	10.575856
2760	10.575856
2761	10.575856
2762	10.575856
2763	10.575856
2764	10.575856
2765	10.575856
2766	10.575856
2767	10.575856
2768	10.575856
2769	10.575856
2770	10.575856
2771	10.575856
2772	10.575856
2773	10.575856
2774	10.575856
2775	10.575856
2776	10.575856
2777	10.575856
2778	10.575856
2779	10.575856
2780	10.575856
2781	10.575856
2782	10.575856
2783	10.575856
2784	10.575856
2785	10.575856
2786	10.575856
2787	10.575856
2788	10.575856
2789	10.575856
2790	10.575856
2791	10.575856
2792	10.575856
2793	10.575856
2794	10.575856
2795	10.575856
2796	10.575856
2797	10.575856
2798	10.575856
2799	10.575856
2800	10.575856
2801	10.575856
2802	10.575856
2803	10.575856
2804	10.575856
2805	10.575856
2806	10.575856
2807	10.575856
2808	10.575856
2809	10.575856
2810	10.575856
2811	10.575856
2812	10.575856
2813	10.575856
2814	10.575856
2815	10.575856
2816	10.575856
2817	10.575856
2818	10.575856
2819	10.575856
2820	10.575856
2821	10.575856
2822	10.575856
2823	10.575856
2824	10.575856
2825	10.575856
2826	10.575856
2827	10.575856
2828	10.575856
2829	10.575856
2830	10.575856
2831	10.575856
2832	10.575856
2833	10.575856
2834	10.575856
2835	10.575856
2836	10.575856
2837	10.575856
2838	10.575856
2839	10.575856
2840	10.575856
2841	10.575856
2842	10.575856
2843	10.575856
2844	10.575856
2845	10.575856
2846	10.575856
2847	10.575856
2848	10.575856
2849	10.575856
2850	10.575856
2851	10.575856
2852	10.575856
2853	10.575856
2854	10.575856
2855	10.575856
2856	10.575856
2857	10.575856
2858	10.575856
2859	10.575856
2860	10.575856
2861	10.575856
2862	10.575856
2863	10.575856
2864	10.575856
2865	10.575856
2866	10.575856
2867	10.575856
2868	10.575856
2869	10.575856
2870	10.575856
2871	10.575856
2872	10.575856
2873	10.575856
2874	10.575856
2875	10.575856
2876	10.575856
2877	10.575856
2878	10.575856
2879	10.575856
2880	10.575856
2881	10.575856
2882	10.575856
2883	10.575856
2884	10.575856
2885	10.575856
2886	10.575856
2887	10.575856
2888	10.575856
2889	10.575856
2890	10.575856
2891	10.575856
2892	10.575856
2893	10.575856
2894	10.575856
2895	10.575856
2896	10.575856
2897	10.575856
2898	10.575856
2899	10.575856
2900	10.575856
2901	10.575856
2902	10.575856
2903	10.575856
2904	10.575856
2905	10.575856
2906	10.575856
2907	10.575856
2908	10.575856
2909	10.575856
2910	10.575856
2911	10.575856
2912	10.575856
2913	10.575856
2914	10.575856
2915	10.575856
2916	10.575856
2917	10.575856
2918	10.575856
2919	10.575856
2920	10.575856
2921	10.575856
2922	10.575856
2923	10.575856
2924	10.575856
2925	10.575856
2926	10.575856
2927	10.575856
2928	10.575856
2929	10.575856
2930	10.575856
2931	10.575856
2932	10.575856
2933	10.575856
2934	10.575856
2935	10.575856
2936	10.575856
2937	10.575856
2938	10.575856
2939	10.575856
2940	10.575856
2941	10.575856
2942	10.575856
2943	10.575856
2944	10.575856
2945	10.575856
2946	10.575856
2947	10.575856
2948	10.575856
2949	10.575856
2950	10.575856
2951	10.575856
2952	10.575856
2953	10.575856
2954	10.575856
2955	10.575856
2956	10.575856
2957	10.575856
2958	10.575856
2959	10.575856
2960	10.575856
2961	10.575856
2962	10.575856
2963	10.575856
2964	10.575856
2965	10.575856
2966	10.575856
2967	10.575856
2968	10.575856
2969	10.575856
2970	10.575856
2971	10.575856
2972	10.575856
2973	10.575856
2974	10.575856
2975	10.575856
2976	10.575856
2977	10.575856
2978	10.575856
2979	10.575856
2980	10.575856
2981	10.575856
2982	10.575856
2983	10.575856
2984	10.575856
2985	10.575856
2986	10.575856
2987	10.575856
2988	10.575856
2989	10.575856
2990	10.575856
2991	10.575856
2992	10.575856
2993	10.575856
2994	10.575856
2995	10.575856
2996	10.575856
2997	10.575856
2998	10.575856
2999	10.575856
3000	10.575856
3001	10.575856
3002	10.575856
3003	10.575856
3004	10.575856
3005	10.575856
3006	10.575856
3007	10.575856
3008	10.575856
3009	10.575856
3010	10.575856
3011	10.575856
3012	10.575856
3013	10.575856
3014	10.575856
3015	10.575856
3016	10.575856
3017	10.575856
3018	10.575856
3019	10.575856
3020	10.575856
3021	10.575856
3022	10.575856
3023	10.575856
3024	10.575856
3025	10.575856
3026	10.575856
3027	10.575856
3028	10.575856
3029	10.575856
3030	10.575856
3031	10.575856
3032	10.575856
3033	10.575856
3034	10.575856
3035	10.575856
3036	10.575856
3037	10.575856
3038	10.575856
3039	10.575856
3040	10.575856
3041	10.575856
3042	10.575856
3043	10.575856
3044	10.575856
3045	10.575856
3046	10.575856
3047	10.575856
3048	10.575856
3049	10.575856
3050	10.575856
3051	10.575856
3052	10.575856
3053	10.575856
3054	10.575856
3055	10.575856
3056	10.575856
3057	10.575856
3058	10.575856
3059	10.575856
3060	10.575856
3061	10.575856
3062	10.575856
3063	10.575856
3064	10.575856
3065	10.575856
3066	10.575856
3067	10.575856
3068	10.575856
3069	10.575856
3070	10.575856
3071	10.575856
3072	10.575856
3073	10.575856
3074	10.575856
3075	10.575856
3076	10.575856
3077	10.575856
3078	10.575856
3079	10.575856
3080	10.575856
3081	10.575856
3082	10.575856
3083	10.575856
3084	10.575856
3085	10.575856
3086	10.575856
3087	10.575856
3088	10.575856
3089	10.575856
3090	10.575856
3091	10.575856
3092	10.575856
3093	10.575856
3094	10.575856
3095	10.575856
3096	10.575856
3097	10.575856
3098	10.575856
3099	10.575856
3100	10.575856
3101	10.575856
3102	10.575856
3103	10.575856
3104	10.575856
3105	10.575856
3106	10.575856
3107	10.575856
3108	10.575856
3109	10.575856
3110	10.575856
3111	10.575856
3112	10.575856
3113	10.575856
3114	10.575856
3115	10.575856
3116	10.575856
3117	10.575856
3118	10.575856
3119	10.575856
3120	10.575856
3121	10.575856
3122	10.575856
3123	10.575856
3124	10.575856
3125	10.575856
3126	10.575856
3127	10.575856
3128	10.575856
3129	10.575856
3130	10.575856
3131	10.575856
3132	10.575856
3133	10.575856
3134	10.575856
3135	10.575856
3136	10.575856
3137	10.575856
3138	10.575856
3139	10.575856
3140	10.575856
3141	10.575856
3142	10.575856
3143	10.575856
3144	10.575856
3145	10.575856
3146	10.575856
3147	10.575856
3148	10.575856
3149	10.575856
3150	10.575856
3151	10.575856
3152	10.575856
3153	10.575856
3154	10.575856
3155	10.575856
3156	10.575856
3157	10.575856
3158	10.575856
3159	10.575856
3160	10.575856
3161	10.575856
3162	10.575856
3163	10.575856
3164	10.575856
3165	10.575856
3166	10.575856
3167	10.575856
3168	10.575856
3169	10.575856
3170	10.575856
3171	10.575856
3172	10.575856
3173	10.575856
3174	10.575856
3175	10.575856
3176	10.575856
3177	10.575856
3178	10.575856
3179	10.575856
3180	10.575856
3181	10.575856
3182	10.575856
3183	10.575856
3184	10.575856
3185	10.575856
3186	10.575856
3187	10.575856
3188	10.575856
3189	10.575856
3190	10.575856
3191	10.575856
3192	10.575856
3193	10.575856
3194	10.575856
3195	10.575856
3196	10.575856
3197	10.575856
3198	10.575856
3199	10.575856
3200	10.575856
3201	10.575856
3202	10.575856
3203	10.575856
3204	10.575856
3205	10.575856
3206	10.575856
3207	10.575856
3208	10.575856
3209	10.575856
3210	10.575856
3211	10.575856
3212	10.575856
3213	10.575856
3214	10.575856
3215	10.575856
3216	10.575856
3217	10.575856
3218	10.575856
3219	10.575856
3220	10.575856
3221	10.575856
3222	10.575856
3223	10.575856
3224	10.575856
3225	10.575856
3226	10.575856
3227	10.575856
3228	10.575856
3229	10.575856
3230	10.575856
3231	10.575856
3232	10.575856
3233	10.575856
3234	10.575856
3235	10.575856
3236	10.575856
3237	10.575856
3238	10.575856
3239	10.575856
3240	10.575856
3241	10.575856
3242	10.575856
3243	10.575856
3244	10.575856
3245	10.575856
3246	10.575856
3247	10.575856
3248	10.575856
3249	10.575856
3250	10.575856
3251	10.575856
3252	10.575856
3253	10.575856
3254	10.575856
3255	10.575856
3256	10.575856
3257	10.575856
3258	10.575856
3259	10.575856
3260	10.575856
3261	10.575856
3262	10.575856
3263	10.575856
3264	10.575856
3265	10.575856
3266	10.575856
3267	10.575856
3268	10.575856
3269	10.575856
3270	10.575856
3271	10.575856
3272	10.575856
3273	10.575856
3274	10.575856
3275	10.575856
3276	10.575856
3277	10.575856
3278	10.575856
3279	10.575856
3280	10.575856
3281	10.575856
3282	10.575856
3283	10.575856
3284	10.575856
3285	10.575856
3286	10.575856
3287	10.575856
3288	10.575856
3289	10.575856
3290	10.575856
3291	10.575856
3292	10.575856
3293	10.575856
3294	10.575856
3295	10.575856
3296	10.575856
3297	10.575856
3298	10.575856
3299	10.575856
3300	10.575856
3301	10.575856
3302	10.575856
3303	10.575856
3304	10.575856
3305	10.575856
3306	10.575856
3307	10.575856
3308	10.575856
3309	10.575856
3310	10.575856
3311	10.575856
3312	10.575856
3313	10.575856
3314	10.575856
3315	10.575856
3316	10.575856
3317	10.575856
3318	10.575856
3319	10.575856
3320	10.575856
3321	10.575856
3322	10.575856
3323	10.575856
3324	10.575856
3325	10.575856
3326	10.575856
3327	10.575856
3328	10.575856
3329	10.575856
3330	10.575856
3331	10.575856
3332	10.575856
3333	10.575856
3334	10.575856
3335	10.575856
3336	10.575856
3337	10.575856
3338	10.575856
3339	10.575856
3340	10.575856
3341	10.575856
3342	10.575856
3343	10.575856
3344	10.575856
3345	10.575856
3346	10.575856
3347	10.575856
3348	10.575856
3349	10.575856
3350	10.575856
3351	10.575856
3352	10.575856
3353	10.575856
3354	10.575856
3355	10.575856
3356	10.575856
3357	10.575856
3358	10.575856
3359	10.575856
3360	10.575856
3361	10.575856
3362	10.575856
3363	10.575856
3364	10.575856
3365	10.575856
3366	10.575856
3367	10.575856
3368	10.575856
3369	10.575856
3370	10.575856
3371	10.575856
3372	10.575856
3373	10.575856
3374	10.575856
3375	10.575856
3376	10.575856
3377	10.575856
3378	10.575856
3379	10.575856
3380	10.575856
3381	10.575856
3382	10.575856
3383	10.575856
3384	10.575856
3385	10.575856
3386	10.575856
3387	10.575856
3388	10.575856
3389	10.575856
3390	10.575856
3391	10.575856
3392	10.575856
3393	10.575856
3394	10.575856
3395	10.575856
3396	10.575856
3397	10.575856
3398	10.575856
3399	10.575856
3400	10.575856
3401	10.575856
3402	10.575856
3403	10.575856
3404	10.575856
3405	10.575856
3406	10.575856
3407	10.575856
3408	10.575856
3409	10.575856
3410	10.575856
3411	10.575856
3412	10.575856
3413	10.575856
3414	10.575856
3415	10.575856
3416	10.575856
3417	10.575856
3418	10.575856
3419	10.575856
3420	10.575856
3421	10.575856
3422	10.575856
3423	10.575856
3424	10.575856
3425	10.575856
3426	10.575856
3427	10.575856
3428	10.575856
3429	10.575856
3430	10.575856
3431	10.575856
3432	10.575856
3433	10.575856
3434	10.575856
3435	10.575856
3436	10.575856
3437	10.575856
3438	10.575856
3439	10.575856
3440	10.575856
3441	10.575856
3442	10.575856
3443	10.575856
3444	10.575856
3445	10.575856
3446	10.575856
3447	10.575856
3448	10.575856
3449	10.575856
3450	10.575856
3451	10.575856
3452	10.575856
3453	10.575856
3454	10.575856
3455	10.575856
3456	10.575856
3457	10.575856
3458	10.575856
3459	10.575856
3460	10.575856
3461	10.575856
3462	10.575856
3463	10.575856
3464	10.575856
3465	10.575856
3466	10.575856
3467	10.575856
3468	10.575856
3469	10.575856
3470	10.575856
3471	10.575856
3472	10.575856
3473	10.575856
3474	10.575856
3475	10.575856
3476	10.575856
3477	10.575856
3478	10.575856
3479	10.575856
3480	10.575856
3481	10.575856
3482	10.575856
3483	10.575856
3484	10.575856
3485	10.575856
3486	10.575856
3487	10.575856
3488	10.575856
3489	10.575856
3490	10.575856
3491	10.575856
3492	10.575856
3493	10.575856
3494	10.575856
3495	10.575856
3496	10.575856
3497	10.575856
3498	10.575856
3499	10.575856
3500	10.575856
3501	10.575856
3502	10.575856
3503	10.575856
3504	10.575856
3505	10.575856
3506	10.575856
3507	10.575856
3508	10.575856
3509	10.575856
3510	10.575856
3511	10.575856
3512	10.575856
3513	10.575856
3514	10.575856
3515	10.575856
3516	10.575856
3517	10.575856
3518	10.575856
3519	10.575856
3520	10.575856
3521	10.575856
3522	10.575856
3523	10.575856
3524	10.575856
3525	10.575856
3526	10.575856
3527	10.575856
3528	10.575856
3529	10.575856
3530	10.575856
3531	10.575856
3532	10.575856
3533	10.575856
3534	10.575856
3535	10.575856
3536	10.575856
3537	10.575856
3538	10.575856
3539	10.575856
3540	10.575856
3541	10.575856
3542	10.575856
3543	10.575856
3544	10.575856
3545	10.575856
3546	10.575856
3547	10.575856
3548	10.575856
3549	10.575856
3550	10.575856
3551	10.575856
3552	10.575856
3553	10.575856
3554	10.575856
3555	10.575856
3556	10.575856
3557	10.575856
3558	10.575856
3559	10.575856
3560	10.575856
3561	10.575856
3562	10.575856
3563	10.575856
3564	10.575856
3565	10.575856
3566	10.575856
3567	10.575856
3568	10.575856
3569	10.575856
3570	10.575856
3571	10.575856
3572	10.575856
3573	10.575856
3574	10.575856
3575	10.575856
3576	10.575856
3577	10.575856
3578	10.575856
3579	10.575856
3580	10.575856
3581	10.575856
3582	10.575856
3583	10.575856
3584	10.575856
3585	10.575856
3586	10.575856
3587	10.575856
3588	10.575856
3589	10.575856
3590	10.575856
3591	10.575856
3592	10.575856
3593	10.575856
3594	10.575856
3595	10.575856
3596	10.575856
3597	10.575856
3598	10.575856
3599	10.575856
3600	10.575856
3601	10.575856
3602	10.575856
3603	10.575856
3604	10.575856
3605	10.575856
3606	10.575856
3607	10.575856
3608	10.575856
3609	10.575856
3610	10.575856
3611	10.575856
3612	10.575856
3613	10.575856
3614	10.575856
3615	10.575856
3616	10.575856
3617	10.575856
3618	10.575856
3619	10.575856
3620	10.575856
3621	10.575856
3622	10.575856
3623	10.575856
3624	10.575856
3625	10.575856
3626	10.575856
3627	10.575856
3628	10.575856
3629	10.575856
3630	10.575856
3631	10.575856
3632	10.575856
3633	10.575856
3634	10.575856
3635	10.575856
3636	10.575856
3637	10.575856
3638	10.575856
3639	10.575856
3640	10.575856
3641	10.575856
3642	10.575856
3643	10.575856
3644	10.575856
3645	10.575856
3646	10.575856
3647	10.575856
3648	10.575856
3649	10.575856
3650	10.575856
3651	10.575856
3652	10.575856
3653	10.575856
3654	10.575856
3655	10.575856
3656	10.575856
3657	10.575856
3658	10.575856
3659	10.575856
3660	10.575856
3661	10.575856
3662	10.575856
3663	10.575856
3664	10.575856
3665	10.575856
3666	10.575856
3667	10.575856
3668	10.575856
3669	10.575856
3670	10.575856
3671	10.575856
3672	10.575856
3673	10.575856
3674	10.575856
3675	10.575856
3676	10.575856
3677	10.575856
3678	10.575856
3679	10.575856
3680	10.575856
3681	10.575856
3682	10.575856
3683	10.575856
3684	10.575856
3685	10.575856
3686	10.575856
3687	10.575856
3688	10.575856
3689	10.575856
3690	10.575856
3691	10.575856
3692	10.575856
3693	10.575856
3694	10.575856
3695	10.575856
3696	10.575856
3697	10.575856
3698	10.575856
3699	10.575856
3700	10.575856
3701	10.575856
3702	10.575856
3703	10.575856
3704	10.575856
3705	10.575856
3706	10.575856
3707	10.575856
3708	10.575856
3709	10.575856
3710	10.575856
3711	10.575856
3712	10.575856
3713	10.575856
3714	10.575856
3715	10.575856
3716	10.575856
3717	10.575856
3718	10.575856
3719	10.575856
3720	10.575856
3721	10.575856
3722	10.575856
3723	10.575856
3724	10.575856
3725	10.575856
3726	10.575856
3727	10.575856
3728	10.575856
3729	10.575856
3730	10.575856
3731	10.575856
3732	10.575856
3733	10.575856
3734	10.575856
3735	10.575856
3736	10.575856
3737	10.575856
3738	10.575856
3739	10.575856
3740	10.575856
3741	10.575856
3742	10.575856
3743	10.575856
3744	10.575856
3745	10.575856
3746	10.575856
3747	10.575856
3748	10.575856
3749	10.575856
3750	10.575856
3751	10.575856
3752	10.575856
3753	10.575856
3754	10.575856
3755	10.575856
3756	10.575856
3757	10.575856
3758	10.575856
3759	10.575856
3760	10.575856
3761	10.575856
3762	10.575856
3763	10.575856
3764	10.575856
3765	10.575856
3766	10.575856
3767	10.575856
3768	10.575856
3769	10.575856
3770	10.575856
3771	10.575856
3772	10.575856
3773	10.575856
3774	10.575856
3775	10.575856
3776	10.575856
3777	10.575856
3778	10.575856
3779	10.575856
3780	10.575856
3781	10.575856
3782	10.575856
3783	10.575856
3784	10.575856
3785	10.575856
3786	10.575856
3787	10.575856
3788	10.575856
3789	10.575856
3790	10.575856
3791	10.575856
3792	10.575856
3793	10.575856
3794	10.575856
3795	10.575856
3796	10.575856
3797	10.575856
3798	10.575856
3799	10.575856
3800	10.575856
3801	10.575856
3802	10.575856
3803	10.575856
3804	10.575856
3805	10.575856
3806	10.575856
3807	10.575856
3808	10.575856
3809	10.575856
3810	10.575856
3811	10.575856
3812	10.575856
3813	10.575856
3814	10.575856
3815	10.575856
3816	10.575856
3817	10.575856
3818	10.575856
3819	10.575856
3820	10.575856
3821	10.575856
3822	10.575856
3823	10.575856
3824	10.575856
3825	10.575856
3826	10.575856
3827	10.575856
3828	10.575856
3829	10.575856
3830	10.575856
3831	10.575856
3832	10.575856
3833	10.575856
3834	10.575856
3835	10.575856
3836	10.575856
3837	10.575856
3838	10.575856
3839	10.575856
3840	10.575856
3841	10.575856
3842	10.575856
3843	10.575856
3844	10.575856
3845	10.575856
3846	10.575856
3847	10.575856
3848	10.575856
3849	10.575856
3850	10.575856
3851	10.575856
3852	10.575856
3853	10.575856
3854	10.575856
3855	10.575856
3856	10.575856
3857	10.575856
3858	10.575856
3859	10.575856
3860	10.575856
3861	10.575856
3862	10.575856
3863	10.575856
3864	10.575856
3865	10.575856
3866	10.575856
3867	10.575856
3868	10.575856
3869	10.575856
3870	10.575856
3871	10.575856
3872	10.575856
3873	10.575856
3874	10.575856
3875	10.575856
3876	10.575856
3877	10.575856
3878	10.575856
3879	10.575856
3880	10.575856
3881	10.575856
3882	10.575856
3883	10.575856
3884	10.575856
3885	10.575856
3886	10.575856
3887	10.575856
3888	10.575856
3889	10.575856
3890	10.575856
3891	10.575856
3892	10.575856
3893	10.575856
3894	10.575856
3895	10.575856
3896	10.575856
3897	10.575856
3898	10.575856
3899	10.575856
3900	10.575856
3901	10.575856
3902	10.575856
3903	10.575856
3904	10.575856
3905	10.575856
3906	10.575856
3907	10.575856
3908	10.575856
3909	10.575856
3910	10.575856
3911	10.575856
3912	10.575856
3913	10.575856
3914	10.575856
3915	10.575856
3916	10.575856
3917	10.575856
3918	10.575856
3919	10.575856
3920	10.575856
3921	10.575856
3922	10.575856
3923	10.575856
3924	10.575856
3925	10.575856
3926	10.575856
3927	10.575856
3928	10.575856
3929	10.575856
3930	10.575856
3931	10.575856
3932	10.575856
3933	10.575856
3934	10.575856
3935	10.575856
3936	10.575856
3937	10.575856
3938	10.575856
3939	10.575856
3940	10.575856
3941	10.575856
3942	10.575856
3943	10.575856
3944	10.575856
3945	10.575856
3946	10.575856
3947	10.575856
3948	10.575856
3949	10.575856
3950	10.575856
3951	10.575856
3952	10.575856
3953	10.575856
3954	10.575856
3955	10.575856
3956	10.575856
3957	10.575856
3958	10.575856
3959	10.575856
3960	10.575856
3961	10.575856
3962	10.575856
3963	10.575856
3964	10.575856
3965	10.575856
3966	10.575856
3967	10.575856
3968	10.575856
3969	10.575856
3970	10.575856
3971	10.575856
3972	10.575856
3973	10.575856
3974	10.575856
3975	10.575856
3976	10.575856
3977	10.575856
3978	10.575856
3979	10.575856
3980	10.575856
3981	10.575856
3982	10.575856
3983	10.575856
3984	10.575856
3985	10.575856
3986	10.575856
3987	10.575856
3988	10.575856
3989	10.575856
3990	10.575856
3991	10.575856
3992	10.575856
3993	10.575856
3994	10.575856
3995	10.575856
3996	10.575856
3997	10.575856
3998	10.575856
3999	10.575856
4000	10.575856
4001	10.575856
4002	10.575856
4003	10.575856
4004	10.575856
4005	10.575856
4006	10.575856
4007	10.575856
4008	10.575856
4009	10.575856
4010	10.575856
4011	10.575856
4012	10.575856
4013	10.575856
4014	10.575856
4015	10.575856
4016	10.575856
4017	10.575856
4018	10.575856
4019	10.575856
4020	10.575856
4021	10.575856
4022	10.575856
4023	10.575856
4024	10.575856
4025	10.575856
4026	10.575856
4027	10.575856
4028	10.575856
4029	10.575856
4030	10.575856
4031	10.575856
4032	10.575856
4033	10.575856
4034	10.575856
4035	10.575856
4036	10.575856
4037	10.575856
4038	10.575856
4039	10.575856
4040	10.575856
4041	10.575856
4042	10.575856
4043	10.575856
4044	10.575856
4045	10.575856
4046	10.575856
4047	10.575856
4048	10.575856
4049	10.575856
4050	10.575856
4051	10.575856
4052	10.575856
4053	10.575856
4054	10.575856
4055	10.575856
4056	10.575856
4057	10.575856
4058	10.575856
4059	10.575856
4060	10.575856
4061	10.575856
4062	10.575856
