1	7.180204
2	7.232084
3	7.369949
4	7.452744
5	7.477604
6	7.503786
7	7.569936
8	7.569936
9	7.564485
10	7.608945
11	7.623029
12	7.660469
13	7.69157
14	7.743364
15	7.796575
16	7.779558
17	7.823798
18	7.962764
19	7.962764
20	7.953234
21	7.952909
22	7.981406
23	7.999746
24	8.0106
25	8.02384
26	8.029267
27	8.081593
28	8.083102
29	8.097694
30	8.115196
31	8.136106
32	8.136106
33	8.065366
34	8.14179
35	8.144276
36	8.144276
37	8.039107
38	8.075227
39	7.851488
40	7.916652
41	7.9249
42	7.9249
43	7.9249
44	8.119608
45	8.119608
46	8.273112
47	8.291593
48	8.291593
49	8.309039
50	8.324272
51	8.327712
52	8.330388
53	8.298453
54	8.389396
55	8.46334
56	8.47684
57	8.47684
58	8.516512
59	8.516512
60	8.516512
61	8.516512
62	8.799507
63	8.853822
64	9.092783
65	9.167068
66	9.167068
67	9.167068
68	9.270605
69	9.277675
70	9.277675
71	9.087788
72	9.064084
73	9.064084
74	9.158248
75	9.158248
76	9.182448
77	9.263382
78	9.27223
79	9.290118
80	9.393368
81	9.211517
82	9.264837
83	9.264837
84	9.286545
85	9.292581
86	9.295599
87	9.291924
88	9.291924
89	9.305442
90	9.305442
91	9.305442
92	9.305442
93	9.305442
94	9.279211
95	9.282886
96	9.282886
97	9.282886
98	9.101199
99	9.139484
100	9.139484
101	9.132534
102	9.132534
103	9.255457
104	9.382337
105	9.389168
106	9.389168
107	9.41912
108	9.41912
109	9.328763
110	9.328763
111	9.427008
112	9.155085
113	9.155085
114	9.155085
115	9.156156
116	9.156156
117	9.156156
118	9.153666
119	9.153666
120	9.153666
121	9.154781
122	9.357865
123	9.357865
124	9.376979
125	9.376979
126	9.089306
127	9.094814
128	9.094814
129	9.094814
130	9.094814
131	9.114704
132	9.47194
133	9.831134
134	9.831134
135	9.86964
136	9.86964
137	9.771395
138	9.786746
139	9.788231
140	9.788231
141	9.922269
142	9.922269
143	9.922269
144	9.922269
145	9.926744
146	9.926744
147	9.926744
148	9.926744
149	9.926744
150	9.926744
151	9.926744
152	9.926744
153	9.974557
154	9.825589
155	9.782057
156	9.782057
157	9.801011
158	9.801011
159	9.802875
160	9.802875
161	9.8481
162	9.8481
163	9.8481
164	9.8481
165	9.813673
166	9.813673
167	9.813673
168	9.813673
169	9.813673
170	9.813673
171	9.598228
172	9.579274
173	9.168473
174	9.180728
175	9.180728
176	9.180728
177	9.287913
178	9.447473
179	9.447473
180	9.151426
181	9.151426
182	9.255038
183	9.255038
184	9.255038
185	9.255038
186	9.360533
187	9.28637
188	9.28637
189	9.28637
190	9.28637
191	9.169075
192	9.169075
193	9.232158
194	9.232158
195	9.232158
196	9.32876
197	9.32876
198	9.34633
199	9.22785
200	9.236418
201	9.236418
202	9.354898
203	9.40897
204	9.40897
205	9.447526
206	9.447526
207	9.447526
208	9.359369
209	9.333924
210	9.333924
211	9.208821
212	9.309171
213	9.419142
214	9.396573
215	9.396573
216	9.278093
217	9.278093
218	9.278093
219	9.278093
220	9.306878
221	9.306878
222	9.371951
223	9.350922
224	9.350922
225	9.350922
226	9.355767
227	9.355767
228	9.355767
229	9.384939
230	9.409121
231	9.409121
232	9.195827
233	9.195827
234	9.198617
235	9.174435
236	9.37964
237	9.37964
238	9.37964
239	9.49812
240	9.49812
241	9.49812
242	9.49812
243	9.49812
244	9.621189
245	9.691834
246	9.691834
247	9.663974
248	9.663974
249	9.449488
250	9.492515
251	9.492515
252	9.492515
253	9.492515
254	9.492515
255	9.492515
256	9.492515
257	9.492515
258	9.492515
259	9.643329
260	9.643329
261	9.667511
262	9.667511
263	9.667511
264	9.667511
265	9.667511
266	9.667511
267	9.674147
268	9.52201
269	9.52201
270	9.52201
271	9.52201
272	9.528776
273	9.53075
274	9.53075
275	9.53075
276	9.506568
277	9.506568
278	9.301363
279	9.301363
280	9.435238
281	9.435238
282	9.45942
283	9.48807
284	9.36959
285	9.035282
286	9.0111
287	9.0111
288	9.032338
289	9.013003
290	9.216402
291	9.216402
292	9.216402
293	9.240584
294	9.240584
295	9.240584
296	9.240584
297	9.123215
298	9.085665
299	9.085665
300	9.291637
301	9.613145
302	9.613145
303	9.613145
304	9.675052
305	9.681088
306	9.525726
307	9.525726
308	9.525726
309	9.525726
310	9.525726
311	9.584128
312	9.585991
313	9.561809
314	9.561809
315	9.612305
316	9.612305
317	9.56243
318	9.56243
319	9.575471
320	9.575471
321	9.575471
322	9.575471
323	9.564845
324	9.588926
325	9.592652
326	9.589409
327	9.592514
328	9.592514
329	9.592514
330	9.590385
331	9.586933
332	9.586933
333	9.57559
334	9.57559
335	9.572406
336	9.572406
337	9.319079
338	9.333991
339	9.333991
340	9.333991
341	9.496176
342	9.496176
343	9.514285
344	9.484822
345	9.484822
346	9.484822
347	9.40469
348	9.40469
349	9.40469
350	9.437328
351	9.48429
352	9.445733
353	9.448838
354	9.62079
355	9.617407
356	9.617407
357	9.617407
358	9.617407
359	9.617407
360	9.617407
361	9.627067
362	9.627067
363	9.561721
364	9.561721
365	9.561721
366	9.68583
367	9.68583
368	9.670918
369	9.693418
370	9.693418
371	9.693418
372	9.693418
373	9.803394
374	9.803394
375	9.811994
376	9.811994
377	9.811994
378	9.811994
379	9.328623
380	9.323475
381	9.363859
382	9.363859
383	9.38953
384	9.38953
385	9.39948
386	9.39948
387	9.359096
388	9.435725
389	9.435725
390	9.435725
391	9.384781
392	9.384781
393	9.384781
394	9.384781
395	9.384781
396	9.425165
397	9.425165
398	9.425165
399	9.425165
400	9.425165
401	9.384781
402	9.362281
403	9.362281
404	9.258403
405	9.181774
406	9.181774
407	9.181774
408	9.300254
409	9.300254
410	9.300254
411	9.233918
412	9.233918
413	9.233918
414	9.233918
415	9.233918
416	9.233918
417	9.308543
418	9.320682
419	9.412458
420	9.412458
421	9.412458
422	9.412458
423	9.412458
424	9.44109
425	9.559712
426	9.476887
427	9.581655
428	9.918811
429	9.913637
430	9.932945
431	9.932945
432	9.932945
433	9.932945
434	9.932945
435	9.932945
436	9.932945
437	9.932945
438	9.932945
439	9.932945
440	9.932945
441	9.932945
442	9.882119
443	9.882119
444	9.882119
445	9.882119
446	9.882119
447	9.779041
448	9.815637
449	9.815637
450	9.815637
451	9.815637
452	9.682494
453	9.682494
454	9.703251
455	9.703251
456	9.703251
457	9.919166
458	9.919166
459	9.919166
460	9.919166
461	9.919166
462	9.904976
463	9.904976
464	9.826839
465	9.826839
466	9.826839
467	9.680351
468	9.680351
469	9.680351
470	9.680351
471	9.734536
472	9.734536
473	9.752548
474	9.711317
475	9.711317
476	9.737477
477	9.737477
478	9.737477
479	9.618997
480	9.738365
481	9.738365
482	9.738365
483	9.645034
484	9.742165
485	9.758756
486	9.758756
487	9.758756
488	9.758756
489	9.758756
490	9.758756
491	9.789665
492	9.789665
493	9.789665
494	9.83842
495	9.83842
496	9.84463
497	9.84463
498	9.84463
499	9.765107
500	9.765107
501	9.770257
502	9.770257
503	9.844121
504	9.844121
505	9.844121
506	9.916756
507	9.898744
508	9.898744
509	9.898744
510	10.027398
511	10.027398
512	10.027398
513	9.948196
514	10.165176
515	10.139016
516	10.103756
517	10.103756
518	10.222236
519	10.350995
520	10.350995
521	10.347214
522	10.237238
523	10.347214
524	10.338605
525	10.338605
526	10.331681
527	10.332477
528	10.222501
529	10.239268
530	10.239268
531	10.239268
532	10.207641
533	10.317617
534	10.317617
535	10.317617
536	10.371717
537	10.35495
538	10.35495
539	10.35495
540	10.35495
541	10.35495
542	10.35495
543	10.368733
544	10.368733
545	10.368733
546	10.368733
547	10.368733
548	10.368733
549	10.3855
550	10.3855
551	10.368733
552	10.368733
553	10.368733
554	10.393608
555	10.476681
556	10.476681
557	10.476681
558	10.476681
559	10.476413
560	10.476413
561	10.476413
562	10.476413
563	10.457029
564	10.457029
565	10.457029
566	10.457029
567	10.457029
568	10.457029
569	10.457029
570	10.457029
571	10.457029
572	10.457029
573	10.457029
574	10.457029
575	10.457029
576	10.507504
577	10.507504
578	10.507504
579	10.507504
580	10.507504
581	10.507504
582	10.507504
583	10.507504
584	10.437199
585	10.437467
586	10.437467
587	10.437467
588	10.437467
589	10.437467
590	10.437467
591	10.437467
592	10.437467
593	10.437467
594	10.437467
595	10.437467
596	10.403917
597	10.403917
598	10.403917
599	10.403917
600	10.403917
601	10.403917
602	10.403917
603	10.403917
604	10.403917
605	10.403917
606	10.403917
607	10.38256
608	10.38256
609	10.38256
610	10.38256
611	10.38256
612	10.38256
613	10.452865
614	10.452865
615	10.452865
616	10.452865
617	10.452865
618	10.452865
619	10.452865
620	10.452865
621	10.452865
622	10.452865
623	10.452865
624	10.452865
625	10.452865
626	10.452865
627	10.452865
628	10.452865
629	10.452865
630	10.397941
631	10.397941
632	10.397941
633	10.397941
634	10.397941
635	10.397941
636	10.34441
637	10.34441
638	10.34441
639	10.34441
640	10.421224
641	10.421224
642	10.421224
643	10.421224
644	10.421224
645	10.425801
646	10.425801
647	10.425801
648	10.30934
649	10.30934
650	10.205263
651	10.205263
652	10.208717
653	10.208717
654	10.208717
655	10.208717
656	10.208717
657	10.208717
658	10.230074
659	10.230074
660	10.230074
661	10.230074
662	10.230074
663	10.230074
664	10.230074
665	10.230074
666	10.230074
667	10.230074
668	10.230074
669	10.230074
670	10.230074
671	10.35624
672	10.376157
673	10.376157
674	10.376157
675	10.376157
676	10.376157
677	10.376157
678	10.376157
679	10.376157
680	10.376157
681	10.376157
682	10.376157
683	10.376157
684	10.376157
685	10.376157
686	10.376157
687	10.376157
688	10.376157
689	10.376157
690	10.376157
691	10.376157
692	10.376157
693	10.376157
694	10.376157
695	10.376157
696	10.376157
697	10.450502
698	10.450502
699	10.450502
700	10.450502
701	10.450502
702	10.450502
703	10.503436
704	10.503436
705	10.339175
706	10.339175
707	10.339175
708	10.340455
709	10.340455
710	10.340455
711	10.340455
712	10.340455
713	10.340455
714	10.340455
715	10.340455
716	10.340455
717	10.340455
718	10.340455
719	10.340455
720	10.340455
721	10.340455
722	10.340455
723	10.340455
724	10.340455
725	10.340455
726	10.340455
727	10.340455
728	10.340455
729	10.275109
730	10.275109
731	10.275109
732	10.275109
733	10.275109
734	10.275109
735	10.275109
736	10.275109
737	10.297609
738	10.297609
739	10.297609
740	10.296329
741	10.374989
742	10.374989
743	10.374989
744	10.374989
745	10.374989
746	10.4126
747	10.394179
748	10.394179
749	10.394179
750	10.394179
751	10.394179
752	10.394179
753	10.394179
754	10.394179
755	10.394179
756	10.394179
757	10.394179
758	10.352588
759	10.352588
760	10.352588
761	10.352588
762	10.352588
763	10.352588
764	10.352588
765	10.352588
766	10.352588
767	10.352588
768	10.352588
769	10.352588
770	10.352588
771	10.352588
772	10.352588
773	10.352588
774	10.352588
775	10.352588
776	10.352588
777	10.352588
778	10.352588
779	10.352588
780	10.352588
781	10.339082
782	10.339082
783	10.339082
784	10.339082
785	10.339082
786	10.339082
787	10.339082
788	10.339082
789	10.339082
790	10.339082
791	10.339082
792	10.339082
793	10.339082
794	10.339082
795	10.339082
796	10.339082
797	10.339082
798	10.381928
799	10.381928
800	10.381928
801	10.381928
802	10.381928
803	10.381928
804	10.381928
805	10.381928
806	10.375335
807	10.375335
808	10.375335
809	10.375335
810	10.375335
811	10.375335
812	10.374539
813	10.374539
814	10.374539
815	10.391454
816	10.391454
817	10.391454
818	10.391454
819	10.391454
820	10.391454
821	10.391454
822	10.391454
823	10.391454
824	10.391454
825	10.391454
826	10.391454
827	10.391454
828	10.391454
829	10.391454
830	10.391454
831	10.391454
832	10.391454
833	10.391454
834	10.391454
835	10.391454
836	10.391454
837	10.391454
838	10.519411
839	10.519411
840	10.519411
841	10.519411
842	10.519411
843	10.519411
844	10.519411
845	10.519411
846	10.519411
847	10.549379
848	10.549379
849	10.549379
850	10.549379
851	10.549379
852	10.549379
853	10.549379
854	10.577636
855	10.697014
856	10.739202
857	10.739202
858	10.739202
859	10.739202
860	10.739202
861	10.739202
862	10.739202
863	10.739202
864	10.765073
865	10.765073
866	10.765073
867	10.765073
868	10.765073
869	10.765073
870	10.765073
871	10.765073
872	10.765073
873	10.765073
874	10.765073
875	10.765073
876	10.765073
877	10.765073
878	10.776217
879	10.776217
880	10.776217
881	10.776217
882	10.776217
883	10.776217
884	10.776217
885	10.776217
886	10.776217
887	10.776217
888	10.776217
889	10.776217
890	10.776217
891	10.776217
892	10.776217
893	10.740994
894	10.740994
895	10.740994
896	10.740994
897	10.740994
898	10.740994
899	10.740994
900	10.740994
901	10.740994
902	10.740994
903	10.740994
904	10.740994
905	10.740994
906	10.740994
907	10.740994
908	10.740994
909	10.740994
910	10.740994
911	10.740994
912	10.740994
913	10.740994
914	10.740994
915	10.740994
916	10.740994
917	10.740994
918	10.740994
919	10.740994
920	10.740994
921	10.740994
922	10.740994
923	10.740994
924	10.740994
925	10.747173
926	10.747173
927	10.747173
928	10.747173
929	10.747173
930	10.747173
931	10.747173
932	10.747173
933	10.747173
934	10.747173
935	10.747173
936	10.758837
937	10.758837
938	10.758837
939	10.758837
940	10.758837
941	10.747173
942	10.747173
943	10.747173
944	10.747173
945	10.747173
946	10.747173
947	10.747173
948	10.747173
949	10.747173
950	10.747173
951	10.758837
952	10.758837
953	10.758837
954	10.758837
955	10.758837
956	10.758837
957	10.758837
958	10.754654
959	10.754654
960	10.754654
961	10.754654
962	10.788555
963	10.788555
964	10.788555
965	10.788555
966	10.788555
967	10.788555
968	10.788555
969	10.788555
970	10.788555
971	10.788555
972	10.788555
973	10.788555
974	10.788555
975	10.788555
976	10.788555
977	10.788555
978	10.788555
979	10.788555
980	10.788555
981	10.788555
982	10.788555
983	10.788555
984	10.788555
985	10.788555
986	10.788555
987	10.788555
988	10.788555
989	10.788555
990	10.788555
991	10.788555
992	10.788555
993	10.788555
994	10.740596
995	10.740596
996	10.740596
997	10.740596
998	10.740596
999	10.740596
1000	10.740596
1001	10.740596
1002	10.740596
1003	10.740596
1004	10.724671
1005	10.724671
1006	10.724671
1007	10.724671
1008	10.724671
1009	10.724671
1010	10.724671
1011	10.724671
1012	10.724671
1013	10.724671
1014	10.724671
1015	10.724671
1016	10.724671
1017	10.724671
1018	10.724671
1019	10.724671
1020	10.724671
1021	10.724671
1022	10.724671
1023	10.724671
1024	10.724671
1025	10.724671
1026	10.724671
1027	10.724671
1028	10.724671
1029	10.73084
1030	10.73084
1031	10.73084
1032	10.73084
1033	10.73084
1034	10.73084
1035	10.73084
1036	10.73084
1037	10.73084
1038	10.73084
1039	10.73084
1040	10.73084
1041	10.73084
1042	10.73084
1043	10.73084
1044	10.73084
1045	10.73084
1046	10.73084
1047	10.73084
1048	10.73084
1049	10.73084
1050	10.73084
1051	10.73084
1052	10.73084
1053	10.73084
1054	10.73084
1055	10.73084
1056	10.73084
1057	10.73084
1058	10.73084
1059	10.73084
1060	10.73084
1061	10.73084
1062	10.73084
1063	10.73084
1064	10.73084
1065	10.73084
1066	10.73084
1067	10.73084
1068	10.73084
1069	10.73084
1070	10.73084
1071	10.73084
1072	10.73084
1073	10.73084
1074	10.73084
1075	10.73084
1076	10.73084
1077	10.73084
1078	10.73084
1079	10.73084
1080	10.73084
1081	10.73084
1082	10.73084
1083	10.73084
1084	10.73084
1085	10.73084
1086	10.73084
1087	10.73084
1088	10.73084
1089	10.73084
1090	10.73084
1091	10.73084
1092	10.73084
1093	10.73084
1094	10.73084
1095	10.73084
1096	10.73084
1097	10.790493
1098	10.790493
1099	10.790493
1100	10.790493
1101	10.790493
1102	10.790493
1103	10.790493
1104	10.790493
1105	10.790493
1106	10.790493
1107	10.800438
1108	10.800438
1109	10.800438
1110	10.800438
1111	10.800438
1112	10.800438
1113	10.800438
1114	10.800438
1115	10.800438
1116	10.800438
1117	10.800438
1118	10.800438
1119	10.800438
1120	10.800438
1121	10.800438
1122	10.800438
1123	10.800438
1124	10.800438
1125	10.800438
1126	10.800438
1127	10.800438
1128	10.800438
1129	10.800438
1130	10.800438
1131	10.800438
1132	10.800438
1133	10.800438
1134	10.800438
1135	10.800438
1136	10.800438
1137	10.800438
1138	10.800438
1139	10.800438
1140	10.800438
1141	10.800438
1142	10.800438
1143	10.800438
1144	10.800438
1145	10.800438
1146	10.800438
1147	10.800438
1148	10.800438
1149	10.800438
1150	10.800438
1151	10.848397
1152	10.848397
1153	10.848397
1154	10.848397
1155	10.848397
1156	10.848397
1157	10.848397
1158	10.848397
1159	10.848397
1160	10.848397
1161	10.848397
1162	10.848397
1163	10.848397
1164	10.848397
1165	10.848397
1166	10.848397
1167	10.848397
1168	10.848397
1169	10.848397
1170	10.848397
1171	10.848397
1172	10.848397
1173	10.848397
1174	10.848397
1175	10.848397
1176	10.848397
1177	10.848397
1178	10.848397
1179	10.848397
1180	10.848397
1181	10.848397
1182	10.848397
1183	10.848397
1184	10.848397
1185	10.848397
1186	10.848397
1187	10.848397
1188	10.848397
1189	10.848397
1190	10.848397
1191	10.848397
1192	10.848397
1193	10.848397
1194	10.848397
1195	10.848397
1196	10.848397
1197	10.848397
1198	10.848397
1199	10.848397
1200	10.848397
1201	10.848397
1202	10.848397
1203	10.848397
1204	10.848397
1205	10.848397
1206	10.848397
1207	10.848397
1208	10.848397
1209	10.848397
1210	10.848397
1211	10.848397
1212	10.848397
1213	10.848397
1214	10.848397
1215	10.848397
1216	10.848397
1217	10.85621
1218	10.85621
1219	10.85621
1220	10.85621
1221	10.85621
1222	10.85621
1223	10.85621
1224	10.85621
1225	10.85621
1226	10.85621
1227	10.85621
1228	10.85621
1229	10.85621
1230	10.85621
1231	10.850041
1232	10.850041
1233	10.850041
1234	10.850643
1235	10.850643
1236	10.850643
1237	10.850643
1238	10.850643
1239	10.850643
1240	10.850643
1241	10.850643
1242	10.850643
1243	10.850643
1244	10.850643
1245	10.850643
1246	10.850643
1247	10.850643
1248	10.850643
1249	10.850643
1250	10.850643
1251	10.850643
1252	10.850643
1253	10.850643
1254	10.850643
1255	10.850643
1256	10.850643
1257	10.850643
1258	10.850643
1259	10.850643
1260	10.850643
1261	10.850643
1262	10.850643
1263	10.850643
1264	10.850643
1265	10.850643
1266	10.850643
1267	10.850643
1268	10.850643
1269	10.850643
1270	10.850643
1271	10.850643
1272	10.850643
1273	10.850643
1274	10.850643
1275	10.850643
1276	10.850643
1277	10.850643
1278	10.850643
1279	10.850643
1280	10.850643
1281	10.850643
1282	10.850643
1283	10.850643
1284	10.850643
1285	10.850643
1286	10.850643
1287	10.850643
1288	10.850643
1289	10.850643
1290	10.850643
1291	10.850643
1292	10.850643
1293	10.850643
1294	10.850643
1295	10.850643
1296	10.850643
1297	10.850643
1298	10.850643
1299	10.850041
1300	10.850041
1301	10.850041
1302	10.850041
1303	10.850041
1304	10.850041
1305	10.850041
1306	10.850041
1307	10.850041
1308	10.850041
1309	10.850041
1310	10.850041
1311	10.850041
1312	10.850041
1313	10.850041
1314	10.850041
1315	10.850041
1316	10.850041
1317	10.850041
1318	10.850041
1319	10.850041
1320	10.850041
1321	10.850041
1322	10.850041
1323	10.850041
1324	10.850041
1325	10.850041
1326	10.850041
1327	10.850041
1328	10.850041
1329	10.850041
1330	10.850041
1331	10.850041
1332	10.850041
1333	10.850041
1334	10.850041
1335	10.850041
1336	10.850041
1337	10.850041
1338	10.850041
1339	10.850041
1340	10.850041
1341	10.850041
1342	10.850041
1343	10.850041
1344	10.850041
1345	10.850041
1346	10.850041
1347	10.850041
1348	10.850041
1349	10.850041
1350	10.850041
1351	10.850041
1352	10.842228
1353	10.842228
1354	10.842228
1355	10.842228
1356	10.842228
1357	10.842228
1358	10.842228
1359	10.842228
1360	10.842228
1361	10.842228
1362	10.842228
1363	10.842228
1364	10.842228
1365	10.842228
1366	10.842228
1367	10.842228
1368	10.842228
1369	10.842228
1370	10.842228
1371	10.842228
1372	10.842228
1373	10.842228
1374	10.842228
1375	10.842228
1376	10.842228
1377	10.842228
1378	10.842228
1379	10.842228
1380	10.842228
1381	10.842228
1382	10.842228
1383	10.842228
1384	10.842228
1385	10.842228
1386	10.842228
1387	10.842228
1388	10.842228
1389	10.842228
1390	10.842228
1391	10.842228
1392	10.864118
1393	10.864118
1394	10.864118
1395	10.864118
1396	10.864118
1397	10.864118
1398	10.864118
1399	10.864118
1400	10.864118
1401	10.864118
1402	10.864118
1403	10.864118
1404	10.864118
1405	10.864118
1406	10.864118
1407	10.864118
1408	10.864118
1409	10.864118
1410	10.864118
1411	10.864118
1412	10.864118
1413	10.864118
1414	10.864118
1415	10.864118
1416	10.864118
1417	10.864118
1418	10.864118
1419	10.864118
1420	10.864118
1421	10.864118
1422	10.864118
1423	10.864118
1424	10.864118
1425	10.864118
1426	10.864118
1427	10.864118
1428	10.864118
1429	10.864118
1430	10.864118
1431	10.864118
1432	10.864118
1433	10.864118
1434	10.864118
1435	10.864118
1436	10.864118
1437	10.864118
1438	10.864118
1439	10.864118
1440	10.864118
1441	10.864118
1442	10.864118
1443	10.864118
1444	10.864118
1445	10.864118
1446	10.864118
1447	10.864118
1448	10.864118
1449	10.864118
1450	10.864118
1451	10.864118
1452	10.864118
1453	10.864118
1454	10.864118
1455	10.878446
1456	10.878446
1457	10.878446
1458	10.878446
1459	10.878446
1460	10.878446
1461	10.878446
1462	10.878446
1463	10.878446
1464	10.878446
1465	10.878446
1466	10.878446
1467	10.878446
1468	10.878446
1469	10.878446
1470	10.878446
1471	10.878446
1472	10.878446
1473	10.878446
1474	10.878446
1475	10.878446
1476	10.878446
1477	10.878446
1478	10.878446
1479	10.878446
1480	10.878446
1481	10.878446
1482	10.878446
1483	10.878446
1484	10.878446
1485	10.878446
1486	10.885411
1487	10.885411
1488	10.885411
1489	10.885411
1490	10.885411
1491	10.885411
1492	10.885411
1493	10.885411
1494	10.885411
1495	10.885411
1496	10.885411
1497	10.885411
1498	10.885411
1499	10.885411
1500	10.885411
1501	10.885411
1502	10.885411
1503	10.885411
1504	10.885411
1505	10.885411
1506	10.885411
1507	10.885411
1508	10.885411
1509	10.885411
1510	10.885411
1511	10.885411
1512	10.885411
1513	10.885411
1514	10.885411
1515	10.885411
1516	10.885411
1517	10.885411
1518	10.885411
1519	10.885411
1520	10.885411
1521	10.885411
1522	10.885411
1523	10.885411
1524	10.885411
1525	10.885411
1526	10.885411
1527	10.878446
1528	10.878446
1529	10.880436
1530	10.880436
1531	10.880436
1532	10.880436
1533	10.880436
1534	10.880436
1535	10.866108
1536	10.866108
1537	10.866108
1538	10.866108
1539	10.866108
1540	10.866108
1541	10.866108
1542	10.866108
1543	10.866108
1544	10.866108
1545	10.866108
1546	10.866108
1547	10.866108
1548	10.866108
1549	10.866108
1550	10.866108
1551	10.866108
1552	10.866108
1553	10.866108
1554	10.866108
1555	10.866108
1556	10.866108
1557	10.866108
1558	10.866108
1559	10.866108
1560	10.866108
1561	10.866108
1562	10.866108
1563	10.880436
1564	10.880436
1565	10.880436
1566	10.880436
1567	10.880436
1568	10.880436
1569	10.880436
1570	10.880436
1571	10.880436
1572	10.880436
1573	10.880436
1574	10.880436
1575	10.880436
1576	10.880436
1577	10.880436
1578	10.880436
1579	10.880436
1580	10.880436
1581	10.880436
1582	10.880436
1583	10.880436
1584	10.880436
1585	10.880436
1586	10.880436
1587	10.880436
1588	10.880436
1589	10.880436
1590	10.881038
1591	10.881038
1592	10.881038
1593	10.881038
1594	10.881038
1595	10.881038
1596	10.881038
1597	10.881038
1598	10.881038
1599	10.881038
1600	10.881038
1601	10.881038
1602	10.881038
1603	10.881038
1604	10.881038
1605	10.881038
1606	10.881038
1607	10.881038
1608	10.881038
1609	10.881038
1610	10.881038
1611	10.881038
1612	10.888851
1613	10.888851
1614	10.888851
1615	10.888851
1616	10.888851
1617	10.888851
1618	10.888851
1619	10.888851
1620	10.888851
1621	10.888851
1622	10.888851
1623	10.888851
1624	10.888851
1625	10.888851
1626	10.888851
1627	10.888851
1628	10.888851
1629	10.888851
1630	10.888851
1631	10.888851
1632	10.888851
1633	10.888851
1634	10.888851
1635	10.888851
1636	10.888851
1637	10.888851
1638	10.888851
1639	10.888851
1640	10.888851
1641	10.888851
1642	10.888851
1643	10.888851
1644	10.888851
1645	10.888851
1646	10.888851
1647	10.888851
1648	10.888851
1649	10.888851
1650	10.888851
1651	10.888851
1652	10.888851
1653	10.888851
1654	10.888851
1655	10.888851
1656	10.888851
1657	10.888851
1658	10.888851
1659	10.888851
1660	10.888851
1661	10.888851
1662	10.888249
1663	10.888249
1664	10.888249
1665	10.888249
1666	10.888249
1667	10.888249
1668	10.900786
1669	10.900786
1670	10.900786
1671	10.900786
1672	10.900786
1673	10.900786
1674	10.900786
1675	10.900786
1676	10.900786
1677	10.900786
1678	10.900786
1679	10.900786
1680	10.900786
1681	10.900786
1682	10.900786
1683	10.900786
1684	10.900786
1685	10.900786
1686	10.900786
1687	10.900786
1688	10.900786
1689	10.900786
1690	10.900786
1691	10.900786
1692	10.900786
1693	10.900786
1694	10.900786
1695	10.900786
1696	10.900786
1697	10.900786
1698	10.900786
1699	10.900786
1700	10.900786
1701	10.900786
1702	10.900786
1703	10.900786
1704	10.900786
1705	10.900786
1706	10.900786
1707	10.900786
1708	10.900786
1709	10.900786
1710	10.900786
1711	10.900786
1712	10.900786
1713	10.900786
1714	10.900786
1715	10.900786
1716	10.900786
1717	10.900786
1718	10.900786
1719	10.900786
1720	10.900786
1721	10.900786
1722	10.900786
1723	10.900786
1724	10.900786
1725	10.900786
1726	10.900786
1727	10.900786
1728	10.900786
1729	10.900786
1730	10.900786
1731	10.900786
1732	10.907552
1733	10.907552
1734	10.907552
1735	10.907552
1736	10.907552
1737	10.907552
1738	10.907552
1739	10.907552
1740	10.907552
1741	10.907552
1742	10.907552
1743	10.907552
1744	10.907552
1745	10.907552
1746	10.907552
1747	10.907552
1748	10.907552
1749	10.907552
1750	10.907552
1751	10.907552
1752	10.907552
1753	10.907552
1754	10.907552
1755	10.907552
1756	10.907552
1757	10.907552
1758	10.907552
1759	10.907552
1760	10.907552
1761	10.907552
1762	10.907552
1763	10.907552
1764	10.907552
1765	10.907552
1766	10.907552
1767	10.907552
1768	10.907552
1769	10.907552
1770	10.907552
1771	10.907552
1772	10.907552
1773	10.907552
1774	10.907552
1775	10.907552
1776	10.907552
1777	10.907552
1778	10.907552
1779	10.907552
1780	10.907552
1781	10.907552
1782	10.907552
1783	10.907552
1784	10.907552
1785	10.907552
1786	10.907552
1787	10.907552
1788	10.907552
1789	10.907552
1790	10.907552
1791	10.907552
1792	10.907552
1793	10.907552
1794	10.907552
1795	10.907552
1796	10.907552
1797	10.907552
1798	10.907552
1799	10.907552
1800	10.907552
1801	10.907552
1802	10.907552
1803	10.907552
1804	10.907552
1805	10.907552
1806	10.907552
1807	10.907552
1808	10.907552
1809	10.907552
1810	10.907552
1811	10.907552
1812	10.907552
1813	10.907552
1814	10.907552
1815	10.907552
1816	10.907552
1817	10.907552
1818	10.907552
1819	10.907552
1820	10.907552
1821	10.907552
1822	10.907552
1823	10.907552
1824	10.907552
1825	10.907552
1826	10.907552
1827	10.907552
1828	10.907552
1829	10.907552
1830	10.907552
1831	10.907552
1832	10.907552
1833	10.907552
1834	10.907552
1835	10.907552
1836	10.907552
1837	10.907552
1838	10.907552
1839	10.907552
1840	10.907552
1841	10.907552
1842	10.907552
1843	10.907552
1844	10.907552
1845	10.907552
1846	10.907552
1847	10.907552
1848	10.907552
1849	10.907552
1850	10.907552
1851	10.907552
1852	10.907552
1853	10.907552
1854	10.907552
1855	10.907552
1856	10.907552
1857	10.907552
1858	10.907552
1859	10.907552
1860	10.907552
1861	10.907552
1862	10.907552
1863	10.907552
1864	10.907552
1865	10.907552
1866	10.907552
1867	10.907552
1868	10.907552
1869	10.907552
1870	10.907552
1871	10.907552
1872	10.907552
1873	10.907552
1874	10.907552
1875	10.907552
1876	10.907552
1877	10.907552
1878	10.907552
1879	10.907552
1880	10.907552
1881	10.907552
1882	10.907552
1883	10.907552
1884	10.907552
1885	10.907552
1886	10.907552
1887	10.907552
1888	10.907552
1889	10.907552
1890	10.907552
1891	10.907552
1892	10.907552
1893	10.907552
1894	10.907552
1895	10.907552
1896	10.907552
1897	10.907552
1898	10.907552
1899	10.907552
1900	10.907552
1901	10.907552
1902	10.907552
1903	10.907552
1904	10.907552
1905	10.907552
1906	10.907552
1907	10.907552
1908	10.907552
1909	10.907552
1910	10.907552
1911	10.907552
1912	10.907552
1913	10.907552
1914	10.907552
1915	10.907552
1916	10.907552
1917	10.907552
1918	10.907552
1919	10.907552
1920	10.907552
1921	10.907552
1922	10.907552
1923	10.907552
1924	10.907552
1925	10.907552
1926	10.907552
1927	10.907552
1928	10.907552
1929	10.907552
1930	10.907552
1931	10.907552
1932	10.907552
1933	10.907552
1934	10.907552
1935	10.907552
1936	10.907552
1937	10.907552
1938	10.907552
1939	10.907552
1940	10.907552
1941	10.907552
1942	10.907552
1943	10.907552
1944	10.907552
1945	10.907552
1946	10.907552
1947	10.907552
1948	10.907552
1949	10.907552
1950	10.907552
1951	10.907552
1952	10.907552
1953	10.907552
1954	10.907552
1955	10.907552
1956	10.907552
1957	10.907552
1958	10.907552
1959	10.907552
1960	10.907552
1961	10.907552
1962	10.907552
1963	10.907552
1964	10.907552
1965	10.907552
1966	10.907552
1967	10.907552
1968	10.907552
1969	10.907552
1970	10.907552
1971	10.907552
1972	10.907552
1973	10.907552
1974	10.907552
1975	10.907552
1976	10.907552
1977	10.908154
1978	10.908154
1979	10.908154
1980	10.908154
1981	10.908154
1982	10.908154
1983	10.908154
1984	10.908154
1985	10.908154
1986	10.908154
1987	10.908154
1988	10.908154
1989	10.908154
1990	10.908154
1991	10.908154
1992	10.908154
1993	10.908154
1994	10.908154
1995	10.908154
1996	10.908154
1997	10.908154
1998	10.908154
1999	10.908154
2000	10.908154
2001	10.908154
2002	10.908154
2003	10.908154
2004	10.908154
2005	10.908154
2006	10.908154
2007	10.908154
2008	10.908154
2009	10.908154
2010	10.908154
2011	10.908154
2012	10.908154
2013	10.908154
2014	10.908154
2015	10.908154
2016	10.908154
2017	10.908154
2018	10.908154
2019	10.908154
2020	10.908154
2021	10.908154
2022	10.908154
2023	10.908154
2024	10.908154
2025	10.908154
2026	10.908154
2027	10.908154
2028	10.908154
2029	10.908154
2030	10.908154
2031	10.908154
2032	10.908154
2033	10.908154
2034	10.908154
2035	10.908154
2036	10.908154
2037	10.908154
2038	10.908154
2039	10.908154
2040	10.908154
2041	10.908154
2042	10.908154
2043	10.908154
2044	10.908154
2045	10.908154
2046	10.908154
2047	10.908154
2048	10.908154
2049	10.908154
2050	10.908154
2051	10.908154
2052	10.908154
2053	10.908154
2054	10.908154
2055	10.908154
2056	10.908154
2057	10.908154
2058	10.908154
2059	10.908154
2060	10.908154
2061	10.908154
2062	10.908154
2063	10.908154
2064	10.908154
2065	10.908154
2066	10.908154
2067	10.908154
2068	10.908154
2069	10.908154
2070	10.908154
2071	10.908154
2072	10.908154
2073	10.908154
2074	10.908154
2075	10.908154
2076	10.908154
2077	10.908154
2078	10.908154
2079	10.908154
2080	10.908154
2081	10.908154
2082	10.908154
2083	10.908154
2084	10.908154
2085	10.908154
2086	10.908154
2087	10.908154
2088	10.908154
2089	10.908154
2090	10.908154
2091	10.908154
2092	10.908154
2093	10.908154
2094	10.908154
2095	10.908154
2096	10.908154
2097	10.908154
2098	10.908154
2099	10.908154
2100	10.908154
2101	10.908154
2102	10.908154
2103	10.908154
2104	10.908154
2105	10.908154
2106	10.908154
2107	10.908154
2108	10.908154
2109	10.908154
2110	10.908154
2111	10.908154
2112	10.908154
2113	10.908154
2114	10.908154
2115	10.908154
2116	10.908154
2117	10.908154
2118	10.908154
2119	10.908154
2120	10.908154
2121	10.908154
2122	10.908154
2123	10.908154
2124	10.908154
2125	10.908154
2126	10.908154
2127	10.908154
2128	10.908154
2129	10.908154
2130	10.908154
2131	10.908154
2132	10.908154
2133	10.908154
2134	10.908154
2135	10.908154
2136	10.908154
2137	10.908154
2138	10.908154
2139	10.908154
2140	10.908154
2141	10.908154
2142	10.908154
2143	10.908154
2144	10.908154
2145	10.908154
2146	10.908154
2147	10.908154
2148	10.907552
2149	10.907552
2150	10.907552
2151	10.907552
2152	10.908154
2153	10.908154
2154	10.908154
2155	10.908154
2156	10.908154
2157	10.908154
2158	10.908154
2159	10.908154
2160	10.908154
2161	10.908154
2162	10.908154
2163	10.908154
2164	10.908154
2165	10.908154
2166	10.908154
2167	10.908154
2168	10.908154
2169	10.908154
2170	10.908154
2171	10.908154
2172	10.908154
2173	10.908154
2174	10.908154
2175	10.908154
2176	10.908154
2177	10.908154
2178	10.908154
2179	10.908154
2180	10.908154
2181	10.908154
2182	10.908154
2183	10.908154
2184	10.908154
2185	10.908154
2186	10.908154
2187	10.908154
2188	10.908154
2189	10.908154
2190	10.908154
2191	10.908154
2192	10.908154
2193	10.908154
2194	10.908154
2195	10.908154
2196	10.908154
2197	10.908154
2198	10.908154
2199	10.908154
2200	10.908154
2201	10.908154
2202	10.908154
2203	10.908154
2204	10.908154
2205	10.908154
2206	10.908154
2207	10.908154
2208	10.908154
2209	10.908154
2210	10.908154
2211	10.908154
2212	10.908154
2213	10.908154
2214	10.908154
2215	10.908154
2216	10.908154
2217	10.908154
2218	10.908154
2219	10.908154
2220	10.908154
2221	10.908154
2222	10.908154
2223	10.908154
2224	10.908154
2225	10.908154
2226	10.908154
2227	10.908154
2228	10.908154
2229	10.908154
2230	10.908154
2231	10.908154
2232	10.908154
2233	10.908154
2234	10.908154
2235	10.908154
2236	10.908154
2237	10.908154
2238	10.908154
2239	10.908154
2240	10.908154
2241	10.908154
2242	10.908154
2243	10.908154
2244	10.908154
2245	10.908154
2246	10.908154
2247	10.908154
2248	10.908154
2249	10.908154
2250	10.908154
2251	10.908154
2252	10.908154
2253	10.908154
2254	10.908154
2255	10.908154
2256	10.908154
2257	10.908154
2258	10.908154
2259	10.908154
2260	10.908154
2261	10.908154
2262	10.908154
2263	10.908154
2264	10.908154
2265	10.908154
2266	10.908154
2267	10.908154
2268	10.908154
2269	10.908154
2270	10.908154
2271	10.908154
2272	10.908154
2273	10.908154
2274	10.908154
2275	10.908154
2276	10.908154
2277	10.908154
2278	10.908154
2279	10.908154
2280	10.908154
2281	10.908154
2282	10.908154
2283	10.908154
2284	10.908154
2285	10.908154
2286	10.908154
2287	10.908154
2288	10.908154
2289	10.908154
2290	10.908154
2291	10.908154
2292	10.908154
2293	10.908154
2294	10.908154
2295	10.908154
2296	10.908154
2297	10.908154
2298	10.908154
2299	10.908154
2300	10.908154
2301	10.908154
2302	10.908154
2303	10.908154
2304	10.908154
2305	10.908154
2306	10.908154
2307	10.908154
2308	10.908154
2309	10.908154
2310	10.908154
2311	10.908154
2312	10.908154
2313	10.908154
2314	10.908154
2315	10.908154
2316	10.908154
2317	10.908154
2318	10.908154
2319	10.908154
2320	10.908154
2321	10.908154
2322	10.908154
2323	10.908154
2324	10.908154
2325	10.908154
2326	10.908154
2327	10.908154
2328	10.908154
2329	10.908154
2330	10.908154
2331	10.908154
2332	10.908154
2333	10.908154
2334	10.908154
2335	10.908154
2336	10.908154
2337	10.908154
2338	10.908154
2339	10.908154
2340	10.908154
2341	10.908154
2342	10.908154
2343	10.908154
2344	10.908154
2345	10.908154
2346	10.908154
2347	10.908154
2348	10.908154
2349	10.908154
2350	10.908154
2351	10.908154
2352	10.908154
2353	10.908154
2354	10.908154
2355	10.908154
2356	10.908154
2357	10.908154
2358	10.908154
2359	10.908154
2360	10.908154
2361	10.908154
2362	10.908154
2363	10.908154
2364	10.908154
2365	10.908154
2366	10.908154
2367	10.908154
2368	10.908154
2369	10.908154
2370	10.908154
2371	10.908154
2372	10.908154
2373	10.908154
2374	10.908154
2375	10.908154
2376	10.908154
2377	10.908154
2378	10.908154
2379	10.908154
2380	10.908154
2381	10.908154
2382	10.908154
2383	10.908154
2384	10.908154
2385	10.908154
2386	10.908154
2387	10.908154
2388	10.908154
2389	10.908154
2390	10.908154
2391	10.908154
2392	10.908154
2393	10.908154
2394	10.908154
2395	10.908154
2396	10.908154
2397	10.908154
2398	10.908154
2399	10.908154
2400	10.908154
2401	10.908154
2402	10.908154
2403	10.908154
2404	10.908154
2405	10.908154
2406	10.908154
2407	10.908154
2408	10.908154
2409	10.908154
2410	10.908154
2411	10.908154
2412	10.908154
2413	10.908154
2414	10.908154
2415	10.908154
2416	10.908154
2417	10.908154
2418	10.908154
2419	10.908154
2420	10.908154
2421	10.908154
2422	10.908154
2423	10.908154
2424	10.908154
2425	10.908154
2426	10.908154
2427	10.908154
2428	10.908154
2429	10.908154
2430	10.908154
2431	10.908154
2432	10.908154
2433	10.908154
2434	10.908154
2435	10.908154
2436	10.908154
2437	10.908154
2438	10.908154
2439	10.908154
2440	10.908154
2441	10.908154
2442	10.908154
2443	10.908154
2444	10.908154
2445	10.908154
2446	10.908154
2447	10.908154
2448	10.908154
2449	10.908154
2450	10.908154
2451	10.908154
2452	10.908154
2453	10.908154
2454	10.908154
2455	10.908154
2456	10.908154
2457	10.908154
2458	10.908154
2459	10.908154
2460	10.908154
2461	10.908154
2462	10.907552
2463	10.907552
2464	10.907552
2465	10.907552
2466	10.907552
2467	10.907552
2468	10.907552
2469	10.907552
2470	10.907552
2471	10.907552
2472	10.907552
2473	10.907552
2474	10.907552
2475	10.907552
2476	10.907552
2477	10.907552
2478	10.907552
2479	10.907552
2480	10.907552
2481	10.907552
2482	10.907552
2483	10.907552
2484	10.907552
2485	10.907552
2486	10.907552
2487	10.907552
2488	10.907552
2489	10.907552
2490	10.907552
2491	10.907552
2492	10.907552
2493	10.907552
2494	10.907552
2495	10.907552
2496	10.907552
2497	10.907552
2498	10.907552
2499	10.907552
2500	10.907552
2501	10.907552
2502	10.907552
2503	10.907552
2504	10.907552
2505	10.907552
2506	10.907552
2507	10.907552
2508	10.907552
2509	10.907552
2510	10.907552
2511	10.907552
2512	10.907552
2513	10.907552
2514	10.907552
2515	10.907552
2516	10.907552
2517	10.907552
2518	10.907552
2519	10.907552
2520	10.907552
2521	10.907552
2522	10.907552
2523	10.907552
2524	10.907552
2525	10.907552
2526	10.907552
2527	10.907552
2528	10.907552
2529	10.907552
2530	10.907552
2531	10.907552
2532	10.907552
2533	10.907552
2534	10.907552
2535	10.907552
2536	10.907552
2537	10.907552
2538	10.907552
2539	10.907552
2540	10.907552
2541	10.907552
2542	10.907552
2543	10.907552
2544	10.907552
2545	10.907552
2546	10.907552
2547	10.907552
2548	10.907552
2549	10.907552
2550	10.907552
2551	10.907552
2552	10.907552
2553	10.907552
2554	10.907552
2555	10.907552
2556	10.907552
2557	10.907552
2558	10.907552
2559	10.907552
2560	10.907552
2561	10.907552
2562	10.907552
2563	10.907552
2564	10.907552
2565	10.907552
2566	10.907552
2567	10.907552
2568	10.907552
2569	10.907552
2570	10.907552
2571	10.907552
2572	10.907552
2573	10.907552
2574	10.907552
2575	10.907552
2576	10.907552
2577	10.907552
2578	10.907552
2579	10.907552
2580	10.907552
2581	10.907552
2582	10.907552
2583	10.907552
2584	10.907552
2585	10.907552
2586	10.907552
2587	10.907552
2588	10.907552
2589	10.907552
2590	10.907552
2591	10.907552
2592	10.907552
2593	10.907552
2594	10.907552
2595	10.907552
2596	10.907552
2597	10.907552
2598	10.907552
2599	10.907552
2600	10.907552
2601	10.907552
2602	10.907552
2603	10.907552
2604	10.907552
2605	10.907552
2606	10.907552
2607	10.907552
2608	10.913721
2609	10.913721
2610	10.913721
2611	10.913721
2612	10.913721
2613	10.913721
2614	10.913721
2615	10.913721
2616	10.913721
2617	10.913721
2618	10.913721
2619	10.913721
2620	10.913721
2621	10.913721
2622	10.913721
2623	10.913721
2624	10.913721
2625	10.913721
2626	10.913721
2627	10.913721
2628	10.913721
2629	10.913721
2630	10.913721
2631	10.913721
2632	10.913721
2633	10.913721
2634	10.913721
2635	10.913721
2636	10.913721
2637	10.913721
2638	10.913721
2639	10.913721
2640	10.913721
2641	10.913721
2642	10.913721
2643	10.913721
2644	10.913721
2645	10.913721
2646	10.913721
2647	10.913721
2648	10.913721
2649	10.913721
2650	10.913721
2651	10.913721
2652	10.913721
2653	10.913721
2654	10.913721
2655	10.913721
2656	10.913721
2657	10.913721
2658	10.913721
2659	10.913721
2660	10.913721
2661	10.913721
2662	10.913721
2663	10.913721
2664	10.913721
2665	10.913721
2666	10.913721
2667	10.913721
2668	10.913721
2669	10.913721
2670	10.913721
2671	10.913721
2672	10.913721
2673	10.913721
2674	10.913721
2675	10.913721
2676	10.913721
2677	10.913721
2678	10.913721
2679	10.913721
2680	10.913721
2681	10.913721
2682	10.913721
2683	10.913721
2684	10.913721
2685	10.913721
2686	10.913721
2687	10.913721
2688	10.913721
2689	10.913721
2690	10.913721
2691	10.913721
2692	10.913721
2693	10.913721
2694	10.913721
2695	10.913721
2696	10.913721
2697	10.913721
2698	10.913721
2699	10.913721
2700	10.913721
2701	10.913721
2702	10.913721
2703	10.913721
2704	10.913721
2705	10.913721
2706	10.913721
2707	10.913721
2708	10.913721
2709	10.913721
2710	10.913721
2711	10.914323
2712	10.914323
2713	10.914323
2714	10.914323
2715	10.914323
2716	10.914323
2717	10.914323
2718	10.914323
2719	10.914323
2720	10.914323
2721	10.914323
2722	10.914323
2723	10.914323
2724	10.914323
2725	10.914323
2726	10.914323
2727	10.914323
2728	10.914323
2729	10.914323
2730	10.914323
2731	10.914323
2732	10.914323
2733	10.914323
2734	10.914323
2735	10.914323
2736	10.914323
2737	10.914323
2738	10.914323
2739	10.914323
2740	10.914323
2741	10.914323
2742	10.914323
2743	10.914323
2744	10.914323
2745	10.914323
2746	10.914323
2747	10.914323
2748	10.914323
2749	10.914323
2750	10.914323
2751	10.914323
2752	10.914323
2753	10.914323
2754	10.914323
2755	10.914323
2756	10.914323
2757	10.914323
2758	10.914323
2759	10.914323
2760	10.914323
2761	10.914323
2762	10.914323
2763	10.914323
2764	10.914323
2765	10.914323
2766	10.914323
2767	10.914323
2768	10.914323
2769	10.914323
2770	10.914323
2771	10.914323
2772	10.914323
2773	10.914323
2774	10.914323
2775	10.914323
2776	10.914323
2777	10.914323
2778	10.914323
2779	10.914323
2780	10.914323
2781	10.914323
2782	10.914323
2783	10.914323
2784	10.914323
2785	10.914323
2786	10.914323
2787	10.914323
2788	10.914323
2789	10.914323
2790	10.914323
2791	10.914323
2792	10.914323
2793	10.914323
2794	10.914323
2795	10.914323
2796	10.914323
2797	10.914323
2798	10.914323
2799	10.914323
2800	10.914323
2801	10.914323
2802	10.914323
2803	10.914323
2804	10.914323
2805	10.914323
2806	10.914323
2807	10.914323
2808	10.914323
2809	10.914323
2810	10.914323
2811	10.914323
2812	10.914323
2813	10.914323
2814	10.914323
2815	10.914323
2816	10.914323
2817	10.914323
2818	10.914323
2819	10.914323
2820	10.914323
2821	10.914323
2822	10.914323
2823	10.914323
2824	10.914323
2825	10.914323
2826	10.914323
2827	10.914323
2828	10.914323
2829	10.914323
2830	10.914323
2831	10.914323
2832	10.914323
2833	10.914323
2834	10.914323
2835	10.914323
2836	10.914323
2837	10.914323
2838	10.914323
2839	10.914323
2840	10.914323
2841	10.914323
2842	10.914323
2843	10.914323
2844	10.914323
2845	10.914323
2846	10.914323
2847	10.914323
2848	10.914323
2849	10.914323
2850	10.914323
2851	10.914323
2852	10.914323
2853	10.914323
2854	10.914323
2855	10.914323
2856	10.914323
2857	10.914323
2858	10.914323
2859	10.914323
2860	10.914323
2861	10.914323
2862	10.914323
2863	10.914323
2864	10.914323
2865	10.914323
2866	10.914323
2867	10.914323
2868	10.914323
2869	10.914323
2870	10.914323
2871	10.914323
2872	10.914323
2873	10.914323
2874	10.914323
2875	10.914323
2876	10.914323
2877	10.914323
2878	10.914323
2879	10.914323
2880	10.914323
2881	10.914323
2882	10.914323
2883	10.914323
2884	10.914323
2885	10.914323
2886	10.914323
2887	10.914323
2888	10.914323
2889	10.914323
2890	10.914323
2891	10.914323
2892	10.914323
2893	10.914323
2894	10.914323
2895	10.914323
2896	10.914323
2897	10.914323
2898	10.914323
2899	10.914323
2900	10.914323
2901	10.914323
2902	10.914323
2903	10.914323
2904	10.914323
2905	10.914323
2906	10.914323
2907	10.914323
2908	10.914323
2909	10.914323
2910	10.914323
2911	10.914323
2912	10.914323
2913	10.914323
2914	10.914323
2915	10.914323
2916	10.914323
2917	10.914323
2918	10.914323
2919	10.914323
2920	10.914323
2921	10.914323
2922	10.914323
2923	10.914323
2924	10.914323
2925	10.914323
2926	10.914323
2927	10.914323
2928	10.914323
2929	10.914323
2930	10.914323
2931	10.914323
2932	10.914323
2933	10.914323
2934	10.914323
2935	10.914323
2936	10.914323
2937	10.914323
2938	10.914323
2939	10.914323
2940	10.914323
2941	10.914323
2942	10.914323
2943	10.914323
2944	10.914323
2945	10.914323
2946	10.914323
2947	10.914323
2948	10.914323
2949	10.914323
2950	10.914323
2951	10.914323
2952	10.914323
2953	10.914323
2954	10.914323
2955	10.914323
2956	10.914323
2957	10.914323
2958	10.914323
2959	10.914323
2960	10.914323
2961	10.914323
2962	10.914323
2963	10.914323
2964	10.914323
2965	10.914323
2966	10.914323
2967	10.914323
2968	10.914323
2969	10.914323
2970	10.914323
2971	10.914323
2972	10.914323
2973	10.914323
2974	10.914323
2975	10.914323
2976	10.914323
2977	10.914323
2978	10.914323
2979	10.914323
2980	10.914323
2981	10.914323
2982	10.914323
2983	10.914323
2984	10.914323
2985	10.914323
2986	10.914323
2987	10.914323
2988	10.914323
2989	10.914323
2990	10.914323
2991	10.914323
2992	10.914323
2993	10.914323
2994	10.914323
2995	10.914323
2996	10.914323
2997	10.914323
2998	10.914323
2999	10.914323
3000	10.914323
3001	10.914323
3002	10.914323
3003	10.914323
3004	10.914323
3005	10.914323
3006	10.914323
3007	10.914323
3008	10.914323
3009	10.914323
3010	10.914323
3011	10.914323
3012	10.914323
3013	10.914323
3014	10.914323
3015	10.914323
3016	10.914323
3017	10.914323
3018	10.914323
3019	10.914323
3020	10.914323
3021	10.914323
3022	10.914323
3023	10.914323
3024	10.914323
3025	10.914323
3026	10.914323
3027	10.914323
3028	10.914323
3029	10.914323
3030	10.914323
3031	10.914323
3032	10.914323
3033	10.914323
3034	10.914323
3035	10.914323
3036	10.914323
3037	10.914323
3038	10.914323
3039	10.914323
3040	10.914323
3041	10.914323
3042	10.914323
3043	10.914323
3044	10.914323
3045	10.914323
3046	10.914323
3047	10.914323
3048	10.914323
3049	10.914323
3050	10.914323
3051	10.914323
3052	10.914323
3053	10.914323
3054	10.914323
3055	10.914323
3056	10.914323
3057	10.914323
3058	10.914323
3059	10.914323
3060	10.914323
3061	10.914323
3062	10.914323
3063	10.914323
3064	10.914323
3065	10.914323
3066	10.914323
3067	10.914323
3068	10.914323
3069	10.914323
3070	10.914323
3071	10.914323
3072	10.914323
3073	10.914323
3074	10.914323
3075	10.914323
3076	10.914323
3077	10.914323
3078	10.914323
3079	10.914323
3080	10.914323
3081	10.914323
3082	10.914323
3083	10.914323
3084	10.914323
3085	10.914323
3086	10.914323
3087	10.914323
3088	10.914323
3089	10.914323
3090	10.914323
3091	10.914323
3092	10.914323
3093	10.914323
3094	10.914323
3095	10.914323
3096	10.914323
3097	10.914323
3098	10.914323
3099	10.914323
3100	10.914323
3101	10.914323
3102	10.914323
3103	10.914323
3104	10.914323
3105	10.914323
3106	10.914323
3107	10.914323
3108	10.914323
3109	10.914323
3110	10.914323
3111	10.914323
3112	10.914323
3113	10.914323
3114	10.914323
3115	10.914323
3116	10.914323
3117	10.914323
3118	10.914323
3119	10.914323
3120	10.914323
3121	10.914323
3122	10.914323
3123	10.914323
3124	10.914323
3125	10.914323
3126	10.914323
3127	10.914323
3128	10.914323
3129	10.914323
3130	10.914323
3131	10.914323
3132	10.914323
3133	10.914323
3134	10.914323
3135	10.914323
3136	10.914323
3137	10.914323
3138	10.914323
3139	10.914323
3140	10.914323
3141	10.914323
3142	10.914323
3143	10.914323
3144	10.914323
3145	10.914323
3146	10.914323
3147	10.914323
3148	10.914323
3149	10.914323
3150	10.914323
3151	10.914323
3152	10.914323
3153	10.914323
3154	10.914323
3155	10.914323
3156	10.914323
3157	10.914323
3158	10.914323
3159	10.914323
3160	10.914323
3161	10.914323
3162	10.914323
3163	10.914323
3164	10.914323
3165	10.914323
3166	10.914323
3167	10.914323
3168	10.914323
3169	10.914323
3170	10.914323
3171	10.914323
3172	10.914323
3173	10.914323
3174	10.914323
3175	10.914323
3176	10.914323
3177	10.914323
3178	10.914323
3179	10.914323
3180	10.914323
3181	10.914323
3182	10.914323
3183	10.914323
3184	10.914323
3185	10.914323
3186	10.914323
3187	10.914323
3188	10.914323
3189	10.914323
3190	10.914323
3191	10.914323
3192	10.914323
3193	10.914323
3194	10.914323
3195	10.914323
3196	10.914323
3197	10.914323
3198	10.914323
3199	10.914323
3200	10.914323
3201	10.914323
3202	10.914323
3203	10.914323
3204	10.914323
3205	10.914323
3206	10.914323
3207	10.914323
3208	10.914323
3209	10.914323
3210	10.914323
3211	10.914323
3212	10.914323
3213	10.914323
3214	10.914323
3215	10.914323
3216	10.914323
3217	10.914323
3218	10.914323
3219	10.914323
3220	10.914323
3221	10.914323
3222	10.914323
3223	10.914323
3224	10.914323
3225	10.914323
3226	10.914323
3227	10.914323
3228	10.914323
3229	10.914323
3230	10.914323
3231	10.914323
3232	10.914323
3233	10.914323
3234	10.914323
3235	10.914323
3236	10.914323
3237	10.914323
3238	10.914323
3239	10.914323
3240	10.914323
3241	10.914323
3242	10.914323
3243	10.914323
3244	10.914323
3245	10.914323
3246	10.914323
3247	10.914323
3248	10.914323
3249	10.914323
3250	10.914323
3251	10.914323
3252	10.914323
3253	10.914323
3254	10.914323
3255	10.914323
3256	10.914323
3257	10.914323
3258	10.914323
3259	10.914323
3260	10.914323
3261	10.914323
3262	10.914323
3263	10.914323
3264	10.914323
3265	10.914323
3266	10.914323
3267	10.914323
3268	10.914323
3269	10.914323
3270	10.914323
3271	10.914323
3272	10.914323
3273	10.914323
3274	10.914323
3275	10.914323
3276	10.914323
3277	10.914323
3278	10.914323
3279	10.914323
3280	10.914323
3281	10.914323
3282	10.914323
3283	10.914323
3284	10.914323
3285	10.914323
3286	10.914323
3287	10.914323
3288	10.914323
3289	10.914323
3290	10.914323
3291	10.914323
3292	10.914323
3293	10.914323
3294	10.914323
3295	10.914323
3296	10.914323
3297	10.914323
3298	10.914323
3299	10.914323
3300	10.914323
3301	10.914323
3302	10.914323
3303	10.914323
3304	10.914323
3305	10.914323
3306	10.914323
3307	10.914323
3308	10.914323
3309	10.914323
3310	10.914323
3311	10.914323
3312	10.914323
3313	10.914323
3314	10.914323
3315	10.914323
3316	10.914323
3317	10.914323
3318	10.914323
3319	10.914323
3320	10.914323
3321	10.914323
3322	10.914323
3323	10.914323
3324	10.914323
3325	10.914323
3326	10.914323
3327	10.914323
3328	10.914323
3329	10.914323
3330	10.914323
3331	10.914323
3332	10.914323
3333	10.914323
3334	10.914323
3335	10.914323
3336	10.914323
3337	10.914323
3338	10.914323
3339	10.914323
3340	10.914323
3341	10.914323
3342	10.914323
3343	10.914323
3344	10.914323
3345	10.914323
3346	10.914323
3347	10.914323
3348	10.914323
3349	10.914323
3350	10.914323
3351	10.914323
3352	10.914323
3353	10.914323
3354	10.914323
3355	10.914323
3356	10.914323
3357	10.914323
3358	10.914323
3359	10.914323
3360	10.914323
3361	10.914323
3362	10.914323
3363	10.914323
3364	10.914323
3365	10.914323
3366	10.914323
3367	10.914323
3368	10.914323
3369	10.914323
3370	10.914323
3371	10.914323
3372	10.914323
3373	10.914323
3374	10.914323
3375	10.914323
3376	10.914323
3377	10.914323
3378	10.914323
3379	10.914323
3380	10.914323
3381	10.914323
3382	10.914323
3383	10.914323
3384	10.914323
3385	10.914323
3386	10.914323
3387	10.914323
3388	10.914323
3389	10.914323
3390	10.914323
3391	10.914323
3392	10.914323
3393	10.914323
3394	10.914323
3395	10.914323
3396	10.914323
3397	10.914323
3398	10.914323
3399	10.914323
3400	10.914323
3401	10.914323
3402	10.914323
3403	10.914323
3404	10.914323
3405	10.914323
3406	10.914323
3407	10.914323
3408	10.914323
3409	10.914323
3410	10.914323
3411	10.914323
3412	10.914323
3413	10.914323
3414	10.914323
3415	10.914323
3416	10.914323
3417	10.914323
3418	10.914323
3419	10.914323
3420	10.914323
3421	10.914323
3422	10.914323
3423	10.914323
3424	10.914323
3425	10.914323
3426	10.914323
3427	10.914323
3428	10.914323
3429	10.914323
3430	10.914323
3431	10.914323
3432	10.914323
3433	10.914323
3434	10.914323
3435	10.914323
3436	10.914323
3437	10.914323
3438	10.914323
3439	10.914323
3440	10.914323
3441	10.914323
3442	10.914323
3443	10.914323
3444	10.914323
3445	10.914323
3446	10.914323
3447	10.914323
3448	10.914323
3449	10.914323
3450	10.914323
3451	10.914323
3452	10.914323
3453	10.914323
3454	10.914323
3455	10.914323
3456	10.914323
3457	10.914323
3458	10.914323
3459	10.914323
3460	10.914323
3461	10.914323
3462	10.914323
3463	10.914323
3464	10.914323
3465	10.914323
3466	10.914323
3467	10.914323
3468	10.914323
3469	10.914323
3470	10.914323
3471	10.914323
3472	10.914323
3473	10.914323
3474	10.914323
3475	10.914323
3476	10.914323
3477	10.914323
3478	10.914323
3479	10.914323
3480	10.914323
3481	10.914323
3482	10.914323
3483	10.914323
3484	10.914323
3485	10.914323
3486	10.914323
3487	10.914323
3488	10.914323
3489	10.914323
3490	10.914323
3491	10.914323
3492	10.914323
3493	10.914323
3494	10.914323
3495	10.914323
3496	10.914323
3497	10.914323
3498	10.914323
3499	10.914323
3500	10.914323
3501	10.914323
3502	10.914323
3503	10.914323
3504	10.914323
3505	10.914323
3506	10.914323
3507	10.914323
3508	10.914323
3509	10.914323
3510	10.914323
3511	10.914323
3512	10.914323
3513	10.914323
3514	10.914323
3515	10.914323
3516	10.914323
3517	10.914323
3518	10.914323
3519	10.914323
3520	10.914323
3521	10.914323
3522	10.914323
3523	10.914323
3524	10.914323
3525	10.914323
3526	10.914323
3527	10.914323
3528	10.914323
3529	10.914323
3530	10.914323
3531	10.914323
3532	10.914323
3533	10.914323
3534	10.914323
3535	10.914323
3536	10.914323
3537	10.914323
3538	10.914323
3539	10.914323
3540	10.914323
3541	10.914323
3542	10.914323
3543	10.914323
3544	10.914323
3545	10.914323
3546	10.914323
3547	10.914323
3548	10.914323
3549	10.914323
3550	10.914323
3551	10.914323
3552	10.914323
3553	10.914323
3554	10.914323
3555	10.914323
3556	10.914323
3557	10.914323
3558	10.914323
3559	10.914323
3560	10.914323
3561	10.914323
3562	10.914323
3563	10.914323
3564	10.914323
3565	10.914323
3566	10.914323
3567	10.914323
3568	10.914323
3569	10.914323
3570	10.914323
3571	10.914323
3572	10.914323
3573	10.914323
3574	10.914323
3575	10.914323
3576	10.914323
3577	10.914323
3578	10.914323
3579	10.914323
3580	10.914323
3581	10.914323
3582	10.914323
3583	10.914323
3584	10.914323
3585	10.914323
3586	10.914323
3587	10.914323
3588	10.914323
3589	10.914323
3590	10.914323
3591	10.914323
3592	10.914323
3593	10.914323
3594	10.914323
3595	10.914323
3596	10.914323
3597	10.914323
3598	10.914323
3599	10.914323
3600	10.914323
3601	10.914323
3602	10.914323
3603	10.914323
3604	10.914323
3605	10.914323
3606	10.914323
3607	10.914323
3608	10.914323
3609	10.914323
3610	10.914323
3611	10.914323
3612	10.914323
3613	10.914323
3614	10.914323
3615	10.914323
3616	10.914323
3617	10.914323
3618	10.914323
3619	10.914323
3620	10.914323
3621	10.914323
3622	10.914323
3623	10.914323
3624	10.914323
3625	10.914323
3626	10.914323
3627	10.914323
3628	10.914323
3629	10.914323
3630	10.914323
3631	10.914323
3632	10.914323
3633	10.914323
3634	10.914323
3635	10.914323
3636	10.914323
3637	10.914323
3638	10.914323
3639	10.914323
3640	10.914323
3641	10.914323
3642	10.914323
3643	10.914323
3644	10.914323
3645	10.914323
3646	10.914323
3647	10.914323
3648	10.914323
3649	10.914323
3650	10.914323
3651	10.914323
3652	10.914323
3653	10.914323
3654	10.914323
3655	10.914323
3656	10.914323
3657	10.914323
3658	10.914323
3659	10.914323
3660	10.914323
3661	10.914323
3662	10.914323
3663	10.914323
3664	10.914323
3665	10.914323
3666	10.914323
3667	10.914323
3668	10.914323
3669	10.914323
3670	10.914323
3671	10.914323
3672	10.914323
3673	10.914323
3674	10.914323
3675	10.914323
3676	10.914323
3677	10.914323
3678	10.914323
3679	10.914323
3680	10.914323
3681	10.914323
3682	10.914323
3683	10.914323
3684	10.914323
3685	10.914323
3686	10.914323
3687	10.914323
3688	10.914323
3689	10.914323
3690	10.914323
3691	10.914323
3692	10.914323
3693	10.914323
3694	10.914323
3695	10.914323
3696	10.914323
3697	10.914323
3698	10.914323
3699	10.914323
3700	10.914323
3701	10.914323
3702	10.914323
3703	10.914323
3704	10.914323
3705	10.914323
3706	10.914323
3707	10.914323
3708	10.914323
3709	10.914323
3710	10.914323
3711	10.914323
3712	10.914323
3713	10.914323
3714	10.914323
3715	10.914323
3716	10.914323
3717	10.914323
3718	10.914323
3719	10.914323
3720	10.914323
3721	10.914323
3722	10.914323
3723	10.914323
3724	10.914323
3725	10.914323
3726	10.914323
3727	10.914323
3728	10.914323
3729	10.914323
3730	10.914323
3731	10.914323
3732	10.914323
3733	10.914323
3734	10.914323
3735	10.914323
3736	10.914323
3737	10.914323
3738	10.914323
3739	10.914323
3740	10.914323
3741	10.914323
3742	10.914323
3743	10.914323
3744	10.914323
3745	10.914323
3746	10.914323
3747	10.914323
3748	10.914323
3749	10.914323
3750	10.914323
3751	10.914323
3752	10.914323
3753	10.914323
3754	10.914323
3755	10.914323
3756	10.914323
3757	10.914323
3758	10.914323
3759	10.914323
3760	10.914323
3761	10.914323
3762	10.914323
3763	10.914323
3764	10.914323
3765	10.914323
3766	10.914323
3767	10.914323
3768	10.914323
3769	10.914323
3770	10.914323
3771	10.914323
3772	10.914323
3773	10.914323
3774	10.914323
3775	10.914323
3776	10.914323
3777	10.914323
3778	10.914323
3779	10.914323
3780	10.914323
3781	10.914323
3782	10.914323
3783	10.914323
3784	10.914323
3785	10.914323
3786	10.914323
3787	10.914323
3788	10.914323
3789	10.914323
3790	10.914323
3791	10.914323
3792	10.914323
3793	10.914323
3794	10.914323
3795	10.914323
3796	10.914323
3797	10.914323
3798	10.914323
3799	10.914323
3800	10.914323
3801	10.914323
3802	10.914323
3803	10.914323
3804	10.914323
3805	10.914323
3806	10.914323
3807	10.914323
3808	10.914323
3809	10.914323
3810	10.914323
3811	10.914323
3812	10.914323
3813	10.914323
3814	10.914323
3815	10.914323
3816	10.914323
3817	10.914323
3818	10.914323
3819	10.914323
3820	10.914323
3821	10.914323
3822	10.914323
3823	10.914323
3824	10.914323
3825	10.914323
3826	10.914323
3827	10.914323
3828	10.914323
3829	10.914323
3830	10.914323
3831	10.914323
3832	10.914323
3833	10.914323
3834	10.914323
3835	10.914323
3836	10.914323
3837	10.914323
3838	10.914323
3839	10.914323
3840	10.914323
3841	10.914323
3842	10.914323
3843	10.914323
3844	10.914323
3845	10.914323
3846	10.914323
3847	10.914323
3848	10.914323
3849	10.914323
3850	10.914323
3851	10.914323
3852	10.914323
3853	10.914323
3854	10.914323
3855	10.914323
3856	10.914323
3857	10.914323
3858	10.914323
3859	10.914323
3860	10.914323
3861	10.914323
3862	10.914323
3863	10.914323
3864	10.914323
3865	10.914323
3866	10.914323
3867	10.914323
3868	10.914323
3869	10.914323
3870	10.914323
3871	10.914323
3872	10.914323
3873	10.914323
3874	10.914323
3875	10.914323
3876	10.914323
3877	10.914323
3878	10.914323
3879	10.914323
3880	10.914323
3881	10.914323
3882	10.914323
3883	10.914323
3884	10.914323
3885	10.914323
3886	10.914323
3887	10.914323
3888	10.914323
3889	10.914323
3890	10.914323
3891	10.914323
3892	10.914323
3893	10.914323
3894	10.914323
3895	10.914323
3896	10.914323
3897	10.914323
3898	10.914323
3899	10.914323
3900	10.914323
3901	10.914323
3902	10.914323
3903	10.914323
3904	10.914323
3905	10.914323
3906	10.914323
3907	10.914323
3908	10.914323
3909	10.914323
3910	10.914323
3911	10.914323
3912	10.914323
3913	10.914323
3914	10.914323
3915	10.914323
3916	10.914323
3917	10.914323
3918	10.914323
3919	10.914323
3920	10.914323
3921	10.914323
3922	10.914323
3923	10.914323
3924	10.914323
3925	10.914323
3926	10.914323
3927	10.914323
3928	10.914323
3929	10.914323
3930	10.914323
3931	10.914323
3932	10.914323
3933	10.914323
3934	10.914323
3935	10.914323
3936	10.914323
3937	10.914323
3938	10.914323
3939	10.914323
3940	10.914323
3941	10.914323
3942	10.914323
3943	10.914323
3944	10.914323
3945	10.914323
3946	10.914323
3947	10.914323
3948	10.914323
3949	10.914323
3950	10.914323
3951	10.914323
3952	10.914323
3953	10.914323
3954	10.914323
3955	10.914323
3956	10.914323
3957	10.914323
3958	10.914323
3959	10.914323
3960	10.914323
3961	10.914323
3962	10.914323
3963	10.914323
3964	10.914323
3965	10.914323
3966	10.914323
3967	10.914323
3968	10.914323
3969	10.914323
3970	10.914323
3971	10.914323
3972	10.914323
3973	10.914323
3974	10.914323
3975	10.914323
3976	10.914323
3977	10.914323
3978	10.914323
3979	10.914323
3980	10.914323
3981	10.914323
3982	10.914323
3983	10.914323
3984	10.914323
3985	10.914323
3986	10.914323
3987	10.914323
3988	10.914323
3989	10.914323
3990	10.914323
3991	10.914323
3992	10.914323
3993	10.914323
3994	10.914323
3995	10.914323
3996	10.914323
3997	10.914323
3998	10.914323
3999	10.914323
4000	10.914323
4001	10.914323
4002	10.914323
4003	10.914323
4004	10.914323
4005	10.914323
4006	10.914323
4007	10.914323
4008	10.914323
4009	10.914323
4010	10.914323
4011	10.914323
4012	10.914323
4013	10.914323
4014	10.914323
4015	10.914323
4016	10.914323
4017	10.914323
4018	10.914323
4019	10.914323
4020	10.914323
4021	10.914323
4022	10.914323
4023	10.914323
4024	10.914323
4025	10.914323
4026	10.914323
4027	10.914323
4028	10.914323
4029	10.914323
4030	10.914323
4031	10.914323
4032	10.914323
4033	10.914323
4034	10.914323
4035	10.914323
4036	10.914323
4037	10.914323
4038	10.914323
4039	10.914323
4040	10.914323
4041	10.914323
4042	10.914323
4043	10.914323
4044	10.914323
4045	10.914323
4046	10.914323
4047	10.914323
4048	10.914323
4049	10.914323
4050	10.914323
4051	10.914323
4052	10.914323
4053	10.914323
4054	10.914323
4055	10.914323
4056	10.914323
4057	10.914323
4058	10.914323
4059	10.914323
4060	10.914323
4061	10.914323
4062	10.914323
4063	10.914323
4064	10.914323
4065	10.914323
4066	10.914323
4067	10.914323
4068	10.914323
4069	10.914323
4070	10.914323
4071	10.914323
4072	10.914323
4073	10.914323
4074	10.914323
4075	10.914323
4076	10.914323
4077	10.914323
4078	10.914323
4079	10.914323
4080	10.914323
4081	10.914323
4082	10.914323
4083	10.914323
4084	10.914323
4085	10.914323
4086	10.914323
4087	10.914323
4088	10.914323
4089	10.914323
4090	10.914323
4091	10.914323
4092	10.914323
4093	10.914323
4094	10.914323
4095	10.914323
4096	10.914323
4097	10.914323
4098	10.914323
4099	10.914323
4100	10.914323
4101	10.914323
4102	10.914323
4103	10.914323
4104	10.914323
4105	10.914323
4106	10.914323
4107	10.914323
4108	10.914323
4109	10.914323
4110	10.914323
4111	10.914323
4112	10.914323
4113	10.914323
4114	10.914323
4115	10.914323
4116	10.914323
4117	10.914323
4118	10.914323
4119	10.914323
4120	10.914323
4121	10.914323
4122	10.914323
4123	10.914323
4124	10.914323
4125	10.914323
4126	10.914323
4127	10.914323
4128	10.914323
4129	10.914323
4130	10.914323
4131	10.914323
4132	10.914323
4133	10.914323
4134	10.914323
4135	10.914323
4136	10.914323
4137	10.914323
4138	10.914323
4139	10.914323
4140	10.914323
4141	10.914323
4142	10.914323
4143	10.914323
4144	10.914323
4145	10.914323
4146	10.914323
4147	10.914323
4148	10.914323
4149	10.914323
4150	10.914323
4151	10.914323
4152	10.914323
4153	10.914323
4154	10.914323
4155	10.914323
4156	10.914323
4157	10.914323
4158	10.914323
4159	10.914323
4160	10.914323
4161	10.914323
4162	10.914323
4163	10.914323
4164	10.914323
4165	10.914323
4166	10.914323
4167	10.914323
4168	10.914323
4169	10.914323
4170	10.914323
4171	10.914323
4172	10.914323
4173	10.914323
4174	10.914323
4175	10.914323
4176	10.914323
4177	10.914323
4178	10.914323
4179	10.914323
4180	10.914323
4181	10.914323
4182	10.914323
4183	10.914323
4184	10.914323
4185	10.914323
4186	10.914323
4187	10.914323
4188	10.914323
4189	10.914323
4190	10.914323
4191	10.914323
4192	10.914323
4193	10.914323
4194	10.914323
4195	10.914323
4196	10.914323
4197	10.914323
4198	10.914323
4199	10.914323
4200	10.914323
4201	10.914323
4202	10.914323
4203	10.914323
4204	10.914323
4205	10.914323
4206	10.914323
4207	10.914323
4208	10.914323
4209	10.914323
4210	10.914323
4211	10.914323
4212	10.914323
4213	10.914323
4214	10.914323
4215	10.914323
4216	10.914323
4217	10.914323
4218	10.914323
4219	10.914323
4220	10.914323
4221	10.914323
4222	10.914323
4223	10.914323
4224	10.914323
4225	10.914323
4226	10.914323
4227	10.914323
4228	10.914323
4229	10.914323
4230	10.914323
4231	10.914323
4232	10.914323
4233	10.914323
4234	10.914323
4235	10.914323
4236	10.914323
4237	10.914323
4238	10.914323
4239	10.914323
4240	10.914323
4241	10.914323
4242	10.914323
4243	10.914323
4244	10.914323
4245	10.914323
4246	10.914323
4247	10.914323
4248	10.914323
4249	10.914323
4250	10.914323
4251	10.914323
4252	10.914323
4253	10.914323
4254	10.914323
4255	10.914323
4256	10.914323
4257	10.914323
4258	10.914323
4259	10.914323
4260	10.914323
4261	10.914323
4262	10.914323
4263	10.914323
4264	10.914323
4265	10.914323
4266	10.914323
4267	10.914323
4268	10.914323
4269	10.914323
4270	10.914323
4271	10.914323
4272	10.914323
4273	10.914323
4274	10.914323
4275	10.914323
4276	10.914323
4277	10.914323
4278	10.914323
4279	10.914323
4280	10.914323
4281	10.914323
4282	10.914323
4283	10.914323
4284	10.914323
4285	10.914323
4286	10.914323
4287	10.914323
4288	10.914323
4289	10.914323
4290	10.914323
4291	10.914323
4292	10.914323
4293	10.914323
4294	10.914323
4295	10.914323
4296	10.914323
4297	10.914323
4298	10.914323
4299	10.914323
4300	10.914323
4301	10.914323
4302	10.914323
4303	10.914323
4304	10.914323
4305	10.914323
4306	10.914323
4307	10.914323
4308	10.914323
4309	10.914323
4310	10.914323
4311	10.914323
4312	10.914323
4313	10.914323
4314	10.914323
4315	10.914323
4316	10.914323
4317	10.914323
4318	10.914323
4319	10.914323
4320	10.914323
4321	10.914323
4322	10.914323
4323	10.914323
4324	10.914323
4325	10.914323
4326	10.914323
4327	10.914323
4328	10.914323
4329	10.914323
4330	10.914323
4331	10.914323
4332	10.914323
4333	10.914323
4334	10.914323
4335	10.914323
4336	10.914323
4337	10.914323
4338	10.914323
4339	10.914323
4340	10.914323
4341	10.914323
4342	10.914323
4343	10.914323
4344	10.914323
4345	10.914323
4346	10.914323
4347	10.914323
4348	10.914323
4349	10.914323
4350	10.914323
4351	10.914323
4352	10.914323
4353	10.914323
4354	10.914323
4355	10.914323
4356	10.914323
4357	10.914323
4358	10.914323
4359	10.914323
4360	10.914323
4361	10.914323
4362	10.914323
4363	10.914323
4364	10.914323
4365	10.914323
4366	10.914323
4367	10.914323
4368	10.914323
4369	10.914323
4370	10.914323
4371	10.914323
4372	10.914323
4373	10.914323
4374	10.914323
4375	10.914323
4376	10.914323
4377	10.914323
4378	10.914323
4379	10.914323
4380	10.914323
4381	10.914323
4382	10.914323
4383	10.914323
4384	10.914323
4385	10.914323
4386	10.914323
4387	10.914323
4388	10.914323
4389	10.914323
4390	10.914323
4391	10.914323
4392	10.914323
4393	10.914323
4394	10.914323
4395	10.914323
4396	10.914323
4397	10.914323
4398	10.914323
4399	10.914323
4400	10.914323
4401	10.914323
4402	10.914323
4403	10.914323
4404	10.914323
4405	10.914323
4406	10.914323
4407	10.914323
4408	10.914323
4409	10.914323
4410	10.914323
4411	10.914323
4412	10.914323
4413	10.914323
4414	10.914323
4415	10.914323
4416	10.914323
4417	10.914323
4418	10.914323
4419	10.914323
4420	10.914323
4421	10.914323
4422	10.914323
4423	10.914323
4424	10.914323
4425	10.914323
4426	10.914323
4427	10.914323
4428	10.914323
4429	10.914323
4430	10.914323
4431	10.914323
4432	10.914323
4433	10.914323
4434	10.914323
4435	10.914323
4436	10.914323
4437	10.914323
4438	10.914323
4439	10.914323
4440	10.914323
4441	10.914323
4442	10.914323
4443	10.914323
4444	10.914323
4445	10.914323
4446	10.914323
4447	10.914323
4448	10.914323
4449	10.914323
4450	10.914323
4451	10.914323
4452	10.914323
4453	10.914323
4454	10.914323
4455	10.914323
4456	10.914323
4457	10.914323
4458	10.914323
4459	10.914323
4460	10.914323
4461	10.914323
4462	10.914323
4463	10.914323
4464	10.914323
4465	10.914323
4466	10.914323
4467	10.914323
4468	10.914323
4469	10.914323
4470	10.914323
4471	10.914323
4472	10.914323
4473	10.914323
4474	10.914323
4475	10.914323
4476	10.914323
4477	10.914323
4478	10.914323
4479	10.914323
4480	10.914323
4481	10.914323
4482	10.914323
4483	10.914323
4484	10.914323
4485	10.914323
4486	10.914323
4487	10.914323
4488	10.914323
4489	10.914323
4490	10.914323
4491	10.914323
4492	10.914323
4493	10.914323
4494	10.914323
4495	10.914323
4496	10.914323
4497	10.914323
4498	10.914323
4499	10.914323
4500	10.914323
4501	10.914323
4502	10.914323
4503	10.914323
4504	10.914323
4505	10.914323
4506	10.914323
4507	10.914323
4508	10.914323
4509	10.914323
4510	10.914323
4511	10.914323
4512	10.914323
4513	10.914323
4514	10.914323
4515	10.914323
4516	10.914323
4517	10.914323
4518	10.914323
4519	10.914323
4520	10.914323
4521	10.914323
4522	10.914323
4523	10.914323
4524	10.914323
4525	10.914323
4526	10.914323
4527	10.914323
4528	10.914323
4529	10.914323
4530	10.914323
4531	10.914323
4532	10.914323
4533	10.914323
4534	10.914323
4535	10.914323
4536	10.914323
4537	10.914323
4538	10.914323
4539	10.914323
4540	10.914323
4541	10.914323
4542	10.914323
4543	10.914323
4544	10.914323
4545	10.914323
4546	10.914323
4547	10.914323
4548	10.914323
4549	10.914323
4550	10.914323
4551	10.914323
4552	10.914323
4553	10.914323
4554	10.914323
4555	10.914323
4556	10.914323
4557	10.914323
4558	10.914323
4559	10.914323
4560	10.914323
4561	10.914323
4562	10.914323
4563	10.914323
4564	10.914323
4565	10.914323
4566	10.914323
4567	10.914323
4568	10.914323
4569	10.914323
4570	10.914323
4571	10.914323
4572	10.914323
4573	10.914323
4574	10.914323
4575	10.914323
4576	10.914323
4577	10.914323
4578	10.914323
4579	10.914323
4580	10.914323
4581	10.914323
4582	10.914323
4583	10.914323
4584	10.914323
4585	10.914323
4586	10.914323
4587	10.914323
4588	10.914323
4589	10.914323
4590	10.914323
4591	10.914323
4592	10.914323
4593	10.914323
4594	10.914323
4595	10.914323
4596	10.914323
4597	10.914323
4598	10.914323
4599	10.914323
4600	10.914323
4601	10.914323
4602	10.914323
4603	10.914323
4604	10.914323
4605	10.914323
4606	10.914323
4607	10.914323
4608	10.914323
4609	10.914323
4610	10.914323
4611	10.914323
4612	10.914323
4613	10.914323
4614	10.914323
4615	10.914323
4616	10.914323
4617	10.914323
4618	10.914323
4619	10.914323
4620	10.914323
4621	10.914323
4622	10.914323
4623	10.914323
4624	10.914323
4625	10.914323
4626	10.914323
4627	10.914323
4628	10.914323
4629	10.914323
4630	10.914323
4631	10.914323
4632	10.914323
4633	10.914323
4634	10.914323
4635	10.914323
4636	10.914323
4637	10.914323
4638	10.914323
4639	10.914323
4640	10.914323
4641	10.914323
4642	10.914323
4643	10.914323
4644	10.914323
4645	10.914323
4646	10.914323
4647	10.914323
4648	10.914323
4649	10.914323
4650	10.914323
4651	10.914323
4652	10.914323
4653	10.914323
4654	10.914323
4655	10.914323
4656	10.914323
4657	10.914323
4658	10.914323
4659	10.914323
4660	10.914323
4661	10.914323
4662	10.914323
4663	10.914323
4664	10.914323
4665	10.914323
4666	10.914323
4667	10.914323
4668	10.914323
4669	10.914323
4670	10.914323
4671	10.914323
4672	10.914323
4673	10.914323
4674	10.914323
4675	10.914323
4676	10.914323
4677	10.914323
4678	10.914323
4679	10.914323
4680	10.914323
4681	10.914323
4682	10.914323
4683	10.914323
4684	10.914323
4685	10.914323
4686	10.914323
4687	10.914323
4688	10.914323
4689	10.914323
4690	10.914323
4691	10.914323
4692	10.914323
4693	10.914323
4694	10.914323
4695	10.914323
4696	10.914323
4697	10.914323
4698	10.914323
4699	10.914323
4700	10.914323
4701	10.914323
4702	10.914323
4703	10.914323
4704	10.914323
4705	10.914323
4706	10.914323
4707	10.914323
4708	10.914323
4709	10.914323
4710	10.914323
4711	10.914323
4712	10.914323
4713	10.914323
4714	10.914323
4715	10.914323
4716	10.914323
4717	10.914323
4718	10.914323
4719	10.914323
4720	10.914323
4721	10.914323
4722	10.914323
4723	10.914323
4724	10.914323
4725	10.914323
4726	10.914323
4727	10.914323
4728	10.914323
4729	10.914323
4730	10.914323
4731	10.914323
4732	10.914323
4733	10.914323
4734	10.914323
4735	10.914323
4736	10.914323
4737	10.914323
4738	10.914323
4739	10.914323
4740	10.914323
4741	10.914323
4742	10.914323
4743	10.914323
4744	10.914323
4745	10.914323
4746	10.914323
4747	10.914323
4748	10.914323
4749	10.914323
4750	10.914323
4751	10.914323
4752	10.914323
4753	10.914323
4754	10.914323
4755	10.914323
4756	10.914323
4757	10.914323
4758	10.914323
4759	10.914323
4760	10.914323
4761	10.914323
4762	10.914323
4763	10.914323
4764	10.914323
4765	10.914323
4766	10.914323
4767	10.914323
4768	10.914323
4769	10.914323
4770	10.914323
4771	10.914323
4772	10.914323
4773	10.914323
4774	10.914323
4775	10.914323
4776	10.914323
4777	10.914323
4778	10.914323
4779	10.914323
4780	10.914323
4781	10.914323
4782	10.914323
4783	10.914323
4784	10.914323
4785	10.914323
4786	10.914323
4787	10.914323
4788	10.914323
4789	10.914323
4790	10.914323
4791	10.914323
4792	10.914323
4793	10.914323
4794	10.914323
4795	10.914323
4796	10.914323
4797	10.914323
4798	10.914323
4799	10.914323
4800	10.914323
4801	10.914323
4802	10.914323
4803	10.914323
4804	10.914323
4805	10.914323
4806	10.914323
4807	10.914323
4808	10.914323
4809	10.914323
4810	10.914323
4811	10.914323
4812	10.914323
4813	10.914323
4814	10.914323
4815	10.914323
4816	10.914323
4817	10.914323
4818	10.914323
4819	10.914323
4820	10.914323
4821	10.914323
4822	10.914323
4823	10.914323
4824	10.914323
4825	10.914323
4826	10.914323
4827	10.914323
4828	10.914323
4829	10.914323
4830	10.914323
4831	10.914323
4832	10.914323
4833	10.914323
4834	10.914323
4835	10.914323
4836	10.914323
4837	10.914323
4838	10.914323
4839	10.914323
4840	10.914323
4841	10.914323
4842	10.914323
4843	10.914323
4844	10.914323
4845	10.914323
4846	10.914323
4847	10.914323
4848	10.914323
4849	10.914323
4850	10.914323
4851	10.914323
4852	10.914323
4853	10.914323
4854	10.914323
4855	10.914323
4856	10.914323
4857	10.914323
4858	10.914323
4859	10.914323
4860	10.914323
4861	10.914323
4862	10.914323
4863	10.914323
4864	10.914323
4865	10.914323
4866	10.914323
4867	10.914323
4868	10.914323
4869	10.914323
4870	10.914323
4871	10.914323
4872	10.914323
4873	10.914323
4874	10.914323
4875	10.914323
4876	10.914323
4877	10.914323
4878	10.914323
4879	10.914323
4880	10.914323
4881	10.914323
4882	10.914323
4883	10.914323
4884	10.914323
4885	10.914323
4886	10.914323
4887	10.914323
4888	10.914323
4889	10.914323
4890	10.914323
4891	10.914323
4892	10.914323
4893	10.914323
4894	10.914323
4895	10.914323
4896	10.914323
4897	10.914323
4898	10.914323
4899	10.914323
4900	10.914323
4901	10.914323
4902	10.914323
4903	10.914323
4904	10.914323
4905	10.914323
4906	10.914323
4907	10.914323
4908	10.914323
4909	10.914323
4910	10.914323
4911	10.914323
4912	10.914323
4913	10.914323
4914	10.914323
4915	10.914323
4916	10.914323
4917	10.914323
4918	10.914323
4919	10.914323
4920	10.914323
4921	10.914323
4922	10.914323
4923	10.914323
4924	10.914323
4925	10.914323
4926	10.914323
4927	10.914323
4928	10.914323
4929	10.914323
4930	10.914323
4931	10.914323
4932	10.914323
4933	10.914323
4934	10.914323
4935	10.914323
4936	10.914323
4937	10.914323
4938	10.914323
4939	10.914323
4940	10.914323
4941	10.914323
4942	10.914323
4943	10.914323
4944	10.914323
4945	10.914323
4946	10.914323
4947	10.914323
4948	10.914323
4949	10.914323
4950	10.914323
4951	10.914323
4952	10.914323
4953	10.914323
4954	10.914323
4955	10.914323
4956	10.914323
4957	10.914323
4958	10.914323
4959	10.914323
4960	10.914323
4961	10.914323
4962	10.914323
4963	10.914323
4964	10.914323
4965	10.914323
4966	10.914323
4967	10.914323
4968	10.914323
4969	10.914323
4970	10.914323
4971	10.914323
4972	10.914323
4973	10.914323
4974	10.914323
4975	10.914323
4976	10.914323
4977	10.914323
4978	10.914323
4979	10.914323
4980	10.914323
4981	10.914323
4982	10.914323
4983	10.914323
4984	10.914323
4985	10.914323
4986	10.914323
4987	10.914323
4988	10.914323
4989	10.914323
4990	10.914323
4991	10.914323
4992	10.914323
4993	10.914323
4994	10.914323
4995	10.914323
4996	10.914323
4997	10.914323
4998	10.914323
4999	10.914323
5000	10.914323
5001	10.914323
5002	10.914323
5003	10.914323
5004	10.914323
5005	10.914323
5006	10.914323
5007	10.914323
5008	10.914323
5009	10.914323
5010	10.914323
5011	10.914323
5012	10.914323
5013	10.914323
5014	10.914323
5015	10.914323
5016	10.914323
5017	10.914323
5018	10.914323
5019	10.914323
5020	10.914323
5021	10.914323
5022	10.914323
5023	10.914323
5024	10.914323
5025	10.914323
5026	10.914323
5027	10.914323
5028	10.914323
5029	10.914323
5030	10.914323
5031	10.914323
5032	10.914323
5033	10.914323
5034	10.914323
5035	10.914323
5036	10.914323
5037	10.914323
5038	10.914323
5039	10.914323
5040	10.914323
5041	10.914323
5042	10.914323
5043	10.914323
5044	10.914323
5045	10.914323
5046	10.914323
5047	10.914323
5048	10.914323
5049	10.914323
5050	10.914323
5051	10.914323
5052	10.914323
5053	10.914323
5054	10.914323
5055	10.914323
5056	10.914323
5057	10.914323
5058	10.914323
5059	10.914323
5060	10.914323
5061	10.914323
5062	10.914323
5063	10.914323
5064	10.914323
5065	10.914323
5066	10.914323
5067	10.914323
5068	10.914323
5069	10.914323
5070	10.914323
5071	10.914323
5072	10.914323
5073	10.914323
5074	10.914323
5075	10.914323
5076	10.914323
5077	10.914323
5078	10.914323
5079	10.914323
5080	10.914323
5081	10.914323
5082	10.914323
5083	10.914323
5084	10.914323
5085	10.914323
5086	10.914323
5087	10.914323
5088	10.914323
5089	10.914323
5090	10.914323
5091	10.914323
5092	10.914323
5093	10.914323
5094	10.914323
5095	10.914323
5096	10.914323
5097	10.914323
5098	10.914323
5099	10.914323
5100	10.914323
5101	10.914323
5102	10.914323
5103	10.914323
5104	10.914323
5105	10.914323
5106	10.914323
5107	10.914323
5108	10.914323
5109	10.914323
5110	10.914323
5111	10.914323
5112	10.914323
5113	10.914323
5114	10.914323
5115	10.914323
5116	10.914323
5117	10.914323
5118	10.914323
5119	10.914323
5120	10.914323
5121	10.914323
5122	10.914323
5123	10.914323
5124	10.914323
5125	10.914323
5126	10.914323
5127	10.914323
5128	10.914323
5129	10.914323
5130	10.914323
5131	10.914323
5132	10.914323
5133	10.914323
5134	10.914323
5135	10.914323
5136	10.914323
5137	10.914323
5138	10.914323
5139	10.914323
5140	10.914323
5141	10.914323
5142	10.914323
5143	10.914323
5144	10.914323
5145	10.914323
5146	10.914323
5147	10.914323
5148	10.914323
5149	10.914323
5150	10.914323
5151	10.914323
5152	10.914323
5153	10.914323
5154	10.914323
5155	10.914323
5156	10.914323
5157	10.914323
5158	10.914323
5159	10.914323
5160	10.914323
5161	10.914323
5162	10.914323
5163	10.914323
5164	10.914323
5165	10.914323
5166	10.914323
5167	10.914323
5168	10.914323
5169	10.914323
5170	10.914323
5171	10.914323
5172	10.914323
5173	10.914323
5174	10.914323
5175	10.914323
5176	10.914323
5177	10.914323
5178	10.914323
5179	10.914323
5180	10.914323
5181	10.914323
5182	10.914323
5183	10.914323
5184	10.914323
5185	10.914323
5186	10.914323
5187	10.914323
5188	10.914323
5189	10.914323
5190	10.914323
5191	10.914323
5192	10.914323
5193	10.914323
5194	10.914323
5195	10.914323
5196	10.914323
5197	10.914323
5198	10.914323
5199	10.914323
5200	10.914323
5201	10.914323
5202	10.914323
5203	10.914323
5204	10.914323
5205	10.914323
5206	10.914323
5207	10.914323
5208	10.914323
5209	10.914323
5210	10.914323
5211	10.914323
5212	10.914323
5213	10.914323
5214	10.914323
5215	10.914323
5216	10.914323
5217	10.914323
5218	10.914323
5219	10.914323
5220	10.914323
5221	10.914323
5222	10.914323
5223	10.914323
5224	10.914323
5225	10.914323
5226	10.914323
5227	10.914323
5228	10.914323
5229	10.914323
5230	10.914323
5231	10.914323
5232	10.914323
5233	10.914323
5234	10.914323
5235	10.914323
5236	10.914323
5237	10.914323
5238	10.914323
5239	10.914323
5240	10.914323
5241	10.914323
5242	10.914323
5243	10.914323
5244	10.914323
5245	10.914323
5246	10.914323
5247	10.914323
5248	10.914323
5249	10.914323
5250	10.914323
5251	10.914323
5252	10.914323
5253	10.914323
5254	10.914323
5255	10.914323
5256	10.914323
5257	10.914323
5258	10.914323
5259	10.914323
5260	10.914323
5261	10.914323
5262	10.914323
5263	10.914323
5264	10.914323
5265	10.914323
5266	10.914323
5267	10.914323
5268	10.914323
5269	10.914323
5270	10.914323
5271	10.914323
5272	10.914323
5273	10.914323
5274	10.914323
5275	10.914323
5276	10.914323
5277	10.914323
5278	10.914323
5279	10.914323
5280	10.914323
5281	10.914323
5282	10.914323
5283	10.914323
5284	10.914323
5285	10.914323
5286	10.914323
5287	10.914323
5288	10.914323
5289	10.914323
5290	10.914323
5291	10.914323
5292	10.914323
5293	10.914323
5294	10.914323
5295	10.914323
5296	10.914323
5297	10.914323
5298	10.914323
5299	10.914323
5300	10.914323
