1	6.73548
2	6.863104
3	6.875407
4	6.841957
5	6.882364
6	7.004712
7	7.082864
8	7.087183
9	7.087183
10	7.150675
11	7.189948
12	7.188204
13	7.19136
14	7.40176
15	7.41108
16	7.425174
17	7.319616
18	7.373376
19	7.396839
20	7.447418
21	7.462316
22	7.46406
23	7.46406
24	7.438858
25	7.45377
26	7.380699
27	7.530329
28	7.520274
29	7.480338
30	7.322414
31	7.25619
32	7.302512
33	7.323797
34	7.092389
35	7.102021
36	6.861051
37	6.872535
38	7.289593
39	7.35676
40	7.35676
41	7.373896
42	7.373896
43	7.415796
44	7.443992
45	7.493562
46	7.493562
47	7.493562
48	7.520325
49	7.590075
50	7.590075
51	7.590075
52	7.590075
53	7.590075
54	7.590075
55	7.593231
56	7.589331
57	7.889392
58	7.856543
59	7.78637
60	7.694606
61	7.742759
62	7.74381
63	7.74381
64	7.85062
65	7.85906
66	7.85906
67	7.85906
68	7.873195
69	7.871079
70	7.878648
71	7.875206
72	7.877541
73	7.96032
74	7.96032
75	8.254282
76	8.254282
77	8.293972
78	8.341261
79	8.341261
80	8.230384
81	8.230384
82	8.271392
83	8.271392
84	8.314772
85	8.314772
86	8.394869
87	8.516716
88	8.516716
89	8.542411
90	8.462266
91	8.445832
92	8.467567
93	8.286388
94	8.286388
95	8.10196
96	8.10196
97	8.119516
98	8.307323
99	8.307323
100	8.327015
101	8.327015
102	8.338576
103	8.338576
104	8.382085
105	8.399235
106	8.40455
107	8.550752
108	8.552848
109	8.552848
110	8.540999
111	8.467302
112	8.526203
113	8.398241
114	8.536123
115	8.536123
116	8.580047
117	8.579215
118	8.579215
119	8.534505
120	8.543865
121	8.594992
122	8.594992
123	8.597598
124	8.597598
125	8.597598
126	8.90031
127	8.844138
128	8.82225
129	8.877365
130	8.877365
131	8.877365
132	8.877365
133	8.877365
134	8.88632
135	8.89179
136	8.89179
137	8.892335
138	8.892335
139	8.892335
140	8.892335
141	8.892335
142	8.856342
143	8.856342
144	8.829062
145	8.87204
146	8.899817
147	8.899817
148	8.785177
149	8.785177
150	8.785177
151	8.742012
152	8.760023
153	8.766813
154	8.767749
155	8.825023
156	8.776268
157	8.678767
158	8.689025
159	8.70677
160	8.622819
161	8.622819
162	8.781468
163	8.697886
164	8.770894
165	8.877739
166	8.896867
167	8.922321
168	8.953466
169	8.96462
170	8.96462
171	8.98334
172	8.957886
173	8.745901
174	8.781062
175	8.781062
176	8.797586
177	8.797586
178	8.797586
179	8.797586
180	8.889752
181	8.915206
182	8.915206
183	8.915206
184	8.915206
185	8.915206
186	8.915206
187	8.982556
188	9.14312
189	9.122878
190	9.103186
191	8.92365
192	8.92365
193	8.92365
194	8.92365
195	8.922965
196	8.922965
197	8.922965
198	8.897511
199	8.897511
200	8.922965
201	8.922965
202	8.922965
203	8.897511
204	8.897511
205	8.880807
206	8.880807
207	8.9817
208	9.007154
209	9.029414
210	9.029414
211	9.011107
212	9.011107
213	8.983608
214	8.967422
215	8.967422
216	8.967422
217	8.936168
218	8.936168
219	8.936168
220	8.936168
221	8.937683
222	8.937683
223	8.957925
224	8.957925
225	9.154935
226	9.180389
227	9.350326
228	9.350326
229	9.350326
230	9.327061
231	9.327061
232	9.327061
233	9.327061
234	9.358315
235	9.358315
236	9.314734
237	9.314734
238	9.314734
239	9.314734
240	9.314734
241	9.314734
242	9.314734
243	9.314734
244	9.314734
245	9.314734
246	9.229078
247	9.229078
248	9.229078
249	9.229078
250	9.229078
251	9.229078
252	9.209377
253	9.209377
254	9.209377
255	9.209377
256	9.209377
257	9.088268
258	9.112989
259	8.989899
260	8.989899
261	9.236071
262	9.236071
263	9.25103
264	9.25103
265	9.109767
266	9.109767
267	9.109767
268	9.109767
269	9.109767
270	9.124671
271	9.217007
272	9.217007
273	9.16268
274	9.16268
275	9.16268
276	9.16268
277	9.16268
278	9.16268
279	9.16268
280	9.16268
281	9.16268
282	9.042086
283	9.232783
284	9.232783
285	9.227407
286	9.351404
287	9.407668
288	9.407668
289	9.407668
290	9.407668
291	9.407668
292	9.407668
293	9.407668
294	9.321859
295	9.335827
296	9.335827
297	9.355528
298	9.355528
299	9.355528
300	9.432607
301	9.432607
302	9.432607
303	9.500176
304	9.500176
305	9.524242
306	9.524242
307	9.524242
308	9.524242
309	9.517602
310	9.517602
311	9.585128
312	9.434926
313	9.533383
314	9.393774
315	9.393774
316	9.393774
317	9.393774
318	9.393774
319	9.393774
320	9.393774
321	9.393774
322	9.381489
323	9.386308
324	9.386308
325	9.386308
326	9.470259
327	9.470259
328	9.662011
329	9.662011
330	9.662011
331	9.653419
332	9.6583
333	9.6583
334	9.6583
335	9.6583
336	9.6583
337	9.6583
338	9.6583
339	9.6583
340	9.6583
341	9.6583
342	9.6583
343	9.608634
344	9.608634
345	9.608634
346	9.650639
347	9.650639
348	9.549086
349	9.207696
350	9.207696
351	9.207696
352	9.207696
353	9.207696
354	9.29048
355	9.29048
356	9.334297
357	9.361225
358	9.361225
359	9.361225
360	9.363613
361	9.330275
362	9.330275
363	9.240201
364	9.240201
365	9.240201
366	9.323184
367	9.323184
368	9.323184
369	9.323184
370	9.244017
371	9.244017
372	9.244017
373	9.519921
374	9.650465
375	9.650465
376	9.667056
377	9.667056
378	9.667056
379	9.667056
380	9.667056
381	9.667056
382	9.667056
383	9.678797
384	9.678797
385	9.678797
386	9.678797
387	9.678797
388	9.678797
389	9.679205
390	9.679205
391	9.679205
392	9.656683
393	9.656683
394	9.656683
395	9.767526
396	9.767526
397	9.767526
398	9.767526
399	9.767526
400	9.767526
401	9.913546
402	9.913546
403	9.998263
404	9.998263
405	9.930802
406	9.930802
407	9.930802
408	9.930802
409	9.930802
410	9.930802
411	9.928287
412	9.928287
413	9.928287
414	9.928287
415	9.928287
416	9.928287
417	9.928287
418	9.928287
419	9.928287
420	9.928287
421	9.928287
422	9.928287
423	9.928287
424	9.928287
425	9.928287
426	9.928287
427	9.882728
428	10.007429
429	10.007429
430	10.007429
431	10.007429
432	10.007429
433	10.007429
434	10.007429
435	10.007429
436	10.007429
437	9.981559
438	9.981559
439	9.969818
440	9.969818
441	9.969818
442	9.969818
443	9.969818
444	9.969818
445	9.969818
446	9.969818
447	9.777621
448	9.777621
449	9.777621
450	9.777621
451	9.777621
452	9.777621
453	9.777621
454	9.797313
455	9.826964
456	9.807272
457	9.808688
458	9.808688
459	9.806897
460	9.720422
461	9.720422
462	9.720422
463	9.806897
464	9.833517
465	9.833517
466	9.833517
467	9.833517
468	9.833517
469	9.833517
470	9.833517
471	9.833517
472	9.833517
473	9.833517
474	9.833517
475	9.794864
476	9.794864
477	9.794864
478	9.794864
479	9.794864
480	9.794864
481	9.787302
482	9.787302
483	9.787302
484	9.787302
485	9.787302
486	9.787302
487	9.787302
488	9.787302
489	9.787302
490	9.787302
491	9.787302
492	9.787302
493	9.787302
494	9.787302
495	9.948853
496	9.948853
497	9.948853
498	9.948853
499	9.948853
500	9.948853
501	9.948853
502	9.956415
503	9.956415
504	9.954234
505	9.954234
506	9.954234
507	9.954234
508	9.954234
509	10.016322
510	10.016322
511	10.016322
512	10.01274
513	10.01274
514	10.038435
515	10.038435
516	10.038435
517	10.038435
518	10.038435
519	10.038435
520	10.038435
521	10.038435
522	10.038435
523	10.038435
524	10.038435
525	10.038435
526	10.038435
527	10.078044
528	10.078044
529	10.078044
530	9.977332
531	9.977332
532	9.977332
533	9.977332
534	9.977332
535	9.982705
536	9.982705
537	9.981028
538	9.915955
539	9.915955
540	9.957073
541	9.957073
542	9.957073
543	9.957073
544	9.957073
545	9.957073
546	9.957073
547	9.957073
548	9.957073
549	9.957073
550	9.971003
551	9.971003
552	9.971003
553	9.971003
554	9.971003
555	10.082905
556	10.082905
557	10.082905
558	10.082905
559	10.09738
560	10.100779
561	10.100779
562	10.100779
563	10.100779
564	10.069132
565	10.069132
566	10.069132
567	10.069132
568	10.069132
569	10.069132
570	10.069132
571	10.069132
572	10.069132
573	10.069132
574	10.069132
575	10.069132
576	10.069132
577	10.069132
578	10.069132
579	10.069132
580	10.069132
581	10.069132
582	10.069132
583	10.069132
584	10.069132
585	10.069132
586	10.069132
587	10.069132
588	10.069132
589	10.069132
590	10.069132
591	10.114691
592	10.114691
593	10.114691
594	10.114691
595	10.114691
596	10.114691
597	10.098771
598	10.098771
599	10.098771
600	10.098771
601	10.098771
602	10.160262
603	10.171583
604	10.171583
605	10.171583
606	10.171583
607	10.171583
608	10.171583
609	10.171583
610	10.171583
611	10.171583
612	10.171583
613	10.171583
614	10.171583
615	10.171583
616	10.171583
617	10.171583
618	10.171583
619	10.171583
620	10.171583
621	10.171583
622	10.175051
623	10.175051
624	10.175051
625	10.175051
626	10.175051
627	10.175051
628	10.161121
629	10.160493
630	10.160493
631	10.160493
632	10.160493
633	10.160493
634	10.160493
635	10.160493
636	10.160493
637	10.160493
638	10.160493
639	10.160493
640	10.149597
641	10.149597
642	10.149597
643	10.149597
644	10.149597
645	10.149597
646	10.149597
647	10.149597
648	10.149597
649	10.149597
650	10.149597
651	10.082733
652	10.082733
653	10.082733
654	10.082733
655	10.044
656	10.044
657	10.044
658	10.044
659	10.044
660	10.044
661	10.088974
662	10.088974
663	10.088974
664	10.113383
665	10.113383
666	10.113383
667	10.113383
668	10.113383
669	10.113383
670	10.113383
671	10.113383
672	10.113383
673	10.113383
674	10.199948
675	10.199948
676	10.199948
677	10.199948
678	10.199948
679	10.199948
680	10.199948
681	10.199948
682	10.202072
683	10.197945
684	10.197945
685	10.197945
686	10.197945
687	10.197945
688	10.197945
689	10.197945
690	10.197945
691	10.197945
692	10.166304
693	10.166304
694	10.166304
695	10.125186
696	10.125186
697	10.125186
698	10.125186
699	10.125186
700	10.125186
701	10.166304
702	10.166304
703	10.166304
704	10.166304
705	10.166304
706	10.148792
707	10.220161
708	10.220161
709	10.288824
710	10.288824
711	10.288824
712	10.288824
713	10.288824
714	10.288824
715	10.288824
716	10.288824
717	10.288824
718	10.288824
719	10.288824
720	10.288824
721	10.288824
722	10.288824
723	10.288824
724	10.288824
725	10.332732
726	10.332732
727	10.332732
728	10.332732
729	10.332732
730	10.332732
731	10.332732
732	10.332732
733	10.399397
734	10.41114
735	10.41114
736	10.41114
737	10.41114
738	10.41114
739	10.41114
740	10.41114
741	10.41114
742	10.41114
743	10.428652
744	10.428652
745	10.428652
746	10.404243
747	10.404243
748	10.404243
749	10.404243
750	10.404243
751	10.363125
752	10.363125
753	10.363125
754	10.363125
755	10.363125
756	10.363125
757	10.363125
758	10.363125
759	10.363125
760	10.363125
761	10.363125
762	10.363125
763	10.363125
764	10.387534
765	10.387534
766	10.387534
767	10.387534
768	10.387534
769	10.459444
770	10.459444
771	10.459444
772	10.459444
773	10.459444
774	10.459444
775	10.459444
776	10.459444
777	10.459444
778	10.459444
779	10.459444
780	10.464021
781	10.459444
782	10.459444
783	10.459444
784	10.459444
785	10.459444
786	10.459444
787	10.500562
788	10.520888
789	10.520888
790	10.520888
791	10.520888
792	10.520888
793	10.520888
794	10.520888
795	10.520888
796	10.520888
797	10.520888
798	10.520888
799	10.520888
800	10.520888
801	10.520888
802	10.520888
803	10.520888
804	10.569537
805	10.569537
806	10.569537
807	10.569537
808	10.569537
809	10.569537
810	10.569537
811	10.569537
812	10.569537
813	10.528419
814	10.528419
815	10.528419
816	10.528419
817	10.528419
818	10.528419
819	10.528419
820	10.528419
821	10.528419
822	10.528419
823	10.528419
824	10.528419
825	10.480659
826	10.480659
827	10.480659
828	10.480659
829	10.480659
830	10.480659
831	10.480659
832	10.480659
833	10.488921
834	10.488921
835	10.488921
836	10.488921
837	10.488921
838	10.488921
839	10.530039
840	10.530039
841	10.530039
842	10.530039
843	10.530039
844	10.530039
845	10.530039
846	10.530039
847	10.530039
848	10.530039
849	10.530039
850	10.530039
851	10.530039
852	10.530039
853	10.530039
854	10.530039
855	10.530039
856	10.530039
857	10.530039
858	10.530039
859	10.530039
860	10.530039
861	10.530039
862	10.530039
863	10.530039
864	10.530039
865	10.557872
866	10.557872
867	10.557872
868	10.557872
869	10.557872
870	10.557872
871	10.557872
872	10.557872
873	10.557872
874	10.557872
875	10.557872
876	10.557872
877	10.557872
878	10.557872
879	10.557872
880	10.557872
881	10.557872
882	10.557872
883	10.557872
884	10.557872
885	10.557872
886	10.557872
887	10.557872
888	10.557872
889	10.557872
890	10.557872
891	10.557872
892	10.557872
893	10.557872
894	10.557872
895	10.557872
896	10.557872
897	10.557872
898	10.557872
899	10.557872
900	10.557872
901	10.557872
902	10.557872
903	10.557872
904	10.551232
905	10.551232
906	10.53262
907	10.53262
908	10.53262
909	10.53262
910	10.53262
911	10.53262
912	10.53262
913	10.53262
914	10.53262
915	10.53262
916	10.53262
917	10.53262
918	10.53262
919	10.53262
920	10.53262
921	10.53262
922	10.53262
923	10.53262
924	10.53262
925	10.562868
926	10.571624
927	10.571624
928	10.571624
929	10.571624
930	10.571624
931	10.571624
932	10.571624
933	10.571624
934	10.571624
935	10.571624
936	10.571624
937	10.571624
938	10.571624
939	10.571624
940	10.571624
941	10.571624
942	10.571624
943	10.571624
944	10.571624
945	10.571624
946	10.571624
947	10.571624
948	10.603663
949	10.603663
950	10.603663
951	10.603663
952	10.603663
953	10.603663
954	10.603663
955	10.603663
956	10.603663
957	10.603663
958	10.603663
959	10.603663
960	10.603663
961	10.603663
962	10.603663
963	10.603663
964	10.603663
965	10.603663
966	10.603663
967	10.603663
968	10.603663
969	10.603663
970	10.603663
971	10.603663
972	10.603663
973	10.603663
974	10.603663
975	10.603663
976	10.603663
977	10.603663
978	10.603663
979	10.603663
980	10.603663
981	10.603663
982	10.603663
983	10.603663
984	10.603663
985	10.603663
986	10.603663
987	10.603663
988	10.603663
989	10.603663
990	10.603663
991	10.603663
992	10.603663
993	10.603663
994	10.603663
995	10.603663
996	10.603663
997	10.603663
998	10.603663
999	10.603663
1000	10.603663
1001	10.603663
1002	10.603663
1003	10.603663
1004	10.603663
1005	10.666945
1006	10.666945
1007	10.666945
1008	10.666945
1009	10.666945
1010	10.666945
1011	10.666945
1012	10.666945
1013	10.666945
1014	10.666945
1015	10.666945
1016	10.666945
1017	10.666945
1018	10.666945
1019	10.666945
1020	10.666945
1021	10.671721
1022	10.671721
1023	10.671721
1024	10.671721
1025	10.671721
1026	10.671721
1027	10.671721
1028	10.671721
1029	10.671721
1030	10.671721
1031	10.671721
1032	10.671721
1033	10.671721
1034	10.671721
1035	10.671721
1036	10.671721
1037	10.671721
1038	10.671721
1039	10.671721
1040	10.671721
1041	10.671721
1042	10.671721
1043	10.671721
1044	10.671721
1045	10.671721
1046	10.671721
1047	10.671721
1048	10.671721
1049	10.671721
1050	10.671721
1051	10.671721
1052	10.671721
1053	10.671721
1054	10.671721
1055	10.671721
1056	10.671721
1057	10.671721
1058	10.671721
1059	10.671721
1060	10.671721
1061	10.671721
1062	10.712715
1063	10.712715
1064	10.712715
1065	10.712715
1066	10.712715
1067	10.712715
1068	10.712715
1069	10.712715
1070	10.712715
1071	10.712715
1072	10.712715
1073	10.712715
1074	10.712715
1075	10.712715
1076	10.712715
1077	10.712715
1078	10.712715
1079	10.712715
1080	10.712715
1081	10.712715
1082	10.712715
1083	10.712715
1084	10.712715
1085	10.712715
1086	10.712715
1087	10.712715
1088	10.712715
1089	10.712715
1090	10.712715
1091	10.712715
1092	10.712715
1093	10.712715
1094	10.712715
1095	10.712715
1096	10.712715
1097	10.712715
1098	10.712715
1099	10.712715
1100	10.712715
1101	10.712715
1102	10.712715
1103	10.712715
1104	10.712715
1105	10.712715
1106	10.712715
1107	10.712715
1108	10.712715
1109	10.712715
1110	10.712715
1111	10.712715
1112	10.712715
1113	10.712715
1114	10.712715
1115	10.712715
1116	10.712715
1117	10.712715
1118	10.712715
1119	10.712715
1120	10.712715
1121	10.712715
1122	10.712715
1123	10.712715
1124	10.712715
1125	10.712715
1126	10.712715
1127	10.712715
1128	10.712715
1129	10.712715
1130	10.712715
1131	10.712715
1132	10.712715
1133	10.712715
1134	10.712715
1135	10.712715
1136	10.712715
1137	10.712715
1138	10.712715
1139	10.712715
1140	10.712715
1141	10.712715
1142	10.712715
1143	10.712715
1144	10.712715
1145	10.712715
1146	10.712715
1147	10.712715
1148	10.712715
1149	10.712715
1150	10.712715
1151	10.712715
1152	10.712715
1153	10.712715
1154	10.712715
1155	10.712715
1156	10.712715
1157	10.712715
1158	10.712715
1159	10.712715
1160	10.712715
1161	10.712715
1162	10.712715
1163	10.712715
1164	10.712715
1165	10.712715
1166	10.712715
1167	10.712715
1168	10.712715
1169	10.712715
1170	10.712715
1171	10.712715
1172	10.712715
1173	10.712715
1174	10.712715
1175	10.712715
1176	10.712715
1177	10.712715
1178	10.712715
1179	10.712715
1180	10.687243
1181	10.687243
1182	10.687243
1183	10.687243
1184	10.687243
1185	10.687243
1186	10.687243
1187	10.687243
1188	10.687243
1189	10.687243
1190	10.687243
1191	10.687243
1192	10.687243
1193	10.687243
1194	10.687243
1195	10.687243
1196	10.687243
1197	10.687243
1198	10.687243
1199	10.687243
1200	10.687243
1201	10.687243
1202	10.687243
1203	10.687243
1204	10.687243
1205	10.687243
1206	10.687243
1207	10.687243
1208	10.687243
1209	10.687243
1210	10.687243
1211	10.687243
1212	10.687243
1213	10.687243
1214	10.687243
1215	10.687243
1216	10.687243
1217	10.693883
1218	10.693883
1219	10.693883
1220	10.693883
1221	10.693883
1222	10.693883
1223	10.693883
1224	10.693883
1225	10.693883
1226	10.693883
1227	10.693883
1228	10.693883
1229	10.693883
1230	10.693883
1231	10.673985
1232	10.673985
1233	10.673985
1234	10.673985
1235	10.673985
1236	10.673985
1237	10.673985
1238	10.673985
1239	10.673985
1240	10.673985
1241	10.673985
1242	10.673985
1243	10.673985
1244	10.673985
1245	10.673985
1246	10.682247
1247	10.682247
1248	10.682247
1249	10.682247
1250	10.682247
1251	10.682247
1252	10.682247
1253	10.682247
1254	10.682247
1255	10.682247
1256	10.682247
1257	10.682247
1258	10.682247
1259	10.682247
1260	10.682247
1261	10.682247
1262	10.682247
1263	10.682247
1264	10.682247
1265	10.682247
1266	10.682247
1267	10.682247
1268	10.682247
1269	10.690605
1270	10.690605
1271	10.690605
1272	10.690605
1273	10.690605
1274	10.690605
1275	10.690605
1276	10.690605
1277	10.690605
1278	10.690605
1279	10.690605
1280	10.690605
1281	10.690605
1282	10.690605
1283	10.690605
1284	10.690605
1285	10.690605
1286	10.690605
1287	10.690605
1288	10.690605
1289	10.690605
1290	10.690605
1291	10.690605
1292	10.690605
1293	10.690605
1294	10.690605
1295	10.690605
1296	10.690605
1297	10.690605
1298	10.690605
1299	10.690605
1300	10.690605
1301	10.690605
1302	10.690605
1303	10.690605
1304	10.690605
1305	10.690605
1306	10.690605
1307	10.690605
1308	10.690605
1309	10.690605
1310	10.690605
1311	10.690605
1312	10.690605
1313	10.690605
1314	10.690605
1315	10.690605
1316	10.690605
1317	10.690605
1318	10.690605
1319	10.690605
1320	10.690605
1321	10.690605
1322	10.690605
1323	10.690605
1324	10.690605
1325	10.690605
1326	10.690605
1327	10.690605
1328	10.690605
1329	10.690605
1330	10.690605
1331	10.690605
1332	10.690605
1333	10.690605
1334	10.690605
1335	10.690605
1336	10.690605
1337	10.690605
1338	10.690605
1339	10.690605
1340	10.690605
1341	10.690605
1342	10.690605
1343	10.690605
1344	10.690605
1345	10.690605
1346	10.690605
1347	10.690605
1348	10.690605
1349	10.690605
1350	10.690605
1351	10.690605
1352	10.690605
1353	10.690605
1354	10.690605
1355	10.690605
1356	10.690605
1357	10.690605
1358	10.690605
1359	10.690605
1360	10.690605
1361	10.690605
1362	10.690605
1363	10.690605
1364	10.690605
1365	10.690605
1366	10.690605
1367	10.690605
1368	10.690605
1369	10.690605
1370	10.690605
1371	10.690605
1372	10.690605
1373	10.690605
1374	10.690605
1375	10.690605
1376	10.690605
1377	10.690605
1378	10.690605
1379	10.690605
1380	10.690605
1381	10.690605
1382	10.690605
1383	10.690605
1384	10.690605
1385	10.690605
1386	10.690605
1387	10.690605
1388	10.690605
1389	10.690605
1390	10.690605
1391	10.690605
1392	10.690605
1393	10.690605
1394	10.690605
1395	10.690605
1396	10.690605
1397	10.690605
1398	10.690605
1399	10.690605
1400	10.690605
1401	10.690605
1402	10.690605
1403	10.690605
1404	10.690605
1405	10.690605
1406	10.690605
1407	10.690605
1408	10.690605
1409	10.690605
1410	10.690605
1411	10.690605
1412	10.690605
1413	10.690605
1414	10.690605
1415	10.690605
1416	10.690605
1417	10.690605
1418	10.690605
1419	10.690605
1420	10.690605
1421	10.690605
1422	10.690605
1423	10.690605
1424	10.690605
1425	10.690605
1426	10.690605
1427	10.690605
1428	10.690605
1429	10.690605
1430	10.690605
1431	10.690605
1432	10.690605
1433	10.690605
1434	10.690605
1435	10.690605
1436	10.690605
1437	10.690605
1438	10.690605
1439	10.690605
1440	10.690605
1441	10.690605
1442	10.690605
1443	10.690605
1444	10.690605
1445	10.690605
1446	10.690605
1447	10.690605
1448	10.690605
1449	10.690605
1450	10.690605
1451	10.690605
1452	10.690605
1453	10.690605
1454	10.690605
1455	10.690605
1456	10.690605
1457	10.690605
1458	10.690605
1459	10.690605
1460	10.690605
1461	10.690605
1462	10.690605
1463	10.690605
1464	10.690605
1465	10.690605
1466	10.690605
1467	10.690605
1468	10.690605
1469	10.690605
1470	10.690605
1471	10.690605
1472	10.690605
1473	10.690605
1474	10.690605
1475	10.690605
1476	10.690605
1477	10.690605
1478	10.690605
1479	10.690605
1480	10.690605
1481	10.690605
1482	10.690605
1483	10.690605
1484	10.690605
1485	10.690605
1486	10.690605
1487	10.690605
1488	10.690605
1489	10.690605
1490	10.690605
1491	10.690605
1492	10.690605
1493	10.690605
1494	10.690605
1495	10.690605
1496	10.690605
1497	10.690605
1498	10.690605
1499	10.690605
1500	10.690605
1501	10.690605
1502	10.690605
1503	10.690605
1504	10.690605
1505	10.690605
1506	10.690605
1507	10.690605
1508	10.690605
1509	10.690605
1510	10.690605
1511	10.690605
1512	10.690605
1513	10.690605
1514	10.690605
1515	10.690605
1516	10.690605
1517	10.690605
1518	10.690605
1519	10.690605
1520	10.690605
1521	10.690605
1522	10.690605
1523	10.690605
1524	10.690605
1525	10.690605
1526	10.690605
1527	10.690605
1528	10.690605
1529	10.690605
1530	10.690605
1531	10.690605
1532	10.690605
1533	10.690605
1534	10.690605
1535	10.690605
1536	10.690605
1537	10.690605
1538	10.690605
1539	10.690605
1540	10.690605
1541	10.690605
1542	10.690605
1543	10.690605
1544	10.690605
1545	10.690605
1546	10.690605
1547	10.690605
1548	10.690605
1549	10.690605
1550	10.690605
1551	10.690605
1552	10.690605
1553	10.690605
1554	10.690605
1555	10.690605
1556	10.690605
1557	10.690605
1558	10.690605
1559	10.690605
1560	10.690605
1561	10.690605
1562	10.690605
1563	10.690605
1564	10.690605
1565	10.690605
1566	10.690605
1567	10.690605
1568	10.690605
1569	10.690605
1570	10.690605
1571	10.690605
1572	10.690605
1573	10.690605
1574	10.690605
1575	10.690605
1576	10.690605
1577	10.690605
1578	10.690605
1579	10.690605
1580	10.690605
1581	10.690605
1582	10.690605
1583	10.690605
1584	10.690605
1585	10.690605
1586	10.690605
1587	10.690605
1588	10.690605
1589	10.690605
1590	10.690605
1591	10.690605
1592	10.690605
1593	10.690605
1594	10.690605
1595	10.690605
1596	10.690605
1597	10.690605
1598	10.690605
1599	10.690605
1600	10.690605
1601	10.690605
1602	10.690605
1603	10.690605
1604	10.690605
1605	10.690605
1606	10.690605
1607	10.690605
1608	10.690605
1609	10.690605
1610	10.690605
1611	10.690605
1612	10.690605
1613	10.690605
1614	10.690605
1615	10.690605
1616	10.690605
1617	10.690605
1618	10.690605
1619	10.690605
1620	10.690605
1621	10.690605
1622	10.690605
1623	10.690605
1624	10.690605
1625	10.690605
1626	10.690605
1627	10.690605
1628	10.690605
1629	10.690605
1630	10.690605
1631	10.690605
1632	10.690605
1633	10.690605
1634	10.690605
1635	10.690605
1636	10.690605
1637	10.690605
1638	10.690605
1639	10.690605
1640	10.690605
1641	10.690605
1642	10.690605
1643	10.690605
1644	10.690605
1645	10.690605
1646	10.690605
1647	10.690605
1648	10.690605
1649	10.690605
1650	10.690605
1651	10.690605
1652	10.690605
1653	10.690605
1654	10.690605
1655	10.690605
1656	10.690605
1657	10.690605
1658	10.690605
1659	10.690605
1660	10.690605
1661	10.690605
1662	10.690605
1663	10.690605
1664	10.690605
1665	10.690605
1666	10.690605
1667	10.690605
1668	10.690605
1669	10.690605
1670	10.690605
1671	10.690605
1672	10.690605
1673	10.690605
1674	10.690605
1675	10.690605
1676	10.690605
1677	10.690605
1678	10.690605
1679	10.690605
1680	10.690605
1681	10.690605
1682	10.690605
1683	10.690605
1684	10.690605
1685	10.690605
1686	10.690605
1687	10.690605
1688	10.690605
1689	10.690605
1690	10.690605
1691	10.690605
1692	10.690605
1693	10.690605
1694	10.690605
1695	10.690605
1696	10.690605
1697	10.690605
1698	10.690605
1699	10.690605
1700	10.690605
1701	10.690605
1702	10.690605
1703	10.690605
1704	10.690605
1705	10.690605
1706	10.690605
1707	10.690605
1708	10.690605
1709	10.690605
1710	10.690605
1711	10.690605
1712	10.690605
1713	10.690605
1714	10.690605
1715	10.690605
1716	10.690605
1717	10.690605
1718	10.690605
1719	10.690605
1720	10.690605
1721	10.690605
1722	10.690605
1723	10.690605
1724	10.690605
1725	10.690605
1726	10.690605
1727	10.690605
1728	10.690605
1729	10.690605
1730	10.690605
1731	10.690605
1732	10.690605
1733	10.690605
1734	10.690605
1735	10.690605
1736	10.690605
1737	10.690605
1738	10.690605
1739	10.690605
1740	10.690605
1741	10.690605
1742	10.690605
1743	10.690605
1744	10.690605
1745	10.690605
1746	10.690605
1747	10.690605
1748	10.690605
1749	10.690605
1750	10.690605
1751	10.690605
1752	10.690605
1753	10.690605
1754	10.690605
1755	10.690605
1756	10.690605
1757	10.690605
1758	10.690605
1759	10.690605
1760	10.690605
1761	10.690605
1762	10.690605
1763	10.690605
1764	10.690605
1765	10.690605
1766	10.690605
1767	10.690605
1768	10.690605
1769	10.690605
1770	10.690605
1771	10.690605
1772	10.690605
1773	10.690605
1774	10.690605
1775	10.690605
1776	10.690605
1777	10.690605
1778	10.690605
1779	10.690605
1780	10.690605
1781	10.690605
1782	10.690605
1783	10.690605
1784	10.690605
1785	10.690605
1786	10.690605
1787	10.690605
1788	10.690605
1789	10.690605
1790	10.690605
1791	10.690605
1792	10.690605
1793	10.690605
1794	10.690605
1795	10.690605
1796	10.690605
1797	10.707719
1798	10.707719
1799	10.707719
1800	10.707719
1801	10.707719
1802	10.707719
1803	10.707719
1804	10.707719
1805	10.707719
1806	10.707719
1807	10.707719
1808	10.707719
1809	10.707719
1810	10.707719
1811	10.707719
1812	10.707719
1813	10.707719
1814	10.707719
1815	10.707719
1816	10.707719
1817	10.707719
1818	10.707719
1819	10.707719
1820	10.707719
1821	10.707719
1822	10.707719
1823	10.707719
1824	10.707719
1825	10.707719
1826	10.707719
1827	10.707719
1828	10.707719
1829	10.707719
1830	10.707719
1831	10.707719
1832	10.707719
1833	10.707719
1834	10.707719
1835	10.707719
1836	10.707719
1837	10.707719
1838	10.707719
1839	10.707719
1840	10.707719
1841	10.707719
1842	10.707719
1843	10.707719
1844	10.707719
1845	10.707719
1846	10.707719
1847	10.707719
1848	10.707719
1849	10.707719
1850	10.707719
1851	10.707719
1852	10.707719
1853	10.707719
1854	10.707719
1855	10.707719
1856	10.707719
1857	10.707719
1858	10.707719
1859	10.707719
1860	10.707719
1861	10.707719
1862	10.707719
1863	10.707719
1864	10.707719
1865	10.707719
1866	10.707719
1867	10.707719
1868	10.707719
1869	10.707719
1870	10.707719
1871	10.707719
1872	10.707719
1873	10.707719
1874	10.707719
1875	10.707719
1876	10.707719
1877	10.707719
1878	10.707719
1879	10.707719
1880	10.707719
1881	10.707719
1882	10.707719
1883	10.707719
1884	10.707719
1885	10.707719
1886	10.707719
1887	10.707719
1888	10.707719
1889	10.707719
1890	10.707719
1891	10.707719
1892	10.707719
1893	10.707719
1894	10.707719
1895	10.707719
1896	10.707719
1897	10.707719
1898	10.707719
1899	10.707719
1900	10.707719
1901	10.707719
1902	10.707719
1903	10.707719
1904	10.707719
1905	10.707719
1906	10.707719
1907	10.707719
1908	10.707719
1909	10.707719
1910	10.707719
1911	10.707719
1912	10.707719
1913	10.707719
1914	10.707719
1915	10.707719
1916	10.707719
1917	10.707719
1918	10.707719
1919	10.707719
1920	10.707719
1921	10.707719
1922	10.707719
1923	10.707719
1924	10.707719
1925	10.707719
1926	10.707719
1927	10.707719
1928	10.707719
1929	10.707719
1930	10.707719
1931	10.707719
1932	10.707719
1933	10.707719
1934	10.707719
1935	10.707719
1936	10.707719
1937	10.707719
1938	10.707719
1939	10.707719
1940	10.707719
1941	10.707719
1942	10.707719
1943	10.707719
1944	10.707719
1945	10.707719
1946	10.707719
1947	10.707719
1948	10.707719
1949	10.707719
1950	10.707719
1951	10.707719
1952	10.707719
1953	10.707719
1954	10.707719
1955	10.707719
1956	10.707719
1957	10.707719
1958	10.707719
1959	10.707719
1960	10.707719
1961	10.707719
1962	10.707719
1963	10.707719
1964	10.707719
1965	10.707719
1966	10.707719
1967	10.707719
1968	10.707719
1969	10.707719
1970	10.707719
1971	10.707719
1972	10.707719
1973	10.707719
1974	10.707719
1975	10.707719
1976	10.707719
1977	10.707719
1978	10.707719
1979	10.707719
1980	10.707719
1981	10.707719
1982	10.707719
1983	10.707719
1984	10.707719
1985	10.707719
1986	10.707719
1987	10.707719
1988	10.707719
1989	10.707719
1990	10.707719
1991	10.707719
1992	10.707719
1993	10.707719
1994	10.707719
1995	10.707719
1996	10.707719
1997	10.707719
1998	10.707719
1999	10.707719
2000	10.707719
2001	10.707719
2002	10.707719
2003	10.707719
2004	10.707719
2005	10.707719
2006	10.707719
2007	10.707719
2008	10.707719
2009	10.707719
2010	10.707719
2011	10.707719
2012	10.707719
2013	10.707719
2014	10.707719
2015	10.707719
2016	10.707719
2017	10.707719
2018	10.707719
2019	10.707719
2020	10.707719
2021	10.707719
2022	10.707719
2023	10.707719
2024	10.707719
2025	10.707719
2026	10.707719
2027	10.707719
2028	10.707719
2029	10.707719
2030	10.707719
2031	10.707719
2032	10.707719
2033	10.707719
2034	10.707719
2035	10.707719
2036	10.707719
2037	10.707719
2038	10.707719
2039	10.707719
2040	10.707719
2041	10.707719
2042	10.707719
2043	10.707719
2044	10.707719
2045	10.707719
2046	10.707719
2047	10.707719
2048	10.707719
2049	10.707719
2050	10.707719
2051	10.707719
2052	10.707719
2053	10.707719
2054	10.707719
2055	10.707719
2056	10.707719
2057	10.707719
2058	10.707719
2059	10.707719
2060	10.707719
2061	10.707719
2062	10.707719
2063	10.707719
2064	10.707719
2065	10.707719
2066	10.707719
2067	10.707719
2068	10.707719
2069	10.707719
2070	10.707719
2071	10.707719
2072	10.707719
2073	10.707719
2074	10.707719
2075	10.707719
2076	10.707719
2077	10.707719
2078	10.707719
2079	10.707719
2080	10.707719
2081	10.707719
2082	10.707719
2083	10.707719
2084	10.707719
2085	10.707719
2086	10.707719
2087	10.707719
2088	10.707719
2089	10.707719
2090	10.707719
2091	10.707719
2092	10.707719
2093	10.707719
2094	10.707719
2095	10.707719
2096	10.707719
2097	10.707719
2098	10.707719
2099	10.707719
2100	10.707719
2101	10.707719
2102	10.707719
2103	10.707719
2104	10.707719
2105	10.707719
2106	10.707719
2107	10.707719
2108	10.707719
2109	10.707719
2110	10.707719
2111	10.707719
2112	10.707719
2113	10.707719
2114	10.719355
2115	10.719355
2116	10.719355
2117	10.719355
2118	10.719355
2119	10.719355
2120	10.719355
2121	10.719355
2122	10.719355
2123	10.719355
2124	10.719355
2125	10.719355
2126	10.719355
2127	10.719355
2128	10.719355
2129	10.719355
2130	10.719355
2131	10.719355
2132	10.719355
2133	10.719355
2134	10.719355
2135	10.719355
2136	10.719355
2137	10.719355
2138	10.719355
2139	10.719355
2140	10.719355
2141	10.719355
2142	10.719355
2143	10.719355
2144	10.719355
2145	10.719355
2146	10.719355
2147	10.719355
2148	10.719355
2149	10.719355
2150	10.719355
2151	10.719355
2152	10.719355
2153	10.719355
2154	10.719355
2155	10.719355
2156	10.719355
2157	10.719355
2158	10.719355
2159	10.719355
2160	10.719355
2161	10.719355
2162	10.719355
2163	10.719355
2164	10.719355
2165	10.719355
2166	10.719355
2167	10.719355
2168	10.719355
2169	10.719355
2170	10.719355
2171	10.719355
2172	10.719355
2173	10.719355
2174	10.719355
2175	10.719355
2176	10.719355
2177	10.719355
2178	10.719355
2179	10.719355
2180	10.719355
2181	10.719355
2182	10.719355
2183	10.719355
2184	10.719355
2185	10.719355
2186	10.719355
2187	10.719355
2188	10.719355
2189	10.719355
2190	10.719355
2191	10.719355
2192	10.719355
2193	10.719355
2194	10.719355
2195	10.719355
2196	10.719355
2197	10.719355
2198	10.719355
2199	10.719355
2200	10.719355
2201	10.719355
2202	10.719355
2203	10.719355
2204	10.719355
2205	10.719355
2206	10.719355
2207	10.719355
2208	10.719355
2209	10.719355
2210	10.719355
2211	10.719355
2212	10.719355
2213	10.719355
2214	10.719355
2215	10.719355
2216	10.719355
2217	10.719355
2218	10.719355
2219	10.719355
2220	10.719355
2221	10.719355
2222	10.719355
2223	10.719355
2224	10.719355
2225	10.719355
2226	10.719355
2227	10.719355
2228	10.719355
2229	10.719355
2230	10.719355
2231	10.719355
2232	10.719355
2233	10.719355
2234	10.719355
2235	10.719355
2236	10.719355
2237	10.719355
2238	10.719355
2239	10.719355
2240	10.719355
2241	10.719355
2242	10.719355
2243	10.719355
2244	10.719355
2245	10.719355
2246	10.719355
2247	10.719355
2248	10.719355
2249	10.719355
2250	10.719355
2251	10.719355
2252	10.719355
2253	10.719355
2254	10.719355
2255	10.719355
2256	10.719355
2257	10.719355
2258	10.719355
2259	10.719355
2260	10.719355
2261	10.719355
2262	10.719355
2263	10.719355
2264	10.719355
2265	10.719355
2266	10.719355
2267	10.719355
2268	10.719355
2269	10.719355
2270	10.719355
2271	10.719355
2272	10.719355
2273	10.719355
2274	10.719355
2275	10.719355
2276	10.719355
2277	10.719355
2278	10.719355
2279	10.719355
2280	10.719355
2281	10.719355
2282	10.719355
2283	10.719355
2284	10.719355
2285	10.719355
2286	10.719355
2287	10.719355
2288	10.719355
2289	10.719355
2290	10.719355
2291	10.719355
2292	10.719355
2293	10.719355
2294	10.719355
2295	10.719355
2296	10.719355
2297	10.719355
2298	10.719355
2299	10.719355
2300	10.719355
2301	10.719355
2302	10.719355
2303	10.719355
2304	10.719355
2305	10.719355
2306	10.719355
2307	10.719355
2308	10.719355
2309	10.719355
2310	10.719355
2311	10.719355
2312	10.719355
2313	10.719355
2314	10.719355
2315	10.719355
2316	10.719355
2317	10.719355
2318	10.719355
2319	10.719355
2320	10.719355
2321	10.719355
2322	10.719355
2323	10.719355
2324	10.719355
2325	10.719355
2326	10.719355
2327	10.719355
2328	10.719355
2329	10.719355
2330	10.719355
2331	10.719355
2332	10.719355
2333	10.719355
2334	10.719355
2335	10.719355
2336	10.719355
2337	10.719355
2338	10.719355
2339	10.719355
2340	10.719355
2341	10.719355
2342	10.719355
2343	10.719355
2344	10.719355
2345	10.719355
2346	10.719355
2347	10.719355
2348	10.719355
2349	10.719355
2350	10.719355
2351	10.719355
2352	10.719355
2353	10.719355
2354	10.719355
2355	10.719355
2356	10.719355
2357	10.719355
2358	10.719355
2359	10.719355
2360	10.719355
2361	10.719355
2362	10.719355
2363	10.719355
2364	10.719355
2365	10.719355
2366	10.719355
2367	10.719355
2368	10.719355
2369	10.719355
2370	10.719355
2371	10.719355
2372	10.719355
2373	10.719355
2374	10.719355
2375	10.719355
2376	10.719355
2377	10.719355
2378	10.719355
2379	10.719355
2380	10.719355
2381	10.719355
2382	10.719355
2383	10.719355
2384	10.719355
2385	10.719355
2386	10.719355
2387	10.719355
2388	10.719355
2389	10.719355
2390	10.719355
2391	10.719355
2392	10.719355
2393	10.719355
2394	10.719355
2395	10.719355
2396	10.719355
2397	10.719355
2398	10.719355
2399	10.719355
2400	10.719355
2401	10.719355
2402	10.719355
2403	10.719355
2404	10.719355
2405	10.719355
2406	10.719355
2407	10.719355
2408	10.719355
2409	10.719355
2410	10.719355
2411	10.719355
2412	10.719355
2413	10.719355
2414	10.719355
2415	10.719355
2416	10.719355
2417	10.719355
2418	10.719355
2419	10.719355
2420	10.719355
2421	10.719355
2422	10.719355
2423	10.719355
2424	10.719355
2425	10.719355
2426	10.719355
2427	10.719355
2428	10.719355
2429	10.719355
2430	10.719355
2431	10.719355
2432	10.719355
2433	10.719355
2434	10.719355
2435	10.719355
2436	10.719355
2437	10.719355
2438	10.719355
2439	10.719355
2440	10.719355
2441	10.719355
2442	10.719355
2443	10.719355
2444	10.719355
2445	10.719355
2446	10.719355
2447	10.719355
2448	10.719355
2449	10.719355
2450	10.719355
2451	10.719355
2452	10.719355
2453	10.719355
2454	10.719355
2455	10.719355
2456	10.719355
2457	10.719355
2458	10.719355
2459	10.719355
2460	10.719355
2461	10.719355
2462	10.719355
2463	10.719355
2464	10.719355
2465	10.719355
2466	10.719355
2467	10.719355
2468	10.719355
2469	10.719355
2470	10.719355
2471	10.719355
2472	10.719355
2473	10.719355
2474	10.719355
2475	10.719355
2476	10.719355
2477	10.719355
2478	10.719355
2479	10.719355
2480	10.719355
2481	10.719355
2482	10.719355
2483	10.719355
2484	10.719355
2485	10.719355
2486	10.719355
2487	10.719355
2488	10.719355
2489	10.719355
2490	10.719355
2491	10.719355
2492	10.719355
2493	10.719355
2494	10.719355
2495	10.719355
2496	10.719355
2497	10.719355
2498	10.719355
2499	10.719355
2500	10.719355
2501	10.719355
2502	10.719355
2503	10.719355
2504	10.719355
2505	10.719355
2506	10.719355
2507	10.719355
2508	10.719355
2509	10.719355
2510	10.719355
2511	10.719355
2512	10.719355
2513	10.719355
2514	10.719355
2515	10.719355
2516	10.719355
2517	10.719355
2518	10.719355
2519	10.719355
2520	10.719355
2521	10.719355
2522	10.719355
2523	10.719355
2524	10.719355
2525	10.719355
2526	10.719355
2527	10.719355
2528	10.719355
2529	10.719355
2530	10.719355
2531	10.719355
2532	10.719355
2533	10.719355
2534	10.719355
2535	10.719355
2536	10.719355
2537	10.719355
2538	10.719355
2539	10.719355
2540	10.719355
2541	10.719355
2542	10.719355
2543	10.719355
2544	10.719355
2545	10.719355
2546	10.719355
2547	10.719355
2548	10.719355
2549	10.719355
2550	10.719355
2551	10.719355
2552	10.719355
2553	10.719355
2554	10.719355
2555	10.719355
2556	10.719355
2557	10.719355
2558	10.719355
2559	10.719355
2560	10.719355
2561	10.719355
2562	10.719355
2563	10.719355
2564	10.719355
2565	10.719355
2566	10.719355
2567	10.719355
2568	10.719355
2569	10.719355
2570	10.719355
2571	10.719355
2572	10.719355
2573	10.719355
2574	10.719355
2575	10.719355
2576	10.719355
2577	10.719355
2578	10.719355
2579	10.719355
2580	10.719355
2581	10.719355
2582	10.719355
2583	10.719355
2584	10.719355
2585	10.719355
2586	10.719355
2587	10.719355
2588	10.719355
2589	10.719355
2590	10.719355
2591	10.719355
2592	10.719355
2593	10.719355
2594	10.719355
2595	10.719355
2596	10.719355
2597	10.719355
2598	10.719355
2599	10.719355
2600	10.719355
2601	10.719355
2602	10.719355
2603	10.719355
2604	10.719355
2605	10.719355
2606	10.719355
2607	10.719355
2608	10.719355
2609	10.719355
2610	10.719355
2611	10.719355
2612	10.719355
2613	10.719355
2614	10.719355
2615	10.719355
2616	10.719355
2617	10.719355
2618	10.719355
2619	10.719355
2620	10.719355
2621	10.719355
2622	10.719355
2623	10.719355
2624	10.719355
2625	10.719355
2626	10.719355
2627	10.719355
2628	10.719355
2629	10.719355
2630	10.719355
2631	10.719355
2632	10.719355
2633	10.719355
2634	10.719355
2635	10.719355
2636	10.719355
2637	10.719355
2638	10.719355
2639	10.719355
2640	10.719355
2641	10.719355
2642	10.719355
2643	10.719355
2644	10.719355
2645	10.719355
2646	10.719355
2647	10.719355
2648	10.719355
2649	10.719355
2650	10.719355
2651	10.719355
2652	10.719355
2653	10.719355
2654	10.719355
2655	10.719355
2656	10.719355
2657	10.719355
2658	10.719355
2659	10.719355
2660	10.719355
2661	10.719355
2662	10.719355
2663	10.719355
2664	10.719355
2665	10.719355
2666	10.719355
2667	10.719355
2668	10.719355
2669	10.719355
2670	10.719355
2671	10.719355
2672	10.719355
2673	10.719355
2674	10.719355
2675	10.719355
2676	10.719355
2677	10.719355
2678	10.719355
2679	10.719355
2680	10.719355
2681	10.719355
2682	10.719355
2683	10.719355
2684	10.719355
2685	10.719355
2686	10.719355
2687	10.719355
2688	10.719355
2689	10.719355
2690	10.719355
2691	10.719355
2692	10.719355
2693	10.719355
2694	10.719355
2695	10.719355
2696	10.719355
2697	10.719355
2698	10.719355
2699	10.719355
2700	10.719355
2701	10.719355
2702	10.719355
2703	10.719355
2704	10.719355
2705	10.719355
2706	10.719355
2707	10.719355
2708	10.719355
2709	10.719355
2710	10.719355
2711	10.719355
2712	10.719355
2713	10.719355
2714	10.719355
2715	10.719355
2716	10.719355
2717	10.719355
2718	10.719355
2719	10.719355
2720	10.719355
2721	10.719355
2722	10.719355
2723	10.719355
2724	10.719355
2725	10.719355
2726	10.719355
2727	10.719355
2728	10.719355
2729	10.719355
2730	10.719355
2731	10.719355
2732	10.719355
2733	10.719355
2734	10.719355
2735	10.719355
2736	10.719355
2737	10.719355
2738	10.719355
2739	10.719355
2740	10.719355
2741	10.719355
2742	10.719355
2743	10.719355
2744	10.719355
2745	10.719355
2746	10.719355
2747	10.719355
2748	10.719355
2749	10.719355
2750	10.719355
2751	10.719355
2752	10.719355
2753	10.719355
2754	10.719355
2755	10.719355
2756	10.719355
2757	10.719355
2758	10.719355
2759	10.719355
2760	10.719355
2761	10.719355
2762	10.719355
2763	10.719355
2764	10.719355
2765	10.719355
2766	10.719355
2767	10.719355
2768	10.719355
2769	10.719355
2770	10.719355
2771	10.719355
2772	10.719355
2773	10.719355
2774	10.719355
2775	10.719355
2776	10.719355
2777	10.719355
2778	10.719355
2779	10.719355
2780	10.719355
2781	10.719355
2782	10.719355
2783	10.719355
2784	10.719355
2785	10.719355
2786	10.719355
2787	10.719355
2788	10.719355
2789	10.719355
2790	10.719355
2791	10.719355
2792	10.719355
2793	10.719355
2794	10.719355
2795	10.719355
2796	10.719355
2797	10.719355
2798	10.719355
2799	10.719355
2800	10.719355
2801	10.719355
2802	10.719355
2803	10.719355
2804	10.719355
2805	10.719355
2806	10.719355
2807	10.719355
2808	10.719355
2809	10.719355
2810	10.719355
2811	10.719355
2812	10.719355
2813	10.719355
2814	10.719355
2815	10.719355
2816	10.719355
2817	10.719355
2818	10.719355
2819	10.719355
2820	10.719355
2821	10.719355
2822	10.719355
2823	10.719355
2824	10.719355
2825	10.719355
2826	10.719355
2827	10.719355
2828	10.719355
2829	10.719355
2830	10.719355
2831	10.719355
2832	10.719355
2833	10.719355
2834	10.719355
2835	10.719355
2836	10.719355
2837	10.719355
2838	10.719355
2839	10.719355
2840	10.719355
2841	10.719355
2842	10.719355
2843	10.719355
2844	10.719355
2845	10.719355
2846	10.719355
2847	10.719355
2848	10.719355
2849	10.719355
2850	10.719355
2851	10.719355
2852	10.719355
2853	10.719355
2854	10.719355
2855	10.719355
2856	10.719355
2857	10.719355
2858	10.719355
2859	10.719355
2860	10.719355
2861	10.719355
2862	10.719355
2863	10.719355
2864	10.719355
2865	10.719355
2866	10.719355
2867	10.719355
2868	10.719355
2869	10.719355
2870	10.719355
2871	10.719355
2872	10.719355
2873	10.719355
2874	10.719355
2875	10.719355
2876	10.719355
2877	10.719355
2878	10.719355
2879	10.719355
2880	10.719355
2881	10.719355
2882	10.719355
2883	10.719355
2884	10.719355
2885	10.719355
2886	10.719355
2887	10.719355
2888	10.719355
2889	10.719355
2890	10.719355
2891	10.719355
2892	10.719355
2893	10.719355
2894	10.719355
2895	10.719355
2896	10.719355
2897	10.719355
2898	10.719355
2899	10.719355
2900	10.719355
2901	10.719355
2902	10.719355
2903	10.719355
2904	10.719355
2905	10.719355
2906	10.719355
2907	10.719355
2908	10.719355
2909	10.719355
2910	10.719355
2911	10.719355
2912	10.719355
2913	10.719355
2914	10.719355
2915	10.719355
2916	10.719355
2917	10.719355
2918	10.719355
2919	10.719355
2920	10.719355
2921	10.719355
2922	10.719355
2923	10.719355
2924	10.719355
2925	10.719355
2926	10.719355
2927	10.719355
2928	10.719355
2929	10.719355
2930	10.719355
2931	10.719355
2932	10.719355
2933	10.719355
2934	10.719355
2935	10.719355
2936	10.719355
2937	10.719355
2938	10.719355
2939	10.719355
2940	10.719355
2941	10.719355
2942	10.719355
2943	10.719355
2944	10.719355
2945	10.719355
2946	10.719355
2947	10.719355
2948	10.719355
2949	10.719355
2950	10.719355
2951	10.719355
2952	10.719355
2953	10.719355
2954	10.719355
2955	10.719355
2956	10.719355
2957	10.719355
2958	10.719355
2959	10.719355
2960	10.719355
2961	10.719355
2962	10.719355
2963	10.719355
2964	10.719355
2965	10.719355
2966	10.719355
2967	10.719355
2968	10.719355
2969	10.719355
2970	10.719355
2971	10.719355
2972	10.719355
2973	10.719355
2974	10.719355
2975	10.719355
2976	10.719355
2977	10.719355
2978	10.719355
2979	10.719355
2980	10.719355
2981	10.719355
2982	10.719355
2983	10.719355
2984	10.719355
2985	10.719355
2986	10.719355
2987	10.719355
2988	10.719355
2989	10.719355
2990	10.719355
2991	10.719355
2992	10.719355
2993	10.719355
2994	10.719355
2995	10.719355
2996	10.719355
2997	10.719355
2998	10.719355
2999	10.719355
3000	10.719355
3001	10.719355
3002	10.719355
3003	10.719355
3004	10.719355
3005	10.719355
3006	10.719355
3007	10.719355
3008	10.719355
3009	10.719355
3010	10.719355
3011	10.719355
3012	10.719355
3013	10.719355
3014	10.719355
3015	10.719355
3016	10.719355
3017	10.719355
3018	10.719355
3019	10.719355
3020	10.719355
3021	10.719355
3022	10.719355
3023	10.719355
3024	10.719355
3025	10.719355
3026	10.719355
3027	10.719355
3028	10.719355
3029	10.719355
3030	10.719355
3031	10.719355
3032	10.719355
3033	10.719355
3034	10.719355
3035	10.719355
3036	10.719355
3037	10.719355
3038	10.719355
3039	10.719355
3040	10.719355
3041	10.719355
3042	10.719355
3043	10.719355
3044	10.719355
3045	10.719355
3046	10.719355
3047	10.719355
3048	10.719355
3049	10.719355
3050	10.719355
3051	10.719355
3052	10.719355
3053	10.719355
3054	10.719355
3055	10.719355
3056	10.719355
3057	10.719355
3058	10.719355
3059	10.719355
3060	10.719355
3061	10.719355
3062	10.719355
3063	10.719355
3064	10.719355
3065	10.719355
3066	10.719355
3067	10.719355
3068	10.719355
3069	10.719355
3070	10.719355
3071	10.719355
3072	10.719355
3073	10.719355
3074	10.719355
3075	10.719355
3076	10.719355
3077	10.719355
3078	10.719355
3079	10.719355
3080	10.719355
3081	10.719355
3082	10.719355
3083	10.719355
3084	10.719355
3085	10.719355
3086	10.719355
3087	10.719355
3088	10.719355
3089	10.719355
3090	10.719355
3091	10.719355
3092	10.719355
3093	10.719355
3094	10.719355
3095	10.719355
3096	10.719355
3097	10.719355
3098	10.719355
3099	10.719355
3100	10.719355
3101	10.719355
3102	10.719355
3103	10.719355
3104	10.719355
3105	10.719355
3106	10.719355
3107	10.719355
3108	10.719355
3109	10.719355
3110	10.719355
3111	10.719355
3112	10.719355
3113	10.719355
3114	10.719355
3115	10.719355
3116	10.719355
3117	10.719355
3118	10.719355
3119	10.719355
3120	10.719355
3121	10.719355
3122	10.719355
3123	10.719355
3124	10.719355
3125	10.719355
3126	10.719355
3127	10.719355
3128	10.719355
3129	10.719355
3130	10.719355
3131	10.719355
3132	10.719355
3133	10.719355
3134	10.719355
3135	10.719355
3136	10.719355
3137	10.719355
3138	10.719355
3139	10.719355
3140	10.719355
3141	10.719355
3142	10.719355
3143	10.719355
3144	10.719355
3145	10.719355
3146	10.719355
3147	10.719355
3148	10.719355
3149	10.719355
3150	10.719355
3151	10.719355
3152	10.719355
3153	10.719355
3154	10.719355
3155	10.719355
3156	10.719355
3157	10.719355
3158	10.719355
3159	10.719355
3160	10.719355
3161	10.719355
3162	10.719355
3163	10.719355
3164	10.719355
3165	10.719355
3166	10.719355
3167	10.719355
3168	10.719355
3169	10.719355
3170	10.719355
3171	10.719355
3172	10.719355
3173	10.719355
3174	10.719355
3175	10.719355
3176	10.719355
3177	10.719355
3178	10.719355
3179	10.719355
3180	10.719355
3181	10.719355
3182	10.719355
3183	10.719355
3184	10.719355
3185	10.719355
3186	10.719355
3187	10.719355
3188	10.719355
3189	10.719355
3190	10.719355
3191	10.719355
3192	10.719355
3193	10.719355
3194	10.719355
3195	10.719355
3196	10.719355
3197	10.719355
3198	10.719355
3199	10.719355
3200	10.719355
3201	10.719355
3202	10.719355
3203	10.719355
3204	10.719355
3205	10.719355
3206	10.719355
3207	10.719355
3208	10.719355
3209	10.719355
3210	10.719355
3211	10.719355
3212	10.719355
3213	10.719355
3214	10.719355
3215	10.719355
3216	10.719355
3217	10.719355
3218	10.719355
3219	10.719355
3220	10.719355
3221	10.719355
3222	10.719355
3223	10.719355
3224	10.719355
3225	10.719355
3226	10.719355
3227	10.719355
3228	10.719355
3229	10.719355
3230	10.719355
3231	10.719355
3232	10.719355
3233	10.719355
3234	10.719355
3235	10.719355
3236	10.719355
3237	10.719355
3238	10.719355
3239	10.719355
3240	10.719355
3241	10.719355
3242	10.719355
3243	10.719355
3244	10.719355
3245	10.719355
3246	10.719355
3247	10.719355
3248	10.719355
3249	10.719355
3250	10.719355
3251	10.719355
3252	10.719355
3253	10.719355
3254	10.719355
3255	10.719355
3256	10.719355
3257	10.719355
3258	10.719355
3259	10.719355
3260	10.719355
3261	10.719355
3262	10.719355
3263	10.719355
3264	10.719355
3265	10.719355
3266	10.719355
3267	10.719355
3268	10.719355
3269	10.719355
3270	10.719355
3271	10.719355
3272	10.719355
3273	10.719355
3274	10.719355
3275	10.719355
3276	10.719355
3277	10.719355
3278	10.719355
3279	10.719355
3280	10.719355
3281	10.719355
3282	10.719355
3283	10.719355
3284	10.719355
3285	10.719355
3286	10.719355
3287	10.719355
3288	10.719355
3289	10.719355
3290	10.719355
3291	10.719355
3292	10.719355
3293	10.719355
3294	10.719355
3295	10.719355
3296	10.719355
3297	10.719355
3298	10.719355
3299	10.719355
3300	10.719355
3301	10.719355
3302	10.719355
3303	10.719355
3304	10.719355
3305	10.719355
3306	10.719355
3307	10.719355
3308	10.719355
3309	10.719355
3310	10.719355
3311	10.719355
3312	10.719355
3313	10.719355
3314	10.719355
3315	10.719355
3316	10.719355
3317	10.719355
3318	10.719355
3319	10.719355
3320	10.719355
3321	10.719355
3322	10.719355
3323	10.719355
3324	10.719355
3325	10.719355
3326	10.719355
3327	10.719355
3328	10.719355
3329	10.719355
3330	10.719355
3331	10.719355
3332	10.719355
3333	10.719355
3334	10.719355
3335	10.719355
3336	10.719355
3337	10.719355
3338	10.719355
3339	10.719355
3340	10.719355
3341	10.719355
3342	10.719355
3343	10.719355
3344	10.719355
3345	10.719355
3346	10.719355
3347	10.719355
3348	10.719355
3349	10.719355
3350	10.719355
3351	10.719355
3352	10.719355
3353	10.719355
3354	10.719355
3355	10.719355
3356	10.719355
3357	10.719355
3358	10.719355
3359	10.719355
3360	10.719355
3361	10.719355
3362	10.719355
3363	10.719355
3364	10.719355
3365	10.719355
3366	10.719355
3367	10.719355
3368	10.719355
3369	10.719355
3370	10.719355
3371	10.719355
3372	10.719355
3373	10.719355
3374	10.719355
3375	10.719355
3376	10.719355
3377	10.719355
3378	10.719355
3379	10.719355
3380	10.719355
3381	10.719355
3382	10.719355
3383	10.719355
3384	10.719355
3385	10.719355
3386	10.719355
3387	10.719355
3388	10.719355
3389	10.719355
3390	10.719355
3391	10.719355
3392	10.719355
3393	10.719355
3394	10.719355
3395	10.719355
3396	10.719355
3397	10.719355
3398	10.719355
3399	10.719355
3400	10.719355
3401	10.719355
3402	10.719355
3403	10.719355
3404	10.719355
3405	10.719355
3406	10.719355
3407	10.719355
3408	10.719355
3409	10.719355
3410	10.719355
3411	10.719355
3412	10.719355
3413	10.719355
3414	10.719355
3415	10.719355
3416	10.719355
3417	10.719355
3418	10.719355
3419	10.719355
3420	10.719355
3421	10.719355
3422	10.719355
3423	10.719355
3424	10.719355
3425	10.719355
3426	10.719355
3427	10.719355
3428	10.719355
3429	10.719355
3430	10.719355
3431	10.719355
3432	10.719355
3433	10.719355
3434	10.719355
3435	10.719355
3436	10.719355
3437	10.719355
3438	10.719355
3439	10.719355
3440	10.719355
3441	10.719355
3442	10.719355
3443	10.719355
3444	10.719355
3445	10.719355
3446	10.719355
3447	10.719355
3448	10.719355
3449	10.719355
3450	10.719355
3451	10.719355
3452	10.719355
3453	10.719355
3454	10.719355
3455	10.719355
3456	10.719355
3457	10.719355
3458	10.719355
3459	10.719355
3460	10.719355
3461	10.719355
3462	10.719355
3463	10.719355
3464	10.719355
3465	10.719355
3466	10.719355
3467	10.719355
3468	10.719355
3469	10.719355
3470	10.719355
3471	10.719355
3472	10.719355
3473	10.719355
3474	10.719355
3475	10.719355
3476	10.719355
3477	10.719355
3478	10.719355
3479	10.719355
3480	10.719355
3481	10.719355
3482	10.719355
3483	10.719355
3484	10.719355
3485	10.719355
3486	10.719355
3487	10.719355
3488	10.719355
3489	10.719355
3490	10.719355
3491	10.719355
3492	10.719355
3493	10.719355
3494	10.719355
3495	10.719355
3496	10.719355
3497	10.719355
3498	10.719355
3499	10.719355
3500	10.719355
3501	10.719355
3502	10.719355
3503	10.719355
3504	10.719355
3505	10.719355
3506	10.719355
3507	10.719355
3508	10.719355
3509	10.719355
3510	10.719355
3511	10.719355
3512	10.719355
3513	10.719355
3514	10.719355
3515	10.719355
3516	10.719355
3517	10.719355
3518	10.719355
3519	10.719355
3520	10.719355
3521	10.719355
3522	10.719355
3523	10.719355
3524	10.719355
3525	10.719355
3526	10.719355
3527	10.719355
3528	10.719355
3529	10.719355
3530	10.719355
3531	10.719355
3532	10.719355
3533	10.719355
3534	10.719355
3535	10.719355
3536	10.719355
3537	10.719355
3538	10.719355
3539	10.719355
3540	10.719355
3541	10.719355
3542	10.719355
3543	10.719355
3544	10.719355
3545	10.719355
3546	10.719355
3547	10.719355
3548	10.719355
3549	10.719355
3550	10.719355
3551	10.719355
3552	10.719355
3553	10.719355
3554	10.719355
3555	10.719355
3556	10.719355
3557	10.719355
3558	10.719355
3559	10.719355
3560	10.719355
3561	10.719355
3562	10.719355
3563	10.719355
3564	10.719355
3565	10.719355
3566	10.719355
3567	10.719355
3568	10.719355
3569	10.719355
3570	10.719355
3571	10.719355
3572	10.719355
3573	10.719355
3574	10.719355
3575	10.719355
3576	10.719355
3577	10.719355
3578	10.719355
3579	10.719355
3580	10.719355
3581	10.719355
3582	10.719355
3583	10.719355
3584	10.719355
3585	10.719355
3586	10.719355
3587	10.719355
3588	10.719355
3589	10.719355
3590	10.719355
3591	10.719355
3592	10.719355
3593	10.719355
3594	10.719355
3595	10.719355
3596	10.719355
3597	10.719355
3598	10.719355
3599	10.719355
3600	10.719355
3601	10.719355
3602	10.719355
3603	10.719355
3604	10.719355
3605	10.719355
3606	10.719355
3607	10.719355
3608	10.719355
3609	10.719355
3610	10.719355
3611	10.719355
3612	10.719355
3613	10.719355
3614	10.719355
3615	10.719355
3616	10.719355
3617	10.719355
3618	10.719355
3619	10.719355
3620	10.719355
3621	10.719355
3622	10.719355
3623	10.719355
3624	10.719355
3625	10.719355
3626	10.719355
3627	10.719355
3628	10.719355
3629	10.719355
3630	10.719355
3631	10.719355
3632	10.719355
3633	10.719355
3634	10.719355
3635	10.719355
3636	10.719355
3637	10.719355
3638	10.719355
3639	10.719355
3640	10.719355
3641	10.719355
3642	10.719355
3643	10.719355
3644	10.719355
3645	10.719355
3646	10.719355
3647	10.719355
3648	10.719355
3649	10.719355
3650	10.719355
3651	10.719355
3652	10.719355
3653	10.719355
3654	10.719355
3655	10.719355
3656	10.719355
3657	10.719355
3658	10.719355
3659	10.719355
3660	10.719355
3661	10.719355
3662	10.719355
3663	10.719355
3664	10.719355
3665	10.719355
3666	10.719355
3667	10.719355
3668	10.719355
3669	10.719355
3670	10.719355
3671	10.719355
3672	10.719355
3673	10.719355
3674	10.719355
3675	10.719355
3676	10.719355
3677	10.719355
3678	10.719355
3679	10.719355
3680	10.719355
3681	10.719355
3682	10.719355
3683	10.719355
3684	10.719355
3685	10.719355
3686	10.719355
3687	10.719355
3688	10.719355
3689	10.719355
3690	10.719355
3691	10.719355
3692	10.719355
3693	10.719355
3694	10.719355
3695	10.719355
3696	10.719355
3697	10.719355
3698	10.719355
3699	10.719355
3700	10.719355
3701	10.719355
3702	10.719355
3703	10.719355
3704	10.719355
3705	10.719355
3706	10.719355
3707	10.719355
3708	10.719355
3709	10.719355
3710	10.719355
3711	10.719355
3712	10.719355
3713	10.719355
3714	10.719355
3715	10.719355
3716	10.719355
3717	10.719355
3718	10.719355
3719	10.719355
3720	10.719355
3721	10.719355
3722	10.719355
3723	10.719355
3724	10.719355
3725	10.719355
3726	10.719355
3727	10.719355
3728	10.719355
3729	10.719355
3730	10.719355
3731	10.719355
3732	10.719355
3733	10.719355
3734	10.719355
3735	10.719355
3736	10.719355
3737	10.719355
3738	10.719355
3739	10.719355
3740	10.719355
3741	10.719355
3742	10.719355
3743	10.719355
3744	10.719355
3745	10.719355
3746	10.719355
3747	10.719355
3748	10.719355
3749	10.719355
3750	10.719355
3751	10.719355
3752	10.719355
3753	10.719355
3754	10.719355
3755	10.719355
3756	10.719355
3757	10.719355
3758	10.719355
3759	10.719355
3760	10.719355
3761	10.719355
3762	10.719355
3763	10.719355
3764	10.719355
3765	10.719355
3766	10.719355
3767	10.719355
3768	10.719355
3769	10.719355
3770	10.719355
3771	10.719355
3772	10.719355
3773	10.719355
3774	10.719355
3775	10.719355
3776	10.719355
3777	10.719355
3778	10.719355
3779	10.719355
3780	10.719355
3781	10.719355
3782	10.719355
3783	10.719355
3784	10.719355
3785	10.719355
3786	10.719355
3787	10.719355
3788	10.719355
3789	10.719355
3790	10.719355
3791	10.719355
3792	10.719355
3793	10.719355
3794	10.719355
3795	10.719355
3796	10.719355
3797	10.719355
3798	10.719355
3799	10.719355
3800	10.719355
3801	10.719355
3802	10.719355
3803	10.719355
3804	10.719355
3805	10.719355
3806	10.719355
3807	10.719355
3808	10.719355
3809	10.719355
3810	10.719355
3811	10.719355
3812	10.719355
3813	10.719355
3814	10.719355
3815	10.719355
3816	10.719355
3817	10.719355
3818	10.719355
3819	10.719355
3820	10.719355
3821	10.719355
3822	10.719355
3823	10.719355
3824	10.719355
3825	10.719355
3826	10.719355
3827	10.719355
3828	10.719355
3829	10.719355
3830	10.719355
3831	10.719355
3832	10.719355
3833	10.719355
3834	10.719355
3835	10.719355
3836	10.719355
3837	10.719355
3838	10.719355
3839	10.719355
3840	10.719355
3841	10.719355
3842	10.719355
3843	10.719355
3844	10.719355
3845	10.719355
3846	10.719355
3847	10.719355
3848	10.719355
3849	10.719355
3850	10.719355
3851	10.719355
3852	10.719355
3853	10.719355
3854	10.719355
3855	10.719355
3856	10.719355
3857	10.719355
3858	10.719355
3859	10.719355
3860	10.719355
3861	10.719355
3862	10.719355
3863	10.719355
3864	10.719355
3865	10.719355
3866	10.719355
3867	10.719355
3868	10.719355
3869	10.719355
3870	10.719355
3871	10.719355
3872	10.719355
3873	10.719355
3874	10.719355
3875	10.719355
3876	10.719355
3877	10.719355
3878	10.719355
3879	10.719355
3880	10.719355
3881	10.719355
3882	10.719355
3883	10.719355
3884	10.719355
3885	10.719355
3886	10.719355
3887	10.719355
3888	10.719355
3889	10.719355
3890	10.719355
3891	10.719355
3892	10.719355
3893	10.719355
3894	10.719355
3895	10.719355
3896	10.719355
3897	10.719355
3898	10.719355
3899	10.719355
3900	10.719355
3901	10.719355
3902	10.719355
3903	10.719355
3904	10.719355
3905	10.719355
3906	10.719355
3907	10.719355
3908	10.719355
3909	10.719355
3910	10.719355
3911	10.719355
3912	10.719355
3913	10.719355
3914	10.719355
3915	10.719355
3916	10.719355
3917	10.719355
3918	10.719355
3919	10.719355
3920	10.719355
3921	10.719355
3922	10.719355
3923	10.719355
3924	10.719355
3925	10.719355
3926	10.719355
3927	10.719355
3928	10.719355
3929	10.719355
3930	10.719355
3931	10.719355
3932	10.719355
3933	10.719355
3934	10.719355
3935	10.719355
3936	10.719355
3937	10.719355
3938	10.719355
3939	10.719355
3940	10.719355
3941	10.719355
3942	10.719355
3943	10.719355
3944	10.719355
3945	10.719355
3946	10.719355
3947	10.719355
3948	10.719355
3949	10.719355
3950	10.719355
3951	10.719355
3952	10.719355
3953	10.719355
3954	10.719355
3955	10.719355
3956	10.719355
3957	10.719355
3958	10.719355
3959	10.719355
3960	10.719355
3961	10.719355
3962	10.719355
3963	10.719355
3964	10.719355
3965	10.719355
3966	10.719355
3967	10.719355
3968	10.719355
3969	10.719355
3970	10.719355
3971	10.719355
3972	10.719355
3973	10.719355
3974	10.719355
3975	10.719355
3976	10.719355
3977	10.719355
3978	10.719355
3979	10.719355
3980	10.719355
3981	10.719355
3982	10.719355
3983	10.719355
3984	10.719355
3985	10.719355
3986	10.719355
3987	10.719355
3988	10.719355
3989	10.719355
3990	10.719355
3991	10.719355
3992	10.719355
3993	10.719355
3994	10.719355
3995	10.719355
3996	10.719355
3997	10.719355
3998	10.719355
3999	10.719355
4000	10.719355
4001	10.719355
4002	10.719355
4003	10.719355
4004	10.719355
4005	10.719355
4006	10.719355
4007	10.719355
4008	10.719355
4009	10.719355
4010	10.719355
4011	10.719355
4012	10.719355
4013	10.719355
4014	10.719355
4015	10.719355
4016	10.719355
4017	10.719355
4018	10.719355
4019	10.719355
4020	10.719355
4021	10.719355
4022	10.719355
4023	10.719355
4024	10.719355
4025	10.719355
4026	10.719355
4027	10.719355
4028	10.719355
4029	10.719355
4030	10.719355
4031	10.719355
4032	10.719355
4033	10.719355
4034	10.719355
4035	10.719355
4036	10.719355
4037	10.719355
4038	10.719355
4039	10.719355
4040	10.719355
4041	10.719355
4042	10.719355
4043	10.719355
4044	10.719355
4045	10.719355
4046	10.719355
4047	10.719355
4048	10.719355
4049	10.719355
4050	10.719355
4051	10.719355
4052	10.719355
4053	10.719355
4054	10.719355
4055	10.719355
4056	10.719355
4057	10.719355
4058	10.719355
4059	10.719355
4060	10.719355
4061	10.719355
4062	10.719355
