1	6.682249
2	6.702514
3	6.71791
4	6.576918
5	6.580342
6	6.585158
7	6.73661
8	6.580763
9	6.710585
10	6.712877
11	6.710003
12	6.727349
13	6.720684
14	6.707442
15	6.689879
16	6.743329
17	6.756589
18	6.807479
19	6.874837
20	6.771626
21	6.780746
22	6.836867
23	6.837702
24	7.081658
25	7.149698
26	7.181002
27	7.184036
28	7.178128
29	7.183666
30	7.345656
31	7.366584
32	7.322441
33	7.374136
34	7.332599
35	7.457448
36	7.422089
37	7.423565
38	7.534269
39	7.850585
40	7.861065
41	7.831926
42	7.869393
43	7.913277
44	7.97208
45	7.976368
46	8.124107
47	8.152153
48	8.176588
49	8.176588
50	8.218612
51	8.195198
52	8.195198
53	8.195198
54	8.195867
55	8.18285
56	8.251112
57	8.251112
58	8.251112
59	8.257383
60	8.284928
61	8.112415
62	8.10164
63	8.10164
64	8.10164
65	8.112698
66	8.114243
67	8.140334
68	8.140334
69	8.016302
70	8.021562
71	8.07213
72	8.07213
73	8.07213
74	8.03539
75	8.072167
76	8.072167
77	8.061504
78	8.149845
79	8.163474
80	8.163474
81	8.164192
82	8.192842
83	8.192842
84	8.192842
85	8.152074
86	8.152074
87	8.155354
88	8.24704
89	8.26017
90	8.26017
91	8.202636
92	8.234388
93	8.237996
94	8.237996
95	8.248174
96	8.308766
97	8.069524
98	8.018347
99	8.021365
100	8.016313
101	8.059994
102	7.962201
103	7.979262
104	8.103612
105	8.192317
106	8.19418
107	8.261044
108	8.281504
109	8.288428
110	8.309836
111	8.258066
112	8.383017
113	8.383017
114	8.51892
115	8.525304
116	8.525304
117	8.518447
118	8.522893
119	8.51634
120	8.51133
121	8.59817
122	8.7173
123	8.7173
124	8.724274
125	8.95181
126	8.95181
127	8.95181
128	8.97473
129	8.97473
130	8.97473
131	8.9764
132	8.90716
133	8.818591
134	8.818591
135	8.818591
136	8.773204
137	8.7781
138	8.844985
139	8.777741
140	8.850869
141	8.920635
142	8.822213
143	8.830541
144	8.934411
145	8.979994
146	8.979994
147	8.992776
148	9.025912
149	9.037952
150	9.072938
151	9.082398
152	9.099792
153	9.103982
154	9.001298
155	9.080066
156	9.083584
157	9.186268
158	9.217726
159	9.240735
160	9.234168
161	9.234168
162	9.234168
163	9.242641
164	9.242641
165	9.242641
166	9.242641
167	9.242641
168	9.199161
169	9.19797
170	9.19797
171	9.267986
172	9.263796
173	9.27754
174	9.28756
175	9.28756
176	9.28756
177	9.28756
178	9.28756
179	9.28756
180	9.28756
181	9.28756
182	9.28756
183	9.28756
184	9.28756
185	9.007053
186	9.007053
187	9.087386
188	9.094598
189	9.094598
190	9.094598
191	9.094598
192	9.094598
193	9.146935
194	9.157288
195	9.167344
196	9.360556
197	9.467849
198	9.467849
199	9.467849
200	9.467849
201	9.447334
202	9.495634
203	9.502201
204	9.502201
205	9.502201
206	9.492145
207	9.492763
208	9.492763
209	9.502819
210	9.507165
211	9.507165
212	9.507165
213	9.63418
214	9.63418
215	9.652192
216	9.652192
217	9.652192
218	9.652192
219	9.728743
220	9.728743
221	9.728743
222	9.728743
223	9.778764
224	9.780897
225	9.778764
226	9.778764
227	9.778764
228	9.768708
229	9.778764
230	9.560159
231	9.560159
232	9.743681
233	9.883947
234	9.801393
235	9.846388
236	9.846388
237	9.846388
238	9.865342
239	9.827027
240	9.82916
241	9.847172
242	9.820609
243	9.842885
244	9.842885
245	9.842885
246	9.86359
247	9.874204
248	9.874204
249	9.874204
250	9.874204
251	9.874204
252	9.845477
253	9.845477
254	9.845477
255	9.854324
256	9.854324
257	9.854324
258	9.854324
259	9.672064
260	9.672064
261	9.672064
262	9.672064
263	9.65311
264	9.65311
265	9.65311
266	9.598036
267	9.598036
268	9.590554
269	9.590554
270	9.590554
271	9.590554
272	9.590554
273	9.609508
274	9.609508
275	9.609508
276	9.516943
277	9.516943
278	9.516943
279	9.497989
280	9.497989
281	9.497989
282	9.489926
283	9.489926
284	9.489926
285	9.489926
286	9.50888
287	9.50888
288	9.51941
289	9.547867
290	9.615111
291	9.615111
292	9.615111
293	9.615111
294	9.512843
295	9.512843
296	9.512843
297	9.512843
298	9.512843
299	9.512843
300	9.512843
301	9.512843
302	9.482194
303	9.482194
304	9.491826
305	9.522508
306	9.522508
307	9.522508
308	9.522508
309	9.522508
310	9.522508
311	9.531754
312	9.531754
313	9.531754
314	9.531754
315	9.531754
316	9.531754
317	9.531754
318	9.769353
319	9.769353
320	9.769353
321	9.784247
322	9.784247
323	9.784247
324	9.791537
325	9.791537
326	9.791537
327	9.76308
328	9.76308
329	9.76308
330	9.775569
331	9.804742
332	9.804742
333	9.804742
334	9.804742
335	9.804742
336	9.863845
337	9.863845
338	9.856555
339	9.856555
340	9.856555
341	9.905129
342	9.905129
343	9.905129
344	9.905129
345	9.905129
346	9.886175
347	9.886175
348	9.840857
349	9.859811
350	9.859811
351	9.859811
352	9.859811
353	9.859811
354	9.859811
355	9.859811
356	9.859811
357	9.934533
358	9.934533
359	9.941823
360	9.941823
361	9.941823
362	9.941823
363	9.941823
364	9.983871
365	9.983871
366	9.983871
367	9.983871
368	9.964917
369	9.964917
370	9.964917
371	9.964917
372	9.983871
373	9.983871
374	9.983871
375	9.983871
376	9.974239
377	9.91316
378	9.986744
379	9.986744
380	9.986744
381	9.921753
382	9.921753
383	9.921753
384	9.96177
385	10.026761
386	10.026761
387	10.026761
388	10.026761
389	10.026761
390	10.087505
391	10.087505
392	10.087505
393	10.087505
394	10.087505
395	10.148133
396	10.177671
397	10.177671
398	10.158717
399	10.158717
400	10.158717
401	10.158717
402	10.181217
403	10.181217
404	10.181217
405	10.181217
406	10.211862
407	10.219152
408	10.219152
409	10.184128
410	10.184128
411	10.184128
412	10.1235
413	10.1235
414	10.1235
415	10.142454
416	10.142454
417	10.142454
418	10.142454
419	10.142454
420	10.142454
421	10.142454
422	10.142454
423	10.142454
424	10.142454
425	10.142454
426	10.142454
427	10.142454
428	10.142454
429	10.142454
430	10.146828
431	10.146828
432	10.146828
433	10.146828
434	10.146828
435	10.146828
436	10.146828
437	10.146828
438	10.146828
439	10.146828
440	10.146828
441	10.146828
442	10.146828
443	10.146828
444	10.146828
445	10.057084
446	10.057084
447	10.057084
448	10.057084
449	10.057084
450	10.057084
451	10.057084
452	10.113758
453	10.113758
454	10.113758
455	10.113758
456	10.113758
457	10.113758
458	10.113758
459	10.113758
460	10.113758
461	10.113758
462	10.113758
463	10.113758
464	10.159076
465	10.140122
466	10.140122
467	10.140122
468	10.140122
469	10.140122
470	10.140122
471	10.140122
472	10.140122
473	10.140122
474	10.140122
475	10.144076
476	10.158656
477	10.144076
478	10.144076
479	10.158656
480	10.14268
481	10.14268
482	10.14268
483	10.14268
484	10.14268
485	10.14268
486	10.1281
487	10.1281
488	10.1281
489	10.1281
490	10.1281
491	10.1281
492	10.1281
493	10.14268
494	10.14268
495	10.14268
496	10.14268
497	10.14268
498	10.14268
499	10.14268
500	10.177704
501	10.177704
502	10.177704
503	10.177704
504	10.177704
505	10.177704
506	10.177704
507	10.177704
508	10.177704
509	10.177704
510	10.200181
511	10.200181
512	10.200181
513	10.181227
514	10.181227
515	10.181227
516	10.181227
517	10.181227
518	10.181227
519	10.181227
520	10.181227
521	10.181227
522	10.181227
523	10.181227
524	10.181227
525	10.181227
526	10.181227
527	10.181227
528	10.181227
529	10.181227
530	10.181227
531	10.166647
532	10.166647
533	10.166647
534	10.166647
535	10.185601
536	10.166647
537	10.166647
538	10.166647
539	10.166647
540	10.166647
541	10.166647
542	10.166647
543	10.166647
544	10.181227
545	10.181227
546	10.181227
547	10.181227
548	10.181227
549	10.181227
550	10.181227
551	10.181227
552	10.181227
553	10.181227
554	10.181227
555	10.181227
556	10.181227
557	10.181227
558	10.200181
559	10.200181
560	10.200181
561	10.200181
562	10.200181
563	10.200181
564	10.200181
565	10.200181
566	10.200181
567	10.200181
568	10.200181
569	10.200181
570	10.185512
571	10.185512
572	10.185512
573	10.185512
574	10.185512
575	10.185512
576	10.185512
577	10.185512
578	10.185512
579	10.185512
580	10.185512
581	10.185512
582	10.185512
583	10.185512
584	10.185512
585	10.185512
586	10.185512
587	10.185512
588	10.185512
589	10.185512
590	10.185512
591	10.185512
592	10.185512
593	10.185512
594	10.185512
595	10.185512
596	10.18533
597	10.18533
598	10.18533
599	10.18533
600	10.18533
601	10.18533
602	10.185512
603	10.185512
604	10.172858
605	10.172858
606	10.172858
607	10.172858
608	10.207456
609	10.207456
610	10.216816
611	10.234597
612	10.239625
613	10.239625
614	10.24396
615	10.24396
616	10.24396
617	10.225006
618	10.225006
619	10.225006
620	10.225006
621	10.215646
622	10.215646
623	10.215646
624	10.216138
625	10.216138
626	10.216138
627	10.216138
628	10.216138
629	10.216138
630	10.216138
631	10.235092
632	10.235092
633	10.235092
634	10.235092
635	10.235092
636	10.235092
637	10.235092
638	10.235092
639	10.235092
640	10.235092
641	10.235092
642	10.246236
643	10.256
644	10.256
645	10.256
646	10.256
647	10.258576
648	10.258576
649	10.258576
650	10.258576
651	10.258576
652	10.260566
653	10.260566
654	10.260566
655	10.260566
656	10.260566
657	10.241612
658	10.241612
659	10.241612
660	10.280924
661	10.280924
662	10.280924
663	10.280924
664	10.280924
665	10.280924
666	10.280924
667	10.280924
668	10.280924
669	10.299878
670	10.28967
671	10.295865
672	10.315049
673	10.315049
674	10.373953
675	10.373953
676	10.413355
677	10.429987
678	10.429987
679	10.429987
680	10.429987
681	10.429987
682	10.42939
683	10.432773
684	10.432773
685	10.432773
686	10.432773
687	10.442133
688	10.447705
689	10.428751
690	10.428751
691	10.428751
692	10.428751
693	10.428751
694	10.428751
695	10.428751
696	10.428751
697	10.428751
698	10.455554
699	10.455554
700	10.455554
701	10.460392
702	10.460392
703	10.460392
704	10.460392
705	10.460392
706	10.460392
707	10.460392
708	10.455554
709	10.455554
710	10.455554
711	10.474508
712	10.474508
713	10.474508
714	10.474508
715	10.474508
716	10.474508
717	10.474508
718	10.474508
719	10.474508
720	10.474508
721	10.474508
722	10.465148
723	10.465148
724	10.465148
725	10.465148
726	10.465148
727	10.465148
728	10.465148
729	10.465148
730	10.465148
731	10.465148
732	10.474508
733	10.474508
734	10.465148
735	10.465148
736	10.465148
737	10.465148
738	10.465148
739	10.465148
740	10.465148
741	10.465148
742	10.465148
743	10.465148
744	10.465148
745	10.465148
746	10.465148
747	10.465148
748	10.465148
749	10.465148
750	10.465148
751	10.465148
752	10.465148
753	10.474508
754	10.474508
755	10.474508
756	10.474508
757	10.474508
758	10.474508
759	10.474508
760	10.474508
761	10.474508
762	10.474508
763	10.474508
764	10.465148
765	10.465148
766	10.465148
767	10.465745
768	10.465745
769	10.465745
770	10.465745
771	10.465745
772	10.465745
773	10.465745
774	10.465745
775	10.465745
776	10.465745
777	10.465745
778	10.465745
779	10.465745
780	10.465745
781	10.465745
782	10.465745
783	10.465745
784	10.465745
785	10.465745
786	10.465745
787	10.465745
788	10.465745
789	10.465745
790	10.465745
791	10.462469
792	10.462469
793	10.462469
794	10.462469
795	10.462469
796	10.462469
797	10.435666
798	10.435666
799	10.435666
800	10.435666
801	10.435666
802	10.435666
803	10.435666
804	10.435666
805	10.435666
806	10.435666
807	10.435666
808	10.435666
809	10.435666
810	10.435666
811	10.435666
812	10.435666
813	10.435666
814	10.435666
815	10.435666
816	10.435666
817	10.445026
818	10.445026
819	10.445026
820	10.445026
821	10.445026
822	10.445026
823	10.445026
824	10.445026
825	10.445026
826	10.445026
827	10.445026
828	10.445026
829	10.445026
830	10.445026
831	10.445026
832	10.445026
833	10.445026
834	10.448302
835	10.448302
836	10.448302
837	10.448302
838	10.448302
839	10.448302
840	10.448302
841	10.448302
842	10.448302
843	10.448302
844	10.448302
845	10.448302
846	10.448302
847	10.448302
848	10.448302
849	10.479943
850	10.479943
851	10.479943
852	10.479943
853	10.479943
854	10.479943
855	10.479943
856	10.479943
857	10.479943
858	10.479943
859	10.479943
860	10.479943
861	10.479943
862	10.479943
863	10.479943
864	10.479943
865	10.479943
866	10.479943
867	10.479943
868	10.479943
869	10.479943
870	10.479943
871	10.479943
872	10.479943
873	10.479943
874	10.479943
875	10.479943
876	10.477953
877	10.477953
878	10.477953
879	10.477953
880	10.477953
881	10.477953
882	10.477953
883	10.477953
884	10.477953
885	10.477953
886	10.477953
887	10.477953
888	10.477953
889	10.477953
890	10.477953
891	10.477953
892	10.477953
893	10.477953
894	10.477953
895	10.477953
896	10.477953
897	10.477953
898	10.477953
899	10.477953
900	10.477953
901	10.477953
902	10.477953
903	10.477953
904	10.477953
905	10.477953
906	10.477953
907	10.477953
908	10.477953
909	10.477953
910	10.477953
911	10.477953
912	10.477953
913	10.477953
914	10.477953
915	10.477953
916	10.477953
917	10.477953
918	10.477953
919	10.477953
920	10.477953
921	10.477953
922	10.477953
923	10.477953
924	10.477953
925	10.477953
926	10.477953
927	10.477953
928	10.477953
929	10.477953
930	10.477953
931	10.477953
932	10.477953
933	10.477953
934	10.477953
935	10.477953
936	10.477953
937	10.477953
938	10.477953
939	10.477953
940	10.477953
941	10.477953
942	10.477953
943	10.477953
944	10.477953
945	10.477953
946	10.477953
947	10.477953
948	10.477953
949	10.477953
950	10.477953
951	10.477953
952	10.477953
953	10.477953
954	10.477953
955	10.477953
956	10.477953
957	10.477953
958	10.477953
959	10.477953
960	10.477953
961	10.477953
962	10.477953
963	10.477953
964	10.477953
965	10.477953
966	10.477953
967	10.477953
968	10.477953
969	10.477953
970	10.477953
971	10.477953
972	10.477953
973	10.477953
974	10.477953
975	10.477953
976	10.479943
977	10.479943
978	10.479943
979	10.479943
980	10.479943
981	10.479943
982	10.479943
983	10.479943
984	10.479943
985	10.479943
986	10.479943
987	10.479943
988	10.479943
989	10.479943
990	10.479943
991	10.479943
992	10.479943
993	10.479943
994	10.479943
995	10.479943
996	10.479943
997	10.479943
998	10.479943
999	10.479943
1000	10.479943
1001	10.479943
1002	10.479943
1003	10.479943
1004	10.479943
1005	10.479943
1006	10.479943
1007	10.479943
1008	10.479943
1009	10.479943
1010	10.479943
1011	10.479943
1012	10.479943
1013	10.479943
1014	10.479943
1015	10.479943
1016	10.479943
1017	10.479943
1018	10.479943
1019	10.479943
1020	10.479943
1021	10.479943
1022	10.479943
1023	10.479346
1024	10.479346
1025	10.479346
1026	10.479346
1027	10.479346
1028	10.479346
1029	10.479346
1030	10.479346
1031	10.479346
1032	10.479346
1033	10.479346
1034	10.479346
1035	10.479346
1036	10.479346
1037	10.479346
1038	10.479346
1039	10.479346
1040	10.479346
1041	10.479346
1042	10.479346
1043	10.479346
1044	10.479346
1045	10.479346
1046	10.479346
1047	10.479346
1048	10.479346
1049	10.479346
1050	10.479346
1051	10.479346
1052	10.479346
1053	10.479346
1054	10.479346
1055	10.479346
1056	10.479346
1057	10.479346
1058	10.479346
1059	10.479346
1060	10.479346
1061	10.479346
1062	10.479346
1063	10.479346
1064	10.479346
1065	10.479346
1066	10.479346
1067	10.479346
1068	10.479346
1069	10.479346
1070	10.479346
1071	10.479346
1072	10.479346
1073	10.479346
1074	10.479346
1075	10.479346
1076	10.479346
1077	10.479346
1078	10.479346
1079	10.479346
1080	10.479346
1081	10.479346
1082	10.479346
1083	10.479346
1084	10.479346
1085	10.479346
1086	10.479346
1087	10.479346
1088	10.479346
1089	10.479346
1090	10.479346
1091	10.479346
1092	10.479346
1093	10.479346
1094	10.479346
1095	10.479346
1096	10.479346
1097	10.479346
1098	10.479346
1099	10.479346
1100	10.479346
1101	10.479346
1102	10.479346
1103	10.479346
1104	10.479346
1105	10.479346
1106	10.479346
1107	10.479346
1108	10.479346
1109	10.479346
1110	10.479346
1111	10.479346
1112	10.479346
1113	10.479346
1114	10.479346
1115	10.479346
1116	10.479346
1117	10.479346
1118	10.479346
1119	10.479346
1120	10.479346
1121	10.479346
1122	10.479346
1123	10.479346
1124	10.479346
1125	10.479346
1126	10.479346
1127	10.479346
1128	10.479346
1129	10.479346
1130	10.479346
1131	10.479346
1132	10.479346
1133	10.479346
1134	10.479346
1135	10.479346
1136	10.479346
1137	10.479346
1138	10.479346
1139	10.479346
1140	10.479346
1141	10.479346
1142	10.479346
1143	10.479346
1144	10.479346
1145	10.479346
1146	10.479346
1147	10.479346
1148	10.479346
1149	10.479346
1150	10.479346
1151	10.479346
1152	10.479346
1153	10.479346
1154	10.479346
1155	10.479346
1156	10.479346
1157	10.479346
1158	10.479346
1159	10.479346
1160	10.479346
1161	10.479346
1162	10.479346
1163	10.479346
1164	10.479346
1165	10.479346
1166	10.479346
1167	10.479346
1168	10.479346
1169	10.479346
1170	10.479346
1171	10.479346
1172	10.479346
1173	10.479346
1174	10.479346
1175	10.479346
1176	10.479346
1177	10.479346
1178	10.479346
1179	10.479346
1180	10.479346
1181	10.479346
1182	10.479346
1183	10.479346
1184	10.479346
1185	10.479346
1186	10.479346
1187	10.479346
1188	10.479346
1189	10.479346
1190	10.479346
1191	10.479346
1192	10.479346
1193	10.479346
1194	10.479346
1195	10.479346
1196	10.479346
1197	10.479346
1198	10.479346
1199	10.479346
1200	10.479346
1201	10.479346
1202	10.479346
1203	10.479346
1204	10.479346
1205	10.479346
1206	10.479346
1207	10.479346
1208	10.479346
1209	10.479346
1210	10.479346
1211	10.479346
1212	10.479346
1213	10.479346
1214	10.479346
1215	10.479346
1216	10.479346
1217	10.479346
1218	10.479346
1219	10.479346
1220	10.479346
1221	10.479346
1222	10.479346
1223	10.479346
1224	10.479346
1225	10.479346
1226	10.479346
1227	10.479346
1228	10.479346
1229	10.479346
1230	10.479346
1231	10.479346
1232	10.479346
1233	10.479346
1234	10.479346
1235	10.479346
1236	10.479346
1237	10.479346
1238	10.479346
1239	10.479346
1240	10.479346
1241	10.479346
1242	10.479346
1243	10.479346
1244	10.479346
1245	10.479346
1246	10.479346
1247	10.479346
1248	10.479346
1249	10.479346
1250	10.479346
1251	10.479346
1252	10.479346
1253	10.479346
1254	10.479346
1255	10.479346
1256	10.479346
1257	10.479346
1258	10.479346
1259	10.479346
1260	10.479346
1261	10.479346
1262	10.479346
1263	10.479346
1264	10.479346
1265	10.479346
1266	10.479346
1267	10.479346
1268	10.479346
1269	10.479346
1270	10.479346
1271	10.479346
1272	10.479346
1273	10.479346
1274	10.479346
1275	10.479346
1276	10.479346
1277	10.479346
1278	10.479346
1279	10.479346
1280	10.479346
1281	10.479346
1282	10.479346
1283	10.479346
1284	10.479346
1285	10.479346
1286	10.479346
1287	10.479346
1288	10.479346
1289	10.479346
1290	10.479346
1291	10.479346
1292	10.479346
1293	10.479346
1294	10.479346
1295	10.479346
1296	10.479346
1297	10.479346
1298	10.479346
1299	10.479346
1300	10.479346
1301	10.479346
1302	10.479346
1303	10.479346
1304	10.479346
1305	10.479346
1306	10.479346
1307	10.479346
1308	10.479346
1309	10.479346
1310	10.479346
1311	10.479346
1312	10.479346
1313	10.479346
1314	10.479346
1315	10.479346
1316	10.479346
1317	10.479346
1318	10.479346
1319	10.479346
1320	10.479346
1321	10.479346
1322	10.479346
1323	10.479346
1324	10.479346
1325	10.479346
1326	10.479346
1327	10.479346
1328	10.479346
1329	10.479346
1330	10.479346
1331	10.479346
1332	10.479346
1333	10.479346
1334	10.479346
1335	10.479346
1336	10.479346
1337	10.479346
1338	10.479346
1339	10.479346
1340	10.479346
1341	10.479346
1342	10.479346
1343	10.479346
1344	10.479346
1345	10.479346
1346	10.479346
1347	10.479346
1348	10.479346
1349	10.479346
1350	10.479346
1351	10.479346
1352	10.479346
1353	10.479346
1354	10.479346
1355	10.479346
1356	10.479346
1357	10.479346
1358	10.479346
1359	10.479346
1360	10.479346
1361	10.479346
1362	10.479346
1363	10.479346
1364	10.479346
1365	10.479346
1366	10.479346
1367	10.479346
1368	10.479346
1369	10.479346
1370	10.479346
1371	10.479346
1372	10.479346
1373	10.479346
1374	10.479346
1375	10.479346
1376	10.479346
1377	10.479346
1378	10.479346
1379	10.479346
1380	10.479346
1381	10.479346
1382	10.479346
1383	10.479346
1384	10.479346
1385	10.479346
1386	10.479346
1387	10.479346
1388	10.479346
1389	10.479346
1390	10.479346
1391	10.479346
1392	10.479346
1393	10.479346
1394	10.479346
1395	10.479346
1396	10.479346
1397	10.479346
1398	10.479346
1399	10.479346
1400	10.479346
1401	10.479346
1402	10.479346
1403	10.479346
1404	10.479346
1405	10.479346
1406	10.479346
1407	10.479346
1408	10.479346
1409	10.479346
1410	10.479346
1411	10.479346
1412	10.479346
1413	10.479346
1414	10.479346
1415	10.479346
1416	10.479346
1417	10.479346
1418	10.479346
1419	10.479346
1420	10.479346
1421	10.479346
1422	10.479346
1423	10.479346
1424	10.479346
1425	10.479346
1426	10.479346
1427	10.479346
1428	10.479346
1429	10.479346
1430	10.479346
1431	10.479346
1432	10.479346
1433	10.479346
1434	10.479346
1435	10.479346
1436	10.479346
1437	10.479346
1438	10.479346
1439	10.479346
1440	10.479346
1441	10.479346
1442	10.479346
1443	10.479346
1444	10.479346
1445	10.479346
1446	10.479346
1447	10.479346
1448	10.479346
1449	10.479346
1450	10.479346
1451	10.479346
1452	10.479346
1453	10.479346
1454	10.479346
1455	10.479346
1456	10.479346
1457	10.479346
1458	10.479346
1459	10.479346
1460	10.479346
1461	10.479346
1462	10.479346
1463	10.479346
1464	10.479346
1465	10.479346
1466	10.479346
1467	10.479346
1468	10.479346
1469	10.479346
1470	10.479346
1471	10.479346
1472	10.479346
1473	10.479346
1474	10.479346
1475	10.479346
1476	10.479346
1477	10.479346
1478	10.479346
1479	10.479346
1480	10.479346
1481	10.479346
1482	10.479346
1483	10.479346
1484	10.479346
1485	10.479346
1486	10.479346
1487	10.479346
1488	10.479346
1489	10.479346
1490	10.479346
1491	10.479346
1492	10.479346
1493	10.479346
1494	10.479346
1495	10.479346
1496	10.479346
1497	10.479346
1498	10.479346
1499	10.479346
1500	10.479346
1501	10.479346
1502	10.479346
1503	10.479346
1504	10.479346
1505	10.479346
1506	10.479346
1507	10.479346
1508	10.479346
1509	10.479346
1510	10.479346
1511	10.479346
1512	10.479346
1513	10.479346
1514	10.479346
1515	10.479346
1516	10.479346
1517	10.479346
1518	10.479346
1519	10.479346
1520	10.479346
1521	10.479346
1522	10.479346
1523	10.479346
1524	10.479346
1525	10.479346
1526	10.479346
1527	10.479346
1528	10.479346
1529	10.479346
1530	10.479346
1531	10.479346
1532	10.479346
1533	10.479346
1534	10.479346
1535	10.479943
1536	10.479943
1537	10.479943
1538	10.479943
1539	10.479943
1540	10.479943
1541	10.479943
1542	10.479943
1543	10.479943
1544	10.479943
1545	10.479943
1546	10.479943
1547	10.479943
1548	10.479943
1549	10.479943
1550	10.479943
1551	10.479943
1552	10.479943
1553	10.479943
1554	10.479943
1555	10.479943
1556	10.479943
1557	10.479943
1558	10.479943
1559	10.479943
1560	10.479943
1561	10.479943
1562	10.479943
1563	10.479943
1564	10.479943
1565	10.479943
1566	10.479943
1567	10.479943
1568	10.479943
1569	10.479943
1570	10.479943
1571	10.479943
1572	10.479943
1573	10.479943
1574	10.479943
1575	10.479943
1576	10.479943
1577	10.479943
1578	10.479943
1579	10.479943
1580	10.479943
1581	10.479943
1582	10.479943
1583	10.479943
1584	10.479943
1585	10.479943
1586	10.479943
1587	10.479943
1588	10.479943
1589	10.479943
1590	10.479943
1591	10.479943
1592	10.479943
1593	10.479943
1594	10.479943
1595	10.479943
1596	10.479943
1597	10.479943
1598	10.479943
1599	10.479943
1600	10.479943
1601	10.479943
1602	10.479943
1603	10.479943
1604	10.479943
1605	10.479943
1606	10.479943
1607	10.479943
1608	10.479943
1609	10.479943
1610	10.479943
1611	10.479943
1612	10.479943
1613	10.479943
1614	10.479943
1615	10.479943
1616	10.479943
1617	10.479943
1618	10.479943
1619	10.479943
1620	10.479943
1621	10.479943
1622	10.479943
1623	10.479943
1624	10.479943
1625	10.479943
1626	10.479943
1627	10.479943
1628	10.479943
1629	10.479943
1630	10.479943
1631	10.479943
1632	10.479943
1633	10.479943
1634	10.479943
1635	10.479943
1636	10.479943
1637	10.479943
1638	10.479943
1639	10.479943
1640	10.479943
1641	10.479943
1642	10.479943
1643	10.479943
1644	10.479943
1645	10.479943
1646	10.479943
1647	10.479943
1648	10.479943
1649	10.479943
1650	10.479943
1651	10.479943
1652	10.479943
1653	10.479943
1654	10.479943
1655	10.479943
1656	10.479943
1657	10.479943
1658	10.479943
1659	10.479943
1660	10.479943
1661	10.479943
1662	10.479943
1663	10.479943
1664	10.479943
1665	10.479943
1666	10.479943
1667	10.479943
1668	10.479943
1669	10.479943
1670	10.479943
1671	10.479943
1672	10.479943
1673	10.479943
1674	10.479943
1675	10.479943
1676	10.479943
1677	10.479943
1678	10.479943
1679	10.479943
1680	10.479943
1681	10.479943
1682	10.479943
1683	10.479943
1684	10.479943
1685	10.479943
1686	10.479943
1687	10.479943
1688	10.479943
1689	10.479943
1690	10.479943
1691	10.479943
1692	10.479943
1693	10.479943
1694	10.479943
1695	10.479943
1696	10.479943
1697	10.479943
1698	10.479943
1699	10.479943
1700	10.479943
1701	10.479943
1702	10.479943
1703	10.479943
1704	10.479943
1705	10.479943
1706	10.479943
1707	10.479943
1708	10.479943
1709	10.479943
1710	10.479943
1711	10.479943
1712	10.479943
1713	10.479943
1714	10.479943
1715	10.479943
1716	10.479943
1717	10.479943
1718	10.479943
1719	10.479943
1720	10.479943
1721	10.479943
1722	10.479943
1723	10.479943
1724	10.479943
1725	10.479943
1726	10.479943
1727	10.479943
1728	10.479943
1729	10.479943
1730	10.479943
1731	10.479943
1732	10.479943
1733	10.479943
1734	10.479943
1735	10.479943
1736	10.479943
1737	10.479943
1738	10.479943
1739	10.479943
1740	10.479943
1741	10.479943
1742	10.479943
1743	10.479943
1744	10.479943
1745	10.479943
1746	10.479943
1747	10.479943
1748	10.479943
1749	10.479943
1750	10.479943
1751	10.479943
1752	10.479943
1753	10.479943
1754	10.479943
1755	10.479943
1756	10.479943
1757	10.479943
1758	10.479943
1759	10.479943
1760	10.479943
1761	10.479943
1762	10.479943
1763	10.479943
1764	10.479943
1765	10.479943
1766	10.479943
1767	10.479943
1768	10.479943
1769	10.479943
1770	10.479943
1771	10.479943
1772	10.479943
1773	10.479943
1774	10.479943
1775	10.479943
1776	10.479943
1777	10.479943
1778	10.479943
1779	10.479943
1780	10.479943
1781	10.479943
1782	10.479943
1783	10.479943
1784	10.479943
1785	10.479943
1786	10.479943
1787	10.479943
1788	10.479943
1789	10.479943
1790	10.479943
1791	10.479943
1792	10.479943
1793	10.479943
1794	10.479943
1795	10.479943
1796	10.479943
1797	10.479943
1798	10.479943
1799	10.479943
1800	10.479943
1801	10.479943
1802	10.479943
1803	10.479943
1804	10.479943
1805	10.479943
1806	10.479943
1807	10.479943
1808	10.479943
1809	10.479943
1810	10.479943
1811	10.479943
1812	10.479943
1813	10.479943
1814	10.479943
1815	10.479943
1816	10.479943
1817	10.479943
1818	10.479943
1819	10.479943
1820	10.479943
1821	10.479943
1822	10.479943
1823	10.479943
1824	10.479943
1825	10.479943
1826	10.479943
1827	10.479943
1828	10.479943
1829	10.479943
1830	10.479943
1831	10.479943
1832	10.479943
1833	10.479943
1834	10.479943
1835	10.479943
1836	10.479943
1837	10.479943
1838	10.479943
1839	10.479943
1840	10.479943
1841	10.479943
1842	10.479943
1843	10.479943
1844	10.479943
1845	10.479943
1846	10.479943
1847	10.479943
1848	10.479943
1849	10.479943
1850	10.479943
1851	10.479943
1852	10.479943
1853	10.479943
1854	10.479943
1855	10.479943
1856	10.479943
1857	10.479943
1858	10.479943
1859	10.479943
1860	10.479943
1861	10.479943
1862	10.479943
1863	10.479943
1864	10.479943
1865	10.479943
1866	10.479943
1867	10.479943
1868	10.479943
1869	10.479943
1870	10.479943
1871	10.479943
1872	10.479943
1873	10.479943
1874	10.479943
1875	10.479943
1876	10.479943
1877	10.479943
1878	10.479943
1879	10.479943
1880	10.479943
1881	10.479943
1882	10.479943
1883	10.479943
1884	10.479943
1885	10.479943
1886	10.479943
1887	10.479943
1888	10.479943
1889	10.479943
1890	10.479943
1891	10.479943
1892	10.479943
1893	10.479943
1894	10.479943
1895	10.479943
1896	10.479943
1897	10.479943
1898	10.479943
1899	10.479943
1900	10.479943
1901	10.479943
1902	10.479943
1903	10.479943
1904	10.479943
1905	10.479943
1906	10.479943
1907	10.479943
1908	10.479943
1909	10.479943
1910	10.479943
1911	10.479943
1912	10.479943
1913	10.479943
1914	10.479943
1915	10.479943
1916	10.479943
1917	10.479943
1918	10.479943
1919	10.479943
1920	10.479943
1921	10.479943
1922	10.479943
1923	10.479943
1924	10.479943
1925	10.479943
1926	10.479943
1927	10.479943
1928	10.479943
1929	10.479943
1930	10.479943
1931	10.479943
1932	10.479943
1933	10.479943
1934	10.479943
1935	10.479943
1936	10.479943
1937	10.479943
1938	10.479943
1939	10.479943
1940	10.479943
1941	10.479943
1942	10.479943
1943	10.479943
1944	10.479943
1945	10.479943
1946	10.479943
1947	10.479943
1948	10.479943
1949	10.479943
1950	10.479943
1951	10.479943
1952	10.479943
1953	10.479943
1954	10.479943
1955	10.479943
1956	10.479943
1957	10.479943
1958	10.479943
1959	10.479943
1960	10.479943
1961	10.479943
1962	10.479943
1963	10.479943
1964	10.479943
1965	10.479943
1966	10.479943
1967	10.479943
1968	10.479943
1969	10.479943
1970	10.479943
1971	10.479943
1972	10.479943
1973	10.479943
1974	10.479943
1975	10.479943
1976	10.479943
1977	10.479943
1978	10.479943
1979	10.479943
1980	10.479943
1981	10.479943
1982	10.479943
1983	10.479943
1984	10.479943
1985	10.479943
1986	10.479943
1987	10.479943
1988	10.479943
1989	10.479943
1990	10.479943
1991	10.479943
1992	10.479943
1993	10.479943
1994	10.479943
1995	10.479943
1996	10.479943
1997	10.479943
1998	10.479943
1999	10.479943
2000	10.479943
2001	10.479943
2002	10.479943
2003	10.479943
2004	10.479943
2005	10.479943
2006	10.479943
2007	10.479943
2008	10.479943
2009	10.479943
2010	10.479943
2011	10.479943
2012	10.479943
2013	10.479943
2014	10.479943
2015	10.479943
2016	10.479943
2017	10.479943
2018	10.479943
2019	10.479943
2020	10.479943
2021	10.479943
2022	10.479943
2023	10.479943
2024	10.479943
2025	10.479943
2026	10.479943
2027	10.479943
2028	10.479943
2029	10.479943
2030	10.479943
2031	10.479943
2032	10.479943
2033	10.479943
2034	10.479943
2035	10.479943
2036	10.479943
2037	10.479943
2038	10.479943
2039	10.479943
2040	10.479943
2041	10.479943
2042	10.479943
2043	10.479943
2044	10.479943
2045	10.479943
2046	10.479943
2047	10.479943
2048	10.479943
2049	10.479943
2050	10.479943
2051	10.479943
2052	10.479943
2053	10.479943
2054	10.479943
2055	10.479943
2056	10.479943
2057	10.479943
2058	10.479943
2059	10.479943
2060	10.479943
2061	10.479943
2062	10.479943
2063	10.479943
2064	10.479943
2065	10.479943
2066	10.479943
2067	10.479943
2068	10.479943
2069	10.479943
2070	10.479943
2071	10.479943
2072	10.479943
2073	10.479943
2074	10.479943
2075	10.479943
2076	10.479943
2077	10.479943
2078	10.479943
2079	10.479943
2080	10.479943
2081	10.479943
2082	10.479943
2083	10.479943
2084	10.479943
2085	10.479943
2086	10.479943
2087	10.479943
2088	10.479943
2089	10.479943
2090	10.479943
2091	10.479943
2092	10.479943
2093	10.479943
2094	10.479943
2095	10.479943
2096	10.479943
2097	10.479943
2098	10.479943
2099	10.479943
2100	10.479943
2101	10.479943
2102	10.479943
2103	10.479943
2104	10.479943
2105	10.479943
2106	10.479943
2107	10.479943
2108	10.479943
2109	10.479943
2110	10.479943
2111	10.479943
2112	10.479943
2113	10.479943
2114	10.479943
2115	10.479943
2116	10.479943
2117	10.479943
2118	10.479943
2119	10.479943
2120	10.479943
2121	10.479943
2122	10.479943
2123	10.479943
2124	10.479943
2125	10.479943
2126	10.479943
2127	10.479943
2128	10.479943
2129	10.479943
2130	10.479943
2131	10.479943
2132	10.479943
2133	10.479943
2134	10.479943
2135	10.479943
2136	10.479943
2137	10.479943
2138	10.479943
2139	10.479943
2140	10.479943
2141	10.479943
2142	10.479943
2143	10.479943
2144	10.479943
2145	10.479943
2146	10.479943
2147	10.479943
2148	10.479943
2149	10.479943
2150	10.479943
2151	10.479943
2152	10.479943
2153	10.479943
2154	10.479943
2155	10.479943
2156	10.479943
2157	10.479943
2158	10.479943
2159	10.479943
2160	10.479943
2161	10.479943
2162	10.479943
2163	10.479943
2164	10.479943
2165	10.479943
2166	10.479943
2167	10.479943
2168	10.479943
2169	10.479943
2170	10.479943
2171	10.479943
2172	10.479943
2173	10.479943
2174	10.479943
2175	10.479943
2176	10.479943
2177	10.479943
2178	10.479943
2179	10.479943
2180	10.479943
2181	10.479943
2182	10.479943
2183	10.479943
2184	10.479943
2185	10.479943
2186	10.479943
2187	10.479943
2188	10.479943
2189	10.479943
2190	10.479943
2191	10.479943
2192	10.479943
2193	10.479943
2194	10.479943
2195	10.479943
2196	10.479943
2197	10.479943
2198	10.479943
2199	10.479943
2200	10.479943
2201	10.479943
2202	10.479943
2203	10.479943
2204	10.479943
2205	10.479943
2206	10.479943
2207	10.479943
2208	10.479943
2209	10.479943
2210	10.479943
2211	10.479943
2212	10.479943
2213	10.479943
2214	10.479943
2215	10.479943
2216	10.479943
2217	10.479943
2218	10.479943
2219	10.479943
2220	10.479943
2221	10.479943
2222	10.479943
2223	10.479943
2224	10.479943
2225	10.479943
2226	10.479943
2227	10.479943
2228	10.479943
2229	10.479943
2230	10.479943
2231	10.479943
2232	10.479943
2233	10.479943
2234	10.479943
2235	10.479943
2236	10.479943
2237	10.479943
2238	10.479943
2239	10.479943
2240	10.479943
2241	10.479943
2242	10.479943
2243	10.479943
2244	10.479943
2245	10.479943
2246	10.479943
2247	10.479943
2248	10.479943
2249	10.479943
2250	10.479943
2251	10.479943
2252	10.479943
2253	10.479943
2254	10.479943
2255	10.479943
2256	10.479943
2257	10.479943
2258	10.479943
2259	10.479943
2260	10.479943
2261	10.479943
2262	10.479943
2263	10.479943
2264	10.479943
2265	10.479943
2266	10.479943
2267	10.479943
2268	10.479943
2269	10.479943
2270	10.479943
2271	10.479943
2272	10.479943
2273	10.479943
2274	10.479943
2275	10.479943
2276	10.479943
2277	10.479943
2278	10.479943
2279	10.479943
2280	10.479943
2281	10.479943
2282	10.479943
2283	10.479943
2284	10.479943
2285	10.479943
2286	10.479943
2287	10.479943
2288	10.479943
2289	10.479943
2290	10.479943
2291	10.479943
2292	10.479943
2293	10.479943
2294	10.479943
2295	10.479943
2296	10.479943
2297	10.479943
2298	10.479943
2299	10.479943
2300	10.479943
2301	10.479943
2302	10.479943
2303	10.479943
2304	10.479943
2305	10.479943
2306	10.479943
2307	10.479943
2308	10.479943
2309	10.479943
2310	10.479943
2311	10.479943
2312	10.479943
2313	10.479943
2314	10.479943
2315	10.479943
2316	10.479943
2317	10.479943
2318	10.479943
2319	10.479943
2320	10.479943
2321	10.479943
2322	10.479943
2323	10.479943
2324	10.479943
2325	10.479943
2326	10.479943
2327	10.479943
2328	10.479943
2329	10.479943
2330	10.479943
2331	10.479943
2332	10.479943
2333	10.479943
2334	10.479943
2335	10.479943
2336	10.479943
2337	10.479943
2338	10.479943
2339	10.479943
2340	10.479943
2341	10.479943
2342	10.479943
2343	10.479943
2344	10.479943
2345	10.479943
2346	10.479943
2347	10.479943
2348	10.479943
2349	10.479943
2350	10.479943
2351	10.479943
2352	10.479943
2353	10.479943
2354	10.479943
2355	10.479943
2356	10.479943
2357	10.479943
2358	10.479943
2359	10.479943
2360	10.479943
2361	10.479943
2362	10.479943
2363	10.479943
2364	10.479943
2365	10.479943
2366	10.479943
2367	10.479943
2368	10.479943
2369	10.479943
2370	10.479943
2371	10.479943
2372	10.479943
2373	10.479943
2374	10.479943
2375	10.479943
2376	10.479943
2377	10.479943
2378	10.479943
2379	10.479943
2380	10.479943
2381	10.479943
2382	10.479943
2383	10.479943
2384	10.479943
2385	10.479943
2386	10.479943
2387	10.479943
2388	10.479943
2389	10.479943
2390	10.479943
2391	10.479943
2392	10.479943
2393	10.479943
2394	10.479943
2395	10.479943
2396	10.479943
2397	10.479943
2398	10.479943
2399	10.479943
2400	10.479943
2401	10.479943
2402	10.479943
2403	10.479943
2404	10.479943
2405	10.479943
2406	10.479943
2407	10.479943
2408	10.479943
2409	10.479943
2410	10.479943
2411	10.479943
2412	10.479943
2413	10.479943
2414	10.479943
2415	10.479943
2416	10.479943
2417	10.479943
2418	10.479943
2419	10.479943
2420	10.479943
2421	10.479943
2422	10.479943
2423	10.479943
2424	10.479943
2425	10.479943
2426	10.479943
2427	10.479943
2428	10.479943
2429	10.479943
2430	10.479943
2431	10.479943
2432	10.479943
2433	10.479943
2434	10.479943
2435	10.479943
2436	10.479943
2437	10.479943
2438	10.479943
2439	10.479943
2440	10.479943
2441	10.479943
2442	10.479943
2443	10.479943
2444	10.479943
2445	10.479943
2446	10.479943
2447	10.479943
2448	10.479943
2449	10.479943
2450	10.479943
2451	10.479943
2452	10.479943
2453	10.479943
2454	10.479943
2455	10.479943
2456	10.479943
2457	10.479943
2458	10.479943
2459	10.479943
2460	10.479943
2461	10.479943
2462	10.479943
2463	10.479943
2464	10.479943
2465	10.479943
2466	10.479943
2467	10.479943
2468	10.479943
2469	10.479943
2470	10.479943
2471	10.479943
2472	10.479943
2473	10.479943
2474	10.479943
2475	10.479943
2476	10.479943
2477	10.479943
2478	10.479943
2479	10.479943
2480	10.479943
2481	10.479943
2482	10.479943
2483	10.479943
2484	10.479943
2485	10.479943
2486	10.479943
2487	10.479943
2488	10.479943
2489	10.479943
2490	10.479943
2491	10.479943
2492	10.479943
2493	10.479943
2494	10.479943
2495	10.479943
2496	10.479943
2497	10.479943
2498	10.479943
2499	10.479943
2500	10.479943
2501	10.479943
2502	10.479943
2503	10.479943
2504	10.479943
2505	10.479943
2506	10.479943
2507	10.479943
2508	10.479943
2509	10.479943
2510	10.479943
2511	10.479943
2512	10.479943
2513	10.479943
2514	10.479943
2515	10.479943
2516	10.479943
2517	10.479943
2518	10.479943
2519	10.479943
2520	10.479943
2521	10.479943
2522	10.479943
2523	10.479943
2524	10.479943
2525	10.479943
2526	10.479943
2527	10.479943
2528	10.479943
2529	10.479943
2530	10.479943
2531	10.479943
2532	10.479943
2533	10.479943
2534	10.479943
2535	10.479943
2536	10.479943
2537	10.479943
2538	10.479943
2539	10.479943
2540	10.479943
2541	10.479943
2542	10.479943
2543	10.479943
2544	10.479943
2545	10.479943
2546	10.479943
2547	10.479943
2548	10.479943
2549	10.479943
2550	10.479943
2551	10.479943
2552	10.479943
2553	10.479943
2554	10.479943
2555	10.479943
2556	10.479943
2557	10.479943
2558	10.479943
2559	10.479943
2560	10.479943
2561	10.479943
2562	10.479943
2563	10.479943
2564	10.479943
2565	10.479943
2566	10.479943
2567	10.479943
2568	10.479943
2569	10.479943
2570	10.479943
2571	10.479943
2572	10.479943
2573	10.479943
2574	10.479943
2575	10.479943
2576	10.479943
2577	10.479943
2578	10.479943
2579	10.479943
2580	10.479943
2581	10.479943
2582	10.479943
2583	10.479943
2584	10.479943
2585	10.479943
2586	10.479943
2587	10.479943
2588	10.479943
2589	10.479943
2590	10.479943
2591	10.479943
2592	10.479943
2593	10.479943
2594	10.479943
2595	10.479943
2596	10.479943
2597	10.479943
2598	10.479943
2599	10.479943
2600	10.479943
2601	10.479943
2602	10.479943
2603	10.479943
2604	10.479943
2605	10.479943
2606	10.479943
2607	10.479943
2608	10.479943
2609	10.479943
2610	10.479943
2611	10.479943
2612	10.479943
2613	10.479943
2614	10.479943
2615	10.479943
2616	10.479943
2617	10.479943
2618	10.479943
2619	10.479943
2620	10.479943
2621	10.479943
2622	10.479943
2623	10.479943
2624	10.479943
2625	10.479943
2626	10.479943
2627	10.479943
2628	10.479943
2629	10.479943
2630	10.479943
2631	10.479943
2632	10.479943
2633	10.479943
2634	10.479943
2635	10.479943
2636	10.479943
2637	10.479943
2638	10.479943
2639	10.479943
2640	10.479943
2641	10.479943
2642	10.479943
2643	10.479943
2644	10.479943
2645	10.479943
2646	10.479943
2647	10.479943
2648	10.479943
2649	10.479943
2650	10.479943
2651	10.479943
2652	10.479943
2653	10.479943
2654	10.479943
2655	10.479943
2656	10.479943
2657	10.479943
2658	10.479943
2659	10.479943
2660	10.479943
2661	10.479943
2662	10.479943
2663	10.479943
2664	10.479943
2665	10.479943
2666	10.479943
2667	10.479943
2668	10.479943
2669	10.479943
2670	10.479943
2671	10.479943
2672	10.479943
2673	10.479943
2674	10.479943
2675	10.479943
2676	10.479943
2677	10.479943
2678	10.479943
2679	10.479943
2680	10.479943
2681	10.479943
2682	10.479943
2683	10.479943
2684	10.479943
2685	10.479943
2686	10.479943
2687	10.479943
2688	10.479943
2689	10.479943
2690	10.479943
2691	10.479943
2692	10.479943
2693	10.479943
2694	10.479943
2695	10.479943
2696	10.479943
2697	10.479943
2698	10.479943
2699	10.479943
2700	10.479943
2701	10.479943
2702	10.479943
2703	10.479943
2704	10.479943
2705	10.479943
2706	10.479943
2707	10.479943
2708	10.479943
2709	10.479943
2710	10.479943
2711	10.479943
2712	10.479943
2713	10.479943
2714	10.479943
2715	10.479943
2716	10.479943
2717	10.479943
2718	10.479943
2719	10.479943
2720	10.479943
2721	10.479943
2722	10.479943
2723	10.479943
2724	10.479943
2725	10.479943
2726	10.479943
2727	10.479943
2728	10.479943
2729	10.479943
2730	10.479943
2731	10.479943
2732	10.479943
2733	10.479943
2734	10.479943
2735	10.479943
2736	10.479943
2737	10.479943
2738	10.479943
2739	10.479943
2740	10.479943
2741	10.479943
2742	10.479943
2743	10.479943
2744	10.479943
2745	10.479943
2746	10.479943
2747	10.479943
2748	10.479943
2749	10.479943
2750	10.479943
2751	10.479943
2752	10.479943
2753	10.479943
2754	10.479943
2755	10.479943
2756	10.479943
2757	10.479943
2758	10.479943
2759	10.479943
2760	10.479943
2761	10.479943
2762	10.479943
2763	10.479943
2764	10.479943
2765	10.479943
2766	10.479943
2767	10.479943
2768	10.479943
2769	10.479943
2770	10.479943
2771	10.479943
2772	10.479943
2773	10.479943
2774	10.479943
2775	10.479943
2776	10.479943
2777	10.479943
2778	10.479943
2779	10.479943
2780	10.479943
2781	10.479943
2782	10.479943
2783	10.479943
2784	10.479943
2785	10.479943
2786	10.479943
2787	10.479943
2788	10.479943
2789	10.479943
2790	10.479943
2791	10.479943
2792	10.479943
2793	10.479943
2794	10.479943
2795	10.479943
2796	10.479943
2797	10.479943
2798	10.479943
2799	10.479943
2800	10.479943
2801	10.479943
2802	10.479943
2803	10.479943
2804	10.479943
2805	10.479943
2806	10.479943
2807	10.479943
2808	10.479943
2809	10.479943
2810	10.479943
2811	10.479943
2812	10.479943
2813	10.479943
2814	10.479943
2815	10.479943
2816	10.479943
2817	10.479943
2818	10.479943
2819	10.479943
2820	10.479943
2821	10.479943
2822	10.479943
2823	10.479943
2824	10.479943
2825	10.479943
2826	10.479943
2827	10.479943
2828	10.479943
2829	10.479943
2830	10.479943
2831	10.479943
2832	10.479943
2833	10.479943
2834	10.479943
2835	10.479943
2836	10.479943
2837	10.479943
2838	10.479943
2839	10.479943
2840	10.479943
2841	10.479943
2842	10.479943
2843	10.479943
2844	10.479943
2845	10.479943
2846	10.479943
2847	10.479943
2848	10.479943
2849	10.479943
2850	10.479943
2851	10.479943
2852	10.479943
2853	10.479943
2854	10.479943
2855	10.479943
2856	10.479943
2857	10.479943
2858	10.479943
2859	10.479943
2860	10.479943
2861	10.479943
2862	10.479943
2863	10.479943
2864	10.479943
2865	10.479943
2866	10.479943
2867	10.479943
2868	10.479943
2869	10.479943
2870	10.479943
2871	10.479943
2872	10.479943
2873	10.479943
2874	10.479943
2875	10.479943
2876	10.479943
2877	10.479943
2878	10.479943
2879	10.479943
2880	10.479943
2881	10.479943
2882	10.479943
2883	10.479943
2884	10.479943
2885	10.479943
2886	10.479943
2887	10.479943
2888	10.479943
2889	10.479943
2890	10.479943
2891	10.479943
2892	10.479943
2893	10.479943
2894	10.479943
2895	10.479943
2896	10.479943
2897	10.479943
2898	10.479943
2899	10.479943
2900	10.479943
2901	10.479943
2902	10.479943
2903	10.479943
2904	10.479943
2905	10.479943
2906	10.479943
2907	10.479943
2908	10.479943
2909	10.479943
2910	10.479943
2911	10.479943
2912	10.479943
2913	10.479943
2914	10.479943
2915	10.479943
2916	10.479943
2917	10.479943
2918	10.479943
2919	10.479943
2920	10.479943
2921	10.479943
2922	10.479943
2923	10.479943
2924	10.479943
2925	10.479943
2926	10.479943
2927	10.479943
2928	10.479943
2929	10.479943
2930	10.479943
2931	10.479943
2932	10.479943
2933	10.479943
2934	10.479943
2935	10.479943
2936	10.479943
2937	10.479943
2938	10.479943
2939	10.479943
2940	10.479943
2941	10.479943
2942	10.479943
2943	10.479943
2944	10.479943
2945	10.479943
2946	10.479943
2947	10.479943
2948	10.479943
2949	10.479943
2950	10.479943
2951	10.479943
2952	10.479943
2953	10.479943
2954	10.479943
2955	10.479943
2956	10.479943
2957	10.479943
2958	10.479943
2959	10.479943
2960	10.479943
2961	10.479943
2962	10.479943
2963	10.479943
2964	10.479943
2965	10.479943
2966	10.479943
2967	10.479943
2968	10.479943
2969	10.479943
2970	10.479943
2971	10.479943
2972	10.479943
2973	10.479943
2974	10.479943
2975	10.479943
2976	10.479943
2977	10.479943
2978	10.479943
2979	10.479943
2980	10.479943
2981	10.479943
2982	10.479943
2983	10.479943
2984	10.479943
2985	10.479943
2986	10.479943
2987	10.479943
2988	10.479943
2989	10.479943
2990	10.479943
2991	10.479943
2992	10.479943
2993	10.479943
2994	10.479943
2995	10.479943
2996	10.479943
2997	10.479943
2998	10.479943
2999	10.479943
3000	10.479943
3001	10.479943
3002	10.479943
3003	10.479943
3004	10.479943
3005	10.479943
3006	10.479943
3007	10.479943
3008	10.479943
3009	10.479943
3010	10.479943
3011	10.479943
3012	10.479943
3013	10.479943
3014	10.479943
3015	10.479943
3016	10.479943
3017	10.479943
3018	10.479943
3019	10.479943
3020	10.479943
3021	10.479943
3022	10.479943
3023	10.479943
3024	10.479943
3025	10.479943
3026	10.479943
3027	10.479943
3028	10.479943
3029	10.479943
3030	10.479943
3031	10.479943
3032	10.479943
3033	10.479943
3034	10.479943
3035	10.479943
3036	10.479943
3037	10.479943
3038	10.479943
3039	10.479943
3040	10.479943
3041	10.479943
3042	10.479943
3043	10.479943
3044	10.479943
3045	10.479943
