1	6.784738
2	6.601411
3	6.601411
4	6.615761
5	6.623969
6	6.703769
7	6.470589
8	6.556409
9	6.638397
10	6.64518
11	6.645546
12	6.645546
13	6.704896
14	6.747896
15	7.022618
16	7.04763
17	7.04763
18	7.23405
19	7.306618
20	7.299582
21	7.311691
22	7.326116
23	7.329604
24	7.330128
25	7.34928
26	7.34928
27	7.43708
28	7.447622
29	7.488702
30	7.488702
31	7.495992
32	7.55324
33	7.569591
34	7.553435
35	7.585747
36	7.586901
37	7.568521
38	7.596099
39	7.633323
40	7.574224
41	7.439906
42	7.445398
43	7.458838
44	7.49574
45	7.58646
46	7.734816
47	7.840434
48	7.841994
49	7.796118
50	7.796118
51	7.796978
52	7.821143
53	7.784834
54	7.784834
55	7.704
56	8.000112
57	8.003028
58	8.022768
59	8.022768
60	8.027192
61	8.036198
62	8.064908
63	8.064908
64	8.064908
65	8.064908
66	8.163565
67	8.176321
68	8.301938
69	8.325595
70	8.389269
71	8.39532
72	8.39532
73	8.39532
74	8.434065
75	8.434065
76	8.434065
77	8.454921
78	8.511513
79	8.511513
80	8.511513
81	8.513382
82	8.513382
83	8.51166
84	8.28348
85	8.562109
86	8.562109
87	8.563529
88	8.660945
89	8.598083
90	8.597303
91	8.597303
92	8.597557
93	8.597557
94	8.573524
95	8.580976
96	8.588816
97	8.616356
98	8.617646
99	8.617646
100	8.645681
101	8.629855
102	8.629855
103	8.661931
104	8.661931
105	8.690785
106	8.693787
107	8.693787
108	8.71729
109	8.65387
110	8.66733
111	8.676216
112	8.589744
113	8.651718
114	8.630188
115	8.612604
116	8.612604
117	8.691669
118	8.727061
119	8.727061
120	8.727701
121	8.727701
122	8.5833
123	8.591406
124	8.592826
125	8.592826
126	8.259672
127	8.259672
128	8.267592
129	8.267592
130	8.274912
131	8.330486
132	8.330486
133	8.330486
134	8.443298
135	8.443298
136	8.444477
137	8.444477
138	8.444477
139	8.444477
140	8.444477
141	8.463629
142	8.305025
143	8.305025
144	8.285386
145	8.285386
146	8.292856
147	8.292856
148	8.200629
149	8.200629
150	8.200629
151	8.042881
152	8.066766
153	7.970386
154	7.939317
155	7.939317
156	7.939317
157	7.939317
158	7.939317
159	7.945792
160	7.945792
161	7.84837
162	7.922166
163	7.922166
164	8.103377
165	8.103377
166	7.973394
167	7.797954
168	7.797954
169	7.839526
170	8.061036
171	8.061036
172	7.872652
173	7.872652
174	7.803698
175	7.803698
176	7.803698
177	7.803698
178	7.710792
179	7.710792
180	7.70619
181	7.70619
182	7.558744
183	7.673411
184	7.741451
185	7.680382
186	7.682442
187	7.682442
188	7.724788
189	7.724788
190	7.822099
191	7.987263
192	7.977415
193	7.983955
194	7.95038
195	8.09624
196	8.09624
197	7.908343
198	7.908343
199	8.004617
200	8.004617
201	8.009233
202	8.107789
203	8.026347
204	7.820535
205	7.688595
206	7.691862
207	8.184188
208	8.184188
209	8.184188
210	8.127596
211	8.127596
212	8.136098
213	8.136098
214	8.180776
215	8.120173
216	8.176765
217	8.213281
218	8.354364
219	8.354364
220	8.212307
221	8.212307
222	8.281353
223	8.209413
224	8.211914
225	8.092737
226	8.092737
227	8.151894
228	8.151894
229	8.243863
230	8.243863
231	8.36304
232	8.385252
233	8.385252
234	8.499825
235	8.92176
236	8.92176
237	8.929968
238	8.929968
239	8.964395
240	8.964395
241	9.070034
242	9.035408
243	9.035408
244	9.035408
245	9.030234
246	8.876658
247	9.007799
248	9.007799
249	9.145742
250	9.355816
251	9.347529
252	9.260933
253	9.263201
254	9.263201
255	9.263201
256	9.276717
257	9.277199
258	9.274931
259	9.242971
260	9.406164
261	9.430524
262	9.44269
263	9.478934
264	9.506542
265	9.624442
266	9.624442
267	9.548536
268	9.548536
269	9.548536
270	9.587556
271	9.587556
272	9.587556
273	9.587556
274	9.587556
275	9.587556
276	9.510941
277	9.469044
278	9.469044
279	9.412452
280	9.426183
281	9.426183
282	9.574444
283	9.574444
284	9.505398
285	9.505398
286	9.537133
287	9.379363
288	9.379363
289	9.379363
290	9.379363
291	9.448593
292	9.517639
293	9.547651
294	9.564787
295	9.466889
296	9.466889
297	9.523481
298	9.523481
299	9.452836
300	9.452836
301	9.454317
302	9.454317
303	9.385087
304	9.152146
305	9.152146
306	8.83385
307	8.777258
308	8.775777
309	9.10146
310	9.10146
311	9.159649
312	9.088036
313	9.089517
314	9.089517
315	9.089517
316	8.982654
317	8.974574
318	9.051563
319	9.051563
320	9.051563
321	9.051563
322	9.051563
323	9.051563
324	8.79632
325	8.79632
326	8.805824
327	9.067553
328	9.058049
329	8.90519
330	8.90519
331	8.90519
332	8.90519
333	8.90519
334	8.90519
335	8.90519
336	8.914694
337	8.956714
338	8.956714
339	8.929382
340	8.929382
341	8.786699
342	8.792518
343	8.791037
344	8.791037
345	8.719551
346	8.756531
347	8.857331
348	8.857331
349	8.753591
350	8.653693
351	8.65405
352	8.667885
353	8.667885
354	8.570389
355	8.570389
356	8.570389
357	8.570389
358	8.706107
359	8.706107
360	8.706107
361	8.803053
362	8.794915
363	8.725869
364	8.725869
365	8.65048
366	8.65048
367	8.660193
368	8.757954
369	8.757954
370	8.657061
371	8.672981
372	8.560546
373	8.572623
374	8.572623
375	8.603246
376	8.603246
377	8.603246
378	8.624495
379	8.693541
380	8.669414
381	8.669414
382	8.669414
383	8.685123
384	8.730168
385	9.211605
386	9.211605
387	9.211605
388	9.211605
389	9.183819
390	9.183819
391	9.150339
392	9.150339
393	9.150339
394	9.150339
395	9.081293
396	9.081293
397	9.150339
398	9.150339
399	9.150339
400	9.150339
401	9.150339
402	9.171771
403	9.171771
404	9.108738
405	9.108738
406	9.319548
407	9.319548
408	9.319548
409	9.319548
410	9.612869
411	9.612869
412	9.612869
413	9.612869
414	9.612869
415	9.612869
416	9.612869
417	9.612869
418	9.612869
419	9.612869
420	9.612869
421	9.612869
422	9.487499
423	9.346638
424	9.346638
425	9.346638
426	9.291158
427	9.454846
428	9.454846
429	9.454846
430	9.445133
431	9.482648
432	9.718445
433	9.718445
434	9.718445
435	9.718445
436	9.718445
437	9.718445
438	9.707758
439	9.707758
440	9.707758
441	9.717471
442	9.616671
443	9.678698
444	9.678698
445	9.53499
446	9.60414
447	9.60414
448	9.60414
449	9.60414
450	9.60414
451	9.60414
452	9.582708
453	9.582708
454	9.582708
455	9.582708
456	9.582708
457	9.60414
458	9.70494
459	9.70494
460	9.70494
461	9.70494
462	9.70494
463	9.70494
464	9.683508
465	9.665598
466	9.75571
467	9.75571
468	9.75571
469	9.75571
470	9.706783
471	9.728215
472	9.728215
473	9.728215
474	9.63214
475	9.786175
476	9.786175
477	9.786175
478	9.786175
479	9.994528
480	9.994528
481	9.994528
482	9.994528
483	9.994528
484	9.994528
485	9.994528
486	9.994528
487	9.973096
488	9.973096
489	9.973096
490	9.973096
491	9.973096
492	9.973096
493	9.875216
494	9.875216
495	9.875216
496	9.875216
497	9.875216
498	9.846669
499	9.846669
500	9.77881
501	9.77881
502	9.77881
503	9.769097
504	9.769097
505	9.700442
506	9.700442
507	9.700442
508	9.700442
509	9.700442
510	9.676562
511	9.676562
512	9.676562
513	9.676562
514	9.496564
515	9.517996
516	9.517996
517	9.610921
518	9.610921
519	9.610921
520	9.610921
521	9.610921
522	9.610921
523	9.610921
524	9.520831
525	9.520831
526	9.530544
527	9.530544
528	9.530544
529	9.530544
530	9.530544
531	9.530544
532	9.534695
533	9.493985
534	9.493985
535	9.493985
536	9.492126
537	9.504203
538	9.504203
539	9.467388
540	9.467388
541	9.467388
542	9.501474
543	9.501474
544	9.580278
545	9.580278
546	9.58632
547	9.58632
548	9.58632
549	9.58632
550	9.604969
551	9.572671
552	9.582084
553	9.582084
554	9.582084
555	9.582084
556	9.582084
557	9.877598
558	9.877598
559	9.877598
560	9.877598
561	9.877598
562	9.877598
563	9.930518
564	9.930518
565	9.930518
566	9.930518
567	9.930518
568	9.951244
569	9.951244
570	9.951244
571	9.951244
572	10.087957
573	10.087957
574	10.087957
575	10.087957
576	10.111837
577	10.111837
578	10.111837
579	10.111837
580	10.111837
581	10.062684
582	10.062684
583	10.062684
584	10.061038
585	10.061038
586	10.039606
587	10.039606
588	10.039606
589	10.039606
590	10.039606
591	10.061038
592	10.061038
593	10.061038
594	10.110962
595	10.08953
596	10.08953
597	10.08953
598	10.08953
599	10.08953
600	10.276467
601	10.276467
602	10.276467
603	10.276467
604	10.276467
605	10.272885
606	10.272885
607	10.272885
608	10.244229
609	10.244229
610	10.244229
611	10.160052
612	10.209205
613	10.209205
614	10.209205
615	10.209205
616	10.209205
617	10.047966
618	10.047966
619	10.047966
620	10.031648
621	10.031648
622	10.016722
623	10.016722
624	10.016722
625	10.016722
626	10.016722
627	10.016722
628	10.016722
629	10.016722
630	10.016722
631	10.016722
632	10.016722
633	10.016722
634	10.016722
635	10.016722
636	9.978912
637	9.978912
638	9.978912
639	9.958186
640	9.958186
641	9.947958
642	9.947958
643	10.044075
644	10.132232
645	10.132232
646	10.132232
647	10.132232
648	10.132232
649	10.132232
650	10.132232
651	10.132232
652	10.132232
653	10.132232
654	10.132232
655	10.132232
656	10.132232
657	10.132232
658	10.170042
659	10.170042
660	10.170042
661	10.170042
662	10.170042
663	10.170042
664	10.170042
665	10.170042
666	10.170042
667	10.170042
668	10.191474
669	10.191474
670	10.191474
671	10.191474
672	10.191474
673	10.191474
674	10.191474
675	10.191474
676	10.275651
677	10.28389
678	10.28389
679	10.28389
680	10.28389
681	10.28389
682	10.28389
683	10.28389
684	10.28389
685	10.28389
686	10.28389
687	10.28389
688	10.28389
689	10.28389
690	10.28389
691	10.28389
692	10.28389
693	10.28389
694	10.28389
695	10.28389
696	10.28389
697	10.304188
698	10.304188
699	10.304188
700	10.30649
701	10.30649
702	10.30649
703	10.30649
704	10.182115
705	10.067457
706	9.98328
707	9.98328
708	9.98328
709	9.98328
710	9.897183
711	9.897183
712	9.897183
713	9.897183
714	9.897183
715	9.897183
716	9.875751
717	9.875751
718	9.875751
719	9.897183
720	9.897183
721	9.897183
722	9.897183
723	9.897183
724	9.920796
725	9.900498
726	9.920796
727	9.920796
728	9.920796
729	9.920796
730	10.035454
731	10.035454
732	10.035454
733	10.035454
734	9.981432
735	9.981432
736	9.981432
737	9.981432
738	9.981432
739	9.981432
740	9.981432
741	9.981432
742	9.981432
743	9.981432
744	9.981432
745	9.825416
746	10.076487
747	10.076487
748	10.076487
749	10.076487
750	10.076487
751	10.076487
752	10.076487
753	10.076487
754	10.076487
755	10.083939
756	10.083939
757	10.083939
758	10.083939
759	10.087521
760	10.087521
761	10.087521
762	10.087521
763	10.102321
764	10.102321
765	10.102321
766	10.094869
767	10.094869
768	10.094869
769	10.094869
770	10.094869
771	10.094869
772	10.094869
773	10.094869
774	10.094869
775	10.094869
776	10.102321
777	10.102321
778	10.102321
779	10.102321
780	10.102321
781	10.102321
782	10.102321
783	10.102321
784	10.102321
785	10.102321
786	10.102321
787	10.102321
788	10.238662
789	10.238662
790	10.238662
791	10.238662
792	10.241298
793	10.241298
794	10.241298
795	10.241298
796	10.242791
797	10.242791
798	10.242791
799	10.242791
800	10.242791
801	10.242791
802	10.242791
803	10.242791
804	10.242791
805	10.255314
806	10.255314
807	10.255314
808	10.255314
809	10.255314
810	10.255314
811	10.255314
812	10.255314
813	10.255314
814	10.255314
815	10.255314
816	10.255314
817	10.255314
818	10.241578
819	10.241578
820	10.241578
821	10.241578
822	10.241578
823	10.241578
824	10.241578
825	10.241578
826	10.241578
827	10.324045
828	10.324045
829	10.324045
830	10.324045
831	10.324045
832	10.324045
833	10.324045
834	10.324045
835	10.324045
836	10.324045
837	10.324045
838	10.324045
839	10.324045
840	10.324045
841	10.324045
842	10.378067
843	10.378067
844	10.378067
845	10.378067
846	10.378067
847	10.378067
848	10.378067
849	10.378067
850	10.378067
851	10.378067
852	10.378067
853	10.378067
854	10.378067
855	10.378067
856	10.378067
857	10.378067
858	10.378067
859	10.378067
860	10.378067
861	10.378067
862	10.378067
863	10.378067
864	10.378067
865	10.378067
866	10.378067
867	10.378067
868	10.378067
869	10.378067
870	10.378067
871	10.378067
872	10.378067
873	10.378067
874	10.378067
875	10.378067
876	10.378067
877	10.378067
878	10.378067
879	10.378067
880	10.378067
881	10.378067
882	10.378067
883	10.427419
884	10.427419
885	10.427419
886	10.427419
887	10.427419
888	10.427419
889	10.427419
890	10.427419
891	10.427419
892	10.427419
893	10.427419
894	10.427419
895	10.427419
896	10.427419
897	10.427419
898	10.427419
899	10.427419
900	10.427419
901	10.427419
902	10.427419
903	10.483935
904	10.483935
905	10.483935
906	10.483935
907	10.483935
908	10.483935
909	10.519357
910	10.519357
911	10.519357
912	10.519357
913	10.519357
914	10.519357
915	10.519357
916	10.519357
917	10.519357
918	10.519357
919	10.519357
920	10.519357
921	10.519357
922	10.519357
923	10.519357
924	10.519357
925	10.519357
926	10.519357
927	10.519357
928	10.519357
929	10.519357
930	10.519357
931	10.519357
932	10.519357
933	10.519357
934	10.519357
935	10.519357
936	10.519357
937	10.524929
938	10.538794
939	10.538794
940	10.538794
941	10.538794
942	10.52964
943	10.465056
944	10.465056
945	10.465056
946	10.465056
947	10.465056
948	10.465056
949	10.465056
950	10.465056
951	10.465056
952	10.465056
953	10.465056
954	10.465056
955	10.465056
956	10.465056
957	10.465056
958	10.46227
959	10.46227
960	10.46227
961	10.427843
962	10.427843
963	10.427843
964	10.427843
965	10.427843
966	10.502468
967	10.502468
968	10.502468
969	10.502468
970	10.502468
971	10.502468
972	10.502468
973	10.502468
974	10.502468
975	10.502468
976	10.502468
977	10.502468
978	10.502468
979	10.502468
980	10.502468
981	10.502468
982	10.502468
983	10.502468
984	10.502468
985	10.502468
986	10.502468
987	10.502468
988	10.502468
989	10.502468
990	10.502468
991	10.502468
992	10.502468
993	10.502468
994	10.502468
995	10.502468
996	10.502468
997	10.502468
998	10.502468
999	10.502468
1000	10.502468
1001	10.502468
1002	10.502468
1003	10.502468
1004	10.502468
1005	10.502468
1006	10.502468
1007	10.502468
1008	10.502468
1009	10.502468
1010	10.502468
1011	10.502468
1012	10.502468
1013	10.502468
1014	10.502468
1015	10.502468
1016	10.502468
1017	10.502468
1018	10.502468
1019	10.502468
1020	10.502468
1021	10.502468
1022	10.502468
1023	10.502468
1024	10.502468
1025	10.502468
1026	10.536895
1027	10.536895
1028	10.536895
1029	10.536895
1030	10.536895
1031	10.536895
1032	10.536895
1033	10.536895
1034	10.587614
1035	10.587614
1036	10.587614
1037	10.587614
1038	10.587614
1039	10.587614
1040	10.587614
1041	10.587614
1042	10.587614
1043	10.587614
1044	10.587614
1045	10.587614
1046	10.587614
1047	10.587614
1048	10.562938
1049	10.562938
1050	10.562938
1051	10.562938
1052	10.562938
1053	10.562938
1054	10.562938
1055	10.562938
1056	10.562938
1057	10.562938
1058	10.562938
1059	10.562938
1060	10.562938
1061	10.562938
1062	10.562938
1063	10.562938
1064	10.562938
1065	10.562938
1066	10.562938
1067	10.562938
1068	10.562938
1069	10.562938
1070	10.562938
1071	10.562938
1072	10.562938
1073	10.562938
1074	10.562938
1075	10.562938
1076	10.562938
1077	10.562938
1078	10.562938
1079	10.562938
1080	10.562938
1081	10.562938
1082	10.562938
1083	10.562938
1084	10.562938
1085	10.562938
1086	10.562938
1087	10.562938
1088	10.562938
1089	10.562938
1090	10.562938
1091	10.562938
1092	10.562938
1093	10.562938
1094	10.562938
1095	10.562938
1096	10.562938
1097	10.562938
1098	10.562938
1099	10.562938
1100	10.562938
1101	10.562938
1102	10.562938
1103	10.562938
1104	10.562938
1105	10.562938
1106	10.562938
1107	10.562938
1108	10.562938
1109	10.562938
1110	10.562938
1111	10.562938
1112	10.562938
1113	10.562938
1114	10.562938
1115	10.562938
1116	10.562938
1117	10.562938
1118	10.562938
1119	10.562938
1120	10.562938
1121	10.562938
1122	10.562938
1123	10.562938
1124	10.562938
1125	10.562938
1126	10.562938
1127	10.562938
1128	10.562938
1129	10.562938
1130	10.562938
1131	10.562938
1132	10.562938
1133	10.562938
1134	10.547217
1135	10.547217
1136	10.547217
1137	10.547217
1138	10.547217
1139	10.547217
1140	10.547217
1141	10.547217
1142	10.547217
1143	10.547217
1144	10.547217
1145	10.547217
1146	10.547217
1147	10.547217
1148	10.547217
1149	10.547217
1150	10.547217
1151	10.547217
1152	10.596768
1153	10.596768
1154	10.596768
1155	10.596768
1156	10.596768
1157	10.596768
1158	10.596768
1159	10.596768
1160	10.596768
1161	10.596768
1162	10.596768
1163	10.596768
1164	10.596768
1165	10.596768
1166	10.596768
1167	10.596768
1168	10.596768
1169	10.596768
1170	10.596768
1171	10.596768
1172	10.596768
1173	10.596768
1174	10.596768
1175	10.596768
1176	10.596768
1177	10.596768
1178	10.596768
1179	10.596768
1180	10.596768
1181	10.596768
1182	10.596768
1183	10.596768
1184	10.596768
1185	10.596768
1186	10.596768
1187	10.596768
1188	10.596768
1189	10.596768
1190	10.596768
1191	10.596768
1192	10.596768
1193	10.596768
1194	10.596768
1195	10.596768
1196	10.596768
1197	10.596768
1198	10.596768
1199	10.596768
1200	10.596768
1201	10.596768
1202	10.596768
1203	10.596768
1204	10.596768
1205	10.596768
1206	10.596768
1207	10.596768
1208	10.610633
1209	10.610633
1210	10.610633
1211	10.610633
1212	10.610633
1213	10.610633
1214	10.610633
1215	10.610633
1216	10.610633
1217	10.610633
1218	10.610633
1219	10.610633
1220	10.610633
1221	10.610633
1222	10.610633
1223	10.610633
1224	10.610633
1225	10.610633
1226	10.537197
1227	10.537197
1228	10.537197
1229	10.537197
1230	10.537197
1231	10.537197
1232	10.537197
1233	10.537197
1234	10.537197
1235	10.537197
1236	10.537197
1237	10.537197
1238	10.537197
1239	10.537197
1240	10.537197
1241	10.537197
1242	10.537197
1243	10.537197
1244	10.537197
1245	10.537197
1246	10.537197
1247	10.537197
1248	10.537197
1249	10.537197
1250	10.537197
1251	10.537197
1252	10.537197
1253	10.537197
1254	10.537197
1255	10.537197
1256	10.537197
1257	10.537197
1258	10.537197
1259	10.537197
1260	10.537197
1261	10.537197
1262	10.557923
1263	10.557923
1264	10.557923
1265	10.557923
1266	10.557923
1267	10.557923
1268	10.557923
1269	10.557923
1270	10.557923
1271	10.557923
1272	10.557923
1273	10.557923
1274	10.557923
1275	10.557923
1276	10.557923
1277	10.549963
1278	10.618047
1279	10.618047
1280	10.618047
1281	10.618047
1282	10.618047
1283	10.618047
1284	10.618047
1285	10.618047
1286	10.618047
1287	10.618047
1288	10.618047
1289	10.618047
1290	10.618047
1291	10.618047
1292	10.618047
1293	10.618047
1294	10.618047
1295	10.618047
1296	10.618047
1297	10.618047
1298	10.618047
1299	10.618047
1300	10.618047
1301	10.618047
1302	10.618047
1303	10.618047
1304	10.618047
1305	10.618047
1306	10.618047
1307	10.618047
1308	10.618047
1309	10.618047
1310	10.618047
1311	10.618047
1312	10.618047
1313	10.618047
1314	10.691483
1315	10.691483
1316	10.691483
1317	10.691483
1318	10.691483
1319	10.691483
1320	10.691483
1321	10.691483
1322	10.706493
1323	10.706493
1324	10.706493
1325	10.706493
1326	10.706493
1327	10.706493
1328	10.706493
1329	10.706493
1330	10.706493
1331	10.706493
1332	10.706493
1333	10.706493
1334	10.691483
1335	10.685911
1336	10.685911
1337	10.685911
1338	10.685911
1339	10.685911
1340	10.685911
1341	10.685911
1342	10.685911
1343	10.685911
1344	10.685911
1345	10.685911
1346	10.685911
1347	10.685911
1348	10.685911
1349	10.685911
1350	10.685911
1351	10.685911
1352	10.685911
1353	10.700921
1354	10.700921
1355	10.700921
1356	10.700921
1357	10.700921
1358	10.700921
1359	10.700921
1360	10.700921
1361	10.700921
1362	10.700921
1363	10.700921
1364	10.700921
1365	10.700921
1366	10.700921
1367	10.700921
1368	10.700921
1369	10.700921
1370	10.700921
1371	10.700921
1372	10.700921
1373	10.700921
1374	10.700921
1375	10.700921
1376	10.700921
1377	10.700921
1378	10.700921
1379	10.700921
1380	10.706493
1381	10.706493
1382	10.706493
1383	10.706493
1384	10.706493
1385	10.706493
1386	10.706493
1387	10.706493
1388	10.706493
1389	10.706493
1390	10.706493
1391	10.706493
1392	10.706493
1393	10.711868
1394	10.711868
1395	10.711868
1396	10.711868
1397	10.711868
1398	10.711868
1399	10.711868
1400	10.696858
1401	10.691483
1402	10.694269
1403	10.694269
1404	10.694269
1405	10.694269
1406	10.694269
1407	10.716224
1408	10.716224
1409	10.716224
1410	10.716224
1411	10.716224
1412	10.716224
1413	10.716224
1414	10.731234
1415	10.731234
1416	10.731234
1417	10.731234
1418	10.731234
1419	10.731234
1420	10.731234
1421	10.731234
1422	10.731234
1423	10.731234
1424	10.731234
1425	10.731234
1426	10.731234
1427	10.731234
1428	10.731234
1429	10.731234
1430	10.731234
1431	10.731234
1432	10.731234
1433	10.731234
1434	10.731234
1435	10.731234
1436	10.731234
1437	10.731234
1438	10.731234
1439	10.731234
1440	10.731234
1441	10.731234
1442	10.731234
1443	10.731234
1444	10.731234
1445	10.731234
1446	10.731234
1447	10.731234
1448	10.731234
1449	10.731234
1450	10.731234
1451	10.731234
1452	10.731234
1453	10.731234
1454	10.731234
1455	10.731234
1456	10.731234
1457	10.731234
1458	10.731234
1459	10.731234
1460	10.731234
1461	10.731234
1462	10.731234
1463	10.731234
1464	10.731234
1465	10.731234
1466	10.731234
1467	10.731234
1468	10.731234
1469	10.731234
1470	10.731234
1471	10.731234
1472	10.731234
1473	10.731234
1474	10.731234
1475	10.731234
1476	10.731234
1477	10.731234
1478	10.731234
1479	10.731234
1480	10.731234
1481	10.731234
1482	10.731234
1483	10.731234
1484	10.731234
1485	10.731234
1486	10.731234
1487	10.731234
1488	10.731234
1489	10.731234
1490	10.731234
1491	10.731234
1492	10.731234
1493	10.731234
1494	10.731234
1495	10.731234
1496	10.731234
1497	10.731234
1498	10.731234
1499	10.731234
1500	10.731234
1501	10.731234
1502	10.731234
1503	10.731234
1504	10.731234
1505	10.731234
1506	10.731234
1507	10.731234
1508	10.731234
1509	10.731234
1510	10.731234
1511	10.731234
1512	10.731234
1513	10.731234
1514	10.731234
1515	10.731234
1516	10.731234
1517	10.731234
1518	10.731234
1519	10.731234
1520	10.731234
1521	10.731234
1522	10.731234
1523	10.731234
1524	10.731234
1525	10.731234
1526	10.731234
1527	10.731234
1528	10.731234
1529	10.731234
1530	10.731234
1531	10.731234
1532	10.731234
1533	10.731234
1534	10.731234
1535	10.731234
1536	10.731234
1537	10.731234
1538	10.728647
1539	10.728647
1540	10.728647
1541	10.725861
1542	10.725861
1543	10.725861
1544	10.725861
1545	10.725861
1546	10.725861
1547	10.725861
1548	10.725861
1549	10.725861
1550	10.725861
1551	10.725861
1552	10.725861
1553	10.725861
1554	10.725861
1555	10.725861
1556	10.725861
1557	10.731236
1558	10.731236
1559	10.731236
1560	10.731236
1561	10.731236
1562	10.731236
1563	10.731236
1564	10.731236
1565	10.731236
1566	10.731236
1567	10.731236
1568	10.731236
1569	10.731236
1570	10.731236
1571	10.731236
1572	10.731236
1573	10.731236
1574	10.731236
1575	10.731236
1576	10.731236
1577	10.731236
1578	10.731236
1579	10.731236
1580	10.731236
1581	10.731236
1582	10.731236
1583	10.731236
1584	10.731236
1585	10.731236
1586	10.731236
1587	10.731236
1588	10.731236
1589	10.731236
1590	10.731236
1591	10.731236
1592	10.731236
1593	10.731236
1594	10.731236
1595	10.731236
1596	10.731236
1597	10.731236
1598	10.731236
1599	10.731236
1600	10.731236
1601	10.731236
1602	10.731236
1603	10.731236
1604	10.731236
1605	10.731236
1606	10.731236
1607	10.731236
1608	10.731236
1609	10.731236
1610	10.731236
1611	10.731236
1612	10.731236
1613	10.731236
1614	10.731236
1615	10.731236
1616	10.731236
1617	10.731236
1618	10.731236
1619	10.731236
1620	10.731236
1621	10.731236
1622	10.731236
1623	10.731236
1624	10.731236
1625	10.731236
1626	10.734022
1627	10.734022
1628	10.734022
1629	10.734022
1630	10.734022
1631	10.734022
1632	10.734022
1633	10.734022
1634	10.734022
1635	10.734022
1636	10.734022
1637	10.734022
1638	10.734022
1639	10.734022
1640	10.734022
1641	10.734022
1642	10.734022
1643	10.734022
1644	10.734022
1645	10.734022
1646	10.734022
1647	10.734022
1648	10.734022
1649	10.734022
1650	10.734022
1651	10.734022
1652	10.734022
1653	10.734022
1654	10.734022
1655	10.734022
1656	10.734022
1657	10.734022
1658	10.734022
1659	10.734022
1660	10.734022
1661	10.734022
1662	10.734022
1663	10.734022
1664	10.734022
1665	10.734022
1666	10.734022
1667	10.734022
1668	10.734022
1669	10.734022
1670	10.734022
1671	10.741982
1672	10.741982
1673	10.741982
1674	10.741982
1675	10.741982
1676	10.741982
1677	10.741982
1678	10.741982
1679	10.741982
1680	10.741982
1681	10.741982
1682	10.741982
1683	10.741982
1684	10.741982
1685	10.741982
1686	10.741982
1687	10.741982
1688	10.741982
1689	10.741982
1690	10.741982
1691	10.741982
1692	10.741982
1693	10.741982
1694	10.741982
1695	10.741982
1696	10.741982
1697	10.741982
1698	10.741982
1699	10.741982
1700	10.741982
1701	10.741982
1702	10.741982
1703	10.741982
1704	10.741982
1705	10.741982
1706	10.741982
1707	10.741982
1708	10.741982
1709	10.741982
1710	10.741982
1711	10.741982
1712	10.741982
1713	10.741982
1714	10.741982
1715	10.741982
1716	10.741982
1717	10.741982
1718	10.741982
1719	10.741982
1720	10.741982
1721	10.741982
1722	10.741982
1723	10.741982
1724	10.741982
1725	10.741982
1726	10.741982
1727	10.741982
1728	10.741982
1729	10.741982
1730	10.741982
1731	10.741982
1732	10.741982
1733	10.741982
1734	10.741982
1735	10.741982
1736	10.741982
1737	10.741982
1738	10.741982
1739	10.741982
1740	10.741982
1741	10.741982
1742	10.741982
1743	10.741982
1744	10.741982
1745	10.741982
1746	10.741982
1747	10.741982
1748	10.741982
1749	10.741982
1750	10.741982
1751	10.741982
1752	10.741982
1753	10.741982
1754	10.741982
1755	10.741982
1756	10.741982
1757	10.741982
1758	10.741982
1759	10.741982
1760	10.741982
1761	10.741982
1762	10.741982
1763	10.741982
1764	10.741982
1765	10.741982
1766	10.741982
1767	10.741982
1768	10.741982
1769	10.741982
1770	10.741982
1771	10.741982
1772	10.741982
1773	10.741982
1774	10.741982
1775	10.741982
1776	10.741982
1777	10.741982
1778	10.741982
1779	10.741982
1780	10.741982
1781	10.741982
1782	10.741982
1783	10.741982
1784	10.741982
1785	10.741982
1786	10.741982
1787	10.741982
1788	10.741982
1789	10.741982
1790	10.741982
1791	10.741982
1792	10.741982
1793	10.741982
1794	10.741982
1795	10.741982
1796	10.741982
1797	10.741982
1798	10.741982
1799	10.741982
1800	10.741982
1801	10.741982
1802	10.741982
1803	10.741982
1804	10.741982
1805	10.741982
1806	10.741982
1807	10.741982
1808	10.741982
1809	10.741982
1810	10.741982
1811	10.741982
1812	10.741982
1813	10.741982
1814	10.741982
1815	10.741982
1816	10.741982
1817	10.741982
1818	10.741982
1819	10.741982
1820	10.741982
1821	10.741982
1822	10.741982
1823	10.741982
1824	10.741982
1825	10.741982
1826	10.741982
1827	10.741982
1828	10.741982
1829	10.741982
1830	10.741982
1831	10.741982
1832	10.741982
1833	10.741982
1834	10.741982
1835	10.741982
1836	10.741982
1837	10.741982
1838	10.741982
1839	10.741982
1840	10.741982
1841	10.741982
1842	10.741982
1843	10.741982
1844	10.741982
1845	10.741982
1846	10.741982
1847	10.741982
1848	10.741982
1849	10.741982
1850	10.741982
1851	10.741982
1852	10.741982
1853	10.741982
1854	10.741982
1855	10.741982
1856	10.741982
1857	10.741982
1858	10.741982
1859	10.741982
1860	10.741982
1861	10.741982
1862	10.741982
1863	10.741982
1864	10.741982
1865	10.741982
1866	10.741982
1867	10.741982
1868	10.741982
1869	10.741982
1870	10.741982
1871	10.741982
1872	10.741982
1873	10.741982
1874	10.741982
1875	10.741982
1876	10.741982
1877	10.741982
1878	10.741982
1879	10.741982
1880	10.741982
1881	10.741982
1882	10.741982
1883	10.741982
1884	10.741982
1885	10.741982
1886	10.741982
1887	10.741982
1888	10.741982
1889	10.741982
1890	10.741982
1891	10.741982
1892	10.741982
1893	10.741982
1894	10.741982
1895	10.741982
1896	10.741982
1897	10.741982
1898	10.741982
1899	10.741982
1900	10.741982
1901	10.741982
1902	10.741982
1903	10.741982
1904	10.741982
1905	10.741982
1906	10.741982
1907	10.741982
1908	10.741982
1909	10.741982
1910	10.741982
1911	10.741982
1912	10.741982
1913	10.741982
1914	10.741982
1915	10.741982
1916	10.741982
1917	10.741982
1918	10.741982
1919	10.741982
1920	10.741982
1921	10.741982
1922	10.741982
1923	10.741982
1924	10.741982
1925	10.741982
1926	10.741982
1927	10.741982
1928	10.741982
1929	10.741982
1930	10.741982
1931	10.741982
1932	10.741982
1933	10.741982
1934	10.741982
1935	10.741982
1936	10.741982
1937	10.741982
1938	10.741982
1939	10.741982
1940	10.741982
1941	10.741982
1942	10.741982
1943	10.741982
1944	10.741982
1945	10.741982
1946	10.741982
1947	10.741982
1948	10.741982
1949	10.741982
1950	10.741982
1951	10.741982
1952	10.741982
1953	10.741982
1954	10.741982
1955	10.741982
1956	10.741982
1957	10.741982
1958	10.741982
1959	10.741982
1960	10.741982
1961	10.741982
1962	10.741982
1963	10.741982
1964	10.741982
1965	10.741982
1966	10.741982
1967	10.741982
1968	10.741982
1969	10.741982
1970	10.741982
1971	10.741982
1972	10.741982
1973	10.741982
1974	10.741982
1975	10.741982
1976	10.741982
1977	10.741982
1978	10.741982
1979	10.741982
1980	10.741982
1981	10.741982
1982	10.741982
1983	10.741982
1984	10.741982
1985	10.741982
1986	10.741982
1987	10.741982
1988	10.741982
1989	10.741982
1990	10.741982
1991	10.741982
1992	10.741982
1993	10.741982
1994	10.741982
1995	10.741982
1996	10.741982
1997	10.741982
1998	10.741982
1999	10.741982
2000	10.741982
2001	10.741982
2002	10.741982
2003	10.741982
2004	10.741982
2005	10.741982
2006	10.741982
2007	10.741982
2008	10.741982
2009	10.741982
2010	10.741982
2011	10.741982
2012	10.741982
2013	10.741982
2014	10.741982
2015	10.741982
2016	10.741982
2017	10.741982
2018	10.741982
2019	10.741982
2020	10.741982
2021	10.741982
2022	10.741982
2023	10.741982
2024	10.741982
2025	10.741982
2026	10.741982
2027	10.741982
2028	10.741982
2029	10.741982
2030	10.741982
2031	10.741982
2032	10.741982
2033	10.741982
2034	10.741982
2035	10.741982
2036	10.741982
2037	10.741982
2038	10.741982
2039	10.741982
2040	10.741982
2041	10.741982
2042	10.741982
2043	10.741982
2044	10.741982
2045	10.741982
2046	10.741982
2047	10.741982
2048	10.741982
2049	10.741982
2050	10.741982
2051	10.741982
2052	10.741982
2053	10.741982
2054	10.741982
2055	10.741982
2056	10.741982
2057	10.741982
2058	10.741982
2059	10.741982
2060	10.741982
2061	10.741982
2062	10.741982
2063	10.741982
2064	10.741982
2065	10.741982
2066	10.741982
2067	10.741982
2068	10.741982
2069	10.741982
2070	10.741982
2071	10.741982
2072	10.741982
2073	10.741982
2074	10.741982
2075	10.741982
2076	10.741982
2077	10.741982
2078	10.741982
2079	10.741982
2080	10.741982
2081	10.741982
2082	10.741982
2083	10.741982
2084	10.741982
2085	10.741982
2086	10.741982
2087	10.741982
2088	10.741982
2089	10.741982
2090	10.741982
2091	10.741982
2092	10.741982
2093	10.741982
2094	10.741982
2095	10.741982
2096	10.741982
2097	10.741982
2098	10.741982
2099	10.741982
2100	10.741982
2101	10.741982
2102	10.741982
2103	10.741982
2104	10.741982
2105	10.741982
2106	10.741982
2107	10.741982
2108	10.741982
2109	10.741982
2110	10.741982
2111	10.741982
2112	10.741982
2113	10.741982
2114	10.741982
2115	10.741982
2116	10.741982
2117	10.741982
2118	10.741982
2119	10.741982
2120	10.741982
2121	10.741982
2122	10.741982
2123	10.741982
2124	10.741982
2125	10.741982
2126	10.741982
2127	10.741982
2128	10.741982
2129	10.741982
2130	10.741982
2131	10.741982
2132	10.741982
2133	10.741982
2134	10.741982
2135	10.741982
2136	10.741982
2137	10.76228
2138	10.76228
2139	10.76228
2140	10.76228
2141	10.76228
2142	10.76228
2143	10.76228
2144	10.76228
2145	10.76228
2146	10.76228
2147	10.76228
2148	10.76228
2149	10.76228
2150	10.76228
2151	10.76228
2152	10.76228
2153	10.76228
2154	10.76228
2155	10.76228
2156	10.76228
2157	10.76228
2158	10.76228
2159	10.76228
2160	10.76228
2161	10.76228
2162	10.76228
2163	10.76228
2164	10.76228
2165	10.76228
2166	10.76228
2167	10.76228
2168	10.76228
2169	10.76228
2170	10.76228
2171	10.76228
2172	10.76228
2173	10.76228
2174	10.76228
2175	10.76228
2176	10.76228
2177	10.76228
2178	10.76228
2179	10.76228
2180	10.76228
2181	10.76228
2182	10.76228
2183	10.76228
2184	10.76228
2185	10.76228
2186	10.76228
2187	10.76228
2188	10.76228
2189	10.76228
2190	10.76228
2191	10.76228
2192	10.76228
2193	10.76228
2194	10.76228
2195	10.76228
2196	10.76228
2197	10.76228
2198	10.76228
2199	10.76228
2200	10.76228
2201	10.76228
2202	10.76228
2203	10.76228
2204	10.76228
2205	10.76228
2206	10.76228
2207	10.76228
2208	10.76228
2209	10.76228
2210	10.76228
2211	10.76228
2212	10.76228
2213	10.76228
2214	10.76228
2215	10.76228
2216	10.76228
2217	10.76228
2218	10.76228
2219	10.76228
2220	10.76228
2221	10.76228
2222	10.76228
2223	10.76228
2224	10.759494
2225	10.759494
2226	10.759494
2227	10.759494
2228	10.759494
2229	10.759494
2230	10.759494
2231	10.759494
2232	10.759494
2233	10.759494
2234	10.759494
2235	10.759494
2236	10.759494
2237	10.759494
2238	10.759494
2239	10.759494
2240	10.759494
2241	10.759494
2242	10.759494
2243	10.759494
2244	10.759494
2245	10.759494
2246	10.759494
2247	10.759494
2248	10.759494
2249	10.759494
2250	10.759494
2251	10.759494
2252	10.759494
2253	10.759494
2254	10.759494
2255	10.759494
2256	10.759494
2257	10.759494
2258	10.759494
2259	10.759494
2260	10.759494
2261	10.759494
2262	10.759494
2263	10.759494
2264	10.759494
2265	10.759494
2266	10.759494
2267	10.759494
2268	10.759494
2269	10.759494
2270	10.759494
2271	10.759494
2272	10.759494
2273	10.759494
2274	10.759494
2275	10.759494
2276	10.759494
2277	10.759494
2278	10.759494
2279	10.759494
2280	10.759494
2281	10.759494
2282	10.759494
2283	10.759494
2284	10.759494
2285	10.759494
2286	10.759494
2287	10.759494
2288	10.759494
2289	10.759494
2290	10.759494
2291	10.759494
2292	10.759494
2293	10.759494
2294	10.759494
2295	10.759494
2296	10.759494
2297	10.759494
2298	10.759494
2299	10.759494
2300	10.759494
2301	10.759494
2302	10.759494
2303	10.759494
2304	10.759494
2305	10.759494
2306	10.759494
2307	10.759494
2308	10.759494
2309	10.759494
2310	10.759494
2311	10.759494
2312	10.759494
2313	10.759494
2314	10.759494
2315	10.759494
2316	10.759494
2317	10.759494
2318	10.759494
2319	10.759494
2320	10.759494
2321	10.759494
2322	10.759494
2323	10.759494
2324	10.759494
2325	10.759494
2326	10.759494
2327	10.759494
2328	10.759494
2329	10.759494
2330	10.759494
2331	10.759494
2332	10.759494
2333	10.759494
2334	10.759494
2335	10.759494
2336	10.759494
2337	10.759494
2338	10.759494
2339	10.759494
2340	10.759494
2341	10.759494
2342	10.759494
2343	10.759494
2344	10.759494
2345	10.759494
2346	10.759494
2347	10.759494
2348	10.759494
2349	10.759494
2350	10.759494
2351	10.759494
2352	10.759494
2353	10.76228
2354	10.76228
2355	10.76228
2356	10.76228
2357	10.76228
2358	10.76228
2359	10.76228
2360	10.76228
2361	10.76228
2362	10.76228
2363	10.76228
2364	10.76228
2365	10.76228
2366	10.76228
2367	10.76228
2368	10.76228
2369	10.76228
2370	10.76228
2371	10.76228
2372	10.76228
2373	10.76228
2374	10.76228
2375	10.76228
2376	10.76228
2377	10.76228
2378	10.76228
2379	10.76228
2380	10.76228
2381	10.76228
2382	10.76228
2383	10.76228
2384	10.76228
2385	10.76228
2386	10.76228
2387	10.76228
2388	10.76228
2389	10.76228
2390	10.76228
2391	10.76228
2392	10.76228
2393	10.76228
2394	10.76228
2395	10.76228
2396	10.76228
2397	10.76228
2398	10.76228
2399	10.76228
2400	10.76228
2401	10.76228
2402	10.76228
2403	10.76228
2404	10.76228
2405	10.76228
2406	10.76228
2407	10.76228
2408	10.76228
2409	10.76228
2410	10.76228
2411	10.76228
2412	10.76228
2413	10.76228
2414	10.76228
2415	10.76228
2416	10.76228
2417	10.76228
2418	10.76228
2419	10.76228
2420	10.76228
2421	10.76228
2422	10.76228
2423	10.76228
2424	10.76228
2425	10.76228
2426	10.76228
2427	10.76228
2428	10.76228
2429	10.76228
2430	10.76228
2431	10.76228
2432	10.76228
2433	10.76228
2434	10.76228
2435	10.76228
2436	10.76228
2437	10.76228
2438	10.76228
2439	10.76228
2440	10.76228
2441	10.76228
2442	10.76228
2443	10.76228
2444	10.76228
2445	10.76228
2446	10.76228
2447	10.76228
2448	10.76228
2449	10.76228
2450	10.76228
2451	10.76228
2452	10.76228
2453	10.76228
2454	10.76228
2455	10.76228
2456	10.76228
2457	10.76228
2458	10.76228
2459	10.76228
2460	10.76228
2461	10.76228
2462	10.76228
2463	10.76228
2464	10.76228
2465	10.76228
2466	10.76228
2467	10.76228
2468	10.76228
2469	10.76228
2470	10.76228
2471	10.76228
2472	10.76228
2473	10.76228
2474	10.764867
2475	10.764867
2476	10.764867
2477	10.764867
2478	10.764867
2479	10.764867
2480	10.764867
2481	10.764867
2482	10.764867
2483	10.764867
2484	10.764867
2485	10.764867
2486	10.764867
2487	10.764867
2488	10.764867
2489	10.764867
2490	10.764867
2491	10.764867
2492	10.764867
2493	10.764867
2494	10.764867
2495	10.764867
2496	10.764867
2497	10.764867
2498	10.764867
2499	10.764867
2500	10.764867
2501	10.764867
2502	10.764867
2503	10.764867
2504	10.764867
2505	10.764867
2506	10.764867
2507	10.764867
2508	10.764867
2509	10.764867
2510	10.764867
2511	10.764867
2512	10.764867
2513	10.764867
2514	10.764867
2515	10.764867
2516	10.764867
2517	10.764867
2518	10.764867
2519	10.764867
2520	10.764867
2521	10.764867
2522	10.764867
2523	10.764867
2524	10.764867
2525	10.764867
2526	10.764867
2527	10.764867
2528	10.764867
2529	10.764867
2530	10.764867
2531	10.764867
2532	10.764867
2533	10.764867
2534	10.764867
2535	10.764867
2536	10.764867
2537	10.764867
2538	10.764867
2539	10.764867
2540	10.764867
2541	10.764867
2542	10.764867
2543	10.764867
2544	10.764867
2545	10.764867
2546	10.764867
2547	10.764867
2548	10.764867
2549	10.764867
2550	10.764867
2551	10.764867
2552	10.764867
2553	10.764867
2554	10.764867
2555	10.764867
2556	10.764867
2557	10.764867
2558	10.764867
2559	10.764867
2560	10.764867
2561	10.764867
2562	10.764867
2563	10.764867
2564	10.764867
2565	10.764867
2566	10.764867
2567	10.764867
2568	10.764867
2569	10.764867
2570	10.764867
2571	10.764867
2572	10.764867
2573	10.764867
2574	10.764867
2575	10.764867
2576	10.764867
2577	10.764867
2578	10.764867
2579	10.764867
2580	10.764867
2581	10.764867
2582	10.764867
2583	10.764867
2584	10.764867
2585	10.764867
2586	10.764867
2587	10.764867
2588	10.764867
2589	10.764867
2590	10.764867
2591	10.764867
2592	10.764867
2593	10.764867
2594	10.764867
2595	10.764867
2596	10.764867
2597	10.764867
2598	10.764867
2599	10.764867
2600	10.764867
2601	10.764867
2602	10.764867
2603	10.764867
2604	10.764867
2605	10.764867
2606	10.764867
2607	10.764867
2608	10.764867
2609	10.764867
2610	10.764867
2611	10.764867
2612	10.764867
2613	10.764867
2614	10.764867
2615	10.764867
2616	10.764867
2617	10.764867
2618	10.764867
2619	10.764867
2620	10.764867
2621	10.764867
2622	10.764867
2623	10.764867
2624	10.764867
2625	10.764867
2626	10.764867
2627	10.764867
2628	10.764867
2629	10.764867
2630	10.764867
2631	10.764867
2632	10.764867
2633	10.764867
2634	10.764867
2635	10.764867
2636	10.764867
2637	10.764867
2638	10.764867
2639	10.764867
2640	10.764867
2641	10.764867
2642	10.764867
2643	10.764867
2644	10.764867
2645	10.764867
2646	10.764867
2647	10.764867
2648	10.764867
2649	10.764867
2650	10.764867
2651	10.764867
2652	10.764867
2653	10.764867
2654	10.764867
2655	10.764867
2656	10.764867
2657	10.764867
2658	10.764867
2659	10.764867
2660	10.764867
2661	10.764867
2662	10.764867
2663	10.764867
2664	10.764867
2665	10.764867
2666	10.764867
2667	10.764867
2668	10.764867
2669	10.764867
2670	10.764867
2671	10.764867
2672	10.764867
2673	10.764867
2674	10.764867
2675	10.764867
2676	10.764867
2677	10.764867
2678	10.764867
2679	10.764867
2680	10.764867
2681	10.764867
2682	10.764867
2683	10.764867
2684	10.764867
2685	10.764867
2686	10.764867
2687	10.764867
2688	10.764867
2689	10.764867
2690	10.764867
2691	10.764867
2692	10.764867
2693	10.764867
2694	10.764867
2695	10.764867
2696	10.764867
2697	10.764867
2698	10.764867
2699	10.764867
2700	10.764867
2701	10.764867
2702	10.764867
2703	10.764867
2704	10.764867
2705	10.764867
2706	10.764867
2707	10.764867
2708	10.764867
2709	10.764867
2710	10.764867
2711	10.764867
2712	10.764867
2713	10.764867
2714	10.764867
2715	10.764867
2716	10.764867
2717	10.764867
2718	10.764867
2719	10.764867
2720	10.764867
2721	10.764867
2722	10.764867
2723	10.764867
2724	10.764867
2725	10.764867
2726	10.764867
2727	10.764867
2728	10.764867
2729	10.764867
2730	10.764867
2731	10.764867
2732	10.764867
2733	10.764867
2734	10.764867
2735	10.764867
2736	10.764867
2737	10.764867
2738	10.764867
2739	10.764867
2740	10.764867
2741	10.764867
2742	10.764867
2743	10.764867
2744	10.764867
2745	10.764867
2746	10.764867
2747	10.764867
2748	10.764867
2749	10.764867
2750	10.764867
2751	10.764867
2752	10.764867
2753	10.764867
2754	10.764867
2755	10.764867
2756	10.764867
2757	10.764867
2758	10.764867
2759	10.764867
2760	10.764867
2761	10.764867
2762	10.764867
2763	10.764867
2764	10.764867
2765	10.764867
2766	10.764867
2767	10.764867
2768	10.764867
2769	10.764867
2770	10.764867
2771	10.764867
2772	10.764867
2773	10.764867
2774	10.764867
2775	10.764867
2776	10.764867
2777	10.764867
2778	10.764867
2779	10.764867
2780	10.764867
2781	10.764867
2782	10.764867
2783	10.764867
2784	10.764867
2785	10.764867
2786	10.764867
2787	10.764867
2788	10.764867
2789	10.764867
2790	10.764867
2791	10.764867
2792	10.764867
2793	10.764867
2794	10.764867
2795	10.764867
2796	10.764867
2797	10.764867
2798	10.764867
2799	10.764867
2800	10.764867
2801	10.764867
2802	10.764867
2803	10.764867
2804	10.764867
2805	10.764867
2806	10.764867
2807	10.764867
2808	10.764867
2809	10.764867
2810	10.764867
2811	10.764867
2812	10.764867
2813	10.764867
2814	10.764867
2815	10.764867
2816	10.764867
2817	10.764867
2818	10.764867
2819	10.764867
2820	10.764867
2821	10.764867
2822	10.764867
2823	10.764867
2824	10.764867
2825	10.764867
2826	10.764867
2827	10.764867
2828	10.764867
2829	10.764867
2830	10.764867
2831	10.764867
2832	10.764867
2833	10.764867
2834	10.764867
2835	10.764867
2836	10.764867
2837	10.764867
2838	10.764867
2839	10.764867
2840	10.764867
2841	10.764867
2842	10.764867
2843	10.764867
2844	10.764867
2845	10.764867
2846	10.764867
2847	10.764867
2848	10.764867
2849	10.764867
2850	10.764867
2851	10.764867
2852	10.764867
2853	10.764867
2854	10.764867
2855	10.764867
2856	10.764867
2857	10.764867
2858	10.764867
2859	10.764867
2860	10.764867
2861	10.764867
2862	10.764867
2863	10.764867
2864	10.764867
2865	10.764867
2866	10.764867
2867	10.764867
2868	10.764867
2869	10.764867
2870	10.764867
2871	10.764867
2872	10.764867
2873	10.764867
2874	10.764867
2875	10.764867
2876	10.764867
2877	10.764867
2878	10.764867
2879	10.764867
2880	10.764867
2881	10.764867
2882	10.764867
2883	10.764867
2884	10.764867
2885	10.764867
2886	10.764867
2887	10.764867
2888	10.764867
2889	10.764867
2890	10.764867
2891	10.764867
2892	10.764867
2893	10.764867
2894	10.764867
2895	10.764867
2896	10.764867
2897	10.764867
2898	10.764867
2899	10.764867
2900	10.764867
2901	10.764867
2902	10.764867
2903	10.764867
2904	10.764867
2905	10.764867
2906	10.764867
2907	10.764867
2908	10.764867
2909	10.764867
2910	10.764867
2911	10.764867
2912	10.764867
2913	10.764867
2914	10.764867
2915	10.764867
2916	10.764867
2917	10.764867
2918	10.764867
2919	10.764867
2920	10.764867
2921	10.764867
2922	10.764867
2923	10.764867
2924	10.764867
2925	10.764867
2926	10.764867
2927	10.764867
2928	10.764867
2929	10.764867
2930	10.764867
2931	10.764867
2932	10.764867
2933	10.764867
2934	10.764867
2935	10.764867
2936	10.764867
2937	10.764867
2938	10.764867
2939	10.764867
2940	10.764867
2941	10.764867
2942	10.764867
2943	10.764867
2944	10.764867
2945	10.764867
2946	10.764867
2947	10.764867
2948	10.764867
2949	10.764867
2950	10.764867
2951	10.764867
2952	10.764867
2953	10.764867
2954	10.764867
2955	10.764867
2956	10.764867
2957	10.764867
2958	10.764867
2959	10.764867
2960	10.764867
2961	10.764867
2962	10.764867
2963	10.764867
2964	10.764867
2965	10.764867
2966	10.764867
2967	10.764867
2968	10.764867
2969	10.764867
2970	10.764867
2971	10.764867
2972	10.764867
2973	10.764867
2974	10.764867
2975	10.764867
2976	10.764867
2977	10.764867
2978	10.764867
2979	10.764867
2980	10.764867
2981	10.764867
2982	10.764867
2983	10.764867
2984	10.764867
2985	10.764867
2986	10.764867
2987	10.764867
2988	10.764867
2989	10.764867
2990	10.764867
2991	10.764867
2992	10.764867
2993	10.764867
2994	10.764867
2995	10.764867
2996	10.764867
2997	10.764867
2998	10.764867
2999	10.764867
3000	10.764867
3001	10.764867
3002	10.764867
3003	10.764867
3004	10.764867
3005	10.764867
3006	10.764867
3007	10.764867
3008	10.764867
3009	10.764867
3010	10.764867
3011	10.764867
3012	10.764867
3013	10.764867
3014	10.764867
3015	10.764867
3016	10.764867
3017	10.764867
3018	10.764867
3019	10.764867
3020	10.764867
3021	10.764867
3022	10.764867
3023	10.764867
3024	10.764867
3025	10.764867
3026	10.764867
3027	10.764867
3028	10.764867
3029	10.764867
3030	10.764867
3031	10.764867
3032	10.764867
3033	10.764867
3034	10.764867
3035	10.764867
3036	10.764867
3037	10.764867
3038	10.764867
3039	10.764867
3040	10.764867
3041	10.764867
3042	10.764867
3043	10.764867
3044	10.764867
3045	10.764867
3046	10.764867
3047	10.764867
3048	10.764867
3049	10.764867
3050	10.764867
3051	10.764867
3052	10.764867
3053	10.764867
3054	10.764867
3055	10.764867
3056	10.764867
3057	10.764867
3058	10.764867
3059	10.764867
3060	10.764867
3061	10.764867
3062	10.764867
3063	10.764867
3064	10.764867
3065	10.764867
3066	10.764867
3067	10.764867
3068	10.764867
3069	10.764867
3070	10.764867
3071	10.764867
3072	10.764867
3073	10.764867
3074	10.764867
3075	10.764867
3076	10.764867
3077	10.764867
3078	10.764867
3079	10.764867
3080	10.764867
3081	10.764867
3082	10.764867
3083	10.764867
3084	10.764867
3085	10.764867
3086	10.764867
3087	10.764867
3088	10.764867
3089	10.764867
3090	10.764867
3091	10.764867
3092	10.764867
3093	10.764867
3094	10.764867
3095	10.764867
3096	10.764867
3097	10.764867
3098	10.764867
3099	10.764867
3100	10.764867
3101	10.764867
3102	10.764867
3103	10.764867
3104	10.764867
3105	10.764867
3106	10.764867
3107	10.764867
3108	10.764867
3109	10.764867
3110	10.764867
3111	10.764867
3112	10.764867
3113	10.764867
3114	10.764867
3115	10.764867
3116	10.764867
3117	10.764867
3118	10.764867
3119	10.764867
3120	10.764867
3121	10.764867
3122	10.764867
3123	10.764867
3124	10.764867
3125	10.764867
3126	10.764867
3127	10.764867
3128	10.764867
3129	10.764867
3130	10.764867
3131	10.764867
3132	10.764867
3133	10.764867
3134	10.764867
3135	10.764867
3136	10.764867
3137	10.764867
3138	10.764867
3139	10.764867
3140	10.764867
3141	10.764867
3142	10.764867
3143	10.764867
3144	10.764867
3145	10.764867
3146	10.764867
3147	10.764867
3148	10.764867
3149	10.764867
3150	10.764867
3151	10.764867
3152	10.764867
3153	10.764867
3154	10.764867
3155	10.764867
3156	10.764867
3157	10.764867
3158	10.764867
3159	10.764867
3160	10.764867
3161	10.764867
3162	10.764867
3163	10.764867
3164	10.764867
3165	10.764867
3166	10.764867
3167	10.764867
3168	10.764867
3169	10.764867
3170	10.764867
3171	10.764867
3172	10.764867
3173	10.764867
3174	10.764867
3175	10.764867
3176	10.764867
3177	10.764867
3178	10.764867
3179	10.764867
3180	10.764867
3181	10.764867
3182	10.764867
3183	10.764867
3184	10.764867
3185	10.764867
3186	10.764867
3187	10.764867
3188	10.764867
3189	10.764867
3190	10.764867
3191	10.764867
3192	10.764867
3193	10.764867
3194	10.764867
3195	10.764867
3196	10.764867
3197	10.764867
3198	10.764867
3199	10.764867
3200	10.764867
3201	10.764867
3202	10.764867
3203	10.764867
3204	10.764867
3205	10.764867
3206	10.764867
3207	10.764867
3208	10.764867
3209	10.764867
3210	10.764867
3211	10.764867
3212	10.764867
3213	10.764867
3214	10.764867
3215	10.764867
3216	10.764867
3217	10.764867
3218	10.764867
3219	10.764867
3220	10.764867
3221	10.764867
3222	10.764867
3223	10.764867
3224	10.764867
3225	10.764867
3226	10.764867
3227	10.764867
3228	10.764867
3229	10.764867
3230	10.764867
3231	10.764867
3232	10.764867
3233	10.764867
3234	10.764867
3235	10.764867
3236	10.764867
3237	10.764867
3238	10.764867
3239	10.764867
3240	10.764867
3241	10.764867
3242	10.764867
3243	10.764867
3244	10.764867
3245	10.764867
3246	10.764867
3247	10.764867
3248	10.764867
3249	10.764867
3250	10.764867
3251	10.764867
3252	10.764867
3253	10.764867
3254	10.764867
3255	10.764867
3256	10.764867
3257	10.764867
3258	10.764867
3259	10.764867
3260	10.764867
3261	10.764867
3262	10.764867
3263	10.764867
3264	10.764867
3265	10.764867
3266	10.764867
3267	10.764867
3268	10.764867
3269	10.764867
3270	10.764867
3271	10.764867
3272	10.764867
3273	10.764867
3274	10.764867
3275	10.764867
3276	10.764867
3277	10.764867
3278	10.764867
3279	10.764867
3280	10.764867
3281	10.764867
3282	10.764867
3283	10.764867
3284	10.764867
3285	10.764867
3286	10.764867
3287	10.764867
3288	10.764867
3289	10.764867
3290	10.764867
3291	10.764867
3292	10.764867
3293	10.764867
3294	10.764867
3295	10.764867
3296	10.764867
3297	10.764867
3298	10.764867
3299	10.764867
3300	10.764867
3301	10.764867
3302	10.764867
3303	10.764867
3304	10.764867
3305	10.764867
3306	10.764867
3307	10.764867
3308	10.764867
3309	10.764867
3310	10.764867
3311	10.764867
3312	10.764867
3313	10.764867
3314	10.764867
3315	10.764867
3316	10.764867
3317	10.764867
3318	10.764867
3319	10.764867
3320	10.764867
3321	10.764867
3322	10.764867
3323	10.764867
3324	10.764867
3325	10.764867
3326	10.764867
3327	10.764867
3328	10.764867
3329	10.764867
3330	10.764867
3331	10.764867
3332	10.764867
3333	10.764867
3334	10.764867
3335	10.764867
3336	10.764867
3337	10.764867
3338	10.764867
3339	10.764867
3340	10.764867
3341	10.764867
3342	10.764867
3343	10.764867
3344	10.764867
3345	10.764867
3346	10.764867
3347	10.764867
3348	10.764867
3349	10.764867
3350	10.764867
3351	10.764867
3352	10.764867
3353	10.764867
3354	10.764867
3355	10.764867
3356	10.764867
3357	10.764867
3358	10.764867
3359	10.764867
3360	10.764867
3361	10.764867
3362	10.764867
3363	10.764867
3364	10.764867
3365	10.764867
3366	10.764867
3367	10.764867
3368	10.764867
3369	10.764867
3370	10.764867
3371	10.764867
3372	10.764867
3373	10.764867
3374	10.764867
3375	10.764867
3376	10.764867
3377	10.764867
3378	10.764867
3379	10.764867
3380	10.764867
3381	10.764867
3382	10.764867
3383	10.764867
3384	10.764867
3385	10.764867
3386	10.764867
3387	10.764867
3388	10.764867
3389	10.764867
3390	10.764867
3391	10.764867
3392	10.764867
3393	10.764867
3394	10.764867
3395	10.764867
3396	10.764867
3397	10.764867
3398	10.764867
3399	10.764867
3400	10.764867
3401	10.764867
3402	10.764867
3403	10.764867
3404	10.764867
3405	10.764867
3406	10.764867
3407	10.764867
3408	10.764867
3409	10.764867
3410	10.764867
3411	10.764867
3412	10.764867
3413	10.764867
3414	10.764867
3415	10.764867
3416	10.764867
3417	10.764867
3418	10.764867
3419	10.764867
3420	10.764867
3421	10.764867
3422	10.764867
3423	10.764867
3424	10.764867
3425	10.764867
3426	10.764867
3427	10.764867
3428	10.764867
3429	10.764867
3430	10.764867
3431	10.764867
3432	10.764867
3433	10.764867
3434	10.764867
3435	10.764867
3436	10.764867
3437	10.764867
3438	10.764867
3439	10.764867
3440	10.764867
3441	10.764867
3442	10.764867
3443	10.764867
3444	10.764867
3445	10.764867
3446	10.764867
3447	10.764867
3448	10.764867
3449	10.764867
3450	10.764867
3451	10.764867
3452	10.764867
3453	10.764867
3454	10.764867
3455	10.764867
3456	10.764867
3457	10.764867
3458	10.764867
3459	10.764867
3460	10.764867
3461	10.764867
3462	10.764867
3463	10.764867
3464	10.764867
3465	10.764867
3466	10.764867
3467	10.764867
3468	10.764867
3469	10.764867
3470	10.764867
3471	10.764867
3472	10.764867
3473	10.764867
3474	10.764867
3475	10.764867
3476	10.764867
3477	10.764867
3478	10.764867
3479	10.764867
3480	10.764867
3481	10.764867
3482	10.764867
3483	10.764867
3484	10.764867
3485	10.764867
3486	10.764867
3487	10.764867
3488	10.764867
3489	10.764867
3490	10.764867
3491	10.764867
3492	10.764867
3493	10.764867
3494	10.764867
3495	10.764867
3496	10.764867
3497	10.764867
3498	10.764867
3499	10.764867
3500	10.764867
3501	10.764867
3502	10.764867
3503	10.764867
3504	10.764867
3505	10.764867
3506	10.764867
3507	10.764867
3508	10.764867
3509	10.764867
3510	10.764867
3511	10.764867
3512	10.764867
3513	10.764867
3514	10.764867
3515	10.764867
3516	10.764867
3517	10.764867
3518	10.764867
3519	10.764867
3520	10.764867
3521	10.764867
3522	10.764867
3523	10.764867
3524	10.764867
3525	10.764867
3526	10.764867
3527	10.764867
3528	10.764867
3529	10.764867
3530	10.764867
3531	10.764867
3532	10.764867
3533	10.764867
3534	10.764867
3535	10.764867
3536	10.764867
3537	10.764867
3538	10.764867
3539	10.764867
3540	10.764867
3541	10.764867
3542	10.764867
3543	10.764867
3544	10.764867
3545	10.764867
3546	10.764867
3547	10.764867
3548	10.764867
3549	10.764867
3550	10.764867
3551	10.764867
3552	10.764867
3553	10.764867
3554	10.764867
3555	10.764867
3556	10.764867
3557	10.764867
3558	10.764867
3559	10.764867
3560	10.764867
3561	10.764867
3562	10.764867
3563	10.764867
3564	10.764867
3565	10.764867
3566	10.764867
3567	10.764867
3568	10.764867
3569	10.764867
3570	10.764867
3571	10.764867
3572	10.764867
3573	10.764867
3574	10.764867
3575	10.764867
3576	10.764867
3577	10.764867
3578	10.764867
3579	10.764867
3580	10.764867
3581	10.764867
3582	10.764867
3583	10.764867
3584	10.764867
3585	10.764867
3586	10.764867
3587	10.764867
3588	10.764867
3589	10.764867
3590	10.764867
3591	10.764867
3592	10.764867
3593	10.764867
3594	10.764867
3595	10.764867
3596	10.764867
3597	10.764867
3598	10.764867
3599	10.764867
3600	10.764867
3601	10.764867
3602	10.764867
3603	10.764867
3604	10.764867
3605	10.764867
3606	10.764867
3607	10.764867
3608	10.764867
3609	10.764867
3610	10.764867
3611	10.764867
3612	10.764867
3613	10.764867
3614	10.764867
3615	10.764867
3616	10.764867
3617	10.764867
3618	10.764867
3619	10.764867
3620	10.764867
3621	10.764867
3622	10.764867
3623	10.764867
3624	10.764867
3625	10.764867
3626	10.764867
3627	10.764867
3628	10.764867
3629	10.764867
3630	10.764867
3631	10.764867
3632	10.764867
3633	10.764867
3634	10.764867
3635	10.764867
3636	10.764867
3637	10.764867
3638	10.764867
3639	10.764867
3640	10.764867
3641	10.764867
3642	10.764867
3643	10.764867
3644	10.764867
3645	10.764867
3646	10.764867
3647	10.764867
3648	10.764867
3649	10.764867
3650	10.764867
3651	10.764867
3652	10.764867
3653	10.764867
3654	10.764867
3655	10.764867
3656	10.764867
3657	10.764867
3658	10.764867
3659	10.764867
3660	10.764867
3661	10.764867
3662	10.764867
3663	10.764867
3664	10.764867
3665	10.764867
3666	10.764867
3667	10.764867
3668	10.764867
3669	10.764867
3670	10.764867
3671	10.764867
3672	10.764867
3673	10.764867
3674	10.764867
3675	10.764867
3676	10.764867
3677	10.764867
3678	10.764867
3679	10.764867
3680	10.764867
3681	10.764867
3682	10.764867
3683	10.764867
3684	10.764867
3685	10.764867
3686	10.764867
3687	10.764867
3688	10.764867
3689	10.764867
3690	10.764867
3691	10.764867
3692	10.764867
3693	10.764867
3694	10.764867
3695	10.764867
3696	10.764867
3697	10.764867
3698	10.764867
3699	10.764867
3700	10.764867
3701	10.764867
3702	10.764867
3703	10.764867
3704	10.764867
3705	10.764867
3706	10.764867
3707	10.764867
3708	10.764867
3709	10.764867
3710	10.764867
3711	10.764867
3712	10.764867
3713	10.764867
3714	10.764867
3715	10.764867
3716	10.764867
3717	10.764867
3718	10.764867
3719	10.764867
3720	10.764867
3721	10.764867
3722	10.764867
3723	10.764867
3724	10.764867
3725	10.764867
3726	10.764867
3727	10.764867
3728	10.764867
3729	10.764867
3730	10.764867
3731	10.764867
3732	10.764867
3733	10.764867
3734	10.764867
3735	10.764867
3736	10.764867
3737	10.764867
3738	10.764867
3739	10.764867
3740	10.764867
3741	10.764867
3742	10.764867
3743	10.764867
3744	10.764867
3745	10.764867
3746	10.764867
3747	10.764867
3748	10.764867
3749	10.764867
3750	10.764867
3751	10.764867
3752	10.764867
3753	10.764867
3754	10.764867
3755	10.764867
3756	10.764867
3757	10.764867
3758	10.764867
3759	10.764867
3760	10.764867
3761	10.764867
3762	10.764867
3763	10.764867
3764	10.764867
3765	10.764867
3766	10.764867
3767	10.764867
3768	10.764867
3769	10.764867
3770	10.764867
3771	10.764867
3772	10.764867
3773	10.764867
3774	10.764867
3775	10.764867
3776	10.764867
3777	10.764867
3778	10.764867
3779	10.764867
3780	10.764867
3781	10.764867
3782	10.764867
3783	10.764867
3784	10.764867
3785	10.764867
3786	10.764867
3787	10.764867
3788	10.764867
3789	10.764867
3790	10.764867
3791	10.764867
3792	10.764867
3793	10.764867
3794	10.764867
3795	10.764867
3796	10.764867
3797	10.764867
3798	10.764867
3799	10.764867
3800	10.764867
3801	10.764867
3802	10.764867
3803	10.764867
3804	10.764867
3805	10.764867
3806	10.764867
3807	10.764867
3808	10.764867
3809	10.764867
3810	10.764867
3811	10.764867
3812	10.764867
3813	10.764867
3814	10.764867
3815	10.764867
3816	10.764867
3817	10.764867
3818	10.764867
3819	10.764867
3820	10.764867
3821	10.764867
3822	10.764867
3823	10.764867
3824	10.764867
3825	10.764867
3826	10.764867
3827	10.764867
3828	10.764867
3829	10.764867
3830	10.764867
3831	10.764867
3832	10.764867
3833	10.764867
3834	10.764867
3835	10.764867
3836	10.764867
3837	10.764867
3838	10.764867
3839	10.764867
3840	10.764867
3841	10.764867
3842	10.764867
3843	10.764867
3844	10.764867
3845	10.764867
3846	10.764867
3847	10.764867
3848	10.764867
3849	10.764867
3850	10.764867
3851	10.764867
3852	10.764867
3853	10.764867
3854	10.764867
3855	10.764867
3856	10.764867
3857	10.764867
3858	10.764867
3859	10.764867
3860	10.764867
3861	10.764867
3862	10.764867
3863	10.764867
3864	10.764867
3865	10.764867
3866	10.764867
3867	10.764867
3868	10.764867
3869	10.764867
3870	10.764867
3871	10.764867
3872	10.764867
3873	10.764867
3874	10.764867
3875	10.764867
3876	10.764867
3877	10.764867
3878	10.764867
3879	10.764867
3880	10.764867
3881	10.764867
3882	10.764867
3883	10.764867
3884	10.764867
3885	10.764867
3886	10.764867
3887	10.764867
3888	10.764867
3889	10.764867
3890	10.764867
3891	10.764867
3892	10.764867
3893	10.764867
3894	10.764867
3895	10.764867
3896	10.764867
3897	10.764867
3898	10.764867
3899	10.764867
3900	10.764867
3901	10.764867
3902	10.764867
3903	10.764867
3904	10.764867
3905	10.764867
3906	10.764867
3907	10.764867
3908	10.764867
3909	10.764867
3910	10.764867
3911	10.764867
3912	10.764867
3913	10.764867
3914	10.764867
3915	10.764867
3916	10.764867
3917	10.764867
3918	10.764867
3919	10.764867
3920	10.764867
3921	10.764867
3922	10.764867
3923	10.764867
3924	10.764867
3925	10.764867
3926	10.764867
3927	10.764867
3928	10.764867
3929	10.764867
3930	10.764867
3931	10.764867
3932	10.764867
3933	10.764867
3934	10.764867
3935	10.764867
3936	10.764867
3937	10.764867
3938	10.764867
3939	10.764867
3940	10.764867
3941	10.764867
3942	10.764867
3943	10.764867
3944	10.764867
3945	10.764867
3946	10.764867
3947	10.764867
3948	10.764867
3949	10.764867
3950	10.764867
3951	10.764867
3952	10.764867
3953	10.764867
3954	10.764867
3955	10.764867
3956	10.764867
3957	10.764867
3958	10.764867
3959	10.764867
3960	10.764867
3961	10.764867
3962	10.764867
3963	10.764867
3964	10.764867
3965	10.764867
3966	10.764867
3967	10.764867
3968	10.764867
3969	10.764867
3970	10.764867
3971	10.764867
3972	10.764867
3973	10.764867
3974	10.764867
3975	10.764867
3976	10.764867
3977	10.764867
3978	10.764867
3979	10.764867
3980	10.764867
3981	10.764867
3982	10.764867
3983	10.764867
3984	10.764867
3985	10.764867
3986	10.764867
3987	10.764867
3988	10.764867
3989	10.764867
3990	10.764867
3991	10.764867
3992	10.764867
3993	10.764867
3994	10.764867
3995	10.764867
3996	10.764867
3997	10.764867
3998	10.764867
3999	10.764867
4000	10.764867
4001	10.764867
4002	10.764867
4003	10.764867
4004	10.764867
4005	10.764867
4006	10.764867
4007	10.764867
4008	10.764867
4009	10.764867
4010	10.764867
4011	10.764867
4012	10.764867
4013	10.764867
4014	10.764867
4015	10.764867
4016	10.764867
4017	10.764867
4018	10.764867
4019	10.764867
4020	10.764867
4021	10.764867
4022	10.764867
4023	10.764867
4024	10.764867
4025	10.764867
4026	10.764867
4027	10.764867
4028	10.764867
4029	10.764867
4030	10.764867
4031	10.764867
4032	10.764867
4033	10.764867
4034	10.764867
4035	10.764867
4036	10.764867
4037	10.764867
4038	10.764867
4039	10.764867
4040	10.764867
4041	10.764867
4042	10.764867
4043	10.764867
4044	10.764867
4045	10.764867
4046	10.764867
4047	10.764867
4048	10.764867
4049	10.764867
4050	10.764867
4051	10.764867
4052	10.764867
4053	10.764867
4054	10.764867
4055	10.764867
4056	10.764867
4057	10.764867
4058	10.764867
4059	10.764867
4060	10.764867
4061	10.764867
4062	10.764867
4063	10.764867
4064	10.764867
4065	10.764867
4066	10.764867
4067	10.764867
4068	10.764867
4069	10.764867
4070	10.764867
4071	10.764867
4072	10.764867
4073	10.764867
4074	10.764867
4075	10.764867
4076	10.764867
4077	10.764867
4078	10.764867
4079	10.764867
4080	10.764867
4081	10.764867
4082	10.764867
4083	10.764867
4084	10.764867
4085	10.764867
4086	10.764867
4087	10.764867
4088	10.764867
4089	10.764867
4090	10.764867
4091	10.764867
4092	10.764867
4093	10.764867
4094	10.764867
4095	10.764867
4096	10.764867
4097	10.764867
4098	10.764867
4099	10.764867
4100	10.764867
4101	10.764867
4102	10.764867
4103	10.764867
4104	10.764867
4105	10.764867
4106	10.764867
4107	10.764867
4108	10.764867
4109	10.764867
4110	10.764867
4111	10.764867
4112	10.764867
4113	10.764867
4114	10.764867
4115	10.764867
4116	10.764867
4117	10.764867
4118	10.764867
4119	10.764867
4120	10.764867
4121	10.764867
4122	10.764867
4123	10.764867
4124	10.764867
4125	10.764867
4126	10.764867
4127	10.764867
4128	10.764867
4129	10.764867
4130	10.764867
4131	10.764867
4132	10.764867
4133	10.764867
4134	10.764867
4135	10.764867
4136	10.764867
4137	10.764867
4138	10.764867
4139	10.764867
4140	10.764867
4141	10.764867
4142	10.764867
4143	10.764867
4144	10.764867
4145	10.764867
4146	10.764867
4147	10.764867
4148	10.764867
4149	10.764867
4150	10.764867
4151	10.764867
4152	10.764867
4153	10.764867
4154	10.764867
4155	10.764867
4156	10.764867
4157	10.764867
4158	10.764867
4159	10.764867
4160	10.764867
4161	10.764867
4162	10.764867
4163	10.764867
4164	10.764867
4165	10.764867
4166	10.764867
4167	10.764867
4168	10.764867
4169	10.764867
4170	10.764867
4171	10.764867
4172	10.764867
4173	10.764867
4174	10.764867
4175	10.764867
4176	10.764867
4177	10.764867
4178	10.764867
4179	10.764867
4180	10.764867
4181	10.764867
4182	10.764867
4183	10.764867
4184	10.764867
4185	10.764867
4186	10.764867
4187	10.764867
4188	10.764867
4189	10.764867
4190	10.764867
4191	10.764867
4192	10.764867
4193	10.764867
4194	10.764867
4195	10.764867
4196	10.764867
4197	10.764867
4198	10.764867
4199	10.764867
4200	10.764867
4201	10.764867
4202	10.764867
4203	10.764867
4204	10.764867
4205	10.764867
4206	10.764867
4207	10.764867
4208	10.764867
4209	10.764867
4210	10.764867
4211	10.764867
4212	10.764867
4213	10.764867
4214	10.764867
4215	10.764867
4216	10.764867
4217	10.764867
4218	10.764867
4219	10.764867
4220	10.764867
4221	10.764867
4222	10.764867
4223	10.764867
4224	10.764867
4225	10.764867
4226	10.764867
4227	10.764867
4228	10.764867
4229	10.764867
4230	10.764867
4231	10.764867
4232	10.764867
4233	10.764867
4234	10.764867
4235	10.764867
4236	10.764867
4237	10.764867
4238	10.764867
4239	10.764867
4240	10.764867
4241	10.764867
4242	10.764867
4243	10.764867
4244	10.764867
4245	10.764867
4246	10.764867
4247	10.764867
4248	10.764867
4249	10.764867
4250	10.764867
4251	10.764867
4252	10.764867
4253	10.764867
4254	10.764867
4255	10.764867
4256	10.764867
4257	10.764867
4258	10.764867
4259	10.764867
4260	10.764867
4261	10.764867
4262	10.764867
4263	10.764867
4264	10.764867
4265	10.764867
4266	10.764867
4267	10.764867
4268	10.764867
4269	10.764867
4270	10.764867
4271	10.764867
4272	10.764867
4273	10.764867
4274	10.764867
4275	10.764867
4276	10.764867
4277	10.764867
4278	10.764867
4279	10.764867
4280	10.764867
4281	10.764867
4282	10.764867
4283	10.764867
4284	10.764867
4285	10.764867
4286	10.764867
4287	10.764867
4288	10.764867
4289	10.764867
4290	10.764867
4291	10.764867
4292	10.764867
4293	10.764867
4294	10.764867
4295	10.764867
4296	10.764867
4297	10.764867
4298	10.764867
4299	10.764867
4300	10.764867
4301	10.764867
4302	10.764867
4303	10.764867
4304	10.764867
4305	10.764867
4306	10.764867
4307	10.764867
4308	10.764867
4309	10.764867
4310	10.764867
4311	10.764867
4312	10.764867
4313	10.764867
4314	10.764867
4315	10.764867
4316	10.764867
4317	10.764867
4318	10.764867
4319	10.764867
4320	10.764867
4321	10.764867
4322	10.764867
4323	10.764867
4324	10.764867
4325	10.764867
4326	10.764867
4327	10.764867
4328	10.764867
4329	10.764867
4330	10.764867
4331	10.764867
4332	10.764867
4333	10.764867
4334	10.764867
4335	10.764867
4336	10.764867
4337	10.764867
4338	10.764867
4339	10.764867
4340	10.764867
4341	10.764867
4342	10.764867
4343	10.764867
4344	10.764867
4345	10.764867
4346	10.764867
4347	10.764867
4348	10.764867
4349	10.764867
4350	10.764867
4351	10.764867
4352	10.764867
4353	10.764867
4354	10.764867
4355	10.764867
4356	10.764867
4357	10.764867
4358	10.764867
4359	10.764867
4360	10.764867
4361	10.764867
4362	10.764867
4363	10.764867
4364	10.764867
4365	10.764867
4366	10.764867
4367	10.764867
4368	10.764867
4369	10.764867
4370	10.764867
4371	10.764867
4372	10.764867
4373	10.764867
4374	10.764867
4375	10.764867
4376	10.764867
4377	10.764867
4378	10.764867
4379	10.764867
4380	10.764867
4381	10.764867
4382	10.764867
4383	10.764867
4384	10.764867
4385	10.764867
4386	10.764867
4387	10.764867
4388	10.764867
4389	10.764867
4390	10.764867
4391	10.764867
4392	10.764867
4393	10.764867
4394	10.764867
4395	10.764867
4396	10.764867
4397	10.764867
4398	10.764867
4399	10.764867
4400	10.764867
4401	10.764867
4402	10.764867
4403	10.764867
4404	10.764867
4405	10.764867
4406	10.764867
4407	10.764867
4408	10.764867
4409	10.764867
4410	10.764867
4411	10.764867
4412	10.764867
4413	10.764867
4414	10.764867
4415	10.764867
4416	10.764867
4417	10.764867
4418	10.764867
4419	10.764867
4420	10.764867
4421	10.764867
4422	10.764867
4423	10.764867
4424	10.764867
4425	10.764867
4426	10.764867
4427	10.764867
4428	10.764867
4429	10.764867
4430	10.764867
4431	10.764867
4432	10.764867
4433	10.764867
4434	10.764867
4435	10.764867
4436	10.764867
4437	10.764867
4438	10.764867
4439	10.764867
4440	10.764867
4441	10.764867
4442	10.764867
4443	10.764867
4444	10.764867
4445	10.764867
4446	10.764867
4447	10.764867
4448	10.764867
4449	10.764867
4450	10.764867
4451	10.764867
4452	10.764867
4453	10.764867
4454	10.764867
4455	10.764867
4456	10.764867
4457	10.764867
4458	10.764867
4459	10.764867
4460	10.764867
4461	10.764867
4462	10.764867
4463	10.764867
4464	10.764867
4465	10.764867
4466	10.764867
4467	10.764867
4468	10.764867
4469	10.764867
4470	10.764867
4471	10.764867
4472	10.764867
4473	10.764867
4474	10.764867
4475	10.764867
4476	10.764867
4477	10.764867
4478	10.764867
4479	10.764867
4480	10.764867
4481	10.764867
4482	10.764867
4483	10.764867
4484	10.764867
4485	10.764867
4486	10.764867
4487	10.764867
4488	10.764867
4489	10.764867
4490	10.764867
4491	10.764867
4492	10.764867
4493	10.764867
4494	10.764867
4495	10.764867
4496	10.764867
4497	10.764867
4498	10.764867
4499	10.764867
4500	10.764867
4501	10.764867
4502	10.764867
4503	10.764867
4504	10.764867
4505	10.764867
4506	10.764867
4507	10.764867
4508	10.764867
4509	10.764867
4510	10.764867
4511	10.764867
4512	10.764867
4513	10.764867
4514	10.764867
4515	10.764867
4516	10.764867
4517	10.764867
4518	10.764867
4519	10.764867
4520	10.764867
4521	10.764867
4522	10.764867
4523	10.764867
4524	10.764867
4525	10.764867
4526	10.764867
4527	10.764867
4528	10.764867
4529	10.764867
4530	10.764867
4531	10.764867
4532	10.764867
4533	10.764867
4534	10.764867
4535	10.764867
4536	10.764867
4537	10.764867
4538	10.764867
4539	10.764867
4540	10.764867
4541	10.764867
4542	10.764867
4543	10.764867
4544	10.764867
4545	10.764867
4546	10.764867
4547	10.764867
4548	10.764867
4549	10.764867
4550	10.764867
4551	10.764867
4552	10.764867
4553	10.764867
4554	10.764867
4555	10.764867
4556	10.764867
4557	10.764867
4558	10.764867
4559	10.764867
4560	10.764867
4561	10.764867
4562	10.764867
4563	10.764867
4564	10.764867
4565	10.764867
4566	10.764867
4567	10.764867
4568	10.764867
4569	10.764867
4570	10.764867
4571	10.764867
4572	10.764867
4573	10.764867
4574	10.764867
4575	10.764867
4576	10.764867
4577	10.764867
4578	10.764867
4579	10.764867
4580	10.764867
4581	10.764867
4582	10.764867
4583	10.764867
4584	10.764867
4585	10.764867
4586	10.764867
4587	10.764867
4588	10.764867
4589	10.764867
4590	10.764867
4591	10.764867
4592	10.764867
4593	10.764867
4594	10.764867
4595	10.764867
4596	10.764867
4597	10.764867
4598	10.764867
4599	10.764867
4600	10.764867
4601	10.764867
4602	10.764867
4603	10.764867
4604	10.764867
4605	10.764867
4606	10.764867
4607	10.764867
4608	10.764867
4609	10.764867
4610	10.764867
4611	10.764867
4612	10.764867
4613	10.764867
4614	10.764867
4615	10.764867
4616	10.764867
4617	10.764867
4618	10.764867
4619	10.764867
4620	10.764867
4621	10.764867
4622	10.764867
4623	10.764867
4624	10.764867
4625	10.764867
4626	10.764867
4627	10.764867
4628	10.764867
4629	10.764867
4630	10.764867
4631	10.764867
4632	10.764867
4633	10.764867
4634	10.764867
4635	10.764867
4636	10.764867
4637	10.764867
4638	10.764867
4639	10.764867
4640	10.764867
4641	10.764867
4642	10.764867
4643	10.764867
4644	10.764867
4645	10.764867
4646	10.764867
4647	10.764867
4648	10.764867
4649	10.764867
4650	10.764867
4651	10.764867
4652	10.764867
4653	10.764867
4654	10.764867
4655	10.764867
4656	10.764867
4657	10.764867
4658	10.764867
4659	10.764867
4660	10.764867
4661	10.764867
4662	10.764867
4663	10.764867
4664	10.764867
4665	10.764867
4666	10.764867
4667	10.764867
4668	10.764867
4669	10.764867
4670	10.764867
4671	10.764867
4672	10.764867
4673	10.764867
4674	10.764867
4675	10.764867
4676	10.764867
4677	10.764867
4678	10.764867
4679	10.764867
4680	10.764867
4681	10.764867
4682	10.764867
4683	10.764867
4684	10.764867
4685	10.764867
4686	10.764867
4687	10.764867
4688	10.764867
4689	10.764867
4690	10.764867
4691	10.764867
4692	10.764867
4693	10.764867
4694	10.764867
4695	10.764867
4696	10.764867
4697	10.764867
4698	10.764867
4699	10.764867
4700	10.764867
4701	10.764867
4702	10.764867
4703	10.764867
4704	10.764867
4705	10.764867
4706	10.764867
4707	10.764867
4708	10.764867
4709	10.764867
4710	10.764867
4711	10.764867
4712	10.764867
4713	10.764867
4714	10.764867
4715	10.764867
4716	10.764867
4717	10.764867
4718	10.764867
4719	10.764867
4720	10.764867
4721	10.764867
4722	10.764867
4723	10.764867
4724	10.764867
4725	10.764867
4726	10.764867
4727	10.764867
4728	10.764867
4729	10.764867
4730	10.764867
4731	10.764867
4732	10.764867
4733	10.764867
4734	10.764867
4735	10.764867
4736	10.764867
4737	10.764867
4738	10.764867
4739	10.764867
4740	10.764867
4741	10.764867
4742	10.764867
4743	10.764867
4744	10.764867
4745	10.764867
4746	10.764867
4747	10.764867
4748	10.764867
4749	10.764867
4750	10.764867
4751	10.764867
4752	10.764867
4753	10.764867
4754	10.764867
4755	10.764867
4756	10.764867
4757	10.764867
4758	10.764867
4759	10.764867
4760	10.764867
4761	10.764867
4762	10.764867
4763	10.764867
4764	10.764867
4765	10.764867
4766	10.764867
4767	10.764867
4768	10.764867
4769	10.764867
4770	10.764867
4771	10.764867
4772	10.764867
4773	10.764867
4774	10.764867
4775	10.764867
4776	10.764867
4777	10.764867
4778	10.764867
4779	10.764867
4780	10.764867
4781	10.764867
4782	10.764867
4783	10.764867
4784	10.764867
4785	10.764867
4786	10.764867
4787	10.764867
4788	10.764867
4789	10.764867
4790	10.764867
4791	10.764867
4792	10.764867
4793	10.764867
4794	10.764867
4795	10.764867
4796	10.764867
4797	10.764867
4798	10.764867
4799	10.764867
4800	10.764867
4801	10.764867
4802	10.764867
4803	10.764867
4804	10.764867
4805	10.764867
4806	10.764867
4807	10.764867
4808	10.764867
4809	10.764867
4810	10.764867
4811	10.764867
4812	10.764867
4813	10.764867
4814	10.764867
4815	10.764867
4816	10.764867
4817	10.764867
4818	10.764867
4819	10.764867
4820	10.764867
4821	10.764867
4822	10.764867
4823	10.764867
4824	10.764867
4825	10.764867
4826	10.764867
4827	10.764867
4828	10.764867
4829	10.764867
4830	10.764867
4831	10.764867
4832	10.764867
4833	10.764867
4834	10.764867
4835	10.764867
4836	10.764867
4837	10.764867
4838	10.764867
4839	10.764867
4840	10.764867
4841	10.764867
4842	10.764867
4843	10.764867
4844	10.764867
4845	10.764867
4846	10.764867
4847	10.764867
4848	10.764867
4849	10.764867
4850	10.764867
4851	10.764867
4852	10.764867
4853	10.764867
4854	10.764867
4855	10.764867
4856	10.764867
4857	10.764867
4858	10.764867
4859	10.764867
4860	10.764867
4861	10.764867
4862	10.764867
4863	10.764867
4864	10.764867
4865	10.764867
4866	10.764867
4867	10.764867
4868	10.764867
4869	10.764867
4870	10.764867
4871	10.764867
4872	10.764867
4873	10.764867
4874	10.764867
4875	10.764867
4876	10.764867
4877	10.764867
4878	10.764867
4879	10.764867
4880	10.764867
4881	10.764867
4882	10.764867
4883	10.764867
4884	10.764867
4885	10.764867
4886	10.764867
4887	10.764867
4888	10.764867
4889	10.764867
4890	10.764867
4891	10.764867
4892	10.764867
4893	10.764867
4894	10.764867
4895	10.764867
4896	10.764867
4897	10.764867
4898	10.764867
4899	10.764867
4900	10.764867
4901	10.764867
4902	10.764867
4903	10.764867
4904	10.764867
4905	10.764867
4906	10.764867
4907	10.764867
4908	10.764867
4909	10.764867
4910	10.764867
4911	10.764867
4912	10.764867
4913	10.764867
4914	10.764867
4915	10.764867
4916	10.764867
4917	10.764867
4918	10.764867
4919	10.764867
4920	10.764867
4921	10.764867
4922	10.764867
4923	10.764867
4924	10.764867
4925	10.764867
4926	10.764867
4927	10.764867
4928	10.764867
4929	10.764867
4930	10.764867
4931	10.764867
4932	10.764867
4933	10.764867
4934	10.764867
4935	10.764867
4936	10.764867
4937	10.764867
4938	10.764867
4939	10.764867
4940	10.764867
4941	10.764867
4942	10.764867
4943	10.764867
4944	10.764867
4945	10.764867
4946	10.764867
4947	10.764867
4948	10.764867
4949	10.764867
4950	10.764867
4951	10.764867
4952	10.764867
4953	10.764867
4954	10.764867
4955	10.764867
4956	10.764867
4957	10.764867
4958	10.764867
4959	10.764867
4960	10.764867
4961	10.764867
4962	10.764867
4963	10.764867
4964	10.764867
4965	10.764867
4966	10.764867
4967	10.764867
4968	10.764867
4969	10.764867
4970	10.764867
4971	10.764867
4972	10.764867
4973	10.764867
4974	10.764867
4975	10.764867
4976	10.764867
4977	10.764867
4978	10.764867
4979	10.764867
4980	10.764867
4981	10.764867
4982	10.764867
4983	10.764867
4984	10.764867
4985	10.764867
4986	10.764867
4987	10.764867
4988	10.764867
4989	10.764867
4990	10.764867
4991	10.764867
4992	10.764867
4993	10.764867
4994	10.764867
4995	10.764867
4996	10.764867
4997	10.764867
4998	10.764867
4999	10.764867
5000	10.764867
5001	10.764867
5002	10.764867
5003	10.764867
5004	10.764867
5005	10.764867
5006	10.764867
5007	10.764867
5008	10.764867
5009	10.764867
5010	10.764867
5011	10.764867
5012	10.764867
5013	10.764867
5014	10.764867
5015	10.764867
5016	10.764867
5017	10.764867
5018	10.764867
5019	10.764867
5020	10.764867
5021	10.764867
5022	10.764867
5023	10.764867
5024	10.764867
5025	10.764867
5026	10.764867
5027	10.764867
5028	10.764867
5029	10.764867
5030	10.764867
5031	10.764867
5032	10.764867
5033	10.764867
5034	10.764867
5035	10.764867
5036	10.764867
5037	10.764867
5038	10.764867
5039	10.764867
5040	10.764867
5041	10.764867
5042	10.764867
5043	10.764867
5044	10.764867
5045	10.764867
5046	10.764867
5047	10.764867
5048	10.764867
5049	10.764867
5050	10.764867
5051	10.764867
5052	10.764867
5053	10.764867
5054	10.764867
5055	10.764867
5056	10.764867
5057	10.764867
5058	10.764867
5059	10.764867
5060	10.764867
5061	10.764867
5062	10.764867
5063	10.764867
5064	10.764867
5065	10.764867
5066	10.764867
5067	10.764867
5068	10.764867
5069	10.764867
5070	10.764867
5071	10.764867
5072	10.764867
5073	10.764867
5074	10.764867
5075	10.764867
5076	10.764867
5077	10.764867
5078	10.764867
5079	10.764867
5080	10.764867
5081	10.764867
5082	10.764867
5083	10.764867
5084	10.764867
5085	10.764867
5086	10.764867
5087	10.764867
5088	10.764867
5089	10.764867
5090	10.764867
5091	10.764867
5092	10.764867
5093	10.764867
5094	10.764867
5095	10.764867
5096	10.764867
5097	10.764867
5098	10.764867
5099	10.764867
5100	10.764867
5101	10.764867
5102	10.764867
5103	10.764867
5104	10.764867
5105	10.764867
5106	10.764867
5107	10.764867
5108	10.764867
5109	10.764867
5110	10.764867
5111	10.764867
5112	10.764867
5113	10.764867
5114	10.764867
5115	10.764867
5116	10.764867
5117	10.764867
5118	10.764867
5119	10.764867
5120	10.764867
5121	10.764867
5122	10.764867
5123	10.764867
5124	10.764867
5125	10.764867
5126	10.764867
5127	10.764867
5128	10.764867
5129	10.764867
5130	10.764867
5131	10.764867
5132	10.764867
5133	10.764867
5134	10.764867
5135	10.764867
5136	10.764867
5137	10.764867
5138	10.764867
5139	10.764867
5140	10.764867
5141	10.764867
5142	10.764867
5143	10.764867
5144	10.764867
5145	10.764867
5146	10.764867
5147	10.764867
5148	10.764867
5149	10.764867
5150	10.764867
5151	10.764867
5152	10.764867
5153	10.764867
5154	10.764867
5155	10.764867
5156	10.764867
5157	10.764867
5158	10.764867
5159	10.764867
5160	10.764867
5161	10.764867
5162	10.764867
5163	10.764867
5164	10.764867
5165	10.764867
5166	10.764867
5167	10.764867
5168	10.764867
5169	10.764867
5170	10.764867
5171	10.764867
5172	10.764867
5173	10.764867
5174	10.764867
5175	10.764867
5176	10.764867
5177	10.764867
5178	10.764867
5179	10.764867
5180	10.764867
5181	10.764867
5182	10.764867
5183	10.764867
5184	10.764867
5185	10.764867
5186	10.764867
5187	10.764867
5188	10.764867
5189	10.764867
5190	10.764867
5191	10.764867
5192	10.764867
5193	10.764867
5194	10.764867
5195	10.764867
5196	10.764867
5197	10.764867
5198	10.764867
5199	10.764867
5200	10.764867
5201	10.764867
5202	10.764867
5203	10.764867
5204	10.764867
5205	10.764867
5206	10.764867
5207	10.764867
5208	10.764867
5209	10.764867
5210	10.764867
5211	10.764867
5212	10.764867
5213	10.764867
5214	10.764867
5215	10.764867
5216	10.764867
5217	10.764867
5218	10.764867
5219	10.764867
5220	10.764867
5221	10.764867
5222	10.764867
5223	10.764867
5224	10.764867
5225	10.764867
5226	10.764867
5227	10.764867
5228	10.764867
5229	10.764867
5230	10.764867
5231	10.764867
5232	10.764867
5233	10.764867
5234	10.764867
5235	10.764867
5236	10.764867
5237	10.764867
5238	10.764867
5239	10.764867
5240	10.764867
5241	10.764867
5242	10.764867
5243	10.764867
5244	10.764867
5245	10.764867
5246	10.764867
5247	10.764867
5248	10.764867
5249	10.764867
5250	10.764867
5251	10.764867
5252	10.764867
5253	10.764867
5254	10.764867
5255	10.764867
5256	10.764867
5257	10.764867
5258	10.764867
5259	10.764867
5260	10.764867
5261	10.764867
5262	10.764867
5263	10.764867
5264	10.764867
5265	10.764867
5266	10.764867
5267	10.764867
5268	10.764867
5269	10.764867
5270	10.764867
5271	10.764867
5272	10.764867
5273	10.764867
5274	10.764867
5275	10.764867
5276	10.764867
5277	10.764867
5278	10.764867
5279	10.764867
5280	10.764867
5281	10.764867
5282	10.764867
5283	10.764867
5284	10.764867
5285	10.764867
5286	10.764867
5287	10.764867
5288	10.764867
5289	10.764867
5290	10.764867
5291	10.764867
5292	10.764867
5293	10.764867
5294	10.764867
5295	10.764867
5296	10.764867
5297	10.764867
5298	10.764867
5299	10.764867
5300	10.764867
5301	10.764867
5302	10.764867
5303	10.764867
5304	10.764867
5305	10.764867
5306	10.764867
5307	10.764867
5308	10.764867
5309	10.764867
5310	10.764867
5311	10.764867
5312	10.764867
5313	10.764867
5314	10.764867
5315	10.764867
5316	10.764867
5317	10.764867
5318	10.764867
5319	10.764867
5320	10.764867
5321	10.764867
5322	10.764867
5323	10.764867
5324	10.764867
5325	10.764867
5326	10.764867
5327	10.764867
5328	10.764867
5329	10.764867
5330	10.764867
5331	10.764867
5332	10.764867
5333	10.764867
5334	10.764867
5335	10.764867
5336	10.764867
5337	10.764867
5338	10.764867
5339	10.764867
5340	10.764867
5341	10.764867
5342	10.764867
5343	10.764867
5344	10.764867
5345	10.764867
5346	10.764867
5347	10.764867
5348	10.764867
5349	10.764867
5350	10.764867
5351	10.764867
5352	10.764867
5353	10.764867
5354	10.764867
5355	10.764867
5356	10.764867
5357	10.764867
5358	10.764867
5359	10.764867
5360	10.764867
5361	10.764867
5362	10.764867
5363	10.764867
5364	10.764867
5365	10.764867
5366	10.764867
5367	10.764867
5368	10.764867
5369	10.764867
5370	10.764867
5371	10.764867
5372	10.764867
5373	10.764867
5374	10.764867
5375	10.764867
5376	10.764867
5377	10.764867
5378	10.764867
5379	10.764867
5380	10.764867
5381	10.764867
5382	10.764867
5383	10.764867
5384	10.764867
5385	10.764867
5386	10.764867
5387	10.764867
5388	10.764867
5389	10.764867
5390	10.764867
5391	10.764867
5392	10.764867
5393	10.764867
5394	10.764867
5395	10.764867
5396	10.764867
5397	10.764867
5398	10.764867
5399	10.764867
5400	10.764867
5401	10.764867
5402	10.764867
5403	10.764867
5404	10.764867
5405	10.764867
5406	10.764867
5407	10.764867
5408	10.764867
5409	10.764867
5410	10.764867
5411	10.764867
5412	10.764867
5413	10.764867
5414	10.764867
5415	10.764867
5416	10.764867
5417	10.764867
5418	10.764867
5419	10.764867
5420	10.764867
5421	10.764867
5422	10.764867
5423	10.764867
5424	10.764867
5425	10.764867
5426	10.764867
5427	10.764867
5428	10.764867
5429	10.764867
5430	10.764867
5431	10.764867
5432	10.764867
5433	10.764867
5434	10.764867
5435	10.764867
5436	10.764867
5437	10.764867
5438	10.764867
5439	10.764867
5440	10.764867
5441	10.764867
5442	10.764867
5443	10.764867
5444	10.764867
5445	10.764867
5446	10.764867
5447	10.764867
5448	10.764867
5449	10.764867
5450	10.764867
5451	10.764867
5452	10.764867
5453	10.764867
5454	10.764867
5455	10.764867
5456	10.764867
5457	10.764867
5458	10.764867
5459	10.764867
5460	10.764867
5461	10.764867
5462	10.764867
5463	10.764867
5464	10.764867
5465	10.764867
5466	10.764867
5467	10.764867
5468	10.764867
5469	10.764867
5470	10.764867
5471	10.764867
5472	10.764867
5473	10.764867
5474	10.764867
5475	10.764867
5476	10.764867
5477	10.764867
5478	10.764867
5479	10.764867
5480	10.764867
5481	10.764867
5482	10.764867
5483	10.764867
5484	10.764867
5485	10.764867
5486	10.764867
5487	10.764867
5488	10.764867
5489	10.764867
5490	10.764867
5491	10.764867
5492	10.764867
5493	10.764867
5494	10.764867
5495	10.764867
5496	10.764867
5497	10.764867
5498	10.764867
5499	10.764867
5500	10.764867
5501	10.764867
5502	10.764867
5503	10.764867
5504	10.764867
5505	10.764867
5506	10.764867
5507	10.764867
5508	10.764867
5509	10.764867
5510	10.764867
5511	10.764867
5512	10.764867
5513	10.764867
5514	10.764867
5515	10.764867
5516	10.764867
5517	10.764867
5518	10.764867
5519	10.764867
5520	10.764867
5521	10.764867
5522	10.764867
5523	10.764867
5524	10.764867
5525	10.764867
5526	10.764867
5527	10.764867
5528	10.764867
5529	10.764867
5530	10.764867
5531	10.764867
5532	10.764867
5533	10.764867
5534	10.764867
5535	10.764867
5536	10.764867
5537	10.764867
5538	10.764867
5539	10.764867
5540	10.764867
5541	10.764867
5542	10.764867
5543	10.764867
5544	10.764867
5545	10.764867
5546	10.764867
5547	10.764867
5548	10.764867
5549	10.764867
5550	10.764867
5551	10.764867
5552	10.764867
5553	10.764867
5554	10.764867
5555	10.764867
5556	10.764867
5557	10.764867
5558	10.764867
5559	10.764867
5560	10.764867
5561	10.764867
5562	10.764867
5563	10.764867
5564	10.764867
5565	10.764867
5566	10.764867
5567	10.764867
5568	10.764867
5569	10.764867
5570	10.764867
5571	10.764867
5572	10.764867
5573	10.764867
5574	10.764867
5575	10.764867
5576	10.764867
5577	10.764867
5578	10.764867
5579	10.764867
5580	10.764867
5581	10.764867
5582	10.764867
5583	10.764867
5584	10.764867
5585	10.764867
5586	10.764867
5587	10.764867
5588	10.764867
5589	10.764867
5590	10.764867
5591	10.764867
5592	10.764867
5593	10.764867
5594	10.764867
5595	10.764867
5596	10.764867
5597	10.764867
5598	10.764867
5599	10.764867
5600	10.764867
5601	10.764867
5602	10.764867
5603	10.764867
5604	10.764867
5605	10.764867
5606	10.764867
5607	10.764867
5608	10.764867
5609	10.764867
5610	10.764867
5611	10.764867
5612	10.764867
5613	10.764867
5614	10.764867
5615	10.764867
5616	10.764867
5617	10.764867
5618	10.764867
5619	10.764867
5620	10.764867
5621	10.764867
5622	10.764867
5623	10.764867
5624	10.764867
5625	10.764867
5626	10.764867
5627	10.764867
5628	10.764867
5629	10.764867
5630	10.764867
5631	10.764867
5632	10.764867
5633	10.764867
5634	10.764867
5635	10.764867
5636	10.764867
5637	10.764867
5638	10.764867
5639	10.764867
5640	10.764867
5641	10.764867
5642	10.764867
5643	10.764867
5644	10.764867
5645	10.764867
5646	10.764867
5647	10.764867
5648	10.764867
5649	10.764867
5650	10.764867
5651	10.764867
5652	10.764867
5653	10.764867
5654	10.764867
5655	10.764867
5656	10.764867
5657	10.764867
5658	10.764867
5659	10.764867
5660	10.764867
5661	10.764867
5662	10.764867
5663	10.764867
5664	10.764867
5665	10.764867
5666	10.764867
5667	10.764867
5668	10.764867
5669	10.764867
5670	10.764867
5671	10.764867
5672	10.764867
5673	10.764867
5674	10.764867
5675	10.764867
5676	10.764867
5677	10.764867
5678	10.764867
5679	10.764867
5680	10.764867
5681	10.764867
5682	10.764867
5683	10.764867
5684	10.764867
5685	10.764867
5686	10.764867
5687	10.764867
5688	10.764867
5689	10.764867
5690	10.764867
5691	10.764867
5692	10.764867
5693	10.764867
5694	10.764867
5695	10.764867
5696	10.764867
5697	10.764867
5698	10.764867
5699	10.764867
5700	10.764867
5701	10.764867
5702	10.764867
5703	10.764867
5704	10.764867
5705	10.764867
5706	10.764867
5707	10.764867
5708	10.764867
5709	10.764867
5710	10.764867
5711	10.764867
5712	10.764867
5713	10.764867
5714	10.764867
5715	10.764867
5716	10.764867
5717	10.764867
5718	10.764867
5719	10.764867
5720	10.764867
5721	10.764867
5722	10.764867
5723	10.764867
5724	10.764867
5725	10.764867
5726	10.764867
5727	10.764867
5728	10.764867
5729	10.764867
5730	10.764867
5731	10.764867
5732	10.764867
5733	10.764867
5734	10.764867
5735	10.764867
5736	10.764867
5737	10.764867
5738	10.764867
5739	10.764867
5740	10.764867
5741	10.764867
5742	10.764867
5743	10.764867
5744	10.764867
5745	10.764867
5746	10.764867
5747	10.764867
5748	10.764867
5749	10.764867
5750	10.764867
5751	10.764867
5752	10.764867
5753	10.764867
5754	10.764867
5755	10.764867
5756	10.764867
5757	10.764867
5758	10.764867
5759	10.764867
5760	10.764867
5761	10.764867
5762	10.764867
5763	10.764867
5764	10.764867
5765	10.764867
5766	10.764867
5767	10.764867
5768	10.764867
5769	10.764867
5770	10.764867
5771	10.764867
5772	10.764867
5773	10.764867
5774	10.764867
5775	10.764867
5776	10.764867
5777	10.764867
5778	10.764867
5779	10.764867
5780	10.764867
5781	10.764867
5782	10.764867
5783	10.764867
5784	10.764867
5785	10.764867
5786	10.764867
5787	10.764867
5788	10.764867
5789	10.764867
5790	10.764867
5791	10.764867
5792	10.764867
5793	10.764867
5794	10.764867
5795	10.764867
5796	10.764867
5797	10.764867
5798	10.764867
5799	10.764867
5800	10.764867
5801	10.764867
5802	10.764867
5803	10.764867
5804	10.764867
5805	10.764867
5806	10.764867
5807	10.764867
5808	10.764867
5809	10.764867
5810	10.764867
5811	10.764867
5812	10.764867
5813	10.764867
5814	10.764867
5815	10.764867
5816	10.764867
5817	10.764867
5818	10.764867
5819	10.764867
5820	10.764867
5821	10.764867
5822	10.764867
5823	10.764867
5824	10.764867
5825	10.764867
5826	10.764867
5827	10.764867
5828	10.764867
5829	10.764867
5830	10.764867
5831	10.764867
5832	10.764867
5833	10.764867
5834	10.764867
5835	10.764867
5836	10.764867
5837	10.764867
5838	10.764867
5839	10.764867
5840	10.764867
5841	10.764867
5842	10.764867
5843	10.764867
5844	10.764867
5845	10.764867
5846	10.764867
5847	10.764867
5848	10.764867
5849	10.764867
5850	10.764867
5851	10.764867
5852	10.764867
5853	10.764867
5854	10.764867
5855	10.764867
5856	10.764867
5857	10.764867
5858	10.764867
5859	10.764867
5860	10.764867
5861	10.764867
5862	10.764867
5863	10.764867
5864	10.764867
5865	10.764867
5866	10.764867
5867	10.764867
5868	10.764867
5869	10.764867
5870	10.764867
5871	10.764867
5872	10.764867
5873	10.764867
5874	10.764867
5875	10.764867
5876	10.764867
5877	10.764867
5878	10.764867
5879	10.764867
5880	10.764867
5881	10.764867
5882	10.764867
5883	10.764867
5884	10.764867
5885	10.764867
5886	10.764867
5887	10.764867
5888	10.764867
5889	10.764867
5890	10.764867
5891	10.764867
5892	10.764867
5893	10.764867
5894	10.764867
5895	10.764867
5896	10.764867
5897	10.764867
5898	10.764867
5899	10.764867
5900	10.764867
5901	10.764867
5902	10.764867
5903	10.764867
5904	10.764867
5905	10.764867
5906	10.764867
5907	10.764867
5908	10.764867
5909	10.764867
5910	10.764867
5911	10.764867
5912	10.764867
5913	10.764867
5914	10.764867
5915	10.764867
5916	10.764867
5917	10.764867
5918	10.764867
5919	10.764867
5920	10.764867
5921	10.764867
5922	10.764867
5923	10.764867
5924	10.764867
5925	10.764867
5926	10.764867
5927	10.764867
5928	10.764867
5929	10.764867
5930	10.764867
5931	10.764867
5932	10.764867
5933	10.764867
5934	10.764867
5935	10.764867
5936	10.764867
5937	10.764867
5938	10.764867
5939	10.764867
5940	10.764867
5941	10.764867
5942	10.764867
5943	10.764867
5944	10.764867
5945	10.764867
5946	10.764867
5947	10.764867
5948	10.764867
5949	10.764867
5950	10.764867
5951	10.764867
5952	10.764867
5953	10.764867
5954	10.764867
5955	10.764867
5956	10.764867
5957	10.764867
5958	10.764867
5959	10.764867
5960	10.764867
5961	10.764867
5962	10.764867
5963	10.764867
5964	10.764867
5965	10.764867
5966	10.764867
5967	10.764867
5968	10.764867
5969	10.764867
5970	10.764867
5971	10.764867
5972	10.764867
5973	10.764867
5974	10.764867
5975	10.764867
5976	10.764867
5977	10.764867
5978	10.764867
5979	10.764867
5980	10.764867
5981	10.764867
5982	10.764867
5983	10.764867
5984	10.764867
5985	10.764867
5986	10.764867
5987	10.764867
5988	10.764867
5989	10.764867
5990	10.764867
5991	10.764867
5992	10.764867
5993	10.764867
5994	10.764867
5995	10.764867
5996	10.764867
5997	10.764867
5998	10.764867
5999	10.764867
6000	10.764867
6001	10.764867
6002	10.764867
6003	10.764867
6004	10.764867
6005	10.764867
6006	10.764867
6007	10.764867
6008	10.764867
6009	10.764867
6010	10.764867
6011	10.764867
6012	10.764867
6013	10.764867
6014	10.764867
6015	10.764867
6016	10.764867
6017	10.764867
6018	10.764867
6019	10.764867
6020	10.764867
6021	10.764867
6022	10.764867
6023	10.764867
6024	10.764867
6025	10.764867
6026	10.764867
6027	10.764867
6028	10.764867
6029	10.764867
6030	10.764867
6031	10.764867
6032	10.764867
6033	10.764867
6034	10.764867
6035	10.764867
6036	10.764867
6037	10.764867
6038	10.764867
6039	10.764867
6040	10.764867
6041	10.764867
6042	10.764867
6043	10.764867
6044	10.764867
6045	10.764867
6046	10.764867
6047	10.764867
6048	10.764867
6049	10.764867
6050	10.764867
6051	10.764867
6052	10.764867
6053	10.764867
6054	10.764867
6055	10.764867
6056	10.764867
6057	10.764867
6058	10.764867
6059	10.764867
6060	10.764867
6061	10.764867
6062	10.764867
6063	10.764867
6064	10.764867
6065	10.764867
6066	10.764867
6067	10.764867
6068	10.764867
6069	10.764867
6070	10.764867
6071	10.764867
6072	10.764867
6073	10.764867
6074	10.764867
6075	10.764867
6076	10.764867
6077	10.764867
6078	10.764867
6079	10.764867
6080	10.764867
6081	10.764867
6082	10.764867
6083	10.764867
6084	10.764867
6085	10.764867
6086	10.764867
6087	10.764867
6088	10.764867
6089	10.764867
6090	10.764867
6091	10.764867
6092	10.764867
6093	10.764867
6094	10.764867
6095	10.764867
6096	10.764867
