1	7.036412
2	7.053056
3	7.065908
4	7.09224
5	7.09224
6	7.165816
7	7.165816
8	7.16697
9	7.226595
10	7.395066
11	7.06792
12	7.037897
13	7.037897
14	7.18496
15	7.18496
16	7.308872
17	7.146458
18	7.203158
19	7.215093
20	7.221991
21	7.240003
22	7.288093
23	7.359903
24	7.374969
25	7.396899
26	7.273467
27	7.315011
28	7.343865
29	7.410215
30	7.441445
31	7.519973
32	7.530965
33	7.177596
34	7.19871
35	7.120888
36	7.066073
37	7.099673
38	7.026856
39	7.108346
40	7.119056
41	7.120121
42	7.123131
43	7.051591
44	7.100311
45	7.100311
46	7.092058
47	6.953639
48	6.976805
49	6.976805
50	6.991073
51	7.042426
52	7.086394
53	7.086394
54	7.346897
55	7.346897
56	7.346897
57	7.360262
58	7.364552
59	7.364552
60	7.373533
61	7.323982
62	7.330877
63	7.333994
64	7.333994
65	7.355518
66	7.355518
67	7.768966
68	7.459594
69	7.758774
70	7.758774
71	7.758774
72	7.758774
73	7.695182
74	7.695182
75	7.695182
76	7.695182
77	7.703101
78	7.773268
79	7.780408
80	7.618835
81	7.613458
82	7.617154
83	7.629271
84	7.710387
85	7.710387
86	7.261954
87	7.261954
88	7.261954
89	7.198051
90	6.870299
91	6.850935
92	7.466066
93	7.587951
94	7.315127
95	7.239502
96	7.302981
97	7.495693
98	7.488271
99	7.515821
100	7.535389
101	7.535389
102	7.535389
103	7.577413
104	7.578349
105	7.629712
106	7.555906
107	7.565195
108	7.233102
109	7.233102
110	7.241175
111	7.213625
112	7.213625
113	7.211762
114	7.088119
115	7.089244
116	7.127772
117	7.127772
118	7.127772
119	7.127772
120	7.127772
121	7.314087
122	7.459513
123	7.459513
124	7.437025
125	7.458889
126	7.474003
127	7.474003
128	7.527472
129	7.584464
130	7.584464
131	7.490412
132	7.463692
133	7.463692
134	7.575639
135	7.564288
136	7.59925
137	7.542258
138	7.477064
139	7.477064
140	7.695024
141	7.682424
142	7.682424
143	7.682424
144	7.682424
145	7.699416
146	7.727766
147	7.751877
148	7.752597
149	7.752597
150	7.752597
151	7.764756
152	7.764756
153	7.764756
154	8.174929
155	8.174929
156	8.536114
157	8.518935
158	8.518935
159	8.532078
160	8.532078
161	8.537446
162	8.501934
163	8.512897
164	8.535718
165	8.520908
166	8.580689
167	8.575321
168	8.600089
169	8.601857
170	8.866779
171	8.866779
172	8.866779
173	8.866779
174	8.866779
175	8.866779
176	8.872147
177	8.872147
178	8.872147
179	8.866858
180	8.866858
181	8.866858
182	8.866858
183	8.994639
184	9.000043
185	8.970907
186	8.959699
187	8.959699
188	8.959699
189	8.931349
190	9.261417
191	9.289767
192	9.097728
193	9.097728
194	9.097728
195	9.097728
196	9.097728
197	9.097728
198	9.13668
199	9.170011
200	8.90744
201	8.90744
202	9.152053
203	9.152053
204	9.152053
205	9.152053
206	9.152053
207	9.282781
208	8.9606
209	8.959318
210	8.959318
211	9.012402
212	9.012402
213	9.019946
214	9.019946
215	8.960246
216	9.228503
217	9.228503
218	9.228503
219	9.228503
220	9.228503
221	9.27236
222	9.276536
223	9.277887
224	9.277887
225	9.277887
226	9.277887
227	9.277887
228	9.268578
229	8.982667
230	8.982667
231	9.001036
232	9.011908
233	9.013744
234	9.013744
235	9.013744
236	9.029809
237	9.160809
238	9.160809
239	9.122308
240	9.117868
241	8.688975
242	8.362118
243	8.310483
244	8.312499
245	8.312499
246	8.312499
247	8.312499
248	8.312499
249	8.312499
250	8.440745
251	8.440745
252	8.440745
253	8.440745
254	8.440745
255	8.440745
256	8.440745
257	8.443497
258	8.519372
259	8.534465
260	8.574641
261	8.578669
262	8.578669
263	8.578669
264	8.595437
265	8.599417
266	8.599417
267	8.599417
268	8.599417
269	8.790589
270	9.091236
271	9.091236
272	9.091236
273	9.091236
274	9.091236
275	9.293275
276	9.293275
277	9.293275
278	9.293275
279	9.211106
280	9.264637
281	9.58841
282	9.58841
283	9.658874
284	9.658874
285	9.620069
286	9.620069
287	9.713269
288	9.713269
289	9.713269
290	9.763761
291	9.763761
292	9.908026
293	9.906675
294	9.80212
295	9.80212
296	9.80212
297	9.80212
298	9.83956
299	9.83956
300	9.83956
301	9.75598
302	9.737735
303	9.737735
304	9.659438
305	9.659438
306	9.743551
307	9.831701
308	9.831701
309	9.831701
310	9.831701
311	9.831701
312	9.831701
313	9.842087
314	9.842087
315	9.843438
316	9.849459
317	9.881912
318	9.881912
319	9.881912
320	9.881912
321	10.003346
322	10.020626
323	9.961406
324	9.961406
325	9.961406
326	9.961406
327	9.961406
328	9.888373
329	9.968441
330	9.968441
331	9.968441
332	9.968441
333	9.968441
334	9.968441
335	9.968441
336	9.968441
337	9.968441
338	9.968441
339	9.960083
340	9.960083
341	9.960083
342	9.960083
343	9.904315
344	9.904315
345	9.960083
346	9.960083
347	9.960083
348	9.960083
349	10.133943
350	10.133943
351	10.133943
352	10.133943
353	10.134665
354	10.137451
355	9.957953
356	9.957953
357	9.920513
358	9.919162
359	10.104322
360	10.104322
361	10.106418
362	10.106418
363	10.143858
364	10.143858
365	10.143858
366	10.143858
367	10.143858
368	10.078288
369	10.078288
370	10.078288
371	10.078288
372	10.082588
373	10.082588
374	10.082588
375	10.082588
376	10.082588
377	10.082588
378	10.082588
379	10.082588
380	10.082588
381	10.082588
382	10.082588
383	10.140329
384	10.140329
385	10.140329
386	10.140329
387	10.140329
388	10.140329
389	10.140329
390	10.140329
391	10.160428
392	10.160428
393	10.160428
394	10.160428
395	10.160428
396	10.160428
397	10.160428
398	10.050268
399	10.050268
400	10.012828
401	10.012828
402	10.044484
403	10.047867
404	10.047867
405	10.07322
406	10.088196
407	10.062843
408	10.062843
409	10.062843
410	10.062843
411	10.062843
412	10.062843
413	10.100001
414	10.100001
415	10.100001
416	10.061821
417	10.05423
418	10.022788
419	10.022788
420	10.078088
421	10.078088
422	10.078088
423	10.078088
424	10.066674
425	10.092027
426	10.1529
427	10.1529
428	10.1529
429	10.312498
430	10.312498
431	10.325962
432	10.325962
433	10.330258
434	10.330258
435	10.330258
436	10.330258
437	10.330258
438	10.330258
439	10.326875
440	10.326875
441	10.326875
442	10.326875
443	10.304985
444	10.313343
445	10.313343
446	10.313343
447	10.313343
448	10.314165
449	10.314165
450	10.317548
451	10.325288
452	10.325288
453	10.325288
454	10.325288
455	10.325288
456	10.325288
457	10.325288
458	10.325288
459	10.325288
460	10.325288
461	10.325288
462	10.325288
463	10.325288
464	10.325288
465	10.325288
466	10.325288
467	10.325288
468	10.347178
469	10.347178
470	10.347178
471	10.347178
472	10.347178
473	10.347178
474	10.347178
475	10.347178
476	10.347178
477	10.347178
478	10.347178
479	10.347178
480	10.347178
481	10.347178
482	10.347178
483	10.347178
484	10.347178
485	10.347178
486	10.347178
487	10.347178
488	10.347178
489	10.347178
490	10.351556
491	10.351556
492	10.351556
493	10.351556
494	10.351556
495	10.351556
496	10.305291
497	10.305291
498	10.305291
499	10.299918
500	10.299918
501	10.299918
502	10.299918
503	10.299918
504	10.299918
505	10.299918
506	10.299918
507	10.299918
508	10.299918
509	10.299918
510	10.299918
511	10.299918
512	10.255143
513	10.244178
514	10.244178
515	10.244178
516	10.244178
517	10.265415
518	10.265415
519	10.265415
520	10.265415
521	10.265415
522	10.257675
523	10.349111
524	10.349111
525	10.349111
526	10.349111
527	10.349111
528	10.349111
529	10.188717
530	10.196457
531	10.196457
532	10.196457
533	10.196457
534	10.165612
535	10.165612
536	10.165612
537	10.165612
538	10.165612
539	10.165612
540	10.165612
541	10.165612
542	10.165612
543	10.165612
544	10.165612
545	10.165612
546	10.165612
547	10.223123
548	10.223123
549	10.223123
550	10.223123
551	10.215383
552	10.215383
553	10.184448
554	10.184448
555	10.246276
556	10.246276
557	10.246276
558	10.313439
559	10.321179
560	10.321179
561	10.321179
562	10.321179
563	10.214631
564	10.214631
565	10.214631
566	10.214631
567	10.214631
568	10.214631
569	10.214631
570	10.303031
571	10.309598
572	10.300046
573	10.000495
574	10.000495
575	10.000495
576	9.992755
577	9.992755
578	9.992755
579	9.968185
580	9.968185
581	9.968185
582	9.968185
583	9.968185
584	9.968185
585	9.968185
586	9.975486
587	9.975486
588	9.975486
589	9.966981
590	9.966981
591	9.941907
592	9.941907
593	9.941907
594	9.941907
595	9.941907
596	9.941907
597	9.949647
598	9.949647
599	10.057953
600	10.081033
601	10.081033
602	10.081033
603	10.095205
604	10.095205
605	10.095205
606	10.087465
607	10.090505
608	10.090505
609	10.090505
610	10.090505
611	10.090505
612	10.125875
613	10.125875
614	10.125875
615	10.125875
616	10.125875
617	10.125875
618	10.125875
619	10.125875
620	10.125875
621	10.125875
622	10.125875
623	10.125875
624	10.125875
625	10.125875
626	10.125875
627	10.258627
628	10.258627
629	10.258627
630	10.334446
631	10.334446
632	10.334446
633	10.334446
634	10.334446
635	10.334446
636	10.334446
637	10.334446
638	10.334446
639	10.334446
640	10.334446
641	10.334446
642	10.334446
643	10.334446
644	10.334446
645	10.405582
646	10.405582
647	10.405582
648	10.405582
649	10.405582
650	10.429103
651	10.429103
652	10.475263
653	10.475263
654	10.475263
655	10.475263
656	10.475263
657	10.475263
658	10.483003
659	10.483003
660	10.483003
661	10.483003
662	10.483003
663	10.483003
664	10.483003
665	10.483003
666	10.483003
667	10.551302
668	10.551302
669	10.551302
670	10.551302
671	10.551302
672	10.551302
673	10.551302
674	10.551302
675	10.551302
676	10.551302
677	10.551302
678	10.448283
679	10.448283
680	10.448283
681	10.448283
682	10.4847
683	10.4847
684	10.461912
685	10.450967
686	10.450967
687	10.450967
688	10.450967
689	10.450967
690	10.450967
691	10.450967
692	10.450967
693	10.450967
694	10.450967
695	10.450967
696	10.450967
697	10.450967
698	10.450967
699	10.450967
700	10.450967
701	10.450967
702	10.450967
703	10.450967
704	10.450967
705	10.450967
706	10.450967
707	10.450967
708	10.552347
709	10.552347
710	10.552347
711	10.552347
712	10.552347
713	10.552347
714	10.695936
715	10.695936
716	10.695936
717	10.695936
718	10.695936
719	10.695936
720	10.695936
721	10.695936
722	10.718724
723	10.718724
724	10.714255
725	10.714255
726	10.714255
727	10.714255
728	10.714255
729	10.714255
730	10.714255
731	10.714255
732	10.714255
733	10.714255
734	10.714255
735	10.714255
736	10.714255
737	10.714255
738	10.714255
739	10.714255
740	10.714255
741	10.714255
742	10.714255
743	10.714255
744	10.714255
745	10.714255
746	10.714255
747	10.714255
748	10.715449
749	10.717439
750	10.717439
751	10.717439
752	10.717439
753	10.717439
754	10.717439
755	10.717439
756	10.717439
757	10.699865
758	10.699865
759	10.699865
760	10.699865
761	10.699865
762	10.71081
763	10.71081
764	10.71081
765	10.71081
766	10.71081
767	10.71081
768	10.71081
769	10.843742
770	10.843742
771	10.843742
772	10.843742
773	10.843742
774	10.843742
775	10.843742
776	10.843742
777	10.843742
778	10.843742
779	10.843742
780	10.843742
781	10.843742
782	10.843742
783	10.843742
784	10.843742
785	10.843742
786	10.843742
787	10.843742
788	10.843742
789	10.843742
790	10.843742
791	10.843742
792	10.843742
793	10.843742
794	10.848211
795	10.848211
796	10.848211
797	10.848211
798	10.848211
799	10.848211
800	10.848211
801	10.848211
802	10.848211
803	10.848211
804	10.930697
805	10.930697
806	10.930697
807	10.930697
808	10.930697
809	10.930697
810	10.930697
811	10.930697
812	10.930697
813	10.930697
814	10.930697
815	10.930697
816	10.930697
817	10.930697
818	10.930697
819	10.930697
820	10.930697
821	10.930697
822	10.930697
823	10.930697
824	10.930697
825	10.930697
826	10.930697
827	10.930697
828	10.930697
829	10.930697
830	10.930697
831	10.930697
832	10.973283
833	10.973283
834	10.973283
835	10.973283
836	10.973283
837	10.973283
838	10.984228
839	10.984228
840	10.984228
841	10.984228
842	10.977661
843	10.977661
844	10.977661
845	10.977661
846	10.977661
847	10.977661
848	10.977661
849	10.976865
850	10.976865
851	10.976865
852	10.976865
853	10.976865
854	10.976865
855	10.976865
856	10.976865
857	10.976865
858	10.976865
859	10.976865
860	10.976865
861	10.976865
862	10.976865
863	10.976865
864	10.976865
865	10.976865
866	10.976865
867	10.976865
868	10.986019
869	10.986019
870	10.986019
871	10.986019
872	10.986019
873	10.986019
874	10.976865
875	10.976865
876	10.976865
877	10.976865
878	10.976865
879	10.976865
880	10.976865
881	10.976865
882	10.976865
883	10.976865
884	10.976865
885	10.976865
886	10.976865
887	10.976865
888	10.976865
889	10.976865
890	10.976865
891	10.976865
892	10.976865
893	10.976865
894	10.976865
895	10.976865
896	10.976865
897	10.976865
898	10.976865
899	10.976865
900	10.976865
901	10.976865
902	10.976865
903	10.976865
904	10.976865
905	10.976865
906	10.976865
907	10.976865
908	10.976865
909	10.976865
910	10.976865
911	10.976865
912	10.976865
913	10.976865
914	10.976865
915	10.976865
916	10.976865
917	10.976865
918	10.976865
919	10.976865
920	10.976865
921	10.976865
922	10.976865
923	10.976865
924	10.977661
925	10.977661
926	10.977661
927	10.977661
928	10.977661
929	10.977661
930	10.977661
931	10.977661
932	10.977661
933	10.977661
934	10.977661
935	10.977661
936	10.977661
937	10.977661
938	10.975671
939	10.975671
940	10.975671
941	10.975671
942	10.975671
943	10.975671
944	10.975671
945	10.975671
946	10.975671
947	10.975671
948	10.975671
949	10.975671
950	10.975671
951	10.975671
952	10.975671
953	10.975671
954	10.975671
955	10.975671
956	10.977661
957	10.975671
958	10.975671
959	10.975671
960	10.975671
961	10.975671
962	10.975671
963	10.975671
964	10.975671
965	10.975671
966	10.974875
967	10.974875
968	10.974875
969	10.996765
970	10.977922
971	10.987076
972	10.987076
973	10.987076
974	10.987076
975	10.987076
976	10.987076
977	10.987076
978	10.987076
979	10.987076
980	10.987076
981	10.987076
982	10.987076
983	10.987076
984	10.987076
985	10.987076
986	10.987076
987	10.987076
988	10.987076
989	10.987076
990	10.987076
991	10.987076
992	10.987076
993	10.987076
994	10.987076
995	10.987076
996	10.987076
997	10.987076
998	10.987076
999	10.987076
1000	10.987076
1001	10.987076
1002	10.987076
1003	10.987076
1004	10.987076
1005	10.987076
1006	10.987076
1007	10.987076
1008	10.987076
1009	10.987076
1010	10.987076
1011	10.987076
1012	10.987076
1013	10.987076
1014	10.987076
1015	10.987076
1016	10.987076
1017	10.987076
1018	10.987076
1019	10.987076
1020	10.987076
1021	10.987076
1022	10.987076
1023	10.987076
1024	10.987076
1025	10.987076
1026	10.987076
1027	10.987076
1028	10.987076
1029	10.987076
1030	10.989066
1031	10.989066
1032	10.989066
1033	10.989066
1034	10.989066
1035	10.989066
1036	10.989066
1037	10.989066
1038	10.989066
1039	10.989066
1040	10.989066
1041	10.989066
1042	10.989862
1043	10.989862
1044	10.989862
1045	10.989862
1046	10.989862
1047	10.989862
1048	10.989862
1049	10.989862
1050	10.989862
1051	10.989862
1052	10.989862
1053	10.989862
1054	10.989862
1055	10.989862
1056	10.989862
1057	10.989862
1058	10.989862
1059	10.989862
1060	10.989862
1061	10.989862
1062	10.989862
1063	10.989862
1064	10.989862
1065	10.989862
1066	10.989862
1067	10.989862
1068	10.989862
1069	10.989862
1070	10.989862
1071	10.989862
1072	10.989862
1073	10.989862
1074	10.989862
1075	10.989862
1076	10.989862
1077	10.989862
1078	10.989862
1079	10.989862
1080	10.989862
1081	10.989862
1082	10.989862
1083	10.989862
1084	10.989862
1085	10.989862
1086	10.989862
1087	10.989862
1088	10.989862
1089	10.989862
1090	10.989862
1091	10.989862
1092	10.989862
1093	10.989862
1094	10.989862
1095	10.989862
1096	10.989862
1097	10.989862
1098	10.989862
1099	10.989862
1100	10.989862
1101	10.989862
1102	10.989862
1103	10.989862
1104	10.989862
1105	10.989862
1106	10.989862
1107	10.989862
1108	10.989862
1109	10.989862
1110	10.989862
1111	10.989862
1112	10.989862
1113	10.989862
1114	10.989862
1115	10.989862
1116	10.989862
1117	10.989862
1118	10.989862
1119	10.989862
1120	10.989862
1121	10.989862
1122	10.989862
1123	11.020906
1124	11.020906
1125	11.020906
1126	11.020906
1127	11.020906
1128	11.020906
1129	11.018916
1130	11.018916
1131	11.018916
1132	11.018916
1133	11.018916
1134	11.018916
1135	11.018916
1136	11.018916
1137	11.020906
1138	11.020906
1139	11.020906
1140	11.020906
1141	11.020906
1142	11.020906
1143	11.020906
1144	11.020906
1145	11.020906
1146	11.020906
1147	11.020906
1148	11.020906
1149	11.020906
1150	11.020906
1151	11.020906
1152	11.020906
1153	11.020906
1154	11.020906
1155	11.020906
1156	11.020906
1157	11.020906
1158	11.020906
1159	11.020906
1160	11.020906
1161	11.020906
1162	11.020906
1163	11.020906
1164	11.020906
1165	11.020906
1166	11.020906
1167	11.020906
1168	11.020906
1169	11.020906
1170	11.020906
1171	11.020906
1172	11.020906
1173	11.020906
1174	11.020906
1175	11.020906
1176	11.020906
1177	11.020906
1178	11.020906
1179	11.020906
1180	11.020906
1181	11.020906
1182	11.020906
1183	11.020906
1184	11.020906
1185	11.020906
1186	11.020906
1187	11.020906
1188	11.020906
1189	11.020906
1190	11.020906
1191	11.020906
1192	11.020906
1193	11.020906
1194	11.020906
1195	11.020906
1196	11.020906
1197	11.020906
1198	11.020906
1199	11.020906
1200	11.020906
1201	11.094809
1202	11.094809
1203	11.094809
1204	11.094809
1205	11.094809
1206	11.094809
1207	11.094809
1208	11.094809
1209	11.094809
1210	11.094809
1211	11.094809
1212	11.094809
1213	11.094809
1214	11.094809
1215	11.094809
1216	11.094809
1217	11.094809
1218	11.094809
1219	11.094809
1220	11.094809
1221	11.094809
1222	11.094809
1223	11.094809
1224	11.094809
1225	11.094809
1226	11.094809
1227	11.094809
1228	11.094809
1229	11.094809
1230	11.094809
1231	11.094809
1232	11.094809
1233	11.094809
1234	11.094809
1235	11.094809
1236	11.094809
1237	11.094809
1238	11.094809
1239	11.094809
1240	11.094809
1241	11.094809
1242	11.094809
1243	11.094809
1244	11.094809
1245	11.094809
1246	11.094809
1247	11.094809
1248	11.094809
1249	11.094809
1250	11.094809
1251	11.094809
1252	11.094809
1253	11.094809
1254	11.094809
1255	11.094809
1256	11.094809
1257	11.094809
1258	11.094809
1259	11.094809
1260	11.094809
1261	11.094809
1262	11.113652
1263	11.113652
1264	11.113652
1265	11.113652
1266	11.113652
1267	11.113652
1268	11.113652
1269	11.113652
1270	11.113652
1271	11.113652
1272	11.113652
1273	11.113652
1274	11.113652
1275	11.113652
1276	11.113652
1277	11.113652
1278	11.113652
1279	11.113652
1280	11.113652
1281	11.113652
1282	11.113652
1283	11.113652
1284	11.113652
1285	11.113652
1286	11.113652
1287	11.113652
1288	11.113652
1289	11.113652
1290	11.113652
1291	11.113652
1292	11.113652
1293	11.113652
1294	11.113652
1295	11.113652
1296	11.113652
1297	11.113652
1298	11.113652
1299	11.113652
1300	11.113652
1301	11.113652
1302	11.113652
1303	11.113652
1304	11.113652
1305	11.113652
1306	11.113652
1307	11.113652
1308	11.113652
1309	11.113652
1310	11.113652
1311	11.113652
1312	11.113652
1313	11.113652
1314	11.113652
1315	11.113652
1316	11.113652
1317	11.113652
1318	11.113652
1319	11.113652
1320	11.113652
1321	11.113652
1322	11.113652
1323	11.113652
1324	11.113652
1325	11.113652
1326	11.113652
1327	11.113652
1328	11.113652
1329	11.113652
1330	11.113652
1331	11.113652
1332	11.113652
1333	11.113652
1334	11.113652
1335	11.113652
1336	11.113652
1337	11.113652
1338	11.113652
1339	11.113652
1340	11.113652
1341	11.113652
1342	11.113652
1343	11.113652
1344	11.113652
1345	11.113652
1346	11.113652
1347	11.113652
1348	11.113652
1349	11.113652
1350	11.113652
1351	11.113652
1352	11.113652
1353	11.113652
1354	11.113652
1355	11.120219
1356	11.120219
1357	11.120219
1358	11.120219
1359	11.120219
1360	11.120219
1361	11.120219
1362	11.120219
1363	11.120219
1364	11.120219
1365	11.120219
1366	11.120219
1367	11.120219
1368	11.120219
1369	11.120219
1370	11.120219
1371	11.120219
1372	11.120219
1373	11.120219
1374	11.113652
1375	11.113652
1376	11.113652
1377	11.113652
1378	11.113652
1379	11.113652
1380	11.113652
1381	11.113652
1382	11.113652
1383	11.113652
1384	11.113652
1385	11.113652
1386	11.113652
1387	11.113652
1388	11.113652
1389	11.113652
1390	11.113652
1391	11.113652
1392	11.113652
1393	11.113652
1394	11.113652
1395	11.113652
1396	11.113652
1397	11.113652
1398	11.113652
1399	11.113652
1400	11.113652
1401	11.113652
1402	11.113652
1403	11.113652
1404	11.113652
1405	11.113652
1406	11.113652
1407	11.113652
1408	11.113652
1409	11.113652
1410	11.113652
1411	11.113652
1412	11.113652
1413	11.113652
1414	11.113652
1415	11.113652
1416	11.113652
1417	11.113652
1418	11.113652
1419	11.113652
1420	11.113652
1421	11.113652
1422	11.113652
1423	11.113652
1424	11.113652
1425	11.113652
1426	11.113652
1427	11.113652
1428	11.113652
1429	11.113652
1430	11.113652
1431	11.113652
1432	11.113652
1433	11.113652
1434	11.113652
1435	11.113652
1436	11.113652
1437	11.113652
1438	11.113652
1439	11.113652
1440	11.113652
1441	11.113652
1442	11.113652
1443	11.113652
1444	11.113652
1445	11.113652
1446	11.113652
1447	11.113652
1448	11.113652
1449	11.113652
1450	11.113652
1451	11.113652
1452	11.113652
1453	11.113652
1454	11.113652
1455	11.113652
1456	11.113652
1457	11.112856
1458	11.112856
1459	11.112856
1460	11.112856
1461	11.11405
1462	11.11405
1463	11.11405
1464	11.11405
1465	11.11405
1466	11.11405
1467	11.11405
1468	11.11405
1469	11.11405
1470	11.11405
1471	11.11405
1472	11.11405
1473	11.11405
1474	11.11405
1475	11.11405
1476	11.11405
1477	11.11405
1478	11.11405
1479	11.11405
1480	11.11405
1481	11.11405
1482	11.11405
1483	11.11405
1484	11.11405
1485	11.11405
1486	11.11405
1487	11.11405
1488	11.11405
1489	11.11405
1490	11.11405
1491	11.11405
1492	11.11405
1493	11.11405
1494	11.11405
1495	11.11405
1496	11.11405
1497	11.11405
1498	11.11405
1499	11.11405
1500	11.11405
1501	11.11405
1502	11.11405
1503	11.11405
1504	11.11405
1505	11.11405
1506	11.11405
1507	11.11405
1508	11.11405
1509	11.11405
1510	11.11405
1511	11.11405
1512	11.11405
1513	11.11405
1514	11.11405
1515	11.11405
1516	11.11405
1517	11.11405
1518	11.11405
1519	11.11405
1520	11.11405
1521	11.11405
1522	11.11405
1523	11.11405
1524	11.11405
1525	11.11405
1526	11.11405
1527	11.11405
1528	11.11405
1529	11.11405
1530	11.11405
1531	11.11405
1532	11.11405
1533	11.11405
1534	11.11405
1535	11.11405
1536	11.11405
1537	11.11405
1538	11.11405
1539	11.11405
1540	11.11405
1541	11.11405
1542	11.11405
1543	11.11405
1544	11.11405
1545	11.11405
1546	11.11405
1547	11.120617
1548	11.120617
1549	11.120617
1550	11.120617
1551	11.120617
1552	11.120617
1553	11.120617
1554	11.120617
1555	11.120617
1556	11.120617
1557	11.120617
1558	11.120617
1559	11.120617
1560	11.120617
1561	11.120617
1562	11.120617
1563	11.120617
1564	11.120617
1565	11.120617
1566	11.120617
1567	11.120617
1568	11.120617
1569	11.120617
1570	11.120617
1571	11.120617
1572	11.120617
1573	11.120617
1574	11.120617
1575	11.120617
1576	11.120617
1577	11.120617
1578	11.120617
1579	11.120617
1580	11.120617
1581	11.120617
1582	11.120617
1583	11.120617
1584	11.120617
1585	11.120617
1586	11.120617
1587	11.120617
1588	11.120617
1589	11.120617
1590	11.120617
1591	11.120617
1592	11.120617
1593	11.120617
1594	11.120617
1595	11.120617
1596	11.120617
1597	11.120617
1598	11.120617
1599	11.120617
1600	11.120617
1601	11.120617
1602	11.120617
1603	11.120617
1604	11.120617
1605	11.120617
1606	11.120617
1607	11.120617
1608	11.120617
1609	11.120617
1610	11.120617
1611	11.120617
1612	11.120617
1613	11.120617
1614	11.120617
1615	11.120617
1616	11.120617
1617	11.120617
1618	11.120617
1619	11.120617
1620	11.120617
1621	11.120617
1622	11.120617
1623	11.120617
1624	11.120617
1625	11.120617
1626	11.120617
1627	11.120617
1628	11.120617
1629	11.120617
1630	11.120617
1631	11.120617
1632	11.120617
1633	11.120617
1634	11.120617
1635	11.120617
1636	11.120617
1637	11.120617
1638	11.120617
1639	11.120617
1640	11.120617
1641	11.120617
1642	11.120617
1643	11.120617
1644	11.120617
1645	11.120617
1646	11.120617
1647	11.120617
1648	11.120617
1649	11.120617
1650	11.120617
1651	11.120617
1652	11.120617
1653	11.120617
1654	11.120617
1655	11.120617
1656	11.120617
1657	11.120617
1658	11.120617
1659	11.120617
1660	11.120617
1661	11.120617
1662	11.120617
1663	11.120617
1664	11.120617
1665	11.120617
1666	11.120617
1667	11.120617
1668	11.120617
1669	11.120617
1670	11.120617
1671	11.120617
1672	11.120617
1673	11.120617
1674	11.120617
1675	11.120617
1676	11.120617
1677	11.120617
1678	11.120617
1679	11.120617
1680	11.120617
1681	11.120617
1682	11.120617
1683	11.120617
1684	11.120617
1685	11.120617
1686	11.120617
1687	11.120617
1688	11.120617
1689	11.120617
1690	11.120617
1691	11.120617
1692	11.120617
1693	11.120617
1694	11.120617
1695	11.120617
1696	11.120617
1697	11.120617
1698	11.120617
1699	11.120617
1700	11.120617
1701	11.120617
1702	11.120617
1703	11.120617
1704	11.120617
1705	11.120617
1706	11.120617
1707	11.120617
1708	11.120617
1709	11.120617
1710	11.120617
1711	11.120617
1712	11.120617
1713	11.120617
1714	11.120617
1715	11.120617
1716	11.120617
1717	11.120617
1718	11.120617
1719	11.120617
1720	11.120617
1721	11.120617
1722	11.120617
1723	11.120617
1724	11.120617
1725	11.120617
1726	11.120617
1727	11.120617
1728	11.120617
1729	11.120617
1730	11.120617
1731	11.120617
1732	11.120617
1733	11.120617
1734	11.120617
1735	11.120617
1736	11.120617
1737	11.120617
1738	11.120617
1739	11.120617
1740	11.120617
1741	11.120617
1742	11.120617
1743	11.120617
1744	11.120617
1745	11.120617
1746	11.120617
1747	11.120617
1748	11.120617
1749	11.120617
1750	11.120617
1751	11.120617
1752	11.120617
1753	11.120617
1754	11.120617
1755	11.120617
1756	11.120617
1757	11.120617
1758	11.120617
1759	11.120617
1760	11.120617
1761	11.120617
1762	11.120617
1763	11.120617
1764	11.120617
1765	11.120617
1766	11.120617
1767	11.120617
1768	11.120617
1769	11.120617
1770	11.120617
1771	11.120617
1772	11.120617
1773	11.120617
1774	11.120617
1775	11.120617
1776	11.120617
1777	11.120617
1778	11.120617
1779	11.120617
1780	11.120617
1781	11.120617
1782	11.120617
1783	11.120617
1784	11.120617
1785	11.120617
1786	11.120617
1787	11.120617
1788	11.120617
1789	11.120617
1790	11.120617
1791	11.120617
1792	11.120617
1793	11.120617
1794	11.120617
1795	11.120617
1796	11.120617
1797	11.120617
1798	11.120617
1799	11.120617
1800	11.120617
1801	11.120617
1802	11.120617
1803	11.120617
1804	11.120617
1805	11.120617
1806	11.120617
1807	11.120617
1808	11.120617
1809	11.120617
1810	11.120617
1811	11.120617
1812	11.120617
1813	11.120617
1814	11.120617
1815	11.120617
1816	11.120617
1817	11.120617
1818	11.120617
1819	11.120617
1820	11.120617
1821	11.120617
1822	11.120617
1823	11.120617
1824	11.120617
1825	11.120617
1826	11.120617
1827	11.120617
1828	11.120617
1829	11.120617
1830	11.120617
1831	11.120617
1832	11.120617
1833	11.120617
1834	11.120617
1835	11.120617
1836	11.120617
1837	11.120617
1838	11.120617
1839	11.120617
1840	11.120617
1841	11.120617
1842	11.120617
1843	11.120617
1844	11.120617
1845	11.120617
1846	11.120617
1847	11.120617
1848	11.120617
1849	11.120617
1850	11.120617
1851	11.120617
1852	11.120617
1853	11.120617
1854	11.120617
1855	11.120617
1856	11.120617
1857	11.120617
1858	11.120617
1859	11.120617
1860	11.120617
1861	11.120617
1862	11.120617
1863	11.120617
1864	11.120617
1865	11.120617
1866	11.120617
1867	11.120617
1868	11.120617
1869	11.120617
1870	11.120617
1871	11.120617
1872	11.120617
1873	11.120617
1874	11.120617
1875	11.120617
1876	11.120617
1877	11.120617
1878	11.120617
1879	11.120617
1880	11.120617
1881	11.120617
1882	11.120617
1883	11.120617
1884	11.120617
1885	11.120617
1886	11.120617
1887	11.120617
1888	11.120617
1889	11.120617
1890	11.120617
1891	11.120617
1892	11.120617
1893	11.120617
1894	11.120617
1895	11.120617
1896	11.120617
1897	11.120617
1898	11.120617
1899	11.120617
1900	11.120617
1901	11.120617
1902	11.120617
1903	11.120617
1904	11.120617
1905	11.120617
1906	11.120617
1907	11.120617
1908	11.120617
1909	11.120617
1910	11.120617
1911	11.120617
1912	11.120617
1913	11.120617
1914	11.120617
1915	11.120617
1916	11.120617
1917	11.120617
1918	11.120617
1919	11.120617
1920	11.120617
1921	11.120617
1922	11.120617
1923	11.120617
1924	11.120617
1925	11.120617
1926	11.120617
1927	11.120617
1928	11.120617
1929	11.120617
1930	11.120617
1931	11.120617
1932	11.120617
1933	11.120617
1934	11.120617
1935	11.120617
1936	11.120617
1937	11.120617
1938	11.120617
1939	11.120617
1940	11.120617
1941	11.120617
1942	11.120617
1943	11.120617
1944	11.120617
1945	11.120617
1946	11.120617
1947	11.120617
1948	11.120617
1949	11.120617
1950	11.120617
1951	11.120617
1952	11.120617
1953	11.120617
1954	11.120617
1955	11.120617
1956	11.120617
1957	11.120617
1958	11.120617
1959	11.120617
1960	11.120617
1961	11.120617
1962	11.121413
1963	11.121413
1964	11.121413
1965	11.121413
1966	11.121413
1967	11.121413
1968	11.121413
1969	11.121413
1970	11.121413
1971	11.121413
1972	11.121413
1973	11.121413
1974	11.121413
1975	11.121413
1976	11.121413
1977	11.121413
1978	11.121413
1979	11.121413
1980	11.121413
1981	11.121413
1982	11.121413
1983	11.121413
1984	11.121413
1985	11.121413
1986	11.121413
1987	11.121413
1988	11.121413
1989	11.121413
1990	11.121413
1991	11.121413
1992	11.121413
1993	11.121413
1994	11.121413
1995	11.121413
1996	11.121413
1997	11.121413
1998	11.121413
1999	11.121413
2000	11.121413
2001	11.121413
2002	11.121413
2003	11.121413
2004	11.121413
2005	11.121413
2006	11.121413
2007	11.121413
2008	11.121413
2009	11.121413
2010	11.121413
2011	11.121413
2012	11.121413
2013	11.121413
2014	11.121413
2015	11.121413
2016	11.121413
2017	11.121413
2018	11.121413
2019	11.121413
2020	11.121413
2021	11.121413
2022	11.121413
2023	11.121413
2024	11.121413
2025	11.121413
2026	11.121413
2027	11.121413
2028	11.121413
2029	11.121413
2030	11.121413
2031	11.121413
2032	11.121413
2033	11.121413
2034	11.121413
2035	11.121413
2036	11.121413
2037	11.121413
2038	11.121413
2039	11.121413
2040	11.121413
2041	11.121413
2042	11.121413
2043	11.121413
2044	11.121413
2045	11.121413
2046	11.121413
2047	11.121413
2048	11.121413
2049	11.121413
2050	11.121413
2051	11.121413
2052	11.121413
2053	11.121413
2054	11.121413
2055	11.121413
2056	11.121413
2057	11.121413
2058	11.121413
2059	11.121413
2060	11.121413
2061	11.121413
2062	11.121413
2063	11.121413
2064	11.121413
2065	11.121413
2066	11.121413
2067	11.121413
2068	11.121413
2069	11.121413
2070	11.121413
2071	11.121413
2072	11.121413
2073	11.121413
2074	11.121413
2075	11.121413
2076	11.121413
2077	11.121413
2078	11.121413
2079	11.121413
2080	11.121413
2081	11.121413
2082	11.121413
2083	11.121413
2084	11.121413
2085	11.121413
2086	11.121413
2087	11.121413
2088	11.121413
2089	11.121413
2090	11.121413
2091	11.121413
2092	11.121413
2093	11.121413
2094	11.121413
2095	11.121413
2096	11.121413
2097	11.121413
2098	11.121413
2099	11.121413
2100	11.121413
2101	11.121413
2102	11.121413
2103	11.121413
2104	11.121413
2105	11.121413
2106	11.121413
2107	11.121413
2108	11.121413
2109	11.121413
2110	11.121413
2111	11.121413
2112	11.121413
2113	11.121413
2114	11.121413
2115	11.121413
2116	11.121413
2117	11.121413
2118	11.121413
2119	11.121413
2120	11.121413
2121	11.121413
2122	11.121413
2123	11.121413
2124	11.121413
2125	11.121413
2126	11.121413
2127	11.121413
2128	11.121413
2129	11.121413
2130	11.121413
2131	11.121413
2132	11.121413
2133	11.121413
2134	11.121413
2135	11.121413
2136	11.121413
2137	11.121413
2138	11.121413
2139	11.121413
2140	11.121413
2141	11.121413
2142	11.121413
2143	11.121413
2144	11.121413
2145	11.121413
2146	11.121413
2147	11.121413
2148	11.121413
2149	11.121413
2150	11.121413
2151	11.121413
2152	11.121413
2153	11.121413
2154	11.121413
2155	11.121413
2156	11.121413
2157	11.121413
2158	11.121413
2159	11.121413
2160	11.121413
2161	11.121413
2162	11.121413
2163	11.121413
2164	11.121413
2165	11.121413
2166	11.121413
2167	11.121413
2168	11.140967
2169	11.140967
2170	11.140967
2171	11.140967
2172	11.140967
2173	11.140967
2174	11.140967
2175	11.140967
2176	11.140967
2177	11.140967
2178	11.140967
2179	11.140967
2180	11.140967
2181	11.140967
2182	11.140967
2183	11.140967
2184	11.140967
2185	11.140967
2186	11.140967
2187	11.140967
2188	11.140967
2189	11.140967
2190	11.140967
2191	11.140967
2192	11.140967
2193	11.140967
2194	11.140967
2195	11.140967
2196	11.140967
2197	11.140967
2198	11.140967
2199	11.140967
2200	11.140967
2201	11.140967
2202	11.140967
2203	11.140967
2204	11.140967
2205	11.140967
2206	11.140967
2207	11.140967
2208	11.140967
2209	11.140967
2210	11.140967
2211	11.140967
2212	11.140967
2213	11.140967
2214	11.140967
2215	11.140967
2216	11.140967
2217	11.140967
2218	11.140967
2219	11.140967
2220	11.140967
2221	11.140967
2222	11.140967
2223	11.140967
2224	11.140967
2225	11.140967
2226	11.140967
2227	11.140967
2228	11.140967
2229	11.140967
2230	11.140967
2231	11.140967
2232	11.140967
2233	11.140967
2234	11.140967
2235	11.140967
2236	11.140967
2237	11.140967
2238	11.140967
2239	11.140967
2240	11.140967
2241	11.140967
2242	11.140967
2243	11.140967
2244	11.140967
2245	11.140967
2246	11.140967
2247	11.140967
2248	11.140967
2249	11.140967
2250	11.140967
2251	11.140967
2252	11.140967
2253	11.140967
2254	11.140967
2255	11.140967
2256	11.140967
2257	11.140967
2258	11.140967
2259	11.140967
2260	11.140967
2261	11.140967
2262	11.140967
2263	11.140967
2264	11.140967
2265	11.140967
2266	11.140967
2267	11.140967
2268	11.140967
2269	11.140967
2270	11.140967
2271	11.140967
2272	11.140967
2273	11.140967
2274	11.140967
2275	11.140967
2276	11.140967
2277	11.140967
2278	11.140967
2279	11.140967
2280	11.140967
2281	11.140967
2282	11.140967
2283	11.140967
2284	11.140967
2285	11.140967
2286	11.140967
2287	11.140967
2288	11.140967
2289	11.140967
2290	11.140967
2291	11.140967
2292	11.140967
2293	11.140967
2294	11.140967
2295	11.140967
2296	11.140967
2297	11.140967
2298	11.140967
2299	11.140967
2300	11.140967
2301	11.140967
2302	11.140967
2303	11.140967
2304	11.140967
2305	11.140967
2306	11.140967
2307	11.140967
2308	11.140967
2309	11.140967
2310	11.140967
2311	11.140967
2312	11.140967
2313	11.140967
2314	11.140967
2315	11.140967
2316	11.140967
2317	11.140967
2318	11.140967
2319	11.140967
2320	11.140967
2321	11.140967
2322	11.140967
2323	11.140967
2324	11.140967
2325	11.140967
2326	11.140967
2327	11.140967
2328	11.140967
2329	11.140967
2330	11.140967
2331	11.140967
2332	11.140967
2333	11.140967
2334	11.140967
2335	11.140967
2336	11.140967
2337	11.140967
2338	11.140967
2339	11.140967
2340	11.140967
2341	11.140967
2342	11.140967
2343	11.140967
2344	11.140967
2345	11.140967
2346	11.140967
2347	11.140967
2348	11.140967
2349	11.140967
2350	11.140967
2351	11.140967
2352	11.140967
2353	11.140967
2354	11.140967
2355	11.140967
2356	11.140967
2357	11.140967
2358	11.140967
2359	11.140967
2360	11.140967
2361	11.140967
2362	11.140967
2363	11.140967
2364	11.140967
2365	11.140967
2366	11.140967
2367	11.140967
2368	11.140967
2369	11.140967
2370	11.140967
2371	11.140967
2372	11.140967
2373	11.140967
2374	11.140967
2375	11.140967
2376	11.140967
2377	11.17619
2378	11.17619
2379	11.17619
2380	11.17619
2381	11.17619
2382	11.17619
2383	11.17619
2384	11.17619
2385	11.17619
2386	11.17619
2387	11.17619
2388	11.17619
2389	11.17619
2390	11.17619
2391	11.17619
2392	11.17619
2393	11.17619
2394	11.17619
2395	11.17619
2396	11.17619
2397	11.17619
2398	11.17619
2399	11.17619
2400	11.17619
2401	11.17619
2402	11.17619
2403	11.17619
2404	11.17619
2405	11.17619
2406	11.17619
2407	11.17619
2408	11.17619
2409	11.17619
2410	11.17619
2411	11.17619
2412	11.17619
2413	11.17619
2414	11.17619
2415	11.17619
2416	11.17619
2417	11.17619
2418	11.17619
2419	11.17619
2420	11.17619
2421	11.17619
2422	11.17619
2423	11.17619
2424	11.17619
2425	11.17619
2426	11.17619
2427	11.17619
2428	11.17619
2429	11.17619
2430	11.17619
2431	11.17619
2432	11.17619
2433	11.17619
2434	11.17619
2435	11.17619
2436	11.17619
2437	11.17619
2438	11.17619
2439	11.17619
2440	11.17619
2441	11.17619
2442	11.17619
2443	11.17619
2444	11.17619
2445	11.17619
2446	11.17619
2447	11.17619
2448	11.17619
2449	11.17619
2450	11.17619
2451	11.17619
2452	11.17619
2453	11.17619
2454	11.17619
2455	11.17619
2456	11.17619
2457	11.17619
2458	11.17619
2459	11.17619
2460	11.17619
2461	11.17619
2462	11.17619
2463	11.17619
2464	11.17619
2465	11.17619
2466	11.17619
2467	11.17619
2468	11.17619
2469	11.17619
2470	11.17619
2471	11.17619
2472	11.17619
2473	11.17619
2474	11.17619
2475	11.17619
2476	11.17619
2477	11.17619
2478	11.17619
2479	11.17619
2480	11.17619
2481	11.17619
2482	11.17619
2483	11.17619
2484	11.17619
2485	11.17619
2486	11.17619
2487	11.17619
2488	11.17619
2489	11.17619
2490	11.17619
2491	11.17619
2492	11.17619
2493	11.17619
2494	11.17619
2495	11.17619
2496	11.17619
2497	11.17619
2498	11.17619
2499	11.17619
2500	11.17619
2501	11.17619
2502	11.17619
2503	11.17619
2504	11.17619
2505	11.17619
2506	11.17619
2507	11.17619
2508	11.17619
2509	11.17619
2510	11.17619
2511	11.17619
2512	11.17619
2513	11.17619
2514	11.17619
2515	11.17619
2516	11.17619
2517	11.17619
2518	11.17619
2519	11.17619
2520	11.17619
2521	11.17619
2522	11.17619
2523	11.17619
2524	11.17619
2525	11.17619
2526	11.17619
2527	11.17619
2528	11.17619
2529	11.17619
2530	11.17619
2531	11.17619
2532	11.17619
2533	11.17619
2534	11.17619
2535	11.17619
2536	11.17619
2537	11.17619
2538	11.17619
2539	11.17619
2540	11.17619
2541	11.17619
2542	11.17619
2543	11.17619
2544	11.17619
2545	11.17619
2546	11.17619
2547	11.17619
2548	11.17619
2549	11.17619
2550	11.17619
2551	11.17619
2552	11.17619
2553	11.17619
2554	11.17619
2555	11.17619
2556	11.17619
2557	11.17619
2558	11.17619
2559	11.17619
2560	11.17619
2561	11.17619
2562	11.17619
2563	11.17619
2564	11.17619
2565	11.17619
2566	11.17619
2567	11.17619
2568	11.17619
2569	11.17619
2570	11.17619
2571	11.17619
2572	11.17619
2573	11.17619
2574	11.17619
2575	11.17619
2576	11.17619
2577	11.17619
2578	11.17619
2579	11.17619
2580	11.17619
2581	11.17619
2582	11.17619
2583	11.17619
2584	11.17619
2585	11.17619
2586	11.17619
2587	11.17619
2588	11.17619
2589	11.17619
2590	11.17619
2591	11.17619
2592	11.17619
2593	11.17619
2594	11.17619
2595	11.17619
2596	11.17619
2597	11.17619
2598	11.17619
2599	11.17619
2600	11.17619
2601	11.17619
2602	11.17619
2603	11.17619
2604	11.17619
2605	11.17619
2606	11.17619
2607	11.17619
2608	11.17619
2609	11.17619
2610	11.17619
2611	11.17619
2612	11.17619
2613	11.17619
2614	11.17619
2615	11.17619
2616	11.17619
2617	11.17619
2618	11.17619
2619	11.17619
2620	11.17619
2621	11.17619
2622	11.17619
2623	11.17619
2624	11.17619
2625	11.17619
2626	11.17619
2627	11.17619
2628	11.17619
2629	11.17619
2630	11.17619
2631	11.17619
2632	11.17619
2633	11.17619
2634	11.17619
2635	11.17619
2636	11.17619
2637	11.17619
2638	11.17619
2639	11.17619
2640	11.17619
2641	11.17619
2642	11.17619
2643	11.17619
2644	11.17619
2645	11.17619
2646	11.17619
2647	11.17619
2648	11.17619
2649	11.17619
2650	11.17619
2651	11.17619
2652	11.17619
2653	11.17619
2654	11.17619
2655	11.17619
2656	11.17619
2657	11.17619
2658	11.17619
2659	11.17619
2660	11.17619
2661	11.17619
2662	11.17619
2663	11.17619
2664	11.17619
2665	11.17619
2666	11.17619
2667	11.17619
2668	11.17619
2669	11.17619
2670	11.17619
2671	11.17619
2672	11.17619
2673	11.17619
2674	11.17619
2675	11.17619
2676	11.17619
2677	11.17619
2678	11.17619
2679	11.17619
2680	11.17619
2681	11.17619
2682	11.17619
2683	11.17619
2684	11.17619
2685	11.17619
2686	11.17619
2687	11.17619
2688	11.17619
2689	11.17619
2690	11.17619
2691	11.17619
2692	11.17619
2693	11.17619
2694	11.17619
2695	11.17619
2696	11.17619
2697	11.17619
2698	11.17619
2699	11.17619
2700	11.17619
2701	11.17619
2702	11.17619
2703	11.17619
2704	11.17619
2705	11.17619
2706	11.17619
2707	11.17619
2708	11.17619
2709	11.17619
2710	11.17619
2711	11.17619
2712	11.17619
2713	11.17619
2714	11.17619
2715	11.17619
2716	11.17619
2717	11.17619
2718	11.17619
2719	11.17619
2720	11.17619
2721	11.17619
2722	11.17619
2723	11.17619
2724	11.17619
2725	11.17619
2726	11.17619
2727	11.17619
2728	11.17619
2729	11.17619
2730	11.17619
2731	11.17619
2732	11.17619
2733	11.17619
2734	11.17619
2735	11.17619
2736	11.17619
2737	11.17619
2738	11.17619
2739	11.17619
2740	11.17619
2741	11.17619
2742	11.17619
2743	11.17619
2744	11.17619
2745	11.17619
2746	11.17619
2747	11.17619
2748	11.17619
2749	11.17619
2750	11.17619
2751	11.17619
2752	11.17619
2753	11.17619
2754	11.17619
2755	11.17619
2756	11.17619
2757	11.17619
2758	11.17619
2759	11.17619
2760	11.17619
2761	11.17619
2762	11.17619
2763	11.17619
2764	11.17619
2765	11.17619
2766	11.17619
2767	11.17619
2768	11.17619
2769	11.17619
2770	11.17619
2771	11.17619
2772	11.17619
2773	11.17619
2774	11.17619
2775	11.17619
2776	11.17619
2777	11.17619
2778	11.17619
2779	11.17619
2780	11.17619
2781	11.17619
2782	11.17619
2783	11.17619
2784	11.17619
2785	11.17619
2786	11.17619
2787	11.17619
2788	11.17619
2789	11.17619
2790	11.17619
2791	11.17619
2792	11.17619
2793	11.17619
2794	11.17619
2795	11.17619
2796	11.17619
2797	11.17619
2798	11.17619
2799	11.17619
2800	11.17619
2801	11.17619
2802	11.17619
2803	11.17619
2804	11.17619
2805	11.17619
2806	11.17619
2807	11.17619
2808	11.17619
2809	11.17619
2810	11.17619
2811	11.17619
2812	11.17619
2813	11.17619
2814	11.17619
2815	11.17619
2816	11.17619
2817	11.17619
2818	11.17619
2819	11.17619
2820	11.17619
2821	11.17619
2822	11.17619
2823	11.17619
2824	11.17619
2825	11.17619
2826	11.17619
2827	11.17619
2828	11.17619
2829	11.17619
2830	11.17619
2831	11.17619
2832	11.17619
2833	11.17619
2834	11.17619
2835	11.17619
2836	11.17619
2837	11.17619
2838	11.17619
2839	11.17619
2840	11.17619
2841	11.17619
2842	11.17619
2843	11.17619
2844	11.17619
2845	11.17619
2846	11.17619
2847	11.17619
2848	11.17619
2849	11.17619
2850	11.17619
2851	11.17619
2852	11.17619
2853	11.17619
2854	11.17619
2855	11.17619
2856	11.17619
2857	11.17619
2858	11.17619
2859	11.17619
2860	11.17619
2861	11.17619
2862	11.17619
2863	11.17619
2864	11.17619
2865	11.17619
2866	11.17619
2867	11.17619
2868	11.17619
2869	11.17619
2870	11.17619
2871	11.17619
2872	11.17619
2873	11.17619
2874	11.17619
2875	11.17619
2876	11.17619
2877	11.17619
2878	11.17619
2879	11.17619
2880	11.17619
2881	11.17619
2882	11.17619
2883	11.17619
2884	11.17619
2885	11.17619
2886	11.17619
2887	11.17619
2888	11.17619
2889	11.17619
2890	11.17619
2891	11.17619
2892	11.17619
2893	11.17619
2894	11.17619
2895	11.17619
2896	11.17619
2897	11.17619
2898	11.17619
2899	11.17619
2900	11.17619
2901	11.17619
2902	11.17619
2903	11.17619
2904	11.17619
2905	11.17619
2906	11.17619
2907	11.17619
2908	11.17619
2909	11.17619
2910	11.17619
2911	11.17619
2912	11.17619
2913	11.17619
2914	11.17619
2915	11.17619
2916	11.17619
2917	11.17619
2918	11.17619
2919	11.17619
2920	11.17619
2921	11.17619
2922	11.17619
2923	11.17619
2924	11.17619
2925	11.17619
2926	11.17619
2927	11.17619
2928	11.17619
2929	11.17619
2930	11.17619
2931	11.17619
2932	11.17619
2933	11.17619
2934	11.17619
2935	11.17619
2936	11.17619
2937	11.17619
2938	11.17619
2939	11.17619
2940	11.17619
2941	11.17619
2942	11.17619
2943	11.17619
2944	11.17619
2945	11.17619
2946	11.17619
2947	11.17619
2948	11.17619
2949	11.17619
2950	11.17619
2951	11.17619
2952	11.17619
2953	11.17619
2954	11.17619
2955	11.17619
2956	11.17619
2957	11.17619
2958	11.17619
2959	11.17619
2960	11.17619
2961	11.17619
2962	11.17619
2963	11.17619
2964	11.17619
2965	11.17619
2966	11.17619
2967	11.17619
2968	11.17619
2969	11.17619
2970	11.17619
2971	11.17619
2972	11.17619
2973	11.17619
2974	11.17619
2975	11.17619
2976	11.17619
2977	11.17619
2978	11.17619
2979	11.17619
2980	11.17619
2981	11.17619
2982	11.17619
2983	11.17619
2984	11.17619
2985	11.17619
2986	11.17619
2987	11.17619
2988	11.17619
2989	11.17619
2990	11.17619
2991	11.17619
2992	11.17619
2993	11.17619
2994	11.17619
2995	11.17619
2996	11.17619
2997	11.17619
2998	11.17619
2999	11.17619
3000	11.17619
3001	11.17619
3002	11.17619
3003	11.17619
3004	11.17619
3005	11.17619
3006	11.17619
3007	11.17619
3008	11.17619
3009	11.17619
3010	11.17619
3011	11.17619
3012	11.17619
3013	11.17619
3014	11.17619
3015	11.17619
3016	11.17619
3017	11.17619
3018	11.17619
3019	11.17619
3020	11.17619
3021	11.17619
3022	11.17619
3023	11.17619
3024	11.17619
3025	11.17619
3026	11.17619
3027	11.17619
3028	11.17619
3029	11.17619
3030	11.17619
3031	11.17619
3032	11.17619
3033	11.17619
3034	11.17619
3035	11.17619
3036	11.17619
3037	11.17619
3038	11.17619
3039	11.17619
3040	11.17619
3041	11.17619
3042	11.17619
3043	11.17619
3044	11.17619
3045	11.17619
3046	11.17619
3047	11.17619
3048	11.17619
3049	11.17619
3050	11.17619
3051	11.17619
3052	11.17619
3053	11.17619
3054	11.17619
3055	11.17619
3056	11.17619
3057	11.17619
3058	11.17619
3059	11.17619
3060	11.17619
3061	11.17619
3062	11.17619
3063	11.17619
3064	11.17619
3065	11.17619
3066	11.17619
3067	11.17619
3068	11.17619
3069	11.17619
3070	11.17619
3071	11.17619
3072	11.17619
3073	11.17619
3074	11.17619
3075	11.17619
3076	11.17619
3077	11.17619
3078	11.17619
3079	11.17619
3080	11.17619
3081	11.17619
3082	11.17619
3083	11.17619
3084	11.17619
3085	11.17619
3086	11.17619
3087	11.17619
3088	11.17619
3089	11.17619
3090	11.17619
3091	11.17619
3092	11.17619
3093	11.17619
3094	11.17619
3095	11.17619
3096	11.17619
3097	11.17619
3098	11.17619
3099	11.17619
3100	11.17619
3101	11.17619
3102	11.17619
3103	11.17619
3104	11.17619
3105	11.17619
3106	11.17619
3107	11.17619
3108	11.17619
3109	11.17619
3110	11.17619
3111	11.17619
3112	11.17619
3113	11.17619
3114	11.17619
3115	11.17619
3116	11.17619
3117	11.17619
3118	11.17619
3119	11.17619
3120	11.17619
3121	11.17619
3122	11.17619
3123	11.17619
3124	11.17619
3125	11.17619
3126	11.17619
3127	11.17619
3128	11.17619
3129	11.17619
3130	11.17619
3131	11.17619
3132	11.17619
3133	11.17619
3134	11.17619
3135	11.17619
3136	11.17619
3137	11.17619
3138	11.17619
3139	11.17619
3140	11.17619
3141	11.17619
3142	11.17619
3143	11.17619
3144	11.17619
3145	11.17619
3146	11.17619
3147	11.17619
3148	11.17619
3149	11.17619
3150	11.17619
3151	11.17619
3152	11.17619
3153	11.17619
3154	11.17619
3155	11.17619
3156	11.17619
3157	11.17619
3158	11.17619
3159	11.17619
3160	11.17619
3161	11.17619
3162	11.17619
3163	11.17619
3164	11.17619
3165	11.17619
3166	11.17619
3167	11.17619
3168	11.17619
3169	11.17619
3170	11.17619
3171	11.17619
3172	11.17619
3173	11.17619
3174	11.17619
3175	11.17619
3176	11.17619
3177	11.17619
3178	11.17619
3179	11.17619
3180	11.17619
3181	11.17619
3182	11.17619
3183	11.17619
3184	11.17619
3185	11.17619
3186	11.17619
3187	11.17619
3188	11.17619
3189	11.17619
3190	11.17619
3191	11.17619
3192	11.17619
3193	11.17619
3194	11.17619
3195	11.17619
3196	11.17619
3197	11.17619
3198	11.17619
3199	11.17619
3200	11.17619
3201	11.17619
3202	11.17619
3203	11.17619
3204	11.17619
3205	11.17619
3206	11.17619
3207	11.17619
3208	11.17619
3209	11.17619
3210	11.17619
3211	11.17619
3212	11.17619
3213	11.17619
3214	11.17619
3215	11.17619
3216	11.17619
3217	11.17619
3218	11.17619
3219	11.17619
3220	11.17619
3221	11.17619
3222	11.17619
3223	11.17619
3224	11.17619
3225	11.17619
3226	11.17619
3227	11.17619
3228	11.17619
3229	11.17619
3230	11.17619
3231	11.17619
3232	11.17619
3233	11.17619
3234	11.17619
3235	11.17619
3236	11.17619
3237	11.17619
3238	11.17619
3239	11.17619
3240	11.17619
3241	11.17619
3242	11.17619
3243	11.17619
3244	11.17619
3245	11.17619
3246	11.17619
3247	11.17619
3248	11.17619
3249	11.17619
3250	11.17619
3251	11.17619
3252	11.17619
3253	11.17619
3254	11.17619
3255	11.17619
3256	11.17619
3257	11.17619
3258	11.17619
3259	11.17619
3260	11.17619
3261	11.17619
3262	11.17619
3263	11.17619
3264	11.17619
3265	11.17619
3266	11.17619
3267	11.17619
3268	11.17619
3269	11.17619
3270	11.17619
3271	11.17619
3272	11.17619
3273	11.17619
3274	11.17619
3275	11.17619
3276	11.17619
3277	11.17619
3278	11.17619
3279	11.17619
3280	11.17619
3281	11.17619
3282	11.17619
3283	11.17619
3284	11.17619
3285	11.17619
3286	11.17619
3287	11.17619
3288	11.17619
3289	11.17619
3290	11.17619
3291	11.17619
3292	11.17619
3293	11.17619
3294	11.17619
3295	11.17619
3296	11.17619
3297	11.17619
3298	11.17619
3299	11.17619
3300	11.17619
3301	11.17619
3302	11.17619
3303	11.17619
3304	11.17619
3305	11.17619
3306	11.17619
3307	11.17619
3308	11.17619
3309	11.17619
3310	11.17619
3311	11.17619
3312	11.17619
3313	11.17619
3314	11.17619
3315	11.17619
3316	11.17619
3317	11.17619
3318	11.17619
3319	11.17619
3320	11.17619
3321	11.17619
3322	11.17619
3323	11.17619
3324	11.17619
3325	11.17619
3326	11.17619
3327	11.17619
3328	11.17619
3329	11.17619
3330	11.17619
3331	11.17619
3332	11.17619
3333	11.17619
3334	11.17619
3335	11.17619
3336	11.17619
3337	11.17619
3338	11.17619
3339	11.17619
3340	11.17619
3341	11.17619
3342	11.17619
3343	11.17619
3344	11.17619
3345	11.17619
3346	11.17619
3347	11.17619
3348	11.17619
3349	11.17619
3350	11.17619
3351	11.17619
3352	11.17619
3353	11.17619
3354	11.17619
3355	11.17619
3356	11.17619
3357	11.17619
3358	11.17619
3359	11.17619
3360	11.17619
3361	11.17619
3362	11.17619
3363	11.17619
3364	11.17619
3365	11.17619
3366	11.17619
3367	11.17619
3368	11.17619
3369	11.17619
3370	11.17619
3371	11.17619
3372	11.17619
3373	11.17619
3374	11.17619
3375	11.17619
3376	11.17619
3377	11.17619
3378	11.17619
3379	11.17619
3380	11.17619
3381	11.17619
3382	11.17619
3383	11.17619
3384	11.17619
3385	11.17619
3386	11.17619
3387	11.17619
3388	11.17619
3389	11.17619
3390	11.17619
3391	11.17619
3392	11.17619
3393	11.17619
3394	11.17619
3395	11.17619
3396	11.17619
3397	11.17619
3398	11.17619
3399	11.17619
3400	11.17619
3401	11.17619
3402	11.17619
3403	11.17619
3404	11.17619
3405	11.17619
3406	11.17619
3407	11.17619
3408	11.17619
3409	11.17619
3410	11.17619
3411	11.17619
3412	11.17619
3413	11.17619
3414	11.17619
3415	11.17619
3416	11.17619
3417	11.17619
3418	11.17619
3419	11.17619
3420	11.17619
3421	11.17619
3422	11.17619
3423	11.17619
3424	11.17619
3425	11.17619
3426	11.17619
3427	11.17619
3428	11.17619
3429	11.17619
3430	11.17619
3431	11.17619
3432	11.17619
3433	11.17619
3434	11.17619
3435	11.17619
3436	11.17619
3437	11.17619
3438	11.17619
3439	11.17619
3440	11.17619
3441	11.17619
3442	11.17619
3443	11.17619
3444	11.17619
3445	11.17619
3446	11.17619
3447	11.17619
3448	11.17619
3449	11.17619
3450	11.17619
3451	11.17619
3452	11.17619
3453	11.17619
3454	11.17619
3455	11.17619
3456	11.17619
3457	11.17619
3458	11.17619
3459	11.17619
3460	11.17619
3461	11.17619
3462	11.17619
3463	11.17619
3464	11.17619
3465	11.17619
3466	11.17619
3467	11.17619
3468	11.17619
3469	11.17619
3470	11.17619
3471	11.17619
3472	11.17619
3473	11.17619
3474	11.17619
3475	11.17619
3476	11.17619
3477	11.17619
3478	11.17619
3479	11.17619
3480	11.17619
3481	11.17619
3482	11.17619
3483	11.17619
3484	11.17619
3485	11.17619
3486	11.17619
3487	11.17619
3488	11.17619
3489	11.17619
3490	11.17619
3491	11.17619
3492	11.17619
3493	11.17619
3494	11.17619
3495	11.17619
3496	11.17619
3497	11.17619
3498	11.17619
3499	11.17619
3500	11.17619
3501	11.17619
3502	11.17619
3503	11.17619
3504	11.17619
3505	11.17619
3506	11.17619
3507	11.17619
3508	11.17619
3509	11.17619
3510	11.17619
3511	11.17619
3512	11.17619
3513	11.17619
3514	11.17619
3515	11.17619
3516	11.17619
3517	11.17619
3518	11.17619
3519	11.17619
3520	11.17619
3521	11.17619
3522	11.17619
3523	11.17619
3524	11.17619
3525	11.17619
3526	11.17619
3527	11.17619
3528	11.17619
3529	11.17619
3530	11.17619
3531	11.17619
3532	11.17619
3533	11.17619
3534	11.17619
3535	11.17619
3536	11.17619
3537	11.17619
3538	11.17619
3539	11.17619
3540	11.17619
3541	11.17619
3542	11.17619
3543	11.17619
3544	11.17619
3545	11.17619
3546	11.17619
3547	11.17619
3548	11.17619
3549	11.17619
3550	11.17619
3551	11.17619
3552	11.17619
3553	11.17619
3554	11.17619
3555	11.17619
3556	11.17619
3557	11.17619
3558	11.17619
3559	11.17619
3560	11.17619
3561	11.17619
3562	11.17619
3563	11.17619
3564	11.17619
3565	11.17619
3566	11.17619
3567	11.17619
3568	11.17619
3569	11.17619
3570	11.17619
3571	11.17619
3572	11.17619
3573	11.17619
3574	11.17619
3575	11.17619
3576	11.17619
3577	11.17619
3578	11.17619
3579	11.17619
3580	11.17619
3581	11.17619
3582	11.17619
3583	11.17619
3584	11.17619
3585	11.17619
3586	11.17619
3587	11.17619
3588	11.17619
3589	11.17619
3590	11.17619
3591	11.17619
3592	11.17619
3593	11.17619
3594	11.17619
3595	11.17619
3596	11.17619
3597	11.17619
3598	11.17619
3599	11.17619
3600	11.17619
3601	11.17619
3602	11.17619
3603	11.17619
3604	11.17619
3605	11.17619
3606	11.17619
3607	11.17619
3608	11.17619
3609	11.17619
3610	11.17619
3611	11.17619
3612	11.17619
3613	11.17619
3614	11.17619
3615	11.17619
3616	11.17619
3617	11.17619
3618	11.17619
3619	11.17619
3620	11.17619
3621	11.17619
3622	11.17619
3623	11.17619
3624	11.17619
3625	11.17619
3626	11.17619
3627	11.17619
3628	11.17619
3629	11.17619
3630	11.17619
3631	11.17619
3632	11.17619
3633	11.17619
3634	11.17619
3635	11.17619
3636	11.17619
3637	11.17619
3638	11.17619
3639	11.17619
3640	11.17619
3641	11.17619
3642	11.17619
3643	11.17619
3644	11.17619
3645	11.17619
3646	11.17619
3647	11.17619
3648	11.17619
3649	11.17619
3650	11.17619
3651	11.17619
3652	11.17619
3653	11.17619
3654	11.17619
3655	11.17619
3656	11.17619
3657	11.17619
3658	11.17619
3659	11.17619
3660	11.17619
3661	11.17619
3662	11.17619
3663	11.17619
3664	11.17619
3665	11.17619
3666	11.17619
3667	11.17619
3668	11.17619
3669	11.17619
3670	11.17619
3671	11.17619
3672	11.17619
3673	11.17619
3674	11.17619
3675	11.17619
3676	11.17619
3677	11.17619
3678	11.17619
3679	11.17619
3680	11.17619
3681	11.17619
3682	11.17619
3683	11.17619
3684	11.17619
3685	11.17619
3686	11.17619
3687	11.17619
3688	11.17619
3689	11.17619
3690	11.17619
3691	11.17619
3692	11.17619
3693	11.17619
3694	11.17619
3695	11.17619
3696	11.17619
3697	11.17619
3698	11.17619
3699	11.17619
3700	11.17619
3701	11.17619
3702	11.17619
3703	11.17619
3704	11.17619
3705	11.17619
3706	11.17619
3707	11.17619
3708	11.17619
3709	11.17619
3710	11.17619
3711	11.17619
3712	11.17619
3713	11.17619
3714	11.17619
3715	11.17619
3716	11.17619
3717	11.17619
3718	11.17619
3719	11.17619
3720	11.17619
3721	11.17619
3722	11.17619
3723	11.17619
3724	11.17619
3725	11.17619
3726	11.17619
3727	11.17619
3728	11.17619
3729	11.17619
3730	11.17619
3731	11.17619
3732	11.17619
3733	11.17619
3734	11.17619
3735	11.17619
3736	11.17619
3737	11.17619
3738	11.17619
3739	11.17619
3740	11.17619
3741	11.17619
3742	11.17619
3743	11.17619
3744	11.17619
3745	11.17619
3746	11.17619
3747	11.17619
3748	11.17619
3749	11.17619
3750	11.17619
3751	11.17619
3752	11.17619
3753	11.17619
3754	11.17619
3755	11.17619
3756	11.17619
3757	11.17619
3758	11.17619
3759	11.17619
3760	11.17619
3761	11.17619
3762	11.17619
3763	11.17619
3764	11.17619
3765	11.17619
3766	11.17619
3767	11.17619
3768	11.17619
3769	11.17619
3770	11.17619
3771	11.17619
3772	11.17619
3773	11.17619
3774	11.17619
3775	11.17619
3776	11.17619
3777	11.17619
3778	11.17619
3779	11.17619
3780	11.17619
3781	11.17619
3782	11.17619
3783	11.17619
3784	11.17619
3785	11.17619
3786	11.17619
3787	11.17619
3788	11.17619
3789	11.17619
3790	11.17619
3791	11.17619
3792	11.17619
3793	11.17619
3794	11.17619
3795	11.17619
3796	11.17619
3797	11.17619
3798	11.17619
3799	11.17619
3800	11.17619
3801	11.17619
3802	11.17619
3803	11.17619
3804	11.17619
3805	11.17619
3806	11.17619
3807	11.17619
3808	11.17619
3809	11.17619
3810	11.17619
3811	11.17619
3812	11.17619
3813	11.17619
3814	11.17619
3815	11.17619
3816	11.17619
3817	11.17619
3818	11.17619
3819	11.17619
3820	11.17619
3821	11.17619
3822	11.17619
3823	11.17619
3824	11.17619
3825	11.17619
3826	11.17619
3827	11.17619
3828	11.17619
3829	11.17619
3830	11.17619
3831	11.17619
3832	11.17619
3833	11.17619
3834	11.17619
3835	11.17619
3836	11.17619
3837	11.17619
3838	11.17619
3839	11.17619
3840	11.17619
3841	11.17619
3842	11.17619
3843	11.17619
3844	11.17619
3845	11.17619
3846	11.17619
3847	11.17619
3848	11.17619
3849	11.17619
3850	11.17619
3851	11.17619
3852	11.17619
3853	11.17619
3854	11.17619
3855	11.17619
3856	11.17619
3857	11.17619
3858	11.17619
3859	11.17619
3860	11.17619
3861	11.17619
3862	11.17619
3863	11.17619
3864	11.17619
3865	11.17619
3866	11.17619
3867	11.17619
3868	11.17619
3869	11.17619
3870	11.17619
3871	11.17619
3872	11.17619
3873	11.17619
3874	11.17619
3875	11.17619
3876	11.17619
3877	11.17619
3878	11.17619
3879	11.17619
3880	11.17619
3881	11.17619
3882	11.17619
3883	11.17619
3884	11.17619
3885	11.17619
3886	11.17619
3887	11.17619
3888	11.17619
3889	11.17619
3890	11.17619
3891	11.17619
3892	11.17619
3893	11.17619
3894	11.17619
3895	11.17619
3896	11.17619
3897	11.17619
3898	11.17619
3899	11.17619
3900	11.17619
3901	11.17619
3902	11.17619
3903	11.17619
3904	11.17619
3905	11.17619
3906	11.17619
3907	11.17619
3908	11.17619
3909	11.17619
3910	11.17619
3911	11.17619
3912	11.17619
3913	11.17619
3914	11.17619
3915	11.17619
3916	11.17619
3917	11.17619
3918	11.17619
3919	11.17619
3920	11.17619
3921	11.17619
3922	11.17619
3923	11.17619
3924	11.17619
3925	11.17619
3926	11.17619
3927	11.17619
3928	11.17619
3929	11.17619
3930	11.17619
3931	11.17619
3932	11.17619
3933	11.17619
3934	11.17619
3935	11.17619
3936	11.17619
3937	11.17619
3938	11.17619
3939	11.17619
3940	11.17619
3941	11.17619
3942	11.17619
3943	11.17619
3944	11.17619
3945	11.17619
3946	11.17619
3947	11.17619
3948	11.17619
3949	11.17619
3950	11.17619
3951	11.17619
3952	11.17619
3953	11.17619
3954	11.17619
3955	11.17619
3956	11.17619
3957	11.17619
3958	11.17619
3959	11.17619
3960	11.17619
3961	11.17619
3962	11.17619
3963	11.17619
3964	11.17619
3965	11.17619
3966	11.17619
3967	11.17619
3968	11.17619
3969	11.17619
3970	11.17619
3971	11.17619
3972	11.17619
3973	11.17619
3974	11.17619
3975	11.17619
3976	11.17619
3977	11.17619
3978	11.17619
3979	11.17619
3980	11.17619
3981	11.17619
3982	11.17619
3983	11.17619
3984	11.17619
3985	11.17619
3986	11.17619
3987	11.17619
3988	11.17619
3989	11.17619
3990	11.17619
3991	11.17619
3992	11.17619
3993	11.17619
3994	11.17619
3995	11.17619
3996	11.17619
3997	11.17619
3998	11.17619
3999	11.17619
4000	11.17619
4001	11.17619
4002	11.17619
4003	11.17619
4004	11.17619
4005	11.17619
4006	11.17619
4007	11.17619
4008	11.17619
4009	11.17619
4010	11.17619
4011	11.17619
4012	11.17619
4013	11.17619
4014	11.17619
4015	11.17619
4016	11.17619
4017	11.17619
4018	11.17619
4019	11.17619
4020	11.17619
4021	11.17619
4022	11.17619
4023	11.17619
4024	11.17619
4025	11.17619
4026	11.17619
4027	11.17619
4028	11.17619
4029	11.17619
4030	11.17619
4031	11.17619
4032	11.17619
4033	11.17619
4034	11.17619
4035	11.17619
4036	11.17619
4037	11.17619
4038	11.17619
4039	11.17619
4040	11.17619
4041	11.17619
4042	11.17619
4043	11.17619
4044	11.17619
4045	11.17619
4046	11.17619
4047	11.17619
4048	11.17619
4049	11.17619
4050	11.17619
4051	11.17619
4052	11.17619
4053	11.17619
4054	11.17619
4055	11.17619
4056	11.17619
4057	11.17619
4058	11.17619
4059	11.17619
4060	11.17619
4061	11.17619
4062	11.17619
