1	7689812.0
2	7719737.0
3	7720229.0
4	7599787.0
5	7753242.0
6	7774256.0
7	7886099.0
8	7929598.0
9	7892047.0
10	7928191.0
11	7987855.0
12	7947555.0
13	7990038.0
14	8010382.0
15	7773090.0
16	7853310.0
17	7867721.0
18	7875989.0
19	7886429.0
20	7904489.0
21	7825773.0
22	7851843.0
23	7976073.0
24	8094046.0
25	8066494.0
26	8069869.0
27	7701765.0
28	7702282.0
29	7726038.0
30	7795128.0
31	7800351.0
32	7416567.0
33	7313044.0
34	7214613.0
35	7217605.0
36	7543497.0
37	7659561.0
38	7565094.0
39	6979670.0
40	7229088.0
41	7436864.0
42	7164923.0
43	7119941.0
44	7265797.0
45	7384040.0
46	7564036.0
47	7392129.0
48	7396475.0
49	7407080.0
50	7427808.0
51	7680368.0
52	7912437.0
53	7863945.0
54	8034948.0
55	8382195.0
56	8127121.0
57	8006367.0
58	8046611.0
59	8089231.0
60	8103006.0
61	8118510.0
62	7957320.0
63	7979440.0
64	7799983.0
65	7705174.0
66	7708059.0
67	7753822.0
68	7754944.0
69	7767992.0
70	7810067.0
71	7618290.0
72	7618290.0
73	7734186.0
74	7743354.0
75	7746026.0
76	7731158.0
77	7912283.0
78	8172203.0
79	8183117.0
80	8201213.0
81	8477100.0
82	7974441.0
83	7865145.0
84	7810713.0
85	7862325.0
86	7797224.0
87	7866332.0
88	7777833.0
89	7843440.0
90	7849509.0
91	7577156.0
92	7587002.0
93	7595750.0
94	7641912.0
95	7836164.0
96	7727161.0
97	7628605.0
98	7613101.0
99	7394238.0
100	7279415.0
101	7158701.0
102	7062919.0
103	7023119.0
104	7029167.0
105	7048445.0
106	7165271.0
107	6901935.0
108	7143309.0
109	6891574.0
110	7175846.0
111	7594663.0
112	7677751.0
113	7745961.0
114	7993886.0
115	7997468.0
116	8010162.0
117	8068752.0
118	8119824.0
119	8076660.0
120	7824961.0
121	7867014.0
122	7930228.0
123	7934068.0
124	7909276.0
125	7620726.0
126	7823854.0
127	7853306.0
128	7865168.0
129	7569075.0
130	7642259.0
131	7688581.0
132	7448412.0
133	7309896.0
134	7363934.0
135	7411994.0
136	7401911.0
137	7643109.0
138	7692305.0
139	7987024.0
140	7944848.0
141	8008283.0
142	8130287.0
143	7965621.0
144	7962051.0
145	8011607.0
146	8055091.0
147	8229802.0
148	8232387.0
149	8273415.0
150	7931591.0
151	7969161.0
152	8005886.0
153	7757206.0
154	7787250.0
155	7561874.0
156	7570052.0
157	7520496.0
158	7600187.0
159	7842223.0
160	7665141.0
161	7550932.0
162	7565926.0
163	7067886.0
164	7221905.0
165	7262065.0
166	7329895.0
167	7273867.0
168	7659143.0
169	7499618.0
170	7837488.0
171	7952512.0
172	8400946.0
173	8204617.0
174	7898227.0
175	7950643.0
176	8081459.0
177	7898600.0
178	7919560.0
179	8098376.0
180	8126000.0
181	8116150.0
182	8162310.0
183	8192739.0
184	7846523.0
185	8083175.0
186	8209907.0
187	8216555.0
188	8130335.0
189	7642693.0
190	7705882.0
191	7615994.0
192	7526344.0
193	8002491.0
194	7966566.0
195	7996422.0
196	8089686.0
197	7860676.0
198	7851623.0
199	8026447.0
200	7997764.0
201	7822940.0
202	7729676.0
203	7736972.0
204	7715619.0
205	7890443.0
206	7911533.0
207	8084555.0
208	8111858.0
209	8168044.0
210	8154229.0
211	8014124.0
212	7451869.0
213	7989966.0
214	7815142.0
215	7976786.0
216	8186930.0
217	8334390.0
218	8395033.0
219	8340869.0
220	8201700.0
221	8298360.0
222	8268212.0
223	8212054.0
224	8241046.0
225	8223255.0
226	8376295.0
227	8378546.0
228	8383376.0
229	8410136.0
230	8426647.0
231	8180943.0
232	8268503.0
233	8261855.0
234	8074102.0
235	8122150.0
236	8234743.0
237	8263093.0
238	8748936.0
239	8749902.0
240	8815630.0
241	8543861.0
242	8226912.0
243	8059219.0
244	8001742.0
245	8092169.0
246	8221869.0
247	8396610.0
248	8442886.0
249	8465945.0
250	8187046.0
251	7987958.0
252	8248364.0
253	8397297.0
254	8484238.0
255	8719876.0
256	8473327.0
257	8500727.0
258	8702472.0
259	8989019.0
260	8783018.0
261	8863061.0
262	8953295.0
263	8953364.0
264	8925014.0
265	8989564.0
266	8532419.0
267	8224060.0
268	7690416.0
269	7652560.0
270	7933948.0
271	8090287.0
272	8498635.0
273	8457398.0
274	8433062.0
275	7989262.0
276	7829538.0
277	7439559.0
278	7581844.0
279	7163745.0
280	7062269.0
281	7333610.0
282	7360780.0
283	7498998.0
284	7737074.0
285	7558088.0
286	7601088.0
287	7689260.0
288	7722800.0
289	7428206.0
290	6975511.0
291	6875812.0
292	7274000.0
293	7181465.0
294	7231565.0
295	7276253.0
296	7324418.0
297	7264178.0
298	7418593.0
299	7472809.0
300	7770323.0
301	7844109.0
302	7674058.0
303	7556482.0
304	7649746.0
305	8061676.0
306	7968412.0
307	8519645.0
308	8790086.0
309	8645576.0
310	8918292.0
311	8396172.0
312	8429041.0
313	8178053.0
314	8215112.0
315	8226120.0
316	7980753.0
317	7750649.0
318	7896983.0
319	7737002.0
320	7621234.0
321	7634734.0
322	7366579.0
323	7623523.0
324	7595980.0
325	8131887.0
326	8165916.0
327	8249297.0
328	8291682.0
329	7925834.0
330	7503313.0
331	7277882.0
332	7043921.0
333	6998828.0
334	6908816.0
335	7004460.0
336	6934182.0
337	7039962.0
338	7053528.0
339	7074412.0
340	7047139.0
341	6909873.0
342	7135395.0
343	6909873.0
344	7026288.0
345	6731724.0
346	6748313.0
347	7191685.0
348	7581966.0
349	7524623.0
350	7730441.0
351	7742591.0
352	7717055.0
353	7405216.0
354	7362242.0
355	7572187.0
356	7202912.0
357	7158224.0
358	7118049.0
359	7236177.0
360	7292577.0
361	7219047.0
362	6775675.0
363	6847723.0
364	6863761.0
365	6995499.0
366	7009494.0
367	6906514.0
368	6913394.0
369	7107502.0
370	7112477.0
371	7133830.0
372	6950159.0
373	6785431.0
374	6817271.0
375	6809101.0
376	6952833.0
377	6884646.0
378	6950316.0
379	6666809.0
380	6800495.0
381	6902003.0
382	6960908.0
383	7292708.0
384	7465685.0
385	7469328.0
386	7603680.0
387	7612962.0
388	7615542.0
389	7466491.0
390	7565609.0
391	7636735.0
392	7661035.0
393	7685711.0
394	7871873.0
395	7990353.0
396	8041703.0
397	8097610.0
398	8288594.0
399	8385537.0
400	8322466.0
401	8203663.0
402	8087338.0
403	7915695.0
404	7936015.0
405	8069692.0
406	8005780.0
407	8032434.0
408	7910670.0
409	7785784.0
410	7910632.0
411	8256419.0
412	8417420.0
413	8450126.0
414	8498004.0
415	8304424.0
416	8048007.0
417	7937458.0
418	7833041.0
419	7771637.0
420	7736217.0
421	7757101.0
422	7304603.0
423	7412991.0
424	7155987.0
425	6848469.0
426	6949089.0
427	7052807.0
428	7032685.0
429	7380935.0
430	7543508.0
431	7793593.0
432	8039301.0
433	8091051.0
434	7599596.0
435	7595723.0
436	7624283.0
437	7571766.0
438	7302377.0
439	6974918.0
440	7078691.0
441	7072622.0
442	7242740.0
443	7549313.0
444	7326017.0
445	7353925.0
446	7559698.0
447	7652962.0
448	7627475.0
449	7475026.0
450	7716993.0
451	7347137.0
452	7422337.0
453	7422694.0
454	7781401.0
455	7446920.0
456	7780176.0
457	7847790.0
458	7832418.0
459	8067446.0
460	8125156.0
461	7899149.0
462	7996945.0
463	7627156.0
464	7880201.0
465	8057813.0
466	8513770.0
467	8428200.0
468	8341879.0
469	8378978.0
470	8583351.0
471	8397871.0
472	8532406.0
473	8363940.0
474	8452140.0
475	8790004.0
476	8795404.0
477	8711176.0
478	8368209.0
479	8369196.0
480	8277521.0
481	8295077.0
482	8136673.0
483	7923218.0
484	7961706.0
485	7891878.0
486	7898338.0
487	7950723.0
488	7979762.0
489	8148887.0
490	7944514.0
491	7441087.0
492	7835284.0
493	7977099.0
494	8561436.0
495	8542046.0
496	8549011.0
497	8499563.0
498	8595197.0
499	8599305.0
500	8605731.0
501	8753919.0
502	8632927.0
503	8833192.0
504	9256266.0
505	8548045.0
506	8381980.0
507	8519352.0
508	8568800.0
509	8503068.0
510	8707817.0
511	8639458.0
512	9040941.0
513	8858330.0
514	8877680.0
515	9006426.0
516	8418192.0
517	8495254.0
518	8560986.0
519	8503276.0
520	8784664.0
521	8529236.0
522	8439916.0
523	8573974.0
524	8651974.0
525	8408444.0
526	8544198.0
527	8558588.0
528	8512724.0
529	8301198.0
530	8464522.0
531	8067058.0
532	8696497.0
533	8737681.0
534	9074825.0
535	8648974.0
536	8665875.0
537	8823955.0
538	8812373.0
539	8161069.0
540	8329721.0
541	8099479.0
542	8243870.0
543	8142446.0
544	8263444.0
545	8360194.0
546	8370997.0
547	8385668.0
548	8180289.0
549	8456098.0
550	8343542.0
551	8061105.0
552	7905249.0
553	7845319.0
554	7923327.0
555	7907693.0
556	7974101.0
557	8014588.0
558	8021752.0
559	8014588.0
560	7959791.0
561	7959791.0
562	8123645.0
563	7931158.0
564	8226795.0
565	7683000.0
566	7720258.0
567	7725229.0
568	7545257.0
569	7518580.0
570	7360786.0
571	7564868.0
572	7612685.0
573	8133006.0
574	8064899.0
575	8163359.0
576	8064899.0
577	8089505.0
578	8138895.0
579	8006503.0
580	7935187.0
581	7911108.0
582	8059002.0
583	8284001.0
584	8297273.0
585	8239563.0
586	8184096.0
587	7926269.0
588	8377733.0
589	8438654.0
590	8608003.0
591	8563698.0
592	8840033.0
593	8615215.0
594	8479948.0
595	8535136.0
596	8479948.0
597	8343036.0
598	8211501.0
599	8234893.0
600	8286688.0
601	8032827.0
602	8322087.0
603	7917785.0
604	8020169.0
605	8153819.0
606	8031177.0
607	7876600.0
608	7673984.0
609	7566623.0
610	7133640.0
611	7109034.0
612	7154838.0
613	7509854.0
614	7437465.0
615	7416395.0
616	7450523.0
617	7514434.0
618	7600004.0
619	7581168.0
620	7546768.0
621	7285662.0
622	7447268.0
623	7222058.0
624	6924503.0
625	6894975.0
626	6854448.0
627	6863691.0
628	7192435.0
629	7353625.0
630	7673020.0
631	7336818.0
632	7319970.0
633	6964077.0
634	6876785.0
635	6817884.0
636	6828594.0
637	6942818.0
638	6977018.0
639	6980028.0
640	7028700.0
641	7261474.0
642	7199985.0
643	7225865.0
644	7387985.0
645	7439537.0
646	7444514.0
647	7587980.0
648	7331270.0
649	7046607.0
650	7355286.0
651	7523640.0
652	7564937.0
653	7496461.0
654	7749463.0
655	7615138.0
656	7577527.0
657	7871989.0
658	7865317.0
659	8331629.0
660	8265313.0
661	7948400.0
662	8153866.0
663	8142190.0
664	7946575.0
665	7967147.0
666	7803166.0
667	7862102.0
668	7874270.0
669	7430437.0
670	7565383.0
671	7550790.0
672	7315860.0
673	7320970.0
674	7357741.0
675	7380016.0
676	7358416.0
677	7009893.0
678	7027163.0
679	7534791.0
680	7735255.0
681	7681667.0
682	7979559.0
683	8099142.0
684	8293429.0
685	8071487.0
686	7444368.0
687	7386912.0
688	7103858.0
689	7109381.0
690	7322357.0
691	7481840.0
692	7511891.0
693	7568255.0
694	7660853.0
695	7536827.0
696	7394216.0
697	7587849.0
698	7391650.0
699	7241231.0
700	7113681.0
701	6650239.0
702	6714991.0
703	6820061.0
704	6330466.0
705	6176136.0
706	6286308.0
707	6561743.0
708	6450238.0
709	6757933.0
710	7344946.0
711	7371948.0
712	7410830.0
713	7517384.0
714	7332524.0
715	7441835.0
716	7525539.0
717	7447958.0
718	7439742.0
719	7694036.0
720	7712522.0
721	7626178.0
722	7532922.0
723	7563322.0
724	7351086.0
725	8188540.0
726	7914761.0
727	7706493.0
728	7731099.0
729	7875365.0
730	7442938.0
731	7472351.0
732	7591146.0
733	7658655.0
734	7591478.0
735	7587462.0
736	7616414.0
737	7490049.0
738	7865363.0
739	7866457.0
740	7751209.0
741	7780462.0
742	7754340.0
743	7941301.0
744	7353309.0
745	7059023.0
746	7276546.0
747	7443947.0
748	7364387.0
749	7488413.0
750	7720512.0
751	7838448.0
752	8012747.0
753	8131202.0
754	8074885.0
755	8028283.0
756	8000622.0
757	8028702.0
758	8059131.0
759	8545604.0
760	8235238.0
761	8373021.0
762	8612117.0
763	8122109.0
764	7849537.0
765	8210664.0
766	8350671.0
767	8395077.0
768	8373721.0
769	8527337.0
770	8596712.0
771	8664334.0
772	8662351.0
773	8843902.0
774	8752936.0
775	8598886.0
776	8749351.0
777	8792098.0
778	8798106.0
779	8691964.0
780	8881685.0
781	8882054.0
782	8971964.0
783	8976091.0
784	8770508.0
785	8704868.0
786	8485739.0
787	8544587.0
788	8217098.0
789	8111892.0
790	8137572.0
791	7931766.0
792	7946214.0
793	7698321.0
794	7266845.0
795	7443005.0
796	7591313.0
797	7691012.0
798	7498983.0
799	7494804.0
800	7366401.0
801	7353710.0
802	7258800.0
803	7260097.0
804	7314671.0
805	7317415.0
806	7341519.0
807	7449561.0
808	7323593.0
809	7420211.0
810	7464923.0
811	7443963.0
812	7859997.0
813	7587857.0
814	7798461.0
815	7884247.0
816	7365030.0
817	7327618.0
818	7423655.0
819	7589103.0
820	7670908.0
821	7759837.0
822	7571010.0
823	8019806.0
824	8188585.0
825	8358468.0
826	8362448.0
827	8536783.0
828	8395118.0
829	8407073.0
830	8344599.0
831	8394699.0
832	8377492.0
833	8356240.0
834	8316815.0
835	8303368.0
836	8177870.0
837	8214619.0
838	8218750.0
839	8024752.0
840	7631201.0
841	7202760.0
842	7404400.0
843	7416809.0
844	7649966.0
845	7905028.0
846	7519384.0
847	7507429.0
848	7344866.0
849	7137678.0
850	7378478.0
851	7324941.0
852	7518233.0
853	7341483.0
854	7392555.0
855	6844313.0
856	6793241.0
857	6958357.0
858	6971777.0
859	6980968.0
860	6846669.0
861	6859734.0
862	6949826.0
863	6935647.0
864	7065347.0
865	6872055.0
866	6832627.0
867	6845527.0
868	6979019.0
869	7085175.0
870	7164896.0
871	7043477.0
872	7013903.0
873	7041423.0
874	7060784.0
875	6819959.0
876	6848561.0
877	6926366.0
878	7055682.0
879	7103088.0
880	6775675.0
881	6861447.0
882	6875032.0
883	7297586.0
884	7374903.0
885	7188090.0
886	7256400.0
887	7237039.0
888	7254289.0
889	7123362.0
890	6757319.0
891	6763975.0
892	6740473.0
893	6539657.0
894	6522519.0
895	6781471.0
896	6789486.0
897	6364185.0
898	6485901.0
899	6722947.0
900	6761251.0
901	6750511.0
902	6891774.0
903	6878067.0
904	7063439.0
905	6878067.0
906	6864910.0
907	6581528.0
908	6428456.0
909	6545503.0
910	6875503.0
911	6970408.0
912	6916195.0
913	6928414.0
914	7015885.0
915	7134172.0
916	7155656.0
917	7226365.0
918	7489797.0
919	7379352.0
920	7296741.0
921	7321545.0
922	7287766.0
923	7307127.0
924	7395965.0
925	7507175.0
926	7610807.0
927	7395221.0
928	7134059.0
929	7289633.0
930	7335143.0
931	7664978.0
932	7450422.0
933	7367409.0
934	7396770.0
935	7199052.0
936	6977967.0
937	6991596.0
938	7156139.0
939	6932512.0
940	6868583.0
941	6868090.0
942	6771630.0
943	6591607.0
944	6388427.0
945	6473051.0
946	6388437.0
947	6778079.0
948	6807617.0
949	6890531.0
950	6842366.0
951	7129922.0
952	6568245.0
953	6658687.0
954	6573647.0
955	6613206.0
956	6544336.0
957	6560281.0
958	6561346.0
959	6969949.0
960	6866041.0
961	6835632.0
962	6866041.0
963	6841765.0
964	6806266.0
965	7044086.0
966	6563237.0
967	6602757.0
968	6775351.0
969	7100431.0
970	6705838.0
971	6726742.0
972	6654101.0
973	6695455.0
974	6717955.0
975	6677230.0
976	6637710.0
977	6540342.0
978	6613302.0
979	6283191.0
980	6376088.0
981	6376088.0
982	6494616.0
983	6686017.0
984	6537599.0
985	6569877.0
986	6594469.0
987	6569877.0
988	6490982.0
989	6456180.0
990	6928045.0
991	6853818.0
992	6759918.0
993	6239960.0
994	6566718.0
995	6806935.0
996	6866621.0
997	6533097.0
998	6709257.0
999	6899529.0
1000	6903363.0
1001	6718729.0
1002	6527328.0
1003	6538068.0
1004	6527328.0
1005	6361831.0
1006	6353212.0
1007	6435969.0
1008	6666164.0
1009	6804174.0
1010	6594782.0
1011	7190037.0
1012	7140575.0
1013	7151015.0
1014	6907256.0
1015	7093742.0
1016	7458839.0
1017	7445722.0
1018	7144038.0
1019	7261017.0
1020	7251981.0
1021	7125291.0
1022	7168847.0
1023	7164795.0
1024	7774740.0
1025	7747477.0
1026	7577181.0
1027	7787325.0
1028	8213624.0
1029	8405960.0
1030	8343994.0
1031	8399294.0
1032	8399294.0
1033	8713150.0
1034	8370273.0
1035	8366256.0
1036	8623199.0
1037	8651549.0
1038	8279540.0
1039	8479309.0
1040	8769194.0
1041	8522994.0
1042	8578714.0
1043	8590946.0
1044	8735239.0
1045	8750363.0
1046	8496000.0
1047	8690522.0
1048	8558061.0
1049	8744922.0
1050	8853926.0
1051	8663642.0
1052	8466131.0
1053	8372225.0
1054	8463350.0
1055	8458321.0
1056	8447411.0
1057	8720439.0
1058	8860876.0
1059	8381452.0
1060	8382008.0
1061	8381452.0
1062	8542841.0
1063	8132105.0
1064	7524385.0
1065	7667239.0
1066	7736818.0
1067	8672478.0
1068	9005755.0
1069	8693325.0
1070	8577766.0
1071	8057864.0
1072	8100434.0
1073	8176367.0
1074	8151956.0
1075	8352240.0
1076	8234242.0
1077	8375919.0
1078	7948139.0
1079	8005451.0
1080	8021201.0
1081	7952300.0
1082	7562412.0
1083	7463925.0
1084	6930143.0
1085	6983336.0
1086	6999044.0
1087	6921564.0
1088	7191446.0
1089	7548778.0
1090	7903724.0
1091	7643830.0
1092	7583178.0
1093	7723635.0
1094	7805929.0
1095	7785269.0
1096	7702975.0
1097	7572046.0
1098	7593970.0
1099	7582111.0
1100	7699919.0
1101	7639171.0
1102	7887324.0
1103	7496208.0
1104	7220786.0
1105	7158448.0
1106	7438220.0
1107	7333244.0
1108	7444168.0
1109	7487168.0
1110	7207928.0
1111	7373288.0
1112	7345573.0
1113	7316039.0
1114	7425766.0
1115	7310663.0
1116	7608665.0
1117	7555333.0
1118	7598001.0
1119	7395533.0
1120	7428942.0
1121	7542822.0
1122	7474540.0
1123	7891030.0
1124	8002042.0
1125	7772250.0
1126	7876583.0
1127	7755327.0
1128	7821153.0
1129	7350368.0
1130	7433555.0
1131	7626299.0
1132	7788903.0
1133	7903726.0
1134	7812778.0
1135	8019674.0
1136	8153601.0
1137	8158569.0
1138	8238298.0
1139	8095821.0
1140	8350302.0
1141	8328378.0
1142	8112734.0
1143	8462933.0
1144	8789841.0
1145	8596431.0
1146	8614341.0
1147	8636265.0
1148	8580346.0
1149	8684423.0
1150	8637271.0
1151	8532482.0
1152	8531949.0
1153	8593121.0
1154	8322810.0
1155	8491362.0
1156	8407440.0
1157	8466244.0
1158	8567517.0
1159	8671812.0
1160	8451780.0
1161	8549394.0
1162	8267748.0
1163	8337136.0
1164	8021760.0
1165	8204171.0
1166	8009627.0
1167	7791134.0
1168	7729230.0
1169	7772034.0
1170	8357266.0
1171	8352321.0
1172	8435397.0
1173	7881182.0
1174	7875344.0
1175	7819500.0
1176	7787695.0
1177	7749545.0
1178	7815568.0
1179	7820907.0
1180	7922083.0
1181	7788355.0
1182	7753289.0
1183	7753289.0
1184	7962277.0
1185	7908870.0
1186	7856772.0
1187	7753039.0
1188	7825239.0
1189	8175280.0
1190	8009351.0
1191	8307121.0
1192	8575789.0
1193	8396912.0
1194	8407752.0
1195	7918796.0
1196	7694138.0
1197	7991108.0
1198	7545553.0
1199	7173245.0
1200	7536593.0
1201	7567730.0
1202	7065377.0
1203	7262747.0
1204	7062059.0
1205	6908327.0
1206	7147027.0
1207	7236927.0
1208	7329186.0
1209	7172672.0
1210	7365824.0
1211	7503600.0
1212	7602156.0
1213	7307636.0
1214	7446146.0
1215	7428104.0
1216	7440470.0
1217	7428104.0
1218	7872882.0
1219	7974332.0
1220	7871449.0
1221	7752268.0
1222	7792802.0
1223	7863782.0
1224	7730804.0
1225	7863618.0
1226	7597138.0
1227	7465297.0
1228	7459707.0
1229	7161866.0
1230	7039439.0
1231	7035373.0
1232	6936817.0
1233	6967052.0
1234	7016603.0
1235	7025724.0
1236	7112186.0
1237	7269050.0
1238	7107002.0
1239	7205558.0
1240	6933960.0
1241	7013361.0
1242	6806884.0
1243	6676334.0
1244	6676883.0
1245	6738673.0
1246	6771379.0
1247	6628811.0
1248	6727091.0
1249	6596149.0
1250	6735821.0
1251	6879081.0
1252	6947021.0
1253	6952421.0
1254	6977521.0
1255	7014283.0
1256	7071675.0
1257	6933899.0
1258	6976910.0
1259	6940148.0
1260	7003600.0
1261	6945452.0
1262	6839791.0
1263	6852841.0
1264	6791764.0
1265	6743672.0
1266	6624479.0
1267	6627089.0
1268	6481069.0
1269	6588553.0
1270	6914397.0
1271	7161726.0
1272	7202701.0
1273	7049431.0
1274	7082503.0
1275	6910664.0
1276	7266669.0
1277	7058479.0
1278	7283460.0
1279	6870310.0
1280	6801460.0
1281	6778521.0
1282	7055326.0
1283	7239198.0
1284	6979342.0
1285	6924300.0
1286	6882818.0
1287	6899848.0
1288	6961978.0
1289	7193090.0
1290	7177430.0
1291	7325401.0
1292	7400634.0
1293	7414222.0
1294	7502622.0
1295	7561526.0
1296	7650545.0
1297	7670263.0
1298	7454380.0
1299	7471213.0
1300	7831659.0
1301	7829049.0
1302	7808931.0
1303	7823872.0
1304	7842750.0
1305	7319181.0
1306	7349701.0
1307	7785847.0
1308	7929601.0
1309	8006467.0
1310	8035891.0
1311	7757627.0
1312	7768801.0
1313	8028657.0
1314	8402180.0
1315	7882005.0
1316	7878567.0
1317	7823410.0
1318	7281477.0
1319	7310187.0
1320	6936465.0
1321	6909600.0
1322	6992444.0
1323	7063184.0
1324	6948269.0
1325	6990096.0
1326	7036904.0
1327	6763123.0
1328	6465419.0
1329	6878425.0
1330	6755989.0
1331	6676787.0
1332	6288737.0
1333	6683999.0
1334	6692787.0
1335	6843951.0
1336	7125795.0
1337	7515835.0
1338	7263751.0
1339	7089230.0
1340	7376979.0
1341	7416643.0
1342	7744002.0
1343	7876938.0
1344	7730268.0
1345	7738877.0
1346	7786717.0
1347	8060498.0
1348	8038515.0
1349	8040356.0
1350	7933766.0
1351	7762289.0
1352	7723632.0
1353	7853721.0
1354	8059308.0
1355	8157507.0
1356	7951920.0
1357	7678044.0
1358	7920028.0
1359	8358355.0
1360	8405779.0
1361	8479210.0
1362	8749819.0
1363	8419928.0
1364	8269077.0
1365	8595636.0
1366	8386089.0
1367	8185126.0
1368	8216402.0
1369	8258630.0
1370	8378780.0
1371	8088439.0
1372	8430719.0
1373	8538776.0
1374	8609534.0
1375	8328445.0
1376	8135716.0
1377	8075524.0
1378	8568244.0
1379	7949155.0
1380	8154742.0
1381	8151475.0
1382	8407583.0
1383	8406023.0
1384	8798644.0
1385	8699022.0
1386	8515706.0
1387	8458169.0
1388	8712943.0
1389	9042782.0
1390	9058762.0
1391	9299615.0
1392	9580317.0
1393	9480042.0
1394	9312285.0
1395	9563515.0
1396	9670533.0
1397	9664595.0
1398	9296958.0
1399	9230632.0
1400	9296958.0
1401	8974164.0
1402	9342661.0
1403	9342207.0
1404	9116618.0
1405	9104877.0
1406	9063138.0
1407	8576185.0
1408	8344748.0
1409	8495938.0
1410	8229508.0
1411	8169907.0
1412	7896774.0
1413	8276604.0
1414	8037048.0
1415	8330880.0
1416	8191909.0
1417	8000860.0
1418	8009300.0
1419	7877363.0
1420	7876337.0
1421	8168867.0
1422	8142965.0
1423	8115624.0
1424	8460384.0
1425	8356714.0
1426	8386933.0
1427	8398445.0
1428	8404369.0
1429	8335456.0
1430	8325992.0
1431	8191750.0
1432	8027198.0
1433	8332352.0
1434	8415800.0
1435	8115563.0
1436	8004720.0
1437	7962492.0
1438	8185428.0
1439	7626941.0
1440	7338329.0
1441	7123779.0
1442	7154195.0
1443	7027403.0
1444	7202933.0
1445	7334457.0
1446	7311208.0
1447	7247410.0
1448	7032490.0
1449	7303812.0
1450	7346040.0
1451	7268681.0
1452	7351625.0
1453	7406603.0
1454	7460876.0
1455	7466276.0
1456	7297415.0
1457	7159852.0
1458	7145789.0
1459	7027913.0
1460	6983225.0
1461	7140855.0
1462	7191962.0
1463	7211213.0
1464	7456031.0
1465	7628854.0
1466	7477502.0
1467	7484917.0
1468	7422148.0
1469	7568778.0
1470	7616578.0
1471	7552505.0
1472	7590939.0
1473	7516155.0
1474	7576850.0
1475	7772318.0
1476	7517403.0
1477	7321935.0
1478	7423687.0
1479	7738110.0
1480	7662943.0
1481	7205281.0
1482	7279022.0
1483	7285406.0
1484	7243178.0
1485	7446974.0
1486	7378293.0
1487	7874379.0
1488	7657829.0
1489	7726510.0
1490	7666429.0
1491	7614964.0
1492	7724414.0
1493	7692162.0
1494	7382685.0
1495	7170951.0
1496	6963973.0
1497	7308556.0
1498	6961253.0
1499	6811613.0
1500	7063829.0
1501	6921387.0
1502	6900959.0
1503	7155682.0
1504	7371498.0
1505	7474609.0
1506	7478909.0
1507	7342845.0
1508	7290529.0
1509	7465924.0
1510	7465924.0
1511	7606819.0
1512	7690339.0
1513	7671873.0
1514	7599825.0
1515	7338699.0
1516	7308384.0
1517	7051792.0
1518	7068559.0
1519	7132707.0
1520	6838187.0
1521	6509294.0
1522	6323622.0
1523	5968362.0
1524	6238409.0
1525	6401079.0
1526	6235099.0
1527	6245395.0
1528	6501421.0
1529	6558586.0
1530	6513631.0
1531	6534417.0
1532	6483384.0
1533	6269703.0
1534	6285255.0
1535	6291701.0
1536	6308041.0
1537	6675225.0
1538	6793705.0
1539	6709881.0
1540	6748969.0
1541	6566985.0
1542	6533800.0
1543	6630188.0
1544	6530266.0
1545	6605922.0
1546	6661876.0
1547	6473848.0
1548	6398192.0
1549	6460484.0
1550	6610953.0
1551	6636465.0
1552	6627963.0
1553	6485535.0
1554	6744265.0
1555	6662116.0
1556	6732256.0
1557	6782296.0
1558	6727542.0
1559	6828606.0
1560	6796603.0
1561	6827757.0
1562	6771286.0
1563	6769225.0
1564	6953266.0
1565	7141264.0
1566	7234052.0
1567	7251718.0
1568	7218802.0
1569	7294458.0
1570	7310179.0
1571	6748278.0
1572	6697404.0
1573	6723484.0
1574	6873157.0
1575	6937481.0
1576	6491706.0
1577	7159870.0
1578	7395884.0
1579	7506106.0
1580	7441782.0
1581	7346683.0
1582	7327165.0
1583	7566905.0
1584	7519042.0
1585	7456486.0
1586	7556276.0
1587	7803434.0
1588	7685505.0
1589	7772956.0
1590	7782968.0
1591	8058185.0
1592	8073764.0
1593	7972005.0
1594	7871404.0
1595	8161129.0
1596	8179849.0
1597	8008709.0
1598	8137088.0
1599	8231993.0
1600	7918263.0
1601	7879679.0
1602	7996007.0
1603	8017036.0
1604	8033280.0
1605	8327651.0
1606	8587066.0
1607	8261268.0
1608	8271114.0
1609	8318611.0
1610	8369951.0
1611	8429579.0
1612	8555991.0
1613	8516619.0
1614	8247179.0
1615	8251955.0
1616	8641995.0
1617	8543490.0
1618	8165529.0
1619	8322993.0
1620	8333697.0
1621	7893127.0
1622	7795780.0
1623	7779986.0
1624	7847646.0
1625	8201781.0
1626	8270827.0
1627	8224459.0
1628	8114014.0
1629	8067050.0
1630	7924193.0
1631	7934799.0
1632	7895321.0
1633	7942414.0
1634	8174050.0
1635	7951111.0
1636	7922806.0
1637	7969981.0
1638	7979179.0
1639	7611285.0
1640	7845755.0
1641	7620929.0
1642	7746440.0
1643	7620780.0
1644	7641066.0
1645	7627059.0
1646	7382598.0
1647	7612118.0
1648	7662185.0
1649	7673926.0
1650	7688070.0
1651	7533574.0
1652	7514254.0
1653	7526434.0
1654	7536748.0
1655	7693612.0
1656	7932739.0
1657	7900205.0
1658	8082285.0
1659	8083155.0
1660	8109355.0
1661	8096305.0
1662	7977392.0
1663	7795312.0
1664	7807492.0
1665	7755327.0
1666	7805454.0
1667	8015939.0
1668	7945209.0
1669	7844284.0
1670	7846769.0
1671	7858396.0
1672	7899382.0
1673	7918656.0
1674	7920076.0
1675	7910843.0
1676	7934319.0
1677	7829175.0
1678	7652065.0
1679	8028175.0
1680	8058986.0
1681	8075711.0
1682	8007906.0
1683	8060931.0
1684	7906905.0
1685	8202551.0
1686	8210496.0
1687	8223986.0
1688	7789675.0
1689	7806225.0
1690	7814035.0
1691	7884679.0
1692	7456238.0
1693	7417188.0
1694	7558750.0
1695	7483781.0
1696	7789055.0
1697	7695366.0
1698	7788144.0
1699	7754215.0
1700	7632144.0
1701	7775132.0
1702	7619907.0
1703	7623179.0
1704	7735399.0
1705	7724875.0
1706	7738195.0
1707	7352832.0
1708	7590953.0
1709	7292153.0
1710	7395971.0
1711	7312811.0
1712	7294496.0
1713	7158781.0
1714	7180213.0
1715	7184788.0
1716	7299012.0
1717	7338396.0
1718	7216262.0
1719	7577235.0
1720	7323063.0
1721	7315404.0
1722	7340460.0
1723	7203508.0
1724	7056339.0
1725	7408617.0
1726	7520274.0
1727	7385156.0
1728	7754350.0
1729	7668780.0
1730	7403606.0
1731	6919632.0
1732	6936955.0
1733	6867697.0
1734	6839184.0
1735	6832020.0
1736	7118920.0
1737	6855040.0
1738	6868234.0
1739	7015557.0
1740	7063397.0
1741	6868178.0
1742	6874604.0
1743	6887456.0
1744	6837079.0
1745	6859597.0
1746	7089617.0
1747	7284836.0
1748	7294985.0
1749	6879167.0
1750	7016051.0
1751	7214496.0
1752	7117568.0
1753	6900658.0
1754	6905355.0
1755	6905355.0
1756	6988338.0
1757	7025010.0
1758	6898402.0
1759	6919108.0
1760	6900208.0
1761	6895072.0
1762	6772372.0
1763	6772372.0
1764	6765201.0
1765	6650975.0
1766	6853862.0
1767	6930328.0
1768	7223085.0
1769	7334484.0
1770	7216404.0
1771	6757093.0
1772	7071597.0
1773	7062523.0
1774	7077358.0
1775	7020018.0
1776	6933908.0
1777	6747644.0
1778	6798233.0
1779	7063864.0
1780	6967141.0
1781	7092511.0
1782	7096642.0
1783	7382709.0
1784	7382709.0
1785	7340708.0
1786	7312439.0
1787	7177655.0
1788	7188230.0
1789	7171139.0
1790	7233832.0
1791	7360736.0
1792	7014990.0
1793	6713410.0
1794	6891250.0
1795	7193144.0
1796	7098734.0
1797	7227724.0
1798	7369960.0
1799	7466710.0
1800	7481704.0
1801	7228336.0
1802	7255876.0
1803	7465224.0
1804	7501744.0
1805	7613401.0
1806	7837276.0
1807	7744336.0
1808	7748928.0
1809	8043419.0
1810	8167349.0
1811	8249708.0
1812	8357151.0
1813	8611917.0
1814	8837745.0
1815	8928547.0
1816	8835038.0
1817	8845136.0
1818	8766804.0
1819	8762212.0
1820	8531768.0
1821	8608526.0
1822	8455564.0
1823	8610399.0
1824	8567191.0
1825	8746183.0
1826	8222964.0
1827	8212704.0
1828	8449032.0
1829	8595230.0
1830	8855969.0
1831	9015233.0
1832	9058193.0
1833	9156144.0
1834	9151485.0
1835	9248109.0
1836	8770008.0
1837	8796295.0
