1	7741459.0
2	7973007.0
3	8019607.0
4	8041963.0
5	7954700.0
6	7971983.0
7	7974467.0
8	7976393.0
9	8066609.0
10	8089937.0
11	8136649.0
12	8161543.0
13	8208951.0
14	7993093.0
15	7724243.0
16	7697843.0
17	7719578.0
18	7610270.0
19	7573753.0
20	7634819.0
21	7688244.0
22	7739043.0
23	7771122.0
24	7862028.0
25	7866735.0
26	7976403.0
27	7986627.0
28	7996752.0
29	7761746.0
30	7784615.0
31	7820381.0
32	7773806.0
33	7776703.0
34	7794364.0
35	7798513.0
36	7818385.0
37	7852243.0
38	7942630.0
39	7962617.0
40	7970275.0
41	8105956.0
42	8116187.0
43	8092493.0
44	8157698.0
45	7800327.0
46	7810667.0
47	7841812.0
48	7827250.0
49	8225032.0
50	8420468.0
51	8335922.0
52	8155528.0
53	8108221.0
54	8045611.0
55	8040952.0
56	8105498.0
57	8133722.0
58	8115241.0
59	7887497.0
60	7937624.0
61	8054682.0
62	7840012.0
63	7868785.0
64	7852093.0
65	7876604.0
66	7800807.0
67	7757500.0
68	7723506.0
69	7480705.0
70	7656920.0
71	7645811.0
72	7551330.0
73	7580974.0
74	7261204.0
75	7253936.0
76	7313759.0
77	7089986.0
78	7105100.0
79	6820139.0
80	6351785.0
81	6038849.0
82	6099889.0
83	5766427.0
84	5628884.0
85	5972297.0
86	6148048.0
87	6198237.0
88	6896999.0
89	6860858.0
90	6982553.0
91	7071491.0
92	6867862.0
93	6979103.0
94	6864280.0
95	6802524.0
96	6780487.0
97	6771653.0
98	7033817.0
99	7121465.0
100	7404045.0
101	7391351.0
102	7424171.0
103	7420328.0
104	7165470.0
105	6767757.0
106	6767757.0
107	6767757.0
108	6795702.0
109	6609221.0
110	6214009.0
111	6242899.0
112	6330757.0
113	6341362.0
114	6558866.0
115	6812473.0
116	6845759.0
117	7066183.0
118	7121154.0
119	6979051.0
120	7004190.0
121	7039461.0
122	6892516.0
123	6983543.0
124	7011607.0
125	7113875.0
126	7235360.0
127	7262408.0
128	6873598.0
129	6948185.0
130	6878937.0
131	6985860.0
132	6740688.0
133	6281816.0
134	5921582.0
135	6000309.0
136	5814225.0
137	5911790.0
138	6323379.0
139	6103221.0
140	6071736.0
141	6032710.0
142	6187297.0
143	6223321.0
144	6207265.0
145	6154697.0
146	6202857.0
147	5915103.0
148	6357573.0
149	6321549.0
150	6357573.0
151	6495586.0
152	6581298.0
153	6556234.0
154	6579370.0
155	6203938.0
156	6106373.0
157	6182113.0
158	6128013.0
159	6725594.0
160	6902074.0
161	6822559.0
162	6683835.0
163	6679489.0
164	6975278.0
165	7037616.0
166	6469369.0
167	6349235.0
168	6446800.0
169	6471710.0
170	6500394.0
171	6916384.0
172	6749002.0
173	6633016.0
174	6651876.0
175	6254498.0
176	6575048.0
177	6334566.0
178	6335536.0
179	5908096.0
180	5961536.0
181	6070907.0
182	6160402.0
183	6205256.0
184	6220022.0
185	6220790.0
186	5993044.0
187	6597982.0
188	6717952.0
189	7049576.0
190	7125776.0
191	6721055.0
192	6979094.0
193	7211924.0
194	7313048.0
195	7365488.0
196	7329464.0
197	7202996.0
198	6690195.0
199	6716115.0
200	6697738.0
201	6699758.0
202	6652413.0
203	6861666.0
204	6617226.0
205	6590056.0
206	6427128.0
207	6307158.0
208	6725854.0
209	6687668.0
210	6807638.0
211	7036759.0
212	7104841.0
213	6809525.0
214	7012107.0
215	7086593.0
216	7150337.0
217	7082792.0
218	7095842.0
219	7147682.0
220	7296422.0
221	7308167.0
222	7326530.0
223	7514152.0
224	7636188.0
225	7563609.0
226	7421725.0
227	7317443.0
228	7628826.0
229	7652842.0
230	7889055.0
231	7764083.0
232	7644113.0
233	7822616.0
234	8000246.0
235	7847924.0
236	7850684.0
237	7669187.0
238	7585209.0
239	7402612.0
240	7508569.0
241	7640083.0
242	7528044.0
243	7736207.0
244	7644555.0
245	7837157.0
246	7908407.0
247	8011055.0
248	8059292.0
249	7808364.0
250	7608976.0
251	8000911.0
252	7637828.0
253	7108630.0
254	6939309.0
255	7102763.0
256	7117367.0
257	7322585.0
258	7327741.0
259	7326390.0
260	7365456.0
261	7498772.0
262	7650666.0
263	7387546.0
264	7284898.0
265	6902420.0
266	7412855.0
267	7414862.0
268	7782934.0
269	7568242.0
270	7081282.0
271	6976286.0
272	6856898.0
273	6734413.0
274	6534458.0
275	6488300.0
276	6502076.0
277	6569852.0
278	6786809.0
279	6489785.0
280	6411107.0
281	6530373.0
282	6784609.0
283	6799159.0
284	6931219.0
285	6925531.0
286	6822705.0
287	6703903.0
288	6948140.0
289	6556340.0
290	6355886.0
291	6303382.0
292	6287740.0
293	6358165.0
294	6330259.0
295	6340052.0
296	6419662.0
297	6469861.0
298	6583039.0
299	6774157.0
300	6830020.0
301	7186031.0
302	7598899.0
303	7847257.0
304	7738317.0
305	7568172.0
306	7241556.0
307	7264636.0
308	7273016.0
309	7368620.0
310	7124397.0
311	7243984.0
312	7220196.0
313	7634327.0
314	7804255.0
315	8168751.0
316	8178551.0
317	8258104.0
318	7887864.0
319	7767784.0
320	7423912.0
321	7181928.0
322	6974006.0
323	7011611.0
324	7156881.0
325	7946213.0
326	7560085.0
327	7748353.0
328	7719503.0
329	8053994.0
330	8016555.0
331	8441022.0
332	8303156.0
333	8501739.0
334	8595328.0
335	8436003.0
336	8474689.0
337	8382478.0
338	8597590.0
339	8675961.0
340	9255051.0
341	9092397.0
342	8755291.0
343	8759941.0
344	8787752.0
345	8635960.0
346	8532587.0
347	7982384.0
348	7848059.0
349	7428031.0
350	7541189.0
351	7822722.0
352	7691898.0
353	7421361.0
354	7049032.0
355	6901160.0
356	7128318.0
357	7199386.0
358	7295641.0
359	7287695.0
360	6846637.0
361	6794015.0
362	6563455.0
363	6579175.0
364	6529639.0
365	6635735.0
366	6668603.0
367	6939583.0
368	7517255.0
369	7630097.0
370	7517255.0
371	7426750.0
372	6876913.0
373	6898954.0
374	6930610.0
375	6710143.0
376	6762277.0
377	6837908.0
378	6884439.0
379	7048059.0
380	7062787.0
381	6905923.0
382	7028276.0
383	7167917.0
384	6952401.0
385	6611376.0
386	6890754.0
387	6908912.0
388	6769271.0
389	6771278.0
390	7114894.0
391	7428190.0
392	7687738.0
393	7692554.0
394	7806939.0
395	7839993.0
396	7892420.0
397	8066918.0
398	7824224.0
399	7826324.0
400	8207600.0
401	7917422.0
402	7910266.0
403	7785467.0
404	7862060.0
405	7870476.0
406	8053810.0
407	7943183.0
408	8037708.0
409	8029923.0
410	7707622.0
411	7733398.0
412	7934687.0
413	7962011.0
414	7971476.0
415	7719109.0
416	8284886.0
417	8340790.0
418	8352730.0
419	8522090.0
420	8535770.0
421	8463722.0
422	8021453.0
423	8435168.0
424	8459400.0
425	8545603.0
426	8537604.0
427	9010524.0
428	8879184.0
429	9073073.0
430	9037134.0
431	8996537.0
432	8691776.0
433	8478344.0
434	8495259.0
435	8106900.0
436	8251647.0
437	8469820.0
438	8412334.0
439	7927332.0
440	7652400.0
441	7627033.0
442	7836649.0
443	8133792.0
444	7790800.0
445	7820225.0
446	7961002.0
447	8295154.0
448	7955090.0
449	8067525.0
450	8533871.0
451	8413842.0
452	8217594.0
453	8344357.0
454	8356021.0
455	8300147.0
456	8370867.0
457	8347783.0
458	8323129.0
459	8135671.0
460	8694436.0
461	8199121.0
462	8257004.0
463	8405626.0
464	8081006.0
465	7948671.0
466	7981108.0
467	7340636.0
468	7262779.0
469	7147346.0
470	7175880.0
471	7198964.0
472	6799954.0
473	7185766.0
474	7125066.0
475	6973018.0
476	7065331.0
477	7762100.0
478	7567136.0
479	7636607.0
480	7540539.0
481	7917161.0
482	7571181.0
483	7600077.0
484	7612313.0
485	7841176.0
486	7642410.0
487	7674897.0
488	7655363.0
489	7480663.0
490	7648354.0
491	8161113.0
492	8255961.0
493	8309945.0
494	8236541.0
495	8123263.0
496	8037003.0
497	8050010.0
498	7986947.0
499	7789152.0
500	7731930.0
501	8105396.0
502	8151806.0
503	7962332.0
504	7947188.0
505	7879647.0
506	7299493.0
507	7667166.0
508	7416019.0
509	6814951.0
510	7015932.0
511	7103241.0
512	7187493.0
513	7399909.0
514	7641339.0
515	7429146.0
516	7762041.0
517	7824376.0
518	7909946.0
519	8021452.0
520	8410104.0
521	8276515.0
522	8092161.0
523	8108672.0
524	8180877.0
525	8198889.0
526	8004452.0
527	7920396.0
528	8111352.0
529	8178747.0
530	8001629.0
531	7829875.0
532	8015584.0
533	7835604.0
534	7234536.0
535	7216029.0
536	7221429.0
537	7403095.0
538	7412263.0
539	7502926.0
540	7322486.0
541	7369017.0
542	7841096.0
543	7284310.0
544	7314984.0
545	7361942.0
546	7484064.0
547	7488254.0
548	7474792.0
549	7811824.0
550	7894194.0
551	7991416.0
552	8011522.0
553	7516588.0
554	7518240.0
555	7207356.0
556	6963273.0
557	7210793.0
558	7378267.0
559	7298205.0
560	7116528.0
561	7129380.0
562	7183758.0
563	7358338.0
564	7482007.0
565	7465543.0
566	7477933.0
567	6876865.0
568	6908247.0
569	7210643.0
570	7132663.0
571	6984864.0
572	6831431.0
573	6766989.0
574	6854509.0
575	6809821.0
576	6692644.0
577	7003913.0
578	7168487.0
579	6864909.0
580	6940639.0
581	6986383.0
582	7079859.0
583	6858044.0
584	6884890.0
585	6846808.0
586	7296409.0
587	7681742.0
588	7949616.0
589	8049338.0
590	8102717.0
591	8028689.0
592	7753178.0
593	7654076.0
594	7596434.0
595	7665067.0
596	7817535.0
597	7702912.0
598	7887982.0
599	8166697.0
600	8220042.0
601	8221196.0
602	7866207.0
603	7870343.0
604	7519595.0
605	7818569.0
606	7864601.0
607	7669253.0
608	7614875.0
609	7734224.0
610	7925312.0
611	7823550.0
612	6967636.0
613	6948777.0
614	6839245.0
615	6834411.0
616	7124839.0
617	7179217.0
618	7010992.0
619	6776522.0
620	6718629.0
621	6911460.0
622	6769246.0
623	6853347.0
624	7586193.0
625	7351986.0
626	7450789.0
627	7396411.0
628	7441671.0
629	7497870.0
630	7525184.0
631	6869007.0
632	6624759.0
633	6834091.0
634	7209803.0
635	7619771.0
636	7664323.0
637	7720317.0
638	7746464.0
639	7785795.0
640	7834133.0
641	8101941.0
642	7806958.0
643	7441826.0
644	7468583.0
645	7711018.0
646	7663887.0
647	7724709.0
648	7820730.0
649	7564620.0
650	7242977.0
651	7423807.0
652	7549159.0
653	7650016.0
654	7636086.0
655	7724137.0
656	7829113.0
657	7246394.0
658	7098650.0
659	7023860.0
660	6956932.0
661	6918185.0
662	7214447.0
663	7445533.0
664	7636350.0
665	7546288.0
666	7317685.0
667	7026011.0
668	7067801.0
669	7072100.0
670	7084730.0
671	7148325.0
672	7454339.0
673	7522115.0
674	7483202.0
675	7559316.0
676	6984851.0
677	7080203.0
678	7036283.0
679	6736856.0
680	6915491.0
681	6867543.0
682	6829823.0
683	6792198.0
684	7003298.0
685	6766734.0
686	6753130.0
687	7035090.0
688	6758678.0
689	6652003.0
690	6880129.0
691	6918607.0
692	6979843.0
693	6918607.0
694	7210128.0
695	7455623.0
696	7248802.0
697	7319522.0
698	7159010.0
699	7165698.0
700	7364421.0
701	7457413.0
702	7001871.0
703	7144753.0
704	7090258.0
705	6873611.0
706	6817636.0
707	6861571.0
708	6833380.0
709	6670919.0
710	6562258.0
711	7002531.0
712	7171142.0
713	7405097.0
714	7689519.0
715	7759276.0
716	7885580.0
717	7733942.0
718	7458128.0
719	7201492.0
720	7174277.0
721	7311785.0
722	7420837.0
723	7375475.0
724	7402690.0
725	7673338.0
726	7811584.0
727	7746877.0
728	7992694.0
729	7357217.0
730	7449005.0
731	7514372.0
732	7576688.0
733	7361228.0
734	7444388.0
735	7694981.0
736	7487565.0
737	7471163.0
738	7242135.0
739	7625063.0
740	7493350.0
741	7464647.0
742	7704641.0
743	7728590.0
744	7521945.0
745	7623187.0
746	7108094.0
747	7098496.0
748	6920970.0
749	6861213.0
750	6882948.0
751	6761139.0
752	7258187.0
753	7016440.0
754	7216224.0
755	7560350.0
756	7577075.0
757	7700847.0
758	8085315.0
759	7576828.0
760	7377740.0
761	7425473.0
762	7079390.0
763	7121403.0
764	7123792.0
765	7187341.0
766	7209160.0
767	6804338.0
768	6614678.0
769	6622250.0
770	6351809.0
771	6239249.0
772	6279449.0
773	6415039.0
774	6590546.0
775	7212134.0
776	7179539.0
777	7199734.0
778	7176432.0
779	7206117.0
780	7378650.0
781	7731961.0
782	7695345.0
783	7657275.0
784	7733775.0
785	7476620.0
786	7600037.0
787	7663037.0
788	7729965.0
789	7789468.0
790	7790278.0
791	7598679.0
792	7659915.0
793	7522911.0
794	7639548.0
795	7639043.0
796	7624309.0
797	7708673.0
798	7772408.0
799	7791670.0
800	7549357.0
801	7374130.0
802	7312894.0
803	7006875.0
804	7172394.0
805	7177568.0
806	7204886.0
807	7178321.0
808	7499458.0
809	7524313.0
810	7431299.0
811	7417053.0
812	7458290.0
813	7439341.0
814	7398870.0
815	7335222.0
816	7384005.0
817	7520627.0
818	7327819.0
819	7422211.0
820	7447363.0
821	7475470.0
822	7170957.0
823	6999582.0
824	6888030.0
825	6913163.0
826	7516825.0
827	7607825.0
828	7859616.0
829	7882517.0
830	7981754.0
831	8030549.0
832	8466407.0
833	8538455.0
834	8525187.0
835	8834694.0
836	8571748.0
837	8824468.0
838	8861596.0
839	8182223.0
840	8618020.0
841	8016320.0
842	7782264.0
843	7745136.0
844	7561405.0
845	7713441.0
846	7697600.0
847	7734728.0
848	7663444.0
849	7407652.0
850	7191737.0
851	7458529.0
852	7410506.0
853	7480257.0
854	7238325.0
855	7259040.0
856	6892128.0
857	7008413.0
858	6892910.0
859	6849147.0
860	6839819.0
861	6882762.0
862	6954810.0
863	6674857.0
864	6732577.0
865	6565218.0
866	6418115.0
867	6572663.0
868	6877730.0
869	7523114.0
870	7805354.0
871	7673156.0
872	7440952.0
873	7917918.0
874	8118648.0
875	8064666.0
876	7810100.0
877	7871367.0
878	7726520.0
879	7549419.0
880	6869212.0
881	6757487.0
882	6832725.0
883	7036038.0
884	7022108.0
885	7202882.0
886	7242170.0
887	7070810.0
888	6516282.0
889	6610200.0
890	6124242.0
891	5653655.0
892	5626466.0
893	5453790.0
894	5949443.0
895	6002293.0
896	5846181.0
897	5964869.0
898	6425950.0
899	6340459.0
900	6730499.0
901	6801185.0
902	6632000.0
903	6916172.0
904	7042028.0
905	6850951.0
906	7230842.0
907	7130546.0
908	7229648.0
909	7410692.0
910	7350962.0
911	7102498.0
912	7126586.0
913	7059258.0
914	6979632.0
915	6999792.0
916	7167860.0
917	6797005.0
918	7097296.0
919	7072810.0
920	7070944.0
921	6722640.0
922	6822318.0
923	7133608.0
924	7143079.0
925	7212148.0
926	7230027.0
927	7183290.0
928	7053275.0
929	6926530.0
930	7360804.0
931	7080230.0
932	6953810.0
933	7234384.0
934	6939435.0
935	6756359.0
936	6794187.0
937	6826362.0
938	6971007.0
939	7141359.0
940	7300025.0
941	7381231.0
942	7447699.0
943	7590907.0
944	7521589.0
945	7867085.0
946	7442972.0
947	7576649.0
948	7623019.0
949	7776992.0
950	7376082.0
951	6966444.0
952	6718497.0
953	6809525.0
954	6705477.0
955	6528765.0
956	6416589.0
957	6433986.0
958	6322112.0
959	6294500.0
960	6158699.0
961	6032843.0
962	6105957.0
963	6132921.0
964	6281836.0
965	6489592.0
966	6223990.0
967	6594528.0
968	6685024.0
969	6803031.0
970	7063918.0
971	6748441.0
972	6721477.0
973	6653290.0
974	6907882.0
975	6927232.0
976	6865866.0
977	6825173.0
978	7235828.0
979	7554794.0
980	7424051.0
981	7280683.0
982	7506090.0
983	7623737.0
984	7506231.0
985	7076789.0
986	7089554.0
987	7266465.0
988	7278799.0
989	6864419.0
990	6744378.0
991	6669320.0
992	6689980.0
993	6906890.0
994	6814319.0
995	7271506.0
996	7311645.0
997	7158903.0
998	7209747.0
999	7224684.0
1000	7122495.0
1001	7444478.0
1002	7214633.0
1003	7230558.0
1004	7101436.0
1005	6788485.0
1006	6640206.0
1007	6671386.0
1008	6905305.0
1009	6731120.0
1010	6750470.0
1011	6847220.0
1012	6245948.0
1013	6176702.0
1014	5999194.0
1015	6242385.0
1016	6402796.0
1017	6377415.0
1018	6230796.0
1019	6406834.0
1020	6050884.0
1021	5907212.0
1022	5789312.0
1023	6612840.0
1024	5910282.0
1025	6151362.0
1026	6386807.0
1027	6530907.0
1028	6486837.0
1029	6267692.0
1030	6743589.0
1031	6786467.0
1032	6916812.0
1033	7282121.0
1034	7304691.0
1035	7401032.0
1036	7390402.0
1037	7284890.0
1038	7347084.0
1039	7381452.0
1040	7662144.0
1041	7470733.0
1042	7615485.0
1043	7707664.0
1044	7718128.0
1045	7621729.0
1046	7475669.0
1047	7235186.0
1048	7276478.0
1049	7199381.0
1050	7463469.0
1051	7642088.0
1052	7448855.0
1053	7988896.0
1054	7740776.0
1055	7398698.0
1056	7646818.0
1057	7259713.0
1058	7517128.0
1059	7620381.0
1060	6930898.0
1061	6898063.0
1062	7121938.0
1063	7205132.0
1064	7048040.0
1065	7143440.0
1066	7240837.0
1067	7193985.0
1068	7224301.0
1069	7213837.0
1070	7440780.0
1071	7318072.0
1072	7328536.0
1073	7337028.0
1074	7086041.0
1075	6525308.0
1076	6526686.0
1077	7410185.0
1078	7647575.0
1079	6821519.0
1080	6604168.0
1081	6557204.0
1082	6115821.0
1083	6433123.0
1084	6759405.0
1085	6820790.0
1086	6718047.0
1087	6714483.0
1088	6746970.0
1089	6740139.0
1090	6783569.0
1091	7059300.0
1092	7146062.0
1093	7084169.0
1094	7094564.0
1095	7188839.0
1096	7179632.0
1097	7307027.0
1098	7363382.0
1099	7307027.0
1100	7298452.0
1101	7266761.0
1102	7344775.0
1103	7532018.0
1104	7840191.0
1105	7479387.0
1106	7633605.0
1107	7794066.0
1108	7811902.0
1109	7772313.0
1110	7829241.0
1111	7918665.0
1112	7164464.0
1113	7645733.0
1114	7311770.0
1115	7547324.0
1116	7812256.0
1117	7826836.0
1118	7573083.0
1119	7441812.0
1120	7454136.0
1121	7112545.0
1122	7225252.0
1123	7241877.0
1124	7507842.0
1125	7172202.0
1126	7690296.0
1127	7634239.0
1128	7392136.0
1129	7681976.0
1130	7489742.0
1131	7528370.0
1132	7296017.0
1133	7319767.0
1134	6835778.0
1135	6769022.0
1136	6651653.0
1137	6822955.0
1138	6797131.0
1139	6780438.0
1140	6748920.0
1141	6813398.0
1142	6816314.0
1143	6874682.0
1144	7217984.0
1145	7225436.0
1146	7308596.0
1147	7555714.0
1148	7237987.0
1149	7279855.0
1150	7441168.0
1151	7406166.0
1152	7631115.0
1153	8071900.0
1154	7850002.0
1155	7337165.0
1156	7409085.0
1157	7595133.0
1158	7418283.0
1159	7588211.0
1160	7306996.0
1161	7461955.0
1162	7664511.0
1163	7595343.0
1164	7777501.0
1165	7591453.0
1166	7673360.0
1167	6978657.0
1168	7113435.0
1169	7160955.0
1170	7208076.0
1171	7517179.0
1172	7836562.0
1173	7975058.0
1174	7998035.0
1175	8217459.0
1176	7944593.0
1177	7604502.0
1178	7716198.0
1179	6943625.0
1180	7467124.0
1181	7525829.0
1182	7414133.0
1183	7208814.0
1184	6736001.0
1185	6633501.0
1186	6923479.0
1187	7020407.0
1188	7329582.0
1189	7494208.0
1190	7397280.0
1191	7400850.0
1192	7214505.0
1193	6867610.0
1194	7260829.0
1195	7084043.0
1196	7326628.0
1197	7425103.0
1198	7543184.0
1199	7557960.0
1200	7784306.0
1201	7601580.0
1202	7592100.0
1203	7217587.0
1204	7478001.0
1205	7640197.0
1206	7467465.0
1207	7758405.0
1208	7969931.0
1209	7862107.0
1210	7539589.0
1211	7763812.0
1212	8099453.0
1213	7499216.0
1214	8098565.0
1215	8139201.0
1216	7961191.0
1217	7983708.0
1218	8156440.0
1219	7753024.0
1220	7653782.0
1221	7708781.0
1222	7867448.0
1223	7730934.0
1224	7581386.0
1225	7077614.0
1226	7069667.0
1227	7749040.0
1228	7555483.0
1229	7525726.0
1230	7107176.0
1231	6902604.0
1232	6881253.0
1233	7299629.0
1234	7076718.0
1235	6894719.0
1236	6908099.0
1237	7051791.0
1238	7470341.0
1239	7369001.0
1240	7587544.0
1241	7467763.0
1242	7482531.0
1243	7355242.0
1244	7370690.0
1245	7471638.0
1246	7629583.0
1247	7109148.0
1248	7058830.0
1249	6957882.0
1250	6965387.0
1251	7114434.0
1252	7127475.0
1253	7198619.0
1254	7304682.0
1255	7156954.0
1256	7217979.0
1257	7496445.0
1258	7413617.0
1259	7420481.0
1260	7264175.0
1261	7540534.0
1262	7396423.0
1263	7549707.0
1264	7758106.0
1265	7872929.0
1266	7536291.0
1267	7198919.0
1268	7079975.0
1269	7297681.0
1270	7012386.0
1271	6587181.0
1272	6645497.0
1273	6699840.0
1274	6893052.0
1275	6889908.0
1276	6474595.0
1277	6405799.0
1278	6398294.0
1279	6623585.0
1280	6642485.0
1281	6579725.0
1282	6725435.0
1283	6506876.0
1284	7138879.0
1285	7118111.0
1286	7143359.0
1287	7047071.0
1288	7423689.0
1289	7372781.0
1290	7599839.0
1291	7410644.0
1292	7107627.0
1293	7071308.0
1294	6765010.0
1295	6776482.0
1296	6498364.0
1297	6505869.0
1298	6386364.0
1299	6524183.0
1300	6828110.0
1301	6973281.0
1302	6609458.0
1303	6941939.0
1304	7199843.0
1305	7490709.0
1306	7720136.0
1307	7744334.0
1308	7819646.0
1309	7608017.0
1310	7677257.0
1311	7717806.0
1312	7837832.0
1313	7633763.0
1314	7656271.0
1315	8170775.0
1316	7730413.0
1317	7893108.0
1318	7865364.0
1319	8118520.0
1320	8175261.0
1321	7432794.0
1322	7491499.0
1323	7730934.0
1324	7155292.0
1325	7551038.0
1326	7625918.0
1327	7590496.0
1328	7427830.0
1329	7576342.0
1330	7490011.0
1331	7744532.0
1332	7541511.0
1333	7724989.0
1334	7538619.0
1335	7799319.0
1336	7754556.0
1337	7571993.0
1338	8007381.0
1339	7924015.0
1340	7915815.0
1341	7861964.0
1342	7916012.0
1343	7807399.0
1344	7734139.0
1345	7976898.0
1346	8333016.0
1347	8410597.0
1348	8402122.0
1349	8422016.0
1350	8449637.0
1351	8466154.0
1352	8485954.0
1353	8172999.0
1354	8292310.0
1355	8382310.0
1356	8344007.0
1357	7909888.0
1358	7956732.0
1359	8001450.0
1360	7576631.0
1361	7199738.0
1362	7434800.0
1363	7438760.0
1364	7320952.0
1365	7250752.0
1366	7187271.0
1367	7149617.0
1368	7220698.0
1369	6965953.0
1370	6732926.0
1371	6939822.0
1372	7011384.0
1373	7182043.0
1374	6934885.0
1375	6863323.0
1376	6627191.0
1377	6669941.0
1378	6675479.0
1379	6950445.0
1380	7043902.0
1381	7067527.0
1382	6926735.0
1383	6976577.0
1384	7001425.0
1385	6815161.0
1386	6919204.0
1387	7007593.0
1388	6936512.0
1389	7030036.0
1390	6988908.0
1391	6945260.0
1392	7149427.0
1393	6966878.0
1394	7161230.0
1395	7411876.0
1396	7319831.0
1397	7353788.0
1398	7366271.0
1399	7388442.0
1400	7305498.0
1401	8211512.0
1402	8132480.0
1403	8156105.0
1404	8325014.0
1405	8205771.0
1406	8315181.0
1407	8127126.0
1408	8181612.0
1409	8344073.0
1410	8349446.0
1411	8221607.0
1412	8451297.0
1413	8669003.0
1414	8146896.0
1415	7240882.0
1416	7070717.0
1417	7066944.0
1418	6511178.0
1419	6514188.0
1420	6545538.0
1421	6661555.0
1422	6584843.0
1423	6579470.0
1424	6615064.0
1425	6481699.0
1426	6726792.0
1427	6497102.0
1428	6476456.0
1429	6444386.0
1430	6674076.0
1431	6717539.0
1432	6836606.0
1433	6591513.0
1434	6591513.0
1435	6361823.0
1436	5871653.0
1437	5834835.0
1438	5788857.0
1439	5584683.0
1440	5619705.0
1441	5610399.0
1442	5789004.0
1443	5874555.0
1444	5827859.0
1445	6329491.0
1446	6342063.0
1447	5911626.0
1448	6155998.0
1449	6041175.0
1450	6023390.0
1451	6018571.0
1452	6051586.0
1453	5815454.0
1454	5824210.0
1455	6133159.0
1456	5992240.0
1457	5996491.0
1458	6374551.0
1459	6087049.0
1460	6045567.0
1461	6115778.0
1462	5996464.0
1463	5926253.0
1464	5844932.0
1465	6350364.0
1466	6607036.0
1467	6774580.0
1468	6799332.0
1469	6769615.0
1470	6651444.0
1471	6915010.0
1472	6828706.0
1473	6525967.0
1474	6919518.0
1475	6616341.0
1476	6434618.0
1477	6516390.0
1478	6296259.0
1479	5941703.0
1480	5952443.0
1481	5985149.0
1482	6006401.0
1483	5997594.0
1484	6021258.0
1485	5862481.0
1486	5672431.0
1487	6016945.0
1488	6134753.0
1489	6377597.0
1490	6735599.0
1491	6942601.0
1492	6507763.0
1493	7048693.0
1494	6902595.0
1495	6966939.0
1496	7346347.0
1497	7176290.0
1498	7578345.0
1499	7560688.0
1500	7566952.0
1501	7011954.0
1502	6950894.0
1503	6907092.0
1504	6926566.0
1505	6493126.0
1506	6365388.0
1507	6468142.0
1508	6460487.0
1509	6632233.0
1510	6689986.0
1511	6798765.0
1512	6727621.0
1513	6764325.0
1514	7202523.0
1515	7337316.0
1516	7256490.0
1517	7454512.0
1518	7296601.0
1519	7071731.0
1520	7104309.0
1521	7023084.0
1522	6963818.0
1523	7068215.0
1524	6890707.0
1525	7226221.0
1526	7262723.0
1527	7074756.0
1528	7113906.0
1529	6948491.0
1530	6475468.0
1531	6835036.0
1532	6773176.0
1533	6853964.0
1534	6853964.0
1535	6853964.0
1536	6922024.0
1537	6914064.0
1538	6863580.0
1539	6764728.0
1540	6829072.0
1541	6853408.0
1542	6781219.0
1543	6865152.0
1544	6938439.0
1545	7604502.0
1546	7626237.0
1547	7745093.0
1548	7751782.0
1549	6900311.0
1550	6442397.0
1551	6431657.0
1552	6026221.0
1553	6353479.0
1554	6355616.0
1555	6504543.0
1556	6511605.0
1557	6755773.0
1558	6822040.0
1559	6519050.0
1560	6992073.0
1561	6830002.0
1562	6843052.0
1563	6916300.0
1564	6558008.0
1565	6987530.0
1566	7113151.0
1567	7089399.0
1568	7132869.0
1569	7167376.0
1570	7012390.0
1571	6549700.0
1572	6504607.0
1573	6778346.0
1574	7310953.0
1575	7771152.0
1576	7533078.0
1577	7804263.0
1578	8360754.0
1579	7726877.0
1580	7654909.0
1581	7608830.0
1582	7634803.0
1583	7585378.0
1584	7627445.0
1585	7309948.0
1586	7304203.0
1587	7534501.0
1588	7996831.0
1589	7465800.0
1590	7257461.0
1591	7261301.0
1592	7326139.0
1593	7845382.0
1594	7862234.0
1595	7995959.0
1596	7857320.0
1597	7660685.0
1598	7759341.0
1599	7576062.0
1600	7947488.0
1601	7891978.0
1602	7930153.0
1603	8050239.0
1604	8051915.0
1605	8062520.0
1606	7923710.0
1607	7840932.0
1608	7842956.0
1609	8013629.0
1610	8197689.0
1611	7894564.0
1612	7486541.0
1613	7043054.0
1614	6493575.0
1615	6409960.0
1616	6416044.0
1617	6676513.0
1618	6927504.0
1619	7088081.0
1620	7186541.0
1621	7256390.0
1622	7349930.0
1623	7333836.0
1624	7600364.0
1625	7641169.0
1626	8050910.0
1627	8109045.0
1628	8076419.0
1629	8138109.0
1630	8332663.0
1631	8470889.0
1632	8177175.0
1633	7716159.0
1634	7646026.0
1635	7722412.0
1636	7874508.0
1637	7733327.0
1638	8182430.0
1639	8669599.0
1640	8505144.0
1641	8882344.0
1642	8625190.0
1643	8764854.0
1644	8137477.0
1645	8093835.0
1646	7918702.0
1647	8270694.0
1648	8122240.0
1649	7996351.0
1650	7969153.0
1651	7511775.0
1652	7514712.0
1653	7792750.0
1654	7744733.0
1655	8077989.0
1656	7985762.0
1657	8029890.0
1658	7977354.0
1659	8045852.0
1660	7858664.0
1661	7867044.0
1662	7426889.0
1663	7299204.0
1664	7935209.0
1665	7620380.0
1666	7869153.0
1667	7804242.0
1668	7990464.0
1669	8278164.0
1670	8490843.0
1671	8073540.0
1672	8096302.0
1673	8131326.0
1674	8489604.0
1675	8289808.0
1676	8358065.0
1677	7954541.0
1678	7959941.0
1679	7956487.0
1680	7715058.0
1681	7682971.0
1682	7613295.0
1683	7580339.0
1684	7653671.0
1685	7764514.0
1686	7389005.0
1687	7188054.0
1688	7286360.0
1689	7217862.0
1690	7033919.0
1691	6867578.0
1692	6817357.0
1693	6817714.0
1694	6663049.0
1695	6694507.0
1696	6089746.0
1697	6812514.0
1698	6738685.0
1699	7060987.0
1700	7978021.0
1701	7946503.0
1702	7965103.0
1703	7697101.0
1704	7544091.0
1705	7340813.0
1706	7340813.0
1707	7483705.0
1708	7395538.0
1709	7562188.0
1710	7767322.0
1711	7709397.0
1712	7675368.0
1713	7678936.0
1714	7839678.0
1715	7761353.0
1716	7795025.0
1717	7775675.0
1718	8084237.0
1719	7896191.0
1720	7721735.0
1721	7828628.0
1722	7809833.0
1723	7640993.0
1724	7709491.0
1725	7754622.0
1726	7608645.0
1727	7700631.0
1728	7758675.0
1729	8093088.0
1730	7898665.0
1731	7828816.0
1732	7580043.0
1733	7374294.0
1734	7700322.0
1735	7630017.0
1736	7259916.0
1737	7093266.0
1738	6775026.0
1739	6888386.0
1740	6863369.0
1741	7059129.0
1742	6782073.0
1743	7357542.0
1744	7472510.0
1745	7333449.0
1746	7120797.0
1747	7059921.0
1748	7392643.0
1749	7327288.0
1750	7628557.0
1751	7447117.0
1752	7156725.0
1753	6846133.0
1754	7018789.0
1755	6891519.0
1756	6611327.0
1757	6793631.0
1758	7294691.0
1759	7270898.0
1760	7445930.0
1761	7468778.0
1762	7259726.0
1763	7888346.0
1764	7910081.0
1765	7798234.0
1766	7321570.0
1767	7334765.0
1768	7235303.0
1769	7307123.0
1770	7342097.0
1771	7363415.0
1772	7197799.0
1773	7017799.0
1774	7084387.0
1775	6900337.0
1776	6989587.0
1777	6944860.0
1778	6861494.0
1779	7088734.0
1780	6987451.0
1781	7203397.0
1782	7253193.0
1783	7203615.0
1784	7259715.0
1785	7181362.0
1786	7500833.0
1787	7064472.0
1788	7247753.0
1789	7127649.0
1790	7017176.0
1791	6987748.0
1792	6504377.0
1793	6640692.0
1794	6821683.0
1795	6830182.0
1796	6905362.0
1797	6705574.0
1798	7504023.0
1799	7980687.0
1800	7997312.0
1801	7422150.0
1802	7641260.0
1803	8176148.0
1804	7941158.0
1805	7728050.0
1806	8034465.0
1807	7981629.0
1808	8447380.0
1809	8525861.0
1810	8372013.0
1811	8730540.0
1812	8619896.0
1813	8505553.0
1814	8612275.0
1815	8701756.0
1816	8552118.0
1817	8510208.0
1818	8337786.0
1819	8245914.0
1820	8089100.0
1821	7946019.0
1822	7849415.0
1823	7820918.0
1824	7564814.0
1825	7741825.0
1826	7393050.0
1827	7472070.0
1828	7827339.0
1829	7860045.0
1830	7809748.0
1831	6971817.0
1832	6947715.0
1833	7063612.0
1834	6998120.0
1835	7015424.0
1836	6535237.0
1837	6877119.0
1838	7158499.0
1839	6905122.0
1840	6818905.0
1841	6699321.0
1842	7012293.0
1843	6721765.0
1844	7062806.0
1845	7067065.0
1846	7209625.0
1847	7740677.0
1848	7789929.0
1849	7533747.0
1850	7907867.0
1851	7929529.0
1852	7760126.0
1853	7344796.0
1854	7443352.0
1855	7166729.0
1856	7008743.0
1857	6881781.0
1858	6814519.0
1859	6898955.0
1860	6800399.0
1861	6857034.0
1862	6411545.0
1863	5961360.0
1864	5930076.0
1865	5985144.0
1866	5793109.0
1867	5650549.0
1868	5699458.0
1869	5660852.0
1870	6084969.0
1871	6121619.0
1872	6327382.0
1873	6347138.0
1874	5968991.0
1875	5981592.0
1876	5944784.0
1877	5959694.0
1878	5955691.0
1879	5869120.0
1880	6018958.0
1881	6181822.0
1882	6399794.0
1883	6039007.0
1884	6043736.0
1885	6283401.0
1886	6286737.0
1887	6203907.0
1888	6193542.0
1889	5727923.0
1890	5713197.0
1891	5744752.0
1892	5858995.0
1893	5936755.0
1894	5901353.0
1895	6310455.0
1896	5931447.0
1897	6145770.0
1898	6084723.0
1899	5900043.0
1900	5903991.0
1901	6048771.0
1902	6032979.0
1903	6241531.0
1904	6384091.0
1905	6539510.0
1906	6500931.0
1907	6911876.0
1908	7166052.0
1909	7513420.0
1910	7125475.0
1911	6830729.0
1912	6583139.0
1913	6649332.0
1914	6682839.0
1915	6616087.0
1916	6842648.0
1917	6927465.0
1918	6812652.0
1919	7242181.0
1920	7328803.0
1921	6983441.0
1922	6958417.0
1923	6705285.0
1924	6792141.0
1925	7016811.0
1926	7019195.0
1927	6866363.0
1928	6630895.0
1929	6575030.0
1930	6653003.0
1931	6812897.0
1932	7109612.0
1933	7286809.0
1934	6968618.0
1935	7401689.0
1936	7494467.0
1937	7548100.0
1938	7470204.0
1939	7334197.0
1940	7045265.0
1941	6873977.0
1942	6914137.0
1943	7008264.0
1944	7048280.0
1945	7131728.0
1946	7638488.0
1947	7149831.0
1948	7369419.0
1949	7780521.0
1950	7738208.0
1951	7078438.0
1952	6670921.0
1953	7561309.0
1954	7771265.0
1955	7855829.0
1956	7785696.0
1957	7945634.0
1958	7802050.0
1959	7737017.0
1960	7751597.0
1961	8443968.0
1962	8203532.0
1963	7989833.0
1964	7896903.0
1965	7845507.0
1966	8406338.0
1967	8513997.0
1968	8490738.0
1969	8541577.0
1970	8164273.0
1971	7581004.0
1972	7496824.0
1973	7512520.0
1974	7305088.0
1975	7391244.0
1976	7373635.0
1977	7656927.0
1978	7822245.0
1979	7763088.0
1980	7146717.0
1981	7229913.0
1982	7180503.0
1983	7056803.0
1984	6968738.0
1985	7229597.0
1986	7203609.0
1987	7223958.0
1988	7415613.0
1989	7485165.0
1990	7356926.0
1991	7392862.0
1992	7309586.0
1993	7052577.0
1994	7052577.0
1995	7145617.0
1996	7310047.0
1997	7482978.0
1998	7496586.0
1999	7375045.0
2000	7641594.0
2001	7666664.0
2002	7796850.0
2003	7799265.0
2004	7899422.0
2005	7950431.0
2006	7556809.0
2007	7573252.0
2008	6806319.0
2009	7314100.0
2010	7181525.0
2011	7275787.0
2012	6652383.0
2013	6735182.0
2014	6585922.0
2015	6809655.0
2016	6603765.0
2017	6685331.0
2018	6846011.0
2019	6553378.0
2020	6521387.0
2021	6539754.0
2022	6545866.0
2023	6795166.0
2024	6688408.0
2025	6807269.0
2026	6831180.0
2027	6750607.0
2028	6686871.0
2029	6556725.0
2030	6366267.0
2031	6620565.0
2032	6748821.0
2033	7158467.0
2034	7461614.0
2035	7294448.0
2036	7447244.0
2037	7298462.0
2038	7350212.0
2039	7705057.0
2040	7932520.0
2041	7876048.0
2042	7963568.0
2043	7806341.0
2044	7742706.0
2045	7859919.0
2046	7861877.0
2047	7986110.0
2048	8047787.0
2049	8047396.0
2050	7966436.0
2051	7996951.0
2052	7712520.0
2053	7457156.0
2054	7543076.0
2055	7578680.0
2056	7484099.0
2057	7520499.0
2058	7278299.0
2059	7530786.0
2060	8085946.0
2061	8088982.0
2062	7739110.0
2063	7459923.0
2064	7554483.0
2065	7536806.0
2066	7466589.0
2067	7479901.0
2068	6857348.0
2069	7243591.0
2070	7220746.0
2071	7931634.0
2072	7999692.0
2073	7899519.0
2074	7954819.0
2075	7897626.0
2076	7914007.0
2077	7831032.0
2078	7963354.0
2079	7879155.0
2080	7853066.0
2081	7676422.0
2082	7515232.0
2083	7098807.0
2084	7110903.0
2085	6957975.0
2086	7436371.0
2087	7457431.0
2088	7136265.0
2089	6969503.0
2090	6826589.0
2091	6878476.0
2092	6986287.0
2093	6986287.0
2094	6995919.0
2095	6871511.0
2096	6979241.0
2097	7893964.0
2098	7797736.0
2099	7003278.0
2100	7131822.0
2101	7170922.0
2102	7198703.0
2103	7190020.0
2104	7043459.0
2105	6525061.0
2106	6466823.0
2107	6348667.0
2108	6652997.0
2109	6494945.0
2110	6586475.0
2111	6614722.0
2112	6804179.0
2113	6960179.0
2114	6881479.0
2115	7018417.0
2116	7281369.0
2117	7145109.0
2118	7157517.0
2119	6856507.0
2120	7136223.0
2121	7208271.0
2122	7425977.0
2123	7439778.0
2124	7239584.0
2125	7195903.0
2126	7359385.0
2127	7543995.0
2128	8026829.0
2129	8007211.0
2130	8080309.0
2131	8212660.0
2132	8172039.0
2133	8160097.0
2134	8146234.0
2135	8724130.0
2136	8670041.0
2137	8743594.0
2138	8861675.0
2139	8658706.0
2140	8431407.0
2141	8553394.0
2142	8242954.0
2143	8238901.0
2144	8031338.0
2145	8246268.0
2146	8274834.0
2147	8283073.0
2148	8318853.0
2149	8490636.0
2150	8897979.0
2151	9661542.0
2152	9356493.0
2153	9409825.0
2154	9073740.0
2155	8985444.0
2156	8416385.0
2157	8470250.0
2158	8888334.0
2159	8784854.0
2160	8657744.0
2161	8601029.0
2162	8838573.0
2163	8772682.0
2164	9028728.0
2165	8637892.0
2166	8966493.0
2167	8931721.0
2168	8634231.0
2169	8557653.0
2170	8584835.0
2171	8607665.0
2172	8436127.0
2173	8437369.0
2174	8553224.0
2175	8581095.0
2176	8643406.0
2177	8618533.0
2178	8755457.0
2179	8871509.0
2180	8690021.0
2181	8398750.0
2182	8415475.0
2183	8357506.0
2184	8781937.0
2185	8934991.0
2186	8983333.0
2187	9440172.0
2188	8886398.0
2189	8504370.0
2190	8952946.0
2191	9010915.0
2192	8877500.0
2193	8988280.0
2194	9068802.0
2195	9052798.0
2196	9161054.0
2197	9011490.0
2198	8632267.0
2199	8649859.0
2200	8751195.0
2201	8525034.0
2202	8521633.0
2203	8367039.0
2204	8124863.0
2205	8123443.0
2206	8278037.0
2207	8322762.0
2208	8223399.0
2209	7740711.0
2210	7663447.0
2211	7845399.0
2212	7294776.0
2213	7509696.0
2214	7163232.0
2215	7161061.0
2216	7603836.0
2217	7111750.0
2218	7433109.0
2219	7371983.0
2220	7426083.0
2221	7601203.0
2222	7659801.0
2223	7601203.0
2224	7680207.0
2225	7672429.0
2226	7344650.0
2227	7272991.0
2228	7255431.0
2229	6944555.0
2230	6861395.0
2231	7004762.0
2232	7293839.0
2233	7518484.0
2234	7820551.0
2235	7535717.0
2236	7273037.0
2237	7044797.0
2238	6997417.0
2239	6682599.0
2240	7199389.0
2241	6690047.0
2242	7062379.0
2243	7318263.0
2244	7298927.0
2245	7363151.0
2246	7458551.0
2247	7432568.0
2248	7232072.0
2249	7397669.0
2250	7462205.0
2251	7532513.0
2252	7847042.0
2253	7651346.0
2254	7745255.0
2255	7690937.0
2256	7841318.0
2257	7867812.0
2258	7747002.0
2259	7702928.0
2260	7561586.0
2261	7501473.0
2262	7542882.0
2263	7394022.0
2264	7296900.0
2265	7323689.0
2266	7061680.0
2267	6807129.0
2268	6619074.0
2269	6588184.0
2270	6588184.0
2271	6554864.0
2272	6624837.0
2273	6625482.0
2274	6104669.0
2275	6514717.0
2276	6937125.0
2277	7068403.0
2278	7377361.0
2279	7606472.0
2280	7589518.0
2281	7620164.0
2282	7613399.0
2283	7322206.0
2284	7354693.0
2285	7489503.0
2286	7473295.0
2287	7490750.0
2288	7652336.0
2289	7998582.0
2290	8041566.0
2291	7533831.0
2292	7615220.0
2293	7680429.0
2294	7652226.0
2295	7367258.0
2296	7535938.0
2297	7365140.0
2298	7375880.0
2299	7055127.0
2300	7225471.0
2301	7239319.0
2302	7095277.0
2303	6997228.0
2304	7083726.0
2305	7046812.0
2306	7059388.0
2307	7062601.0
2308	7132681.0
2309	7124440.0
2310	7200019.0
2311	6876056.0
2312	6781410.0
2313	7184794.0
2314	7177544.0
2315	7574310.0
2316	7369209.0
2317	7479225.0
2318	7520628.0
2319	7402878.0
2320	7438965.0
2321	7048652.0
2322	6848178.0
2323	6857103.0
2324	6955195.0
2325	7160972.0
2326	7174809.0
2327	7186233.0
2328	7168208.0
2329	7632696.0
2330	7522741.0
2331	7037893.0
2332	7050828.0
2333	7012058.0
2334	7202085.0
2335	7212825.0
2336	7792575.0
2337	7663290.0
2338	7311213.0
2339	7479381.0
2340	7490856.0
2341	7402829.0
2342	7261097.0
2343	7092435.0
2344	7135863.0
2345	7096593.0
2346	7107252.0
2347	7107252.0
2348	7098276.0
2349	7144734.0
2350	7052709.0
2351	7221381.0
2352	7370757.0
2353	7149188.0
2354	7376447.0
2355	7450703.0
2356	7518879.0
2357	7206767.0
2358	7210337.0
2359	7403789.0
2360	6928185.0
2361	6933585.0
2362	6930015.0
2363	6749323.0
2364	6912751.0
2365	6909128.0
2366	6858751.0
2367	6598456.0
2368	6386208.0
2369	6506076.0
2370	6749675.0
2371	6822310.0
2372	6820084.0
2373	6851989.0
2374	6684958.0
2375	6421994.0
2376	6666972.0
2377	6668996.0
2378	6678917.0
2379	6528701.0
2380	6394801.0
2381	5909737.0
2382	6172701.0
2383	6838268.0
2384	6886571.0
2385	6907620.0
2386	6714192.0
2387	6783943.0
2388	7193559.0
2389	7052199.0
2390	6916576.0
2391	7091324.0
2392	6688837.0
2393	6657281.0
2394	6796922.0
2395	6461209.0
2396	6876522.0
2397	6415486.0
2398	6540646.0
2399	6525142.0
2400	6464765.0
2401	6325124.0
2402	6070529.0
2403	5600838.0
2404	5925435.0
2405	6065076.0
2406	5925435.0
2407	5923975.0
2408	6005237.0
2409	5908698.0
2410	6077860.0
2411	5939215.0
2412	6096453.0
2413	6063651.0
2414	5888903.0
2415	6246678.0
2416	6487820.0
2417	6663531.0
2418	6686283.0
2419	6966785.0
2420	7161593.0
2421	7002946.0
2422	7352292.0
2423	7508776.0
2424	7251759.0
2425	7281297.0
2426	7729049.0
2427	7703777.0
2428	7273699.0
2429	7295497.0
2430	7290232.0
2431	6977656.0
2432	6978781.0
2433	7033963.0
2434	6841419.0
2435	7143446.0
2436	6949312.0
2437	7056355.0
2438	6897823.0
2439	6903511.0
2440	6351031.0
2441	6487559.0
2442	6587393.0
2443	6768947.0
2444	6754464.0
2445	7223294.0
2446	6708412.0
2447	6908883.0
2448	6924808.0
2449	6985954.0
2450	6777800.0
2451	6869100.0
2452	6628748.0
2453	7357506.0
2454	7392899.0
2455	7389619.0
2456	7388494.0
2457	7368930.0
2458	7370055.0
2459	7425821.0
2460	7467002.0
2461	6924824.0
2462	6895340.0
2463	6900812.0
2464	6945462.0
2465	7407823.0
2466	7304017.0
2467	7412152.0
2468	7304017.0
2469	7440194.0
2470	7548329.0
2471	7571593.0
2472	7449549.0
2473	7742458.0
2474	7886685.0
2475	7143368.0
2476	7164832.0
2477	7108887.0
2478	7668646.0
2479	7444572.0
2480	7480951.0
2481	7435543.0
2482	7184259.0
2483	7258692.0
2484	7553144.0
2485	7702876.0
2486	7736948.0
2487	7969075.0
2488	7836360.0
2489	7495334.0
2490	7804137.0
2491	7809873.0
2492	7724975.0
2493	7730850.0
2494	7575826.0
2495	7473444.0
2496	7444696.0
2497	7376673.0
2498	7408319.0
2499	7812610.0
2500	7755117.0
2501	7902128.0
2502	7916177.0
2503	8101930.0
2504	8286767.0
2505	8299817.0
2506	8351358.0
2507	8085210.0
2508	7778679.0
2509	8057175.0
2510	8358111.0
2511	7906024.0
2512	7560414.0
2513	7393230.0
2514	7284684.0
2515	8012374.0
2516	7509115.0
2517	7531099.0
2518	7836693.0
2519	7999989.0
2520	7685804.0
2521	7718789.0
2522	7745579.0
2523	7969266.0
2524	7779164.0
2525	7283414.0
2526	7459763.0
2527	7706888.0
2528	7693838.0
2529	8145986.0
2530	8037814.0
2531	8050294.0
2532	8078647.0
2533	8081197.0
2534	8186242.0
2535	8069535.0
2536	8056356.0
2537	7814370.0
2538	7621765.0
2539	7687005.0
2540	7478060.0
2541	7873890.0
2542	7537430.0
2543	7567859.0
2544	7182910.0
2545	7433099.0
2546	7570398.0
2547	7288998.0
2548	7392102.0
2549	7494404.0
2550	7446353.0
2551	7618219.0
2552	7327242.0
2553	7236637.0
2554	6737441.0
2555	6870617.0
2556	6800039.0
2557	6806794.0
2558	6847480.0
2559	6948487.0
2560	7317191.0
2561	7056133.0
2562	6939407.0
2563	7480883.0
2564	7493933.0
2565	7404953.0
2566	7442203.0
2567	7554930.0
2568	7676647.0
2569	7615099.0
2570	7448263.0
2571	7589158.0
2572	7083488.0
2573	7292268.0
2574	7299296.0
2575	7451654.0
2576	7438604.0
2577	7314283.0
2578	7258128.0
2579	7270452.0
2580	7038388.0
2581	6942351.0
2582	7145778.0
2583	7315495.0
2584	6991621.0
2585	6551145.0
2586	6371433.0
2587	6370634.0
2588	6371433.0
2589	6126822.0
2590	6179729.0
2591	6241915.0
2592	6194147.0
2593	6736244.0
2594	7261911.0
2595	7070087.0
2596	6878605.0
2597	7628933.0
2598	6907819.0
2599	6965835.0
2600	6731338.0
2601	6834072.0
2602	6521658.0
2603	5856614.0
2604	6104857.0
2605	6151757.0
2606	6263141.0
2607	6394950.0
2608	6647706.0
2609	6534738.0
2610	6649170.0
2611	6754217.0
2612	6453727.0
2613	6487691.0
2614	6494247.0
2615	6551627.0
2616	6754288.0
2617	6828555.0
2618	7292418.0
2619	7231292.0
2620	7254259.0
2621	7327489.0
2622	7584369.0
2623	7741672.0
2624	7588630.0
2625	7574211.0
2626	7291642.0
2627	7279340.0
2628	7383218.0
2629	7153766.0
2630	6516945.0
2631	6419161.0
2632	6462633.0
2633	6593653.0
2634	7140134.0
2635	7054450.0
2636	7330956.0
2637	7242448.0
2638	7131096.0
2639	6919278.0
2640	7308051.0
2641	7416681.0
2642	7654616.0
2643	7693517.0
2644	7668131.0
2645	7944247.0
2646	8012575.0
2647	7567489.0
2648	7570306.0
2649	7667005.0
2650	7859320.0
2651	8305026.0
2652	8617395.0
2653	8906723.0
2654	9072479.0
2655	8674480.0
2656	8128419.0
2657	8546659.0
2658	7983816.0
2659	8169666.0
2660	8066221.0
2661	8263114.0
2662	8535526.0
2663	8547190.0
2664	8306055.0
2665	8125164.0
2666	8306055.0
2667	8746701.0
2668	8751937.0
2669	8444853.0
2670	8569481.0
2671	8146130.0
2672	8218579.0
2673	8331288.0
2674	7897018.0
2675	7714933.0
2676	7712102.0
2677	7949573.0
2678	7508897.0
2679	7777509.0
2680	7209966.0
2681	7259371.0
2682	7352683.0
2683	7570992.0
2684	7466016.0
2685	7570992.0
2686	7453184.0
2687	7412588.0
2688	7335725.0
2689	7117450.0
2690	7215531.0
2691	7142100.0
2692	7254420.0
2693	7181929.0
2694	6955245.0
2695	6642335.0
2696	6481526.0
2697	6580101.0
2698	6747220.0
2699	6767485.0
2700	6927486.0
2701	7207304.0
2702	7214864.0
2703	7338502.0
2704	7122689.0
2705	6846091.0
2706	6963791.0
2707	6736629.0
2708	7688268.0
2709	7754312.0
2710	7717158.0
2711	7987412.0
2712	7986815.0
2713	7888430.0
2714	7741099.0
2715	7815043.0
2716	7917154.0
2717	7493066.0
2718	7627146.0
2719	8148456.0
2720	7900350.0
2721	8141636.0
2722	8152886.0
2723	7822586.0
2724	8280646.0
2725	8357579.0
2726	8392398.0
2727	8262451.0
2728	7608463.0
2729	7761635.0
2730	7174312.0
2731	6660827.0
2732	6558716.0
2733	6496233.0
2734	6345860.0
2735	6313816.0
2736	6488043.0
2737	6459795.0
2738	6325715.0
2739	6334994.0
2740	6519756.0
2741	6541798.0
2742	6243934.0
2743	6586564.0
2744	6383163.0
2745	6301398.0
2746	6189257.0
2747	6611047.0
2748	6789417.0
2749	6903451.0
2750	7389623.0
2751	7420115.0
2752	7455069.0
2753	7356173.0
2754	7294309.0
2755	7225487.0
2756	7292661.0
2757	7186884.0
2758	7999407.0
2759	7957841.0
2760	7965509.0
2761	7702630.0
2762	7705528.0
2763	7729764.0
2764	7722096.0
2765	7731472.0
2766	7747235.0
2767	7671139.0
2768	7689779.0
2769	7754823.0
2770	7640597.0
2771	7396599.0
2772	7322696.0
2773	7376056.0
2774	7997935.0
2775	8016172.0
2776	8050838.0
2777	8255096.0
2778	7992332.0
2779	8142064.0
2780	7539939.0
2781	7535644.0
2782	7858753.0
2783	7839447.0
2784	7412659.0
2785	7437482.0
2786	7522210.0
2787	7554502.0
2788	7670705.0
2789	7762069.0
2790	7021093.0
2791	7198494.0
2792	7373015.0
2793	7387235.0
2794	7294899.0
2795	7117322.0
2796	7612157.0
2797	7626206.0
2798	7642209.0
2799	7566841.0
2800	7410049.0
2801	7395829.0
2802	7410049.0
2803	7388159.0
2804	7329036.0
2805	7151255.0
2806	6818524.0
2807	7140069.0
2808	6627563.0
2809	6223137.0
2810	6163238.0
2811	6171477.0
2812	6474580.0
2813	6516359.0
2814	6535128.0
2815	6795164.0
2816	6574009.0
2817	6533173.0
2818	6700560.0
2819	6773272.0
2820	6995958.0
2821	7115955.0
2822	7147081.0
2823	6769174.0
2824	7598604.0
2825	7686573.0
2826	8081740.0
2827	8026427.0
2828	7965533.0
2829	8024656.0
2830	8404880.0
2831	8078493.0
2832	7894052.0
2833	8317739.0
2834	8039311.0
2835	8203702.0
2836	8344555.0
2837	8242366.0
2838	7923094.0
2839	8090447.0
2840	8140511.0
2841	8439551.0
2842	8773021.0
2843	8759766.0
2844	8533000.0
2845	7918901.0
2846	7613967.0
2847	7736551.0
2848	7339412.0
2849	7400064.0
2850	7433594.0
2851	7771494.0
2852	7813061.0
2853	7824749.0
2854	7546550.0
2855	7517087.0
2856	7575726.0
2857	7363839.0
2858	6978102.0
2859	6805518.0
2860	6959611.0
2861	7297926.0
2862	7667440.0
2863	8473390.0
2864	8126523.0
2865	8094253.0
2866	8300484.0
2867	8316139.0
2868	8458360.0
2869	8171934.0
2870	7365984.0
2871	7301344.0
2872	7024553.0
2873	7008898.0
2874	7371442.0
2875	7055564.0
2876	7046840.0
2877	7115169.0
2878	7431047.0
2879	7112835.0
2880	7112835.0
2881	6826131.0
2882	7085627.0
2883	6901495.0
2884	6971191.0
2885	6919542.0
2886	6776053.0
2887	6588794.0
2888	6588794.0
2889	6805379.0
2890	6890668.0
2891	6779029.0
2892	6606695.0
2893	6793303.0
2894	6771408.0
2895	6999462.0
2896	7287017.0
2897	7465448.0
2898	8171018.0
2899	7465448.0
2900	7027784.0
2901	7071169.0
2902	7239193.0
2903	7097653.0
2904	6800498.0
2905	6819393.0
2906	7105078.0
2907	6915399.0
2908	6866902.0
2909	6766113.0
2910	6793077.0
2911	6752272.0
2912	6793077.0
2913	6545198.0
2914	6645987.0
2915	6725952.0
2916	7166339.0
2917	7326010.0
2918	7299046.0
2919	7368985.0
2920	7202259.0
2921	7207358.0
2922	6852226.0
2923	7133488.0
2924	7163917.0
2925	7224089.0
2926	7193660.0
2927	7200490.0
2928	7375061.0
2929	7413088.0
2930	7386604.0
2931	7511638.0
2932	7473611.0
2933	6781706.0
2934	7021449.0
2935	6912595.0
2936	7180648.0
2937	7605595.0
2938	7991526.0
2939	7459788.0
2940	7508736.0
2941	7560686.0
2942	7587170.0
2943	7604264.0
2944	7587170.0
2945	7469707.0
2946	7207051.0
2947	7290409.0
2948	7555191.0
2949	7711379.0
2950	7679567.0
2951	7378679.0
2952	7383143.0
2953	7581482.0
2954	7707924.0
2955	7663213.0
2956	7709817.0
2957	7570654.0
2958	7968256.0
2959	8059966.0
2960	8244436.0
2961	8321865.0
2962	8340911.0
2963	8083823.0
2964	8161685.0
2965	8268608.0
2966	8055452.0
2967	7511363.0
2968	7510368.0
2969	7523899.0
2970	7260879.0
2971	7337096.0
2972	7390958.0
2973	7687667.0
2974	7510029.0
2975	7567724.0
2976	7460000.0
2977	7870162.0
2978	8282291.0
2979	8171916.0
2980	7865239.0
2981	7994231.0
2982	7847407.0
2983	7860652.0
2984	7768917.0
2985	7750696.0
2986	7736163.0
2987	7269057.0
2988	7692650.0
2989	7994877.0
2990	7729133.0
2991	7783588.0
2992	7288851.0
2993	7319404.0
2994	7089270.0
2995	7169376.0
2996	6654872.0
2997	6972308.0
2998	7168623.0
2999	7255382.0
3000	6948982.0
3001	6768570.0
3002	6817857.0
3003	6795289.0
3004	6723891.0
3005	6865923.0
3006	6811995.0
3007	6665502.0
3008	6645501.0
3009	6880941.0
3010	6939401.0
3011	6878748.0
3012	6610023.0
3013	7293446.0
3014	6883874.0
3015	6902274.0
3016	7403985.0
3017	7463439.0
3018	7495926.0
3019	7621881.0
3020	7541095.0
3021	6790610.0
3022	6713660.0
3023	6629070.0
3024	6539082.0
3025	6586062.0
3026	6601092.0
3027	6800888.0
3028	6986738.0
3029	7205258.0
3030	7289848.0
3031	7326056.0
3032	7391244.0
3033	7450698.0
3034	7515843.0
3035	7505016.0
3036	7605020.0
3037	7359852.0
3038	7477988.0
3039	7198676.0
3040	7202302.0
3041	7417062.0
3042	7025009.0
3043	6950129.0
3044	6556270.0
3045	6767847.0
3046	6950927.0
3047	6723868.0
3048	6820003.0
3049	6842023.0
3050	6749658.0
3051	6664650.0
3052	6831593.0
3053	6489456.0
3054	6600063.0
3055	6701229.0
3056	6804908.0
3057	6879788.0
3058	6854043.0
3059	6830293.0
3060	6759463.0
3061	6619621.0
3062	6426272.0
