1	8008776.0
2	8066678.0
3	7884957.0
4	7892481.0
5	7928261.0
6	7619180.0
7	7596741.0
8	7612768.0
9	7533956.0
10	7551140.0
11	7576802.0
12	7197064.0
13	7247854.0
14	7256944.0
15	6852960.0
16	6883168.0
17	6890743.0
18	6916149.0
19	6924249.0
20	6969832.0
21	6934326.0
22	6951591.0
23	6993749.0
24	7010651.0
25	7039161.0
26	7039161.0
27	7039161.0
28	7034450.0
29	6974474.0
30	7047823.0
31	7051401.0
32	6999754.0
33	6480380.0
34	6687682.0
35	6779368.0
36	7010506.0
37	7014010.0
38	7140010.0
39	6871594.0
40	6934861.0
41	6956110.0
42	6949859.0
43	6616165.0
44	6659005.0
45	6809264.0
46	6741722.0
47	6099594.0
48	6233769.0
49	6232479.0
50	6439959.0
51	6454739.0
52	6410114.0
53	6370528.0
54	6425149.0
55	6190006.0
56	6291319.0
57	6685421.0
58	6525893.0
59	6392718.0
60	6338097.0
61	6478677.0
62	6508634.0
63	6323059.0
64	6338839.0
65	6445207.0
66	6386925.0
67	6057961.0
68	6260667.0
69	6421257.0
70	6479539.0
71	6491299.0
72	6814959.0
73	6826311.0
74	7269765.0
75	7299668.0
76	7187442.0
77	6988156.0
78	7007787.0
79	7040274.0
80	7258411.0
81	6905398.0
82	6778129.0
83	6830113.0
84	6891247.0
85	6899903.0
86	7031297.0
87	7044185.0
88	7094814.0
89	7110618.0
90	6626053.0
91	6638087.0
92	6670042.0
93	6674402.0
94	6684472.0
95	6914132.0
96	6914203.0
97	6916075.0
98	6755674.0
99	6833179.0
100	6871559.0
101	6620924.0
102	6657678.0
103	6663320.0
104	6658228.0
105	6720085.0
106	6720773.0
107	6733883.0
108	6693933.0
109	6678634.0
110	6224914.0
111	6306688.0
112	5894997.0
113	6260043.0
114	6262434.0
115	6264614.0
116	6350604.0
117	6695666.0
118	7044446.0
119	6940565.0
120	7309363.0
121	7317955.0
122	7653999.0
123	7653792.0
124	7934046.0
125	7500661.0
126	7064851.0
127	7168009.0
128	7103135.0
129	6700945.0
130	6903726.0
131	6983409.0
132	6999701.0
133	7382632.0
134	7810545.0
135	7388267.0
136	7404992.0
137	7540961.0
138	7562816.0
139	7602786.0
140	7559860.0
141	7678212.0
142	7864690.0
143	7963246.0
144	7806044.0
145	7898554.0
146	7940742.0
147	8017731.0
148	7757821.0
149	7884337.0
150	7476162.0
151	6994147.0
152	7183717.0
153	7325242.0
154	7446410.0
155	7561999.0
156	7469663.0
157	7561535.0
158	7910844.0
159	7895457.0
160	7910844.0
161	8350634.0
162	8350991.0
163	8351098.0
164	8390893.0
165	8508986.0
166	8437310.0
167	8430002.0
168	7983882.0
169	8147809.0
170	7741164.0
171	7821647.0
172	7719522.0
173	7769706.0
174	7836992.0
175	7642183.0
176	7650875.0
177	7556376.0
178	7969392.0
179	7931535.0
180	7839199.0
181	7923811.0
182	7889884.0
183	8132041.0
184	8188649.0
185	8328503.0
186	8114618.0
187	7703791.0
188	7645711.0
189	7815579.0
190	7815919.0
191	7898170.0
192	7662318.0
193	7699177.0
194	7699852.0
195	7528550.0
196	7612730.0
197	6887292.0
198	6859716.0
199	7126742.0
200	7305181.0
201	7408626.0
202	7257951.0
203	7373619.0
204	7380175.0
205	7668771.0
206	7699200.0
207	7669189.0
208	7694064.0
209	7837772.0
210	7902231.0
211	7928349.0
212	7977043.0
213	8011961.0
214	7708242.0
215	7606902.0
216	7650330.0
217	7606902.0
218	7435324.0
219	7449258.0
220	7517575.0
221	7205959.0
222	7178105.0
223	6692491.0
224	6525579.0
225	6461897.0
226	6268830.0
227	6555863.0
228	6567622.0
229	6544737.0
230	6422524.0
231	6502759.0
232	6664198.0
233	6733007.0
234	6356848.0
235	6573970.0
236	6646043.0
237	6584942.0
238	6586690.0
239	6996133.0
240	7480729.0
241	7190388.0
242	7465916.0
243	7467906.0
244	7238754.0
245	7836771.0
246	8044820.0
247	8622716.0
248	7999567.0
249	7760773.0
250	7540549.0
251	7748713.0
252	7536846.0
253	7637502.0
254	7294534.0
255	7447558.0
256	7585126.0
257	7484470.0
258	7136265.0
259	6864667.0
260	6965323.0
261	6993673.0
262	7270826.0
263	7431206.0
264	7399253.0
265	7480880.0
266	7097114.0
267	7218314.0
268	7093905.0
269	6823480.0
270	7088131.0
271	6885868.0
272	6908753.0
273	6758965.0
274	6812716.0
275	7025421.0
276	7640481.0
277	7701109.0
278	7801792.0
279	7156385.0
280	7027865.0
281	6736681.0
282	6676384.0
283	6658177.0
284	6644413.0
285	6718527.0
286	6604661.0
287	6444281.0
288	6329561.0
289	6328436.0
290	6164337.0
291	6783783.0
292	6856439.0
293	6812417.0
294	6814533.0
295	7217261.0
296	7273666.0
297	7245619.0
298	7358996.0
299	6929906.0
300	6714456.0
301	6685250.0
302	6526249.0
303	6446046.0
304	6581185.0
305	6685859.0
306	6474770.0
307	6581033.0
308	6720908.0
309	6799648.0
310	6889083.0
311	6979118.0
312	6991970.0
313	6994898.0
314	6977534.0
315	7116938.0
316	7166342.0
317	6826495.0
318	6846130.0
319	6866984.0
320	6935838.0
321	6857098.0
322	7152019.0
323	7028440.0
324	6873745.0
325	6719107.0
326	6869686.0
327	7178534.0
328	7040671.0
329	7093110.0
330	7093110.0
331	7043706.0
332	7117738.0
333	7522955.0
334	7627015.0
335	7687982.0
336	7308875.0
337	7782746.0
338	7390996.0
339	7165792.0
340	6970971.0
341	7160487.0
342	7227015.0
343	7312232.0
344	7470670.0
345	7275026.0
346	7342094.0
347	7277229.0
348	7416618.0
349	7303041.0
350	7255982.0
351	7091246.0
352	7182188.0
353	7258490.0
354	7362027.0
355	7518595.0
356	7909217.0
357	7913395.0
358	7982846.0
359	8161430.0
360	8081294.0
361	7986344.0
362	8103422.0
363	7847180.0
364	7602281.0
365	7773501.0
366	7198247.0
367	7019663.0
368	7011066.0
369	7154495.0
370	7333079.0
371	7226813.0
372	6974157.0
373	7267404.0
374	7136028.0
375	7528456.0
376	7654664.0
377	7935184.0
378	8072932.0
379	7981947.0
380	7720033.0
381	7829549.0
382	8063783.0
383	7578809.0
384	7556059.0
385	7737082.0
386	7920142.0
387	7969750.0
388	8014840.0
389	8080454.0
390	8176813.0
391	7962638.0
392	8245250.0
393	8261659.0
394	8048551.0
395	8152673.0
396	8132840.0
397	8231362.0
398	8196882.0
399	8239003.0
400	7896007.0
401	7919777.0
402	8206494.0
403	8321448.0
404	8307335.0
405	8147842.0
406	8486752.0
407	8499573.0
408	8803424.0
409	9036565.0
410	8919114.0
411	8622169.0
412	8658825.0
413	8720565.0
414	8740389.0
415	8756959.0
416	8630401.0
417	8438602.0
418	8369068.0
419	8070804.0
420	8010238.0
421	7921774.0
422	8011035.0
423	8038505.0
424	8094827.0
425	8129132.0
426	8141516.0
427	9081895.0
428	9076704.0
429	9065568.0
430	8690864.0
431	8359067.0
432	7862981.0
433	7560027.0
434	8008381.0
435	7879721.0
436	8208918.0
437	8237393.0
438	8007150.0
439	8004618.0
440	8445521.0
441	7931297.0
442	7378077.0
443	7289418.0
444	7153783.0
445	6997834.0
446	7139847.0
447	7206663.0
448	7368057.0
449	7596186.0
450	7571700.0
451	7617779.0
452	7571700.0
453	7357460.0
454	7488357.0
455	7634128.0
456	7395988.0
457	7673988.0
458	7985467.0
459	8501673.0
460	8321025.0
461	8397633.0
462	8399453.0
463	8385541.0
464	8473525.0
465	7773745.0
466	7798130.0
467	8366172.0
468	7710094.0
469	8100941.0
470	8250639.0
471	8595780.0
472	8077877.0
473	7731163.0
474	7368383.0
475	7486048.0
476	7602287.0
477	7477675.0
478	7707258.0
479	7809525.0
480	7680465.0
481	7543102.0
482	7372014.0
483	7411476.0
484	6855066.0
485	6973221.0
486	6755962.0
487	6600858.0
488	6646646.0
489	6863076.0
490	6785482.0
491	7013170.0
492	7355785.0
493	7377758.0
494	7470906.0
495	8306790.0
496	8227282.0
497	8246146.0
498	8346381.0
499	8176617.0
500	8588290.0
501	8646328.0
502	8606083.0
503	8601883.0
504	8946352.0
505	8919422.0
506	9119186.0
507	9180070.0
508	9194854.0
509	9418182.0
510	9282358.0
511	9365230.0
512	9155155.0
513	8390194.0
514	8718365.0
515	8487143.0
516	8342302.0
517	8496352.0
518	8533926.0
519	8477814.0
520	8396423.0
521	8433887.0
522	7900072.0
523	8133698.0
524	7898374.0
525	8468015.0
526	8775532.0
527	8924583.0
528	9159128.0
529	9109451.0
530	9088323.0
531	8486257.0
532	8517050.0
533	8084822.0
534	8043306.0
535	8589652.0
536	8215423.0
537	8233988.0
538	8005934.0
539	8013653.0
540	8035695.0
541	8165193.0
542	8274591.0
543	8197429.0
544	8024678.0
545	8484188.0
546	8409654.0
547	8401765.0
548	8252766.0
549	7864821.0
550	7935068.0
551	7974380.0
552	7899971.0
553	7905116.0
554	8032216.0
555	7688737.0
556	7615532.0
557	7997799.0
558	8237684.0
559	8441942.0
560	8515358.0
561	8530450.0
562	7766858.0
563	7860560.0
564	7360620.0
565	7233520.0
566	6907359.0
567	6841124.0
568	7084302.0
569	7182858.0
570	6790705.0
571	6977947.0
572	7029131.0
573	7229699.0
574	7203038.0
575	7309503.0
576	7296812.0
577	7310192.0
578	7431113.0
579	7613758.0
580	7456831.0
581	7406533.0
582	7053875.0
583	7499755.0
584	7509011.0
585	7694543.0
586	7895832.0
587	7956849.0
588	8160824.0
589	8175948.0
590	7874874.0
591	8038287.0
592	7654315.0
593	7500265.0
594	7314159.0
595	7220755.0
596	7328835.0
597	7482885.0
598	7186219.0
599	7026692.0
600	6926037.0
601	7314644.0
602	7333238.0
603	7483370.0
604	7608873.0
605	7590279.0
606	7486699.0
607	7716619.0
608	7406776.0
609	7263191.0
610	7212844.0
611	7326568.0
612	7392217.0
613	7474391.0
614	6949033.0
615	6631657.0
616	6882913.0
617	6728863.0
618	6789691.0
619	6583066.0
620	6547788.0
621	6071212.0
622	6225262.0
623	6114817.0
624	5907722.0
625	6044567.0
626	6200518.0
627	6305050.0
628	6376129.0
629	6370284.0
630	6392784.0
631	6594392.0
632	6628442.0
633	6660929.0
634	6461596.0
635	6408519.0
636	6428253.0
637	6552183.0
638	6706229.0
639	6683729.0
640	7013311.0
641	6955494.0
642	6955882.0
643	7150030.0
644	6683235.0
645	6549507.0
646	6565103.0
647	6385521.0
648	6437915.0
649	6690484.0
650	6908190.0
651	6812203.0
652	6792899.0
653	6696410.0
654	7262185.0
655	7264243.0
656	7428001.0
657	7701029.0
658	7762265.0
659	7762903.0
660	7909503.0
661	7911237.0
662	7943250.0
663	8074524.0
664	8036940.0
665	8093359.0
666	8000573.0
667	8366725.0
668	8305489.0
669	8202805.0
670	8342976.0
671	8333574.0
672	8354644.0
673	8278425.0
674	8338722.0
675	8362331.0
676	8218466.0
677	8216520.0
678	7804590.0
679	7671994.0
680	7542609.0
681	7894509.0
682	7954539.0
683	7980900.0
684	8002932.0
685	8119749.0
686	8133807.0
687	7963059.0
