1	7.042393
2	7.095691
3	7.108649
4	7.022645
5	6.9813
6	6.983442
7	6.988755
8	6.988755
9	6.988755
10	6.995575
11	6.897527
12	6.920393
13	6.994013
14	7.043901
15	7.057813
16	7.147848
17	7.138431
18	7.204511
19	7.204511
20	7.379328
21	7.379328
22	7.379328
23	7.501075
24	7.327469
25	7.357501
26	7.367446
27	7.368736
28	7.368736
29	7.368736
30	7.490949
31	7.587177
32	7.211405
33	7.42068
34	7.44648
35	7.382791
36	7.418809
37	7.418809
38	7.418809
39	7.368787
40	7.477867
41	7.477867
42	7.486339
43	7.486339
44	7.467529
45	7.638985
46	7.647912
47	7.647912
48	7.730486
49	7.705859
50	7.705859
51	7.705859
52	7.76362
53	7.619695
54	7.654663
55	7.659767
56	7.659767
57	7.659767
58	7.698266
59	7.858245
60	7.855571
61	7.855571
62	7.95561
63	7.90921
64	7.98889
65	7.961466
66	8.032839
67	8.032839
68	7.747239
69	7.774716
70	7.817764
71	7.761042
72	7.868793
73	7.750394
74	7.750394
75	7.723637
76	7.732814
77	7.617077
78	7.617077
79	7.629232
80	7.67978
81	7.67978
82	7.664694
83	7.786464
84	7.786464
85	7.786464
86	7.790716
87	7.794368
88	7.749536
89	7.749536
90	7.811456
91	7.955381
92	7.955381
93	8.016977
94	8.031695
95	8.053575
96	8.062295
97	8.090829
98	8.090829
99	8.118258
100	8.178858
101	8.268393
102	8.272873
103	8.319831
104	8.738793
105	8.738793
106	8.850098
107	8.850098
108	8.850098
109	8.850098
110	8.842234
111	8.842234
112	8.857002
113	8.857002
114	8.875083
115	8.771835
116	8.774922
117	8.774922
118	8.771385
119	8.771385
120	8.773597
121	8.735965
122	8.735965
123	8.738975
124	8.738975
125	8.744591
126	8.870943
127	8.9791
128	8.9791
129	9.08156
130	9.08156
131	9.08156
132	9.039766
133	9.039766
134	9.076598
135	8.957156
136	9.030018
137	9.030018
138	9.030018
139	8.94894
140	8.94894
141	8.94894
142	8.94894
143	8.992458
144	8.912086
145	8.772307
146	8.765251
147	8.765251
148	8.765251
149	8.799698
150	8.80933
151	8.854024
152	8.735611
153	8.707077
154	8.736647
155	8.833523
156	8.839109
157	8.839109
158	8.839109
159	8.839109
160	8.867643
161	8.858011
162	8.922822
163	8.897537
164	8.935993
165	8.935993
166	8.935993
167	9.05494
168	9.072334
169	9.077812
170	9.08054
171	9.075569
172	8.810659
173	8.809068
174	8.809068
175	8.809068
176	8.809068
177	8.783715
178	8.737683
179	8.666901
180	8.630285
181	8.653535
182	8.653535
183	8.740543
184	8.740543
185	8.473684
186	8.473684
187	8.539764
188	8.575982
189	8.610976
190	8.648104
191	8.800658
192	8.800658
193	8.800658
194	8.800658
195	8.800658
196	8.800658
197	8.98696
198	8.98696
199	9.169603
200	9.169603
201	9.179779
202	9.203467
203	9.161985
204	9.180822
205	9.180822
206	9.211567
207	9.278023
208	9.278023
209	9.109936
210	9.082692
211	9.0937
212	9.0937
213	8.819968
214	8.819968
215	8.750089
216	8.753239
217	8.753239
218	8.928688
219	8.928688
220	8.928688
221	8.928688
222	8.928688
223	8.928688
224	8.925538
225	8.925538
226	8.925538
227	8.925538
228	9.061693
229	9.061693
230	9.069863
231	9.069863
232	8.975197
233	8.975197
234	8.975197
235	8.975197
236	8.89516
237	9.062237
238	9.062237
239	9.080246
240	9.080246
241	9.305135
242	9.319969
243	9.319969
244	9.30963
245	9.30963
246	9.424233
247	9.424233
248	9.424233
249	9.424233
250	9.355339
251	9.355339
252	9.355339
253	9.281908
254	9.281908
255	9.281908
256	9.447874
257	9.502997
258	9.474341
259	9.481031
260	9.481031
261	9.481031
262	9.552271
263	9.637893
264	9.732989
265	9.732989
266	9.704389
267	9.704389
268	9.771016
269	9.771016
270	9.771016
271	9.771016
272	9.771016
273	9.771016
274	9.771016
275	9.786336
276	9.786336
277	9.786336
278	9.869094
279	9.869094
280	9.869094
281	9.869094
282	9.869094
283	9.869094
284	9.869094
285	9.847801
286	9.832481
287	9.694574
288	9.694574
289	9.694574
290	9.694574
291	9.666971
292	9.666971
293	9.602097
294	9.602097
295	9.587627
296	9.587627
297	9.587627
298	9.587627
299	9.587627
300	9.587627
301	9.587627
302	9.587627
303	9.587627
304	9.602947
305	9.63055
306	9.63055
307	9.63055
308	9.63055
309	9.63055
310	9.63055
311	9.662333
312	9.697567
313	9.697567
314	9.697567
315	9.697567
316	9.682247
317	9.682247
318	9.682247
319	9.689411
320	9.635258
321	9.635258
322	9.693912
323	9.635258
324	9.635299
325	9.53162
326	9.53162
327	9.53162
328	9.632513
329	9.632513
330	9.632513
331	9.632513
332	9.632513
333	9.625349
334	9.625349
335	9.625349
336	9.625349
337	9.625349
338	9.625349
339	9.67057
340	9.45129
341	9.4113
342	9.4113
343	9.383587
344	9.527277
345	9.527277
346	9.522788
347	9.522788
348	9.522788
349	9.522788
350	9.640786
351	9.640786
352	9.640786
353	9.640786
354	9.62208
355	9.68459
356	9.68459
357	9.68459
358	9.68459
359	9.648444
360	9.648444
361	9.648444
362	9.648444
363	9.648444
364	9.654553
365	9.654553
366	9.729504
367	9.788809
368	9.788809
369	9.788809
370	9.788809
371	9.788809
372	9.788809
373	9.788809
374	9.788809
375	9.788809
376	9.788809
377	9.803129
378	9.803129
379	9.803129
380	9.803129
381	9.803129
382	9.803129
383	9.803129
384	9.721388
385	9.721388
386	9.721388
387	9.721388
388	9.721388
389	9.721388
390	9.721388
391	9.721388
392	9.721388
393	9.721388
394	9.721388
395	9.721388
396	9.721388
397	9.721388
398	9.721388
399	9.721388
400	9.721388
401	9.917108
402	9.917108
403	9.917108
404	9.917108
405	9.917108
406	9.917108
407	9.948351
408	9.948351
409	9.948351
410	9.948351
411	10.029097
412	10.029097
413	9.997058
414	9.997058
415	10.066298
416	10.066298
417	10.066298
418	10.066298
419	10.110277
420	10.110277
421	10.110277
422	10.110277
423	10.110277
424	10.110277
425	10.110277
426	10.110277
427	10.110277
428	10.110277
429	10.110277
430	10.110277
431	10.110277
432	10.110277
433	10.110277
434	10.110277
435	10.110277
436	10.110277
437	10.110277
438	10.110277
439	10.110277
440	10.110277
441	10.110277
442	10.110277
443	10.110277
444	10.110277
445	10.110277
446	10.110277
447	10.110277
448	10.110277
449	10.110277
450	10.110277
451	10.110277
452	10.110277
453	10.138883
454	10.138883
455	10.138883
456	10.138883
457	10.138883
458	10.138883
459	10.138883
460	10.138883
461	10.138883
462	10.138883
463	10.138883
464	10.138883
465	10.138883
466	10.138883
467	10.147241
468	10.147241
469	10.147241
470	10.147241
471	10.147241
472	10.147241
473	10.147241
474	10.147241
475	10.147241
476	10.147241
477	10.21095
478	10.21095
479	10.21095
480	10.21095
481	10.21095
482	10.21095
483	10.21095
484	10.21095
485	10.21095
486	10.21095
487	10.21095
488	10.21095
489	10.21095
490	10.21095
491	10.257516
492	10.257516
493	10.257516
494	10.257516
495	10.257516
496	10.257516
497	10.257516
498	10.257516
499	10.257516
500	10.257516
501	10.257516
502	10.257516
503	10.257516
504	10.257516
505	10.257516
506	10.257516
507	10.257516
508	10.214876
509	10.214876
510	10.214876
511	10.177762
512	10.177762
513	10.322734
514	10.322734
515	10.322734
516	10.322734
517	10.322734
518	10.322734
519	10.322734
520	10.322734
521	10.322734
522	10.322734
523	10.322734
524	10.322734
525	10.322734
526	10.322734
527	10.322734
528	10.322734
529	10.322734
530	10.322734
531	10.322734
532	10.322734
533	10.322734
534	10.322734
535	10.322734
536	10.322734
537	10.322734
538	10.322734
539	10.322734
540	10.322734
541	10.322734
542	10.322734
543	10.322734
544	10.322734
545	10.322734
546	10.322734
547	10.301043
548	10.301043
549	10.301043
550	10.301043
551	10.301043
552	10.300645
553	10.300645
554	10.282735
555	10.282735
556	10.251096
557	10.251096
558	10.251096
559	10.251096
560	10.251096
561	10.251096
562	10.251096
563	10.251096
564	10.251096
565	10.251096
566	10.350994
567	10.350994
568	10.350994
569	10.350994
570	10.350994
571	10.350994
572	10.350994
573	10.350994
574	10.350994
575	10.350994
576	10.350994
577	10.350994
578	10.350994
579	10.350994
580	10.350994
581	10.350994
582	10.350994
583	10.350994
584	10.350994
585	10.350994
586	10.350994
587	10.350994
588	10.350994
589	10.350994
590	10.284563
591	10.284563
592	10.284563
593	10.284563
594	10.284563
595	10.284563
596	10.284563
597	10.284563
598	10.284563
599	10.368529
600	10.368529
601	10.368529
602	10.368529
603	10.368529
604	10.368529
605	10.368529
606	10.368529
607	10.368529
608	10.368529
609	10.368529
610	10.368529
611	10.368529
612	10.368529
613	10.368529
614	10.368529
615	10.368529
616	10.372585
617	10.372585
618	10.372585
619	10.372585
620	10.403828
621	10.403828
622	10.403828
623	10.403828
624	10.412186
625	10.412186
626	10.412186
627	10.412186
628	10.412186
629	10.412186
630	10.412186
631	10.412186
632	10.412186
633	10.49298
634	10.49298
635	10.49298
636	10.49298
637	10.49298
638	10.49298
639	10.49298
640	10.49298
641	10.49298
642	10.49298
643	10.49298
644	10.49298
645	10.49298
646	10.49298
647	10.49298
648	10.49298
649	10.49298
650	10.505913
651	10.505913
652	10.505913
653	10.505913
654	10.505913
655	10.505913
656	10.505913
657	10.505913
658	10.505913
659	10.505913
660	10.518848
661	10.518848
662	10.525813
663	10.525813
664	10.525813
665	10.525813
666	10.525813
667	10.525813
668	10.525813
669	10.525813
670	10.525813
671	10.525813
672	10.525813
673	10.525813
674	10.525813
675	10.525813
676	10.525813
677	10.525813
678	10.540303
679	10.540303
680	10.540303
681	10.540303
682	10.540303
683	10.540303
684	10.525813
685	10.525813
686	10.525813
687	10.525813
688	10.525813
689	10.525813
690	10.525813
691	10.525813
692	10.525813
693	10.525813
694	10.525813
695	10.525813
696	10.525813
697	10.525813
698	10.525813
699	10.525813
700	10.525813
701	10.525813
702	10.525813
703	10.525813
704	10.525813
705	10.525813
706	10.525813
707	10.525813
708	10.525813
709	10.525813
710	10.525813
711	10.525813
712	10.525813
713	10.525813
714	10.525813
715	10.525813
716	10.525813
717	10.525813
718	10.525813
719	10.525813
720	10.525813
721	10.525813
722	10.525813
723	10.525813
724	10.525813
725	10.525813
726	10.525813
727	10.549373
728	10.549373
729	10.549373
730	10.549373
731	10.549373
732	10.549373
733	10.549373
734	10.549373
735	10.549373
736	10.549373
737	10.549373
738	10.545317
739	10.545317
740	10.545317
741	10.545317
742	10.545317
743	10.545317
744	10.545317
745	10.545317
746	10.545317
747	10.545317
748	10.545317
749	10.545317
750	10.545317
751	10.538352
752	10.538352
753	10.538352
754	10.538352
755	10.538352
756	10.545317
757	10.545317
758	10.545317
759	10.545317
760	10.545317
761	10.545317
762	10.545317
763	10.545317
764	10.545317
765	10.545317
766	10.545317
767	10.545317
768	10.545317
769	10.545317
770	10.545317
771	10.545317
772	10.545317
773	10.545317
774	10.545317
775	10.545317
776	10.545317
777	10.545317
778	10.545317
779	10.545317
780	10.545317
781	10.545317
782	10.545317
783	10.545317
784	10.545317
785	10.545317
786	10.545317
787	10.545317
788	10.545317
789	10.545317
790	10.545317
791	10.545317
792	10.545317
793	10.545317
794	10.545317
795	10.545317
796	10.525419
797	10.525419
798	10.525419
799	10.525419
800	10.525419
801	10.550493
802	10.550493
803	10.550493
804	10.550493
805	10.593198
806	10.593198
807	10.593198
808	10.617476
809	10.617476
810	10.617476
811	10.631966
812	10.631966
813	10.631966
814	10.631966
815	10.631966
816	10.631966
817	10.631966
818	10.631966
819	10.631966
820	10.631966
821	10.631966
822	10.631966
823	10.631966
824	10.631966
825	10.631966
826	10.631966
827	10.631966
828	10.631966
829	10.631966
830	10.631966
831	10.631966
832	10.631966
833	10.631966
834	10.631966
835	10.631966
836	10.631966
837	10.631966
838	10.631966
839	10.631966
840	10.631966
841	10.631966
842	10.631966
843	10.631966
844	10.631966
845	10.631966
846	10.631966
847	10.631966
848	10.631966
849	10.631966
850	10.631966
851	10.631966
852	10.631966
853	10.631966
854	10.631966
855	10.631966
856	10.631966
857	10.631966
858	10.631966
859	10.631966
860	10.631966
861	10.631966
862	10.631966
863	10.631966
864	10.631966
865	10.631966
866	10.631966
867	10.631966
868	10.631966
869	10.631966
870	10.631966
871	10.631966
872	10.631966
873	10.631966
874	10.631966
875	10.631966
876	10.631966
877	10.631966
878	10.631966
879	10.631966
880	10.631966
881	10.631966
882	10.631966
883	10.631966
884	10.631966
885	10.631966
886	10.631966
887	10.631966
888	10.631966
889	10.645933
890	10.645933
891	10.645933
892	10.645933
893	10.645933
894	10.645933
895	10.645933
896	10.645933
897	10.645933
898	10.645933
899	10.645933
900	10.645933
901	10.645933
902	10.645933
903	10.645933
904	10.645933
905	10.645933
906	10.645933
907	10.645933
908	10.645933
909	10.645933
910	10.645933
911	10.645933
912	10.645933
913	10.645933
914	10.645933
915	10.645933
916	10.645933
917	10.645933
918	10.645933
919	10.645933
920	10.645933
921	10.645933
922	10.645933
923	10.645933
924	10.645933
925	10.645933
926	10.645933
927	10.658866
928	10.658866
929	10.658866
930	10.658866
931	10.658866
932	10.658866
933	10.658866
934	10.658866
935	10.658866
936	10.658866
937	10.658866
938	10.658866
939	10.658866
940	10.658866
941	10.658866
942	10.658866
943	10.658866
944	10.658866
945	10.658866
946	10.658866
947	10.658866
948	10.658866
949	10.658866
950	10.658866
951	10.658866
952	10.658866
953	10.658866
954	10.658866
955	10.658866
956	10.658866
957	10.658866
958	10.658866
959	10.658866
960	10.658866
961	10.658866
962	10.658866
963	10.658866
964	10.658866
965	10.658866
966	10.658866
967	10.658866
968	10.658866
969	10.658866
970	10.658866
971	10.658866
972	10.658866
973	10.658866
974	10.658866
975	10.658866
976	10.658866
977	10.658866
978	10.658866
979	10.658866
980	10.658866
981	10.658866
982	10.658866
983	10.658866
984	10.658866
985	10.658866
986	10.658866
987	10.658866
988	10.658866
989	10.658866
990	10.658866
991	10.658866
992	10.658866
993	10.658866
994	10.658866
995	10.658866
996	10.658866
997	10.658866
998	10.658866
999	10.658866
1000	10.658866
1001	10.658866
1002	10.658866
1003	10.658866
1004	10.658866
1005	10.658866
1006	10.658866
1007	10.658866
1008	10.658866
1009	10.658866
1010	10.658866
1011	10.658866
1012	10.658866
1013	10.658866
1014	10.658866
1015	10.658866
1016	10.658866
1017	10.658866
1018	10.658866
1019	10.658866
1020	10.658866
1021	10.658866
1022	10.658866
1023	10.658866
1024	10.658866
1025	10.658866
1026	10.658866
1027	10.658866
1028	10.658866
1029	10.658866
1030	10.658866
1031	10.658866
1032	10.658866
1033	10.658866
1034	10.658866
1035	10.658866
1036	10.658866
1037	10.658866
1038	10.658866
1039	10.658866
1040	10.658866
1041	10.658866
1042	10.658866
1043	10.658866
1044	10.658866
1045	10.658866
1046	10.658866
1047	10.658866
1048	10.658866
1049	10.658866
1050	10.658866
1051	10.658866
1052	10.658866
1053	10.658866
1054	10.658866
1055	10.658866
1056	10.658866
1057	10.658866
1058	10.658866
1059	10.658866
1060	10.658866
1061	10.658866
1062	10.658866
1063	10.658866
1064	10.658866
1065	10.658866
1066	10.658866
1067	10.658866
1068	10.658866
1069	10.658866
1070	10.658866
1071	10.658866
1072	10.658866
1073	10.658866
1074	10.658866
1075	10.658866
1076	10.658866
1077	10.658866
1078	10.658866
1079	10.658866
1080	10.658866
1081	10.658866
1082	10.658866
1083	10.658866
1084	10.658866
1085	10.658866
1086	10.658866
1087	10.658866
1088	10.658866
1089	10.658866
1090	10.658866
1091	10.658866
1092	10.658866
1093	10.658866
1094	10.658866
1095	10.658866
1096	10.658866
1097	10.658866
1098	10.658866
1099	10.658866
1100	10.658866
1101	10.658866
1102	10.658866
1103	10.658866
1104	10.658866
1105	10.658866
1106	10.658866
1107	10.658866
1108	10.658866
1109	10.658866
1110	10.658866
1111	10.658866
1112	10.658866
1113	10.658866
1114	10.658866
1115	10.658866
1116	10.658866
1117	10.658866
1118	10.658866
1119	10.658866
1120	10.658866
1121	10.658866
1122	10.658866
1123	10.658866
1124	10.658866
1125	10.658866
1126	10.658866
1127	10.658866
1128	10.658866
1129	10.658866
1130	10.658866
1131	10.658866
1132	10.658866
1133	10.658866
1134	10.658866
1135	10.658866
1136	10.658866
1137	10.658866
1138	10.658866
1139	10.658866
1140	10.658866
1141	10.658866
1142	10.658866
1143	10.658866
1144	10.658866
1145	10.658866
1146	10.658866
1147	10.658866
1148	10.658866
1149	10.658866
1150	10.658866
1151	10.658866
1152	10.658866
1153	10.658866
1154	10.658866
1155	10.658866
1156	10.658866
1157	10.658866
1158	10.658866
1159	10.658866
1160	10.658866
1161	10.658866
1162	10.658866
1163	10.658866
1164	10.658866
1165	10.658866
1166	10.658866
1167	10.658866
1168	10.658866
1169	10.658866
1170	10.658866
1171	10.658866
1172	10.658866
1173	10.658866
1174	10.658866
1175	10.658866
1176	10.658866
1177	10.658866
1178	10.658866
1179	10.658866
1180	10.658866
1181	10.658866
1182	10.658866
1183	10.658866
1184	10.658866
1185	10.658866
1186	10.658866
1187	10.658866
1188	10.658866
1189	10.658866
1190	10.658866
1191	10.658866
1192	10.658866
1193	10.658866
1194	10.658866
1195	10.658866
1196	10.658866
1197	10.658866
1198	10.658866
1199	10.658866
1200	10.658866
1201	10.658866
1202	10.658866
1203	10.658866
1204	10.658866
1205	10.658866
1206	10.658866
1207	10.658866
1208	10.658866
1209	10.658866
1210	10.658866
1211	10.658866
1212	10.658866
1213	10.658866
1214	10.658866
1215	10.658866
1216	10.658866
1217	10.658866
1218	10.658866
1219	10.658866
1220	10.658866
1221	10.658866
1222	10.658866
1223	10.658866
1224	10.658866
1225	10.658866
1226	10.658866
1227	10.658866
1228	10.658866
1229	10.658866
1230	10.658866
1231	10.658866
1232	10.658866
1233	10.658866
1234	10.658866
1235	10.658866
1236	10.658866
1237	10.752794
1238	10.752794
1239	10.752794
1240	10.752794
1241	10.752794
1242	10.752794
1243	10.752794
1244	10.752794
1245	10.752794
1246	10.752794
1247	10.752794
1248	10.752794
1249	10.752794
1250	10.752794
1251	10.752794
1252	10.752794
1253	10.752794
1254	10.752794
1255	10.752794
1256	10.752794
1257	10.752794
1258	10.752794
1259	10.752794
1260	10.752794
1261	10.752794
1262	10.752794
1263	10.752794
1264	10.752794
1265	10.752794
1266	10.752794
1267	10.752794
1268	10.752794
1269	10.752794
1270	10.752794
1271	10.752794
1272	10.752794
1273	10.752794
1274	10.752794
1275	10.752794
1276	10.752794
1277	10.752794
1278	10.752794
1279	10.752794
1280	10.752794
1281	10.752794
1282	10.752794
1283	10.752794
1284	10.752794
1285	10.752794
1286	10.752794
1287	10.752794
1288	10.752794
1289	10.752794
1290	10.752794
1291	10.752794
1292	10.752794
1293	10.752794
1294	10.752794
1295	10.752794
1296	10.752794
1297	10.752794
1298	10.752794
1299	10.752794
1300	10.752794
1301	10.752794
1302	10.752794
1303	10.752794
1304	10.752794
1305	10.752794
1306	10.752794
1307	10.752794
1308	10.752794
1309	10.752794
1310	10.752794
1311	10.752794
1312	10.752794
1313	10.752794
1314	10.752794
1315	10.752794
1316	10.75757
1317	10.75757
1318	10.75757
1319	10.75757
1320	10.75757
1321	10.75757
1322	10.75757
1323	10.756774
1324	10.756774
1325	10.756774
1326	10.756774
1327	10.756774
1328	10.756774
1329	10.756774
1330	10.76083
1331	10.76083
1332	10.76083
1333	10.76083
1334	10.76083
1335	10.76083
1336	10.76083
1337	10.76083
1338	10.76083
1339	10.76083
1340	10.76083
1341	10.76083
1342	10.76083
1343	10.76083
1344	10.76083
1345	10.76083
1346	10.76083
1347	10.76083
1348	10.76083
1349	10.76083
1350	10.76083
1351	10.76083
1352	10.76083
1353	10.76083
1354	10.76083
1355	10.76083
1356	10.76083
1357	10.76083
1358	10.76083
1359	10.76083
1360	10.76083
1361	10.76083
1362	10.76083
1363	10.76083
1364	10.76083
1365	10.76083
1366	10.76083
1367	10.76083
1368	10.76083
1369	10.76083
1370	10.76083
1371	10.76083
1372	10.76083
1373	10.76083
1374	10.76083
1375	10.76083
1376	10.76083
1377	10.76083
1378	10.76083
1379	10.76083
1380	10.76083
1381	10.76083
1382	10.76083
1383	10.76083
1384	10.767795
1385	10.767795
1386	10.767795
1387	10.767795
1388	10.767795
1389	10.767795
1390	10.767795
1391	10.767795
1392	10.767795
1393	10.767795
1394	10.767795
1395	10.767795
1396	10.767795
1397	10.767795
1398	10.767795
1399	10.767795
1400	10.767795
1401	10.767795
1402	10.767795
1403	10.767795
1404	10.767795
1405	10.767795
1406	10.767795
1407	10.767795
1408	10.767795
1409	10.767795
1410	10.767795
1411	10.767795
1412	10.767795
1413	10.767795
1414	10.767795
1415	10.767795
1416	10.767795
1417	10.767795
1418	10.767795
1419	10.767795
1420	10.767795
1421	10.767795
1422	10.767795
1423	10.767795
1424	10.767795
1425	10.767795
1426	10.767795
1427	10.767795
1428	10.767795
1429	10.767795
1430	10.767795
1431	10.767795
1432	10.767795
1433	10.767795
1434	10.767795
1435	10.767795
1436	10.767795
1437	10.767795
1438	10.767795
1439	10.767795
1440	10.767795
1441	10.767795
1442	10.767795
1443	10.767795
1444	10.767795
1445	10.767795
1446	10.767795
1447	10.767795
1448	10.767795
1449	10.767795
1450	10.767795
1451	10.767795
1452	10.767795
1453	10.767795
1454	10.767795
1455	10.767795
1456	10.767795
1457	10.767795
1458	10.767795
1459	10.767795
1460	10.767795
1461	10.767795
1462	10.767795
1463	10.767795
1464	10.767795
1465	10.767795
1466	10.767795
1467	10.767795
1468	10.767795
1469	10.767795
1470	10.767795
1471	10.767795
1472	10.767795
1473	10.767795
1474	10.767795
1475	10.767795
1476	10.767795
1477	10.767795
1478	10.767795
1479	10.767795
1480	10.767795
1481	10.767795
1482	10.767795
1483	10.767795
1484	10.767795
1485	10.767795
1486	10.767795
1487	10.767795
1488	10.767795
1489	10.767795
1490	10.767795
1491	10.767795
1492	10.767795
1493	10.767795
1494	10.767795
1495	10.767795
1496	10.767795
1497	10.767795
1498	10.767795
1499	10.767795
1500	10.767795
1501	10.767795
1502	10.767795
1503	10.767795
1504	10.767795
1505	10.767795
1506	10.767795
1507	10.767795
1508	10.767795
1509	10.767795
1510	10.767795
1511	10.767795
1512	10.767795
1513	10.767795
1514	10.767795
1515	10.767795
1516	10.767795
1517	10.767795
1518	10.767795
1519	10.767795
1520	10.767795
1521	10.767795
1522	10.767795
1523	10.767795
1524	10.767795
1525	10.767795
1526	10.767795
1527	10.767795
1528	10.767795
1529	10.767795
1530	10.767795
1531	10.767795
1532	10.767795
1533	10.767795
1534	10.767795
1535	10.767795
1536	10.767795
1537	10.767795
1538	10.767795
1539	10.767795
1540	10.767795
1541	10.767795
1542	10.767795
1543	10.767795
1544	10.767795
1545	10.767795
1546	10.767795
1547	10.767795
1548	10.767795
1549	10.767795
1550	10.767795
1551	10.767795
1552	10.767795
1553	10.767795
1554	10.767795
1555	10.767795
1556	10.767795
1557	10.767795
1558	10.767795
1559	10.767795
1560	10.767795
1561	10.767795
1562	10.767795
1563	10.767795
1564	10.767795
1565	10.767795
1566	10.767795
1567	10.767795
1568	10.767795
1569	10.767795
1570	10.767795
1571	10.767795
1572	10.767795
1573	10.767795
1574	10.767795
1575	10.767795
1576	10.767795
1577	10.767795
1578	10.767795
1579	10.767795
1580	10.767795
1581	10.767795
1582	10.767795
1583	10.767795
1584	10.767795
1585	10.767795
1586	10.767795
1587	10.767795
1588	10.767795
1589	10.767795
1590	10.767795
1591	10.767795
1592	10.767795
1593	10.767795
1594	10.767795
1595	10.767795
1596	10.767795
1597	10.767795
1598	10.767795
1599	10.767795
1600	10.767795
1601	10.767795
1602	10.767795
1603	10.767795
1604	10.767795
1605	10.767795
1606	10.767795
1607	10.767795
1608	10.767795
1609	10.767795
1610	10.767795
1611	10.767795
1612	10.767795
1613	10.767795
1614	10.767795
1615	10.767795
1616	10.767795
1617	10.767795
1618	10.767795
1619	10.767795
1620	10.767795
1621	10.767795
1622	10.767795
1623	10.767795
1624	10.767795
1625	10.767795
1626	10.767795
1627	10.767795
1628	10.767795
1629	10.767795
1630	10.767795
1631	10.767795
1632	10.767795
1633	10.767795
1634	10.767795
1635	10.767795
1636	10.767795
1637	10.767795
1638	10.767795
1639	10.767795
1640	10.767795
1641	10.767795
1642	10.767795
1643	10.767795
1644	10.767795
1645	10.767795
1646	10.767795
1647	10.767795
1648	10.767795
1649	10.767795
1650	10.767795
1651	10.767795
1652	10.767795
1653	10.767795
1654	10.767795
1655	10.767795
1656	10.767795
1657	10.767795
1658	10.767795
1659	10.767795
1660	10.767795
1661	10.767795
1662	10.767795
1663	10.767795
1664	10.767795
1665	10.767795
1666	10.767795
1667	10.767795
1668	10.767795
1669	10.767795
1670	10.767795
1671	10.767795
1672	10.767795
1673	10.767795
1674	10.767795
1675	10.767795
1676	10.767795
1677	10.767795
1678	10.767795
1679	10.767795
1680	10.767795
1681	10.767795
1682	10.767795
1683	10.767795
1684	10.767795
1685	10.767795
1686	10.767795
1687	10.767795
1688	10.767795
1689	10.767795
1690	10.767795
1691	10.767795
1692	10.767795
1693	10.767795
1694	10.767795
1695	10.767795
1696	10.767795
1697	10.767795
1698	10.767795
1699	10.767795
1700	10.767795
1701	10.767795
1702	10.767795
1703	10.767795
1704	10.767795
1705	10.767795
1706	10.767795
1707	10.767795
1708	10.767795
1709	10.767795
1710	10.767795
1711	10.767795
1712	10.767795
1713	10.767795
1714	10.767795
1715	10.767795
1716	10.767795
1717	10.767795
1718	10.767795
1719	10.767795
1720	10.767795
1721	10.767795
1722	10.767795
1723	10.767795
1724	10.767795
1725	10.767795
1726	10.767795
1727	10.767795
1728	10.767795
1729	10.767795
1730	10.767795
1731	10.767795
1732	10.767795
1733	10.767795
1734	10.767795
1735	10.767795
1736	10.767795
1737	10.767795
1738	10.767795
1739	10.767795
1740	10.767795
1741	10.767795
1742	10.767795
1743	10.767795
1744	10.767795
1745	10.767795
1746	10.767795
1747	10.767795
1748	10.767795
1749	10.768591
1750	10.768591
1751	10.768591
1752	10.768591
1753	10.768591
1754	10.768591
1755	10.768591
1756	10.768591
1757	10.768591
1758	10.768591
1759	10.768591
1760	10.768591
1761	10.768591
1762	10.768591
1763	10.768591
1764	10.768591
1765	10.768591
1766	10.768591
1767	10.768591
1768	10.768591
1769	10.768591
1770	10.768591
1771	10.768591
1772	10.768591
1773	10.768591
1774	10.768591
1775	10.768591
1776	10.768591
1777	10.768591
1778	10.768591
1779	10.768591
1780	10.768591
1781	10.768591
1782	10.768591
1783	10.768591
1784	10.768591
1785	10.768591
1786	10.768591
1787	10.768591
1788	10.768591
1789	10.768591
1790	10.768591
1791	10.768591
1792	10.768591
1793	10.768591
1794	10.768591
1795	10.768591
1796	10.768591
1797	10.768591
1798	10.768591
1799	10.768591
1800	10.768591
1801	10.768591
1802	10.768591
1803	10.768591
1804	10.768591
1805	10.768591
1806	10.768591
1807	10.768591
1808	10.768591
1809	10.768591
1810	10.768591
1811	10.768591
1812	10.768591
1813	10.768591
1814	10.768591
1815	10.768591
1816	10.768591
1817	10.768591
1818	10.768591
1819	10.768591
1820	10.768591
1821	10.768591
1822	10.768591
1823	10.768591
1824	10.768591
1825	10.768591
1826	10.768591
1827	10.768591
1828	10.768591
1829	10.768591
1830	10.768591
1831	10.768591
1832	10.768591
1833	10.768591
1834	10.768591
1835	10.768591
1836	10.794262
1837	10.794262
1838	10.794262
1839	10.794262
1840	10.794262
1841	10.794262
1842	10.794262
1843	10.794262
1844	10.794262
1845	10.794262
1846	10.794262
1847	10.794262
1848	10.794262
1849	10.794262
1850	10.794262
1851	10.794262
1852	10.794262
1853	10.794262
1854	10.794262
1855	10.794262
1856	10.794262
1857	10.794262
1858	10.794262
1859	10.794262
1860	10.794262
1861	10.794262
1862	10.794262
1863	10.794262
1864	10.794262
1865	10.794262
1866	10.794262
1867	10.794262
1868	10.794262
1869	10.794262
1870	10.794262
1871	10.794262
1872	10.794262
1873	10.794262
1874	10.794262
1875	10.794262
1876	10.794262
1877	10.794262
1878	10.794262
1879	10.794262
1880	10.794262
1881	10.794262
1882	10.794262
1883	10.794262
1884	10.794262
1885	10.794262
1886	10.794262
1887	10.794262
1888	10.794262
1889	10.794262
1890	10.794262
1891	10.794262
1892	10.794262
1893	10.794262
1894	10.794262
1895	10.794262
1896	10.794262
1897	10.794262
1898	10.794262
1899	10.794262
1900	10.794262
1901	10.794262
1902	10.794262
1903	10.794262
1904	10.794262
1905	10.794262
1906	10.794262
1907	10.794262
1908	10.794262
1909	10.794262
1910	10.794262
1911	10.794262
1912	10.794262
1913	10.794262
1914	10.794262
1915	10.794262
1916	10.794262
1917	10.794262
1918	10.794262
1919	10.794262
1920	10.794262
1921	10.794262
1922	10.794262
1923	10.794262
1924	10.794262
1925	10.794262
1926	10.794262
1927	10.794262
1928	10.794262
1929	10.794262
1930	10.794262
1931	10.794262
1932	10.794262
1933	10.794262
1934	10.794262
1935	10.794262
1936	10.794262
1937	10.794262
1938	10.794262
1939	10.794262
1940	10.794262
1941	10.794262
1942	10.794262
1943	10.794262
1944	10.794262
1945	10.794262
1946	10.794262
1947	10.794262
1948	10.794262
1949	10.794262
1950	10.794262
1951	10.794262
1952	10.794262
1953	10.794262
1954	10.794262
1955	10.794262
1956	10.794262
1957	10.794262
1958	10.794262
1959	10.794262
1960	10.794262
1961	10.794262
1962	10.794262
1963	10.794262
1964	10.794262
1965	10.794262
1966	10.794262
1967	10.794262
1968	10.794262
1969	10.794262
1970	10.794262
1971	10.794262
1972	10.794262
1973	10.794262
1974	10.794262
1975	10.794262
1976	10.794262
1977	10.794262
1978	10.794262
1979	10.794262
1980	10.794262
1981	10.794262
1982	10.794262
1983	10.794262
1984	10.794262
1985	10.794262
1986	10.794262
1987	10.794262
1988	10.794262
1989	10.794262
1990	10.794262
1991	10.794262
1992	10.794262
1993	10.794262
1994	10.794262
1995	10.794262
1996	10.794262
1997	10.794262
1998	10.794262
1999	10.794262
2000	10.794262
2001	10.794262
2002	10.794262
2003	10.794262
2004	10.794262
2005	10.794262
2006	10.794262
2007	10.794262
2008	10.794262
2009	10.794262
2010	10.794262
2011	10.794262
2012	10.794262
2013	10.794262
2014	10.794262
2015	10.794262
2016	10.794262
2017	10.794262
2018	10.794262
2019	10.794262
2020	10.794262
2021	10.794262
2022	10.794262
2023	10.794262
2024	10.794262
2025	10.794262
2026	10.794262
2027	10.794262
2028	10.794262
2029	10.794262
2030	10.794262
2031	10.794262
2032	10.794262
2033	10.794262
2034	10.794262
2035	10.794262
2036	10.794262
2037	10.794262
2038	10.794262
2039	10.794262
2040	10.794262
2041	10.794262
2042	10.794262
2043	10.794262
2044	10.794262
2045	10.794262
2046	10.794262
2047	10.794262
2048	10.794262
2049	10.794262
2050	10.794262
2051	10.794262
2052	10.794262
2053	10.794262
2054	10.794262
2055	10.794262
2056	10.794262
2057	10.794262
2058	10.794262
2059	10.794262
2060	10.794262
2061	10.794262
2062	10.794262
2063	10.794262
2064	10.794262
2065	10.794262
2066	10.794262
2067	10.794262
2068	10.794262
2069	10.794262
2070	10.794262
2071	10.794262
2072	10.794262
2073	10.794262
2074	10.794262
2075	10.794262
2076	10.794262
2077	10.794262
2078	10.794262
2079	10.794262
2080	10.794262
2081	10.794262
2082	10.794262
2083	10.794262
2084	10.794262
2085	10.794262
2086	10.794262
2087	10.794262
2088	10.794262
2089	10.794262
2090	10.794262
2091	10.794262
2092	10.794262
2093	10.794262
2094	10.794262
2095	10.794262
2096	10.794262
2097	10.794262
2098	10.794262
2099	10.794262
2100	10.794262
2101	10.794262
2102	10.794262
2103	10.794262
2104	10.794262
2105	10.794262
2106	10.794262
2107	10.794262
2108	10.794262
2109	10.794262
2110	10.794262
2111	10.794262
2112	10.794262
2113	10.794262
2114	10.794262
2115	10.794262
2116	10.794262
2117	10.794262
2118	10.794262
2119	10.794262
2120	10.794262
2121	10.794262
2122	10.794262
2123	10.794262
2124	10.794262
2125	10.794262
2126	10.794262
2127	10.794262
2128	10.794262
2129	10.794262
2130	10.794262
2131	10.794262
2132	10.794262
2133	10.794262
2134	10.794262
2135	10.794262
2136	10.794262
2137	10.794262
2138	10.794262
2139	10.794262
2140	10.794262
2141	10.794262
2142	10.794262
2143	10.794262
2144	10.794262
2145	10.794262
2146	10.794262
2147	10.794262
2148	10.794262
2149	10.794262
2150	10.794262
2151	10.794262
2152	10.794262
2153	10.794262
2154	10.794262
2155	10.794262
2156	10.794262
2157	10.794262
2158	10.794262
2159	10.794262
2160	10.794262
2161	10.794262
2162	10.794262
2163	10.794262
2164	10.794262
2165	10.794262
2166	10.794262
2167	10.794262
2168	10.794262
2169	10.794262
2170	10.794262
2171	10.794262
2172	10.794262
2173	10.794262
2174	10.794262
2175	10.794262
2176	10.794262
2177	10.794262
2178	10.794262
2179	10.794262
2180	10.794262
2181	10.794262
2182	10.794262
2183	10.794262
2184	10.794262
2185	10.794262
2186	10.794262
2187	10.794262
2188	10.794262
2189	10.794262
2190	10.794262
2191	10.794262
2192	10.794262
2193	10.794262
2194	10.794262
2195	10.794262
2196	10.794262
2197	10.794262
2198	10.794262
2199	10.794262
2200	10.794262
2201	10.794262
2202	10.794262
2203	10.794262
2204	10.794262
2205	10.794262
2206	10.794262
2207	10.794262
2208	10.794262
2209	10.794262
2210	10.794262
2211	10.794262
2212	10.794262
2213	10.794262
2214	10.794262
2215	10.794262
2216	10.794262
2217	10.794262
2218	10.794262
2219	10.794262
2220	10.794262
2221	10.794262
2222	10.794262
2223	10.794262
2224	10.794262
2225	10.794262
2226	10.794262
2227	10.794262
2228	10.794262
2229	10.794262
2230	10.794262
2231	10.794262
2232	10.794262
2233	10.794262
2234	10.794262
2235	10.794262
2236	10.794262
2237	10.794262
2238	10.794262
2239	10.794262
2240	10.794262
2241	10.794262
2242	10.794262
2243	10.794262
2244	10.794262
2245	10.794262
2246	10.794262
2247	10.794262
2248	10.794262
2249	10.794262
2250	10.794262
2251	10.794262
2252	10.794262
2253	10.794262
2254	10.794262
2255	10.794262
2256	10.794262
2257	10.794262
2258	10.794262
2259	10.794262
2260	10.794262
2261	10.794262
2262	10.794262
2263	10.794262
2264	10.794262
2265	10.794262
2266	10.794262
2267	10.794262
2268	10.794262
2269	10.794262
2270	10.794262
2271	10.794262
2272	10.794262
2273	10.794262
2274	10.794262
2275	10.794262
2276	10.794262
2277	10.794262
2278	10.794262
2279	10.794262
2280	10.794262
2281	10.794262
2282	10.794262
2283	10.794262
2284	10.794262
2285	10.794262
2286	10.794262
2287	10.794262
2288	10.794262
2289	10.794262
2290	10.794262
2291	10.794262
2292	10.794262
2293	10.794262
2294	10.794262
2295	10.794262
2296	10.794262
2297	10.794262
2298	10.794262
2299	10.794262
2300	10.794262
2301	10.794262
2302	10.794262
2303	10.794262
2304	10.794262
2305	10.794262
2306	10.794262
2307	10.794262
2308	10.794262
2309	10.794262
2310	10.794262
2311	10.794262
2312	10.794262
2313	10.794262
2314	10.794262
2315	10.794262
2316	10.794262
2317	10.794262
2318	10.794262
2319	10.794262
2320	10.794262
2321	10.794262
2322	10.794262
2323	10.794262
2324	10.794262
2325	10.794262
2326	10.794262
2327	10.794262
2328	10.794262
2329	10.794262
2330	10.794262
2331	10.794262
2332	10.794262
2333	10.794262
2334	10.794262
2335	10.794262
2336	10.794262
2337	10.794262
2338	10.794262
2339	10.794262
2340	10.794262
2341	10.794262
2342	10.794262
2343	10.794262
2344	10.794262
2345	10.794262
2346	10.794262
2347	10.794262
2348	10.794262
2349	10.794262
2350	10.794262
2351	10.794262
2352	10.794262
2353	10.794262
2354	10.794262
2355	10.794262
2356	10.794262
2357	10.794262
2358	10.794262
2359	10.794262
2360	10.794262
2361	10.794262
2362	10.794262
2363	10.794262
2364	10.794262
2365	10.794262
2366	10.794262
2367	10.794262
2368	10.794262
2369	10.794262
2370	10.794262
2371	10.794262
2372	10.794262
2373	10.794262
2374	10.794262
2375	10.794262
2376	10.794262
2377	10.794262
2378	10.794262
2379	10.794262
2380	10.794262
2381	10.794262
2382	10.794262
2383	10.794262
2384	10.794262
2385	10.794262
2386	10.794262
2387	10.794262
2388	10.794262
2389	10.794262
2390	10.794262
2391	10.794262
2392	10.794262
2393	10.794262
2394	10.794262
2395	10.794262
2396	10.794262
2397	10.794262
2398	10.794262
2399	10.794262
2400	10.794262
2401	10.794262
2402	10.794262
2403	10.794262
2404	10.794262
2405	10.794262
2406	10.794262
2407	10.794262
2408	10.794262
2409	10.794262
2410	10.794262
2411	10.794262
2412	10.794262
2413	10.794262
2414	10.794262
2415	10.794262
2416	10.794262
2417	10.794262
2418	10.794262
2419	10.794262
2420	10.794262
2421	10.794262
2422	10.794262
2423	10.794262
2424	10.794262
2425	10.794262
2426	10.794262
2427	10.794262
2428	10.794262
2429	10.794262
2430	10.794262
2431	10.794262
2432	10.794262
2433	10.794262
2434	10.794262
2435	10.794262
2436	10.794262
2437	10.794262
2438	10.794262
2439	10.794262
2440	10.794262
2441	10.794262
2442	10.794262
2443	10.794262
2444	10.794262
2445	10.794262
2446	10.794262
2447	10.794262
2448	10.794262
2449	10.794262
2450	10.794262
2451	10.794262
2452	10.794262
2453	10.794262
2454	10.794262
2455	10.794262
2456	10.794262
2457	10.794262
2458	10.794262
2459	10.794262
2460	10.794262
2461	10.794262
2462	10.794262
2463	10.794262
2464	10.794262
2465	10.794262
2466	10.794262
2467	10.794262
2468	10.794262
2469	10.794262
2470	10.794262
2471	10.794262
2472	10.794262
2473	10.794262
2474	10.794262
2475	10.794262
2476	10.794262
2477	10.794262
2478	10.794262
2479	10.794262
2480	10.794262
2481	10.794262
2482	10.794262
2483	10.794262
2484	10.794262
2485	10.794262
2486	10.794262
2487	10.794262
2488	10.794262
2489	10.794262
2490	10.794262
2491	10.794262
2492	10.794262
2493	10.794262
2494	10.794262
2495	10.794262
2496	10.794262
2497	10.794262
2498	10.794262
2499	10.794262
2500	10.794262
2501	10.794262
2502	10.794262
2503	10.794262
2504	10.794262
2505	10.794262
2506	10.794262
2507	10.794262
2508	10.794262
2509	10.794262
2510	10.794262
2511	10.794262
2512	10.794262
2513	10.794262
2514	10.794262
2515	10.794262
2516	10.794262
2517	10.794262
2518	10.794262
2519	10.794262
2520	10.794262
2521	10.794262
2522	10.794262
2523	10.794262
2524	10.794262
2525	10.794262
2526	10.794262
2527	10.794262
2528	10.794262
2529	10.794262
2530	10.794262
2531	10.794262
2532	10.794262
2533	10.794262
2534	10.794262
2535	10.794262
2536	10.794262
2537	10.794262
2538	10.794262
2539	10.794262
2540	10.794262
2541	10.794262
2542	10.794262
2543	10.794262
2544	10.794262
2545	10.794262
2546	10.794262
2547	10.794262
2548	10.794262
2549	10.794262
2550	10.794262
2551	10.794262
2552	10.794262
2553	10.794262
2554	10.794262
2555	10.794262
2556	10.794262
2557	10.794262
2558	10.794262
2559	10.794262
2560	10.794262
2561	10.794262
2562	10.794262
2563	10.794262
2564	10.794262
2565	10.794262
2566	10.794262
2567	10.794262
2568	10.794262
2569	10.794262
2570	10.794262
2571	10.794262
2572	10.794262
2573	10.794262
2574	10.794262
2575	10.794262
2576	10.794262
2577	10.794262
2578	10.794262
2579	10.794262
2580	10.794262
2581	10.794262
2582	10.794262
2583	10.794262
2584	10.794262
2585	10.794262
2586	10.794262
2587	10.794262
2588	10.794262
2589	10.794262
2590	10.794262
2591	10.794262
2592	10.794262
2593	10.794262
2594	10.794262
2595	10.794262
2596	10.794262
2597	10.794262
2598	10.794262
2599	10.794262
2600	10.794262
2601	10.794262
2602	10.794262
2603	10.794262
2604	10.794262
2605	10.794262
2606	10.794262
2607	10.794262
2608	10.794262
2609	10.794262
2610	10.794262
2611	10.794262
2612	10.794262
2613	10.794262
2614	10.794262
2615	10.794262
2616	10.794262
2617	10.794262
2618	10.794262
2619	10.794262
2620	10.794262
2621	10.794262
2622	10.794262
2623	10.794262
2624	10.794262
2625	10.794262
2626	10.794262
2627	10.794262
2628	10.794262
2629	10.794262
2630	10.794262
2631	10.794262
2632	10.794262
2633	10.794262
2634	10.794262
2635	10.794262
2636	10.794262
2637	10.794262
2638	10.794262
2639	10.794262
2640	10.794262
2641	10.794262
2642	10.794262
2643	10.794262
2644	10.794262
2645	10.794262
2646	10.794262
2647	10.794262
2648	10.794262
2649	10.794262
2650	10.794262
2651	10.794262
2652	10.794262
2653	10.794262
2654	10.794262
2655	10.794262
2656	10.794262
2657	10.794262
2658	10.794262
2659	10.794262
2660	10.794262
2661	10.794262
2662	10.794262
2663	10.794262
2664	10.794262
2665	10.794262
2666	10.794262
2667	10.794262
2668	10.794262
2669	10.794262
2670	10.794262
2671	10.794262
2672	10.794262
2673	10.794262
2674	10.794262
2675	10.794262
2676	10.794262
2677	10.794262
2678	10.794262
2679	10.794262
2680	10.794262
2681	10.794262
2682	10.794262
2683	10.794262
2684	10.794262
2685	10.794262
2686	10.794262
2687	10.794262
2688	10.794262
2689	10.794262
2690	10.794262
2691	10.794262
2692	10.794262
2693	10.794262
2694	10.794262
2695	10.794262
2696	10.794262
2697	10.794262
2698	10.794262
2699	10.794262
2700	10.794262
2701	10.794262
2702	10.794262
2703	10.794262
2704	10.794262
2705	10.794262
2706	10.794262
2707	10.794262
2708	10.794262
2709	10.794262
2710	10.794262
2711	10.794262
2712	10.794262
2713	10.794262
2714	10.794262
2715	10.794262
2716	10.794262
2717	10.794262
2718	10.794262
2719	10.794262
2720	10.794262
2721	10.794262
2722	10.794262
2723	10.794262
2724	10.794262
2725	10.794262
2726	10.794262
2727	10.794262
2728	10.794262
2729	10.794262
2730	10.794262
2731	10.794262
2732	10.794262
2733	10.794262
2734	10.794262
2735	10.794262
2736	10.794262
2737	10.794262
2738	10.794262
2739	10.794262
2740	10.794262
2741	10.794262
2742	10.794262
2743	10.794262
2744	10.794262
2745	10.794262
2746	10.794262
2747	10.794262
2748	10.794262
2749	10.794262
2750	10.794262
2751	10.794262
2752	10.794262
2753	10.794262
2754	10.794262
2755	10.794262
2756	10.794262
2757	10.794262
2758	10.794262
2759	10.794262
2760	10.794262
2761	10.794262
2762	10.794262
2763	10.794262
2764	10.794262
2765	10.794262
2766	10.794262
2767	10.794262
2768	10.794262
2769	10.794262
2770	10.794262
2771	10.794262
2772	10.794262
2773	10.794262
2774	10.794262
2775	10.794262
2776	10.794262
2777	10.794262
2778	10.794262
2779	10.794262
2780	10.794262
2781	10.794262
2782	10.794262
2783	10.794262
2784	10.794262
2785	10.794262
2786	10.794262
2787	10.794262
2788	10.794262
2789	10.794262
2790	10.794262
2791	10.794262
2792	10.794262
2793	10.794262
2794	10.794262
2795	10.794262
2796	10.794262
2797	10.794262
2798	10.794262
2799	10.794262
2800	10.794262
2801	10.794262
2802	10.794262
2803	10.794262
2804	10.794262
2805	10.794262
2806	10.794262
2807	10.794262
2808	10.794262
2809	10.794262
2810	10.794262
2811	10.794262
2812	10.794262
2813	10.794262
2814	10.794262
2815	10.794262
2816	10.794262
2817	10.794262
2818	10.794262
2819	10.794262
2820	10.794262
2821	10.794262
2822	10.794262
2823	10.794262
2824	10.794262
2825	10.794262
2826	10.794262
2827	10.794262
2828	10.794262
2829	10.794262
2830	10.794262
2831	10.794262
2832	10.794262
2833	10.794262
2834	10.794262
2835	10.794262
2836	10.794262
2837	10.794262
2838	10.794262
2839	10.794262
2840	10.794262
2841	10.794262
2842	10.794262
2843	10.794262
2844	10.794262
2845	10.794262
2846	10.794262
2847	10.794262
2848	10.794262
2849	10.794262
2850	10.794262
2851	10.794262
2852	10.794262
2853	10.794262
2854	10.794262
2855	10.794262
2856	10.794262
2857	10.794262
2858	10.794262
2859	10.794262
2860	10.794262
2861	10.794262
2862	10.794262
2863	10.794262
2864	10.794262
2865	10.794262
2866	10.794262
2867	10.794262
2868	10.794262
2869	10.794262
2870	10.794262
2871	10.794262
2872	10.794262
2873	10.794262
2874	10.794262
2875	10.794262
2876	10.794262
2877	10.794262
2878	10.794262
2879	10.794262
2880	10.794262
2881	10.794262
2882	10.794262
2883	10.794262
2884	10.794262
2885	10.794262
2886	10.794262
2887	10.794262
2888	10.794262
2889	10.794262
2890	10.794262
2891	10.794262
2892	10.794262
2893	10.794262
2894	10.794262
2895	10.794262
2896	10.794262
2897	10.794262
2898	10.794262
2899	10.794262
2900	10.794262
2901	10.794262
2902	10.794262
2903	10.794262
2904	10.794262
2905	10.794262
2906	10.794262
2907	10.794262
2908	10.794262
2909	10.794262
2910	10.794262
2911	10.794262
2912	10.794262
2913	10.794262
2914	10.794262
2915	10.794262
2916	10.794262
2917	10.794262
2918	10.794262
2919	10.794262
2920	10.794262
2921	10.794262
2922	10.794262
2923	10.794262
2924	10.794262
2925	10.794262
2926	10.794262
2927	10.794262
2928	10.794262
2929	10.794262
2930	10.794262
2931	10.794262
2932	10.794262
2933	10.794262
2934	10.794262
2935	10.794262
2936	10.794262
2937	10.794262
2938	10.794262
2939	10.794262
2940	10.794262
2941	10.794262
2942	10.794262
2943	10.794262
2944	10.794262
2945	10.794262
2946	10.794262
2947	10.794262
2948	10.794262
2949	10.794262
2950	10.794262
2951	10.794262
2952	10.794262
2953	10.794262
2954	10.794262
2955	10.794262
2956	10.794262
2957	10.794262
2958	10.794262
2959	10.794262
2960	10.794262
2961	10.794262
2962	10.794262
2963	10.794262
2964	10.794262
2965	10.794262
2966	10.794262
2967	10.794262
2968	10.794262
2969	10.794262
2970	10.794262
2971	10.794262
2972	10.794262
2973	10.794262
2974	10.794262
2975	10.794262
2976	10.794262
2977	10.794262
2978	10.794262
2979	10.794262
2980	10.794262
2981	10.794262
2982	10.794262
2983	10.794262
2984	10.794262
2985	10.794262
2986	10.794262
2987	10.794262
2988	10.794262
2989	10.794262
2990	10.794262
2991	10.794262
2992	10.794262
2993	10.794262
2994	10.794262
2995	10.794262
2996	10.794262
2997	10.794262
2998	10.794262
2999	10.794262
3000	10.794262
3001	10.794262
3002	10.794262
3003	10.794262
3004	10.794262
3005	10.794262
3006	10.794262
3007	10.794262
3008	10.794262
3009	10.794262
3010	10.794262
3011	10.794262
3012	10.794262
3013	10.794262
3014	10.794262
3015	10.794262
3016	10.794262
3017	10.794262
3018	10.794262
3019	10.794262
3020	10.794262
3021	10.794262
3022	10.794262
3023	10.794262
3024	10.794262
3025	10.794262
3026	10.794262
3027	10.794262
3028	10.794262
3029	10.794262
3030	10.794262
3031	10.794262
3032	10.794262
3033	10.794262
3034	10.794262
3035	10.794262
3036	10.794262
3037	10.794262
3038	10.794262
3039	10.794262
3040	10.794262
3041	10.794262
3042	10.794262
3043	10.794262
3044	10.794262
3045	10.794262
