1	7.105071
2	7.121145
3	7.138525
4	7.098065
5	7.129033
6	6.914391
7	6.964206
8	6.942876
9	6.947509
10	6.964909
11	6.971473
12	6.955693
13	6.956787
14	6.955693
15	6.989111
16	7.010838
17	7.006776
18	7.007073
19	6.94865
20	6.964626
21	6.964626
22	6.972654
23	6.992262
24	7.021882
25	7.043762
26	7.043762
27	7.043762
28	7.050098
29	7.050098
30	7.158436
31	7.094771
32	7.094771
33	7.146907
34	7.209277
35	7.089575
36	7.440058
37	7.495528
38	7.48664
39	7.405293
40	7.412589
41	7.324185
42	7.35892
43	7.433895
44	7.350326
45	7.350326
46	7.352677
47	7.353494
48	7.417555
49	7.418561
50	7.431137
51	7.588746
52	7.588746
53	7.589082
54	7.590422
55	7.680406
56	7.659099
57	7.656081
58	7.719627
59	7.754935
60	7.754935
61	7.89715
62	7.89715
63	7.905538
64	7.914658
65	7.951293
66	7.951293
67	7.951293
68	7.976351
69	7.865868
70	7.86788
71	7.869887
72	7.969251
73	7.913599
74	7.913599
75	7.906303
76	7.975181
77	7.988405
78	8.298511
79	8.306407
80	8.39971
81	8.39971
82	8.440289
83	8.475272
84	8.526518
85	8.503116
86	8.563832
87	8.431304
88	8.363812
89	8.333994
90	8.333994
91	8.738959
92	8.812634
93	8.79941
94	8.75733
95	8.801022
96	8.801022
97	8.730323
98	8.730323
99	8.730323
100	8.736355
101	8.736355
102	8.367834
103	8.385606
104	8.380746
105	8.379631
106	8.379631
107	8.402199
108	8.394156
109	8.394156
110	8.39076
111	8.444584
112	8.444584
113	8.40948
114	8.253168
115	8.253168
116	8.254308
117	8.755718
118	8.767382
119	8.755718
120	8.755718
121	8.796902
122	8.789356
123	8.789356
124	8.824072
125	8.876896
126	8.876896
127	8.88856
128	8.772024
129	8.772024
130	8.813634
131	8.817124
132	8.827654
133	8.827654
134	8.827654
135	8.827654
136	8.657193
137	8.631017
138	8.632023
139	8.425887
140	8.528847
141	8.506279
142	8.416491
143	8.280174
144	8.293992
145	8.190096
146	8.190096
147	8.190096
148	8.383896
149	8.45098
150	8.45098
151	8.45098
152	8.444624
153	8.477007
154	8.530323
155	8.530323
156	8.530323
157	8.530323
158	8.273693
159	8.590233
160	8.589783
161	8.420329
162	8.420329
163	8.58709
164	8.58709
165	8.409361
166	8.557601
167	8.505437
168	8.526047
169	8.526047
170	8.790413
171	8.790413
172	8.790413
173	8.784381
174	8.784381
175	8.784381
176	8.856596
177	8.856596
178	8.856596
179	8.856596
180	8.856596
181	8.91202
182	8.602726
183	8.602726
184	8.627718
185	8.655998
186	8.655998
187	8.565442
188	8.565442
189	8.690315
190	8.686397
191	8.686397
192	8.709914
193	8.721454
194	8.721454
195	8.732569
196	8.732569
197	8.726535
198	8.726535
199	9.310348
200	9.310348
201	9.349775
202	9.349775
203	9.349775
204	9.296096
205	9.296096
206	9.296096
207	9.296096
208	9.302382
209	9.302382
210	9.302382
211	9.302382
212	9.356238
213	9.33032
214	9.553382
215	9.685125
216	9.685125
217	9.719145
218	9.719145
219	9.719145
220	9.719145
221	9.719145
222	9.719145
223	9.719145
224	9.795177
225	9.795177
226	9.788891
227	9.788891
228	9.788891
229	9.788891
230	9.788891
231	9.788891
232	9.788891
233	9.788891
234	9.788891
235	9.788891
236	9.788891
237	9.788891
238	9.769833
239	9.769833
240	9.769833
241	9.769833
242	9.769833
243	9.777916
244	9.929637
245	9.929637
246	9.929637
247	9.74198
248	9.762849
249	9.754807
250	9.754807
251	9.754807
252	9.800919
253	9.802431
254	9.802431
255	9.802431
256	9.802431
257	9.802431
258	9.871477
259	9.871477
260	9.92494
261	9.926473
262	9.943503
263	9.943503
264	9.927913
265	9.931848
266	9.931848
267	9.931848
268	9.931848
269	9.931848
270	9.931848
271	9.774762
272	9.788033
273	9.788033
274	9.788033
275	9.788033
276	9.788033
277	9.692677
278	9.692677
279	9.747896
280	9.992268
281	9.992268
282	9.992268
283	10.184656
284	10.184656
285	10.188145
286	10.188145
287	10.192731
288	10.090609
289	10.090609
290	10.090609
291	10.10576
292	10.10576
293	10.112832
294	10.112832
295	10.112832
296	10.112832
297	10.112832
298	10.112832
299	10.112832
300	10.112832
301	10.112832
302	10.099891
303	10.129645
304	10.129645
305	10.129645
306	10.129645
307	10.129645
308	10.129645
309	10.129645
310	10.129645
311	10.129645
312	10.129645
313	10.13866
314	10.13866
315	10.13866
316	10.13866
317	10.13866
318	10.108906
319	10.108906
320	10.108906
321	10.108906
322	10.153146
323	10.108906
324	10.108906
325	10.108906
326	10.108906
327	10.194563
328	10.194563
329	10.032269
330	10.032269
331	10.032269
332	10.032269
333	10.032269
334	10.032269
335	10.032269
336	10.044619
337	10.044619
338	10.044619
339	10.044619
340	10.040602
341	10.040602
342	10.109073
343	10.109073
344	10.109073
345	10.138827
346	10.138827
347	10.138827
348	10.138827
349	10.138827
350	10.226586
351	10.226586
352	10.226586
353	10.140929
354	10.140929
355	10.140929
356	10.35782
357	10.35782
358	10.35782
359	10.35782
360	10.35782
361	10.332197
362	10.332197
363	10.332197
364	10.352813
365	10.458581
366	10.458581
367	10.458581
368	10.502821
369	10.502821
370	10.502821
371	10.502821
372	10.502821
373	10.502821
374	10.488864
375	10.488864
376	10.488864
377	10.54635
378	10.54635
379	10.525734
380	10.525734
381	10.525734
382	10.525734
383	10.525734
384	10.525734
385	10.525734
386	10.525734
387	10.525734
388	10.525734
389	10.525734
390	10.525734
391	10.525734
392	10.525734
393	10.525734
394	10.525734
395	10.520162
396	10.520162
397	10.520162
398	10.520162
399	10.520162
400	10.520162
401	10.520162
402	10.520162
403	10.520162
404	10.540311
405	10.540311
406	10.540311
407	10.540311
408	10.540311
409	10.540311
410	10.540311
411	10.540311
412	10.540311
413	10.540311
414	10.540311
415	10.540311
416	10.540311
417	10.540311
418	10.540311
419	10.540311
420	10.540311
421	10.540311
422	10.540311
423	10.540311
424	10.540311
425	10.540311
426	10.540311
427	10.540311
428	10.540311
429	10.540311
430	10.540311
431	10.540311
432	10.560927
433	10.560927
434	10.560927
435	10.560927
436	10.560927
437	10.560927
438	10.560927
439	10.560927
440	10.560927
441	10.560927
442	10.560927
443	10.560927
444	10.560927
445	10.560927
446	10.67444
447	10.753642
448	10.753642
449	10.753642
450	10.753642
451	10.753642
452	10.753642
453	10.753642
454	10.753642
455	10.753642
456	10.753642
457	10.753642
458	10.753642
459	10.753642
460	10.753642
461	10.753642
462	10.753642
463	10.753642
464	10.753642
465	10.753642
466	10.753642
467	10.753642
468	10.753642
469	10.753642
470	10.753642
471	10.753642
472	10.753642
473	10.753642
474	10.753642
475	10.753642
476	10.753642
477	10.753642
478	10.753642
479	10.753642
480	10.753642
481	10.753642
482	10.753642
483	10.753642
484	10.753642
485	10.753642
486	10.753642
487	10.753642
488	10.753642
489	10.753642
490	10.753642
491	10.753642
492	10.753642
493	10.753642
494	10.753642
495	10.753642
496	10.753642
497	10.753642
498	10.753642
499	10.733026
500	10.733026
501	10.733026
502	10.798696
503	10.798696
504	10.798696
505	10.798696
506	10.798696
507	10.798696
508	10.798696
509	10.798696
510	10.798696
511	10.798696
512	10.798696
513	10.798696
514	10.798696
515	10.798696
516	10.798696
517	10.798696
518	10.798696
519	10.798696
520	10.798696
521	10.798696
522	10.798696
523	10.798696
524	10.798696
525	10.798696
526	10.798696
527	10.798696
528	10.759142
529	10.759142
530	10.759142
531	10.779758
532	10.779758
533	10.779758
534	10.779758
535	10.779758
536	10.779758
537	10.779758
538	10.759142
539	10.759142
540	10.759142
541	10.759142
542	10.759142
543	10.759142
544	10.759142
545	10.759142
546	10.759142
547	10.759142
548	10.759142
549	10.759142
550	10.759142
551	10.759142
552	10.759142
553	10.759142
554	10.759142
555	10.759142
556	10.759142
557	10.759142
558	10.759142
559	10.759142
560	10.759142
561	10.759142
562	10.759142
563	10.759294
564	10.759294
565	10.759294
566	10.759294
567	10.759294
568	10.759294
569	10.759294
570	10.759294
571	10.75014
572	10.75014
573	10.75014
574	10.75014
575	10.75014
576	10.75014
577	10.75014
578	10.75014
579	10.75014
580	10.75014
581	10.75014
582	10.75014
583	10.75014
584	10.75014
585	10.75014
586	10.75014
587	10.75014
588	10.75014
589	10.75014
590	10.75014
591	10.75014
592	10.75014
593	10.75014
594	10.75014
595	10.75014
596	10.75014
597	10.75014
598	10.75014
599	10.75014
600	10.770756
601	10.770874
602	10.770874
603	10.770874
604	10.770874
605	10.770874
606	10.770874
607	10.770874
608	10.759759
609	10.759759
610	10.759759
611	10.768913
612	10.768913
613	10.768913
614	10.768913
615	10.768913
616	10.768913
617	10.768913
618	10.768913
619	10.768913
620	10.768913
621	10.768913
622	10.768913
623	10.764336
624	10.764336
625	10.764336
626	10.764336
627	10.764336
628	10.764336
629	10.764336
630	10.764336
631	10.806922
632	10.806922
633	10.806922
634	10.885328
635	10.885328
636	10.885328
637	10.885328
638	10.885328
639	10.885328
640	10.885328
641	10.885328
642	10.885328
643	10.885328
644	10.885328
645	10.885176
646	10.885176
647	10.885176
648	10.885176
649	10.885176
650	10.885176
651	10.885176
652	10.885176
653	10.885176
654	10.885176
655	10.885176
656	10.885176
657	10.885176
658	10.885176
659	10.885176
660	10.885176
661	10.885176
662	10.885176
663	10.885176
664	10.885176
665	10.885176
666	10.885176
667	10.885176
668	10.885176
669	10.896291
670	10.896291
671	10.896291
672	10.896291
673	10.896291
674	10.896291
675	10.896291
676	10.896291
677	10.896291
678	10.896291
679	10.896291
680	10.896291
681	10.896291
682	10.896291
683	10.896291
684	10.896291
685	10.896291
686	10.896291
687	10.896291
688	10.896291
689	10.896291
690	10.896291
691	10.896291
692	10.871217
693	10.871217
694	10.871217
695	10.871217
696	10.871217
697	10.871217
698	10.871217
699	10.871217
700	10.871217
701	10.871217
702	10.871217
703	10.871217
704	10.871217
705	10.871217
706	10.871217
707	10.871217
708	10.871217
709	10.871217
710	10.871217
711	10.871217
712	10.871217
713	10.871217
714	10.871217
715	10.871217
716	10.871217
717	10.871217
718	10.952608
719	10.952608
720	10.952608
721	10.952608
722	10.952608
723	10.952608
724	10.952608
725	10.952608
726	10.952608
727	10.952608
728	10.952608
729	10.952608
730	10.952608
731	10.952608
732	10.952608
733	10.952608
734	10.952608
735	10.952608
736	10.952608
737	10.952608
738	10.952608
739	10.952608
740	10.952608
741	10.952608
742	10.952608
743	10.952608
744	10.952608
745	10.952608
746	10.952608
747	10.952608
748	10.952608
749	10.952608
750	10.952608
751	10.952608
752	10.952608
753	10.952608
754	10.952608
755	10.952608
756	10.952608
757	10.952608
758	10.952608
759	10.952608
760	10.952608
761	10.952608
762	10.952608
763	10.952608
764	10.952608
765	10.952608
766	10.952608
767	10.952608
768	10.944501
769	10.944501
770	10.944501
771	10.944501
772	10.944501
773	10.944501
774	10.944501
775	10.944501
776	10.944501
777	10.944501
778	10.944501
779	10.944501
780	10.944501
781	10.944501
782	10.944501
783	10.944501
784	10.944501
785	10.944501
786	10.944501
787	10.944501
788	10.944501
789	10.93299
790	10.93299
791	10.906839
792	10.906839
793	10.906839
794	10.906839
795	10.906839
796	10.906839
797	10.906839
798	10.906839
799	10.906839
800	10.906839
801	10.906839
802	10.906839
803	10.906839
804	10.906839
805	10.906839
806	10.906839
807	10.906839
808	10.906839
809	10.906839
810	10.906839
811	10.906839
812	10.931913
813	10.931913
814	10.931913
815	10.931913
816	10.931913
817	10.931913
818	10.931913
819	10.931913
820	10.931913
821	10.931913
822	10.931913
823	10.931913
824	10.931913
825	10.931913
826	10.931913
827	10.931913
828	10.931913
829	10.931913
830	10.931913
831	10.96134
832	10.96134
833	10.96134
834	10.940724
835	10.940724
836	10.940724
837	10.96134
838	10.987491
839	10.987491
840	10.987491
841	10.987491
842	10.987491
843	10.987491
844	10.987491
845	10.987491
846	10.987491
847	10.987491
848	10.987491
849	10.987491
850	10.987491
851	10.987491
852	10.987491
853	10.987491
854	10.987491
855	10.987491
856	10.987491
857	10.987491
858	10.987491
859	10.987491
860	10.987491
861	10.987491
862	10.987491
863	10.987491
864	10.987491
865	10.987491
866	10.987491
867	10.987491
868	10.987491
869	10.987491
870	10.987491
871	10.987491
872	10.987491
873	10.987491
874	10.987491
875	10.987491
876	10.987491
877	10.987491
878	10.987491
879	10.987491
880	10.987491
881	10.987491
882	10.987491
883	10.987491
884	10.987491
885	10.987491
886	10.987491
887	10.987491
888	10.987491
889	10.987491
890	10.987491
891	10.987491
892	10.987491
893	10.987491
894	10.987491
895	10.987491
896	10.987491
897	10.987491
898	10.987491
899	10.987491
900	10.987491
901	10.987491
902	10.987491
903	10.987491
904	10.987491
905	10.966875
906	10.966875
907	10.966875
908	10.966875
909	10.966875
910	10.966875
911	10.966875
912	11.014542
913	11.014542
914	11.014542
915	11.014542
916	11.014542
917	11.014542
918	11.014542
919	11.014542
920	11.014542
921	11.014542
922	11.014542
923	11.033789
924	11.033789
925	11.033789
926	11.033789
927	11.033789
928	11.033789
929	11.033789
930	11.033789
931	11.033789
932	11.033789
933	11.033789
934	11.033789
935	11.033789
936	11.033789
937	11.033789
938	11.033789
939	11.033789
940	11.033789
941	11.033789
942	11.033789
943	11.033789
944	11.033789
945	11.033789
946	11.033789
947	11.033789
948	11.033789
949	11.033789
950	11.033789
951	11.033789
952	11.033789
953	11.033789
954	11.033789
955	11.033789
956	11.033789
957	11.033789
958	11.033789
959	11.033789
960	11.033789
961	11.033789
962	11.033789
963	11.033789
964	11.033789
965	11.033789
966	11.033789
967	11.071002
968	11.071002
969	11.091618
970	11.091618
971	11.091618
972	11.091618
973	11.091618
974	11.091618
975	11.091618
976	11.099829
977	11.099829
978	11.099829
979	11.099829
980	11.099829
981	11.099829
982	11.099829
983	11.099829
984	11.099829
985	11.099829
986	11.099829
987	11.099829
988	11.099829
989	11.099829
990	11.099829
991	11.099829
992	11.099829
993	11.099829
994	11.099829
995	11.099829
996	11.099829
997	11.099829
998	11.099829
999	11.099829
1000	11.099829
1001	11.099829
1002	11.099829
1003	11.099829
1004	11.099829
1005	11.099829
1006	11.099829
1007	11.099829
1008	11.099829
1009	11.099829
1010	11.099829
1011	11.079213
1012	11.079213
1013	11.079213
1014	11.079213
1015	11.079213
1016	11.099829
1017	11.099829
1018	11.099829
1019	11.099829
1020	11.099829
1021	11.099829
1022	11.099829
1023	11.099829
1024	11.099829
1025	11.099829
1026	11.099829
1027	11.099829
1028	11.099829
1029	11.099829
1030	11.099829
1031	11.099829
1032	11.099829
1033	11.099829
1034	11.099829
1035	11.099829
1036	11.099829
1037	11.099829
1038	11.099829
1039	11.099829
1040	11.099829
1041	11.088609
1042	11.088609
1043	11.088609
1044	11.088609
1045	11.088609
1046	11.088609
1047	11.088609
1048	11.088609
1049	11.088609
1050	11.088609
1051	11.088609
1052	11.088609
1053	11.088609
1054	11.088609
1055	11.088609
1056	11.088609
1057	11.088609
1058	11.088609
1059	11.088609
1060	11.088609
1061	11.088609
1062	11.088609
1063	11.088609
1064	11.088609
1065	11.088609
1066	11.088609
1067	11.088609
1068	11.088609
1069	11.088609
1070	11.088609
1071	11.088609
1072	11.088609
1073	11.088609
1074	11.088609
1075	11.088609
1076	11.088609
1077	11.088609
1078	11.088609
1079	11.088609
1080	11.088609
1081	11.088609
1082	11.088609
1083	11.088609
1084	11.088609
1085	11.088609
1086	11.088609
1087	11.088609
1088	11.088609
1089	11.088609
1090	11.088609
1091	11.088609
1092	11.088609
1093	11.088609
1094	11.088609
1095	11.088609
1096	11.088609
1097	11.088609
1098	11.088609
1099	11.088609
1100	11.088609
1101	11.088609
1102	11.088609
1103	11.088609
1104	11.088609
1105	11.088609
1106	11.088609
1107	11.088609
1108	11.088609
1109	11.088609
1110	11.088609
1111	11.088609
1112	11.088609
1113	11.088609
1114	11.088609
1115	11.088609
1116	11.088609
1117	11.088609
1118	11.088609
1119	11.088609
1120	11.088609
1121	11.088609
1122	11.088609
1123	11.088609
1124	11.088609
1125	11.088609
1126	11.088609
1127	11.088609
1128	11.088609
1129	11.088609
1130	11.088609
1131	11.088609
1132	11.088609
1133	11.088609
1134	11.088609
1135	11.088609
1136	11.088609
1137	11.088609
1138	11.088609
1139	11.088609
1140	11.088609
1141	11.088609
1142	11.088609
1143	11.088609
1144	11.088609
1145	11.088609
1146	11.088609
1147	11.088609
1148	11.088609
1149	11.088609
1150	11.088609
1151	11.088609
1152	11.088609
1153	11.088609
1154	11.088609
1155	11.088609
1156	11.088609
1157	11.088609
1158	11.088609
1159	11.088609
1160	11.088609
1161	11.088609
1162	11.088609
1163	11.088609
1164	11.088609
1165	11.088609
1166	11.088609
1167	11.088609
1168	11.088609
1169	11.088609
1170	11.088609
1171	11.088609
1172	11.088609
1173	11.088609
1174	11.088609
1175	11.088609
1176	11.088609
1177	11.088609
1178	11.088609
1179	11.088609
1180	11.088609
1181	11.088609
1182	11.088609
1183	11.088609
1184	11.088609
1185	11.088609
1186	11.088609
1187	11.088609
1188	11.088609
1189	11.088609
1190	11.088609
1191	11.088609
1192	11.088609
1193	11.088609
1194	11.088609
1195	11.088609
1196	11.088609
1197	11.088609
1198	11.088609
1199	11.088609
1200	11.088609
1201	11.088609
1202	11.088609
1203	11.088609
1204	11.088609
1205	11.088609
1206	11.088609
1207	11.088609
1208	11.088609
1209	11.088609
1210	11.088609
1211	11.088609
1212	11.093186
1213	11.093186
1214	11.093186
1215	11.093186
1216	11.093186
1217	11.093186
1218	11.093186
1219	11.093186
1220	11.093186
1221	11.093186
1222	11.093068
1223	11.093068
1224	11.093068
1225	11.093068
1226	11.093068
1227	11.093068
1228	11.093068
1229	11.093068
1230	11.093068
1231	11.093068
1232	11.093068
1233	11.093068
1234	11.093068
1235	11.093068
1236	11.093068
1237	11.093068
1238	11.093068
1239	11.093068
1240	11.093068
1241	11.093068
1242	11.093068
1243	11.093068
1244	11.093068
1245	11.093068
1246	11.093068
1247	11.093068
1248	11.093068
1249	11.093186
1250	11.093186
1251	11.093186
1252	11.093186
1253	11.093186
1254	11.093186
1255	11.093186
1256	11.093186
1257	11.093186
1258	11.093186
1259	11.093186
1260	11.07257
1261	11.07257
1262	11.07257
1263	11.07257
1264	11.07257
1265	11.07257
1266	11.093186
1267	11.093186
1268	11.093186
1269	11.093186
1270	11.093186
1271	11.093186
1272	11.093186
1273	11.093186
1274	11.093186
1275	11.093186
1276	11.093186
1277	11.093186
1278	11.093186
1279	11.093186
1280	11.093186
1281	11.093186
1282	11.093186
1283	11.093186
1284	11.093186
1285	11.093186
1286	11.093186
1287	11.093186
1288	11.093186
1289	11.093186
1290	11.093186
1291	11.093186
1292	11.093186
1293	11.117833
1294	11.117833
1295	11.117833
1296	11.117833
1297	11.117833
1298	11.117833
1299	11.117833
1300	11.117833
1301	11.117833
1302	11.117833
1303	11.117833
1304	11.117833
1305	11.117833
1306	11.117833
1307	11.117833
1308	11.117833
1309	11.117833
1310	11.117833
1311	11.117833
1312	11.117833
1313	11.117833
1314	11.117833
1315	11.117833
1316	11.117833
1317	11.117833
1318	11.117833
1319	11.117833
1320	11.117833
1321	11.117833
1322	11.117833
1323	11.117833
1324	11.117833
1325	11.117833
1326	11.117833
1327	11.117833
1328	11.117833
1329	11.117833
1330	11.117833
1331	11.117833
1332	11.117833
1333	11.117833
1334	11.117833
1335	11.117833
1336	11.117833
1337	11.117833
1338	11.117833
1339	11.117833
1340	11.117833
1341	11.117833
1342	11.117833
1343	11.117833
1344	11.117833
1345	11.117833
1346	11.117833
1347	11.117833
1348	11.117833
1349	11.117833
1350	11.117833
1351	11.117833
1352	11.117833
1353	11.117833
1354	11.117833
1355	11.117833
1356	11.117833
1357	11.117833
1358	11.117833
1359	11.117833
1360	11.117833
1361	11.117833
1362	11.117833
1363	11.117833
1364	11.117833
1365	11.117833
1366	11.117833
1367	11.117833
1368	11.117833
1369	11.117833
1370	11.117833
1371	11.117833
1372	11.117833
1373	11.117833
1374	11.117833
1375	11.117833
1376	11.117833
1377	11.117833
1378	11.117833
1379	11.117833
1380	11.117833
1381	11.117833
1382	11.117833
1383	11.117833
1384	11.117833
1385	11.117833
1386	11.117833
1387	11.117833
1388	11.117833
1389	11.117833
1390	11.117833
1391	11.117833
1392	11.117833
1393	11.117833
1394	11.117833
1395	11.117833
1396	11.117833
1397	11.117833
1398	11.117833
1399	11.117833
1400	11.117833
1401	11.117833
1402	11.117833
1403	11.117833
1404	11.117833
1405	11.117833
1406	11.117833
1407	11.117833
1408	11.117833
1409	11.117833
1410	11.117833
1411	11.117833
1412	11.117833
1413	11.117833
1414	11.117833
1415	11.117833
1416	11.117833
1417	11.117833
1418	11.117833
1419	11.117833
1420	11.117833
1421	11.117833
1422	11.117833
1423	11.117833
1424	11.117833
1425	11.117833
1426	11.117833
1427	11.117833
1428	11.117833
1429	11.117833
1430	11.117833
1431	11.117833
1432	11.117833
1433	11.117833
1434	11.117833
1435	11.117833
1436	11.117833
1437	11.117833
1438	11.117833
1439	11.117833
1440	11.117833
1441	11.117833
1442	11.117833
1443	11.117833
1444	11.117833
1445	11.117833
1446	11.117833
1447	11.117833
1448	11.117833
1449	11.117833
1450	11.117833
1451	11.117833
1452	11.117833
1453	11.117833
1454	11.117833
1455	11.117833
1456	11.117833
1457	11.117833
1458	11.117833
1459	11.117833
1460	11.117833
1461	11.117833
1462	11.117833
1463	11.117833
1464	11.117833
1465	11.117833
1466	11.117833
1467	11.117833
1468	11.117833
1469	11.117833
1470	11.117833
1471	11.117833
1472	11.117833
1473	11.117833
1474	11.117833
1475	11.117833
1476	11.117833
1477	11.117833
1478	11.117833
1479	11.117833
1480	11.117833
1481	11.117833
1482	11.117833
1483	11.117833
1484	11.117833
1485	11.117833
1486	11.117833
1487	11.117833
1488	11.117833
1489	11.117833
1490	11.117833
1491	11.117833
1492	11.117833
1493	11.117833
1494	11.117833
1495	11.117833
1496	11.117833
1497	11.117833
1498	11.117833
1499	11.117833
1500	11.117833
1501	11.117833
1502	11.117833
1503	11.117833
1504	11.117833
1505	11.117833
1506	11.117833
1507	11.117833
1508	11.117833
1509	11.117833
1510	11.117833
1511	11.117833
1512	11.117833
1513	11.117833
1514	11.117833
1515	11.117833
1516	11.117833
1517	11.117833
1518	11.117833
1519	11.117833
1520	11.117833
1521	11.117833
1522	11.117833
1523	11.117833
1524	11.117833
1525	11.117833
1526	11.117833
1527	11.117833
1528	11.117833
1529	11.117833
1530	11.117833
1531	11.117833
1532	11.117833
1533	11.117833
1534	11.117833
1535	11.117833
1536	11.117833
1537	11.117833
1538	11.117833
1539	11.117833
1540	11.117833
1541	11.117833
1542	11.117833
1543	11.117833
1544	11.117833
1545	11.117833
1546	11.117833
1547	11.117833
1548	11.117833
1549	11.117833
1550	11.117833
1551	11.117833
1552	11.117833
1553	11.117833
1554	11.117833
1555	11.117833
1556	11.117833
1557	11.117833
1558	11.117833
1559	11.117833
1560	11.117833
1561	11.117833
1562	11.117833
1563	11.117833
1564	11.117833
1565	11.117833
1566	11.117833
1567	11.117833
1568	11.117833
1569	11.117833
1570	11.117833
1571	11.117833
1572	11.117833
1573	11.117833
1574	11.117833
1575	11.117833
1576	11.117833
1577	11.117833
1578	11.117833
1579	11.117833
1580	11.117833
1581	11.117833
1582	11.117833
1583	11.117833
1584	11.117833
1585	11.117833
1586	11.117833
1587	11.117833
1588	11.117833
1589	11.117833
1590	11.117833
1591	11.117833
1592	11.117833
1593	11.117833
1594	11.117833
1595	11.117833
1596	11.117833
1597	11.117833
1598	11.117833
1599	11.117833
1600	11.117833
1601	11.117833
1602	11.117833
1603	11.117833
1604	11.117833
1605	11.117833
1606	11.117833
1607	11.117833
1608	11.117833
1609	11.117833
1610	11.117833
1611	11.117833
1612	11.117833
1613	11.117833
1614	11.117833
1615	11.117833
1616	11.117833
1617	11.117833
1618	11.117833
1619	11.117833
1620	11.117833
1621	11.117833
1622	11.117833
1623	11.117833
1624	11.117833
1625	11.117833
1626	11.117833
1627	11.117833
1628	11.117833
1629	11.117833
1630	11.117833
1631	11.117833
1632	11.117833
1633	11.117833
1634	11.117833
1635	11.117833
1636	11.117833
1637	11.117833
1638	11.117833
1639	11.117833
1640	11.117833
1641	11.117833
1642	11.117833
1643	11.117833
1644	11.117833
1645	11.117833
1646	11.117833
1647	11.117833
1648	11.117833
1649	11.117833
1650	11.117833
1651	11.117833
1652	11.117833
1653	11.117833
1654	11.117833
1655	11.117833
1656	11.117833
1657	11.117833
1658	11.117833
1659	11.117833
1660	11.117833
1661	11.117833
1662	11.117833
1663	11.117833
1664	11.117833
1665	11.117833
1666	11.117833
1667	11.117833
1668	11.117833
1669	11.117833
1670	11.117833
1671	11.117833
1672	11.117833
1673	11.117833
1674	11.117833
1675	11.117833
1676	11.117833
1677	11.117833
1678	11.117833
1679	11.117833
1680	11.117833
1681	11.117833
1682	11.117833
1683	11.117833
1684	11.117833
1685	11.117833
1686	11.117833
1687	11.117833
1688	11.117833
1689	11.117833
1690	11.117833
1691	11.117833
1692	11.117833
1693	11.117833
1694	11.117833
1695	11.117833
1696	11.117833
1697	11.117833
1698	11.117833
1699	11.117833
1700	11.117833
1701	11.117833
1702	11.117833
1703	11.117833
1704	11.117833
1705	11.117833
1706	11.117833
1707	11.117833
1708	11.117833
1709	11.117833
1710	11.117833
1711	11.117833
1712	11.117833
1713	11.117833
1714	11.117833
1715	11.117833
1716	11.117833
1717	11.117833
1718	11.117833
1719	11.117833
1720	11.117833
1721	11.117833
1722	11.117833
1723	11.117833
1724	11.117833
1725	11.117833
1726	11.117833
1727	11.117833
1728	11.117833
1729	11.12594
1730	11.12594
1731	11.12594
1732	11.12594
1733	11.12594
1734	11.12594
1735	11.12594
1736	11.12594
1737	11.12594
1738	11.12594
1739	11.12594
1740	11.12594
1741	11.12594
1742	11.12594
1743	11.12594
1744	11.12594
1745	11.12594
1746	11.12594
1747	11.12594
1748	11.12594
1749	11.12594
1750	11.12594
1751	11.12594
1752	11.12594
1753	11.12594
1754	11.12594
1755	11.12594
1756	11.12594
1757	11.12594
1758	11.12594
1759	11.12594
1760	11.12594
1761	11.12594
1762	11.12594
1763	11.12594
1764	11.12594
1765	11.12594
1766	11.12594
1767	11.12594
1768	11.12594
1769	11.12594
1770	11.12594
1771	11.12594
1772	11.12594
1773	11.12594
1774	11.12594
1775	11.12594
1776	11.12594
1777	11.12594
1778	11.12594
1779	11.12594
1780	11.12594
1781	11.12594
1782	11.12594
1783	11.12594
1784	11.12594
1785	11.12594
1786	11.12594
1787	11.12594
1788	11.12594
1789	11.12594
1790	11.12594
1791	11.12594
1792	11.12594
1793	11.12594
1794	11.12594
1795	11.12594
1796	11.12594
1797	11.12594
1798	11.12594
1799	11.12594
1800	11.12594
1801	11.12594
1802	11.12594
1803	11.12594
1804	11.12594
1805	11.12594
1806	11.12594
1807	11.12594
1808	11.12594
1809	11.12594
1810	11.12594
1811	11.12594
1812	11.12594
1813	11.12594
1814	11.12594
1815	11.12594
1816	11.12594
1817	11.12594
1818	11.12594
1819	11.12594
1820	11.12594
1821	11.12594
1822	11.12594
1823	11.12594
1824	11.12594
1825	11.12594
1826	11.12594
1827	11.12594
1828	11.12594
1829	11.12594
1830	11.234793
1831	11.234793
1832	11.234793
1833	11.234793
1834	11.234793
1835	11.234793
1836	11.234793
1837	11.234793
1838	11.234793
1839	11.234793
1840	11.234793
1841	11.234793
1842	11.234793
1843	11.234793
1844	11.234793
1845	11.234793
1846	11.234793
1847	11.234793
1848	11.234793
1849	11.234793
1850	11.234793
1851	11.234793
1852	11.234793
1853	11.234793
1854	11.234793
1855	11.234793
1856	11.234793
1857	11.234793
1858	11.234793
1859	11.234793
1860	11.234793
1861	11.234793
1862	11.234793
1863	11.234793
1864	11.234793
1865	11.234793
1866	11.234793
1867	11.234793
1868	11.234793
1869	11.234793
1870	11.234793
1871	11.234793
1872	11.234793
1873	11.234793
1874	11.234793
1875	11.234793
1876	11.234793
1877	11.234793
1878	11.234793
1879	11.234793
1880	11.234793
1881	11.234793
1882	11.234793
1883	11.234793
1884	11.234793
1885	11.234793
1886	11.234793
1887	11.234793
1888	11.234793
1889	11.234793
1890	11.234793
1891	11.234793
1892	11.234793
1893	11.234793
1894	11.234793
1895	11.234793
1896	11.234793
1897	11.234793
1898	11.234793
1899	11.234793
1900	11.234793
1901	11.234793
1902	11.234793
1903	11.234793
1904	11.234793
1905	11.234793
1906	11.234793
1907	11.234793
1908	11.234793
1909	11.234793
1910	11.234793
1911	11.234793
1912	11.234793
1913	11.234793
1914	11.234793
1915	11.234793
1916	11.234793
1917	11.234793
1918	11.234793
1919	11.234793
1920	11.234793
1921	11.234793
1922	11.234793
1923	11.234793
1924	11.234793
1925	11.234793
1926	11.234793
1927	11.234793
1928	11.234793
1929	11.234793
1930	11.234793
1931	11.234793
1932	11.234793
1933	11.234793
1934	11.234793
1935	11.234793
1936	11.234793
1937	11.234793
1938	11.234793
1939	11.234793
1940	11.234793
1941	11.234793
1942	11.234793
1943	11.234793
1944	11.234793
1945	11.234793
1946	11.234793
1947	11.234793
1948	11.234793
1949	11.234793
1950	11.234793
1951	11.234793
1952	11.234793
1953	11.234793
1954	11.234793
1955	11.234793
1956	11.234793
1957	11.234793
1958	11.234793
1959	11.234793
1960	11.234793
1961	11.234793
1962	11.234793
1963	11.234793
1964	11.234793
1965	11.234793
1966	11.234793
1967	11.234793
1968	11.234793
1969	11.234793
1970	11.234793
1971	11.234793
1972	11.234793
1973	11.234793
1974	11.234793
1975	11.234793
1976	11.234793
1977	11.234793
1978	11.234793
1979	11.234793
1980	11.234793
1981	11.234793
1982	11.234793
1983	11.234793
1984	11.234793
1985	11.234793
1986	11.234793
1987	11.234793
1988	11.234793
1989	11.234793
1990	11.234793
1991	11.234793
1992	11.234793
1993	11.234793
1994	11.234793
1995	11.234793
1996	11.234793
1997	11.234793
1998	11.234793
1999	11.234793
2000	11.234793
2001	11.234793
2002	11.234793
2003	11.234793
2004	11.234793
2005	11.234793
2006	11.234793
2007	11.234793
2008	11.234793
2009	11.234793
2010	11.234793
2011	11.234793
2012	11.234793
2013	11.234793
2014	11.234793
2015	11.234793
2016	11.234793
2017	11.234793
2018	11.234793
2019	11.234793
2020	11.234793
2021	11.234793
2022	11.234793
2023	11.234793
2024	11.234793
2025	11.234793
2026	11.234793
2027	11.234793
2028	11.234793
2029	11.234793
2030	11.234793
2031	11.234793
2032	11.234793
2033	11.234793
2034	11.234793
2035	11.234793
2036	11.234793
2037	11.234793
2038	11.234793
2039	11.234793
2040	11.234793
2041	11.234793
2042	11.234793
2043	11.234793
2044	11.234793
2045	11.234793
2046	11.234793
2047	11.234793
2048	11.234793
2049	11.234793
2050	11.234793
2051	11.234793
2052	11.234793
2053	11.234793
2054	11.234793
2055	11.234793
2056	11.234793
2057	11.234793
2058	11.234793
2059	11.234793
2060	11.234793
2061	11.234793
2062	11.234793
2063	11.234793
2064	11.234793
2065	11.234793
2066	11.234793
2067	11.234793
2068	11.234793
2069	11.234793
2070	11.234793
2071	11.234793
2072	11.234793
2073	11.234793
2074	11.234793
2075	11.234793
2076	11.234793
2077	11.234793
2078	11.234793
2079	11.234793
2080	11.234793
2081	11.234793
2082	11.234793
2083	11.234793
2084	11.234793
2085	11.234793
2086	11.234793
2087	11.234793
2088	11.234793
2089	11.234793
2090	11.234793
2091	11.234793
2092	11.234793
2093	11.234793
2094	11.234793
2095	11.234793
2096	11.234793
2097	11.234793
2098	11.234793
2099	11.234793
2100	11.234793
2101	11.234793
2102	11.234793
2103	11.234793
2104	11.234793
2105	11.234793
2106	11.234793
2107	11.234793
2108	11.234793
2109	11.234793
2110	11.234793
2111	11.234793
2112	11.234793
2113	11.234793
2114	11.234793
2115	11.234793
2116	11.234793
2117	11.234793
2118	11.234793
2119	11.234793
2120	11.234793
2121	11.234793
2122	11.234793
2123	11.234793
2124	11.234793
2125	11.234793
2126	11.234793
2127	11.234793
2128	11.234793
2129	11.234793
2130	11.234793
2131	11.234793
2132	11.234793
2133	11.234793
2134	11.234793
2135	11.234793
2136	11.234793
2137	11.234793
2138	11.234793
2139	11.234793
2140	11.234793
2141	11.234793
2142	11.234793
2143	11.234793
2144	11.234793
2145	11.234793
2146	11.234793
2147	11.234793
2148	11.234793
2149	11.234793
2150	11.234793
2151	11.234793
2152	11.234793
2153	11.234793
2154	11.234793
2155	11.234793
2156	11.234793
2157	11.234793
2158	11.234793
2159	11.234793
2160	11.234793
2161	11.234793
2162	11.234793
2163	11.234793
2164	11.234793
2165	11.234793
2166	11.234793
2167	11.234793
2168	11.234793
2169	11.234793
2170	11.234793
2171	11.234793
2172	11.234793
2173	11.234793
2174	11.234793
2175	11.234793
2176	11.234793
2177	11.234793
2178	11.234793
2179	11.234793
2180	11.234793
2181	11.234793
2182	11.234793
2183	11.234793
2184	11.234793
2185	11.234793
2186	11.234793
2187	11.234793
2188	11.234793
2189	11.234793
2190	11.234793
2191	11.234793
2192	11.234793
2193	11.234793
2194	11.234793
2195	11.234793
2196	11.234793
2197	11.234793
2198	11.234793
2199	11.234793
2200	11.234793
2201	11.234793
2202	11.234793
2203	11.234793
2204	11.234793
2205	11.234793
2206	11.234793
2207	11.234793
2208	11.234793
2209	11.234793
2210	11.234793
2211	11.234793
2212	11.234793
2213	11.234793
2214	11.234793
2215	11.234793
2216	11.234793
2217	11.234793
2218	11.234793
2219	11.234793
2220	11.234793
2221	11.234793
2222	11.234793
2223	11.234793
2224	11.234793
2225	11.234793
2226	11.234793
2227	11.234793
2228	11.234793
2229	11.234793
2230	11.234793
2231	11.234793
2232	11.234793
2233	11.234793
2234	11.234793
2235	11.234793
2236	11.234793
2237	11.234793
2238	11.234793
2239	11.234793
2240	11.234793
2241	11.234793
2242	11.234793
2243	11.234793
2244	11.234793
2245	11.234793
2246	11.234793
2247	11.234793
2248	11.234793
2249	11.234793
2250	11.234793
2251	11.234793
2252	11.234793
2253	11.234793
2254	11.234793
2255	11.234793
2256	11.234793
2257	11.234793
2258	11.234793
2259	11.234793
2260	11.234793
2261	11.234793
2262	11.234793
2263	11.234793
2264	11.234793
2265	11.234793
2266	11.234793
2267	11.234793
2268	11.234793
2269	11.234793
2270	11.234793
2271	11.234793
2272	11.234793
2273	11.234793
2274	11.234793
2275	11.234793
2276	11.234793
2277	11.234793
2278	11.234793
2279	11.234793
2280	11.234793
2281	11.234793
2282	11.234793
2283	11.234793
2284	11.234793
2285	11.234793
2286	11.234793
2287	11.234793
2288	11.234793
2289	11.234793
2290	11.234793
2291	11.234793
2292	11.234793
2293	11.234793
2294	11.234793
2295	11.234793
2296	11.234793
2297	11.234793
2298	11.234793
2299	11.234793
2300	11.234793
2301	11.234793
2302	11.234793
2303	11.234793
2304	11.234793
2305	11.234793
2306	11.234793
2307	11.234793
2308	11.234793
2309	11.234793
2310	11.234793
2311	11.234793
2312	11.234793
2313	11.234793
2314	11.234793
2315	11.234793
2316	11.234793
2317	11.234793
2318	11.234793
2319	11.234793
2320	11.234793
2321	11.234793
2322	11.234793
2323	11.234793
2324	11.234793
2325	11.234793
2326	11.234793
2327	11.234793
2328	11.234793
2329	11.234793
2330	11.234793
2331	11.234793
2332	11.234793
2333	11.234793
2334	11.234793
2335	11.234793
2336	11.234793
2337	11.234793
2338	11.234793
2339	11.234793
2340	11.234793
2341	11.234793
2342	11.234793
2343	11.234793
2344	11.234793
2345	11.234793
2346	11.234793
2347	11.234793
2348	11.234793
2349	11.234793
2350	11.234793
2351	11.234793
2352	11.234793
2353	11.234793
2354	11.234793
2355	11.234793
2356	11.234793
2357	11.234793
2358	11.234793
2359	11.234793
2360	11.234793
2361	11.234793
2362	11.234793
2363	11.234793
2364	11.234793
2365	11.234793
2366	11.234793
2367	11.234793
2368	11.234793
2369	11.234793
2370	11.234793
2371	11.234793
2372	11.234793
2373	11.234793
2374	11.234793
2375	11.234793
2376	11.234793
2377	11.234793
2378	11.234793
2379	11.234793
2380	11.234793
2381	11.234793
2382	11.234793
2383	11.234793
2384	11.234793
2385	11.234793
2386	11.234793
2387	11.234793
2388	11.234793
2389	11.234793
2390	11.234793
2391	11.234793
2392	11.234793
2393	11.234793
2394	11.234793
2395	11.234793
2396	11.234793
2397	11.234793
2398	11.234793
2399	11.234793
2400	11.234793
2401	11.234793
2402	11.234793
2403	11.234793
2404	11.234793
2405	11.234793
2406	11.234793
2407	11.234793
2408	11.234793
2409	11.234793
2410	11.234793
2411	11.234793
2412	11.234793
2413	11.234793
2414	11.234793
2415	11.234793
2416	11.234793
2417	11.234793
2418	11.234793
2419	11.234793
2420	11.234793
2421	11.234793
2422	11.234793
2423	11.234793
2424	11.234793
2425	11.234793
2426	11.234793
2427	11.234793
2428	11.234793
2429	11.234793
2430	11.234793
2431	11.234793
2432	11.234793
2433	11.234793
2434	11.234793
2435	11.234793
2436	11.234793
2437	11.234793
2438	11.234793
2439	11.234793
2440	11.234793
2441	11.234793
2442	11.234793
2443	11.234793
2444	11.234793
2445	11.234793
2446	11.234793
2447	11.234793
2448	11.234793
2449	11.234793
2450	11.234793
2451	11.234793
2452	11.234793
2453	11.234793
2454	11.234793
2455	11.234793
2456	11.234793
2457	11.234793
2458	11.234793
2459	11.234793
2460	11.234793
2461	11.234793
2462	11.234793
2463	11.234793
2464	11.234793
2465	11.234793
2466	11.234793
2467	11.234793
2468	11.234793
2469	11.234793
2470	11.234793
2471	11.234793
2472	11.234793
2473	11.234793
2474	11.234793
2475	11.234793
2476	11.234793
2477	11.234793
2478	11.234793
2479	11.234793
2480	11.234793
2481	11.234793
2482	11.234793
2483	11.234793
2484	11.234793
2485	11.234793
2486	11.234793
2487	11.234793
2488	11.234793
2489	11.234793
2490	11.234793
2491	11.234793
2492	11.234793
2493	11.234793
2494	11.234793
2495	11.234793
2496	11.234793
2497	11.234793
2498	11.234793
2499	11.234793
2500	11.234793
2501	11.234793
2502	11.234793
2503	11.234793
2504	11.234793
2505	11.234793
2506	11.234793
2507	11.234793
2508	11.234793
2509	11.234793
2510	11.234793
2511	11.234793
2512	11.234793
2513	11.234793
2514	11.234793
2515	11.234793
2516	11.234793
2517	11.234793
2518	11.234793
2519	11.234793
2520	11.234793
2521	11.234793
2522	11.234793
2523	11.234793
2524	11.234793
2525	11.234793
2526	11.234793
2527	11.234793
2528	11.234793
2529	11.234793
2530	11.234793
2531	11.234793
2532	11.234793
2533	11.234793
2534	11.234793
2535	11.234793
2536	11.234793
2537	11.234793
2538	11.234793
2539	11.234793
2540	11.234793
2541	11.234793
2542	11.234793
2543	11.234793
2544	11.234793
2545	11.234793
2546	11.234793
2547	11.234793
2548	11.234793
2549	11.234793
2550	11.234793
2551	11.234793
2552	11.234793
2553	11.234793
2554	11.234793
2555	11.234793
2556	11.234793
2557	11.234793
2558	11.234793
2559	11.234793
2560	11.234793
2561	11.234793
2562	11.234793
2563	11.234793
2564	11.234793
2565	11.234793
2566	11.234793
2567	11.234793
2568	11.234793
2569	11.234793
2570	11.234793
2571	11.234793
2572	11.234793
2573	11.234793
2574	11.234793
2575	11.234793
2576	11.234793
2577	11.234793
2578	11.234793
2579	11.234793
2580	11.234793
2581	11.234793
2582	11.234793
2583	11.234793
2584	11.234793
2585	11.234793
2586	11.234793
2587	11.234793
2588	11.234793
2589	11.234793
2590	11.234793
2591	11.234793
2592	11.234793
2593	11.234793
2594	11.234793
2595	11.234793
2596	11.234793
2597	11.234793
2598	11.234793
2599	11.234793
2600	11.234793
2601	11.234793
2602	11.234793
2603	11.234793
2604	11.234793
2605	11.234793
2606	11.234793
2607	11.234793
2608	11.234793
2609	11.234793
2610	11.234793
2611	11.234793
2612	11.234793
2613	11.234793
2614	11.234793
2615	11.234793
2616	11.234793
2617	11.234793
2618	11.234793
2619	11.234793
2620	11.234793
2621	11.234793
2622	11.234793
2623	11.234793
2624	11.234793
2625	11.234793
2626	11.234793
2627	11.234793
2628	11.234793
2629	11.234793
2630	11.234793
2631	11.234793
2632	11.234793
2633	11.234793
2634	11.234793
2635	11.234793
2636	11.234793
2637	11.234793
2638	11.234793
2639	11.234793
2640	11.234793
2641	11.234793
2642	11.234793
2643	11.234793
2644	11.234793
2645	11.234793
2646	11.234793
2647	11.234793
2648	11.234793
2649	11.234793
2650	11.234793
2651	11.234793
2652	11.234793
2653	11.234793
2654	11.234793
2655	11.234793
2656	11.234793
2657	11.234793
2658	11.234793
2659	11.234793
2660	11.234793
2661	11.234793
2662	11.234793
2663	11.234793
2664	11.234793
2665	11.234793
2666	11.234793
2667	11.234793
2668	11.234793
2669	11.234793
2670	11.234793
2671	11.234793
2672	11.234793
2673	11.234793
2674	11.234793
2675	11.234793
2676	11.234793
2677	11.234793
2678	11.234793
2679	11.234793
2680	11.234793
2681	11.234793
2682	11.234793
2683	11.234793
2684	11.234793
2685	11.234793
2686	11.234793
2687	11.234793
2688	11.234793
2689	11.234793
2690	11.234793
2691	11.234793
2692	11.234793
2693	11.234793
2694	11.234793
2695	11.234793
2696	11.234793
2697	11.234793
2698	11.234793
2699	11.234793
2700	11.234793
2701	11.234793
2702	11.234793
2703	11.234793
2704	11.234793
2705	11.234793
2706	11.234793
2707	11.234793
2708	11.234793
2709	11.234793
2710	11.234793
2711	11.234793
2712	11.234793
2713	11.234793
2714	11.234793
2715	11.234793
2716	11.234793
2717	11.234793
2718	11.234793
2719	11.234793
2720	11.234793
2721	11.234793
2722	11.234793
2723	11.234793
2724	11.234793
2725	11.234793
2726	11.234793
2727	11.234793
2728	11.234793
2729	11.234793
2730	11.234793
2731	11.234793
2732	11.234793
2733	11.234793
2734	11.234793
2735	11.234793
2736	11.234793
2737	11.234793
2738	11.234793
2739	11.234793
2740	11.234793
2741	11.234793
2742	11.234793
2743	11.234793
2744	11.234793
2745	11.234793
2746	11.234793
2747	11.234793
2748	11.234793
2749	11.234793
2750	11.234793
2751	11.234793
2752	11.234793
2753	11.234793
2754	11.234793
2755	11.234793
2756	11.234793
2757	11.234793
2758	11.234793
2759	11.234793
2760	11.234793
2761	11.234793
2762	11.234793
2763	11.234793
2764	11.234793
2765	11.234793
2766	11.234793
2767	11.234793
2768	11.234793
2769	11.234793
2770	11.234793
2771	11.234793
2772	11.234793
2773	11.234793
2774	11.234793
2775	11.234793
2776	11.234793
2777	11.234793
2778	11.234793
2779	11.234793
2780	11.234793
2781	11.234793
2782	11.234793
2783	11.234793
2784	11.234793
2785	11.234793
2786	11.234793
2787	11.234793
2788	11.234793
2789	11.234793
2790	11.234793
2791	11.234793
2792	11.234793
2793	11.234793
2794	11.234793
2795	11.234793
2796	11.234793
2797	11.234793
2798	11.234793
2799	11.234793
2800	11.234793
2801	11.234793
2802	11.234793
2803	11.234793
2804	11.234793
2805	11.234793
2806	11.234793
2807	11.234793
2808	11.234793
2809	11.234793
2810	11.234793
2811	11.234793
2812	11.234793
2813	11.234793
2814	11.234793
2815	11.234793
2816	11.234793
2817	11.234793
2818	11.234793
2819	11.234793
2820	11.234793
2821	11.234793
2822	11.234793
2823	11.234793
2824	11.234793
2825	11.234793
2826	11.234793
2827	11.234793
2828	11.234793
2829	11.234793
2830	11.234793
2831	11.234793
2832	11.234793
2833	11.234793
2834	11.234793
2835	11.234793
2836	11.234793
2837	11.234793
2838	11.234793
2839	11.234793
2840	11.234793
2841	11.234793
2842	11.234793
2843	11.234793
2844	11.234793
2845	11.234793
2846	11.234793
2847	11.234793
2848	11.234793
2849	11.234793
2850	11.234793
2851	11.234793
2852	11.234793
2853	11.234793
2854	11.234793
2855	11.234793
2856	11.234793
2857	11.234793
2858	11.234793
2859	11.234793
2860	11.234793
2861	11.234793
2862	11.234793
2863	11.234793
2864	11.234793
2865	11.234793
2866	11.234793
2867	11.234793
2868	11.234793
2869	11.234793
2870	11.234793
2871	11.234793
2872	11.234793
2873	11.234793
2874	11.234793
2875	11.234793
2876	11.234793
2877	11.234793
2878	11.234793
2879	11.234793
2880	11.234793
2881	11.234793
2882	11.234793
2883	11.234793
2884	11.234793
2885	11.234793
2886	11.234793
2887	11.234793
2888	11.234793
2889	11.234793
2890	11.234793
2891	11.234793
2892	11.234793
2893	11.234793
2894	11.234793
2895	11.234793
2896	11.234793
2897	11.234793
2898	11.234793
2899	11.234793
2900	11.234793
2901	11.234793
2902	11.234793
2903	11.234793
2904	11.234793
2905	11.234793
2906	11.234793
2907	11.234793
2908	11.234793
2909	11.234793
2910	11.234793
2911	11.234793
2912	11.234793
2913	11.234793
2914	11.234793
2915	11.234793
2916	11.234793
2917	11.234793
2918	11.234793
2919	11.234793
2920	11.234793
2921	11.234793
2922	11.234793
2923	11.234793
2924	11.234793
2925	11.234793
2926	11.234793
2927	11.234793
2928	11.234793
2929	11.234793
2930	11.234793
2931	11.234793
2932	11.234793
2933	11.234793
2934	11.234793
2935	11.234793
2936	11.234793
2937	11.234793
2938	11.234793
2939	11.234793
2940	11.234793
2941	11.234793
2942	11.234793
2943	11.234793
2944	11.234793
2945	11.234793
2946	11.234793
2947	11.234793
2948	11.234793
2949	11.234793
2950	11.234793
2951	11.234793
2952	11.234793
2953	11.234793
2954	11.234793
2955	11.234793
2956	11.234793
2957	11.234793
2958	11.234793
2959	11.234793
2960	11.234793
2961	11.234793
2962	11.234793
2963	11.234793
2964	11.234793
2965	11.234793
2966	11.234793
2967	11.234793
2968	11.234793
2969	11.234793
2970	11.234793
2971	11.234793
2972	11.234793
2973	11.234793
2974	11.234793
2975	11.234793
2976	11.234793
2977	11.234793
2978	11.234793
2979	11.234793
2980	11.234793
2981	11.234793
2982	11.234793
2983	11.234793
2984	11.234793
2985	11.234793
2986	11.234793
2987	11.234793
2988	11.234793
2989	11.234793
2990	11.234793
2991	11.234793
2992	11.234793
2993	11.234793
2994	11.234793
2995	11.234793
2996	11.234793
2997	11.234793
2998	11.234793
2999	11.234793
3000	11.234793
3001	11.234793
3002	11.234793
3003	11.234793
3004	11.234793
3005	11.234793
3006	11.234793
3007	11.234793
3008	11.234793
3009	11.234793
3010	11.234793
3011	11.234793
3012	11.234793
3013	11.234793
3014	11.234793
3015	11.234793
3016	11.234793
3017	11.234793
3018	11.234793
3019	11.234793
3020	11.234793
3021	11.234793
3022	11.234793
3023	11.234793
3024	11.234793
3025	11.234793
3026	11.234793
3027	11.234793
3028	11.234793
3029	11.234793
3030	11.234793
3031	11.234793
3032	11.234793
3033	11.234793
3034	11.234793
3035	11.234793
3036	11.234793
3037	11.234793
3038	11.234793
3039	11.234793
3040	11.234793
3041	11.234793
3042	11.234793
3043	11.234793
3044	11.234793
3045	11.234793
3046	11.234793
3047	11.234793
3048	11.234793
3049	11.234793
3050	11.234793
3051	11.234793
3052	11.234793
3053	11.234793
3054	11.234793
3055	11.234793
3056	11.234793
3057	11.234793
3058	11.234793
3059	11.234793
3060	11.234793
3061	11.234793
3062	11.234793
3063	11.234793
3064	11.234793
3065	11.234793
3066	11.234793
3067	11.234793
3068	11.234793
3069	11.234793
3070	11.234793
3071	11.234793
3072	11.234793
3073	11.234793
3074	11.234793
3075	11.234793
3076	11.234793
3077	11.234793
3078	11.234793
3079	11.234793
3080	11.234793
3081	11.234793
3082	11.234793
3083	11.234793
3084	11.234793
3085	11.234793
3086	11.234793
3087	11.234793
3088	11.234793
3089	11.234793
3090	11.234793
3091	11.234793
3092	11.234793
3093	11.234793
3094	11.234793
3095	11.234793
3096	11.234793
3097	11.234793
3098	11.234793
3099	11.234793
3100	11.234793
3101	11.234793
3102	11.234793
3103	11.234793
3104	11.234793
3105	11.234793
3106	11.234793
3107	11.234793
3108	11.234793
3109	11.234793
3110	11.234793
3111	11.234793
3112	11.234793
3113	11.234793
3114	11.234793
3115	11.234793
3116	11.234793
3117	11.234793
3118	11.234793
3119	11.234793
3120	11.234793
3121	11.234793
3122	11.234793
3123	11.234793
3124	11.234793
3125	11.234793
3126	11.234793
3127	11.234793
3128	11.234793
3129	11.234793
3130	11.234793
3131	11.234793
3132	11.234793
3133	11.234793
3134	11.234793
3135	11.234793
3136	11.234793
3137	11.234793
3138	11.234793
3139	11.234793
3140	11.234793
3141	11.234793
3142	11.234793
3143	11.234793
3144	11.234793
3145	11.234793
3146	11.234793
3147	11.234793
3148	11.234793
3149	11.234793
3150	11.234793
3151	11.234793
3152	11.234793
3153	11.234793
3154	11.234793
3155	11.234793
3156	11.234793
3157	11.234793
3158	11.234793
3159	11.234793
3160	11.234793
3161	11.234793
3162	11.234793
3163	11.234793
3164	11.234793
3165	11.234793
3166	11.234793
3167	11.234793
3168	11.234793
3169	11.234793
3170	11.234793
3171	11.234793
3172	11.234793
3173	11.234793
3174	11.234793
3175	11.234793
3176	11.234793
3177	11.234793
3178	11.234793
3179	11.234793
3180	11.234793
3181	11.234793
3182	11.234793
3183	11.234793
3184	11.234793
3185	11.234793
3186	11.234793
3187	11.234793
3188	11.234793
3189	11.234793
3190	11.234793
3191	11.234793
3192	11.234793
3193	11.234793
3194	11.234793
3195	11.234793
3196	11.234793
3197	11.234793
3198	11.234793
3199	11.234793
3200	11.234793
3201	11.234793
3202	11.234793
3203	11.234793
3204	11.234793
3205	11.234793
3206	11.234793
3207	11.234793
3208	11.234793
3209	11.234793
3210	11.234793
3211	11.234793
3212	11.234793
3213	11.234793
3214	11.234793
3215	11.234793
3216	11.234793
3217	11.234793
3218	11.234793
3219	11.234793
3220	11.234793
3221	11.234793
3222	11.234793
3223	11.234793
3224	11.234793
3225	11.234793
3226	11.234793
3227	11.234793
3228	11.234793
3229	11.234793
3230	11.234793
3231	11.234793
3232	11.234793
3233	11.234793
3234	11.234793
3235	11.234793
3236	11.234793
3237	11.234793
3238	11.234793
3239	11.234793
3240	11.234793
3241	11.234793
3242	11.234793
3243	11.234793
3244	11.234793
3245	11.234793
3246	11.234793
3247	11.234793
3248	11.234793
3249	11.234793
3250	11.234793
3251	11.234793
3252	11.234793
3253	11.234793
3254	11.234793
3255	11.234793
3256	11.234793
3257	11.234793
3258	11.234793
3259	11.234793
3260	11.234793
3261	11.234793
3262	11.234793
3263	11.234793
3264	11.234793
3265	11.234793
3266	11.234793
3267	11.234793
3268	11.234793
3269	11.234793
3270	11.234793
3271	11.234793
3272	11.234793
3273	11.234793
3274	11.234793
3275	11.234793
3276	11.234793
3277	11.234793
3278	11.234793
3279	11.234793
3280	11.234793
3281	11.234793
3282	11.234793
3283	11.234793
3284	11.234793
3285	11.234793
3286	11.234793
3287	11.234793
3288	11.234793
3289	11.234793
3290	11.234793
3291	11.234793
3292	11.234793
3293	11.234793
3294	11.234793
3295	11.234793
3296	11.234793
3297	11.234793
3298	11.234793
3299	11.234793
3300	11.234793
3301	11.234793
3302	11.234793
3303	11.234793
3304	11.234793
3305	11.234793
3306	11.234793
3307	11.234793
3308	11.234793
3309	11.234793
3310	11.234793
3311	11.234793
3312	11.234793
3313	11.234793
3314	11.234793
3315	11.234793
3316	11.234793
3317	11.234793
3318	11.234793
3319	11.234793
3320	11.234793
3321	11.234793
3322	11.234793
3323	11.234793
3324	11.234793
3325	11.234793
3326	11.234793
3327	11.234793
3328	11.234793
3329	11.234793
3330	11.234793
3331	11.234793
3332	11.234793
3333	11.234793
3334	11.234793
3335	11.234793
3336	11.234793
3337	11.234793
3338	11.234793
3339	11.234793
3340	11.234793
3341	11.234793
3342	11.234793
3343	11.234793
3344	11.234793
3345	11.234793
3346	11.234793
3347	11.234793
3348	11.234793
3349	11.234793
3350	11.234793
3351	11.234793
3352	11.234793
3353	11.234793
3354	11.234793
3355	11.234793
3356	11.234793
3357	11.234793
3358	11.234793
3359	11.234793
3360	11.234793
3361	11.234793
3362	11.234793
3363	11.234793
3364	11.234793
3365	11.234793
3366	11.234793
3367	11.234793
3368	11.234793
3369	11.234793
3370	11.234793
3371	11.234793
3372	11.234793
3373	11.234793
3374	11.234793
3375	11.234793
3376	11.234793
3377	11.234793
3378	11.234793
3379	11.234793
3380	11.234793
3381	11.234793
3382	11.234793
3383	11.234793
3384	11.234793
3385	11.234793
3386	11.234793
3387	11.234793
3388	11.234793
3389	11.234793
3390	11.234793
3391	11.234793
3392	11.234793
3393	11.234793
3394	11.234793
3395	11.234793
3396	11.234793
3397	11.234793
3398	11.234793
3399	11.234793
3400	11.234793
3401	11.234793
3402	11.234793
3403	11.234793
3404	11.234793
3405	11.234793
3406	11.234793
3407	11.234793
3408	11.234793
3409	11.234793
3410	11.234793
3411	11.234793
3412	11.234793
3413	11.234793
3414	11.234793
3415	11.234793
3416	11.234793
3417	11.234793
3418	11.234793
3419	11.234793
3420	11.234793
3421	11.234793
3422	11.234793
3423	11.234793
3424	11.234793
3425	11.234793
3426	11.234793
3427	11.234793
3428	11.234793
3429	11.234793
3430	11.234793
3431	11.234793
3432	11.234793
3433	11.234793
3434	11.234793
3435	11.234793
3436	11.234793
3437	11.234793
3438	11.234793
3439	11.234793
3440	11.234793
3441	11.234793
3442	11.234793
3443	11.234793
3444	11.234793
3445	11.234793
3446	11.234793
3447	11.234793
3448	11.234793
3449	11.234793
3450	11.234793
3451	11.234793
3452	11.234793
3453	11.234793
3454	11.234793
3455	11.234793
3456	11.234793
3457	11.234793
3458	11.234793
3459	11.234793
3460	11.234793
3461	11.234793
3462	11.234793
3463	11.234793
3464	11.234793
3465	11.234793
3466	11.234793
3467	11.234793
3468	11.234793
3469	11.234793
3470	11.234793
3471	11.234793
3472	11.234793
3473	11.234793
3474	11.234793
3475	11.234793
3476	11.234793
3477	11.234793
3478	11.234793
3479	11.234793
3480	11.234793
3481	11.234793
3482	11.234793
3483	11.234793
3484	11.234793
3485	11.234793
3486	11.234793
3487	11.234793
3488	11.234793
3489	11.234793
3490	11.234793
3491	11.234793
3492	11.234793
3493	11.234793
3494	11.234793
3495	11.234793
3496	11.234793
3497	11.234793
3498	11.234793
3499	11.234793
3500	11.234793
3501	11.234793
3502	11.234793
3503	11.234793
3504	11.234793
3505	11.234793
3506	11.234793
3507	11.234793
3508	11.234793
3509	11.234793
3510	11.234793
3511	11.234793
3512	11.234793
3513	11.234793
3514	11.234793
3515	11.234793
3516	11.234793
3517	11.234793
3518	11.234793
3519	11.234793
3520	11.234793
3521	11.234793
3522	11.234793
3523	11.234793
3524	11.234793
3525	11.234793
3526	11.234793
3527	11.234793
3528	11.234793
3529	11.234793
3530	11.234793
3531	11.234793
3532	11.234793
3533	11.234793
3534	11.234793
3535	11.234793
3536	11.234793
3537	11.234793
3538	11.234793
3539	11.234793
3540	11.234793
3541	11.234793
3542	11.234793
3543	11.234793
3544	11.234793
3545	11.234793
3546	11.234793
3547	11.234793
3548	11.234793
3549	11.234793
3550	11.234793
3551	11.234793
3552	11.234793
3553	11.234793
3554	11.234793
3555	11.234793
3556	11.234793
3557	11.234793
3558	11.234793
3559	11.234793
3560	11.234793
3561	11.234793
3562	11.234793
3563	11.234793
3564	11.234793
3565	11.234793
3566	11.234793
3567	11.234793
3568	11.234793
3569	11.234793
3570	11.234793
3571	11.234793
3572	11.234793
3573	11.234793
3574	11.234793
3575	11.234793
3576	11.234793
3577	11.234793
3578	11.234793
3579	11.234793
3580	11.234793
3581	11.234793
3582	11.234793
3583	11.234793
3584	11.234793
3585	11.234793
3586	11.234793
3587	11.234793
3588	11.234793
3589	11.234793
3590	11.234793
3591	11.234793
3592	11.234793
3593	11.234793
3594	11.234793
3595	11.234793
3596	11.234793
3597	11.234793
3598	11.234793
3599	11.234793
3600	11.234793
3601	11.234793
3602	11.234793
3603	11.234793
3604	11.234793
3605	11.234793
3606	11.234793
3607	11.234793
3608	11.234793
3609	11.234793
3610	11.234793
3611	11.234793
3612	11.234793
3613	11.234793
3614	11.234793
3615	11.234793
3616	11.234793
3617	11.234793
3618	11.234793
3619	11.234793
3620	11.234793
3621	11.234793
3622	11.234793
3623	11.234793
3624	11.234793
3625	11.234793
3626	11.234793
3627	11.234793
3628	11.234793
3629	11.234793
3630	11.234793
3631	11.234793
3632	11.234793
3633	11.234793
3634	11.234793
3635	11.234793
3636	11.234793
3637	11.234793
3638	11.234793
3639	11.234793
3640	11.234793
3641	11.234793
3642	11.234793
3643	11.234793
3644	11.234793
3645	11.234793
3646	11.234793
3647	11.234793
3648	11.234793
3649	11.234793
3650	11.234793
3651	11.234793
3652	11.234793
3653	11.234793
3654	11.234793
3655	11.234793
3656	11.234793
3657	11.234793
3658	11.234793
3659	11.234793
3660	11.234793
3661	11.234793
3662	11.234793
3663	11.234793
3664	11.234793
3665	11.234793
3666	11.234793
3667	11.234793
3668	11.234793
3669	11.234793
3670	11.234793
3671	11.234793
3672	11.234793
3673	11.234793
3674	11.234793
3675	11.234793
3676	11.234793
3677	11.234793
3678	11.234793
3679	11.234793
3680	11.234793
3681	11.234793
3682	11.234793
3683	11.234793
3684	11.234793
3685	11.234793
3686	11.234793
3687	11.234793
3688	11.234793
3689	11.234793
3690	11.234793
3691	11.234793
3692	11.234793
3693	11.234793
3694	11.234793
3695	11.234793
3696	11.234793
3697	11.234793
3698	11.234793
3699	11.234793
3700	11.234793
3701	11.234793
3702	11.234793
3703	11.234793
3704	11.234793
3705	11.234793
3706	11.234793
3707	11.234793
3708	11.234793
3709	11.234793
3710	11.234793
3711	11.234793
3712	11.234793
3713	11.234793
3714	11.234793
3715	11.234793
3716	11.234793
3717	11.234793
3718	11.234793
3719	11.234793
3720	11.234793
3721	11.234793
3722	11.234793
3723	11.234793
3724	11.234793
3725	11.234793
3726	11.234793
3727	11.234793
3728	11.234793
3729	11.234793
3730	11.234793
3731	11.234793
3732	11.234793
3733	11.234793
3734	11.234793
3735	11.234793
3736	11.234793
3737	11.234793
3738	11.234793
3739	11.234793
3740	11.234793
3741	11.234793
3742	11.234793
3743	11.234793
3744	11.234793
3745	11.234793
3746	11.234793
3747	11.234793
3748	11.234793
3749	11.234793
3750	11.234793
3751	11.234793
3752	11.234793
3753	11.234793
3754	11.234793
3755	11.234793
3756	11.234793
3757	11.234793
3758	11.234793
3759	11.234793
3760	11.234793
3761	11.234793
3762	11.234793
3763	11.234793
3764	11.234793
3765	11.234793
3766	11.234793
3767	11.234793
3768	11.234793
3769	11.234793
3770	11.234793
3771	11.234793
3772	11.234793
3773	11.234793
3774	11.234793
3775	11.234793
3776	11.234793
3777	11.234793
3778	11.234793
3779	11.234793
3780	11.234793
3781	11.234793
3782	11.234793
3783	11.234793
3784	11.234793
3785	11.234793
3786	11.234793
3787	11.234793
3788	11.234793
3789	11.234793
3790	11.234793
3791	11.234793
3792	11.234793
3793	11.234793
3794	11.234793
3795	11.234793
3796	11.234793
3797	11.234793
3798	11.234793
3799	11.234793
3800	11.234793
3801	11.234793
3802	11.234793
3803	11.234793
3804	11.234793
3805	11.234793
3806	11.234793
3807	11.234793
3808	11.234793
3809	11.234793
3810	11.234793
3811	11.234793
3812	11.234793
3813	11.234793
3814	11.234793
3815	11.234793
3816	11.234793
3817	11.234793
3818	11.234793
3819	11.234793
3820	11.234793
3821	11.234793
3822	11.234793
3823	11.234793
3824	11.234793
3825	11.234793
3826	11.234793
3827	11.234793
3828	11.234793
3829	11.234793
3830	11.234793
3831	11.234793
3832	11.234793
3833	11.234793
3834	11.234793
3835	11.234793
3836	11.234793
3837	11.234793
3838	11.234793
3839	11.234793
3840	11.234793
3841	11.234793
3842	11.234793
3843	11.234793
3844	11.234793
3845	11.234793
3846	11.234793
3847	11.234793
3848	11.234793
3849	11.234793
3850	11.234793
3851	11.234793
3852	11.234793
3853	11.234793
3854	11.234793
3855	11.234793
3856	11.234793
3857	11.234793
3858	11.234793
3859	11.234793
3860	11.234793
3861	11.234793
3862	11.234793
3863	11.234793
3864	11.234793
3865	11.234793
3866	11.234793
3867	11.234793
3868	11.234793
3869	11.234793
3870	11.234793
3871	11.234793
3872	11.234793
3873	11.234793
3874	11.234793
3875	11.234793
3876	11.234793
3877	11.234793
3878	11.234793
3879	11.234793
3880	11.234793
3881	11.234793
3882	11.234793
3883	11.234793
3884	11.234793
3885	11.234793
3886	11.234793
3887	11.234793
3888	11.234793
3889	11.234793
3890	11.234793
3891	11.234793
3892	11.234793
3893	11.234793
3894	11.234793
3895	11.234793
3896	11.234793
3897	11.234793
3898	11.234793
3899	11.234793
3900	11.234793
3901	11.234793
3902	11.234793
3903	11.234793
3904	11.234793
3905	11.234793
3906	11.234793
3907	11.234793
3908	11.234793
3909	11.234793
3910	11.234793
3911	11.234793
3912	11.234793
3913	11.234793
3914	11.234793
3915	11.234793
3916	11.234793
3917	11.234793
3918	11.234793
3919	11.234793
3920	11.234793
3921	11.234793
3922	11.234793
3923	11.234793
3924	11.234793
3925	11.234793
3926	11.234793
3927	11.234793
3928	11.234793
3929	11.234793
3930	11.234793
3931	11.234793
3932	11.234793
3933	11.234793
3934	11.234793
3935	11.234793
3936	11.234793
3937	11.234793
3938	11.234793
3939	11.234793
3940	11.234793
3941	11.234793
3942	11.234793
3943	11.234793
3944	11.234793
3945	11.234793
3946	11.234793
3947	11.234793
3948	11.234793
3949	11.234793
3950	11.234793
3951	11.234793
3952	11.234793
3953	11.234793
3954	11.234793
3955	11.234793
3956	11.234793
3957	11.234793
3958	11.234793
3959	11.234793
3960	11.234793
3961	11.234793
3962	11.234793
3963	11.234793
3964	11.234793
3965	11.234793
3966	11.234793
3967	11.234793
3968	11.234793
3969	11.234793
3970	11.234793
3971	11.234793
3972	11.234793
3973	11.234793
3974	11.234793
3975	11.234793
3976	11.234793
3977	11.234793
3978	11.234793
3979	11.234793
3980	11.234793
3981	11.234793
3982	11.234793
3983	11.234793
3984	11.234793
3985	11.234793
3986	11.234793
3987	11.234793
3988	11.234793
3989	11.234793
3990	11.234793
3991	11.234793
3992	11.234793
3993	11.234793
3994	11.234793
3995	11.234793
3996	11.234793
3997	11.234793
3998	11.234793
3999	11.234793
4000	11.234793
4001	11.234793
4002	11.234793
4003	11.234793
4004	11.234793
4005	11.234793
4006	11.234793
4007	11.234793
4008	11.234793
4009	11.234793
4010	11.234793
4011	11.234793
4012	11.234793
4013	11.234793
4014	11.234793
4015	11.234793
4016	11.234793
4017	11.234793
4018	11.234793
4019	11.234793
4020	11.234793
4021	11.234793
4022	11.234793
4023	11.234793
4024	11.234793
4025	11.234793
4026	11.234793
4027	11.234793
4028	11.234793
4029	11.234793
4030	11.234793
4031	11.234793
4032	11.234793
4033	11.234793
4034	11.234793
4035	11.234793
4036	11.234793
4037	11.234793
4038	11.234793
4039	11.234793
4040	11.234793
4041	11.234793
4042	11.234793
4043	11.234793
4044	11.234793
4045	11.234793
4046	11.234793
4047	11.234793
4048	11.234793
4049	11.234793
4050	11.234793
4051	11.234793
4052	11.234793
4053	11.234793
4054	11.234793
4055	11.234793
4056	11.234793
4057	11.234793
4058	11.234793
4059	11.234793
4060	11.234793
4061	11.234793
4062	11.234793
