1	7.090443
2	7.122189
3	7.160848
4	6.815268
5	6.881057
6	6.861963
7	6.894581
8	6.894581
9	6.896315
10	6.90635
11	6.913046
12	6.809523
13	6.84204
14	6.915538
15	6.917558
16	7.186056
17	7.189215
18	7.231499
19	7.293791
20	7.297439
21	7.313741
22	7.412411
23	7.579679
24	7.465457
25	7.465457
26	7.466215
27	7.499937
28	7.534713
29	7.534713
30	7.586963
31	7.586963
32	7.852077
33	7.852855
34	7.842743
35	7.850036
36	7.850307
37	7.850307
38	7.868325
39	7.897361
40	7.897361
41	7.662304
42	7.722892
43	7.817404
44	7.836529
45	7.893523
46	7.893523
47	8.030983
48	8.129539
49	8.167115
50	8.175215
51	8.167329
52	8.167329
53	8.181495
54	8.182179
55	8.221689
56	8.275443
57	8.275443
58	8.275443
59	8.072505
60	8.072505
61	8.072505
62	8.122437
63	8.128848
64	8.075634
65	8.039939
66	8.039939
67	8.180093
68	8.187668
69	8.130674
70	8.130674
71	8.139646
72	7.949827
73	7.963451
74	7.963451
75	7.924111
76	7.924111
77	7.933549
78	8.098175
79	8.098175
80	8.012633
81	8.052737
82	8.059559
83	8.134934
84	8.035332
85	8.080404
86	8.080965
87	8.080965
88	8.083327
89	8.083327
90	8.187129
91	8.187129
92	8.242169
93	8.107747
94	8.204867
95	8.204867
96	8.429291
97	8.472698
98	8.111694
99	8.111694
100	8.111694
101	8.111694
102	8.111694
103	8.111694
104	8.111694
105	8.111694
106	8.006769
107	8.006769
108	8.006769
109	8.006769
110	8.042571
111	8.042571
112	8.227513
113	8.193746
114	8.193746
115	8.195262
116	8.195262
117	8.195262
118	8.195937
119	8.195937
120	8.225829
121	8.08837
122	8.08837
123	8.289231
124	8.390428
125	8.460908
126	8.460908
127	8.460908
128	8.431452
129	8.431452
130	8.427747
131	8.434317
132	8.434317
133	8.434317
134	8.465122
135	8.405188
136	8.405188
137	8.512304
138	8.544343
139	8.799608
140	8.937661
141	8.945521
142	8.945521
143	9.168998
144	9.251264
145	9.465304
146	9.548647
147	9.548647
148	9.548647
149	9.548647
150	9.418156
151	9.440728
152	9.446661
153	9.446661
154	9.446661
155	9.446661
156	9.543868
157	9.417503
158	9.417503
159	9.417503
160	9.417503
161	9.417503
162	9.253726
163	9.253726
164	9.42239
165	9.42239
166	9.42239
167	9.323834
168	9.367554
169	9.367554
170	9.259753
171	9.42353
172	9.454715
173	9.553271
174	9.553271
175	9.598618
176	9.598618
177	9.669024
178	9.669024
179	9.675
180	9.675
181	9.675
182	9.675
183	9.604594
184	9.604594
185	9.604594
186	9.642398
187	9.543842
188	9.543842
189	9.560315
190	9.560315
191	9.560315
192	9.560315
193	9.52913
194	9.517518
195	9.603522
196	9.54702
197	9.57567
198	9.57567
199	9.57567
200	9.665401
201	9.673759
202	9.673759
203	9.673759
204	9.73923
205	9.639066
206	9.670251
207	9.670251
208	9.580481
209	9.580481
210	9.717768
211	9.717768
212	9.717768
213	9.749898
214	9.749898
215	9.749898
216	9.749898
217	9.718713
218	9.718713
219	9.718713
220	9.717839
221	9.849972
222	9.849972
223	9.849972
224	9.87474
225	9.87474
226	9.87474
227	9.880236
228	9.880236
229	9.85551
230	9.85551
231	9.758303
232	9.804008
233	9.804008
234	9.804008
235	9.804008
236	9.804008
237	9.804008
238	9.804008
239	9.804008
240	9.804008
241	9.909166
242	9.909166
243	9.909166
244	9.909166
245	9.898221
246	9.898221
247	9.907581
248	9.907581
249	9.907581
250	9.907581
251	9.907581
252	9.907581
253	9.907581
254	9.907581
255	9.907581
256	9.907581
257	9.884787
258	9.989891
259	9.989891
260	9.984937
261	9.984937
262	9.988737
263	9.988737
264	9.988737
265	9.988737
266	10.009917
267	10.009917
268	10.041102
269	10.050178
270	10.050178
271	10.116644
272	10.116644
273	10.116644
274	10.116644
275	10.116644
276	10.02988
277	10.02988
278	10.001622
279	10.001622
280	10.148703
281	10.148703
282	10.09816
283	10.09816
284	9.931192
285	9.947645
286	9.981203
287	9.888545
288	9.888545
289	9.916803
290	9.895719
291	9.895719
292	9.895719
293	9.895719
294	10.060093
295	10.060093
296	10.060093
297	10.060093
298	10.060093
299	10.060093
300	10.076277
301	10.076277
302	10.076277
303	10.076277
304	10.076277
305	10.076277
306	10.076277
307	10.081299
308	10.081299
309	10.081299
310	10.081299
311	10.081299
312	10.081299
313	10.081299
314	10.081299
315	9.976979
316	9.976979
317	10.103409
318	10.103409
319	10.103409
320	10.103409
321	10.103409
322	10.126076
323	10.127844
324	10.126076
325	10.126076
326	10.126076
327	10.126076
328	10.032247
329	10.032247
330	10.032247
331	10.056724
332	10.056724
333	10.056724
334	10.056724
335	10.056724
336	10.056724
337	10.127118
338	10.127118
339	10.127118
340	10.127118
341	10.127118
342	10.127118
343	10.131465
344	10.131465
345	10.243731
346	10.243731
347	10.418055
348	10.418055
349	10.418055
350	10.418055
351	10.418055
352	10.418055
353	10.418055
354	10.452482
355	10.452482
356	10.452482
357	10.452482
358	10.452482
359	10.452482
360	10.452482
361	10.452482
362	10.483327
363	10.483327
364	10.483327
365	10.532426
366	10.532426
367	10.532426
368	10.412083
369	10.412083
370	10.412083
371	10.412083
372	10.412083
373	10.412083
374	10.377656
375	10.377656
376	10.377656
377	10.377656
378	10.210523
379	10.210523
380	10.210523
381	10.210523
382	10.28077
383	10.28077
384	10.28077
385	10.28077
386	10.28077
387	10.281538
388	10.281538
389	10.339642
390	10.339642
391	10.339642
392	10.339642
393	9.969926
394	10.030305
395	10.030305
396	9.99535
397	9.99535
398	9.99535
399	9.99535
400	9.99535
401	9.99535
402	9.99535
403	9.99535
404	9.99535
405	9.99535
406	9.99535
407	9.99535
408	9.907383
409	9.907383
410	9.907383
411	9.907383
412	9.907383
413	9.795117
414	9.8336
415	9.8336
416	9.8336
417	9.8336
418	9.8336
419	9.8336
420	9.954949
421	9.954949
422	9.954949
423	9.954949
424	9.840514
425	9.840514
426	9.840514
427	9.840514
428	9.840514
429	9.840514
430	9.912562
431	9.912562
432	9.912562
433	10.024828
434	10.024828
435	10.024828
436	10.024828
437	10.059255
438	10.059255
439	9.968511
440	9.876625
441	9.876625
442	9.876625
443	9.876625
444	9.84875
445	9.84875
446	9.84875
447	9.84875
448	9.84875
449	9.835218
450	9.875882
451	9.875882
452	9.875882
453	9.875882
454	9.875882
455	9.875882
456	9.875882
457	9.875882
458	9.875882
459	9.875882
460	9.875882
461	9.998828
462	9.998828
463	9.998828
464	10.032459
465	10.032459
466	10.032459
467	10.032459
468	10.084127
469	10.084127
470	10.084127
471	10.084127
472	10.084127
473	10.084127
474	10.13527
475	10.047399
476	10.047399
477	10.047399
478	10.047399
479	10.047399
480	10.047399
481	10.047399
482	10.047399
483	10.047399
484	10.047399
485	10.047399
486	9.983719
487	9.983719
488	9.983719
489	9.983719
490	9.956005
491	9.956005
492	9.956005
493	9.956005
494	9.956005
495	9.956005
496	9.956005
497	9.956005
498	9.956005
499	9.956005
500	9.956005
501	9.956005
502	10.026451
503	10.117195
504	10.117195
505	10.117195
506	10.117195
507	10.117195
508	10.117195
509	10.114326
510	10.114326
511	10.142186
512	10.142186
513	10.142186
514	10.142186
515	10.142186
516	10.149186
517	10.149186
518	10.149186
519	10.149186
520	10.149186
521	10.241271
522	10.241271
523	10.241271
524	10.241271
525	10.061818
526	10.104528
527	10.104528
528	10.112597
529	10.112597
530	10.112597
531	10.168057
532	10.3048
533	10.3048
534	10.3048
535	10.3048
536	10.3048
537	10.3048
538	10.3048
539	10.3048
540	10.3048
541	10.3048
542	10.3048
543	10.3048
544	10.3048
545	10.3048
546	10.124518
547	10.124518
548	10.124518
549	10.124518
550	10.124518
551	10.124518
552	10.330167
553	10.330167
554	10.330167
555	10.330167
556	10.330167
557	10.330167
558	10.322804
559	10.322804
560	10.322804
561	10.322804
562	10.322804
563	10.322804
564	10.322804
565	10.31365
566	10.31365
567	10.402603
568	10.402603
569	10.402603
570	10.402603
571	10.402603
572	10.402603
573	10.402603
574	10.402603
575	10.402603
576	10.402603
577	10.402603
578	10.402603
579	10.402603
580	10.402603
581	10.402603
582	10.35423
583	10.35423
584	10.35423
585	10.35423
586	10.35423
587	10.35423
588	10.310649
589	10.310649
590	10.221696
591	10.221696
592	10.221696
593	10.221696
594	10.285376
595	10.285376
596	10.285376
597	10.285376
598	10.285376
599	10.30249
600	10.30249
601	10.30249
602	10.30249
603	10.30249
604	10.30249
605	10.286172
606	10.286172
607	10.286172
608	10.277339
609	10.277339
610	10.277339
611	10.277339
612	10.277339
613	10.337819
614	10.337819
615	10.337819
616	10.337819
617	10.354137
618	10.356763
619	10.356763
620	10.356763
621	10.356763
622	10.365917
623	10.365917
624	10.365917
625	10.365917
626	10.365917
627	10.365917
628	10.365917
629	10.365917
630	10.365917
631	10.365917
632	10.365917
633	10.365917
634	10.365917
635	10.365917
636	10.365917
637	10.365917
638	10.365917
639	10.365917
640	10.365917
641	10.365917
642	10.365917
643	10.365917
644	10.365917
645	10.365917
646	10.365917
647	10.365917
648	10.365917
649	10.365917
650	10.365917
651	10.342819
652	10.333665
653	10.333665
654	10.333665
655	10.352308
656	10.352308
657	10.352308
658	10.352308
659	10.352308
660	10.352308
661	10.352308
662	10.352308
663	10.352308
664	10.352308
665	10.352308
666	10.352308
667	10.352308
668	10.352308
669	10.352308
670	10.352308
671	10.371582
672	10.371582
673	10.371582
674	10.371582
675	10.371582
676	10.371582
677	10.371582
678	10.371582
679	10.371582
680	10.371582
681	10.371582
682	10.371582
683	10.371582
684	10.418807
685	10.418807
686	10.418807
687	10.418807
688	10.418807
689	10.418807
690	10.418807
691	10.418807
692	10.418807
693	10.418807
694	10.454831
695	10.526879
696	10.526879
697	10.526879
698	10.526879
699	10.526879
700	10.560908
701	10.560908
702	10.560908
703	10.560908
704	10.560908
705	10.560908
706	10.560908
707	10.560908
708	10.560908
709	10.560908
710	10.560908
711	10.560908
712	10.560908
713	10.560908
714	10.679622
715	10.679622
716	10.679622
717	10.679622
718	10.679622
719	10.679622
720	10.679622
721	10.638248
722	10.602224
723	10.602224
724	10.602224
725	10.602224
726	10.602224
727	10.638248
728	10.638248
729	10.638248
730	10.638248
731	10.638248
732	10.638248
733	10.638248
734	10.638248
735	10.638248
736	10.638248
737	10.638248
738	10.638248
739	10.638248
740	10.638248
741	10.638248
742	10.638248
743	10.638248
744	10.638248
745	10.638248
746	10.638248
747	10.638248
748	10.638248
749	10.638248
750	10.638248
751	10.638248
752	10.638248
753	10.638248
754	10.638248
755	10.638248
756	10.638248
757	10.638248
758	10.638248
759	10.638248
760	10.638248
761	10.628507
762	10.628507
763	10.628507
764	10.628507
765	10.628507
766	10.628507
767	10.628507
768	10.628507
769	10.628507
770	10.628507
771	10.628507
772	10.628507
773	10.628507
774	10.628507
775	10.637661
776	10.637661
777	10.637661
778	10.637661
779	10.637661
780	10.637661
781	10.637661
782	10.637661
783	10.637661
784	10.637661
785	10.637661
786	10.637661
787	10.640845
788	10.640845
789	10.640845
790	10.640845
791	10.640845
792	10.640845
793	10.640845
794	10.640845
795	10.640845
796	10.640845
797	10.640845
798	10.640845
799	10.640845
800	10.640845
801	10.640845
802	10.640845
803	10.640845
804	10.640845
805	10.640845
806	10.640845
807	10.640845
808	10.597065
809	10.597065
810	10.597065
811	10.597065
812	10.597065
813	10.597065
814	10.597065
815	10.597065
816	10.597065
817	10.597065
818	10.597065
819	10.597065
820	10.597065
821	10.597065
822	10.597065
823	10.597065
824	10.597065
825	10.597065
826	10.597065
827	10.597065
828	10.597065
829	10.597065
830	10.597065
831	10.597065
832	10.630696
833	10.630696
834	10.630696
835	10.630696
836	10.630696
837	10.630696
838	10.630696
839	10.649682
840	10.649682
841	10.649682
842	10.649682
843	10.649682
844	10.649682
845	10.649682
846	10.649682
847	10.649682
848	10.640528
849	10.640528
850	10.640528
851	10.640528
852	10.640528
853	10.640528
854	10.640528
855	10.640528
856	10.640528
857	10.533829
858	10.533829
859	10.533829
860	10.533829
861	10.533829
862	10.533829
863	10.533829
864	10.533829
865	10.533829
866	10.533829
867	10.533829
868	10.542983
869	10.542983
870	10.542983
871	10.542983
872	10.542983
873	10.542983
874	10.542983
875	10.542983
876	10.542983
877	10.542983
878	10.542983
879	10.542983
880	10.542983
881	10.542983
882	10.542983
883	10.542983
884	10.542983
885	10.542983
886	10.542983
887	10.542983
888	10.542983
889	10.542983
890	10.542983
891	10.542983
892	10.542983
893	10.586763
894	10.586763
895	10.586763
896	10.523083
897	10.523083
898	10.523083
899	10.523083
900	10.523083
901	10.523083
902	10.523083
903	10.523083
904	10.523083
905	10.523083
906	10.523083
907	10.586763
908	10.586763
909	10.586763
910	10.586763
911	10.586763
912	10.586763
913	10.586763
914	10.586763
915	10.586763
916	10.586763
917	10.586763
918	10.586763
919	10.586763
920	10.586763
921	10.586763
922	10.586763
923	10.586763
924	10.586763
925	10.586763
926	10.586763
927	10.586763
928	10.586763
929	10.586763
930	10.586763
931	10.586763
932	10.586763
933	10.586763
934	10.586763
935	10.586763
936	10.586763
937	10.586763
938	10.586763
939	10.586763
940	10.586763
941	10.586763
942	10.586763
943	10.586763
944	10.507644
945	10.507644
946	10.520577
947	10.520577
948	10.520577
949	10.520577
950	10.520577
951	10.520577
952	10.520577
953	10.520577
954	10.520577
955	10.520577
956	10.627276
957	10.627276
958	10.627276
959	10.627276
960	10.627276
961	10.627276
962	10.627276
963	10.627276
964	10.627276
965	10.718138
966	10.718138
967	10.718138
968	10.714954
969	10.714954
970	10.714954
971	10.714954
972	10.714954
973	10.714954
974	10.714954
975	10.714954
976	10.714954
977	10.702019
978	10.702019
979	10.702019
980	10.702019
981	10.702019
982	10.702019
983	10.702019
984	10.702019
985	10.702019
986	10.702019
987	10.702019
988	10.702019
989	10.702019
990	10.702019
991	10.702019
992	10.702019
993	10.702019
994	10.702019
995	10.702019
996	10.702019
997	10.702019
998	10.702019
999	10.702019
1000	10.702019
1001	10.702019
1002	10.702019
1003	10.702019
1004	10.702019
1005	10.702019
1006	10.702019
1007	10.702019
1008	10.702019
1009	10.702019
1010	10.702019
1011	10.702019
1012	10.702019
1013	10.702019
1014	10.702019
1015	10.702019
1016	10.702019
1017	10.702019
1018	10.702019
1019	10.702019
1020	10.702019
1021	10.702019
1022	10.702019
1023	10.651719
1024	10.670673
1025	10.670673
1026	10.670673
1027	10.670673
1028	10.670673
1029	10.670673
1030	10.670673
1031	10.670673
1032	10.670673
1033	10.670673
1034	10.670673
1035	10.670673
1036	10.670673
1037	10.670673
1038	10.670673
1039	10.670673
1040	10.670673
1041	10.670673
1042	10.670673
1043	10.670673
1044	10.670673
1045	10.670673
1046	10.670673
1047	10.651719
1048	10.651719
1049	10.651719
1050	10.651719
1051	10.651719
1052	10.651719
1053	10.651719
1054	10.651719
1055	10.651719
1056	10.651719
1057	10.651719
1058	10.651719
1059	10.651719
1060	10.651719
1061	10.651719
1062	10.670673
1063	10.670673
1064	10.670673
1065	10.670673
1066	10.670673
1067	10.670673
1068	10.670673
1069	10.657093
1070	10.657093
1071	10.657093
1072	10.665995
1073	10.665995
1074	10.657836
1075	10.657836
1076	10.657836
1077	10.657836
1078	10.657836
1079	10.657836
1080	10.657836
1081	10.657836
1082	10.657836
1083	10.657836
1084	10.657836
1085	10.657836
1086	10.657836
1087	10.657836
1088	10.657836
1089	10.657836
1090	10.657836
1091	10.657836
1092	10.657836
1093	10.657836
1094	10.657836
1095	10.657836
1096	10.657836
1097	10.657836
1098	10.657836
1099	10.657836
1100	10.657836
1101	10.657836
1102	10.657836
1103	10.657836
1104	10.69386
1105	10.69386
1106	10.69386
1107	10.69386
1108	10.69386
1109	10.69386
1110	10.69386
1111	10.69386
1112	10.69386
1113	10.69386
1114	10.69386
1115	10.69386
1116	10.69386
1117	10.69386
1118	10.69386
1119	10.69386
1120	10.69386
1121	10.69386
1122	10.69386
1123	10.706795
1124	10.706795
1125	10.706795
1126	10.706795
1127	10.706795
1128	10.706795
1129	10.706795
1130	10.706795
1131	10.706795
1132	10.706795
1133	10.706795
1134	10.706795
1135	10.706795
1136	10.706795
1137	10.706795
1138	10.706795
1139	10.706795
1140	10.706795
1141	10.706795
1142	10.706795
1143	10.706795
1144	10.706795
1145	10.706795
1146	10.706795
1147	10.706795
1148	10.706795
1149	10.706795
1150	10.706795
1151	10.706795
1152	10.706795
1153	10.706795
1154	10.706795
1155	10.706795
1156	10.706795
1157	10.706795
1158	10.706795
1159	10.706795
1160	10.706795
1161	10.706795
1162	10.706795
1163	10.706795
1164	10.706795
1165	10.706795
1166	10.706795
1167	10.706795
1168	10.706795
1169	10.706795
1170	10.706795
1171	10.706795
1172	10.706795
1173	10.706795
1174	10.706795
1175	10.706795
1176	10.706795
1177	10.706795
1178	10.706795
1179	10.706795
1180	10.706795
1181	10.706795
1182	10.706795
1183	10.706795
1184	10.706795
1185	10.706795
1186	10.706795
1187	10.706795
1188	10.706795
1189	10.706795
1190	10.706795
1191	10.706795
1192	10.706795
1193	10.706795
1194	10.706795
1195	10.706795
1196	10.706795
1197	10.706795
1198	10.706795
1199	10.706795
1200	10.706795
1201	10.706795
1202	10.706795
1203	10.706795
1204	10.706795
1205	10.706795
1206	10.706795
1207	10.706795
1208	10.706795
1209	10.706795
1210	10.706795
1211	10.706795
1212	10.706795
1213	10.706795
1214	10.706795
1215	10.706795
1216	10.706795
1217	10.706795
1218	10.706795
1219	10.706795
1220	10.706795
1221	10.706795
1222	10.706795
1223	10.681323
1224	10.681323
1225	10.681323
1226	10.681323
1227	10.681323
1228	10.681323
1229	10.681323
1230	10.681323
1231	10.681323
1232	10.681323
1233	10.681323
1234	10.681323
1235	10.681323
1236	10.681323
1237	10.681323
1238	10.681323
1239	10.681323
1240	10.681323
1241	10.681323
1242	10.681323
1243	10.681323
1244	10.681323
1245	10.681323
1246	10.681323
1247	10.681323
1248	10.722697
1249	10.722697
1250	10.722697
1251	10.722697
1252	10.722697
1253	10.722697
1254	10.722697
1255	10.722697
1256	10.722697
1257	10.722697
1258	10.722697
1259	10.722697
1260	10.722697
1261	10.722697
1262	10.722697
1263	10.722697
1264	10.722697
1265	10.722697
1266	10.722697
1267	10.722697
1268	10.722697
1269	10.722697
1270	10.722697
1271	10.722697
1272	10.722697
1273	10.722697
1274	10.722697
1275	10.722697
1276	10.722697
1277	10.722697
1278	10.722697
1279	10.722697
1280	10.722697
1281	10.722697
1282	10.722697
1283	10.722697
1284	10.722697
1285	10.722697
1286	10.722697
1287	10.722697
1288	10.688646
1289	10.688646
1290	10.688646
1291	10.688646
1292	10.688646
1293	10.688646
1294	10.688646
1295	10.688646
1296	10.678917
1297	10.678917
1298	10.678917
1299	10.678917
1300	10.678917
1301	10.678917
1302	10.678917
1303	10.678917
1304	10.678917
1305	10.678917
1306	10.678917
1307	10.678917
1308	10.678917
1309	10.678917
1310	10.678917
1311	10.678917
1312	10.678917
1313	10.678917
1314	10.678917
1315	10.678917
1316	10.678917
1317	10.678917
1318	10.678917
1319	10.678917
1320	10.678917
1321	10.678917
1322	10.678917
1323	10.678917
1324	10.678917
1325	10.678917
1326	10.678917
1327	10.678917
1328	10.78777
1329	10.78777
1330	10.78777
1331	10.78777
1332	10.78777
1333	10.78777
1334	10.78777
1335	10.78777
1336	10.78777
1337	10.78777
1338	10.78777
1339	10.78777
1340	10.78777
1341	10.78777
1342	10.78777
1343	10.78777
1344	10.78777
1345	10.78777
1346	10.78777
1347	10.78777
1348	10.78777
1349	10.78777
1350	10.78777
1351	10.78777
1352	10.78777
1353	10.78777
1354	10.78777
1355	10.78777
1356	10.78777
1357	10.78777
1358	10.78777
1359	10.78777
1360	10.78777
1361	10.78777
1362	10.809859
1363	10.809859
1364	10.809859
1365	10.809859
1366	10.809859
1367	10.809859
1368	10.809859
1369	10.809859
1370	10.809859
1371	10.809859
1372	10.809859
1373	10.809859
1374	10.809859
1375	10.809859
1376	10.809859
1377	10.809859
1378	10.809859
1379	10.809859
1380	10.809859
1381	10.809859
1382	10.809859
1383	10.809859
1384	10.809859
1385	10.809859
1386	10.809859
1387	10.809859
1388	10.809859
1389	10.809859
1390	10.809859
1391	10.809859
1392	10.809859
1393	10.809859
1394	10.809859
1395	10.809859
1396	10.809859
1397	10.809859
1398	10.809859
1399	10.809859
1400	10.809859
1401	10.809859
1402	10.809859
1403	10.809859
1404	10.809859
1405	10.809859
1406	10.809859
1407	10.809859
1408	10.809859
1409	10.809859
1410	10.809859
1411	10.809859
1412	10.809859
1413	10.81165
1414	10.81165
1415	10.81165
1416	10.81165
1417	10.81165
1418	10.81165
1419	10.81165
1420	10.81165
1421	10.81165
1422	10.81165
1423	10.81165
1424	10.81165
1425	10.81165
1426	10.81165
1427	10.81165
1428	10.81165
1429	10.81165
1430	10.81165
1431	10.81165
1432	10.81165
1433	10.81165
1434	10.81165
1435	10.81165
1436	10.81165
1437	10.81165
1438	10.81165
1439	10.81165
1440	10.81165
1441	10.81165
1442	10.81165
1443	10.81165
1444	10.81165
1445	10.81165
1446	10.81165
1447	10.81165
1448	10.81165
1449	10.81165
1450	10.81165
1451	10.81165
1452	10.81165
1453	10.81165
1454	10.81165
1455	10.81165
1456	10.81165
1457	10.81165
1458	10.81165
1459	10.81165
1460	10.81165
1461	10.81165
1462	10.81165
1463	10.81165
1464	10.81165
1465	10.81165
1466	10.81165
1467	10.81165
1468	10.81165
1469	10.81165
1470	10.81165
1471	10.81165
1472	10.81165
1473	10.81165
1474	10.81165
1475	10.81165
1476	10.835331
1477	10.835331
1478	10.835331
1479	10.835331
1480	10.835331
1481	10.835331
1482	10.835331
1483	10.835331
1484	10.835331
1485	10.835331
1486	10.835331
1487	10.835331
1488	10.835331
1489	10.835331
1490	10.835331
1491	10.835331
1492	10.835331
1493	10.835331
1494	10.835331
1495	10.835331
1496	10.835331
1497	10.835331
1498	10.835331
1499	10.835331
1500	10.835331
1501	10.835331
1502	10.835331
1503	10.835331
1504	10.835331
1505	10.835331
1506	10.835331
1507	10.835331
1508	10.835331
1509	10.835331
1510	10.835331
1511	10.835331
1512	10.835331
1513	10.835331
1514	10.835331
1515	10.835331
1516	10.835331
1517	10.835331
1518	10.835331
1519	10.835331
1520	10.835331
1521	10.835331
1522	10.835331
1523	10.835331
1524	10.835331
1525	10.835331
1526	10.835331
1527	10.835331
1528	10.835331
1529	10.835331
1530	10.835331
1531	10.835331
1532	10.835331
1533	10.835331
1534	10.835331
1535	10.835331
1536	10.835331
1537	10.835331
1538	10.835331
1539	10.835331
1540	10.835331
1541	10.835331
1542	10.835331
1543	10.835331
1544	10.835331
1545	10.835331
1546	10.835331
1547	10.835331
1548	10.835331
1549	10.835331
1550	10.835331
1551	10.835331
1552	10.835331
1553	10.835331
1554	10.831797
1555	10.831797
1556	10.831797
1557	10.831797
1558	10.831797
1559	10.831797
1560	10.831797
1561	10.831797
1562	10.831797
1563	10.831797
1564	10.831797
1565	10.831797
1566	10.831797
1567	10.831797
1568	10.831797
1569	10.831797
1570	10.831797
1571	10.831797
1572	10.831797
1573	10.831797
1574	10.831797
1575	10.831797
1576	10.831797
1577	10.831797
1578	10.831797
1579	10.831797
1580	10.831797
1581	10.831797
1582	10.831797
1583	10.831797
1584	10.831797
1585	10.831797
1586	10.831797
1587	10.831797
1588	10.831797
1589	10.831797
1590	10.831797
1591	10.831797
1592	10.831797
1593	10.831797
1594	10.831797
1595	10.831797
1596	10.831797
1597	10.831797
1598	10.831797
1599	10.831797
1600	10.831797
1601	10.831797
1602	10.831797
1603	10.831797
1604	10.831797
1605	10.831797
1606	10.831797
1607	10.831797
1608	10.831797
1609	10.831797
1610	10.831797
1611	10.831797
1612	10.831797
1613	10.831797
1614	10.831797
1615	10.831797
1616	10.831797
1617	10.831797
1618	10.831797
1619	10.831797
1620	10.831797
1621	10.831797
1622	10.831797
1623	10.831797
1624	10.831797
1625	10.831797
1626	10.831797
1627	10.831797
1628	10.831797
1629	10.831797
1630	10.831797
1631	10.839956
1632	10.839956
1633	10.839956
1634	10.839956
1635	10.839956
1636	10.839956
1637	10.839956
1638	10.839956
1639	10.839956
1640	10.839956
1641	10.839956
1642	10.839956
1643	10.839956
1644	10.839956
1645	10.839956
1646	10.839956
1647	10.839956
1648	10.839956
1649	10.839956
1650	10.839956
1651	10.839956
1652	10.839956
1653	10.839956
1654	10.839956
1655	10.839956
1656	10.839956
1657	10.839956
1658	10.839956
1659	10.839956
1660	10.839956
1661	10.839956
1662	10.839956
1663	10.839956
1664	10.839956
1665	10.839956
1666	10.839956
1667	10.839956
1668	10.839956
1669	10.839956
1670	10.839956
1671	10.839956
1672	10.839956
1673	10.839956
1674	10.839956
1675	10.839956
1676	10.839956
1677	10.839956
1678	10.839956
1679	10.839956
1680	10.839956
1681	10.839956
1682	10.839956
1683	10.839956
1684	10.839956
1685	10.839956
1686	10.839956
1687	10.839956
1688	10.839956
1689	10.839956
1690	10.839956
1691	10.839956
1692	10.839956
1693	10.839956
1694	10.839956
1695	10.839956
1696	10.839956
1697	10.839956
1698	10.839956
1699	10.839956
1700	10.839956
1701	10.839956
1702	10.839956
1703	10.839956
1704	10.839956
1705	10.839956
1706	10.839956
1707	10.839956
1708	10.839956
1709	10.839956
1710	10.839956
1711	10.839956
1712	10.839956
1713	10.839956
1714	10.839956
1715	10.839956
1716	10.839956
1717	10.839956
1718	10.839956
1719	10.839956
1720	10.839956
1721	10.839956
1722	10.839956
1723	10.839956
1724	10.839956
1725	10.839956
1726	10.839956
1727	10.839956
1728	10.839956
1729	10.839956
1730	10.839956
1731	10.839956
1732	10.839956
1733	10.839956
1734	10.839956
1735	10.839956
1736	10.839956
1737	10.839956
1738	10.839956
1739	10.839956
1740	10.839956
1741	10.839956
1742	10.839956
1743	10.839956
1744	10.839956
1745	10.839956
1746	10.839956
1747	10.839956
1748	10.839956
1749	10.839956
1750	10.839956
1751	10.839956
1752	10.839956
1753	10.839956
1754	10.839956
1755	10.839956
1756	10.839956
1757	10.839956
1758	10.839956
1759	10.839956
1760	10.839956
1761	10.839956
1762	10.839956
1763	10.839956
1764	10.839956
1765	10.839956
1766	10.839956
1767	10.839956
1768	10.839956
1769	10.839956
1770	10.839956
1771	10.839956
1772	10.839956
1773	10.839956
1774	10.839956
1775	10.839956
1776	10.839956
1777	10.839956
1778	10.839956
1779	10.839956
1780	10.839956
1781	10.839956
1782	10.839956
1783	10.839956
1784	10.839956
1785	10.839956
1786	10.839956
1787	10.839956
1788	10.839956
1789	10.839956
1790	10.839956
1791	10.839956
1792	10.839956
1793	10.839956
1794	10.839956
1795	10.839956
1796	10.839956
1797	10.839956
1798	10.839956
1799	10.839956
1800	10.839956
1801	10.839956
1802	10.839956
1803	10.839956
1804	10.839956
1805	10.839956
1806	10.839956
1807	10.839956
1808	10.839956
1809	10.839956
1810	10.839956
1811	10.839956
1812	10.839956
1813	10.839956
1814	10.839956
1815	10.839956
1816	10.839956
1817	10.839956
1818	10.839956
1819	10.839956
1820	10.839956
1821	10.839956
1822	10.839956
1823	10.839956
1824	10.839956
1825	10.839956
1826	10.839956
1827	10.839956
1828	10.839956
1829	10.839956
1830	10.839956
1831	10.839956
1832	10.839956
1833	10.839956
1834	10.839956
1835	10.839956
1836	10.839956
1837	10.839956
1838	10.839956
1839	10.839956
1840	10.839956
1841	10.839956
1842	10.839956
1843	10.839956
1844	10.839956
1845	10.839956
1846	10.839956
1847	10.839956
1848	10.839956
1849	10.839956
1850	10.839956
1851	10.839956
1852	10.839956
1853	10.839956
1854	10.839956
1855	10.839956
1856	10.839956
1857	10.839956
1858	10.839956
1859	10.839956
1860	10.839956
1861	10.839956
1862	10.839956
1863	10.839956
1864	10.839956
1865	10.839956
1866	10.839956
1867	10.839956
1868	10.839956
1869	10.839956
1870	10.839956
1871	10.839956
1872	10.839956
1873	10.839956
1874	10.839956
1875	10.839956
1876	10.839956
1877	10.839956
1878	10.839956
1879	10.839956
1880	10.839956
1881	10.839956
1882	10.839956
1883	10.839956
1884	10.839956
1885	10.839956
1886	10.839956
1887	10.839956
1888	10.839956
1889	10.839956
1890	10.839956
1891	10.839956
1892	10.839956
1893	10.839956
1894	10.839956
1895	10.839956
1896	10.839956
1897	10.839956
1898	10.839956
1899	10.839956
1900	10.839956
1901	10.839956
1902	10.839956
1903	10.839956
1904	10.839956
1905	10.839956
1906	10.839956
1907	10.839956
1908	10.839956
1909	10.839956
1910	10.839956
1911	10.839956
1912	10.839956
1913	10.839956
1914	10.839956
1915	10.839956
1916	10.839956
1917	10.839956
1918	10.839956
1919	10.839956
1920	10.839956
1921	10.839956
1922	10.839956
1923	10.839956
1924	10.839956
1925	10.839956
1926	10.839956
1927	10.839956
1928	10.839956
1929	10.839956
1930	10.839956
1931	10.839956
1932	10.839956
1933	10.839956
1934	10.839956
1935	10.839956
1936	10.839956
1937	10.839956
1938	10.839956
1939	10.839956
1940	10.839956
1941	10.839956
1942	10.839956
1943	10.839956
1944	10.839956
1945	10.839956
1946	10.839956
1947	10.839956
1948	10.839956
1949	10.839956
1950	10.839956
1951	10.839956
1952	10.839956
1953	10.839956
1954	10.839956
1955	10.839956
1956	10.839956
1957	10.839956
1958	10.839956
1959	10.839956
1960	10.839956
1961	10.839956
1962	10.839956
1963	10.839956
1964	10.839956
1965	10.839956
1966	10.839956
1967	10.839956
1968	10.839956
1969	10.839956
1970	10.839956
1971	10.839956
1972	10.839956
1973	10.839956
1974	10.839956
1975	10.839956
1976	10.839956
1977	10.839956
1978	10.839956
1979	10.839956
1980	10.839956
1981	10.839956
1982	10.839956
1983	10.839956
1984	10.839956
1985	10.839956
1986	10.839956
1987	10.839956
1988	10.839956
1989	10.839956
1990	10.839956
1991	10.839956
1992	10.839956
1993	10.839956
1994	10.839956
1995	10.839956
1996	10.839956
1997	10.839956
1998	10.839956
1999	10.839956
2000	10.839956
2001	10.839956
2002	10.839956
2003	10.839956
2004	10.839956
2005	10.839956
2006	10.839956
2007	10.839956
2008	10.839956
2009	10.839956
2010	10.839956
2011	10.839956
2012	10.839956
2013	10.839956
2014	10.839956
2015	10.839956
2016	10.839956
2017	10.839956
2018	10.839956
2019	10.839956
2020	10.839956
2021	10.839956
2022	10.839956
2023	10.839956
2024	10.839956
2025	10.839956
2026	10.839956
2027	10.839956
2028	10.839956
2029	10.839956
2030	10.839956
2031	10.839956
2032	10.839956
2033	10.839956
2034	10.839956
2035	10.839956
2036	10.839956
2037	10.839956
2038	10.839956
2039	10.839956
2040	10.839956
2041	10.839956
2042	10.839956
2043	10.839956
2044	10.839956
2045	10.839956
2046	10.839956
2047	10.839956
2048	10.839956
2049	10.839956
2050	10.839956
2051	10.839956
2052	10.839956
2053	10.839956
2054	10.839956
2055	10.839956
2056	10.839956
2057	10.839956
2058	10.839956
2059	10.839956
2060	10.839956
2061	10.839956
2062	10.839956
2063	10.839956
2064	10.839956
2065	10.839956
2066	10.839956
2067	10.839956
2068	10.839956
2069	10.839956
2070	10.839956
2071	10.839956
2072	10.839956
2073	10.839956
2074	10.839956
2075	10.839956
2076	10.839956
2077	10.839956
2078	10.839956
2079	10.839956
2080	10.839956
2081	10.839956
2082	10.839956
2083	10.839956
2084	10.839956
2085	10.839956
2086	10.839956
2087	10.839956
2088	10.839956
2089	10.839956
2090	10.839956
2091	10.839956
2092	10.839956
2093	10.839956
2094	10.839956
2095	10.839956
2096	10.839956
2097	10.839956
2098	10.839956
2099	10.839956
2100	10.839956
2101	10.839956
2102	10.839956
2103	10.839956
2104	10.839956
2105	10.839956
2106	10.839956
2107	10.839956
2108	10.839956
2109	10.839956
2110	10.839956
2111	10.839956
2112	10.839956
2113	10.839956
2114	10.839956
2115	10.839956
2116	10.839956
2117	10.839956
2118	10.839956
2119	10.839956
2120	10.839956
2121	10.839956
2122	10.839956
2123	10.839956
2124	10.839956
2125	10.839956
2126	10.839956
2127	10.839956
2128	10.839956
2129	10.839956
2130	10.839956
2131	10.839956
2132	10.839956
2133	10.839956
2134	10.839956
2135	10.839956
2136	10.839956
2137	10.839956
2138	10.839956
2139	10.839956
2140	10.839956
2141	10.839956
2142	10.839956
2143	10.839956
2144	10.839956
2145	10.839956
2146	10.839956
2147	10.839956
2148	10.839956
2149	10.839956
2150	10.839956
2151	10.839956
2152	10.839956
2153	10.839956
2154	10.839956
2155	10.839956
2156	10.839956
2157	10.839956
2158	10.839956
2159	10.839956
2160	10.839956
2161	10.839956
2162	10.839956
2163	10.839956
2164	10.839956
2165	10.839956
2166	10.839956
2167	10.839956
2168	10.839956
2169	10.839956
2170	10.839956
2171	10.839956
2172	10.839956
2173	10.839956
2174	10.839956
2175	10.839956
2176	10.839956
2177	10.839956
2178	10.839956
2179	10.839956
2180	10.839956
2181	10.839956
2182	10.839956
2183	10.839956
2184	10.839956
2185	10.839956
2186	10.839956
2187	10.839956
2188	10.839956
2189	10.839956
2190	10.839956
2191	10.839956
2192	10.839956
2193	10.839956
2194	10.839956
2195	10.839956
2196	10.839956
2197	10.839956
2198	10.839956
2199	10.839956
2200	10.839956
2201	10.839956
2202	10.839956
2203	10.839956
2204	10.839956
2205	10.839956
2206	10.839956
2207	10.839956
2208	10.839956
2209	10.839956
2210	10.839956
2211	10.839956
2212	10.839956
2213	10.839956
2214	10.839956
2215	10.839956
2216	10.839956
2217	10.839956
2218	10.839956
2219	10.839956
2220	10.839956
2221	10.839956
2222	10.839956
2223	10.839956
2224	10.839956
2225	10.839956
2226	10.839956
2227	10.839956
2228	10.839956
2229	10.839956
2230	10.839956
2231	10.839956
2232	10.839956
2233	10.839956
2234	10.839956
2235	10.839956
2236	10.839956
2237	10.839956
2238	10.839956
2239	10.839956
2240	10.839956
2241	10.839956
2242	10.839956
2243	10.839956
2244	10.839956
2245	10.839956
2246	10.839956
2247	10.839956
2248	10.839956
2249	10.839956
2250	10.839956
2251	10.839956
2252	10.839956
2253	10.839956
2254	10.839956
2255	10.839956
2256	10.839956
2257	10.839956
2258	10.839956
2259	10.839956
2260	10.839956
2261	10.839956
2262	10.839956
2263	10.839956
2264	10.839956
2265	10.839956
2266	10.839956
2267	10.839956
2268	10.839956
2269	10.839956
2270	10.839956
2271	10.839956
2272	10.839956
2273	10.839956
2274	10.839956
2275	10.839956
2276	10.839956
2277	10.839956
2278	10.839956
2279	10.839956
2280	10.839956
2281	10.839956
2282	10.839956
2283	10.839956
2284	10.839956
2285	10.839956
2286	10.839956
2287	10.839956
2288	10.839956
2289	10.839956
2290	10.839956
2291	10.839956
2292	10.839956
2293	10.839956
2294	10.839956
2295	10.839956
2296	10.839956
2297	10.839956
2298	10.839956
2299	10.839956
2300	10.839956
2301	10.839956
2302	10.839956
2303	10.839956
2304	10.839956
2305	10.839956
2306	10.839956
2307	10.839956
2308	10.839956
2309	10.839956
2310	10.839956
2311	10.839956
2312	10.839956
2313	10.839956
2314	10.839956
2315	10.839956
2316	10.839956
2317	10.839956
2318	10.839956
2319	10.839956
2320	10.839956
2321	10.839956
2322	10.839956
2323	10.839956
2324	10.839956
2325	10.839956
2326	10.839956
2327	10.839956
2328	10.839956
2329	10.839956
2330	10.839956
2331	10.839956
2332	10.839956
2333	10.839956
2334	10.839956
2335	10.839956
2336	10.839956
2337	10.839956
2338	10.839956
2339	10.839956
2340	10.839956
2341	10.839956
2342	10.839956
2343	10.839956
2344	10.839956
2345	10.839956
2346	10.839956
2347	10.839956
2348	10.839956
2349	10.839956
2350	10.839956
2351	10.839956
2352	10.839956
2353	10.839956
2354	10.839956
2355	10.839956
2356	10.839956
2357	10.839956
2358	10.839956
2359	10.839956
2360	10.839956
2361	10.839956
2362	10.839956
2363	10.839956
2364	10.839956
2365	10.839956
2366	10.839956
2367	10.839956
2368	10.839956
2369	10.839956
2370	10.839956
2371	10.839956
2372	10.839956
2373	10.839956
2374	10.839956
2375	10.839956
2376	10.839956
2377	10.839956
2378	10.839956
2379	10.839956
2380	10.839956
2381	10.839956
2382	10.839956
2383	10.839956
2384	10.839956
2385	10.839956
2386	10.839956
2387	10.839956
2388	10.839956
2389	10.839956
2390	10.839956
2391	10.839956
2392	10.839956
2393	10.839956
2394	10.839956
2395	10.839956
2396	10.839956
2397	10.839956
2398	10.839956
2399	10.839956
2400	10.839956
2401	10.839956
2402	10.839956
2403	10.839956
2404	10.839956
2405	10.839956
2406	10.839956
2407	10.839956
2408	10.839956
2409	10.839956
2410	10.839956
2411	10.839956
2412	10.839956
2413	10.839956
2414	10.839956
2415	10.839956
2416	10.839956
2417	10.839956
2418	10.839956
2419	10.839956
2420	10.839956
2421	10.839956
2422	10.839956
2423	10.839956
2424	10.839956
2425	10.839956
2426	10.839956
2427	10.839956
2428	10.839956
2429	10.839956
2430	10.839956
2431	10.839956
2432	10.839956
2433	10.839956
2434	10.839956
2435	10.839956
2436	10.839956
2437	10.839956
2438	10.839956
2439	10.839956
2440	10.839956
2441	10.839956
2442	10.839956
2443	10.839956
2444	10.839956
2445	10.839956
2446	10.839956
2447	10.839956
2448	10.839956
2449	10.839956
2450	10.839956
2451	10.839956
2452	10.839956
2453	10.839956
2454	10.839956
2455	10.839956
2456	10.839956
2457	10.839956
2458	10.839956
2459	10.839956
2460	10.839956
2461	10.839956
2462	10.839956
2463	10.839956
2464	10.839956
2465	10.839956
2466	10.839956
2467	10.839956
2468	10.839956
2469	10.839956
2470	10.839956
2471	10.839956
2472	10.839956
2473	10.839956
2474	10.839956
2475	10.839956
2476	10.839956
2477	10.839956
2478	10.839956
2479	10.839956
2480	10.839956
2481	10.839956
2482	10.839956
2483	10.839956
2484	10.839956
2485	10.839956
2486	10.839956
2487	10.839956
2488	10.839956
2489	10.839956
2490	10.839956
2491	10.839956
2492	10.839956
2493	10.839956
2494	10.839956
2495	10.839956
2496	10.839956
2497	10.839956
2498	10.839956
2499	10.839956
2500	10.839956
2501	10.839956
2502	10.839956
2503	10.839956
2504	10.839956
2505	10.839956
2506	10.839956
2507	10.839956
2508	10.839956
2509	10.839956
2510	10.839956
2511	10.839956
2512	10.839956
2513	10.839956
2514	10.839956
2515	10.839956
2516	10.839956
2517	10.839956
2518	10.839956
2519	10.839956
2520	10.839956
2521	10.839956
2522	10.839956
2523	10.839956
2524	10.839956
2525	10.839956
2526	10.839956
2527	10.839956
2528	10.839956
2529	10.839956
2530	10.839956
2531	10.839956
2532	10.839956
2533	10.839956
2534	10.839956
2535	10.839956
2536	10.839956
2537	10.839956
2538	10.839956
2539	10.839956
2540	10.839956
2541	10.839956
2542	10.839956
2543	10.839956
2544	10.839956
2545	10.839956
2546	10.839956
2547	10.839956
2548	10.839956
2549	10.839956
2550	10.839956
2551	10.839956
2552	10.839956
2553	10.839956
2554	10.839956
2555	10.839956
2556	10.839956
2557	10.839956
2558	10.839956
2559	10.839956
2560	10.839956
2561	10.839956
2562	10.839956
2563	10.839956
2564	10.839956
2565	10.839956
2566	10.839956
2567	10.839956
2568	10.839956
2569	10.839956
2570	10.839956
2571	10.839956
2572	10.839956
2573	10.839956
2574	10.839956
2575	10.839956
2576	10.839956
2577	10.839956
2578	10.839956
2579	10.839956
2580	10.839956
2581	10.839956
2582	10.839956
2583	10.839956
2584	10.839956
2585	10.839956
2586	10.839956
2587	10.839956
2588	10.839956
2589	10.839956
2590	10.839956
2591	10.839956
2592	10.839956
2593	10.839956
2594	10.839956
2595	10.839956
2596	10.839956
2597	10.839956
2598	10.839956
2599	10.839956
2600	10.839956
2601	10.839956
2602	10.839956
2603	10.839956
2604	10.839956
2605	10.839956
2606	10.839956
2607	10.839956
2608	10.839956
2609	10.839956
2610	10.839956
2611	10.839956
2612	10.839956
2613	10.839956
2614	10.839956
2615	10.839956
2616	10.839956
2617	10.839956
2618	10.839956
2619	10.839956
2620	10.839956
2621	10.839956
2622	10.839956
2623	10.839956
2624	10.839956
2625	10.839956
2626	10.839956
2627	10.839956
2628	10.839956
2629	10.839956
2630	10.839956
2631	10.839956
2632	10.839956
2633	10.839956
2634	10.839956
2635	10.839956
2636	10.839956
2637	10.839956
2638	10.839956
2639	10.839956
2640	10.839956
2641	10.839956
2642	10.839956
2643	10.839956
2644	10.839956
2645	10.839956
2646	10.839956
2647	10.839956
2648	10.839956
2649	10.839956
2650	10.839956
2651	10.839956
2652	10.839956
2653	10.839956
2654	10.839956
2655	10.839956
2656	10.839956
2657	10.839956
2658	10.839956
2659	10.839956
2660	10.839956
2661	10.839956
2662	10.839956
2663	10.839956
2664	10.839956
2665	10.839956
2666	10.839956
2667	10.839956
2668	10.839956
2669	10.839956
2670	10.839956
2671	10.839956
2672	10.839956
2673	10.839956
2674	10.839956
2675	10.839956
2676	10.839956
2677	10.839956
2678	10.839956
2679	10.839956
2680	10.839956
2681	10.839956
2682	10.839956
2683	10.839956
2684	10.839956
2685	10.839956
2686	10.839956
2687	10.839956
2688	10.839956
2689	10.839956
2690	10.839956
2691	10.839956
2692	10.839956
2693	10.839956
2694	10.839956
2695	10.839956
2696	10.839956
2697	10.839956
2698	10.839956
2699	10.839956
2700	10.839956
2701	10.839956
2702	10.839956
2703	10.839956
2704	10.839956
2705	10.839956
2706	10.839956
2707	10.839956
2708	10.839956
2709	10.839956
2710	10.839956
2711	10.839956
2712	10.839956
2713	10.839956
2714	10.839956
2715	10.839956
2716	10.839956
2717	10.839956
2718	10.839956
2719	10.839956
2720	10.839956
2721	10.839956
2722	10.839956
2723	10.839956
2724	10.839956
2725	10.839956
2726	10.839956
2727	10.839956
2728	10.839956
2729	10.839956
2730	10.839956
2731	10.839956
2732	10.839956
2733	10.839956
2734	10.839956
2735	10.839956
2736	10.839956
2737	10.839956
2738	10.839956
2739	10.839956
2740	10.839956
2741	10.839956
2742	10.839956
2743	10.839956
2744	10.839956
2745	10.839956
2746	10.839956
2747	10.839956
2748	10.839956
2749	10.839956
2750	10.839956
2751	10.839956
2752	10.839956
2753	10.839956
2754	10.839956
2755	10.839956
2756	10.839956
2757	10.839956
2758	10.839956
2759	10.839956
2760	10.839956
2761	10.839956
2762	10.839956
2763	10.839956
2764	10.839956
2765	10.839956
2766	10.839956
2767	10.839956
2768	10.839956
2769	10.839956
2770	10.839956
2771	10.839956
2772	10.839956
2773	10.839956
2774	10.839956
2775	10.839956
2776	10.839956
2777	10.839956
2778	10.839956
2779	10.839956
2780	10.839956
2781	10.839956
2782	10.839956
2783	10.839956
2784	10.839956
2785	10.839956
2786	10.839956
2787	10.839956
2788	10.839956
2789	10.839956
2790	10.839956
2791	10.839956
2792	10.839956
2793	10.839956
2794	10.839956
2795	10.839956
2796	10.839956
2797	10.839956
2798	10.839956
2799	10.839956
2800	10.839956
2801	10.839956
2802	10.839956
2803	10.839956
2804	10.839956
2805	10.839956
2806	10.839956
2807	10.839956
2808	10.839956
2809	10.839956
2810	10.839956
2811	10.839956
2812	10.839956
2813	10.839956
2814	10.839956
2815	10.839956
2816	10.839956
2817	10.839956
2818	10.839956
2819	10.839956
2820	10.839956
2821	10.839956
2822	10.839956
2823	10.839956
2824	10.839956
2825	10.839956
2826	10.839956
2827	10.839956
2828	10.839956
2829	10.839956
2830	10.839956
2831	10.839956
2832	10.839956
2833	10.839956
2834	10.839956
2835	10.839956
2836	10.839956
2837	10.839956
2838	10.839956
2839	10.839956
2840	10.839956
2841	10.839956
2842	10.839956
2843	10.839956
2844	10.839956
2845	10.839956
2846	10.839956
2847	10.839956
2848	10.839956
2849	10.839956
2850	10.839956
2851	10.839956
2852	10.839956
2853	10.839956
2854	10.839956
2855	10.839956
2856	10.839956
2857	10.839956
2858	10.839956
2859	10.839956
2860	10.839956
2861	10.839956
2862	10.839956
2863	10.839956
2864	10.839956
2865	10.839956
2866	10.839956
2867	10.839956
2868	10.839956
2869	10.839956
2870	10.839956
2871	10.839956
2872	10.839956
2873	10.839956
2874	10.839956
2875	10.839956
2876	10.839956
2877	10.839956
2878	10.839956
2879	10.839956
2880	10.839956
2881	10.839956
2882	10.839956
2883	10.839956
2884	10.839956
2885	10.839956
2886	10.839956
2887	10.839956
2888	10.839956
2889	10.839956
2890	10.839956
2891	10.839956
2892	10.839956
2893	10.839956
2894	10.839956
2895	10.839956
2896	10.839956
2897	10.839956
2898	10.839956
2899	10.839956
2900	10.839956
2901	10.839956
2902	10.839956
2903	10.839956
2904	10.839956
2905	10.839956
2906	10.839956
2907	10.839956
2908	10.839956
2909	10.839956
2910	10.839956
2911	10.839956
2912	10.839956
2913	10.839956
2914	10.839956
2915	10.839956
2916	10.839956
2917	10.839956
2918	10.839956
2919	10.839956
2920	10.839956
2921	10.839956
2922	10.839956
2923	10.839956
2924	10.839956
2925	10.839956
2926	10.839956
2927	10.839956
2928	10.839956
2929	10.839956
2930	10.839956
2931	10.839956
2932	10.839956
2933	10.839956
2934	10.839956
2935	10.839956
2936	10.839956
2937	10.839956
2938	10.839956
2939	10.839956
2940	10.839956
2941	10.839956
2942	10.839956
2943	10.839956
2944	10.839956
2945	10.839956
2946	10.839956
2947	10.839956
2948	10.839956
2949	10.839956
2950	10.839956
2951	10.839956
2952	10.839956
2953	10.839956
2954	10.839956
2955	10.839956
2956	10.839956
2957	10.839956
2958	10.839956
2959	10.839956
2960	10.839956
2961	10.839956
2962	10.839956
2963	10.839956
2964	10.839956
2965	10.839956
2966	10.839956
2967	10.839956
2968	10.839956
2969	10.839956
2970	10.839956
2971	10.839956
2972	10.839956
2973	10.839956
2974	10.839956
2975	10.839956
2976	10.839956
2977	10.839956
2978	10.839956
2979	10.839956
2980	10.839956
2981	10.839956
2982	10.839956
2983	10.839956
2984	10.839956
2985	10.839956
2986	10.839956
2987	10.839956
2988	10.839956
2989	10.839956
2990	10.839956
2991	10.839956
2992	10.839956
2993	10.839956
2994	10.839956
2995	10.839956
2996	10.839956
2997	10.839956
2998	10.839956
2999	10.839956
3000	10.839956
3001	10.839956
3002	10.839956
3003	10.839956
3004	10.839956
3005	10.839956
3006	10.839956
3007	10.839956
3008	10.839956
3009	10.839956
3010	10.839956
3011	10.839956
3012	10.839956
3013	10.839956
3014	10.839956
3015	10.839956
3016	10.839956
3017	10.839956
3018	10.839956
3019	10.839956
3020	10.839956
3021	10.839956
3022	10.839956
3023	10.839956
3024	10.839956
3025	10.839956
3026	10.839956
3027	10.839956
3028	10.839956
3029	10.839956
3030	10.839956
3031	10.839956
3032	10.839956
3033	10.839956
3034	10.839956
3035	10.839956
3036	10.839956
3037	10.839956
3038	10.839956
3039	10.839956
3040	10.839956
3041	10.839956
3042	10.839956
3043	10.839956
3044	10.839956
3045	10.839956
3046	10.839956
3047	10.839956
3048	10.839956
3049	10.839956
3050	10.839956
3051	10.839956
3052	10.839956
3053	10.839956
3054	10.839956
3055	10.839956
3056	10.839956
3057	10.839956
3058	10.839956
3059	10.839956
3060	10.839956
3061	10.839956
3062	10.839956
3063	10.839956
3064	10.839956
3065	10.839956
3066	10.839956
3067	10.839956
3068	10.839956
3069	10.839956
3070	10.839956
3071	10.839956
3072	10.839956
3073	10.839956
3074	10.839956
3075	10.839956
3076	10.839956
3077	10.839956
3078	10.839956
3079	10.839956
3080	10.839956
3081	10.839956
3082	10.839956
3083	10.839956
3084	10.839956
3085	10.839956
3086	10.839956
3087	10.839956
3088	10.839956
3089	10.839956
3090	10.839956
3091	10.839956
3092	10.839956
3093	10.839956
3094	10.839956
3095	10.839956
3096	10.839956
3097	10.839956
3098	10.839956
3099	10.839956
3100	10.839956
3101	10.839956
3102	10.839956
3103	10.839956
3104	10.839956
3105	10.839956
3106	10.839956
3107	10.839956
3108	10.839956
3109	10.839956
3110	10.839956
3111	10.839956
3112	10.839956
3113	10.839956
3114	10.839956
3115	10.839956
3116	10.839956
3117	10.839956
3118	10.839956
3119	10.839956
3120	10.839956
3121	10.839956
3122	10.839956
3123	10.839956
3124	10.839956
3125	10.839956
3126	10.839956
3127	10.839956
3128	10.839956
3129	10.839956
3130	10.839956
3131	10.839956
3132	10.839956
3133	10.839956
3134	10.839956
3135	10.839956
3136	10.839956
3137	10.839956
3138	10.839956
3139	10.839956
3140	10.839956
3141	10.839956
3142	10.839956
3143	10.839956
3144	10.839956
3145	10.839956
3146	10.839956
3147	10.839956
3148	10.839956
3149	10.839956
3150	10.839956
3151	10.839956
3152	10.839956
3153	10.839956
3154	10.839956
3155	10.839956
3156	10.839956
3157	10.839956
3158	10.839956
3159	10.839956
3160	10.839956
3161	10.839956
3162	10.839956
3163	10.839956
3164	10.839956
3165	10.839956
3166	10.839956
3167	10.839956
3168	10.839956
3169	10.839956
3170	10.839956
3171	10.839956
3172	10.839956
3173	10.839956
3174	10.839956
3175	10.839956
3176	10.839956
3177	10.839956
3178	10.839956
3179	10.839956
3180	10.839956
3181	10.839956
3182	10.839956
3183	10.839956
3184	10.839956
3185	10.839956
3186	10.839956
3187	10.839956
3188	10.839956
3189	10.839956
3190	10.839956
3191	10.839956
3192	10.839956
3193	10.839956
3194	10.839956
3195	10.839956
3196	10.839956
3197	10.839956
3198	10.839956
3199	10.839956
3200	10.839956
3201	10.839956
3202	10.839956
3203	10.839956
3204	10.839956
3205	10.839956
3206	10.839956
3207	10.839956
3208	10.839956
3209	10.839956
3210	10.839956
3211	10.839956
3212	10.839956
3213	10.839956
3214	10.839956
3215	10.839956
3216	10.839956
3217	10.839956
3218	10.839956
3219	10.839956
3220	10.839956
3221	10.839956
3222	10.839956
3223	10.839956
3224	10.839956
3225	10.839956
3226	10.839956
3227	10.839956
3228	10.839956
3229	10.839956
3230	10.839956
3231	10.839956
3232	10.839956
3233	10.839956
3234	10.839956
3235	10.839956
3236	10.839956
3237	10.839956
3238	10.839956
3239	10.839956
3240	10.839956
3241	10.839956
3242	10.839956
3243	10.839956
3244	10.839956
3245	10.839956
3246	10.839956
3247	10.839956
3248	10.839956
3249	10.839956
3250	10.839956
3251	10.839956
3252	10.839956
3253	10.839956
3254	10.839956
3255	10.839956
3256	10.839956
3257	10.839956
3258	10.839956
3259	10.839956
3260	10.839956
3261	10.839956
3262	10.839956
3263	10.839956
3264	10.839956
3265	10.839956
3266	10.839956
3267	10.839956
3268	10.839956
3269	10.839956
3270	10.839956
3271	10.839956
3272	10.839956
3273	10.839956
3274	10.839956
3275	10.839956
3276	10.839956
3277	10.839956
3278	10.839956
3279	10.839956
3280	10.839956
3281	10.839956
3282	10.839956
3283	10.839956
3284	10.839956
3285	10.839956
3286	10.839956
3287	10.839956
3288	10.839956
3289	10.839956
3290	10.839956
3291	10.839956
3292	10.839956
3293	10.839956
3294	10.839956
3295	10.839956
3296	10.839956
3297	10.839956
3298	10.839956
3299	10.839956
3300	10.839956
3301	10.839956
3302	10.839956
3303	10.839956
3304	10.839956
3305	10.839956
3306	10.839956
3307	10.839956
3308	10.839956
3309	10.839956
3310	10.839956
3311	10.839956
3312	10.839956
3313	10.839956
3314	10.839956
3315	10.839956
3316	10.839956
3317	10.839956
3318	10.839956
3319	10.839956
3320	10.839956
3321	10.839956
3322	10.839956
3323	10.839956
3324	10.839956
3325	10.839956
3326	10.839956
3327	10.839956
3328	10.839956
3329	10.839956
3330	10.839956
3331	10.839956
3332	10.839956
3333	10.839956
3334	10.839956
3335	10.839956
3336	10.839956
3337	10.839956
3338	10.839956
3339	10.839956
3340	10.839956
3341	10.839956
3342	10.839956
3343	10.839956
3344	10.839956
3345	10.839956
3346	10.839956
3347	10.839956
3348	10.839956
3349	10.839956
3350	10.839956
3351	10.839956
3352	10.839956
3353	10.839956
3354	10.839956
3355	10.839956
3356	10.839956
3357	10.839956
3358	10.839956
3359	10.839956
3360	10.839956
3361	10.839956
3362	10.839956
3363	10.839956
3364	10.839956
3365	10.839956
3366	10.839956
3367	10.839956
3368	10.839956
3369	10.839956
3370	10.839956
3371	10.839956
3372	10.839956
3373	10.839956
3374	10.839956
3375	10.839956
3376	10.839956
3377	10.839956
3378	10.839956
3379	10.839956
3380	10.839956
3381	10.839956
3382	10.839956
3383	10.839956
3384	10.839956
3385	10.839956
3386	10.839956
3387	10.839956
3388	10.839956
3389	10.839956
3390	10.839956
3391	10.839956
3392	10.839956
3393	10.839956
3394	10.839956
3395	10.839956
3396	10.839956
3397	10.839956
3398	10.839956
3399	10.839956
3400	10.839956
3401	10.839956
3402	10.839956
3403	10.839956
3404	10.839956
3405	10.839956
3406	10.839956
3407	10.839956
3408	10.839956
3409	10.839956
3410	10.839956
3411	10.839956
3412	10.839956
3413	10.839956
3414	10.839956
3415	10.839956
3416	10.839956
3417	10.839956
3418	10.839956
3419	10.839956
3420	10.839956
3421	10.839956
3422	10.839956
3423	10.839956
3424	10.839956
3425	10.839956
3426	10.839956
3427	10.839956
3428	10.839956
3429	10.839956
3430	10.839956
3431	10.839956
3432	10.839956
3433	10.839956
3434	10.839956
3435	10.839956
3436	10.839956
3437	10.839956
3438	10.839956
3439	10.839956
3440	10.839956
3441	10.839956
3442	10.839956
3443	10.839956
3444	10.839956
3445	10.839956
3446	10.839956
3447	10.839956
3448	10.839956
3449	10.839956
3450	10.839956
3451	10.839956
3452	10.839956
3453	10.839956
3454	10.839956
3455	10.839956
3456	10.839956
3457	10.839956
3458	10.839956
3459	10.839956
3460	10.839956
3461	10.839956
3462	10.839956
3463	10.839956
3464	10.839956
3465	10.839956
3466	10.839956
3467	10.839956
3468	10.839956
3469	10.839956
3470	10.839956
3471	10.839956
3472	10.839956
3473	10.839956
3474	10.839956
3475	10.839956
3476	10.839956
3477	10.839956
3478	10.839956
3479	10.839956
3480	10.839956
3481	10.839956
3482	10.839956
3483	10.839956
3484	10.839956
3485	10.839956
3486	10.839956
3487	10.839956
3488	10.839956
3489	10.839956
3490	10.839956
3491	10.839956
3492	10.839956
3493	10.839956
3494	10.839956
3495	10.839956
3496	10.839956
3497	10.839956
3498	10.839956
3499	10.839956
3500	10.839956
3501	10.839956
3502	10.839956
3503	10.839956
3504	10.839956
3505	10.839956
3506	10.839956
3507	10.839956
3508	10.839956
3509	10.839956
3510	10.839956
3511	10.839956
3512	10.839956
3513	10.839956
3514	10.839956
3515	10.839956
3516	10.839956
3517	10.839956
3518	10.839956
3519	10.839956
3520	10.839956
3521	10.839956
3522	10.839956
3523	10.839956
3524	10.839956
3525	10.839956
3526	10.839956
3527	10.839956
3528	10.839956
3529	10.839956
3530	10.839956
3531	10.839956
3532	10.839956
3533	10.839956
3534	10.839956
3535	10.839956
3536	10.839956
3537	10.839956
3538	10.839956
3539	10.839956
3540	10.839956
3541	10.839956
3542	10.839956
3543	10.839956
3544	10.839956
3545	10.839956
3546	10.839956
3547	10.839956
3548	10.839956
3549	10.839956
3550	10.839956
3551	10.839956
3552	10.839956
3553	10.839956
3554	10.839956
3555	10.839956
3556	10.839956
3557	10.839956
3558	10.839956
3559	10.839956
3560	10.839956
3561	10.839956
3562	10.839956
3563	10.839956
3564	10.839956
3565	10.839956
3566	10.839956
3567	10.839956
3568	10.839956
3569	10.839956
3570	10.839956
3571	10.839956
3572	10.839956
3573	10.839956
3574	10.839956
3575	10.839956
3576	10.839956
3577	10.839956
3578	10.839956
3579	10.839956
3580	10.839956
3581	10.839956
3582	10.839956
3583	10.839956
3584	10.839956
3585	10.839956
3586	10.839956
3587	10.839956
3588	10.839956
3589	10.839956
3590	10.839956
3591	10.839956
3592	10.839956
3593	10.839956
3594	10.839956
3595	10.839956
3596	10.839956
3597	10.839956
3598	10.839956
3599	10.839956
3600	10.839956
3601	10.839956
3602	10.839956
3603	10.839956
3604	10.839956
3605	10.839956
3606	10.839956
3607	10.839956
3608	10.839956
3609	10.839956
3610	10.839956
3611	10.839956
3612	10.839956
3613	10.839956
3614	10.839956
3615	10.839956
3616	10.839956
3617	10.839956
3618	10.839956
3619	10.839956
3620	10.839956
3621	10.839956
3622	10.839956
3623	10.839956
3624	10.839956
3625	10.839956
3626	10.839956
3627	10.839956
3628	10.839956
3629	10.839956
3630	10.839956
3631	10.839956
3632	10.839956
3633	10.839956
3634	10.839956
3635	10.839956
3636	10.839956
3637	10.839956
3638	10.839956
3639	10.839956
3640	10.839956
3641	10.839956
3642	10.839956
3643	10.839956
3644	10.839956
3645	10.839956
3646	10.839956
3647	10.839956
3648	10.839956
3649	10.839956
3650	10.839956
3651	10.839956
3652	10.839956
3653	10.839956
3654	10.839956
3655	10.839956
3656	10.839956
3657	10.839956
3658	10.839956
3659	10.839956
3660	10.839956
3661	10.839956
3662	10.839956
3663	10.839956
3664	10.839956
3665	10.839956
3666	10.839956
3667	10.839956
3668	10.839956
3669	10.839956
3670	10.839956
3671	10.839956
3672	10.839956
3673	10.839956
3674	10.839956
3675	10.839956
3676	10.839956
3677	10.839956
3678	10.839956
3679	10.839956
3680	10.839956
3681	10.839956
3682	10.839956
3683	10.839956
3684	10.839956
3685	10.839956
3686	10.839956
3687	10.839956
3688	10.839956
3689	10.839956
3690	10.839956
3691	10.839956
3692	10.839956
3693	10.839956
3694	10.839956
3695	10.839956
3696	10.839956
3697	10.839956
3698	10.839956
3699	10.839956
3700	10.839956
3701	10.839956
3702	10.839956
3703	10.839956
3704	10.839956
3705	10.839956
3706	10.839956
3707	10.839956
3708	10.839956
3709	10.839956
3710	10.839956
3711	10.839956
3712	10.839956
3713	10.839956
3714	10.839956
3715	10.839956
3716	10.839956
3717	10.839956
3718	10.839956
3719	10.839956
3720	10.839956
3721	10.839956
3722	10.839956
3723	10.839956
3724	10.839956
3725	10.839956
3726	10.839956
3727	10.839956
3728	10.839956
3729	10.839956
3730	10.839956
3731	10.839956
3732	10.839956
3733	10.839956
3734	10.839956
3735	10.839956
3736	10.839956
3737	10.839956
3738	10.839956
3739	10.839956
3740	10.839956
3741	10.839956
3742	10.839956
3743	10.839956
3744	10.839956
3745	10.839956
3746	10.839956
3747	10.839956
3748	10.839956
3749	10.839956
3750	10.839956
3751	10.839956
3752	10.839956
3753	10.839956
3754	10.839956
3755	10.839956
3756	10.839956
3757	10.839956
3758	10.839956
3759	10.839956
3760	10.839956
3761	10.839956
3762	10.839956
3763	10.839956
3764	10.839956
3765	10.839956
3766	10.839956
3767	10.839956
3768	10.839956
3769	10.839956
3770	10.839956
3771	10.839956
3772	10.839956
3773	10.839956
3774	10.839956
3775	10.839956
3776	10.839956
3777	10.839956
3778	10.839956
3779	10.839956
3780	10.839956
3781	10.839956
3782	10.839956
3783	10.839956
3784	10.839956
3785	10.839956
3786	10.839956
3787	10.839956
3788	10.839956
3789	10.839956
3790	10.839956
3791	10.839956
3792	10.839956
3793	10.839956
3794	10.839956
3795	10.839956
3796	10.839956
3797	10.839956
3798	10.839956
3799	10.839956
3800	10.839956
3801	10.839956
3802	10.839956
3803	10.839956
3804	10.839956
3805	10.839956
3806	10.839956
3807	10.839956
3808	10.839956
3809	10.839956
3810	10.839956
3811	10.839956
3812	10.839956
3813	10.839956
3814	10.839956
3815	10.839956
3816	10.839956
3817	10.839956
3818	10.839956
3819	10.839956
3820	10.839956
3821	10.839956
3822	10.839956
3823	10.839956
3824	10.839956
3825	10.839956
3826	10.839956
3827	10.839956
3828	10.839956
3829	10.839956
3830	10.839956
3831	10.839956
3832	10.839956
3833	10.839956
3834	10.839956
3835	10.839956
3836	10.839956
3837	10.839956
3838	10.839956
3839	10.839956
3840	10.839956
3841	10.839956
3842	10.839956
3843	10.839956
3844	10.839956
3845	10.839956
3846	10.839956
3847	10.839956
3848	10.839956
3849	10.839956
3850	10.839956
3851	10.839956
3852	10.839956
3853	10.839956
3854	10.839956
3855	10.839956
3856	10.839956
3857	10.839956
3858	10.839956
3859	10.839956
3860	10.839956
3861	10.839956
3862	10.839956
3863	10.839956
3864	10.839956
3865	10.839956
3866	10.839956
3867	10.839956
3868	10.839956
3869	10.839956
3870	10.839956
3871	10.839956
3872	10.839956
3873	10.839956
3874	10.839956
3875	10.839956
3876	10.839956
3877	10.839956
3878	10.839956
3879	10.839956
3880	10.839956
3881	10.839956
3882	10.839956
3883	10.839956
3884	10.839956
3885	10.839956
3886	10.839956
3887	10.839956
3888	10.839956
3889	10.839956
3890	10.839956
3891	10.839956
3892	10.839956
3893	10.839956
3894	10.839956
3895	10.839956
3896	10.839956
3897	10.839956
3898	10.839956
3899	10.839956
3900	10.839956
3901	10.839956
3902	10.839956
3903	10.839956
3904	10.839956
3905	10.839956
3906	10.839956
3907	10.839956
3908	10.839956
3909	10.839956
3910	10.839956
3911	10.839956
3912	10.839956
3913	10.839956
3914	10.839956
3915	10.839956
3916	10.839956
3917	10.839956
3918	10.839956
3919	10.839956
3920	10.839956
3921	10.839956
3922	10.839956
3923	10.839956
3924	10.839956
3925	10.839956
3926	10.839956
3927	10.839956
3928	10.839956
3929	10.839956
3930	10.839956
3931	10.839956
3932	10.839956
3933	10.839956
3934	10.839956
3935	10.839956
3936	10.839956
3937	10.839956
3938	10.839956
3939	10.839956
3940	10.839956
3941	10.839956
3942	10.839956
3943	10.839956
3944	10.839956
3945	10.839956
3946	10.839956
3947	10.839956
3948	10.839956
3949	10.839956
3950	10.839956
3951	10.839956
3952	10.839956
3953	10.839956
3954	10.839956
3955	10.839956
3956	10.839956
3957	10.839956
3958	10.839956
3959	10.839956
3960	10.839956
3961	10.839956
3962	10.839956
3963	10.839956
3964	10.839956
3965	10.839956
3966	10.839956
3967	10.839956
3968	10.839956
3969	10.839956
3970	10.839956
3971	10.839956
3972	10.839956
3973	10.839956
3974	10.839956
3975	10.839956
3976	10.839956
3977	10.839956
3978	10.839956
3979	10.839956
3980	10.839956
3981	10.839956
3982	10.839956
3983	10.839956
3984	10.839956
3985	10.839956
3986	10.839956
3987	10.839956
3988	10.839956
3989	10.839956
3990	10.839956
3991	10.839956
3992	10.839956
3993	10.839956
3994	10.839956
3995	10.839956
3996	10.839956
3997	10.839956
3998	10.839956
3999	10.839956
4000	10.839956
4001	10.839956
4002	10.839956
4003	10.839956
4004	10.839956
4005	10.839956
4006	10.839956
4007	10.839956
4008	10.839956
4009	10.839956
4010	10.839956
4011	10.839956
4012	10.839956
4013	10.839956
4014	10.839956
4015	10.839956
4016	10.839956
4017	10.839956
4018	10.839956
4019	10.839956
4020	10.839956
4021	10.839956
4022	10.839956
4023	10.839956
4024	10.839956
4025	10.839956
4026	10.839956
4027	10.839956
4028	10.839956
4029	10.839956
4030	10.839956
4031	10.839956
4032	10.839956
4033	10.839956
4034	10.839956
4035	10.839956
4036	10.839956
4037	10.839956
4038	10.839956
4039	10.839956
4040	10.839956
4041	10.839956
4042	10.839956
4043	10.839956
4044	10.839956
4045	10.839956
4046	10.839956
4047	10.839956
4048	10.839956
4049	10.839956
4050	10.839956
4051	10.839956
4052	10.839956
4053	10.839956
4054	10.839956
4055	10.839956
4056	10.839956
4057	10.839956
4058	10.839956
4059	10.839956
4060	10.839956
4061	10.839956
4062	10.839956
4063	10.839956
4064	10.839956
4065	10.839956
4066	10.839956
4067	10.839956
4068	10.839956
4069	10.839956
4070	10.839956
4071	10.839956
4072	10.839956
4073	10.839956
4074	10.839956
4075	10.839956
4076	10.839956
4077	10.839956
4078	10.839956
4079	10.839956
4080	10.839956
4081	10.839956
4082	10.839956
4083	10.839956
4084	10.839956
4085	10.839956
4086	10.839956
4087	10.839956
4088	10.839956
4089	10.839956
4090	10.839956
4091	10.839956
4092	10.839956
4093	10.839956
4094	10.839956
4095	10.839956
4096	10.839956
4097	10.839956
4098	10.839956
4099	10.839956
4100	10.839956
4101	10.839956
4102	10.839956
4103	10.839956
4104	10.839956
4105	10.839956
4106	10.839956
4107	10.839956
4108	10.839956
4109	10.839956
4110	10.839956
4111	10.839956
4112	10.839956
4113	10.839956
4114	10.839956
4115	10.839956
4116	10.839956
4117	10.839956
4118	10.839956
4119	10.839956
4120	10.839956
4121	10.839956
4122	10.839956
4123	10.839956
4124	10.839956
4125	10.839956
4126	10.839956
4127	10.839956
4128	10.839956
4129	10.839956
4130	10.839956
4131	10.839956
4132	10.839956
4133	10.839956
4134	10.839956
4135	10.839956
4136	10.839956
4137	10.839956
4138	10.839956
4139	10.839956
4140	10.839956
4141	10.839956
4142	10.839956
4143	10.839956
4144	10.839956
4145	10.839956
4146	10.839956
4147	10.839956
4148	10.839956
4149	10.839956
4150	10.839956
4151	10.839956
4152	10.839956
4153	10.839956
4154	10.839956
4155	10.839956
4156	10.839956
4157	10.839956
4158	10.839956
4159	10.839956
4160	10.839956
4161	10.839956
4162	10.839956
4163	10.839956
4164	10.839956
4165	10.839956
4166	10.839956
4167	10.839956
4168	10.839956
4169	10.839956
4170	10.839956
4171	10.839956
4172	10.839956
4173	10.839956
4174	10.839956
4175	10.839956
4176	10.839956
4177	10.839956
4178	10.839956
4179	10.839956
4180	10.839956
4181	10.839956
4182	10.839956
4183	10.839956
4184	10.839956
4185	10.839956
4186	10.839956
4187	10.839956
4188	10.839956
4189	10.839956
4190	10.839956
4191	10.839956
4192	10.839956
4193	10.839956
4194	10.839956
4195	10.839956
4196	10.839956
4197	10.839956
4198	10.839956
4199	10.839956
4200	10.839956
4201	10.839956
4202	10.839956
4203	10.839956
4204	10.839956
4205	10.839956
4206	10.839956
4207	10.839956
4208	10.839956
4209	10.839956
4210	10.839956
4211	10.839956
4212	10.839956
4213	10.839956
4214	10.839956
4215	10.839956
4216	10.839956
4217	10.839956
4218	10.839956
4219	10.839956
4220	10.839956
4221	10.839956
4222	10.839956
4223	10.839956
4224	10.839956
4225	10.839956
4226	10.839956
4227	10.839956
4228	10.839956
4229	10.839956
4230	10.839956
4231	10.839956
4232	10.839956
4233	10.839956
4234	10.839956
4235	10.839956
4236	10.839956
4237	10.839956
4238	10.839956
4239	10.839956
4240	10.839956
4241	10.839956
4242	10.839956
4243	10.839956
4244	10.839956
4245	10.839956
4246	10.839956
4247	10.839956
4248	10.839956
4249	10.839956
4250	10.839956
4251	10.839956
4252	10.839956
4253	10.839956
4254	10.839956
4255	10.839956
4256	10.839956
4257	10.839956
4258	10.839956
4259	10.839956
4260	10.839956
4261	10.839956
4262	10.839956
4263	10.839956
4264	10.839956
4265	10.839956
4266	10.839956
4267	10.839956
4268	10.839956
4269	10.839956
4270	10.839956
4271	10.839956
4272	10.839956
4273	10.839956
4274	10.839956
4275	10.839956
4276	10.839956
4277	10.839956
4278	10.839956
4279	10.839956
4280	10.839956
4281	10.839956
4282	10.839956
4283	10.839956
4284	10.839956
4285	10.839956
4286	10.839956
4287	10.839956
4288	10.839956
4289	10.839956
4290	10.839956
4291	10.839956
4292	10.839956
4293	10.839956
4294	10.839956
4295	10.839956
4296	10.839956
4297	10.839956
4298	10.839956
4299	10.839956
4300	10.839956
4301	10.839956
4302	10.839956
4303	10.839956
4304	10.839956
4305	10.839956
4306	10.839956
4307	10.839956
4308	10.839956
4309	10.839956
4310	10.839956
4311	10.839956
4312	10.839956
4313	10.839956
4314	10.839956
4315	10.839956
4316	10.839956
4317	10.839956
4318	10.839956
4319	10.839956
4320	10.839956
4321	10.839956
4322	10.839956
4323	10.839956
4324	10.839956
4325	10.839956
4326	10.839956
4327	10.839956
4328	10.839956
4329	10.839956
4330	10.839956
4331	10.839956
4332	10.839956
4333	10.839956
4334	10.839956
4335	10.839956
4336	10.839956
4337	10.839956
4338	10.839956
4339	10.839956
4340	10.839956
4341	10.839956
4342	10.839956
4343	10.839956
4344	10.839956
4345	10.839956
4346	10.839956
4347	10.839956
4348	10.839956
4349	10.839956
4350	10.839956
4351	10.839956
4352	10.839956
4353	10.839956
4354	10.839956
4355	10.839956
4356	10.839956
4357	10.839956
4358	10.839956
4359	10.839956
4360	10.839956
4361	10.839956
4362	10.839956
4363	10.839956
4364	10.839956
4365	10.839956
4366	10.839956
4367	10.839956
4368	10.839956
4369	10.839956
4370	10.839956
4371	10.839956
4372	10.839956
4373	10.839956
4374	10.839956
4375	10.839956
4376	10.839956
4377	10.839956
4378	10.839956
4379	10.839956
4380	10.839956
4381	10.839956
4382	10.839956
4383	10.839956
4384	10.839956
4385	10.839956
4386	10.839956
4387	10.839956
4388	10.839956
4389	10.839956
4390	10.839956
4391	10.839956
4392	10.839956
4393	10.839956
4394	10.839956
4395	10.839956
4396	10.839956
4397	10.839956
4398	10.839956
4399	10.839956
4400	10.839956
4401	10.839956
4402	10.839956
4403	10.839956
4404	10.839956
4405	10.839956
4406	10.839956
4407	10.839956
4408	10.839956
4409	10.839956
4410	10.839956
4411	10.839956
4412	10.839956
4413	10.839956
4414	10.839956
4415	10.839956
4416	10.839956
4417	10.839956
4418	10.839956
4419	10.839956
4420	10.839956
4421	10.839956
4422	10.839956
4423	10.839956
4424	10.839956
4425	10.839956
4426	10.839956
4427	10.839956
4428	10.839956
4429	10.839956
4430	10.839956
4431	10.839956
4432	10.839956
4433	10.839956
4434	10.839956
4435	10.839956
4436	10.839956
4437	10.839956
4438	10.839956
4439	10.839956
4440	10.839956
4441	10.839956
4442	10.839956
4443	10.839956
4444	10.839956
4445	10.839956
4446	10.839956
4447	10.839956
4448	10.839956
4449	10.839956
4450	10.839956
4451	10.839956
4452	10.839956
4453	10.839956
4454	10.839956
4455	10.839956
4456	10.839956
4457	10.839956
4458	10.839956
4459	10.839956
4460	10.839956
4461	10.839956
4462	10.839956
4463	10.839956
4464	10.839956
4465	10.839956
4466	10.839956
4467	10.839956
4468	10.839956
4469	10.839956
4470	10.839956
4471	10.839956
4472	10.839956
4473	10.839956
4474	10.839956
4475	10.839956
4476	10.839956
4477	10.839956
4478	10.839956
4479	10.839956
4480	10.839956
4481	10.839956
4482	10.839956
4483	10.839956
4484	10.839956
4485	10.839956
4486	10.839956
4487	10.839956
4488	10.839956
4489	10.839956
4490	10.839956
4491	10.839956
4492	10.839956
4493	10.839956
4494	10.839956
4495	10.839956
4496	10.839956
4497	10.839956
4498	10.839956
4499	10.839956
4500	10.839956
4501	10.839956
4502	10.839956
4503	10.839956
4504	10.839956
4505	10.839956
4506	10.839956
4507	10.839956
4508	10.839956
4509	10.839956
4510	10.839956
4511	10.839956
4512	10.839956
4513	10.839956
4514	10.839956
4515	10.839956
4516	10.839956
4517	10.839956
4518	10.839956
4519	10.839956
4520	10.839956
4521	10.839956
4522	10.839956
4523	10.839956
4524	10.839956
4525	10.839956
4526	10.839956
4527	10.839956
4528	10.839956
4529	10.839956
4530	10.839956
4531	10.839956
4532	10.839956
4533	10.839956
4534	10.839956
4535	10.839956
4536	10.839956
4537	10.839956
4538	10.839956
4539	10.839956
4540	10.839956
4541	10.839956
4542	10.839956
4543	10.839956
4544	10.839956
4545	10.839956
4546	10.839956
4547	10.839956
4548	10.839956
4549	10.839956
4550	10.839956
4551	10.839956
4552	10.839956
4553	10.839956
4554	10.839956
4555	10.839956
4556	10.839956
4557	10.839956
4558	10.839956
4559	10.839956
4560	10.839956
4561	10.839956
4562	10.839956
4563	10.839956
4564	10.839956
4565	10.839956
4566	10.839956
4567	10.839956
4568	10.839956
4569	10.839956
4570	10.839956
4571	10.839956
4572	10.839956
4573	10.839956
4574	10.839956
4575	10.839956
4576	10.839956
4577	10.839956
4578	10.839956
4579	10.839956
4580	10.839956
4581	10.839956
4582	10.839956
4583	10.839956
4584	10.839956
4585	10.839956
4586	10.839956
4587	10.839956
4588	10.839956
4589	10.839956
4590	10.839956
4591	10.839956
4592	10.839956
4593	10.839956
4594	10.839956
4595	10.839956
4596	10.839956
4597	10.839956
4598	10.839956
4599	10.839956
4600	10.839956
4601	10.839956
4602	10.839956
4603	10.839956
4604	10.839956
4605	10.839956
4606	10.839956
4607	10.839956
4608	10.839956
4609	10.839956
4610	10.839956
4611	10.839956
4612	10.839956
4613	10.839956
4614	10.839956
4615	10.839956
4616	10.839956
4617	10.839956
4618	10.839956
4619	10.839956
4620	10.839956
4621	10.839956
4622	10.839956
4623	10.839956
4624	10.839956
4625	10.839956
4626	10.839956
4627	10.839956
4628	10.839956
4629	10.839956
4630	10.839956
4631	10.839956
4632	10.839956
4633	10.839956
4634	10.839956
4635	10.839956
4636	10.839956
4637	10.839956
4638	10.839956
4639	10.839956
4640	10.839956
4641	10.839956
4642	10.839956
4643	10.839956
4644	10.839956
4645	10.839956
4646	10.839956
4647	10.839956
4648	10.839956
4649	10.839956
4650	10.839956
4651	10.839956
4652	10.839956
4653	10.839956
4654	10.839956
4655	10.839956
4656	10.839956
4657	10.839956
4658	10.839956
4659	10.839956
4660	10.839956
4661	10.839956
4662	10.839956
4663	10.839956
4664	10.839956
4665	10.839956
4666	10.839956
4667	10.839956
4668	10.839956
4669	10.839956
4670	10.839956
4671	10.839956
4672	10.839956
4673	10.839956
4674	10.839956
4675	10.839956
4676	10.839956
4677	10.839956
4678	10.839956
4679	10.839956
4680	10.839956
4681	10.839956
4682	10.839956
4683	10.839956
4684	10.839956
4685	10.839956
4686	10.839956
4687	10.839956
4688	10.839956
4689	10.839956
4690	10.839956
4691	10.839956
4692	10.839956
4693	10.839956
4694	10.839956
4695	10.839956
4696	10.839956
4697	10.839956
4698	10.839956
4699	10.839956
4700	10.839956
4701	10.839956
4702	10.839956
4703	10.839956
4704	10.839956
4705	10.839956
4706	10.839956
4707	10.839956
4708	10.839956
4709	10.839956
4710	10.839956
4711	10.839956
4712	10.839956
4713	10.839956
4714	10.839956
4715	10.839956
4716	10.839956
4717	10.839956
4718	10.839956
4719	10.839956
4720	10.839956
4721	10.839956
4722	10.839956
4723	10.839956
4724	10.839956
4725	10.839956
4726	10.839956
4727	10.839956
4728	10.839956
4729	10.839956
4730	10.839956
4731	10.839956
4732	10.839956
4733	10.839956
4734	10.839956
4735	10.839956
4736	10.839956
4737	10.839956
4738	10.839956
4739	10.839956
4740	10.839956
4741	10.839956
4742	10.839956
4743	10.839956
4744	10.839956
4745	10.839956
4746	10.839956
4747	10.839956
4748	10.839956
4749	10.839956
4750	10.839956
4751	10.839956
4752	10.839956
4753	10.839956
4754	10.839956
4755	10.839956
4756	10.839956
4757	10.839956
4758	10.839956
4759	10.839956
4760	10.839956
4761	10.839956
4762	10.839956
4763	10.839956
4764	10.839956
4765	10.839956
4766	10.839956
4767	10.839956
4768	10.839956
4769	10.839956
4770	10.839956
4771	10.839956
4772	10.839956
4773	10.839956
4774	10.839956
4775	10.839956
4776	10.839956
4777	10.839956
4778	10.839956
4779	10.839956
4780	10.839956
4781	10.839956
4782	10.839956
4783	10.839956
4784	10.839956
4785	10.839956
4786	10.839956
4787	10.839956
4788	10.839956
4789	10.839956
4790	10.839956
4791	10.839956
4792	10.839956
4793	10.839956
4794	10.839956
4795	10.839956
4796	10.839956
4797	10.839956
4798	10.839956
4799	10.839956
4800	10.839956
4801	10.839956
4802	10.839956
4803	10.839956
4804	10.839956
4805	10.839956
4806	10.839956
4807	10.839956
4808	10.839956
4809	10.839956
4810	10.839956
4811	10.839956
4812	10.839956
4813	10.839956
4814	10.839956
4815	10.839956
4816	10.839956
4817	10.839956
4818	10.839956
4819	10.839956
4820	10.839956
4821	10.839956
4822	10.839956
4823	10.839956
4824	10.839956
4825	10.839956
4826	10.839956
4827	10.839956
4828	10.839956
4829	10.839956
4830	10.839956
4831	10.839956
4832	10.839956
4833	10.839956
4834	10.839956
4835	10.839956
4836	10.839956
4837	10.839956
4838	10.839956
4839	10.839956
4840	10.839956
4841	10.839956
4842	10.839956
4843	10.839956
4844	10.839956
4845	10.839956
4846	10.839956
4847	10.839956
4848	10.839956
4849	10.839956
4850	10.839956
4851	10.839956
4852	10.839956
4853	10.839956
4854	10.839956
4855	10.839956
4856	10.839956
4857	10.839956
4858	10.839956
4859	10.839956
4860	10.839956
4861	10.839956
4862	10.839956
4863	10.839956
4864	10.839956
4865	10.839956
4866	10.839956
4867	10.839956
4868	10.839956
4869	10.839956
4870	10.839956
4871	10.839956
4872	10.839956
4873	10.839956
4874	10.839956
4875	10.839956
4876	10.839956
4877	10.839956
4878	10.839956
4879	10.839956
4880	10.839956
4881	10.839956
4882	10.839956
4883	10.839956
4884	10.839956
4885	10.839956
4886	10.839956
4887	10.839956
4888	10.839956
4889	10.839956
4890	10.839956
4891	10.839956
4892	10.839956
4893	10.839956
4894	10.839956
4895	10.839956
4896	10.839956
4897	10.839956
4898	10.839956
4899	10.839956
4900	10.839956
4901	10.839956
4902	10.839956
4903	10.839956
4904	10.839956
4905	10.839956
4906	10.839956
4907	10.839956
4908	10.839956
4909	10.839956
4910	10.839956
4911	10.839956
4912	10.839956
4913	10.839956
4914	10.839956
4915	10.839956
4916	10.839956
4917	10.839956
4918	10.839956
4919	10.839956
4920	10.839956
4921	10.839956
4922	10.839956
4923	10.839956
4924	10.839956
4925	10.839956
4926	10.839956
4927	10.839956
4928	10.839956
4929	10.839956
4930	10.839956
4931	10.839956
4932	10.839956
4933	10.839956
4934	10.839956
4935	10.839956
4936	10.839956
4937	10.839956
4938	10.839956
4939	10.839956
4940	10.839956
4941	10.839956
4942	10.839956
4943	10.839956
4944	10.839956
4945	10.839956
4946	10.839956
4947	10.839956
4948	10.839956
4949	10.839956
4950	10.839956
4951	10.839956
4952	10.839956
4953	10.839956
4954	10.839956
4955	10.839956
4956	10.839956
4957	10.839956
4958	10.839956
4959	10.839956
4960	10.839956
4961	10.839956
4962	10.839956
4963	10.839956
4964	10.839956
4965	10.839956
4966	10.839956
4967	10.839956
4968	10.839956
4969	10.839956
4970	10.839956
4971	10.839956
4972	10.839956
4973	10.839956
4974	10.839956
4975	10.839956
4976	10.839956
4977	10.839956
4978	10.839956
4979	10.839956
4980	10.839956
4981	10.839956
4982	10.839956
4983	10.839956
4984	10.839956
4985	10.839956
4986	10.839956
4987	10.839956
4988	10.839956
4989	10.839956
4990	10.839956
4991	10.839956
4992	10.839956
4993	10.839956
4994	10.839956
4995	10.839956
4996	10.839956
4997	10.839956
4998	10.839956
4999	10.839956
5000	10.839956
5001	10.839956
5002	10.839956
5003	10.839956
5004	10.839956
5005	10.839956
5006	10.839956
5007	10.839956
5008	10.839956
5009	10.839956
5010	10.839956
5011	10.839956
5012	10.839956
5013	10.839956
5014	10.839956
5015	10.839956
5016	10.839956
5017	10.839956
5018	10.839956
5019	10.839956
5020	10.839956
5021	10.839956
5022	10.839956
5023	10.839956
5024	10.839956
5025	10.839956
5026	10.839956
5027	10.839956
5028	10.839956
5029	10.839956
5030	10.839956
5031	10.839956
5032	10.839956
5033	10.839956
5034	10.839956
5035	10.839956
5036	10.839956
5037	10.839956
5038	10.839956
5039	10.839956
5040	10.839956
5041	10.839956
5042	10.839956
5043	10.839956
5044	10.839956
5045	10.839956
5046	10.839956
5047	10.839956
5048	10.839956
5049	10.839956
5050	10.839956
5051	10.839956
5052	10.839956
5053	10.839956
5054	10.839956
5055	10.839956
5056	10.839956
5057	10.839956
5058	10.839956
5059	10.839956
5060	10.839956
5061	10.839956
5062	10.839956
5063	10.839956
5064	10.839956
5065	10.839956
5066	10.839956
5067	10.839956
5068	10.839956
5069	10.839956
5070	10.839956
5071	10.839956
5072	10.839956
5073	10.839956
5074	10.839956
5075	10.839956
5076	10.839956
5077	10.839956
5078	10.839956
5079	10.839956
5080	10.839956
5081	10.839956
5082	10.839956
5083	10.839956
5084	10.839956
5085	10.839956
5086	10.839956
5087	10.839956
5088	10.839956
5089	10.839956
5090	10.839956
5091	10.839956
5092	10.839956
5093	10.839956
5094	10.839956
5095	10.839956
5096	10.839956
5097	10.839956
5098	10.839956
5099	10.839956
5100	10.839956
5101	10.839956
5102	10.839956
5103	10.839956
5104	10.839956
5105	10.839956
5106	10.839956
5107	10.839956
5108	10.839956
5109	10.839956
5110	10.839956
5111	10.839956
5112	10.839956
5113	10.839956
5114	10.839956
5115	10.839956
5116	10.839956
5117	10.839956
5118	10.839956
5119	10.839956
5120	10.839956
5121	10.839956
5122	10.839956
5123	10.839956
5124	10.839956
5125	10.839956
5126	10.839956
5127	10.839956
5128	10.839956
5129	10.839956
5130	10.839956
5131	10.839956
5132	10.839956
5133	10.839956
5134	10.839956
5135	10.839956
5136	10.839956
5137	10.839956
5138	10.839956
5139	10.839956
5140	10.839956
5141	10.839956
5142	10.839956
5143	10.839956
5144	10.839956
5145	10.839956
5146	10.839956
5147	10.839956
5148	10.839956
5149	10.839956
5150	10.839956
5151	10.839956
5152	10.839956
5153	10.839956
5154	10.839956
5155	10.839956
5156	10.839956
5157	10.839956
5158	10.839956
5159	10.839956
5160	10.839956
5161	10.839956
5162	10.839956
5163	10.839956
5164	10.839956
5165	10.839956
5166	10.839956
5167	10.839956
5168	10.839956
5169	10.839956
5170	10.839956
5171	10.839956
5172	10.839956
5173	10.839956
5174	10.839956
5175	10.839956
5176	10.839956
5177	10.839956
5178	10.839956
5179	10.839956
5180	10.839956
5181	10.839956
5182	10.839956
5183	10.839956
5184	10.839956
5185	10.839956
5186	10.839956
5187	10.839956
5188	10.839956
5189	10.839956
5190	10.839956
5191	10.839956
5192	10.839956
5193	10.839956
5194	10.839956
5195	10.839956
5196	10.839956
5197	10.839956
5198	10.839956
5199	10.839956
5200	10.839956
5201	10.839956
5202	10.839956
5203	10.839956
5204	10.839956
5205	10.839956
5206	10.839956
5207	10.839956
5208	10.839956
5209	10.839956
5210	10.839956
5211	10.839956
5212	10.839956
5213	10.839956
5214	10.839956
5215	10.839956
5216	10.839956
5217	10.839956
5218	10.839956
5219	10.839956
5220	10.839956
5221	10.839956
5222	10.839956
5223	10.839956
5224	10.839956
5225	10.839956
5226	10.839956
5227	10.839956
5228	10.839956
5229	10.839956
5230	10.839956
5231	10.839956
5232	10.839956
5233	10.839956
5234	10.839956
5235	10.839956
5236	10.839956
5237	10.839956
5238	10.839956
5239	10.839956
5240	10.839956
5241	10.839956
5242	10.839956
5243	10.839956
5244	10.839956
5245	10.839956
5246	10.839956
5247	10.839956
5248	10.839956
5249	10.839956
5250	10.839956
5251	10.839956
5252	10.839956
5253	10.839956
5254	10.839956
5255	10.839956
5256	10.839956
5257	10.839956
5258	10.839956
5259	10.839956
5260	10.839956
5261	10.839956
5262	10.839956
5263	10.839956
5264	10.839956
5265	10.839956
5266	10.839956
5267	10.839956
5268	10.839956
5269	10.839956
5270	10.839956
5271	10.839956
5272	10.839956
5273	10.839956
5274	10.839956
5275	10.839956
5276	10.839956
5277	10.839956
5278	10.839956
5279	10.839956
5280	10.839956
5281	10.839956
5282	10.839956
5283	10.839956
5284	10.839956
5285	10.839956
5286	10.839956
5287	10.839956
5288	10.839956
5289	10.839956
5290	10.839956
5291	10.839956
5292	10.839956
5293	10.839956
5294	10.839956
5295	10.839956
5296	10.839956
5297	10.839956
5298	10.839956
5299	10.839956
5300	10.839956
5301	10.839956
5302	10.839956
5303	10.839956
5304	10.839956
5305	10.839956
5306	10.839956
5307	10.839956
5308	10.839956
5309	10.839956
5310	10.839956
5311	10.839956
5312	10.839956
5313	10.839956
5314	10.839956
5315	10.839956
5316	10.839956
5317	10.839956
5318	10.839956
5319	10.839956
5320	10.839956
5321	10.839956
5322	10.839956
5323	10.839956
5324	10.839956
5325	10.839956
5326	10.839956
5327	10.839956
5328	10.839956
5329	10.839956
5330	10.839956
5331	10.839956
5332	10.839956
5333	10.839956
5334	10.839956
5335	10.839956
5336	10.839956
5337	10.839956
5338	10.839956
5339	10.839956
5340	10.839956
5341	10.839956
5342	10.839956
5343	10.839956
5344	10.839956
5345	10.839956
5346	10.839956
5347	10.839956
5348	10.839956
5349	10.839956
5350	10.839956
5351	10.839956
5352	10.839956
5353	10.839956
5354	10.839956
5355	10.839956
5356	10.839956
5357	10.839956
5358	10.839956
5359	10.839956
5360	10.839956
5361	10.839956
5362	10.839956
5363	10.839956
5364	10.839956
5365	10.839956
5366	10.839956
5367	10.839956
5368	10.839956
5369	10.839956
5370	10.839956
5371	10.839956
5372	10.839956
5373	10.839956
5374	10.839956
5375	10.839956
5376	10.839956
5377	10.839956
5378	10.839956
5379	10.839956
5380	10.839956
5381	10.839956
5382	10.839956
5383	10.839956
5384	10.839956
5385	10.839956
5386	10.839956
5387	10.839956
5388	10.839956
5389	10.839956
5390	10.839956
5391	10.839956
5392	10.839956
5393	10.839956
5394	10.839956
5395	10.839956
5396	10.839956
5397	10.839956
5398	10.839956
5399	10.839956
5400	10.839956
5401	10.839956
5402	10.839956
5403	10.839956
5404	10.839956
5405	10.839956
5406	10.839956
5407	10.839956
5408	10.839956
5409	10.839956
5410	10.839956
5411	10.839956
5412	10.839956
5413	10.839956
5414	10.839956
5415	10.839956
5416	10.839956
5417	10.839956
5418	10.839956
5419	10.839956
5420	10.839956
5421	10.839956
5422	10.839956
5423	10.839956
5424	10.839956
5425	10.839956
5426	10.839956
5427	10.839956
5428	10.839956
5429	10.839956
5430	10.839956
5431	10.839956
5432	10.839956
5433	10.839956
5434	10.839956
5435	10.839956
5436	10.839956
5437	10.839956
5438	10.839956
5439	10.839956
5440	10.839956
5441	10.839956
5442	10.839956
5443	10.839956
5444	10.839956
5445	10.839956
5446	10.839956
5447	10.839956
5448	10.839956
5449	10.839956
5450	10.839956
5451	10.839956
5452	10.839956
5453	10.839956
5454	10.839956
5455	10.839956
5456	10.839956
5457	10.839956
5458	10.839956
5459	10.839956
5460	10.839956
5461	10.839956
5462	10.839956
5463	10.839956
5464	10.839956
5465	10.839956
5466	10.839956
5467	10.839956
5468	10.839956
5469	10.839956
5470	10.839956
5471	10.839956
5472	10.839956
5473	10.839956
5474	10.839956
5475	10.839956
5476	10.839956
5477	10.839956
5478	10.839956
5479	10.839956
5480	10.839956
5481	10.839956
5482	10.839956
5483	10.839956
5484	10.839956
5485	10.839956
5486	10.839956
5487	10.839956
5488	10.839956
5489	10.839956
5490	10.839956
5491	10.839956
5492	10.839956
5493	10.839956
5494	10.839956
5495	10.839956
5496	10.839956
5497	10.839956
5498	10.839956
5499	10.839956
5500	10.839956
5501	10.839956
5502	10.839956
5503	10.839956
5504	10.839956
5505	10.839956
5506	10.839956
5507	10.839956
5508	10.839956
5509	10.839956
5510	10.839956
5511	10.839956
5512	10.839956
5513	10.839956
5514	10.839956
5515	10.839956
5516	10.839956
5517	10.839956
5518	10.839956
5519	10.839956
5520	10.839956
5521	10.839956
5522	10.839956
5523	10.839956
5524	10.839956
5525	10.839956
5526	10.839956
5527	10.839956
5528	10.839956
5529	10.839956
5530	10.839956
5531	10.839956
5532	10.839956
5533	10.839956
5534	10.839956
5535	10.839956
5536	10.839956
5537	10.839956
5538	10.839956
5539	10.839956
5540	10.839956
5541	10.839956
5542	10.839956
5543	10.839956
5544	10.839956
5545	10.839956
5546	10.839956
5547	10.839956
5548	10.839956
5549	10.839956
5550	10.839956
5551	10.839956
5552	10.839956
5553	10.839956
5554	10.839956
5555	10.839956
5556	10.839956
5557	10.839956
5558	10.839956
5559	10.839956
5560	10.839956
5561	10.839956
5562	10.839956
5563	10.839956
5564	10.839956
5565	10.839956
5566	10.839956
5567	10.839956
5568	10.839956
5569	10.839956
5570	10.839956
5571	10.839956
5572	10.839956
5573	10.839956
5574	10.839956
5575	10.839956
5576	10.839956
5577	10.839956
5578	10.839956
5579	10.839956
5580	10.839956
5581	10.839956
5582	10.839956
5583	10.839956
5584	10.839956
5585	10.839956
5586	10.839956
5587	10.839956
5588	10.839956
5589	10.839956
5590	10.839956
5591	10.839956
5592	10.839956
5593	10.839956
5594	10.839956
5595	10.839956
5596	10.839956
5597	10.839956
5598	10.839956
5599	10.839956
5600	10.839956
5601	10.839956
5602	10.839956
5603	10.839956
5604	10.839956
5605	10.839956
5606	10.839956
5607	10.839956
5608	10.839956
5609	10.839956
5610	10.839956
5611	10.839956
5612	10.839956
5613	10.839956
5614	10.839956
5615	10.839956
5616	10.839956
5617	10.839956
5618	10.839956
5619	10.839956
5620	10.839956
5621	10.839956
5622	10.839956
5623	10.839956
5624	10.839956
5625	10.839956
5626	10.839956
5627	10.839956
5628	10.839956
5629	10.839956
5630	10.839956
5631	10.839956
5632	10.839956
5633	10.839956
5634	10.839956
5635	10.839956
5636	10.839956
5637	10.839956
5638	10.839956
5639	10.839956
5640	10.839956
5641	10.839956
5642	10.839956
5643	10.839956
5644	10.839956
5645	10.839956
5646	10.839956
5647	10.839956
5648	10.839956
5649	10.839956
5650	10.839956
5651	10.839956
5652	10.839956
5653	10.839956
5654	10.839956
5655	10.839956
5656	10.839956
5657	10.839956
5658	10.839956
5659	10.839956
5660	10.839956
5661	10.839956
5662	10.839956
5663	10.839956
5664	10.839956
5665	10.839956
5666	10.839956
5667	10.839956
5668	10.839956
5669	10.839956
5670	10.839956
5671	10.839956
5672	10.839956
5673	10.839956
5674	10.839956
5675	10.839956
5676	10.839956
5677	10.839956
5678	10.839956
5679	10.839956
5680	10.839956
5681	10.839956
5682	10.839956
5683	10.839956
5684	10.839956
5685	10.839956
5686	10.839956
5687	10.839956
5688	10.839956
5689	10.839956
5690	10.839956
5691	10.839956
5692	10.839956
5693	10.839956
5694	10.839956
5695	10.839956
5696	10.839956
5697	10.839956
5698	10.839956
5699	10.839956
5700	10.839956
5701	10.839956
5702	10.839956
5703	10.839956
5704	10.839956
5705	10.839956
5706	10.839956
5707	10.839956
5708	10.839956
5709	10.839956
5710	10.839956
5711	10.839956
5712	10.839956
5713	10.839956
5714	10.839956
5715	10.839956
5716	10.839956
5717	10.839956
5718	10.839956
5719	10.839956
5720	10.839956
5721	10.839956
5722	10.839956
5723	10.839956
5724	10.839956
5725	10.839956
5726	10.839956
5727	10.839956
5728	10.839956
5729	10.839956
5730	10.839956
5731	10.839956
5732	10.839956
5733	10.839956
5734	10.839956
5735	10.839956
5736	10.839956
5737	10.839956
5738	10.839956
5739	10.839956
5740	10.839956
5741	10.839956
5742	10.839956
5743	10.839956
5744	10.839956
5745	10.839956
5746	10.839956
5747	10.839956
5748	10.839956
5749	10.839956
5750	10.839956
5751	10.839956
5752	10.839956
5753	10.839956
5754	10.839956
5755	10.839956
5756	10.839956
5757	10.839956
5758	10.839956
5759	10.839956
5760	10.839956
5761	10.839956
5762	10.839956
5763	10.839956
5764	10.839956
5765	10.839956
5766	10.839956
5767	10.839956
5768	10.839956
5769	10.839956
5770	10.839956
5771	10.839956
5772	10.839956
5773	10.839956
5774	10.839956
5775	10.839956
5776	10.839956
5777	10.839956
5778	10.839956
5779	10.839956
5780	10.839956
5781	10.839956
5782	10.839956
5783	10.839956
5784	10.839956
5785	10.839956
5786	10.839956
5787	10.839956
5788	10.839956
5789	10.839956
5790	10.839956
5791	10.839956
5792	10.839956
5793	10.839956
5794	10.839956
5795	10.839956
5796	10.839956
5797	10.839956
5798	10.839956
5799	10.839956
5800	10.839956
5801	10.839956
5802	10.839956
5803	10.839956
5804	10.839956
5805	10.839956
5806	10.839956
5807	10.839956
5808	10.839956
5809	10.839956
5810	10.839956
5811	10.839956
5812	10.839956
5813	10.839956
5814	10.839956
5815	10.839956
5816	10.839956
5817	10.839956
5818	10.839956
5819	10.839956
5820	10.839956
5821	10.839956
5822	10.839956
5823	10.839956
5824	10.839956
5825	10.839956
5826	10.839956
5827	10.839956
5828	10.839956
5829	10.839956
5830	10.839956
5831	10.839956
5832	10.839956
5833	10.839956
5834	10.839956
5835	10.839956
5836	10.839956
5837	10.839956
5838	10.839956
5839	10.839956
5840	10.839956
5841	10.839956
5842	10.839956
5843	10.839956
5844	10.839956
5845	10.839956
5846	10.839956
5847	10.839956
5848	10.839956
5849	10.839956
5850	10.839956
5851	10.839956
5852	10.839956
5853	10.839956
5854	10.839956
5855	10.839956
5856	10.839956
5857	10.839956
5858	10.839956
5859	10.839956
5860	10.839956
5861	10.839956
5862	10.839956
5863	10.839956
5864	10.839956
5865	10.839956
5866	10.839956
5867	10.839956
5868	10.839956
5869	10.839956
5870	10.839956
5871	10.839956
5872	10.839956
5873	10.839956
5874	10.839956
5875	10.839956
5876	10.839956
5877	10.839956
5878	10.839956
5879	10.839956
5880	10.839956
5881	10.839956
5882	10.839956
5883	10.839956
5884	10.839956
5885	10.839956
5886	10.839956
5887	10.839956
5888	10.839956
5889	10.839956
5890	10.839956
5891	10.839956
5892	10.839956
5893	10.839956
5894	10.839956
5895	10.839956
5896	10.839956
5897	10.839956
5898	10.839956
5899	10.839956
5900	10.839956
5901	10.839956
5902	10.839956
5903	10.839956
5904	10.839956
5905	10.839956
5906	10.839956
5907	10.839956
5908	10.839956
5909	10.839956
5910	10.839956
5911	10.839956
5912	10.839956
5913	10.839956
5914	10.839956
5915	10.839956
5916	10.839956
5917	10.839956
5918	10.839956
5919	10.839956
5920	10.839956
5921	10.839956
5922	10.839956
5923	10.839956
5924	10.839956
5925	10.839956
5926	10.839956
5927	10.839956
5928	10.839956
5929	10.839956
5930	10.839956
5931	10.839956
5932	10.839956
5933	10.839956
5934	10.839956
5935	10.839956
5936	10.839956
5937	10.839956
5938	10.839956
5939	10.839956
5940	10.839956
5941	10.839956
5942	10.839956
5943	10.839956
5944	10.839956
5945	10.839956
5946	10.839956
5947	10.839956
5948	10.839956
5949	10.839956
5950	10.839956
5951	10.839956
5952	10.839956
5953	10.839956
5954	10.839956
