1	6.817489
2	6.84356
3	6.985664
4	7.033272
5	7.104103
6	7.268813
7	7.283135
8	7.293059
9	7.250757
10	7.331973
11	7.331973
12	7.343001
13	7.409974
14	7.412459
15	7.422329
16	7.422329
17	7.456788
18	7.467267
19	7.482747
20	7.482747
21	7.485303
22	7.314026
23	7.322754
24	7.389234
25	7.393734
26	7.413554
27	7.455848
28	7.455848
29	7.519604
30	7.54082
31	7.64397
32	7.817975
33	7.817975
34	7.935655
35	7.961623
36	7.877257
37	7.929884
38	7.887639
39	7.905882
40	7.840194
41	7.842208
42	7.876837
43	7.54286
44	7.511973
45	7.821617
46	7.872357
47	8.053941
48	8.073287
49	8.052708
50	7.863162
51	8.067269
52	8.067269
53	8.067269
54	8.077969
55	8.082177
56	8.112815
57	8.130824
58	8.162952
59	8.190856
60	8.21386
61	8.271724
62	8.273708
63	8.273708
64	8.388819
65	8.418022
66	8.418022
67	8.443802
68	8.477419
69	8.477419
70	8.596538
71	8.652657
72	8.658369
73	8.736273
74	8.736915
75	8.721789
76	8.721284
77	8.791774
78	8.791774
79	8.804395
80	8.863898
81	8.863898
82	8.873838
83	8.892577
84	8.892577
85	8.892577
86	8.91406
87	9.02439
88	8.953162
89	8.95564
90	8.95564
91	9.15581
92	9.158643
93	9.118528
94	9.176805
95	8.980039
96	8.980039
97	8.984803
98	8.763001
99	8.834086
100	8.834086
101	8.833376
102	8.656513
103	8.656513
104	8.656513
105	8.613407
106	8.826266
107	8.698362
108	8.698362
109	8.659312
110	8.741823
111	8.741823
112	8.796464
113	8.795478
114	8.80179
115	8.80179
116	8.657117
117	8.667187
118	8.667187
119	8.675406
120	8.591595
121	8.823828
122	8.823828
123	8.782918
124	8.840334
125	8.834022
126	8.870274
127	8.992563
128	8.964974
129	8.964974
130	8.964974
131	9.064102
132	9.070868
133	9.052219
134	9.052219
135	9.052219
136	8.874711
137	9.306342
138	9.482046
139	9.473717
140	9.840551
141	9.840551
142	9.840551
143	9.681022
144	9.681022
145	9.680206
146	9.729374
147	9.729374
148	9.729374
149	9.790984
150	9.790984
151	9.790984
152	9.80254
153	9.815644
154	9.771802
155	9.469666
156	9.469666
157	9.481168
158	9.481168
159	9.481168
160	9.63207
161	9.63207
162	9.665249
163	9.668196
164	9.725508
165	9.770196
166	9.832428
167	9.816819
168	9.816819
169	9.829947
170	9.528568
171	9.586564
172	9.586564
173	9.588997
174	9.588997
175	9.597387
176	9.597387
177	9.597387
178	9.597387
179	9.548219
180	9.548219
181	9.548219
182	9.548219
183	9.651579
184	9.651579
185	9.651579
186	9.613987
187	9.613987
188	9.613987
189	9.567819
190	9.567819
191	9.596788
192	9.421435
193	9.421435
194	9.304766
195	9.383312
196	9.336043
197	9.188878
198	9.270203
199	9.270203
200	9.270203
201	9.270203
202	9.212207
203	9.359648
204	9.359648
205	9.359648
206	9.417644
207	9.417644
208	9.417644
209	9.457772
210	9.457772
211	9.457772
212	9.703721
213	9.672478
214	9.672478
215	9.672478
216	9.672478
217	9.672478
218	9.712447
219	9.712447
220	9.712447
221	9.741007
222	9.741007
223	9.741007
224	9.741007
225	10.204508
226	10.204508
227	10.250676
228	10.250676
229	10.250676
230	10.250676
231	10.250676
232	10.000267
233	10.004401
234	10.004401
235	10.004401
236	10.007854
237	9.938005
238	9.938005
239	9.938005
240	9.938005
241	9.938005
242	9.980973
243	9.980973
244	9.980973
245	9.980973
246	9.980973
247	9.980973
248	9.946748
249	9.985783
250	10.23939
251	10.23939
252	10.23939
253	10.23939
254	10.450764
255	10.425656
256	10.425656
257	10.425656
258	10.425656
259	10.425656
260	10.425656
261	10.425656
262	10.476543
263	10.476543
264	10.423012
265	10.423012
266	10.529298
267	10.529298
268	10.535587
269	10.290618
270	10.301798
271	10.301798
272	10.175035
273	10.175035
274	10.250269
275	10.174481
276	10.174481
277	10.174481
278	10.174481
279	10.174481
280	10.174481
281	10.174481
282	10.174481
283	10.174481
284	10.174481
285	10.174481
286	10.174481
287	10.050902
288	9.963751
289	9.963751
290	9.967134
291	9.967134
292	9.967134
293	9.967134
294	9.967134
295	9.92148
296	9.92148
297	9.92148
298	9.92148
299	9.965846
300	9.832699
301	9.832699
302	9.832699
303	9.832699
304	9.832699
305	9.832699
306	9.83053
307	9.83053
308	9.901175
309	9.901175
310	9.901175
311	9.901175
312	9.901175
313	9.901175
314	9.901175
315	9.932921
316	9.932921
317	9.932921
318	9.932921
319	9.937847
320	10.004151
321	10.004151
322	10.004151
323	10.008081
324	10.008081
325	10.032724
326	10.037547
327	10.037547
328	10.037547
329	10.037547
330	10.037547
331	10.037547
332	10.037547
333	10.017958
334	10.017958
335	10.017958
336	10.017958
337	10.017958
338	10.056763
339	10.015278
340	10.015278
341	10.015278
342	10.029182
343	10.029182
344	10.029182
345	10.029182
346	10.029182
347	10.029182
348	10.029182
349	10.029182
350	10.029182
351	10.029182
352	9.807318
353	9.728619
354	9.728619
355	9.728619
356	9.762923
357	9.762923
358	9.773573
359	9.773573
360	9.759669
361	9.759669
362	9.759669
363	9.759669
364	9.684435
365	9.684435
366	9.684435
367	9.649762
368	9.649762
369	9.649762
370	9.649762
371	9.649762
372	9.682468
373	9.682468
374	9.710936
375	9.710936
376	9.590106
377	9.590106
378	9.590106
379	9.592414
380	9.546246
381	9.546246
382	9.546246
383	9.546246
384	9.546246
385	9.546246
386	9.546246
387	9.546246
388	9.546246
389	9.546246
390	9.546246
391	9.546246
392	9.546246
393	9.546246
394	9.546246
395	9.546246
396	9.566358
397	9.566358
398	9.566358
399	9.614118
400	9.684061
401	9.867526
402	9.862842
403	9.862842
404	10.155372
405	10.188636
406	10.155372
407	10.155372
408	10.155372
409	10.184856
410	10.155372
411	10.155372
412	10.155372
413	10.201488
414	10.019077
415	9.987237
416	9.987237
417	9.987237
418	9.987237
419	10.055319
420	10.102596
421	10.077911
422	10.077911
423	10.077911
424	10.077911
425	10.077911
426	10.101502
427	10.101502
428	10.101502
429	10.101502
430	10.159482
431	10.159482
432	10.159482
433	10.159482
434	10.167009
435	10.167009
436	10.167009
437	10.167009
438	10.167009
439	10.167009
440	10.175765
441	10.175765
442	10.175765
443	10.175765
444	10.043629
445	10.043629
446	10.043629
447	10.043629
448	10.043629
449	10.043629
450	10.043629
451	10.043629
452	10.047083
453	10.047083
454	10.047083
455	10.047083
456	10.047083
457	10.047083
458	10.197078
459	10.305732
460	10.305732
461	10.305732
462	10.305732
463	10.329196
464	10.305732
465	10.305732
466	10.305732
467	10.305732
468	10.305732
469	10.329196
470	10.334758
471	10.340827
472	10.16312
473	10.16312
474	10.276574
475	10.276574
476	10.28111
477	10.28111
478	10.28111
479	10.28111
480	10.28111
481	10.28111
482	10.28111
483	10.28111
484	10.28111
485	10.28111
486	10.28111
487	10.343994
488	10.181719
489	10.181719
490	10.181719
491	10.180844
492	10.166407
493	10.166407
494	10.166407
495	10.166407
496	10.166407
497	10.166407
498	10.182725
499	10.182725
500	10.182725
501	10.182725
502	10.364412
503	10.364412
504	10.398869
505	10.398869
506	10.398869
507	10.398869
508	10.398869
509	10.398869
510	10.398869
511	10.398869
512	10.401002
513	10.401002
514	10.401002
515	10.335407
516	10.335407
517	10.299587
518	10.43033
519	10.43033
520	10.43033
521	10.437096
522	10.479227
523	10.479227
524	10.472461
525	10.472461
526	10.472461
527	10.468083
528	10.468083
529	10.468083
530	10.468083
531	10.468083
532	10.441954
533	10.441954
534	10.441954
535	10.469018
536	10.469018
537	10.469018
538	10.469018
539	10.469018
540	10.469018
541	10.469018
542	10.469018
543	10.469018
544	10.469018
545	10.469018
546	10.469018
547	10.469018
548	10.469018
549	10.469018
550	10.327649
551	10.327649
552	10.327649
553	10.327649
554	10.327649
555	10.346243
556	10.346243
557	10.346243
558	10.346243
559	10.346243
560	10.333616
561	10.333616
562	10.333616
563	10.550764
564	10.550764
565	10.550764
566	10.550764
567	10.550764
568	10.550764
569	10.550764
570	10.550764
571	10.550764
572	10.43017
573	10.43017
574	10.43017
575	10.43017
576	10.43017
577	10.43017
578	10.43017
579	10.43017
580	10.43017
581	10.43017
582	10.43017
583	10.43017
584	10.543389
585	10.543389
586	10.543389
587	10.543389
588	10.543389
589	10.543389
590	10.543389
591	10.543389
592	10.543389
593	10.543389
594	10.543389
595	10.543389
596	10.543389
597	10.543389
598	10.543389
599	10.543389
600	10.543389
601	10.543389
602	10.543389
603	10.543389
604	10.543389
605	10.53732
606	10.53732
607	10.53732
608	10.53732
609	10.53732
610	10.53732
611	10.53732
612	10.53732
613	10.53732
614	10.53732
615	10.53732
616	10.437302
617	10.457062
618	10.457062
619	10.457062
620	10.457062
621	10.457062
622	10.457062
623	10.457062
624	10.457062
625	10.457062
626	10.457062
627	10.457062
628	10.457062
629	10.457062
630	10.457062
631	10.457062
632	10.457062
633	10.457062
634	10.480311
635	10.480311
636	10.480311
637	10.480311
638	10.480311
639	10.480311
640	10.480311
641	10.480311
642	10.480311
643	10.480311
644	10.480311
645	10.460551
646	10.460551
647	10.480311
648	10.542399
649	10.542399
650	10.542399
651	10.542399
652	10.542399
653	10.58787
654	10.58787
655	10.58787
656	10.58787
657	10.58787
658	10.58787
659	10.58787
660	10.58787
661	10.58787
662	10.58787
663	10.480168
664	10.492795
665	10.492795
666	10.492795
667	10.492795
668	10.492795
669	10.492795
670	10.47398
671	10.47398
672	10.47398
673	10.47398
674	10.47398
675	10.47398
676	10.47398
677	10.47398
678	10.47398
679	10.47398
680	10.45422
681	10.489244
682	10.489244
683	10.489244
684	10.489244
685	10.489244
686	10.489244
687	10.489244
688	10.489244
689	10.489244
690	10.489244
691	10.489244
692	10.489244
693	10.489244
694	10.489244
695	10.489244
696	10.489244
697	10.525263
698	10.525263
699	10.489244
700	10.489244
701	10.509004
702	10.535033
703	10.535033
704	10.535033
705	10.535033
706	10.535033
707	10.535033
708	10.535033
709	10.534038
710	10.534038
711	10.534038
712	10.534038
713	10.534038
714	10.534038
715	10.534038
716	10.539212
717	10.539212
718	10.539212
719	10.539212
720	10.539212
721	10.539212
722	10.539212
723	10.600034
724	10.600034
725	10.600034
726	10.600034
727	10.600034
728	10.600034
729	10.600034
730	10.600034
731	10.601233
732	10.601233
733	10.601233
734	10.642824
735	10.642824
736	10.642824
737	10.642824
738	10.642824
739	10.760433
740	10.760433
741	10.760433
742	10.760433
743	10.760433
744	10.760433
745	10.796253
746	10.797615
747	10.797615
748	10.815525
749	10.815525
750	10.815525
751	10.815525
752	10.815525
753	10.815525
754	10.815525
755	10.815525
756	10.815525
757	10.815525
758	10.815525
759	10.815525
760	10.815525
761	10.815525
762	10.815525
763	10.761596
764	10.761596
765	10.761596
766	10.761596
767	10.795227
768	10.795227
769	10.795227
770	10.795227
771	10.795227
772	10.795227
773	10.795227
774	10.795227
775	10.795227
776	10.795227
777	10.795227
778	10.795227
779	10.795227
780	10.795227
781	10.795227
782	10.795227
783	10.795227
784	10.795227
785	10.795227
786	10.795227
787	10.795227
788	10.795227
789	10.795227
790	10.795227
791	10.795227
792	10.795227
793	10.795227
794	10.795227
795	10.795227
796	10.795227
797	10.795227
798	10.795227
799	10.795227
800	10.795227
801	10.795227
802	10.795227
803	10.795227
804	10.795227
805	10.795227
806	10.795227
807	10.795227
808	10.795227
809	10.795227
810	10.795227
811	10.795227
812	10.795227
813	10.795227
814	10.795227
815	10.795227
816	10.795227
817	10.795227
818	10.795227
819	10.761596
820	10.761596
821	10.761596
822	10.761596
823	10.761596
824	10.761596
825	10.761596
826	10.761596
827	10.761596
828	10.761596
829	10.761596
830	10.761596
831	10.761596
832	10.761596
833	10.761596
834	10.761596
835	10.761596
836	10.761596
837	10.748969
838	10.748969
839	10.748969
840	10.748969
841	10.748969
842	10.748969
843	10.748969
844	10.748969
845	10.748969
846	10.748969
847	10.748969
848	10.748969
849	10.748969
850	10.748969
851	10.748969
852	10.748969
853	10.748969
854	10.748969
855	10.748969
856	10.748969
857	10.748969
858	10.748969
859	10.748969
860	10.748969
861	10.76668
862	10.772451
863	10.772451
864	10.772451
865	10.794341
866	10.794341
867	10.794341
868	10.794341
869	10.794341
870	10.794341
871	10.794341
872	10.794341
873	10.794341
874	10.794341
875	10.794341
876	10.794341
877	10.794341
878	10.844816
879	10.844816
880	10.844816
881	10.844816
882	10.844816
883	10.844816
884	10.844816
885	10.844816
886	10.844816
887	10.844816
888	10.844816
889	10.844816
890	10.844816
891	10.844816
892	10.844816
893	10.844816
894	10.844816
895	10.844816
896	10.844816
897	10.844816
898	10.844816
899	10.844816
900	10.844816
901	10.844816
902	10.844816
903	10.844816
904	10.844816
905	10.844816
906	10.844816
907	10.844816
908	10.844816
909	10.844816
910	10.844816
911	10.844816
912	10.844816
913	10.844816
914	10.844816
915	10.844816
916	10.844816
917	10.844816
918	10.844816
919	10.84004
920	10.84004
921	10.84004
922	10.84004
923	10.84004
924	10.770541
925	10.770541
926	10.770541
927	10.770541
928	10.770541
929	10.770541
930	10.770541
931	10.770541
932	10.770541
933	10.770541
934	10.770541
935	10.770541
936	10.770541
937	10.770541
938	10.770541
939	10.770541
940	10.770541
941	10.770541
942	10.770541
943	10.770541
944	10.760989
945	10.760989
946	10.760989
947	10.760989
948	10.760989
949	10.741077
950	10.741077
951	10.741077
952	10.741077
953	10.741077
954	10.741077
955	10.741077
956	10.741077
957	10.741077
958	10.741077
959	10.741077
960	10.741077
961	10.741077
962	10.741077
963	10.741077
964	10.741077
965	10.741077
966	10.741077
967	10.741077
968	10.741077
969	10.741077
970	10.741077
971	10.741077
972	10.741077
973	10.741077
974	10.741077
975	10.741077
976	10.741077
977	10.741077
978	10.741077
979	10.741077
980	10.741077
981	10.741077
982	10.741077
983	10.741077
984	10.741077
985	10.741077
986	10.741077
987	10.741077
988	10.741077
989	10.741077
990	10.741077
991	10.741077
992	10.741077
993	10.741077
994	10.741077
995	10.741077
996	10.741077
997	10.741077
998	10.741077
999	10.741077
1000	10.741077
1001	10.741077
1002	10.741077
1003	10.741077
1004	10.741077
1005	10.741077
1006	10.741077
1007	10.741077
1008	10.741077
1009	10.741077
1010	10.741077
1011	10.741077
1012	10.741077
1013	10.741077
1014	10.741077
1015	10.741077
1016	10.741077
1017	10.741077
1018	10.741077
1019	10.741077
1020	10.741077
1021	10.741077
1022	10.741077
1023	10.741077
1024	10.741077
1025	10.741077
1026	10.741077
1027	10.741077
1028	10.741077
1029	10.756471
1030	10.756471
1031	10.756471
1032	10.756471
1033	10.756471
1034	10.756471
1035	10.756471
1036	10.756471
1037	10.756471
1038	10.756471
1039	10.756471
1040	10.756471
1041	10.756471
1042	10.756471
1043	10.704134
1044	10.704134
1045	10.704134
1046	10.704134
1047	10.704134
1048	10.704134
1049	10.704134
1050	10.704134
1051	10.704134
1052	10.704134
1053	10.704134
1054	10.704134
1055	10.704134
1056	10.704134
1057	10.704134
1058	10.704134
1059	10.704134
1060	10.704134
1061	10.704134
1062	10.704134
1063	10.704134
1064	10.704134
1065	10.704134
1066	10.704134
1067	10.704134
1068	10.704134
1069	10.724046
1070	10.652406
1071	10.652406
1072	10.652406
1073	10.652406
1074	10.652406
1075	10.652406
1076	10.653401
1077	10.653401
1078	10.653401
1079	10.653401
1080	10.653401
1081	10.653401
1082	10.653401
1083	10.653401
1084	10.653401
1085	10.653401
1086	10.653401
1087	10.653401
1088	10.725041
1089	10.725041
1090	10.663749
1091	10.663749
1092	10.663749
1093	10.663749
1094	10.663749
1095	10.663749
1096	10.663749
1097	10.663749
1098	10.663749
1099	10.663749
1100	10.663749
1101	10.663749
1102	10.663749
1103	10.663749
1104	10.663749
1105	10.663749
1106	10.663749
1107	10.663749
1108	10.663749
1109	10.663749
1110	10.663749
1111	10.663749
1112	10.663749
1113	10.663749
1114	10.663749
1115	10.663749
1116	10.663749
1117	10.663749
1118	10.663749
1119	10.663749
1120	10.663749
1121	10.663749
1122	10.663749
1123	10.663749
1124	10.663749
1125	10.663749
1126	10.663749
1127	10.610218
1128	10.610218
1129	10.610218
1130	10.610218
1131	10.610218
1132	10.610218
1133	10.610218
1134	10.610218
1135	10.610218
1136	10.610218
1137	10.610218
1138	10.610218
1139	10.610218
1140	10.610218
1141	10.610218
1142	10.610218
1143	10.610218
1144	10.610218
1145	10.610218
1146	10.610218
1147	10.610218
1148	10.610218
1149	10.610218
1150	10.610218
1151	10.610218
1152	10.610218
1153	10.604447
1154	10.604447
1155	10.604447
1156	10.604447
1157	10.604447
1158	10.604447
1159	10.604447
1160	10.604447
1161	10.60584
1162	10.60584
1163	10.60584
1164	10.60584
1165	10.60584
1166	10.60584
1167	10.60584
1168	10.60584
1169	10.60584
1170	10.60584
1171	10.60584
1172	10.60584
1173	10.60584
1174	10.60584
1175	10.659371
1176	10.659371
1177	10.659371
1178	10.659371
1179	10.659371
1180	10.659371
1181	10.659371
1182	10.659371
1183	10.659371
1184	10.659371
1185	10.659371
1186	10.659371
1187	10.659371
1188	10.659371
1189	10.659371
1190	10.659371
1191	10.659371
1192	10.639459
1193	10.639459
1194	10.639459
1195	10.639459
1196	10.639459
1197	10.639459
1198	10.639459
1199	10.639459
1200	10.639459
1201	10.639459
1202	10.639459
1203	10.639459
1204	10.639459
1205	10.639459
1206	10.639459
1207	10.639459
1208	10.639459
1209	10.639459
1210	10.639459
1211	10.639459
1212	10.639459
1213	10.639459
1214	10.639459
1215	10.639459
1216	10.689209
1217	10.689209
1218	10.692663
1219	10.692663
1220	10.692663
1221	10.692663
1222	10.692663
1223	10.692663
1224	10.692663
1225	10.692663
1226	10.692663
1227	10.692663
1228	10.692663
1229	10.692663
1230	10.692663
1231	10.692663
1232	10.692663
1233	10.692663
1234	10.692663
1235	10.692663
1236	10.692663
1237	10.692663
1238	10.743607
1239	10.743607
1240	10.743607
1241	10.743607
1242	10.743607
1243	10.743607
1244	10.743607
1245	10.743607
1246	10.743607
1247	10.743607
1248	10.743607
1249	10.743607
1250	10.743607
1251	10.743607
1252	10.770472
1253	10.770472
1254	10.770472
1255	10.770472
1256	10.776243
1257	10.776243
1258	10.776243
1259	10.776243
1260	10.776243
1261	10.776243
1262	10.776243
1263	10.776243
1264	10.776243
1265	10.776243
1266	10.776243
1267	10.776243
1268	10.776243
1269	10.776243
1270	10.776243
1271	10.776243
1272	10.776243
1273	10.776243
1274	10.776243
1275	10.776243
1276	10.776243
1277	10.776243
1278	10.776243
1279	10.776243
1280	10.776243
1281	10.776243
1282	10.776243
1283	10.776243
1284	10.776243
1285	10.796155
1286	10.796155
1287	10.78521
1288	10.78521
1289	10.78521
1290	10.78521
1291	10.78521
1292	10.78521
1293	10.78521
1294	10.78521
1295	10.78521
1296	10.78521
1297	10.78521
1298	10.78521
1299	10.78521
1300	10.78521
1301	10.78521
1302	10.781756
1303	10.781756
1304	10.781756
1305	10.781756
1306	10.781756
1307	10.781756
1308	10.781756
1309	10.781756
1310	10.781756
1311	10.781756
1312	10.781756
1313	10.781756
1314	10.781756
1315	10.781756
1316	10.781756
1317	10.781756
1318	10.781756
1319	10.781756
1320	10.781756
1321	10.781756
1322	10.78521
1323	10.78521
1324	10.78521
1325	10.78521
1326	10.78521
1327	10.78521
1328	10.78521
1329	10.78521
1330	10.78521
1331	10.78521
1332	10.78521
1333	10.78521
1334	10.78521
1335	10.78521
1336	10.78521
1337	10.78521
1338	10.78521
1339	10.78521
1340	10.78521
1341	10.78521
1342	10.78521
1343	10.78521
1344	10.790384
1345	10.790384
1346	10.795558
1347	10.795558
1348	10.795558
1349	10.795558
1350	10.795558
1351	10.795558
1352	10.795558
1353	10.795558
1354	10.795558
1355	10.795558
1356	10.795558
1357	10.795558
1358	10.795558
1359	10.795558
1360	10.795558
1361	10.795558
1362	10.795558
1363	10.795558
1364	10.790384
1365	10.790384
1366	10.790384
1367	10.790384
1368	10.790384
1369	10.790384
1370	10.803011
1371	10.803011
1372	10.803011
1373	10.803011
1374	10.803011
1375	10.803011
1376	10.803011
1377	10.803011
1378	10.803011
1379	10.803011
1380	10.803011
1381	10.803011
1382	10.803011
1383	10.803011
1384	10.803011
1385	10.803011
1386	10.803011
1387	10.803011
1388	10.803011
1389	10.803011
1390	10.803011
1391	10.803011
1392	10.803011
1393	10.803011
1394	10.803011
1395	10.803011
1396	10.803011
1397	10.803011
1398	10.803011
1399	10.803011
1400	10.803011
1401	10.803011
1402	10.803011
1403	10.803011
1404	10.803011
1405	10.803011
1406	10.803011
1407	10.803011
1408	10.803011
1409	10.803011
1410	10.803011
1411	10.803011
1412	10.803011
1413	10.803011
1414	10.803011
1415	10.803011
1416	10.803011
1417	10.803011
1418	10.803011
1419	10.803011
1420	10.803011
1421	10.803011
1422	10.803011
1423	10.803011
1424	10.803011
1425	10.803011
1426	10.804802
1427	10.804802
1428	10.804802
1429	10.804802
1430	10.804802
1431	10.804802
1432	10.804802
1433	10.804802
1434	10.804802
1435	10.804802
1436	10.804802
1437	10.804802
1438	10.804802
1439	10.804802
1440	10.804802
1441	10.804802
1442	10.804802
1443	10.804802
1444	10.804802
1445	10.804802
1446	10.804802
1447	10.804802
1448	10.804802
1449	10.804802
1450	10.804802
1451	10.804802
1452	10.831343
1453	10.836517
1454	10.836517
1455	10.836517
1456	10.836517
1457	10.836517
1458	10.836517
1459	10.836517
1460	10.836517
1461	10.836517
1462	10.836517
1463	10.836517
1464	10.836517
1465	10.836517
1466	10.836517
1467	10.836517
1468	10.836517
1469	10.836517
1470	10.836517
1471	10.836517
1472	10.836517
1473	10.836517
1474	10.836517
1475	10.836517
1476	10.836517
1477	10.836517
1478	10.836517
1479	10.836517
1480	10.836517
1481	10.836517
1482	10.836517
1483	10.836517
1484	10.836517
1485	10.836517
1486	10.836517
1487	10.836517
1488	10.836517
1489	10.836517
1490	10.836517
1491	10.836517
1492	10.836517
1493	10.836517
1494	10.836517
1495	10.836517
1496	10.836517
1497	10.836517
1498	10.836517
1499	10.836517
1500	10.836517
1501	10.836517
1502	10.836517
1503	10.836517
1504	10.836517
1505	10.836517
1506	10.783583
1507	10.783583
1508	10.783583
1509	10.783583
1510	10.783583
1511	10.783583
1512	10.783583
1513	10.783583
1514	10.783583
1515	10.783583
1516	10.783583
1517	10.783583
1518	10.783583
1519	10.783583
1520	10.783583
1521	10.783583
1522	10.783583
1523	10.783583
1524	10.783583
1525	10.783583
1526	10.783583
1527	10.783583
1528	10.783583
1529	10.783583
1530	10.783583
1531	10.783583
1532	10.783583
1533	10.783583
1534	10.783583
1535	10.783583
1536	10.783583
1537	10.783583
1538	10.783583
1539	10.783583
1540	10.783583
1541	10.783583
1542	10.783583
1543	10.783583
1544	10.783583
1545	10.783583
1546	10.783583
1547	10.783583
1548	10.783583
1549	10.783583
1550	10.783583
1551	10.783583
1552	10.783583
1553	10.783583
1554	10.783583
1555	10.783583
1556	10.783583
1557	10.783583
1558	10.783583
1559	10.783583
1560	10.783583
1561	10.783583
1562	10.783583
1563	10.783583
1564	10.783583
1565	10.783583
1566	10.783583
1567	10.783583
1568	10.783583
1569	10.783583
1570	10.783583
1571	10.783583
1572	10.783583
1573	10.783583
1574	10.783583
1575	10.783583
1576	10.783583
1577	10.783583
1578	10.783583
1579	10.783583
1580	10.783583
1581	10.783583
1582	10.783583
1583	10.783583
1584	10.783583
1585	10.783583
1586	10.783583
1587	10.783583
1588	10.783583
1589	10.783583
1590	10.783583
1591	10.783583
1592	10.783583
1593	10.783583
1594	10.783583
1595	10.783583
1596	10.783583
1597	10.783583
1598	10.783583
1599	10.783583
1600	10.783583
1601	10.783583
1602	10.783583
1603	10.783583
1604	10.783583
1605	10.783583
1606	10.783583
1607	10.783583
1608	10.787961
1609	10.787961
1610	10.787961
1611	10.787961
1612	10.787961
1613	10.787961
1614	10.787961
1615	10.787961
1616	10.787961
1617	10.787961
1618	10.787961
1619	10.787961
1620	10.787961
1621	10.787961
1622	10.787961
1623	10.787961
1624	10.787961
1625	10.787961
1626	10.787961
1627	10.787961
1628	10.787961
1629	10.787961
1630	10.787961
1631	10.787961
1632	10.787961
1633	10.787961
1634	10.787961
1635	10.787961
1636	10.787961
1637	10.787961
1638	10.791145
1639	10.791145
1640	10.791145
1641	10.791145
1642	10.791145
1643	10.791145
1644	10.840895
1645	10.840895
1646	10.840895
1647	10.840895
1648	10.840895
1649	10.840895
1650	10.840895
1651	10.840895
1652	10.840895
1653	10.840895
1654	10.840895
1655	10.840895
1656	10.840895
1657	10.840895
1658	10.840895
1659	10.840895
1660	10.840895
1661	10.840895
1662	10.840895
1663	10.840895
1664	10.840895
1665	10.840895
1666	10.840895
1667	10.840895
1668	10.840895
1669	10.840895
1670	10.840895
1671	10.840895
1672	10.840895
1673	10.840895
1674	10.840895
1675	10.840895
1676	10.840895
1677	10.840895
1678	10.840895
1679	10.840895
1680	10.840895
1681	10.840895
1682	10.840895
1683	10.840895
1684	10.840895
1685	10.840895
1686	10.840895
1687	10.840895
1688	10.840895
1689	10.840895
1690	10.840895
1691	10.840895
1692	10.840895
1693	10.840895
1694	10.840895
1695	10.840895
1696	10.840895
1697	10.840895
1698	10.840895
1699	10.840895
1700	10.840895
1701	10.840895
1702	10.840895
1703	10.840895
1704	10.840895
1705	10.840895
1706	10.840895
1707	10.840895
1708	10.840895
1709	10.840895
1710	10.840895
1711	10.840895
1712	10.840895
1713	10.840895
1714	10.840895
1715	10.865572
1716	10.865572
1717	10.865572
1718	10.865572
1719	10.865572
1720	10.865572
1721	10.865572
1722	10.865572
1723	10.865572
1724	10.865572
1725	10.865572
1726	10.865572
1727	10.865572
1728	10.865572
1729	10.865572
1730	10.865572
1731	10.865572
1732	10.865572
1733	10.865572
1734	10.865572
1735	10.865572
1736	10.865572
1737	10.865572
1738	10.865572
1739	10.865572
1740	10.865572
1741	10.865572
1742	10.865572
1743	10.865572
1744	10.865572
1745	10.865572
1746	10.865572
1747	10.865572
1748	10.865572
1749	10.865572
1750	10.865572
1751	10.865572
1752	10.865572
1753	10.865572
1754	10.865572
1755	10.865572
1756	10.865572
1757	10.865572
1758	10.865572
1759	10.865572
1760	10.865572
1761	10.865572
1762	10.865572
1763	10.865572
1764	10.865572
1765	10.865572
1766	10.865572
1767	10.865572
1768	10.865572
1769	10.865572
1770	10.865572
1771	10.865572
1772	10.865572
1773	10.865572
1774	10.865572
1775	10.865572
1776	10.865572
1777	10.865572
1778	10.865572
1779	10.865572
1780	10.865572
1781	10.865572
1782	10.865572
1783	10.865572
1784	10.865572
1785	10.865572
1786	10.865572
1787	10.865572
1788	10.865572
1789	10.865572
1790	10.865572
1791	10.865572
1792	10.865572
1793	10.865572
1794	10.865572
1795	10.865572
1796	10.865572
1797	10.865572
1798	10.871343
1799	10.871343
1800	10.871343
1801	10.871343
1802	10.871343
1803	10.871343
1804	10.871343
1805	10.871343
1806	10.871343
1807	10.871343
1808	10.871343
1809	10.871343
1810	10.871343
1811	10.871343
1812	10.871343
1813	10.871343
1814	10.871343
1815	10.871343
1816	10.871343
1817	10.871343
1818	10.871343
1819	10.871343
1820	10.871343
1821	10.871343
1822	10.871343
1823	10.887064
1824	10.887064
1825	10.887064
1826	10.887064
1827	10.887064
1828	10.887064
1829	10.887064
1830	10.887064
1831	10.887064
1832	10.887064
1833	10.887064
1834	10.887064
1835	10.887064
1836	10.887064
1837	10.887064
1838	10.887064
1839	10.887064
1840	10.887064
1841	10.887064
1842	10.887064
1843	10.887064
1844	10.887064
1845	10.887064
1846	10.887064
1847	10.887064
1848	10.887064
1849	10.887064
1850	10.887064
1851	10.887064
1852	10.887064
1853	10.887064
1854	10.887064
1855	10.887064
1856	10.887064
1857	10.887064
1858	10.887064
1859	10.887064
1860	10.887064
1861	10.887064
1862	10.887064
1863	10.887064
1864	10.887064
1865	10.887064
1866	10.887064
1867	10.887064
1868	10.887064
1869	10.887064
1870	10.887064
1871	10.887064
1872	10.887064
1873	10.887064
1874	10.887064
1875	10.887064
1876	10.887064
1877	10.887064
1878	10.887064
1879	10.887064
1880	10.887064
1881	10.887064
1882	10.887064
1883	10.887064
1884	10.887064
1885	10.887064
1886	10.887064
1887	10.887064
1888	10.887064
1889	10.887064
1890	10.887064
1891	10.886069
1892	10.886069
1893	10.886069
1894	10.886069
1895	10.886069
1896	10.886069
1897	10.886069
1898	10.886069
1899	10.886069
1900	10.886069
1901	10.886069
1902	10.886069
1903	10.899402
1904	10.899402
1905	10.899402
1906	10.899402
1907	10.899402
1908	10.899402
1909	10.899402
1910	10.899402
1911	10.899402
1912	10.899402
1913	10.899402
1914	10.899402
1915	10.899402
1916	10.899402
1917	10.899402
1918	10.899402
1919	10.899402
1920	10.899402
1921	10.899402
1922	10.899402
1923	10.899402
1924	10.899402
1925	10.899402
1926	10.899402
1927	10.899402
1928	10.899402
1929	10.899402
1930	10.899402
1931	10.899402
1932	10.899402
1933	10.899402
1934	10.899402
1935	10.899402
1936	10.899402
1937	10.899402
1938	10.899402
1939	10.899402
1940	10.899402
1941	10.899402
1942	10.899402
1943	10.899402
1944	10.899402
1945	10.899402
1946	10.899402
1947	10.899402
1948	10.899402
1949	10.899402
1950	10.899402
1951	10.899402
1952	10.899402
1953	10.899402
1954	10.899402
1955	10.899402
1956	10.899402
1957	10.899402
1958	10.899402
1959	10.899402
1960	10.899402
1961	10.899402
1962	10.899402
1963	10.899402
1964	10.899402
1965	10.899402
1966	10.899402
1967	10.899402
1968	10.899402
1969	10.899402
1970	10.899402
1971	10.899402
1972	10.899402
1973	10.899402
1974	10.899402
1975	10.899402
1976	10.899402
1977	10.899402
1978	10.899402
1979	10.899402
1980	10.899402
1981	10.899402
1982	10.897611
1983	10.897611
1984	10.897611
1985	10.897611
1986	10.897611
1987	10.897611
1988	10.897611
1989	10.897611
1990	10.897611
1991	10.897611
1992	10.897611
1993	10.897611
1994	10.897611
1995	10.897611
1996	10.897611
1997	10.897611
1998	10.897611
1999	10.897611
2000	10.897611
2001	10.897611
2002	10.897611
2003	10.897611
2004	10.897611
2005	10.897611
2006	10.897611
2007	10.897611
2008	10.897611
2009	10.897611
2010	10.897611
2011	10.897611
2012	10.897611
2013	10.897611
2014	10.897611
2015	10.897611
2016	10.897611
2017	10.897611
2018	10.897611
2019	10.897611
2020	10.957287
2021	10.957287
2022	10.957287
2023	10.957287
2024	10.957287
2025	10.957287
2026	10.957287
2027	10.957287
2028	10.957287
2029	10.957287
2030	10.957287
2031	10.957287
2032	10.957287
2033	10.957287
2034	10.957287
2035	10.957287
2036	10.957287
2037	10.957287
2038	10.957287
2039	10.958282
2040	10.958282
2041	10.958282
2042	10.958282
2043	10.958282
2044	10.958282
2045	10.958282
2046	10.958282
2047	10.958282
2048	10.958282
2049	10.958282
2050	10.958282
2051	10.958282
2052	10.958282
2053	10.958282
2054	10.958282
2055	10.958282
2056	10.958282
2057	10.958282
2058	10.958282
2059	10.958282
2060	10.958282
2061	10.958282
2062	10.958282
2063	10.958282
2064	10.958282
2065	10.958282
2066	10.958282
2067	10.958282
2068	10.958282
2069	10.958282
2070	10.958282
2071	10.958282
2072	10.958282
2073	10.958282
2074	10.958282
2075	10.958282
2076	10.958282
2077	10.958282
2078	10.958282
2079	10.958282
2080	10.958282
2081	10.958282
2082	10.958282
2083	10.958282
2084	10.958282
2085	10.958282
2086	10.958282
2087	10.958282
2088	10.958282
2089	10.958282
2090	10.958282
2091	10.958282
2092	10.958282
2093	10.958282
2094	10.958282
2095	10.958282
2096	10.958282
2097	10.958282
2098	10.958282
2099	10.958282
2100	10.958282
2101	10.958282
2102	10.958282
2103	10.958282
2104	10.958282
2105	10.958282
2106	10.958282
2107	10.958282
2108	10.958282
2109	10.958282
2110	10.958282
2111	10.958282
2112	10.958282
2113	10.958282
2114	10.958282
2115	10.958282
2116	10.958282
2117	10.958282
2118	10.958282
2119	10.958282
2120	10.958282
2121	10.958282
2122	10.958282
2123	10.958282
2124	10.958282
2125	10.958282
2126	10.958282
2127	10.958282
2128	10.958282
2129	10.958282
2130	10.958282
2131	10.958282
2132	10.958282
2133	10.958282
2134	10.958282
2135	10.958282
2136	10.958282
2137	10.958282
2138	10.958282
2139	10.958282
2140	10.958282
2141	10.958282
2142	10.958282
2143	10.958282
2144	10.958282
2145	10.958282
2146	10.958282
2147	10.958282
2148	10.958282
2149	10.958282
2150	10.958282
2151	10.958282
2152	10.958282
2153	10.958282
2154	10.958282
2155	10.958282
2156	10.958282
2157	10.958282
2158	10.958282
2159	10.958282
2160	10.958282
2161	10.958282
2162	10.958282
2163	10.958282
2164	10.958282
2165	10.958282
2166	10.958282
2167	10.958282
2168	10.958282
2169	10.958282
2170	10.958282
2171	10.958282
2172	10.958282
2173	10.958282
2174	10.958282
2175	10.958282
2176	10.958282
2177	10.958282
2178	10.958282
2179	10.958282
2180	10.958282
2181	10.958282
2182	10.958282
2183	10.958282
2184	10.958282
2185	10.958282
2186	10.958282
2187	10.958282
2188	10.958282
2189	10.958282
2190	10.958282
2191	10.958282
2192	10.958282
2193	10.958282
2194	10.958282
2195	10.960073
2196	10.960073
2197	10.960073
2198	10.960073
2199	10.960073
2200	10.960073
2201	10.960073
2202	10.960073
2203	10.960073
2204	10.960073
2205	10.960073
2206	10.960073
2207	10.960073
2208	10.960073
2209	10.960073
2210	10.960073
2211	10.960073
2212	10.960073
2213	10.960073
2214	10.960073
2215	10.960073
2216	10.960073
2217	10.960073
2218	10.960073
2219	10.960073
2220	10.960073
2221	10.960073
2222	10.960073
2223	10.960073
2224	10.960073
2225	10.960073
2226	10.960073
2227	10.960073
2228	10.960073
2229	10.960073
2230	10.960073
2231	10.958444
2232	10.958444
2233	10.958444
2234	10.958444
2235	10.958444
2236	10.958444
2237	10.958444
2238	10.958444
2239	10.958444
2240	10.958444
2241	10.958444
2242	10.958444
2243	10.958444
2244	10.958444
2245	10.958444
2246	10.958444
2247	10.958444
2248	10.958444
2249	10.958444
2250	10.958444
2251	10.958444
2252	10.958444
2253	10.958444
2254	10.958444
2255	10.958444
2256	10.958444
2257	10.958444
2258	10.958444
2259	10.958444
2260	10.958444
2261	10.958444
2262	10.958444
2263	10.958444
2264	10.958444
2265	10.958444
2266	10.958444
2267	10.958444
2268	10.958444
2269	10.958444
2270	10.958444
2271	10.958444
2272	10.958444
2273	10.958444
2274	10.958444
2275	10.958444
2276	10.958444
2277	10.958444
2278	10.958444
2279	10.958444
2280	10.958444
2281	10.958444
2282	10.958444
2283	10.958444
2284	10.958444
2285	10.958444
2286	10.960073
2287	10.960073
2288	10.960073
2289	10.960073
2290	10.960073
2291	10.960073
2292	10.960073
2293	10.960073
2294	10.960073
2295	10.960073
2296	10.960073
2297	10.960073
2298	10.960073
2299	10.960073
2300	10.960073
2301	10.960073
2302	10.960073
2303	10.960073
2304	10.960073
2305	10.960073
2306	10.960073
2307	10.960073
2308	10.960073
2309	10.960073
2310	10.960073
2311	10.960073
2312	10.960073
2313	10.960073
2314	10.960073
2315	10.960073
2316	10.960073
2317	10.960073
2318	10.960073
2319	10.960073
2320	10.960073
2321	10.960073
2322	10.960073
2323	10.960073
2324	10.960073
2325	10.960073
2326	10.960073
2327	10.960073
2328	10.960073
2329	10.960073
2330	10.960073
2331	10.960073
2332	10.960073
2333	10.960073
2334	10.960073
2335	10.960073
2336	10.960073
2337	10.960073
2338	10.960073
2339	10.960073
2340	10.960073
2341	10.960073
2342	10.960073
2343	10.960073
2344	10.960073
2345	10.960073
2346	10.960073
2347	10.960073
2348	10.960073
2349	10.960073
2350	10.960073
2351	10.960073
2352	10.960073
2353	10.960073
2354	10.960073
2355	10.960073
2356	10.960073
2357	10.960073
2358	10.960073
2359	10.960073
2360	10.960073
2361	10.960073
2362	10.960073
2363	10.960073
2364	10.960073
2365	10.960073
2366	10.960073
2367	10.960073
2368	10.960073
2369	10.960073
2370	10.960073
2371	10.960073
2372	10.960073
2373	10.960073
2374	10.960073
2375	10.960073
2376	10.960073
2377	10.960073
2378	10.960073
2379	10.960073
2380	10.960073
2381	10.960073
2382	10.960073
2383	10.960073
2384	10.960073
2385	10.960073
2386	10.960073
2387	10.960073
2388	10.960073
2389	10.960073
2390	10.960073
2391	10.960073
2392	10.960073
2393	10.960073
2394	10.960073
2395	10.960073
2396	10.960073
2397	10.960073
2398	10.960073
2399	10.960073
2400	10.960073
2401	10.960073
2402	10.960073
2403	10.960073
2404	10.960073
2405	10.960073
2406	10.960073
2407	10.960073
2408	10.960073
2409	10.960073
2410	10.960073
2411	10.960073
2412	10.960073
2413	10.960073
2414	10.960073
2415	10.960073
2416	10.960073
2417	10.960073
2418	10.960073
2419	10.960073
2420	10.960073
2421	10.960073
2422	10.960073
2423	10.960073
2424	10.960073
2425	10.960073
2426	10.960073
2427	10.960073
2428	10.960073
2429	10.960073
2430	10.960073
2431	10.960073
2432	10.960073
2433	10.960073
2434	10.960073
2435	10.960073
2436	10.960073
2437	10.960073
2438	10.960073
2439	10.960073
2440	10.960073
2441	10.960073
2442	10.960073
2443	10.960073
2444	10.960073
2445	10.960073
2446	10.960073
2447	10.960073
2448	10.960073
2449	10.960073
2450	10.960073
2451	10.960073
2452	10.960073
2453	10.960073
2454	10.960073
2455	10.960073
2456	10.960073
2457	10.960073
2458	10.960073
2459	10.960073
2460	10.960073
2461	10.960073
2462	10.960073
2463	10.960073
2464	10.960073
2465	10.960073
2466	10.960073
2467	10.960073
2468	10.960073
2469	10.960073
2470	10.960073
2471	10.960073
2472	10.960073
2473	10.960073
2474	10.960073
2475	10.960073
2476	10.960073
2477	10.960073
2478	10.960073
2479	10.960073
2480	10.960073
2481	10.960073
2482	10.960073
2483	10.960073
2484	10.960073
2485	10.960073
2486	10.960073
2487	10.960073
2488	10.960073
2489	10.960073
2490	10.960073
2491	10.960073
2492	10.960073
2493	10.960073
2494	10.960073
2495	10.960073
2496	10.960073
2497	10.960073
2498	10.960073
2499	10.960073
2500	10.960073
2501	10.960073
2502	10.960073
2503	10.960073
2504	10.960073
2505	10.960073
2506	10.960073
2507	10.960073
2508	10.960073
2509	10.960073
2510	10.960073
2511	10.960073
2512	10.960073
2513	10.960073
2514	10.960073
2515	10.960073
2516	10.960073
2517	10.960073
2518	10.960073
2519	10.960073
2520	10.960073
2521	10.960073
2522	10.960073
2523	10.960073
2524	10.960073
2525	10.960073
2526	10.960073
2527	10.960073
2528	10.960073
2529	10.960073
2530	10.960073
2531	10.960073
2532	10.960073
2533	10.960073
2534	10.960073
2535	10.960073
2536	10.960073
2537	10.960073
2538	10.960073
2539	10.960073
2540	10.960073
2541	10.960073
2542	10.960073
2543	10.960073
2544	10.960073
2545	10.960073
2546	10.960073
2547	10.960073
2548	10.960073
2549	10.960073
2550	10.960073
2551	10.960073
2552	10.960073
2553	10.960073
2554	10.960073
2555	10.960073
2556	10.960073
2557	10.960073
2558	10.960073
2559	10.960073
2560	10.960073
2561	10.960073
2562	10.960073
2563	10.960073
2564	10.960073
2565	10.960073
2566	10.960073
2567	10.960073
2568	10.960073
2569	10.960073
2570	10.960073
2571	10.960073
2572	10.960073
2573	10.960073
2574	10.960073
2575	10.960073
2576	10.960073
2577	10.960073
2578	10.960073
2579	10.960073
2580	10.960073
2581	10.960073
2582	10.960073
2583	10.960073
2584	10.960073
2585	10.960073
2586	10.960073
2587	10.960073
2588	10.960073
2589	10.960073
2590	10.960073
2591	10.960073
2592	10.960073
2593	10.960073
2594	10.960073
2595	10.960073
2596	10.960073
2597	10.960073
2598	10.960073
2599	10.960073
2600	10.960073
2601	10.960073
2602	10.960073
2603	10.960073
2604	10.960073
2605	10.960073
2606	10.960073
2607	10.960073
2608	10.960073
2609	10.960073
2610	10.960073
2611	10.960073
2612	10.960073
2613	10.960073
2614	10.960073
2615	10.960073
2616	10.960073
2617	10.960073
2618	10.960073
2619	10.960073
2620	10.960073
2621	10.960073
2622	10.960073
2623	10.960073
2624	10.960073
2625	10.960073
2626	10.960073
2627	10.960073
2628	10.960073
2629	10.960073
2630	10.960073
2631	10.960073
2632	10.960073
2633	10.960073
2634	10.960073
2635	10.960073
2636	10.960073
2637	10.960073
2638	10.960073
2639	10.960073
2640	10.960073
2641	10.960073
2642	10.960073
2643	10.960073
2644	10.960073
2645	10.960073
2646	10.960073
2647	10.960073
2648	10.960073
2649	10.960073
2650	10.960073
2651	10.960073
2652	10.960073
2653	10.960073
2654	10.960073
2655	10.960073
2656	10.960073
2657	10.960073
2658	10.960073
2659	10.960073
2660	10.960073
2661	10.960073
2662	10.960073
2663	10.960073
2664	10.960073
2665	10.960073
2666	10.960073
2667	10.960073
2668	10.960073
2669	10.960073
2670	10.960073
2671	10.960073
2672	10.960073
2673	10.960073
2674	10.960073
2675	10.960073
2676	10.960073
2677	10.960073
2678	10.960073
2679	10.960073
2680	10.960073
2681	10.960073
2682	10.960073
2683	10.960073
2684	10.960073
2685	10.960073
2686	10.960073
2687	10.960073
2688	10.960073
2689	10.960073
2690	10.960073
2691	10.960073
2692	10.960073
2693	10.960073
2694	10.960073
2695	10.960073
2696	10.960073
2697	10.960073
2698	10.960073
2699	10.960073
2700	10.960073
2701	10.960073
2702	10.960073
2703	10.960073
2704	10.960073
2705	10.960073
2706	10.960073
2707	10.960073
2708	10.960073
2709	10.960073
2710	10.960073
2711	10.960073
2712	10.960073
2713	10.960073
2714	10.960073
2715	10.960073
2716	10.960073
2717	10.960073
2718	10.960073
2719	10.960073
2720	10.960073
2721	10.960073
2722	10.960073
2723	10.960073
2724	10.960073
2725	10.960073
2726	10.960073
2727	10.960073
2728	10.960073
2729	10.960073
2730	10.960073
2731	10.960073
2732	10.960073
2733	10.960073
2734	10.960073
2735	10.960073
2736	10.960073
2737	10.960073
2738	10.960073
2739	10.960073
2740	10.960073
2741	10.960073
2742	10.960073
2743	10.960073
2744	10.960073
2745	10.960073
2746	10.960073
2747	10.960073
2748	10.960073
2749	10.960073
2750	10.960073
2751	10.960073
2752	10.960073
2753	10.960073
2754	10.960073
2755	10.960073
2756	10.960073
2757	10.960073
2758	10.960073
2759	10.960073
2760	10.960073
2761	10.960073
2762	10.960073
2763	10.960073
2764	10.960073
2765	10.960073
2766	10.960073
2767	10.960073
2768	10.960073
2769	10.960073
2770	10.960073
2771	10.960073
2772	10.960073
2773	10.960073
2774	10.960073
2775	10.960073
2776	10.960073
2777	10.960073
2778	10.960073
2779	10.960073
2780	10.960073
2781	10.960073
2782	10.960073
2783	10.960073
2784	10.960073
2785	10.960073
2786	10.960073
2787	10.960073
2788	10.960073
2789	10.960073
2790	10.960073
2791	10.960073
2792	10.960073
2793	10.960073
2794	10.960073
2795	10.960073
2796	10.960073
2797	10.960073
2798	10.960073
2799	10.960073
2800	10.960073
2801	10.960073
2802	10.960073
2803	10.960073
2804	10.960073
2805	10.960073
2806	10.960073
2807	10.960073
2808	10.960073
2809	10.960073
2810	10.960073
2811	10.960073
2812	10.960073
2813	10.960073
2814	10.960073
2815	10.960073
2816	10.960073
2817	10.960073
2818	10.960073
2819	10.960073
2820	10.960073
2821	10.960073
2822	10.960073
2823	10.960073
2824	10.960073
2825	10.960073
2826	10.960073
2827	10.960073
2828	10.960073
2829	10.960073
2830	10.960073
2831	10.960073
2832	10.960073
2833	10.960073
2834	10.960073
2835	10.960073
2836	10.960073
2837	10.960073
2838	10.960073
2839	10.960073
2840	10.960073
2841	10.960073
2842	10.960073
2843	10.960073
2844	10.960073
2845	10.960073
2846	10.960073
2847	10.960073
2848	10.960073
2849	10.960073
2850	10.960073
2851	10.960073
2852	10.960073
2853	10.960073
2854	10.960073
2855	10.960073
2856	10.960073
2857	10.960073
2858	10.960073
2859	10.960073
2860	10.960073
2861	10.960073
2862	10.960073
2863	10.960073
2864	10.960073
2865	10.960073
2866	10.960073
2867	10.960073
2868	10.960073
2869	10.960073
2870	10.960073
2871	10.960073
2872	10.960073
2873	10.960073
2874	10.960073
2875	10.960073
2876	10.960073
2877	10.960073
2878	10.960073
2879	10.960073
2880	10.960073
2881	10.960073
2882	10.960073
2883	10.960073
2884	10.960073
2885	10.960073
2886	10.960073
2887	10.960073
2888	10.960073
2889	10.960073
2890	10.960073
2891	10.960073
2892	10.960073
2893	10.960073
2894	10.960073
2895	10.960073
2896	10.960073
2897	10.960073
2898	10.960073
2899	10.960073
2900	10.960073
2901	10.960073
2902	10.960073
2903	10.960073
2904	10.960073
2905	10.960073
2906	10.960073
2907	10.960073
2908	10.960073
2909	10.960073
2910	10.960073
2911	10.960073
2912	10.960073
2913	10.960073
2914	10.960073
2915	10.960073
2916	10.960073
2917	10.960073
2918	10.960073
2919	10.960073
2920	10.960073
2921	10.960073
2922	10.960073
2923	10.960073
2924	10.960073
2925	10.960073
2926	10.960073
2927	10.960073
2928	10.960073
2929	10.960073
2930	10.960073
2931	10.960073
2932	10.960073
2933	10.960073
2934	10.960073
2935	10.960073
2936	10.960073
2937	10.960073
2938	10.960073
2939	10.960073
2940	10.960073
2941	10.960073
2942	10.960073
2943	10.960073
2944	10.960073
2945	10.960073
2946	10.960073
2947	10.960073
2948	10.960073
2949	10.960073
2950	10.960073
2951	10.960073
2952	10.960073
2953	10.960073
2954	10.960073
2955	10.960073
2956	10.960073
2957	10.960073
2958	10.960073
2959	10.960073
2960	10.960073
2961	10.960073
2962	10.960073
2963	10.960073
2964	10.960073
2965	10.960073
2966	10.960073
2967	10.960073
2968	10.960073
2969	10.960073
2970	10.960073
2971	10.960073
2972	10.960073
2973	10.960073
2974	10.960073
2975	10.960073
2976	10.960073
2977	10.960073
2978	10.960073
2979	10.960073
2980	10.960073
2981	10.960073
2982	10.960073
2983	10.960073
2984	10.960073
2985	10.960073
2986	10.960073
2987	10.960073
2988	10.960073
2989	10.960073
2990	10.960073
2991	10.960073
2992	10.960073
2993	10.960073
2994	10.960073
2995	10.960073
2996	10.960073
2997	10.960073
2998	10.960073
2999	10.960073
3000	10.960073
3001	10.960073
3002	10.960073
3003	10.960073
3004	10.960073
3005	10.960073
3006	10.960073
3007	10.960073
3008	10.960073
3009	10.960073
3010	10.960073
3011	10.960073
3012	10.960073
3013	10.960073
3014	10.960073
3015	10.960073
3016	10.960073
3017	10.960073
3018	10.960073
3019	10.960073
3020	10.960073
3021	10.960073
3022	10.960073
3023	10.960073
3024	10.960073
3025	10.960073
3026	10.960073
3027	10.960073
3028	10.960073
3029	10.960073
3030	10.960073
3031	10.960073
3032	10.960073
3033	10.960073
3034	10.960073
3035	10.960073
3036	10.960073
3037	10.960073
3038	10.960073
3039	10.960073
3040	10.960073
3041	10.960073
3042	10.960073
3043	10.960073
3044	10.960073
3045	10.960073
3046	10.960073
3047	10.960073
3048	10.960073
3049	10.960073
3050	10.960073
3051	10.960073
3052	10.960073
3053	10.960073
3054	10.960073
3055	10.960073
3056	10.960073
3057	10.960073
3058	10.960073
3059	10.960073
3060	10.960073
3061	10.960073
3062	10.960073
3063	10.960073
3064	10.960073
3065	10.960073
3066	10.960073
3067	10.960073
3068	10.960073
3069	10.960073
3070	10.960073
3071	10.960073
3072	10.960073
3073	10.960073
3074	10.960073
3075	10.960073
3076	10.960073
3077	10.960073
3078	10.960073
3079	10.960073
3080	10.960073
3081	10.960073
3082	10.960073
3083	10.960073
3084	10.960073
3085	10.960073
3086	10.960073
3087	10.960073
3088	10.960073
3089	10.960073
3090	10.960073
3091	10.960073
3092	10.960073
3093	10.960073
3094	10.960073
3095	10.960073
3096	10.960073
3097	10.960073
3098	10.960073
3099	10.960073
3100	10.960073
3101	10.960073
3102	10.960073
3103	10.960073
3104	10.960073
3105	10.960073
3106	10.960073
3107	10.960073
3108	10.960073
3109	10.960073
3110	10.960073
3111	10.960073
3112	10.960073
3113	10.960073
3114	10.960073
3115	10.960073
3116	10.960073
3117	10.960073
3118	10.960073
3119	10.960073
3120	10.960073
3121	10.960073
3122	10.960073
3123	10.960073
3124	10.960073
3125	10.960073
3126	10.960073
3127	10.960073
3128	10.960073
3129	10.960073
3130	10.960073
3131	10.960073
3132	10.960073
3133	10.960073
3134	10.960073
3135	10.960073
3136	10.960073
3137	10.960073
3138	10.960073
3139	10.960073
3140	10.960073
3141	10.960073
3142	10.960073
3143	10.960073
3144	10.960073
3145	10.960073
3146	10.960073
3147	10.960073
3148	10.960073
3149	10.960073
3150	10.960073
3151	10.960073
3152	10.960073
3153	10.960073
3154	10.960073
3155	10.960073
3156	10.960073
3157	10.960073
3158	10.960073
3159	10.960073
3160	10.960073
3161	10.960073
3162	10.960073
3163	10.960073
3164	10.960073
3165	10.960073
3166	10.960073
3167	10.960073
3168	10.960073
3169	10.960073
3170	10.960073
3171	10.960073
3172	10.960073
3173	10.960073
3174	10.960073
3175	10.960073
3176	10.960073
3177	10.960073
3178	10.960073
3179	10.960073
3180	10.960073
3181	10.960073
3182	10.960073
3183	10.960073
3184	10.960073
3185	10.960073
3186	10.960073
3187	10.960073
3188	10.960073
3189	10.960073
3190	10.960073
3191	10.960073
3192	10.960073
3193	10.960073
3194	10.960073
3195	10.960073
3196	10.960073
3197	10.960073
3198	10.960073
3199	10.960073
3200	10.960073
3201	10.960073
3202	10.960073
3203	10.960073
3204	10.960073
3205	10.960073
3206	10.960073
3207	10.960073
3208	10.960073
3209	10.960073
3210	10.960073
3211	10.960073
3212	10.960073
3213	10.960073
3214	10.960073
3215	10.960073
3216	10.960073
3217	10.960073
3218	10.960073
3219	10.960073
3220	10.960073
3221	10.960073
3222	10.960073
3223	10.960073
3224	10.960073
3225	10.960073
3226	10.960073
3227	10.960073
3228	10.960073
3229	10.960073
3230	10.960073
3231	10.960073
3232	10.960073
3233	10.960073
3234	10.960073
3235	10.960073
3236	10.960073
3237	10.960073
3238	10.960073
3239	10.960073
3240	10.960073
3241	10.960073
3242	10.960073
3243	10.960073
3244	10.960073
3245	10.960073
3246	10.960073
3247	10.960073
3248	10.960073
3249	10.960073
3250	10.960073
3251	10.960073
3252	10.960073
3253	10.960073
3254	10.960073
3255	10.960073
3256	10.960073
3257	10.960073
3258	10.960073
3259	10.960073
3260	10.960073
3261	10.960073
3262	10.960073
3263	10.960073
3264	10.960073
3265	10.960073
3266	10.960073
3267	10.960073
3268	10.960073
3269	10.960073
3270	10.960073
3271	10.960073
3272	10.960073
3273	10.960073
3274	10.960073
3275	10.960073
3276	10.960073
3277	10.960073
3278	10.960073
3279	10.960073
3280	10.960073
3281	10.960073
3282	10.960073
3283	10.960073
3284	10.960073
3285	10.960073
3286	10.960073
3287	10.960073
3288	10.960073
3289	10.960073
3290	10.960073
3291	10.960073
3292	10.960073
3293	10.960073
3294	10.960073
3295	10.960073
3296	10.960073
3297	10.960073
3298	10.960073
3299	10.960073
3300	10.960073
3301	10.960073
3302	10.960073
3303	10.960073
3304	10.960073
3305	10.960073
3306	10.960073
3307	10.960073
3308	10.960073
3309	10.960073
3310	10.960073
3311	10.960073
3312	10.960073
3313	10.960073
3314	10.960073
3315	10.960073
3316	10.960073
3317	10.960073
3318	10.960073
3319	10.960073
3320	10.960073
3321	10.960073
3322	10.960073
3323	10.960073
3324	10.960073
3325	10.960073
3326	10.960073
3327	10.960073
3328	10.960073
3329	10.960073
3330	10.960073
3331	10.960073
3332	10.960073
3333	10.960073
3334	10.960073
3335	10.960073
3336	10.960073
3337	10.960073
3338	10.960073
3339	10.960073
3340	10.960073
3341	10.960073
3342	10.960073
3343	10.960073
3344	10.960073
3345	10.960073
3346	10.960073
3347	10.960073
3348	10.960073
3349	10.960073
3350	10.960073
3351	10.960073
3352	10.960073
3353	10.960073
3354	10.960073
3355	10.960073
3356	10.960073
3357	10.960073
3358	10.960073
3359	10.960073
3360	10.960073
3361	10.960073
3362	10.960073
3363	10.960073
3364	10.960073
3365	10.960073
3366	10.960073
3367	10.960073
3368	10.960073
3369	10.960073
3370	10.960073
3371	10.960073
3372	10.960073
3373	10.960073
3374	10.960073
3375	10.960073
3376	10.960073
3377	10.960073
3378	10.960073
3379	10.960073
3380	10.960073
3381	10.960073
3382	10.960073
3383	10.960073
3384	10.960073
3385	10.960073
3386	10.960073
3387	10.960073
3388	10.960073
3389	10.960073
3390	10.960073
3391	10.960073
3392	10.960073
3393	10.960073
3394	10.960073
3395	10.960073
3396	10.960073
3397	10.960073
3398	10.960073
3399	10.960073
3400	10.960073
3401	10.960073
3402	10.960073
3403	10.960073
3404	10.960073
3405	10.960073
3406	10.960073
3407	10.960073
3408	10.960073
3409	10.960073
3410	10.960073
3411	10.960073
3412	10.960073
3413	10.960073
3414	10.960073
3415	10.960073
3416	10.960073
3417	10.960073
3418	10.960073
3419	10.960073
3420	10.960073
3421	10.960073
3422	10.960073
3423	10.960073
3424	10.960073
3425	10.960073
3426	10.960073
3427	10.960073
3428	10.960073
3429	10.960073
3430	10.960073
3431	10.960073
3432	10.960073
3433	10.960073
3434	10.960073
3435	10.960073
3436	10.960073
3437	10.960073
3438	10.960073
3439	10.960073
3440	10.960073
3441	10.960073
3442	10.960073
3443	10.960073
3444	10.960073
3445	10.960073
3446	10.960073
3447	10.960073
3448	10.960073
3449	10.960073
3450	10.960073
3451	10.960073
3452	10.960073
3453	10.960073
3454	10.960073
3455	10.960073
3456	10.960073
3457	10.960073
3458	10.960073
3459	10.960073
3460	10.960073
3461	10.960073
3462	10.960073
3463	10.960073
3464	10.960073
3465	10.960073
3466	10.960073
3467	10.960073
3468	10.960073
3469	10.960073
3470	10.960073
3471	10.960073
3472	10.960073
3473	10.960073
3474	10.960073
3475	10.960073
3476	10.960073
3477	10.960073
3478	10.960073
3479	10.960073
3480	10.960073
3481	10.960073
3482	10.960073
3483	10.960073
3484	10.960073
3485	10.960073
3486	10.960073
3487	10.960073
3488	10.960073
3489	10.960073
3490	10.960073
3491	10.960073
3492	10.960073
3493	10.960073
3494	10.960073
3495	10.960073
3496	10.960073
3497	10.960073
3498	10.960073
3499	10.960073
3500	10.960073
3501	10.960073
3502	10.960073
3503	10.960073
3504	10.960073
3505	10.960073
3506	10.960073
3507	10.960073
3508	10.960073
3509	10.960073
3510	10.960073
3511	10.960073
3512	10.960073
3513	10.960073
3514	10.960073
3515	10.960073
3516	10.960073
3517	10.960073
3518	10.960073
3519	10.960073
3520	10.960073
3521	10.960073
3522	10.960073
3523	10.960073
3524	10.960073
3525	10.960073
3526	10.960073
3527	10.960073
3528	10.960073
3529	10.960073
3530	10.960073
3531	10.960073
3532	10.960073
3533	10.960073
3534	10.960073
3535	10.960073
3536	10.960073
3537	10.960073
3538	10.960073
3539	10.960073
3540	10.960073
3541	10.960073
3542	10.960073
3543	10.960073
3544	10.960073
3545	10.960073
3546	10.960073
3547	10.960073
3548	10.960073
3549	10.960073
3550	10.960073
3551	10.960073
3552	10.960073
3553	10.960073
3554	10.960073
3555	10.960073
3556	10.960073
3557	10.960073
3558	10.960073
3559	10.960073
3560	10.960073
3561	10.960073
3562	10.960073
3563	10.960073
3564	10.960073
3565	10.960073
3566	10.960073
3567	10.960073
3568	10.960073
3569	10.960073
3570	10.960073
3571	10.960073
3572	10.960073
3573	10.960073
3574	10.960073
3575	10.960073
3576	10.960073
3577	10.960073
3578	10.960073
3579	10.960073
3580	10.960073
3581	10.960073
3582	10.960073
3583	10.960073
3584	10.960073
3585	10.960073
3586	10.960073
3587	10.960073
3588	10.960073
3589	10.960073
3590	10.960073
3591	10.960073
3592	10.960073
3593	10.960073
3594	10.960073
3595	10.960073
3596	10.960073
3597	10.960073
3598	10.960073
3599	10.960073
3600	10.960073
3601	10.960073
3602	10.960073
3603	10.960073
3604	10.960073
3605	10.960073
3606	10.960073
3607	10.960073
3608	10.960073
3609	10.960073
3610	10.960073
3611	10.960073
3612	10.960073
3613	10.960073
3614	10.960073
3615	10.960073
3616	10.960073
3617	10.960073
3618	10.960073
3619	10.960073
3620	10.960073
3621	10.960073
3622	10.960073
3623	10.960073
3624	10.960073
3625	10.960073
3626	10.960073
3627	10.960073
3628	10.960073
3629	10.960073
3630	10.960073
3631	10.960073
3632	10.960073
3633	10.960073
3634	10.960073
3635	10.960073
3636	10.960073
3637	10.960073
3638	10.960073
3639	10.960073
3640	10.960073
3641	10.960073
3642	10.960073
3643	10.960073
3644	10.960073
3645	10.960073
3646	10.960073
3647	10.960073
3648	10.960073
3649	10.960073
3650	10.960073
3651	10.960073
3652	10.960073
3653	10.960073
3654	10.960073
3655	10.960073
3656	10.960073
3657	10.960073
3658	10.960073
3659	10.960073
3660	10.960073
3661	10.960073
3662	10.960073
3663	10.960073
3664	10.960073
3665	10.960073
3666	10.960073
3667	10.960073
3668	10.960073
3669	10.960073
3670	10.960073
3671	10.960073
3672	10.960073
3673	10.960073
3674	10.960073
3675	10.960073
3676	10.960073
3677	10.960073
3678	10.960073
3679	10.960073
3680	10.960073
3681	10.960073
3682	10.960073
3683	10.960073
3684	10.960073
3685	10.960073
3686	10.960073
3687	10.960073
3688	10.960073
3689	10.960073
3690	10.960073
3691	10.960073
3692	10.960073
3693	10.960073
3694	10.960073
3695	10.960073
3696	10.960073
3697	10.960073
3698	10.960073
3699	10.960073
3700	10.960073
3701	10.960073
3702	10.960073
3703	10.960073
3704	10.960073
3705	10.960073
3706	10.960073
3707	10.960073
3708	10.960073
3709	10.960073
3710	10.960073
3711	10.960073
3712	10.960073
3713	10.960073
3714	10.960073
3715	10.960073
3716	10.960073
3717	10.960073
3718	10.960073
3719	10.960073
3720	10.960073
3721	10.960073
3722	10.960073
3723	10.960073
3724	10.960073
3725	10.960073
3726	10.960073
3727	10.960073
3728	10.960073
3729	10.960073
3730	10.960073
3731	10.960073
3732	10.960073
3733	10.960073
3734	10.960073
3735	10.960073
3736	10.960073
3737	10.960073
3738	10.960073
3739	10.960073
3740	10.960073
3741	10.960073
3742	10.960073
3743	10.960073
3744	10.960073
3745	10.960073
3746	10.960073
3747	10.960073
3748	10.960073
3749	10.960073
3750	10.960073
3751	10.960073
3752	10.960073
3753	10.960073
3754	10.960073
3755	10.960073
3756	10.960073
3757	10.960073
3758	10.960073
3759	10.960073
3760	10.960073
3761	10.960073
3762	10.960073
3763	10.960073
3764	10.960073
3765	10.960073
3766	10.960073
3767	10.960073
3768	10.960073
3769	10.960073
3770	10.960073
3771	10.960073
3772	10.960073
3773	10.960073
3774	10.960073
3775	10.960073
3776	10.960073
3777	10.960073
3778	10.960073
3779	10.960073
3780	10.960073
3781	10.960073
3782	10.960073
3783	10.960073
3784	10.960073
3785	10.960073
3786	10.960073
3787	10.960073
3788	10.960073
3789	10.960073
3790	10.960073
3791	10.960073
3792	10.960073
3793	10.960073
3794	10.960073
3795	10.960073
3796	10.960073
3797	10.960073
3798	10.960073
3799	10.960073
3800	10.960073
3801	10.960073
3802	10.960073
3803	10.960073
3804	10.960073
3805	10.960073
3806	10.960073
3807	10.960073
3808	10.960073
3809	10.960073
3810	10.960073
3811	10.960073
3812	10.960073
3813	10.960073
3814	10.960073
3815	10.960073
3816	10.960073
3817	10.960073
3818	10.960073
3819	10.960073
3820	10.960073
3821	10.960073
3822	10.960073
3823	10.960073
3824	10.960073
3825	10.960073
3826	10.960073
3827	10.960073
3828	10.960073
3829	10.960073
3830	10.960073
3831	10.960073
3832	10.960073
3833	10.960073
3834	10.960073
3835	10.960073
3836	10.960073
3837	10.960073
3838	10.960073
3839	10.960073
3840	10.960073
3841	10.960073
3842	10.960073
3843	10.960073
3844	10.960073
3845	10.960073
3846	10.960073
3847	10.960073
3848	10.960073
3849	10.960073
3850	10.960073
3851	10.960073
3852	10.960073
3853	10.960073
3854	10.960073
3855	10.960073
3856	10.960073
3857	10.960073
3858	10.960073
3859	10.960073
3860	10.960073
3861	10.960073
3862	10.960073
3863	10.960073
3864	10.960073
3865	10.960073
3866	10.960073
3867	10.960073
3868	10.960073
3869	10.960073
3870	10.960073
3871	10.960073
3872	10.960073
3873	10.960073
3874	10.960073
3875	10.960073
3876	10.960073
3877	10.960073
3878	10.960073
3879	10.960073
3880	10.960073
3881	10.960073
3882	10.960073
3883	10.960073
3884	10.960073
3885	10.960073
3886	10.960073
3887	10.960073
3888	10.960073
3889	10.960073
3890	10.960073
3891	10.960073
3892	10.960073
3893	10.960073
3894	10.960073
3895	10.960073
3896	10.960073
3897	10.960073
3898	10.960073
3899	10.960073
3900	10.960073
3901	10.960073
3902	10.960073
3903	10.960073
3904	10.960073
3905	10.960073
3906	10.960073
3907	10.960073
3908	10.960073
3909	10.960073
3910	10.960073
3911	10.960073
3912	10.960073
3913	10.960073
3914	10.960073
3915	10.960073
3916	10.960073
3917	10.960073
3918	10.960073
3919	10.960073
3920	10.960073
3921	10.960073
3922	10.960073
3923	10.960073
3924	10.960073
3925	10.960073
3926	10.960073
3927	10.960073
3928	10.960073
3929	10.960073
3930	10.960073
3931	10.960073
3932	10.960073
3933	10.960073
3934	10.960073
3935	10.960073
3936	10.960073
3937	10.960073
3938	10.960073
3939	10.960073
3940	10.960073
3941	10.960073
3942	10.960073
3943	10.960073
3944	10.960073
3945	10.960073
3946	10.960073
3947	10.960073
3948	10.960073
3949	10.960073
3950	10.960073
3951	10.960073
3952	10.960073
3953	10.960073
3954	10.960073
3955	10.960073
3956	10.960073
3957	10.960073
3958	10.960073
3959	10.960073
3960	10.960073
3961	10.960073
3962	10.960073
3963	10.960073
3964	10.960073
3965	10.960073
3966	10.960073
3967	10.960073
3968	10.960073
3969	10.960073
3970	10.960073
3971	10.960073
3972	10.960073
3973	10.960073
3974	10.960073
3975	10.960073
3976	10.960073
3977	10.960073
3978	10.960073
3979	10.960073
3980	10.960073
3981	10.960073
3982	10.960073
3983	10.960073
3984	10.960073
3985	10.960073
3986	10.960073
3987	10.960073
3988	10.960073
3989	10.960073
3990	10.960073
3991	10.960073
3992	10.960073
3993	10.960073
3994	10.960073
3995	10.960073
3996	10.960073
3997	10.960073
3998	10.960073
3999	10.960073
4000	10.960073
4001	10.960073
4002	10.960073
4003	10.960073
4004	10.960073
4005	10.960073
4006	10.960073
4007	10.960073
4008	10.960073
4009	10.960073
4010	10.960073
4011	10.960073
4012	10.960073
4013	10.960073
4014	10.960073
4015	10.960073
4016	10.960073
4017	10.960073
4018	10.960073
4019	10.960073
4020	10.960073
4021	10.960073
4022	10.960073
4023	10.960073
4024	10.960073
4025	10.960073
4026	10.960073
4027	10.960073
4028	10.960073
4029	10.960073
4030	10.960073
4031	10.960073
4032	10.960073
4033	10.960073
4034	10.960073
4035	10.960073
4036	10.960073
4037	10.960073
4038	10.960073
4039	10.960073
4040	10.960073
4041	10.960073
4042	10.960073
4043	10.960073
4044	10.960073
4045	10.960073
4046	10.960073
4047	10.960073
4048	10.960073
4049	10.960073
4050	10.960073
4051	10.960073
4052	10.960073
4053	10.960073
4054	10.960073
4055	10.960073
4056	10.960073
4057	10.960073
4058	10.960073
4059	10.960073
4060	10.960073
4061	10.960073
4062	10.960073
4063	10.960073
4064	10.960073
4065	10.960073
4066	10.960073
4067	10.960073
4068	10.960073
4069	10.960073
4070	10.960073
4071	10.960073
4072	10.960073
4073	10.960073
4074	10.960073
4075	10.960073
4076	10.960073
4077	10.960073
4078	10.960073
4079	10.960073
4080	10.960073
4081	10.960073
4082	10.960073
4083	10.960073
4084	10.960073
4085	10.960073
4086	10.960073
4087	10.960073
4088	10.960073
4089	10.960073
4090	10.960073
4091	10.960073
4092	10.960073
4093	10.960073
4094	10.960073
4095	10.960073
4096	10.960073
4097	10.960073
4098	10.960073
4099	10.960073
4100	10.960073
4101	10.960073
4102	10.960073
4103	10.960073
4104	10.960073
4105	10.960073
4106	10.960073
4107	10.960073
4108	10.960073
4109	10.960073
4110	10.960073
4111	10.960073
4112	10.960073
4113	10.960073
4114	10.960073
4115	10.960073
4116	10.960073
4117	10.960073
4118	10.960073
4119	10.960073
4120	10.960073
4121	10.960073
4122	10.960073
4123	10.960073
4124	10.960073
4125	10.960073
4126	10.960073
4127	10.960073
4128	10.960073
4129	10.960073
4130	10.960073
4131	10.960073
4132	10.960073
4133	10.960073
4134	10.960073
4135	10.960073
4136	10.960073
4137	10.960073
4138	10.960073
4139	10.960073
4140	10.960073
4141	10.960073
4142	10.960073
4143	10.960073
4144	10.960073
4145	10.960073
4146	10.960073
4147	10.960073
4148	10.960073
4149	10.960073
4150	10.960073
4151	10.960073
4152	10.960073
4153	10.960073
4154	10.960073
4155	10.960073
4156	10.960073
4157	10.960073
4158	10.960073
4159	10.960073
4160	10.960073
4161	10.960073
4162	10.960073
4163	10.960073
4164	10.960073
4165	10.960073
4166	10.960073
4167	10.960073
4168	10.960073
4169	10.960073
4170	10.960073
4171	10.960073
4172	10.960073
4173	10.960073
4174	10.960073
4175	10.960073
4176	10.960073
4177	10.960073
4178	10.960073
4179	10.960073
4180	10.960073
4181	10.960073
4182	10.960073
4183	10.960073
4184	10.960073
4185	10.960073
4186	10.960073
4187	10.960073
4188	10.960073
4189	10.960073
4190	10.960073
4191	10.960073
4192	10.960073
4193	10.960073
4194	10.960073
4195	10.960073
4196	10.960073
4197	10.960073
4198	10.960073
4199	10.960073
4200	10.960073
4201	10.960073
4202	10.960073
4203	10.960073
4204	10.960073
4205	10.960073
4206	10.960073
4207	10.960073
4208	10.960073
4209	10.960073
4210	10.960073
4211	10.960073
4212	10.960073
4213	10.960073
4214	10.960073
4215	10.960073
4216	10.960073
4217	10.960073
4218	10.960073
4219	10.960073
4220	10.960073
4221	10.960073
4222	10.960073
4223	10.960073
4224	10.960073
4225	10.960073
4226	10.960073
4227	10.960073
4228	10.960073
4229	10.960073
4230	10.960073
4231	10.960073
4232	10.960073
4233	10.960073
4234	10.960073
4235	10.960073
4236	10.960073
4237	10.960073
4238	10.960073
4239	10.960073
4240	10.960073
4241	10.960073
4242	10.960073
4243	10.960073
4244	10.960073
4245	10.960073
4246	10.960073
4247	10.960073
4248	10.960073
4249	10.960073
4250	10.960073
4251	10.960073
4252	10.960073
4253	10.960073
4254	10.960073
4255	10.960073
4256	10.960073
4257	10.960073
4258	10.960073
4259	10.960073
4260	10.960073
4261	10.960073
4262	10.960073
4263	10.960073
4264	10.960073
4265	10.960073
4266	10.960073
4267	10.960073
4268	10.960073
4269	10.960073
4270	10.960073
4271	10.960073
4272	10.960073
4273	10.960073
4274	10.960073
4275	10.960073
4276	10.960073
4277	10.960073
4278	10.960073
4279	10.960073
4280	10.960073
4281	10.960073
4282	10.960073
4283	10.960073
4284	10.960073
4285	10.960073
4286	10.960073
4287	10.960073
4288	10.960073
4289	10.960073
4290	10.960073
4291	10.960073
4292	10.960073
4293	10.960073
4294	10.960073
4295	10.960073
4296	10.960073
4297	10.960073
4298	10.960073
4299	10.960073
4300	10.960073
4301	10.960073
4302	10.960073
4303	10.960073
4304	10.960073
4305	10.960073
4306	10.960073
4307	10.960073
4308	10.960073
4309	10.960073
4310	10.960073
4311	10.960073
4312	10.960073
4313	10.960073
4314	10.960073
4315	10.960073
4316	10.960073
4317	10.960073
4318	10.960073
4319	10.960073
4320	10.960073
4321	10.960073
4322	10.960073
4323	10.960073
4324	10.960073
4325	10.960073
4326	10.960073
4327	10.960073
4328	10.960073
4329	10.960073
4330	10.960073
4331	10.960073
4332	10.960073
4333	10.960073
4334	10.960073
4335	10.960073
4336	10.960073
4337	10.960073
4338	10.960073
4339	10.960073
4340	10.960073
4341	10.960073
4342	10.960073
4343	10.960073
4344	10.960073
4345	10.960073
4346	10.960073
4347	10.960073
4348	10.960073
4349	10.960073
4350	10.960073
4351	10.960073
4352	10.960073
4353	10.960073
4354	10.960073
4355	10.960073
4356	10.960073
4357	10.960073
4358	10.960073
4359	10.960073
4360	10.960073
4361	10.960073
4362	10.960073
4363	10.960073
4364	10.960073
4365	10.960073
4366	10.960073
4367	10.960073
4368	10.960073
4369	10.960073
4370	10.960073
4371	10.960073
4372	10.960073
4373	10.960073
4374	10.960073
4375	10.960073
4376	10.960073
4377	10.960073
4378	10.960073
4379	10.960073
4380	10.960073
4381	10.960073
4382	10.960073
4383	10.960073
4384	10.960073
4385	10.960073
4386	10.960073
4387	10.960073
4388	10.960073
4389	10.960073
4390	10.960073
4391	10.960073
4392	10.960073
4393	10.960073
4394	10.960073
4395	10.960073
4396	10.960073
4397	10.960073
4398	10.960073
4399	10.960073
4400	10.960073
4401	10.960073
4402	10.960073
4403	10.960073
4404	10.960073
4405	10.960073
4406	10.960073
4407	10.960073
4408	10.960073
4409	10.960073
4410	10.960073
4411	10.960073
4412	10.960073
4413	10.960073
4414	10.960073
4415	10.960073
4416	10.960073
4417	10.960073
4418	10.960073
4419	10.960073
4420	10.960073
4421	10.960073
4422	10.960073
4423	10.960073
4424	10.960073
4425	10.960073
4426	10.960073
4427	10.960073
4428	10.960073
4429	10.960073
4430	10.960073
4431	10.960073
4432	10.960073
4433	10.960073
4434	10.960073
4435	10.960073
4436	10.960073
4437	10.960073
4438	10.960073
4439	10.960073
4440	10.960073
4441	10.960073
4442	10.960073
4443	10.960073
4444	10.960073
4445	10.960073
4446	10.960073
4447	10.960073
4448	10.960073
4449	10.960073
4450	10.960073
4451	10.960073
4452	10.960073
4453	10.960073
4454	10.960073
4455	10.960073
4456	10.960073
4457	10.960073
4458	10.960073
4459	10.960073
4460	10.960073
4461	10.960073
4462	10.960073
4463	10.960073
4464	10.960073
4465	10.960073
4466	10.960073
4467	10.960073
4468	10.960073
4469	10.960073
4470	10.960073
4471	10.960073
4472	10.960073
4473	10.960073
4474	10.960073
4475	10.960073
4476	10.960073
4477	10.960073
4478	10.960073
4479	10.960073
4480	10.960073
4481	10.960073
4482	10.960073
4483	10.960073
4484	10.960073
4485	10.960073
4486	10.960073
4487	10.960073
4488	10.960073
4489	10.960073
4490	10.960073
4491	10.960073
4492	10.960073
4493	10.960073
4494	10.960073
4495	10.960073
4496	10.960073
4497	10.960073
4498	10.960073
4499	10.960073
4500	10.960073
4501	10.960073
4502	10.960073
4503	10.960073
4504	10.960073
4505	10.960073
4506	10.960073
4507	10.960073
4508	10.960073
4509	10.960073
4510	10.960073
4511	10.960073
4512	10.960073
4513	10.960073
4514	10.960073
4515	10.960073
4516	10.960073
4517	10.960073
4518	10.960073
4519	10.960073
4520	10.960073
4521	10.960073
4522	10.960073
4523	10.960073
4524	10.960073
4525	10.960073
4526	10.960073
4527	10.960073
4528	10.960073
4529	10.960073
4530	10.960073
4531	10.960073
4532	10.960073
4533	10.960073
4534	10.960073
4535	10.960073
4536	10.960073
4537	10.960073
4538	10.960073
4539	10.960073
4540	10.960073
4541	10.960073
4542	10.960073
4543	10.960073
4544	10.960073
4545	10.960073
4546	10.960073
4547	10.960073
4548	10.960073
4549	10.960073
4550	10.960073
4551	10.960073
4552	10.960073
4553	10.960073
4554	10.960073
4555	10.960073
4556	10.960073
4557	10.960073
4558	10.960073
4559	10.960073
4560	10.960073
4561	10.960073
4562	10.960073
4563	10.960073
4564	10.960073
4565	10.960073
4566	10.960073
4567	10.960073
4568	10.960073
4569	10.960073
4570	10.960073
4571	10.960073
4572	10.960073
4573	10.960073
4574	10.960073
4575	10.960073
4576	10.960073
4577	10.960073
4578	10.960073
4579	10.960073
4580	10.960073
4581	10.960073
4582	10.960073
4583	10.960073
4584	10.960073
4585	10.960073
4586	10.960073
4587	10.960073
4588	10.960073
4589	10.960073
4590	10.960073
4591	10.960073
4592	10.960073
4593	10.960073
4594	10.960073
4595	10.960073
4596	10.960073
4597	10.960073
4598	10.960073
4599	10.960073
4600	10.960073
4601	10.960073
4602	10.960073
4603	10.960073
4604	10.960073
4605	10.960073
4606	10.960073
4607	10.960073
4608	10.960073
4609	10.960073
4610	10.960073
4611	10.960073
4612	10.960073
4613	10.960073
4614	10.960073
4615	10.960073
4616	10.960073
4617	10.960073
4618	10.960073
4619	10.960073
4620	10.960073
4621	10.960073
4622	10.960073
4623	10.960073
4624	10.960073
4625	10.960073
4626	10.960073
4627	10.960073
4628	10.960073
4629	10.960073
4630	10.960073
4631	10.960073
4632	10.960073
4633	10.960073
4634	10.960073
4635	10.960073
4636	10.960073
4637	10.960073
4638	10.960073
4639	10.960073
4640	10.960073
4641	10.960073
4642	10.960073
4643	10.960073
4644	10.960073
4645	10.960073
4646	10.960073
4647	10.960073
4648	10.960073
4649	10.960073
4650	10.960073
4651	10.960073
4652	10.960073
4653	10.960073
4654	10.960073
4655	10.960073
4656	10.960073
4657	10.960073
4658	10.960073
4659	10.960073
4660	10.960073
4661	10.960073
4662	10.960073
4663	10.960073
4664	10.960073
4665	10.960073
4666	10.960073
4667	10.960073
4668	10.960073
4669	10.960073
4670	10.960073
4671	10.960073
4672	10.960073
4673	10.960073
4674	10.960073
4675	10.960073
4676	10.960073
4677	10.960073
4678	10.960073
4679	10.960073
4680	10.960073
4681	10.960073
4682	10.960073
4683	10.960073
4684	10.960073
4685	10.960073
4686	10.960073
4687	10.960073
4688	10.960073
4689	10.960073
4690	10.960073
4691	10.960073
4692	10.960073
4693	10.960073
4694	10.960073
4695	10.960073
4696	10.960073
4697	10.960073
4698	10.960073
4699	10.960073
4700	10.960073
4701	10.960073
4702	10.960073
4703	10.960073
4704	10.960073
4705	10.960073
4706	10.960073
4707	10.960073
4708	10.960073
4709	10.960073
4710	10.960073
4711	10.960073
4712	10.960073
4713	10.960073
4714	10.960073
4715	10.960073
4716	10.960073
4717	10.960073
4718	10.960073
4719	10.960073
4720	10.960073
4721	10.960073
4722	10.960073
4723	10.960073
4724	10.960073
4725	10.960073
4726	10.960073
4727	10.960073
4728	10.960073
4729	10.960073
4730	10.960073
4731	10.960073
4732	10.960073
4733	10.960073
4734	10.960073
4735	10.960073
4736	10.960073
4737	10.960073
4738	10.960073
4739	10.960073
4740	10.960073
4741	10.960073
4742	10.960073
4743	10.960073
4744	10.960073
4745	10.960073
4746	10.960073
4747	10.960073
4748	10.960073
4749	10.960073
4750	10.960073
4751	10.960073
4752	10.960073
4753	10.960073
4754	10.960073
4755	10.960073
4756	10.960073
4757	10.960073
4758	10.960073
4759	10.960073
4760	10.960073
4761	10.960073
4762	10.960073
4763	10.960073
4764	10.960073
4765	10.960073
4766	10.960073
4767	10.960073
4768	10.960073
4769	10.960073
4770	10.960073
4771	10.960073
4772	10.960073
4773	10.960073
4774	10.960073
4775	10.960073
4776	10.960073
4777	10.960073
4778	10.960073
4779	10.960073
4780	10.960073
4781	10.960073
4782	10.960073
4783	10.960073
4784	10.960073
4785	10.960073
4786	10.960073
4787	10.960073
4788	10.960073
4789	10.960073
4790	10.960073
4791	10.960073
4792	10.960073
4793	10.960073
4794	10.960073
4795	10.960073
4796	10.960073
4797	10.960073
4798	10.960073
4799	10.960073
4800	10.960073
4801	10.960073
4802	10.960073
4803	10.960073
4804	10.960073
4805	10.960073
4806	10.960073
4807	10.960073
4808	10.960073
4809	10.960073
4810	10.960073
4811	10.960073
4812	10.960073
4813	10.960073
4814	10.960073
4815	10.960073
4816	10.960073
4817	10.960073
4818	10.960073
4819	10.960073
4820	10.960073
4821	10.960073
4822	10.960073
4823	10.960073
4824	10.960073
4825	10.960073
4826	10.960073
4827	10.960073
4828	10.960073
4829	10.960073
4830	10.960073
4831	10.960073
4832	10.960073
4833	10.960073
4834	10.960073
4835	10.960073
4836	10.960073
4837	10.960073
4838	10.960073
4839	10.960073
4840	10.960073
4841	10.960073
4842	10.960073
4843	10.960073
4844	10.960073
4845	10.960073
4846	10.960073
4847	10.960073
4848	10.960073
4849	10.960073
4850	10.960073
4851	10.960073
4852	10.960073
4853	10.960073
4854	10.960073
4855	10.960073
4856	10.960073
4857	10.960073
4858	10.960073
4859	10.960073
4860	10.960073
4861	10.960073
4862	10.960073
4863	10.960073
4864	10.960073
4865	10.960073
4866	10.960073
4867	10.960073
4868	10.960073
4869	10.960073
4870	10.960073
4871	10.960073
4872	10.960073
4873	10.960073
4874	10.960073
4875	10.960073
4876	10.960073
4877	10.960073
4878	10.960073
4879	10.960073
4880	10.960073
4881	10.960073
4882	10.960073
4883	10.960073
4884	10.960073
4885	10.960073
4886	10.960073
4887	10.960073
4888	10.960073
4889	10.960073
4890	10.960073
4891	10.960073
4892	10.960073
4893	10.960073
4894	10.960073
4895	10.960073
4896	10.960073
4897	10.960073
4898	10.960073
4899	10.960073
4900	10.960073
4901	10.960073
4902	10.960073
4903	10.960073
4904	10.960073
4905	10.960073
4906	10.960073
4907	10.960073
4908	10.960073
4909	10.960073
4910	10.960073
4911	10.960073
4912	10.960073
4913	10.960073
4914	10.960073
4915	10.960073
4916	10.960073
4917	10.960073
4918	10.960073
4919	10.960073
4920	10.960073
4921	10.960073
4922	10.960073
4923	10.960073
4924	10.960073
4925	10.960073
4926	10.960073
4927	10.960073
4928	10.960073
4929	10.960073
4930	10.960073
4931	10.960073
4932	10.960073
4933	10.960073
4934	10.960073
4935	10.960073
4936	10.960073
4937	10.960073
4938	10.960073
4939	10.960073
4940	10.960073
4941	10.960073
4942	10.960073
4943	10.960073
4944	10.960073
4945	10.960073
4946	10.960073
4947	10.960073
4948	10.960073
4949	10.960073
4950	10.960073
4951	10.960073
4952	10.960073
4953	10.960073
4954	10.960073
4955	10.960073
4956	10.960073
4957	10.960073
4958	10.960073
4959	10.960073
4960	10.960073
4961	10.960073
4962	10.960073
4963	10.960073
4964	10.960073
4965	10.960073
4966	10.960073
4967	10.960073
4968	10.960073
4969	10.960073
4970	10.960073
4971	10.960073
4972	10.960073
4973	10.960073
4974	10.960073
4975	10.960073
4976	10.960073
4977	10.960073
4978	10.960073
4979	10.960073
4980	10.960073
4981	10.960073
4982	10.960073
4983	10.960073
4984	10.960073
4985	10.960073
4986	10.960073
4987	10.960073
4988	10.960073
4989	10.960073
4990	10.960073
4991	10.960073
4992	10.960073
4993	10.960073
4994	10.960073
4995	10.960073
4996	10.960073
4997	10.960073
4998	10.960073
4999	10.960073
5000	10.960073
5001	10.960073
5002	10.960073
5003	10.960073
5004	10.960073
5005	10.960073
5006	10.960073
5007	10.960073
5008	10.960073
5009	10.960073
5010	10.960073
5011	10.960073
5012	10.960073
5013	10.960073
5014	10.960073
5015	10.960073
5016	10.960073
5017	10.960073
5018	10.960073
5019	10.960073
5020	10.960073
5021	10.960073
5022	10.960073
5023	10.960073
5024	10.960073
5025	10.960073
5026	10.960073
5027	10.960073
5028	10.960073
5029	10.960073
5030	10.960073
5031	10.960073
5032	10.960073
5033	10.960073
5034	10.960073
5035	10.960073
5036	10.960073
5037	10.960073
5038	10.960073
5039	10.960073
5040	10.960073
5041	10.960073
5042	10.960073
5043	10.960073
5044	10.960073
5045	10.960073
5046	10.960073
5047	10.960073
5048	10.960073
5049	10.960073
5050	10.960073
5051	10.960073
5052	10.960073
5053	10.960073
5054	10.960073
5055	10.960073
5056	10.960073
5057	10.960073
5058	10.960073
5059	10.960073
5060	10.960073
5061	10.960073
5062	10.960073
5063	10.960073
5064	10.960073
5065	10.960073
5066	10.960073
5067	10.960073
5068	10.960073
5069	10.960073
5070	10.960073
5071	10.960073
5072	10.960073
5073	10.960073
5074	10.960073
5075	10.960073
5076	10.960073
5077	10.960073
5078	10.960073
5079	10.960073
5080	10.960073
5081	10.960073
5082	10.960073
5083	10.960073
5084	10.960073
5085	10.960073
5086	10.960073
5087	10.960073
5088	10.960073
5089	10.960073
5090	10.960073
5091	10.960073
5092	10.960073
5093	10.960073
5094	10.960073
5095	10.960073
5096	10.960073
5097	10.960073
5098	10.960073
5099	10.960073
5100	10.960073
5101	10.960073
5102	10.960073
5103	10.960073
5104	10.960073
5105	10.960073
5106	10.960073
5107	10.960073
5108	10.960073
5109	10.960073
5110	10.960073
5111	10.960073
5112	10.960073
5113	10.960073
5114	10.960073
5115	10.960073
5116	10.960073
5117	10.960073
5118	10.960073
5119	10.960073
5120	10.960073
5121	10.960073
5122	10.960073
5123	10.960073
5124	10.960073
5125	10.960073
5126	10.960073
5127	10.960073
5128	10.960073
5129	10.960073
5130	10.960073
5131	10.960073
5132	10.960073
5133	10.960073
5134	10.960073
5135	10.960073
5136	10.960073
5137	10.960073
5138	10.960073
5139	10.960073
5140	10.960073
5141	10.960073
5142	10.960073
5143	10.960073
5144	10.960073
5145	10.960073
5146	10.960073
5147	10.960073
5148	10.960073
5149	10.960073
5150	10.960073
5151	10.960073
5152	10.960073
5153	10.960073
5154	10.960073
5155	10.960073
5156	10.960073
5157	10.960073
5158	10.960073
5159	10.960073
5160	10.960073
5161	10.960073
5162	10.960073
5163	10.960073
5164	10.960073
5165	10.960073
5166	10.960073
5167	10.960073
5168	10.960073
5169	10.960073
5170	10.960073
5171	10.960073
5172	10.960073
5173	10.960073
5174	10.960073
5175	10.960073
5176	10.960073
5177	10.960073
5178	10.960073
5179	10.960073
5180	10.960073
5181	10.960073
5182	10.960073
5183	10.960073
5184	10.960073
5185	10.960073
5186	10.960073
5187	10.960073
5188	10.960073
5189	10.960073
5190	10.960073
5191	10.960073
5192	10.960073
5193	10.960073
5194	10.960073
5195	10.960073
5196	10.960073
5197	10.960073
5198	10.960073
5199	10.960073
5200	10.960073
5201	10.960073
5202	10.960073
5203	10.960073
5204	10.960073
5205	10.960073
5206	10.960073
5207	10.960073
5208	10.960073
5209	10.960073
5210	10.960073
5211	10.960073
5212	10.960073
5213	10.960073
5214	10.960073
5215	10.960073
5216	10.960073
5217	10.960073
5218	10.960073
5219	10.960073
5220	10.960073
5221	10.960073
5222	10.960073
5223	10.960073
5224	10.960073
5225	10.960073
5226	10.960073
5227	10.960073
5228	10.960073
5229	10.960073
5230	10.960073
5231	10.960073
5232	10.960073
5233	10.960073
5234	10.960073
5235	10.960073
5236	10.960073
5237	10.960073
5238	10.960073
5239	10.960073
5240	10.960073
5241	10.960073
5242	10.960073
5243	10.960073
5244	10.960073
5245	10.960073
5246	10.960073
5247	10.960073
5248	10.960073
5249	10.960073
5250	10.960073
5251	10.960073
5252	10.960073
5253	10.960073
5254	10.960073
5255	10.960073
5256	10.960073
5257	10.960073
5258	10.960073
5259	10.960073
5260	10.960073
5261	10.960073
5262	10.960073
5263	10.960073
5264	10.960073
5265	10.960073
5266	10.960073
5267	10.960073
5268	10.960073
5269	10.960073
5270	10.960073
5271	10.960073
5272	10.960073
5273	10.960073
5274	10.960073
5275	10.960073
5276	10.960073
5277	10.960073
5278	10.960073
5279	10.960073
5280	10.960073
5281	10.960073
5282	10.960073
5283	10.960073
5284	10.960073
5285	10.960073
5286	10.960073
5287	10.960073
5288	10.960073
5289	10.960073
5290	10.960073
5291	10.960073
5292	10.960073
5293	10.960073
5294	10.960073
5295	10.960073
5296	10.960073
5297	10.960073
5298	10.960073
5299	10.960073
5300	10.960073
5301	10.960073
5302	10.960073
5303	10.960073
5304	10.960073
5305	10.960073
5306	10.960073
5307	10.960073
5308	10.960073
5309	10.960073
5310	10.960073
5311	10.960073
5312	10.960073
5313	10.960073
5314	10.960073
5315	10.960073
5316	10.960073
5317	10.960073
5318	10.960073
5319	10.960073
5320	10.960073
5321	10.960073
5322	10.960073
5323	10.960073
5324	10.960073
5325	10.960073
5326	10.960073
5327	10.960073
5328	10.960073
5329	10.960073
5330	10.960073
5331	10.960073
5332	10.960073
5333	10.960073
5334	10.960073
5335	10.960073
5336	10.960073
5337	10.960073
5338	10.960073
5339	10.960073
5340	10.960073
5341	10.960073
5342	10.960073
5343	10.960073
5344	10.960073
5345	10.960073
5346	10.960073
5347	10.960073
5348	10.960073
5349	10.960073
5350	10.960073
5351	10.960073
5352	10.960073
5353	10.960073
5354	10.960073
5355	10.960073
5356	10.960073
5357	10.960073
5358	10.960073
5359	10.960073
5360	10.960073
5361	10.960073
5362	10.960073
5363	10.960073
5364	10.960073
5365	10.960073
5366	10.960073
5367	10.960073
5368	10.960073
5369	10.960073
5370	10.960073
5371	10.960073
5372	10.960073
5373	10.960073
5374	10.960073
5375	10.960073
5376	10.960073
5377	10.960073
5378	10.960073
5379	10.960073
5380	10.960073
5381	10.960073
5382	10.960073
5383	10.960073
5384	10.960073
5385	10.960073
5386	10.960073
5387	10.960073
5388	10.960073
5389	10.960073
5390	10.960073
5391	10.960073
5392	10.960073
5393	10.960073
5394	10.960073
5395	10.960073
5396	10.960073
5397	10.960073
5398	10.960073
5399	10.960073
5400	10.960073
5401	10.960073
5402	10.960073
5403	10.960073
5404	10.960073
5405	10.960073
5406	10.960073
5407	10.960073
5408	10.960073
5409	10.960073
5410	10.960073
5411	10.960073
5412	10.960073
5413	10.960073
5414	10.960073
5415	10.960073
5416	10.960073
5417	10.960073
5418	10.960073
5419	10.960073
5420	10.960073
5421	10.960073
5422	10.960073
5423	10.960073
5424	10.960073
5425	10.960073
5426	10.960073
5427	10.960073
5428	10.960073
5429	10.960073
5430	10.960073
5431	10.960073
5432	10.960073
5433	10.960073
5434	10.960073
5435	10.960073
5436	10.960073
5437	10.960073
5438	10.960073
5439	10.960073
5440	10.960073
5441	10.960073
5442	10.960073
5443	10.960073
5444	10.960073
5445	10.960073
5446	10.960073
5447	10.960073
5448	10.960073
5449	10.960073
5450	10.960073
5451	10.960073
5452	10.960073
5453	10.960073
5454	10.960073
5455	10.960073
5456	10.960073
5457	10.960073
5458	10.960073
5459	10.960073
5460	10.960073
5461	10.960073
5462	10.960073
5463	10.960073
5464	10.960073
5465	10.960073
5466	10.960073
5467	10.960073
5468	10.960073
5469	10.960073
5470	10.960073
5471	10.960073
5472	10.960073
5473	10.960073
5474	10.960073
5475	10.960073
5476	10.960073
5477	10.960073
5478	10.960073
5479	10.960073
5480	10.960073
5481	10.960073
5482	10.960073
5483	10.960073
5484	10.960073
5485	10.960073
5486	10.960073
5487	10.960073
5488	10.960073
5489	10.960073
5490	10.960073
5491	10.960073
5492	10.960073
5493	10.960073
5494	10.960073
5495	10.960073
5496	10.960073
5497	10.960073
5498	10.960073
5499	10.960073
5500	10.960073
5501	10.960073
5502	10.960073
5503	10.960073
5504	10.960073
5505	10.960073
5506	10.960073
5507	10.960073
5508	10.960073
5509	10.960073
5510	10.960073
5511	10.960073
5512	10.960073
5513	10.960073
5514	10.960073
5515	10.960073
5516	10.960073
5517	10.960073
5518	10.960073
5519	10.960073
5520	10.960073
5521	10.960073
5522	10.960073
5523	10.960073
5524	10.960073
5525	10.960073
5526	10.960073
5527	10.960073
5528	10.960073
5529	10.960073
5530	10.960073
5531	10.960073
5532	10.960073
5533	10.960073
5534	10.960073
5535	10.960073
5536	10.960073
5537	10.960073
5538	10.960073
5539	10.960073
5540	10.960073
5541	10.960073
5542	10.960073
5543	10.960073
5544	10.960073
5545	10.960073
5546	10.960073
5547	10.960073
5548	10.960073
5549	10.960073
5550	10.960073
5551	10.960073
5552	10.960073
5553	10.960073
5554	10.960073
5555	10.960073
5556	10.960073
5557	10.960073
5558	10.960073
5559	10.960073
5560	10.960073
5561	10.960073
5562	10.960073
5563	10.960073
5564	10.960073
5565	10.960073
5566	10.960073
5567	10.960073
5568	10.960073
5569	10.960073
5570	10.960073
5571	10.960073
5572	10.960073
5573	10.960073
5574	10.960073
5575	10.960073
5576	10.960073
5577	10.960073
5578	10.960073
5579	10.960073
5580	10.960073
5581	10.960073
5582	10.960073
5583	10.960073
5584	10.960073
5585	10.960073
5586	10.960073
5587	10.960073
5588	10.960073
5589	10.960073
5590	10.960073
5591	10.960073
5592	10.960073
5593	10.960073
5594	10.960073
5595	10.960073
5596	10.960073
5597	10.960073
5598	10.960073
5599	10.960073
5600	10.960073
5601	10.960073
5602	10.960073
5603	10.960073
5604	10.960073
5605	10.960073
5606	10.960073
5607	10.960073
5608	10.960073
5609	10.960073
5610	10.960073
5611	10.960073
5612	10.960073
5613	10.960073
5614	10.960073
5615	10.960073
5616	10.960073
5617	10.960073
5618	10.960073
5619	10.960073
5620	10.960073
5621	10.960073
5622	10.960073
5623	10.960073
5624	10.960073
5625	10.960073
5626	10.960073
5627	10.960073
5628	10.960073
5629	10.960073
5630	10.960073
5631	10.960073
5632	10.960073
5633	10.960073
5634	10.960073
5635	10.960073
5636	10.960073
5637	10.960073
5638	10.960073
5639	10.960073
5640	10.960073
5641	10.960073
5642	10.960073
5643	10.960073
5644	10.960073
5645	10.960073
5646	10.960073
5647	10.960073
5648	10.960073
5649	10.960073
5650	10.960073
5651	10.960073
5652	10.960073
5653	10.960073
5654	10.960073
5655	10.960073
5656	10.960073
5657	10.960073
5658	10.960073
5659	10.960073
5660	10.960073
5661	10.960073
5662	10.960073
5663	10.960073
5664	10.960073
5665	10.960073
5666	10.960073
5667	10.960073
5668	10.960073
5669	10.960073
5670	10.960073
5671	10.960073
5672	10.960073
5673	10.960073
5674	10.960073
5675	10.960073
5676	10.960073
5677	10.960073
5678	10.960073
5679	10.960073
5680	10.960073
5681	10.960073
5682	10.960073
5683	10.960073
5684	10.960073
5685	10.960073
5686	10.960073
5687	10.960073
5688	10.960073
5689	10.960073
5690	10.960073
5691	10.960073
5692	10.960073
5693	10.960073
5694	10.960073
5695	10.960073
5696	10.960073
5697	10.960073
5698	10.960073
5699	10.960073
5700	10.960073
5701	10.960073
5702	10.960073
5703	10.960073
5704	10.960073
5705	10.960073
5706	10.960073
5707	10.960073
5708	10.960073
5709	10.960073
5710	10.960073
5711	10.960073
5712	10.960073
5713	10.960073
5714	10.960073
5715	10.960073
5716	10.960073
5717	10.960073
5718	10.960073
5719	10.960073
5720	10.960073
5721	10.960073
5722	10.960073
5723	10.960073
5724	10.960073
5725	10.960073
5726	10.960073
5727	10.960073
5728	10.960073
5729	10.960073
5730	10.960073
5731	10.960073
5732	10.960073
5733	10.960073
5734	10.960073
5735	10.960073
5736	10.960073
5737	10.960073
5738	10.960073
5739	10.960073
5740	10.960073
5741	10.960073
5742	10.960073
5743	10.960073
5744	10.960073
5745	10.960073
5746	10.960073
5747	10.960073
5748	10.960073
5749	10.960073
5750	10.960073
5751	10.960073
5752	10.960073
5753	10.960073
5754	10.960073
5755	10.960073
5756	10.960073
5757	10.960073
5758	10.960073
5759	10.960073
5760	10.960073
5761	10.960073
5762	10.960073
5763	10.960073
5764	10.960073
5765	10.960073
5766	10.960073
5767	10.960073
5768	10.960073
5769	10.960073
5770	10.960073
5771	10.960073
5772	10.960073
5773	10.960073
5774	10.960073
5775	10.960073
5776	10.960073
5777	10.960073
5778	10.960073
5779	10.960073
5780	10.960073
5781	10.960073
5782	10.960073
5783	10.960073
5784	10.960073
5785	10.960073
5786	10.960073
5787	10.960073
5788	10.960073
5789	10.960073
5790	10.960073
5791	10.960073
5792	10.960073
5793	10.960073
5794	10.960073
5795	10.960073
5796	10.960073
5797	10.960073
5798	10.960073
5799	10.960073
5800	10.960073
5801	10.960073
5802	10.960073
5803	10.960073
5804	10.960073
5805	10.960073
5806	10.960073
5807	10.960073
5808	10.960073
5809	10.960073
5810	10.960073
5811	10.960073
5812	10.960073
5813	10.960073
5814	10.960073
5815	10.960073
5816	10.960073
5817	10.960073
5818	10.960073
5819	10.960073
5820	10.960073
5821	10.960073
5822	10.960073
5823	10.960073
5824	10.960073
5825	10.960073
5826	10.960073
5827	10.960073
5828	10.960073
5829	10.960073
5830	10.960073
5831	10.960073
5832	10.960073
5833	10.960073
5834	10.960073
5835	10.960073
5836	10.960073
5837	10.960073
5838	10.960073
5839	10.960073
5840	10.960073
5841	10.960073
5842	10.960073
5843	10.960073
5844	10.960073
5845	10.960073
5846	10.960073
5847	10.960073
5848	10.960073
5849	10.960073
5850	10.960073
5851	10.960073
5852	10.960073
5853	10.960073
5854	10.960073
5855	10.960073
5856	10.960073
5857	10.960073
5858	10.960073
5859	10.960073
5860	10.960073
5861	10.960073
5862	10.960073
5863	10.960073
5864	10.960073
5865	10.960073
5866	10.960073
5867	10.960073
5868	10.960073
5869	10.960073
5870	10.960073
5871	10.960073
5872	10.960073
5873	10.960073
5874	10.960073
5875	10.960073
5876	10.960073
5877	10.960073
5878	10.960073
5879	10.960073
5880	10.960073
5881	10.960073
5882	10.960073
5883	10.960073
5884	10.960073
5885	10.960073
5886	10.960073
5887	10.960073
5888	10.960073
5889	10.960073
5890	10.960073
5891	10.960073
5892	10.960073
5893	10.960073
5894	10.960073
5895	10.960073
5896	10.960073
5897	10.960073
5898	10.960073
5899	10.960073
5900	10.960073
5901	10.960073
5902	10.960073
5903	10.960073
5904	10.960073
5905	10.960073
5906	10.960073
5907	10.960073
5908	10.960073
5909	10.960073
5910	10.960073
5911	10.960073
5912	10.960073
5913	10.960073
5914	10.960073
5915	10.960073
5916	10.960073
5917	10.960073
5918	10.960073
5919	10.960073
5920	10.960073
5921	10.960073
5922	10.960073
5923	10.960073
5924	10.960073
5925	10.960073
5926	10.960073
5927	10.960073
5928	10.960073
5929	10.960073
5930	10.960073
5931	10.960073
5932	10.960073
5933	10.960073
5934	10.960073
5935	10.960073
5936	10.960073
5937	10.960073
5938	10.960073
5939	10.960073
5940	10.960073
5941	10.960073
5942	10.960073
5943	10.960073
5944	10.960073
5945	10.960073
5946	10.960073
5947	10.960073
5948	10.960073
5949	10.960073
5950	10.960073
5951	10.960073
5952	10.960073
5953	10.960073
5954	10.960073
5955	10.960073
5956	10.960073
5957	10.960073
5958	10.960073
5959	10.960073
5960	10.960073
5961	10.960073
5962	10.960073
5963	10.960073
5964	10.960073
5965	10.960073
5966	10.960073
5967	10.960073
5968	10.960073
5969	10.960073
5970	10.960073
5971	10.960073
5972	10.960073
5973	10.960073
5974	10.960073
5975	10.960073
5976	10.960073
5977	10.960073
5978	10.960073
5979	10.960073
5980	10.960073
5981	10.960073
5982	10.960073
5983	10.960073
5984	10.960073
5985	10.960073
5986	10.960073
5987	10.960073
5988	10.960073
5989	10.960073
5990	10.960073
5991	10.960073
5992	10.960073
5993	10.960073
5994	10.960073
5995	10.960073
5996	10.960073
5997	10.960073
5998	10.960073
5999	10.960073
6000	10.960073
6001	10.960073
6002	10.960073
6003	10.960073
6004	10.960073
6005	10.960073
6006	10.960073
6007	10.960073
6008	10.960073
6009	10.960073
6010	10.960073
6011	10.960073
6012	10.960073
6013	10.960073
6014	10.960073
6015	10.960073
6016	10.960073
6017	10.960073
6018	10.960073
6019	10.960073
6020	10.960073
6021	10.960073
6022	10.960073
6023	10.960073
6024	10.960073
6025	10.960073
6026	10.960073
6027	10.960073
6028	10.960073
6029	10.960073
6030	10.960073
6031	10.960073
6032	10.960073
6033	10.960073
6034	10.960073
6035	10.960073
6036	10.960073
6037	10.960073
6038	10.960073
6039	10.960073
6040	10.960073
6041	10.960073
6042	10.960073
6043	10.960073
6044	10.960073
6045	10.960073
6046	10.960073
6047	10.960073
6048	10.960073
6049	10.960073
6050	10.960073
6051	10.960073
6052	10.960073
6053	10.960073
6054	10.960073
6055	10.960073
6056	10.960073
6057	10.960073
6058	10.960073
6059	10.960073
6060	10.960073
6061	10.960073
6062	10.960073
6063	10.960073
6064	10.960073
6065	10.960073
6066	10.960073
6067	10.960073
6068	10.960073
6069	10.960073
6070	10.960073
6071	10.960073
6072	10.960073
6073	10.960073
6074	10.960073
6075	10.960073
6076	10.960073
6077	10.960073
6078	10.960073
6079	10.960073
6080	10.960073
6081	10.960073
6082	10.960073
6083	10.960073
6084	10.960073
6085	10.960073
6086	10.960073
6087	10.960073
6088	10.960073
6089	10.960073
6090	10.960073
6091	10.960073
6092	10.960073
6093	10.960073
6094	10.960073
6095	10.960073
6096	10.960073
