1	7.01849
2	7.080746
3	6.878189
4	6.881162
5	7.096944
6	7.098688
7	7.092823
8	7.110023
9	7.125167
10	7.149917
11	7.158751
12	7.173682
13	7.173682
14	7.230288
15	7.271298
16	7.260445
17	7.254001
18	7.293745
19	7.353176
20	7.353176
21	7.353176
22	7.353176
23	7.409139
24	7.235259
25	7.235259
26	7.307824
27	7.479814
28	7.566922
29	7.575979
30	7.645985
31	7.652665
32	7.652665
33	7.663825
34	7.76707
35	7.61083
36	7.61083
37	7.631536
38	7.693464
39	7.687157
40	7.701061
41	7.770811
42	7.785822
43	7.951133
44	7.976497
45	8.093254
46	8.093254
47	7.539884
48	7.539884
49	7.565377
50	7.588813
51	7.595737
52	7.632766
53	7.663211
54	7.663211
55	7.674826
56	7.721278
57	7.731883
58	7.794899
59	7.810709
60	7.72423
61	7.684734
62	7.697694
63	7.732834
64	7.735693
65	7.735693
66	7.735693
67	7.735693
68	7.758837
69	7.739196
70	7.984183
71	8.053031
72	8.053031
73	8.081321
74	8.081321
75	8.104295
76	8.104295
77	8.16728
78	8.219484
79	8.219484
80	8.151889
81	8.119393
82	8.119393
83	8.139027
84	8.147867
85	8.111867
86	8.12241
87	8.12241
88	8.171074
89	8.179021
90	8.172353
91	8.184409
92	8.184409
93	8.294521
94	8.301433
95	8.303613
96	8.305519
97	8.419489
98	8.43253
99	8.478706
100	8.479996
101	8.19859
102	8.18865
103	8.18865
104	8.18865
105	8.000791
106	8.003815
107	8.213593
108	8.234633
109	8.235787
110	8.250907
111	8.35118
112	8.318492
113	8.05863
114	8.146055
115	8.146055
116	8.149781
117	8.299153
118	8.520065
119	8.551583
120	8.698377
121	8.698377
122	8.683028
123	8.693258
124	8.708018
125	8.950842
126	8.950842
127	8.952249
128	8.907321
129	8.910102
130	8.86431
131	8.86431
132	8.86431
133	8.86431
134	8.86431
135	8.86431
136	8.866986
137	8.835862
138	8.835862
139	8.836618
140	8.836618
141	8.836618
142	8.753503
143	8.754214
144	8.782959
145	8.460199
146	8.460199
147	8.466139
148	8.496739
149	8.496739
150	8.549155
151	8.551061
152	8.72837
153	8.72837
154	8.931679
155	8.847362
156	8.847362
157	8.916098
158	9.079315
159	9.079315
160	9.079315
161	9.079315
162	9.083454
163	9.083454
164	9.083454
165	9.083454
166	9.083454
167	9.083454
168	9.088474
169	9.08941
170	9.15149
171	9.163154
172	9.163154
173	9.170224
174	9.165204
175	9.165204
176	9.216592
177	9.216592
178	9.216592
179	9.157086
180	9.157086
181	9.220716
182	9.459396
183	9.459396
184	9.459396
185	9.459396
186	9.459396
187	9.459396
188	9.459396
189	9.459396
190	9.459396
191	9.459396
192	9.459396
193	9.459396
194	9.459396
195	9.459396
196	9.459396
197	9.459396
198	9.444037
199	9.741709
200	9.71258
201	9.71258
202	9.763102
203	9.763102
204	9.567719
205	9.506483
206	9.506483
207	9.506483
208	9.506483
209	9.567719
210	9.250858
211	9.297793
212	9.187943
213	9.204091
214	9.204091
215	9.204091
216	9.208042
217	9.297793
218	9.315693
219	9.329623
220	9.32864
221	9.32864
222	9.32864
223	9.32864
224	9.32864
225	9.32864
226	9.32864
227	9.348107
228	9.316589
229	9.323753
230	9.336701
231	9.311332
232	9.244721
233	9.244721
234	9.137554
235	9.055741
236	9.060217
237	9.060217
238	9.060217
239	9.136821
240	9.136821
241	9.1464
242	9.331342
243	9.331154
244	9.384374
245	9.386961
246	9.386961
247	9.386961
248	9.497406
249	9.497406
250	9.51933
251	9.51933
252	9.51933
253	9.51933
254	9.51933
255	9.627941
256	9.627941
257	9.610328
258	9.610328
259	9.619289
260	9.619289
261	9.619289
262	9.410758
263	9.29212
264	9.270181
265	9.288829
266	9.288829
267	9.270181
268	9.270181
269	9.257242
270	9.202714
271	9.199556
272	9.193972
273	9.193972
274	9.22241
275	9.267215
276	9.158604
277	9.151042
278	9.151042
279	8.89394
280	8.89394
281	8.879729
282	8.887291
283	8.887291
284	8.887291
285	8.907907
286	8.907907
287	9.032485
288	9.032485
289	9.032485
290	9.101553
291	9.137321
292	9.134734
293	9.134734
294	9.114118
295	9.242374
296	9.242374
297	9.455707
298	9.455707
299	9.455707
300	9.455707
301	9.455707
302	9.455707
303	9.153236
304	9.164529
305	9.153385
306	8.985063
307	8.985063
308	8.998002
309	9.14306
310	9.108483
311	9.155282
312	9.155282
313	9.155282
314	9.155282
315	9.020957
316	9.020957
317	8.973171
318	8.973171
319	8.979811
320	8.979811
321	8.979811
322	8.979811
323	8.973244
324	8.973244
325	9.097022
326	9.097022
327	8.995733
328	8.995733
329	8.995733
330	8.995733
331	8.995733
332	8.712563
333	8.712563
334	8.79475
335	8.485257
336	8.485257
337	8.42877
338	8.346583
339	8.258301
340	8.823363
341	8.966551
342	9.023038
343	9.023038
344	9.052134
345	9.052134
346	9.052134
347	9.052134
348	9.211406
349	9.276351
350	9.232218
351	9.232218
352	9.232218
353	9.232218
354	9.241571
355	9.241571
356	9.241571
357	9.134751
358	9.134751
359	9.258373
360	9.232657
361	9.232657
362	9.232657
363	9.253912
364	9.253912
365	9.253912
366	9.253912
367	9.253912
368	9.200502
369	9.200502
370	9.267567
371	9.299127
372	9.299127
373	9.299127
374	9.299127
375	9.299127
376	9.299127
377	9.299127
378	9.299127
379	9.291944
380	9.25445
381	9.261737
382	9.257011
383	9.257011
384	9.257011
385	9.222844
386	9.54973
387	9.560874
388	9.560874
389	9.560874
390	9.560874
391	9.560874
392	9.568334
393	9.558981
394	9.558981
395	9.558981
396	9.558981
397	9.558981
398	9.558981
399	9.558981
400	9.558981
401	9.558981
402	9.558981
403	9.46851
404	9.458878
405	9.458878
406	9.481365
407	9.481365
408	9.481365
409	9.492881
410	9.486039
411	9.486039
412	9.486039
413	9.489677
414	9.542191
415	9.542191
416	9.552141
417	9.552141
418	9.552141
419	9.552141
420	9.552141
421	9.479997
422	9.479997
423	9.552141
424	9.552141
425	9.615981
426	9.615981
427	9.620457
428	9.620457
429	9.620457
430	9.620457
431	9.620457
432	9.620457
433	9.620457
434	9.597002
435	9.69487
436	9.725299
437	9.500518
438	9.500518
439	9.500518
440	9.586257
441	9.586257
442	9.586257
443	9.687345
444	9.684156
445	9.684156
446	9.684156
447	9.684156
448	9.67968
449	9.578592
450	9.558422
451	9.558422
452	9.558422
453	9.559488
454	9.559488
455	9.559488
456	9.559488
457	9.559488
458	9.559488
459	9.559488
460	9.559488
461	9.561621
462	9.561621
463	9.561621
464	9.561621
465	9.561621
466	9.601406
467	9.601406
468	9.601406
469	9.626945
470	9.633143
471	9.656795
472	9.656795
473	9.773457
474	9.773457
475	9.773457
476	9.773457
477	9.773457
478	9.836938
479	9.836938
480	9.836938
481	9.813286
482	9.813286
483	9.821026
484	9.821026
485	9.821026
486	9.821026
487	9.821026
488	9.821026
489	9.821026
490	9.821026
491	9.821026
492	9.821026
493	9.813286
494	9.813286
495	9.836938
496	9.836938
497	9.836938
498	9.836938
499	9.883796
500	9.883796
501	9.883796
502	9.883796
503	9.883796
504	9.883796
505	9.883796
506	9.883796
507	9.93213
508	9.93213
509	10.183432
510	10.183432
511	10.181299
512	10.181299
513	10.181299
514	10.181299
515	10.158812
516	10.163288
517	10.163288
518	10.163288
519	10.163288
520	10.163288
521	10.163288
522	10.163288
523	10.163288
524	10.163288
525	10.190102
526	10.190102
527	10.190102
528	10.185626
529	10.185626
530	10.185626
531	10.20672
532	10.20672
533	10.20672
534	10.20672
535	10.20672
536	10.198399
537	10.198399
538	10.171375
539	10.171375
540	10.160231
541	10.160231
542	10.160231
543	10.160231
544	10.160231
545	10.160231
546	10.160231
547	10.160231
548	10.193862
549	10.193862
550	10.195995
551	10.195995
552	10.138394
553	10.138394
554	10.138394
555	10.149845
556	10.149845
557	10.149845
558	10.149845
559	10.149845
560	10.139895
561	10.139895
562	10.139895
563	10.139895
564	10.139895
565	10.139895
566	10.139895
567	10.139895
568	10.139895
569	10.139895
570	10.122184
571	10.122184
572	10.122184
573	10.122184
574	10.122184
575	10.122184
576	10.138849
577	10.138849
578	10.138849
579	10.138849
580	10.097258
581	10.097258
582	10.097258
583	10.097258
584	10.097258
585	10.097258
586	10.097258
587	10.097258
588	10.097258
589	10.097258
590	10.097258
591	10.097258
592	10.097258
593	10.097258
594	10.097258
595	10.139048
596	10.139048
597	10.139048
598	10.139048
599	10.139048
600	10.139048
601	10.139048
602	10.139048
603	10.156759
604	10.156759
605	10.156759
606	10.156759
607	10.156759
608	10.176858
609	10.176858
610	10.176858
611	10.176858
612	10.176858
613	10.176858
614	10.176858
615	10.176858
616	10.176858
617	10.176858
618	10.176858
619	10.176858
620	10.176858
621	10.186211
622	10.186211
623	10.186211
624	10.186211
625	10.186211
626	10.186211
627	10.186211
628	10.186211
629	10.186211
630	10.186211
631	10.186211
632	10.186211
633	10.186211
634	10.186211
635	10.186211
636	10.186211
637	10.186211
638	10.186211
639	10.186211
640	10.186211
641	10.186211
642	10.186211
643	10.186211
644	10.206886
645	10.206886
646	10.206886
647	10.206886
648	10.206886
649	10.206886
650	10.206886
651	10.206886
652	10.206886
653	10.206886
654	10.206886
655	10.206886
656	10.24284
657	10.24284
658	10.24284
659	10.24284
660	10.24284
661	10.24284
662	10.24284
663	10.24284
664	10.300441
665	10.300441
666	10.300441
667	10.300441
668	10.300441
669	10.300441
670	10.300441
671	10.300441
672	10.387205
673	10.387205
674	10.387205
675	10.387205
676	10.387205
677	10.387205
678	10.387205
679	10.387205
680	10.387205
681	10.387205
682	10.387205
683	10.387205
684	10.387205
685	10.387205
686	10.387205
687	10.387205
688	10.35437
689	10.35437
690	10.35437
691	10.35437
692	10.455851
693	10.455851
694	10.455851
695	10.455851
696	10.455851
697	10.455851
698	10.455851
699	10.451738
700	10.428278
701	10.428278
702	10.428278
703	10.401612
704	10.399351
705	10.399351
706	10.399351
707	10.486777
708	10.486777
709	10.486777
710	10.486777
711	10.486777
712	10.510237
713	10.510237
714	10.510237
715	10.510237
716	10.468447
717	10.468447
718	10.468447
719	10.468447
720	10.468447
721	10.468447
722	10.536054
723	10.536054
724	10.56272
725	10.56272
726	10.56272
727	10.56272
728	10.56272
729	10.56272
730	10.56272
731	10.56272
732	10.56272
733	10.536253
734	10.536253
735	10.536253
736	10.536253
737	10.536253
738	10.536253
739	10.536253
740	10.536253
741	10.536253
742	10.536253
743	10.536253
744	10.536253
745	10.536253
746	10.536253
747	10.536253
748	10.536253
749	10.536253
750	10.536253
751	10.552173
752	10.552173
753	10.552173
754	10.552173
755	10.552173
756	10.552173
757	10.552173
758	10.552173
759	10.552173
760	10.552173
761	10.552173
762	10.552173
763	10.552173
764	10.552173
765	10.552173
766	10.552173
767	10.552173
768	10.552173
769	10.552173
770	10.552173
771	10.552173
772	10.552173
773	10.552173
774	10.552173
775	10.552173
776	10.552173
777	10.552173
778	10.552173
779	10.552173
780	10.552173
781	10.552173
782	10.552173
783	10.552173
784	10.552173
785	10.552173
786	10.552173
787	10.552173
788	10.552173
789	10.552173
790	10.552173
791	10.552173
792	10.552173
793	10.552173
794	10.552173
795	10.552173
796	10.552173
797	10.552173
798	10.552173
799	10.552173
800	10.552173
801	10.552173
802	10.552173
803	10.552173
804	10.552173
805	10.552173
806	10.552173
807	10.556286
808	10.556286
809	10.556286
810	10.556286
811	10.556286
812	10.556286
813	10.556286
814	10.556286
815	10.556286
816	10.556286
817	10.556286
818	10.556286
819	10.556286
820	10.556286
821	10.556286
822	10.556286
823	10.556286
824	10.556286
825	10.556286
826	10.556286
827	10.556286
828	10.556286
829	10.556286
830	10.556286
831	10.556286
832	10.556286
833	10.556286
834	10.556286
835	10.556286
836	10.556286
837	10.556286
838	10.556286
839	10.556286
840	10.556286
841	10.556286
842	10.556286
843	10.556286
844	10.556286
845	10.556286
846	10.556286
847	10.556286
848	10.556286
849	10.556286
850	10.556286
851	10.556286
852	10.556286
853	10.556286
854	10.556286
855	10.556286
856	10.5535
857	10.5535
858	10.5535
859	10.5535
860	10.5535
861	10.5535
862	10.5535
863	10.5535
864	10.5535
865	10.5535
866	10.5535
867	10.5535
868	10.5535
869	10.5535
870	10.5535
871	10.5535
872	10.5535
873	10.5535
874	10.5535
875	10.5535
876	10.5535
877	10.5535
878	10.5535
879	10.5535
880	10.5535
881	10.5535
882	10.5535
883	10.5535
884	10.5535
885	10.5535
886	10.5535
887	10.5535
888	10.5535
889	10.556286
890	10.556286
891	10.556286
892	10.556286
893	10.556286
894	10.556286
895	10.556286
896	10.556286
897	10.556286
898	10.556286
899	10.556286
900	10.556286
901	10.556286
902	10.556286
903	10.556286
904	10.556286
905	10.556286
906	10.556286
907	10.556286
908	10.556286
909	10.556286
910	10.556286
911	10.556286
912	10.556286
913	10.556286
914	10.556286
915	10.556286
916	10.556286
917	10.556286
918	10.556286
919	10.547928
920	10.547928
921	10.547928
922	10.547928
923	10.547928
924	10.547928
925	10.547928
926	10.547928
927	10.547928
928	10.547928
929	10.547928
930	10.547928
931	10.547928
932	10.547928
933	10.547928
934	10.547928
935	10.5734
936	10.5734
937	10.5734
938	10.566435
939	10.566435
940	10.566435
941	10.566435
942	10.566435
943	10.566435
944	10.566435
945	10.566435
946	10.566435
947	10.566435
948	10.566435
949	10.566435
950	10.566435
951	10.566435
952	10.566435
953	10.566435
954	10.566435
955	10.566435
956	10.566435
957	10.566435
958	10.566435
959	10.566435
960	10.566435
961	10.566435
962	10.566435
963	10.566435
964	10.550515
965	10.550515
966	10.550515
967	10.550515
968	10.550515
969	10.550515
970	10.552776
971	10.552776
972	10.552776
973	10.552776
974	10.552776
975	10.552776
976	10.552776
977	10.552776
978	10.552776
979	10.552776
980	10.552776
981	10.552776
982	10.552776
983	10.552776
984	10.552776
985	10.552776
986	10.552776
987	10.552776
988	10.552776
989	10.552776
990	10.552776
991	10.552776
992	10.552776
993	10.552776
994	10.552776
995	10.552776
996	10.552776
997	10.552776
998	10.552776
999	10.552776
1000	10.552776
1001	10.552776
1002	10.552776
1003	10.552776
1004	10.552776
1005	10.552776
1006	10.552776
1007	10.552776
1008	10.552776
1009	10.552776
1010	10.552776
1011	10.552776
1012	10.552776
1013	10.552776
1014	10.552776
1015	10.552776
1016	10.552776
1017	10.552776
1018	10.552776
1019	10.552776
1020	10.552776
1021	10.552776
1022	10.552776
1023	10.552776
1024	10.552776
1025	10.552776
1026	10.552776
1027	10.552776
1028	10.552776
1029	10.552776
1030	10.552776
1031	10.552776
1032	10.552776
1033	10.552776
1034	10.552776
1035	10.552776
1036	10.552776
1037	10.552776
1038	10.552776
1039	10.552776
1040	10.552776
1041	10.552776
1042	10.552776
1043	10.552776
1044	10.552776
1045	10.552776
1046	10.552776
1047	10.552776
1048	10.552776
1049	10.552776
1050	10.552776
1051	10.552776
1052	10.552776
1053	10.552776
1054	10.552776
1055	10.552776
1056	10.561134
1057	10.561134
1058	10.561134
1059	10.561134
1060	10.561134
1061	10.561134
1062	10.561134
1063	10.561134
1064	10.561134
1065	10.561134
1066	10.561134
1067	10.561134
1068	10.561134
1069	10.561134
1070	10.561134
1071	10.561134
1072	10.561134
1073	10.561134
1074	10.561134
1075	10.561134
1076	10.561134
1077	10.561134
1078	10.561134
1079	10.561134
1080	10.561134
1081	10.561134
1082	10.561134
1083	10.561134
1084	10.572672
1085	10.572672
1086	10.572672
1087	10.572672
1088	10.572672
1089	10.572672
1090	10.572672
1091	10.572672
1092	10.572672
1093	10.572672
1094	10.572672
1095	10.572672
1096	10.572672
1097	10.572672
1098	10.572672
1099	10.572672
1100	10.572672
1101	10.572672
1102	10.572672
1103	10.572672
1104	10.572672
1105	10.572672
1106	10.572672
1107	10.572672
1108	10.572672
1109	10.572672
1110	10.566032
1111	10.566032
1112	10.566032
1113	10.566032
1114	10.566032
1115	10.566032
1116	10.566032
1117	10.566032
1118	10.566032
1119	10.566032
1120	10.566032
1121	10.566032
1122	10.566032
1123	10.566032
1124	10.566032
1125	10.566032
1126	10.566032
1127	10.566032
1128	10.566032
1129	10.603643
1130	10.603643
1131	10.603643
1132	10.603643
1133	10.603643
1134	10.603643
1135	10.603643
1136	10.603643
1137	10.603643
1138	10.603643
1139	10.603643
1140	10.603643
1141	10.603643
1142	10.603643
1143	10.603643
1144	10.603643
1145	10.603643
1146	10.603643
1147	10.603643
1148	10.603643
1149	10.603643
1150	10.603643
1151	10.603643
1152	10.603643
1153	10.603643
1154	10.603643
1155	10.603643
1156	10.603643
1157	10.603643
1158	10.603643
1159	10.603643
1160	10.603643
1161	10.603643
1162	10.603643
1163	10.603643
1164	10.603643
1165	10.603643
1166	10.603643
1167	10.603643
1168	10.603643
1169	10.631901
1170	10.631901
1171	10.631901
1172	10.631901
1173	10.631901
1174	10.631901
1175	10.631901
1176	10.631901
1177	10.631901
1178	10.631901
1179	10.631901
1180	10.631901
1181	10.631901
1182	10.631901
1183	10.631901
1184	10.631901
1185	10.631901
1186	10.631901
1187	10.631901
1188	10.631901
1189	10.631901
1190	10.631901
1191	10.631901
1192	10.631901
1193	10.631901
1194	10.631901
1195	10.631901
1196	10.631901
1197	10.631901
1198	10.631901
1199	10.631901
1200	10.631901
1201	10.631901
1202	10.631901
1203	10.631901
1204	10.631901
1205	10.631901
1206	10.631901
1207	10.631901
1208	10.631901
1209	10.631901
1210	10.631901
1211	10.631901
1212	10.631901
1213	10.631901
1214	10.631901
1215	10.631901
1216	10.631901
1217	10.631901
1218	10.631901
1219	10.631901
1220	10.631901
1221	10.631901
1222	10.631901
1223	10.631901
1224	10.631901
1225	10.631901
1226	10.631901
1227	10.631901
1228	10.631901
1229	10.631901
1230	10.631901
1231	10.631901
1232	10.631901
1233	10.631901
1234	10.631901
1235	10.631901
1236	10.631901
1237	10.631901
1238	10.631901
1239	10.631901
1240	10.631901
1241	10.631901
1242	10.638541
1243	10.638541
1244	10.638541
1245	10.638541
1246	10.638541
1247	10.638541
1248	10.638541
1249	10.638541
1250	10.638541
1251	10.638541
1252	10.638541
1253	10.638541
1254	10.638541
1255	10.638541
1256	10.638541
1257	10.638541
1258	10.638541
1259	10.638541
1260	10.638541
1261	10.638541
1262	10.638541
1263	10.638541
1264	10.638541
1265	10.638541
1266	10.638541
1267	10.638541
1268	10.638541
1269	10.638541
1270	10.638541
1271	10.638541
1272	10.638541
1273	10.638541
1274	10.638541
1275	10.638541
1276	10.638541
1277	10.638541
1278	10.638541
1279	10.638541
1280	10.638541
1281	10.638541
1282	10.638541
1283	10.638541
1284	10.638541
1285	10.638541
1286	10.638541
1287	10.638541
1288	10.638541
1289	10.638541
1290	10.638541
1291	10.638541
1292	10.638541
1293	10.638541
1294	10.638541
1295	10.638541
1296	10.638541
1297	10.638541
1298	10.638541
1299	10.638541
1300	10.638541
1301	10.638541
1302	10.638541
1303	10.638541
1304	10.638541
1305	10.638541
1306	10.638541
1307	10.638541
1308	10.638541
1309	10.638541
1310	10.638541
1311	10.638541
1312	10.638541
1313	10.638541
1314	10.638541
1315	10.638541
1316	10.638541
1317	10.638541
1318	10.638541
1319	10.638541
1320	10.638541
1321	10.638541
1322	10.638541
1323	10.638541
1324	10.638541
1325	10.638541
1326	10.638541
1327	10.638541
1328	10.638541
1329	10.638541
1330	10.638541
1331	10.638541
1332	10.638541
1333	10.638541
1334	10.638541
1335	10.638541
1336	10.638541
1337	10.638541
1338	10.638541
1339	10.638541
1340	10.638541
1341	10.638541
1342	10.638541
1343	10.638541
1344	10.638541
1345	10.638541
1346	10.638541
1347	10.638541
1348	10.638541
1349	10.638541
1350	10.638541
1351	10.638541
1352	10.638541
1353	10.638541
1354	10.638541
1355	10.638541
1356	10.638541
1357	10.638541
1358	10.638541
1359	10.638541
1360	10.638541
1361	10.638541
1362	10.638541
1363	10.638541
1364	10.638541
1365	10.638541
1366	10.638541
1367	10.638541
1368	10.638541
1369	10.638541
1370	10.638541
1371	10.638541
1372	10.638541
1373	10.638541
1374	10.638541
1375	10.638541
1376	10.638541
1377	10.638541
1378	10.638541
1379	10.638541
1380	10.638541
1381	10.638541
1382	10.638541
1383	10.638541
1384	10.638541
1385	10.638541
1386	10.638541
1387	10.638541
1388	10.638541
1389	10.638541
1390	10.638541
1391	10.638541
1392	10.638541
1393	10.638541
1394	10.638541
1395	10.638541
1396	10.638541
1397	10.638541
1398	10.638541
1399	10.638541
1400	10.638541
1401	10.638541
1402	10.638541
1403	10.638541
1404	10.638541
1405	10.638541
1406	10.638541
1407	10.638541
1408	10.638541
1409	10.638541
1410	10.638541
1411	10.638541
1412	10.638541
1413	10.638541
1414	10.638541
1415	10.638541
1416	10.638541
1417	10.638541
1418	10.638541
1419	10.638541
1420	10.638541
1421	10.638541
1422	10.638541
1423	10.638541
1424	10.638541
1425	10.638541
1426	10.638541
1427	10.638541
1428	10.638541
1429	10.638541
1430	10.638541
1431	10.638541
1432	10.638541
1433	10.638541
1434	10.638541
1435	10.638541
1436	10.638541
1437	10.638541
1438	10.638541
1439	10.638541
1440	10.638541
1441	10.638541
1442	10.638541
1443	10.638541
1444	10.638541
1445	10.638541
1446	10.638541
1447	10.638541
1448	10.638541
1449	10.638541
1450	10.638541
1451	10.638541
1452	10.638541
1453	10.638541
1454	10.638541
1455	10.638541
1456	10.638541
1457	10.638541
1458	10.638541
1459	10.638541
1460	10.638541
1461	10.638541
1462	10.638541
1463	10.638541
1464	10.638541
1465	10.638541
1466	10.638541
1467	10.638541
1468	10.638541
1469	10.638541
1470	10.638541
1471	10.638541
1472	10.638541
1473	10.638541
1474	10.638541
1475	10.638541
1476	10.638541
1477	10.638541
1478	10.638541
1479	10.638541
1480	10.638541
1481	10.638541
1482	10.638541
1483	10.638541
1484	10.638541
1485	10.638541
1486	10.638541
1487	10.638541
1488	10.638541
1489	10.638541
1490	10.638541
1491	10.638541
1492	10.638541
1493	10.638541
1494	10.638541
1495	10.638541
1496	10.638541
1497	10.638541
1498	10.638541
1499	10.638541
1500	10.638541
1501	10.638541
1502	10.638541
1503	10.638541
1504	10.638541
1505	10.638541
1506	10.638541
1507	10.638541
1508	10.638541
1509	10.638541
1510	10.638541
1511	10.638541
1512	10.638541
1513	10.638541
1514	10.638541
1515	10.638541
1516	10.638541
1517	10.638541
1518	10.638541
1519	10.638541
1520	10.638541
1521	10.638541
1522	10.638541
1523	10.638541
1524	10.638541
1525	10.638541
1526	10.638541
1527	10.638541
1528	10.638541
1529	10.638541
1530	10.638541
1531	10.638541
1532	10.638541
1533	10.638541
1534	10.638541
1535	10.638541
1536	10.638541
1537	10.638541
1538	10.638541
1539	10.638541
1540	10.638541
1541	10.638541
1542	10.638541
1543	10.638541
1544	10.638541
1545	10.638541
1546	10.638541
1547	10.638541
1548	10.638541
1549	10.638541
1550	10.638541
1551	10.638541
1552	10.638541
1553	10.638541
1554	10.638541
1555	10.638541
1556	10.638541
1557	10.638541
1558	10.638541
1559	10.638541
1560	10.638541
1561	10.638541
1562	10.638541
1563	10.638541
1564	10.638541
1565	10.638541
1566	10.638541
1567	10.638541
1568	10.638541
1569	10.638541
1570	10.638541
1571	10.638541
1572	10.638541
1573	10.638541
1574	10.638541
1575	10.638541
1576	10.638541
1577	10.638541
1578	10.638541
1579	10.638541
1580	10.638541
1581	10.638541
1582	10.638541
1583	10.638541
1584	10.638541
1585	10.638541
1586	10.638541
1587	10.638541
1588	10.638541
1589	10.638541
1590	10.638541
1591	10.638541
1592	10.638541
1593	10.638541
1594	10.638541
1595	10.638541
1596	10.638541
1597	10.638541
1598	10.638541
1599	10.638541
1600	10.638541
1601	10.638541
1602	10.638541
1603	10.638541
1604	10.638541
1605	10.638541
1606	10.638541
1607	10.638541
1608	10.638541
1609	10.638541
1610	10.638541
1611	10.638541
1612	10.638541
1613	10.638541
1614	10.638541
1615	10.638541
1616	10.638541
1617	10.638541
1618	10.638541
1619	10.638541
1620	10.638541
1621	10.638541
1622	10.638541
1623	10.638541
1624	10.638541
1625	10.638541
1626	10.638541
1627	10.638541
1628	10.638541
1629	10.638541
1630	10.638541
1631	10.638541
1632	10.638541
1633	10.638541
1634	10.638541
1635	10.638541
1636	10.638541
1637	10.638541
1638	10.638541
1639	10.638541
1640	10.638541
1641	10.638541
1642	10.638541
1643	10.638541
1644	10.638541
1645	10.638541
1646	10.638541
1647	10.638541
1648	10.638541
1649	10.638541
1650	10.638541
1651	10.638541
1652	10.638541
1653	10.638541
1654	10.638541
1655	10.638541
1656	10.638541
1657	10.638541
1658	10.638541
1659	10.638541
1660	10.638541
1661	10.638541
1662	10.638541
1663	10.638541
1664	10.638541
1665	10.638541
1666	10.638541
1667	10.638541
1668	10.638541
1669	10.638541
1670	10.638541
1671	10.638541
1672	10.638541
1673	10.638541
1674	10.638541
1675	10.638541
1676	10.638541
1677	10.638541
1678	10.638541
1679	10.638541
1680	10.638541
1681	10.638541
1682	10.638541
1683	10.638541
1684	10.638541
1685	10.638541
1686	10.638541
1687	10.638541
1688	10.638541
1689	10.638541
1690	10.638541
1691	10.638541
1692	10.638541
1693	10.638541
1694	10.638541
1695	10.638541
1696	10.638541
1697	10.638541
1698	10.638541
1699	10.638541
1700	10.638541
1701	10.638541
1702	10.638541
1703	10.638541
1704	10.638541
1705	10.638541
1706	10.638541
1707	10.638541
1708	10.638541
1709	10.638541
1710	10.638541
1711	10.638541
1712	10.638541
1713	10.638541
1714	10.638541
1715	10.638541
1716	10.638541
1717	10.638541
1718	10.638541
1719	10.638541
1720	10.638541
1721	10.638541
1722	10.638541
1723	10.638541
1724	10.638541
1725	10.638541
1726	10.638541
1727	10.638541
1728	10.638541
1729	10.638541
1730	10.638541
1731	10.638541
1732	10.638541
1733	10.638541
1734	10.638541
1735	10.638541
1736	10.638541
1737	10.638541
1738	10.638541
1739	10.638541
1740	10.638541
1741	10.638541
1742	10.638541
1743	10.638541
1744	10.638541
1745	10.638541
1746	10.638541
1747	10.638541
1748	10.638541
1749	10.638541
1750	10.638541
1751	10.638541
1752	10.638541
1753	10.638541
1754	10.638541
1755	10.638541
1756	10.638541
1757	10.638541
1758	10.638541
1759	10.638541
1760	10.638541
1761	10.638541
1762	10.638541
1763	10.638541
1764	10.638541
1765	10.638541
1766	10.638541
1767	10.638541
1768	10.638541
1769	10.638541
1770	10.638541
1771	10.638541
1772	10.638541
1773	10.638541
1774	10.638541
1775	10.638541
1776	10.638541
1777	10.638541
1778	10.638541
1779	10.638541
1780	10.638541
1781	10.638541
1782	10.638541
1783	10.638541
1784	10.638541
1785	10.638541
1786	10.638541
1787	10.638541
1788	10.638541
1789	10.638541
1790	10.638541
1791	10.638541
1792	10.638541
1793	10.638541
1794	10.638541
1795	10.638541
1796	10.638541
1797	10.638541
1798	10.638541
1799	10.638541
1800	10.638541
1801	10.638541
1802	10.638541
1803	10.638541
1804	10.638541
1805	10.638541
1806	10.638541
1807	10.638541
1808	10.638541
1809	10.638541
1810	10.638541
1811	10.638541
1812	10.638541
1813	10.638541
1814	10.638541
1815	10.638541
1816	10.638541
1817	10.638541
1818	10.638541
1819	10.638541
1820	10.638541
1821	10.638541
1822	10.638541
1823	10.638541
1824	10.638541
1825	10.638541
1826	10.638541
1827	10.638541
1828	10.638541
1829	10.638541
1830	10.638541
1831	10.638541
1832	10.638541
1833	10.638541
1834	10.638541
1835	10.638541
1836	10.638541
1837	10.638541
1838	10.638541
1839	10.638541
1840	10.638541
1841	10.638541
1842	10.638541
1843	10.638541
1844	10.638541
1845	10.638541
1846	10.638541
1847	10.638541
1848	10.638541
1849	10.638541
1850	10.638541
1851	10.638541
1852	10.638541
1853	10.638541
1854	10.638541
1855	10.638541
1856	10.638541
1857	10.638541
1858	10.638541
1859	10.638541
1860	10.638541
1861	10.638541
1862	10.638541
1863	10.638541
1864	10.638541
1865	10.638541
1866	10.638541
1867	10.638541
1868	10.638541
1869	10.638541
1870	10.638541
1871	10.638541
1872	10.638541
1873	10.638541
1874	10.638541
1875	10.638541
1876	10.638541
1877	10.638541
1878	10.638541
1879	10.638541
1880	10.638541
1881	10.638541
1882	10.638541
1883	10.638541
1884	10.638541
1885	10.638541
1886	10.638541
1887	10.638541
1888	10.638541
1889	10.638541
1890	10.638541
1891	10.638541
1892	10.638541
1893	10.638541
1894	10.638541
1895	10.638541
1896	10.638541
1897	10.638541
1898	10.638541
1899	10.638541
1900	10.638541
1901	10.638541
1902	10.638541
1903	10.638541
1904	10.638541
1905	10.638541
1906	10.638541
1907	10.638541
1908	10.638541
1909	10.638541
1910	10.638541
1911	10.638541
1912	10.638541
1913	10.638541
1914	10.638541
1915	10.638541
1916	10.638541
1917	10.638541
1918	10.638541
1919	10.638541
1920	10.638541
1921	10.638541
1922	10.638541
1923	10.638541
1924	10.638541
1925	10.638541
1926	10.638541
1927	10.638541
1928	10.638541
1929	10.638541
1930	10.638541
1931	10.638541
1932	10.638541
1933	10.638541
1934	10.638541
1935	10.638541
1936	10.638541
1937	10.638541
1938	10.638541
1939	10.638541
1940	10.638541
1941	10.638541
1942	10.638541
1943	10.638541
1944	10.638541
1945	10.638541
1946	10.638541
1947	10.638541
1948	10.638541
1949	10.638541
1950	10.638541
1951	10.638541
1952	10.638541
1953	10.638541
1954	10.638541
1955	10.638541
1956	10.638541
1957	10.638541
1958	10.638541
1959	10.638541
1960	10.638541
1961	10.638541
1962	10.638541
1963	10.638541
1964	10.638541
1965	10.638541
1966	10.638541
1967	10.638541
1968	10.638541
1969	10.638541
1970	10.638541
1971	10.638541
1972	10.638541
1973	10.638541
1974	10.638541
1975	10.638541
1976	10.638541
1977	10.638541
1978	10.638541
1979	10.638541
1980	10.638541
1981	10.638541
1982	10.638541
1983	10.638541
1984	10.638541
1985	10.638541
1986	10.638541
1987	10.638541
1988	10.638541
1989	10.638541
1990	10.638541
1991	10.638541
1992	10.638541
1993	10.638541
1994	10.638541
1995	10.638541
1996	10.638541
1997	10.638541
1998	10.638541
1999	10.638541
2000	10.638541
2001	10.638541
2002	10.638541
2003	10.638541
2004	10.638541
2005	10.638541
2006	10.638541
2007	10.638541
2008	10.638541
2009	10.638541
2010	10.638541
2011	10.638541
2012	10.638541
2013	10.638541
2014	10.638541
2015	10.638541
2016	10.638541
2017	10.638541
2018	10.638541
2019	10.638541
2020	10.638541
2021	10.638541
2022	10.638541
2023	10.638541
2024	10.638541
2025	10.638541
2026	10.638541
2027	10.638541
2028	10.638541
2029	10.638541
2030	10.638541
2031	10.638541
2032	10.638541
2033	10.638541
2034	10.641117
2035	10.641117
2036	10.641117
2037	10.641117
2038	10.641117
2039	10.641117
2040	10.641117
2041	10.641117
2042	10.641117
2043	10.641117
2044	10.641117
2045	10.641117
2046	10.641117
2047	10.641117
2048	10.641117
2049	10.641117
2050	10.641117
2051	10.642014
2052	10.642014
2053	10.642014
2054	10.642014
2055	10.642014
2056	10.642014
2057	10.642014
2058	10.642014
2059	10.642014
2060	10.642014
2061	10.642014
2062	10.642014
2063	10.642014
2064	10.642014
2065	10.642014
2066	10.642014
2067	10.642014
2068	10.642014
2069	10.642014
2070	10.642014
2071	10.642014
2072	10.642014
2073	10.642014
2074	10.642014
2075	10.642014
2076	10.642014
2077	10.649817
2078	10.649817
2079	10.649817
2080	10.649817
2081	10.649817
2082	10.649817
2083	10.649817
2084	10.649817
2085	10.649817
2086	10.649817
2087	10.649817
2088	10.649817
2089	10.649817
2090	10.649817
2091	10.649817
2092	10.649817
2093	10.649817
2094	10.649817
2095	10.649817
2096	10.649817
2097	10.649817
2098	10.649817
2099	10.649817
2100	10.649817
2101	10.649817
2102	10.649817
2103	10.649817
2104	10.649817
2105	10.649817
2106	10.649817
2107	10.649817
2108	10.649817
2109	10.649817
2110	10.649817
2111	10.649817
2112	10.649817
2113	10.649817
2114	10.649817
2115	10.649817
2116	10.649817
2117	10.649817
2118	10.649817
2119	10.649817
2120	10.649817
2121	10.649817
2122	10.649817
2123	10.649817
2124	10.649817
2125	10.649817
2126	10.649817
2127	10.649817
2128	10.649817
2129	10.649817
2130	10.649817
2131	10.649817
2132	10.649817
2133	10.649817
2134	10.649817
2135	10.649817
2136	10.649817
2137	10.649817
2138	10.649817
2139	10.649817
2140	10.649817
2141	10.649817
2142	10.649817
2143	10.649817
2144	10.649817
2145	10.649817
2146	10.649817
2147	10.649817
2148	10.649817
2149	10.649817
2150	10.649817
2151	10.649817
2152	10.649817
2153	10.649817
2154	10.649817
2155	10.649817
2156	10.649817
2157	10.649817
2158	10.649817
2159	10.649817
2160	10.649817
2161	10.649817
2162	10.649817
2163	10.649817
2164	10.649817
2165	10.649817
2166	10.649817
2167	10.649817
2168	10.649817
2169	10.649817
2170	10.649817
2171	10.649817
2172	10.649817
2173	10.649817
2174	10.649817
2175	10.649817
2176	10.649817
2177	10.649817
2178	10.649817
2179	10.649817
2180	10.649817
2181	10.649817
2182	10.649817
2183	10.649817
2184	10.649817
2185	10.649817
2186	10.649817
2187	10.649817
2188	10.649817
2189	10.649817
2190	10.649817
2191	10.649817
2192	10.649817
2193	10.649817
2194	10.649817
2195	10.649817
2196	10.649817
2197	10.649817
2198	10.649817
2199	10.649817
2200	10.649817
2201	10.649817
2202	10.649817
2203	10.649817
2204	10.649817
2205	10.649817
2206	10.649817
2207	10.649817
2208	10.649817
2209	10.649817
2210	10.649817
2211	10.649817
2212	10.649817
2213	10.649817
2214	10.649817
2215	10.649817
2216	10.649817
2217	10.649817
2218	10.649817
2219	10.649817
2220	10.649817
2221	10.649817
2222	10.649817
2223	10.649817
2224	10.649817
2225	10.649817
2226	10.649817
2227	10.649817
2228	10.649817
2229	10.649817
2230	10.649817
2231	10.649817
2232	10.649817
2233	10.649817
2234	10.649817
2235	10.649817
2236	10.649817
2237	10.649817
2238	10.649817
2239	10.649817
2240	10.649817
2241	10.649817
2242	10.649817
2243	10.649817
2244	10.649817
2245	10.649817
2246	10.649817
2247	10.649817
2248	10.649817
2249	10.649817
2250	10.649817
2251	10.649817
2252	10.649817
2253	10.649817
2254	10.649817
2255	10.649817
2256	10.649817
2257	10.649817
2258	10.649817
2259	10.649817
2260	10.649817
2261	10.649817
2262	10.649817
2263	10.649817
2264	10.649817
2265	10.649817
2266	10.649817
2267	10.649817
2268	10.649817
2269	10.649817
2270	10.649817
2271	10.649817
2272	10.649817
2273	10.649817
2274	10.649817
2275	10.649817
2276	10.649817
2277	10.649817
2278	10.649817
2279	10.649817
2280	10.649817
2281	10.649817
2282	10.649817
2283	10.649817
2284	10.649817
2285	10.649817
2286	10.649817
2287	10.649817
2288	10.649817
2289	10.649817
2290	10.649817
2291	10.649817
2292	10.649817
2293	10.649817
2294	10.649817
2295	10.649817
2296	10.649817
2297	10.649817
2298	10.649817
2299	10.649817
2300	10.649817
2301	10.649817
2302	10.649817
2303	10.649817
2304	10.649817
2305	10.649817
2306	10.649817
2307	10.649817
2308	10.649817
2309	10.649817
2310	10.649817
2311	10.649817
2312	10.649817
2313	10.649817
2314	10.649817
2315	10.649817
2316	10.649817
2317	10.649817
2318	10.649817
2319	10.649817
2320	10.649817
2321	10.649817
2322	10.649817
2323	10.649817
2324	10.649817
2325	10.649817
2326	10.649817
2327	10.649817
2328	10.649817
2329	10.649817
2330	10.649817
2331	10.649817
2332	10.649817
2333	10.649817
2334	10.649817
2335	10.649817
2336	10.649817
2337	10.649817
2338	10.649817
2339	10.649817
2340	10.649817
2341	10.649817
2342	10.649817
2343	10.649817
2344	10.649817
2345	10.649817
2346	10.649817
2347	10.649817
2348	10.649817
2349	10.649817
2350	10.649817
2351	10.649817
2352	10.649817
2353	10.649817
2354	10.649817
2355	10.649817
2356	10.649817
2357	10.649817
2358	10.649817
2359	10.649817
2360	10.649817
2361	10.649817
2362	10.649817
2363	10.649817
2364	10.649817
2365	10.649817
2366	10.649817
2367	10.649817
2368	10.649817
2369	10.649817
2370	10.649817
2371	10.649817
2372	10.649817
2373	10.649817
2374	10.649817
2375	10.649817
2376	10.649817
2377	10.649817
2378	10.649817
2379	10.649817
2380	10.649817
2381	10.649817
2382	10.649817
2383	10.649817
2384	10.649817
2385	10.649817
2386	10.649817
2387	10.649817
2388	10.649817
2389	10.649817
2390	10.649817
2391	10.649817
2392	10.649817
2393	10.649817
2394	10.649817
2395	10.649817
2396	10.649817
2397	10.649817
2398	10.649817
2399	10.649817
2400	10.649817
2401	10.649817
2402	10.649817
2403	10.649817
2404	10.649817
2405	10.649817
2406	10.649817
2407	10.649817
2408	10.649817
2409	10.649817
2410	10.649817
2411	10.649817
2412	10.649817
2413	10.649817
2414	10.649817
2415	10.649817
2416	10.649817
2417	10.649817
2418	10.649817
2419	10.649817
2420	10.649817
2421	10.649817
2422	10.649817
2423	10.649817
2424	10.649817
2425	10.649817
2426	10.649817
2427	10.649817
2428	10.649817
2429	10.649817
2430	10.649817
2431	10.649817
2432	10.649817
2433	10.649817
2434	10.649817
2435	10.649817
2436	10.649817
2437	10.649817
2438	10.649817
2439	10.649817
2440	10.649817
2441	10.649817
2442	10.649817
2443	10.649817
2444	10.649817
2445	10.649817
2446	10.649817
2447	10.649817
2448	10.649817
2449	10.649817
2450	10.649817
2451	10.649817
2452	10.649817
2453	10.649817
2454	10.649817
2455	10.649817
2456	10.649817
2457	10.649817
2458	10.649817
2459	10.649817
2460	10.649817
2461	10.649817
2462	10.649817
2463	10.649817
2464	10.649817
2465	10.649817
2466	10.649817
2467	10.649817
2468	10.649817
2469	10.649817
2470	10.649817
2471	10.649817
2472	10.649817
2473	10.649817
2474	10.649817
2475	10.649817
2476	10.649817
2477	10.649817
2478	10.649817
2479	10.649817
2480	10.649817
2481	10.649817
2482	10.649817
2483	10.649817
2484	10.649817
2485	10.649817
2486	10.649817
2487	10.649817
2488	10.649817
2489	10.649817
2490	10.649817
2491	10.649817
2492	10.649817
2493	10.649817
2494	10.649817
2495	10.649817
2496	10.649817
2497	10.649817
2498	10.649817
2499	10.649817
2500	10.649817
2501	10.649817
2502	10.649817
2503	10.649817
2504	10.649817
2505	10.649817
2506	10.649817
2507	10.649817
2508	10.649817
2509	10.649817
2510	10.649817
2511	10.649817
2512	10.649817
2513	10.649817
2514	10.649817
2515	10.649817
2516	10.649817
2517	10.649817
2518	10.649817
2519	10.649817
2520	10.649817
2521	10.649817
2522	10.649817
2523	10.649817
2524	10.649817
2525	10.649817
2526	10.649817
2527	10.649817
2528	10.649817
2529	10.649817
2530	10.649817
2531	10.649817
2532	10.649817
2533	10.649817
2534	10.649817
2535	10.649817
2536	10.649817
2537	10.649817
2538	10.649817
2539	10.649817
2540	10.649817
2541	10.649817
2542	10.649817
2543	10.649817
2544	10.649817
2545	10.649817
2546	10.649817
2547	10.649817
2548	10.649817
2549	10.649817
2550	10.649817
2551	10.649817
2552	10.649817
2553	10.649817
2554	10.649817
2555	10.649817
2556	10.649817
2557	10.649817
2558	10.649817
2559	10.649817
2560	10.649817
2561	10.649817
2562	10.649817
2563	10.649817
2564	10.649817
2565	10.649817
2566	10.649817
2567	10.649817
2568	10.649817
2569	10.649817
2570	10.649817
2571	10.649817
2572	10.649817
2573	10.649817
2574	10.649817
2575	10.649817
2576	10.649817
2577	10.649817
2578	10.649817
2579	10.649817
2580	10.649817
2581	10.649817
2582	10.649817
2583	10.649817
2584	10.649817
2585	10.649817
2586	10.649817
2587	10.649817
2588	10.649817
2589	10.649817
2590	10.649817
2591	10.649817
2592	10.649817
2593	10.649817
2594	10.649817
2595	10.649817
2596	10.649817
2597	10.649817
2598	10.649817
2599	10.649817
2600	10.649817
2601	10.649817
2602	10.649817
2603	10.649817
2604	10.649817
2605	10.649817
2606	10.649817
2607	10.649817
2608	10.649817
2609	10.649817
2610	10.649817
2611	10.649817
2612	10.649817
2613	10.649817
2614	10.649817
2615	10.649817
2616	10.649817
2617	10.649817
2618	10.649817
2619	10.649817
2620	10.649817
2621	10.649817
2622	10.649817
2623	10.649817
2624	10.649817
2625	10.649817
2626	10.649817
2627	10.649817
2628	10.649817
2629	10.649817
2630	10.649817
2631	10.649817
2632	10.649817
2633	10.649817
2634	10.649817
2635	10.649817
2636	10.649817
2637	10.649817
2638	10.649817
2639	10.649817
2640	10.649817
2641	10.649817
2642	10.649817
2643	10.649817
2644	10.649817
2645	10.649817
2646	10.649817
2647	10.649817
2648	10.649817
2649	10.649817
2650	10.649817
2651	10.649817
2652	10.649817
2653	10.649817
2654	10.649817
2655	10.649817
2656	10.649817
2657	10.649817
2658	10.649817
2659	10.649817
2660	10.649817
2661	10.649817
2662	10.649817
2663	10.649817
2664	10.649817
2665	10.649817
2666	10.649817
2667	10.649817
2668	10.649817
2669	10.649817
2670	10.649817
2671	10.649817
2672	10.649817
2673	10.649817
2674	10.649817
2675	10.649817
2676	10.649817
2677	10.649817
2678	10.649817
2679	10.649817
2680	10.649817
2681	10.649817
2682	10.649817
2683	10.649817
2684	10.649817
2685	10.649817
2686	10.649817
2687	10.649817
2688	10.649817
2689	10.649817
2690	10.649817
2691	10.649817
2692	10.649817
2693	10.649817
2694	10.649817
2695	10.649817
2696	10.649817
2697	10.649817
2698	10.649817
2699	10.649817
2700	10.649817
2701	10.649817
2702	10.649817
2703	10.649817
2704	10.649817
2705	10.649817
2706	10.649817
2707	10.649817
2708	10.649817
2709	10.649817
2710	10.649817
2711	10.649817
2712	10.649817
2713	10.649817
2714	10.649817
2715	10.649817
2716	10.649817
2717	10.649817
2718	10.649817
2719	10.649817
2720	10.649817
2721	10.649817
2722	10.649817
2723	10.649817
2724	10.649817
2725	10.649817
2726	10.649817
2727	10.649817
2728	10.649817
2729	10.649817
2730	10.649817
2731	10.649817
2732	10.649817
2733	10.649817
2734	10.649817
2735	10.649817
2736	10.649817
2737	10.649817
2738	10.649817
2739	10.649817
2740	10.649817
2741	10.649817
2742	10.649817
2743	10.649817
2744	10.649817
2745	10.649817
2746	10.649817
2747	10.649817
2748	10.649817
2749	10.649817
2750	10.649817
2751	10.649817
2752	10.649817
2753	10.649817
2754	10.649817
2755	10.649817
2756	10.649817
2757	10.649817
2758	10.649817
2759	10.649817
2760	10.649817
2761	10.649817
2762	10.649817
2763	10.649817
2764	10.649817
2765	10.649817
2766	10.649817
2767	10.649817
2768	10.649817
2769	10.649817
2770	10.649817
2771	10.649817
2772	10.649817
2773	10.649817
2774	10.649817
2775	10.649817
2776	10.649817
2777	10.649817
2778	10.649817
2779	10.649817
2780	10.649817
2781	10.649817
2782	10.649817
2783	10.649817
2784	10.649817
2785	10.649817
2786	10.649817
2787	10.649817
2788	10.649817
2789	10.649817
2790	10.649817
2791	10.649817
2792	10.649817
2793	10.649817
2794	10.649817
2795	10.649817
2796	10.649817
2797	10.649817
2798	10.649817
2799	10.649817
2800	10.649817
2801	10.649817
2802	10.649817
2803	10.649817
2804	10.649817
2805	10.649817
2806	10.649817
2807	10.649817
2808	10.649817
2809	10.649817
2810	10.649817
2811	10.649817
2812	10.649817
2813	10.649817
2814	10.649817
2815	10.649817
2816	10.649817
2817	10.649817
2818	10.649817
2819	10.649817
2820	10.649817
2821	10.649817
2822	10.649817
2823	10.649817
2824	10.649817
2825	10.649817
2826	10.649817
2827	10.649817
2828	10.649817
2829	10.649817
2830	10.649817
2831	10.649817
2832	10.649817
2833	10.649817
2834	10.649817
2835	10.649817
2836	10.649817
2837	10.649817
2838	10.649817
2839	10.649817
2840	10.649817
2841	10.649817
2842	10.649817
2843	10.649817
2844	10.649817
2845	10.649817
2846	10.649817
2847	10.649817
2848	10.649817
2849	10.649817
2850	10.649817
2851	10.649817
2852	10.649817
2853	10.649817
2854	10.649817
2855	10.649817
2856	10.649817
2857	10.649817
2858	10.649817
2859	10.649817
2860	10.649817
2861	10.649817
2862	10.649817
2863	10.649817
2864	10.649817
2865	10.649817
2866	10.649817
2867	10.649817
2868	10.649817
2869	10.649817
2870	10.649817
2871	10.649817
2872	10.649817
2873	10.649817
2874	10.649817
2875	10.649817
2876	10.649817
2877	10.649817
2878	10.649817
2879	10.649817
2880	10.649817
2881	10.649817
2882	10.649817
2883	10.649817
2884	10.649817
2885	10.649817
2886	10.649817
2887	10.649817
2888	10.649817
2889	10.649817
2890	10.649817
2891	10.649817
2892	10.649817
2893	10.649817
2894	10.649817
2895	10.649817
2896	10.649817
2897	10.649817
2898	10.649817
2899	10.649817
2900	10.649817
2901	10.649817
2902	10.649817
2903	10.649817
2904	10.649817
2905	10.649817
2906	10.649817
2907	10.649817
2908	10.649817
2909	10.649817
2910	10.649817
2911	10.649817
2912	10.649817
2913	10.649817
2914	10.649817
2915	10.649817
2916	10.649817
2917	10.649817
2918	10.649817
2919	10.649817
2920	10.649817
2921	10.649817
2922	10.649817
2923	10.649817
2924	10.649817
2925	10.649817
2926	10.649817
2927	10.649817
2928	10.649817
2929	10.649817
2930	10.649817
2931	10.649817
2932	10.649817
2933	10.649817
2934	10.649817
2935	10.649817
2936	10.649817
2937	10.649817
2938	10.649817
2939	10.649817
2940	10.649817
2941	10.649817
2942	10.649817
2943	10.649817
2944	10.649817
2945	10.649817
2946	10.649817
2947	10.649817
2948	10.649817
2949	10.649817
2950	10.649817
2951	10.649817
2952	10.649817
2953	10.649817
2954	10.649817
2955	10.649817
2956	10.649817
2957	10.649817
2958	10.649817
2959	10.649817
2960	10.649817
2961	10.649817
2962	10.649817
2963	10.649817
2964	10.649817
2965	10.649817
2966	10.649817
2967	10.649817
2968	10.649817
2969	10.649817
2970	10.649817
2971	10.649817
2972	10.649817
2973	10.649817
2974	10.649817
2975	10.649817
2976	10.649817
2977	10.649817
2978	10.649817
2979	10.649817
2980	10.649817
2981	10.649817
2982	10.649817
2983	10.649817
2984	10.649817
2985	10.649817
2986	10.649817
2987	10.649817
2988	10.649817
2989	10.649817
2990	10.649817
2991	10.649817
2992	10.649817
2993	10.649817
2994	10.649817
2995	10.649817
2996	10.649817
2997	10.649817
2998	10.649817
2999	10.649817
3000	10.649817
3001	10.649817
3002	10.649817
3003	10.649817
3004	10.649817
3005	10.649817
3006	10.649817
3007	10.649817
3008	10.649817
3009	10.649817
3010	10.649817
3011	10.649817
3012	10.649817
3013	10.649817
3014	10.649817
3015	10.649817
3016	10.649817
3017	10.649817
3018	10.649817
3019	10.649817
3020	10.649817
3021	10.649817
3022	10.649817
3023	10.649817
3024	10.649817
3025	10.649817
3026	10.649817
3027	10.649817
3028	10.649817
3029	10.649817
3030	10.649817
3031	10.649817
3032	10.649817
3033	10.649817
3034	10.649817
3035	10.649817
3036	10.649817
3037	10.649817
3038	10.649817
3039	10.649817
3040	10.649817
3041	10.649817
3042	10.649817
3043	10.649817
3044	10.649817
3045	10.649817
3046	10.649817
3047	10.649817
3048	10.649817
3049	10.649817
3050	10.649817
3051	10.649817
3052	10.649817
3053	10.649817
3054	10.649817
3055	10.649817
3056	10.649817
3057	10.649817
3058	10.649817
3059	10.649817
3060	10.649817
3061	10.649817
3062	10.649817
3063	10.649817
3064	10.649817
3065	10.649817
3066	10.649817
3067	10.649817
3068	10.649817
3069	10.649817
3070	10.649817
3071	10.649817
3072	10.649817
3073	10.649817
3074	10.649817
3075	10.649817
3076	10.649817
3077	10.649817
3078	10.649817
3079	10.649817
3080	10.649817
3081	10.649817
3082	10.649817
3083	10.649817
3084	10.649817
3085	10.649817
3086	10.649817
3087	10.649817
3088	10.649817
3089	10.649817
3090	10.649817
3091	10.649817
3092	10.649817
3093	10.649817
3094	10.649817
3095	10.649817
3096	10.649817
3097	10.649817
3098	10.649817
3099	10.649817
3100	10.649817
3101	10.649817
3102	10.649817
3103	10.649817
3104	10.649817
3105	10.649817
3106	10.649817
3107	10.649817
3108	10.649817
3109	10.649817
3110	10.649817
3111	10.649817
3112	10.649817
3113	10.649817
3114	10.649817
3115	10.649817
3116	10.649817
3117	10.649817
3118	10.649817
3119	10.649817
3120	10.649817
3121	10.649817
3122	10.649817
3123	10.649817
3124	10.649817
3125	10.649817
3126	10.649817
3127	10.649817
3128	10.649817
3129	10.649817
3130	10.649817
3131	10.649817
3132	10.649817
3133	10.649817
3134	10.649817
3135	10.649817
3136	10.649817
3137	10.649817
3138	10.649817
3139	10.649817
3140	10.649817
3141	10.649817
3142	10.649817
3143	10.649817
3144	10.649817
3145	10.649817
3146	10.649817
3147	10.649817
3148	10.649817
3149	10.649817
3150	10.649817
3151	10.649817
3152	10.649817
3153	10.649817
3154	10.649817
3155	10.649817
3156	10.649817
3157	10.649817
3158	10.649817
3159	10.649817
3160	10.649817
3161	10.649817
3162	10.649817
3163	10.649817
3164	10.649817
3165	10.649817
3166	10.649817
3167	10.649817
3168	10.649817
3169	10.649817
3170	10.649817
3171	10.649817
3172	10.649817
3173	10.649817
3174	10.649817
3175	10.649817
3176	10.649817
3177	10.649817
3178	10.649817
3179	10.649817
3180	10.649817
3181	10.649817
3182	10.649817
3183	10.649817
3184	10.649817
3185	10.649817
3186	10.649817
3187	10.649817
3188	10.649817
3189	10.649817
3190	10.649817
3191	10.649817
3192	10.649817
3193	10.649817
3194	10.649817
3195	10.649817
3196	10.649817
3197	10.649817
3198	10.649817
3199	10.649817
3200	10.649817
3201	10.649817
3202	10.649817
3203	10.649817
3204	10.649817
3205	10.649817
3206	10.649817
3207	10.649817
3208	10.649817
3209	10.649817
3210	10.649817
3211	10.649817
3212	10.649817
3213	10.649817
3214	10.649817
3215	10.649817
3216	10.649817
3217	10.649817
3218	10.649817
3219	10.649817
3220	10.649817
3221	10.649817
3222	10.649817
3223	10.649817
3224	10.649817
3225	10.649817
3226	10.649817
3227	10.649817
3228	10.649817
3229	10.649817
3230	10.649817
3231	10.649817
3232	10.649817
3233	10.649817
3234	10.649817
3235	10.649817
3236	10.649817
3237	10.649817
3238	10.649817
3239	10.649817
3240	10.649817
3241	10.649817
3242	10.649817
3243	10.649817
3244	10.649817
3245	10.649817
3246	10.649817
3247	10.649817
3248	10.649817
3249	10.649817
3250	10.649817
3251	10.649817
3252	10.649817
3253	10.649817
3254	10.649817
3255	10.649817
3256	10.649817
3257	10.649817
3258	10.649817
3259	10.649817
3260	10.649817
3261	10.649817
3262	10.649817
3263	10.649817
3264	10.649817
3265	10.649817
3266	10.649817
3267	10.649817
3268	10.649817
3269	10.649817
3270	10.649817
3271	10.649817
3272	10.649817
3273	10.649817
3274	10.649817
3275	10.649817
3276	10.649817
3277	10.649817
3278	10.649817
3279	10.649817
3280	10.649817
3281	10.649817
3282	10.649817
3283	10.649817
3284	10.649817
3285	10.649817
3286	10.649817
3287	10.649817
3288	10.649817
3289	10.649817
3290	10.649817
3291	10.649817
3292	10.649817
3293	10.649817
3294	10.649817
3295	10.649817
3296	10.649817
3297	10.649817
3298	10.649817
3299	10.649817
3300	10.649817
3301	10.649817
3302	10.649817
3303	10.649817
3304	10.649817
3305	10.649817
3306	10.649817
3307	10.649817
3308	10.649817
3309	10.649817
3310	10.649817
3311	10.649817
3312	10.649817
3313	10.649817
3314	10.649817
3315	10.649817
3316	10.649817
3317	10.649817
3318	10.649817
3319	10.649817
3320	10.649817
3321	10.649817
3322	10.649817
3323	10.649817
3324	10.649817
3325	10.649817
3326	10.649817
3327	10.649817
3328	10.649817
3329	10.649817
3330	10.649817
3331	10.649817
3332	10.649817
3333	10.649817
3334	10.649817
3335	10.649817
3336	10.649817
3337	10.649817
3338	10.649817
3339	10.649817
3340	10.649817
3341	10.649817
3342	10.649817
3343	10.649817
3344	10.649817
3345	10.649817
3346	10.649817
3347	10.649817
3348	10.649817
3349	10.649817
3350	10.649817
3351	10.649817
3352	10.649817
3353	10.649817
3354	10.649817
3355	10.649817
3356	10.649817
3357	10.649817
3358	10.649817
3359	10.649817
3360	10.649817
3361	10.649817
3362	10.649817
3363	10.649817
3364	10.649817
3365	10.649817
3366	10.649817
3367	10.649817
3368	10.649817
3369	10.649817
3370	10.649817
3371	10.649817
3372	10.649817
3373	10.649817
3374	10.649817
3375	10.649817
3376	10.649817
3377	10.649817
3378	10.649817
3379	10.649817
3380	10.649817
3381	10.649817
3382	10.649817
3383	10.649817
3384	10.649817
3385	10.649817
3386	10.649817
3387	10.649817
3388	10.649817
3389	10.649817
3390	10.649817
3391	10.649817
3392	10.649817
3393	10.649817
3394	10.649817
3395	10.649817
3396	10.649817
3397	10.649817
3398	10.649817
3399	10.649817
3400	10.649817
3401	10.649817
3402	10.649817
3403	10.649817
3404	10.649817
3405	10.649817
3406	10.649817
3407	10.649817
3408	10.649817
3409	10.649817
3410	10.649817
3411	10.649817
3412	10.649817
3413	10.649817
3414	10.649817
3415	10.649817
3416	10.649817
3417	10.649817
3418	10.649817
3419	10.649817
3420	10.649817
3421	10.649817
3422	10.649817
3423	10.649817
3424	10.649817
3425	10.649817
3426	10.649817
3427	10.649817
3428	10.649817
3429	10.649817
3430	10.649817
3431	10.649817
3432	10.649817
3433	10.649817
3434	10.649817
3435	10.649817
3436	10.649817
3437	10.649817
3438	10.649817
3439	10.649817
3440	10.649817
3441	10.649817
3442	10.649817
3443	10.649817
3444	10.649817
3445	10.649817
3446	10.649817
3447	10.649817
3448	10.649817
3449	10.649817
3450	10.649817
3451	10.649817
3452	10.649817
3453	10.649817
3454	10.649817
3455	10.649817
3456	10.649817
3457	10.649817
3458	10.649817
3459	10.649817
3460	10.649817
3461	10.649817
3462	10.649817
3463	10.649817
3464	10.649817
3465	10.649817
3466	10.649817
3467	10.649817
3468	10.649817
3469	10.649817
3470	10.649817
3471	10.649817
3472	10.649817
3473	10.649817
3474	10.649817
3475	10.649817
3476	10.649817
3477	10.649817
3478	10.649817
3479	10.649817
3480	10.649817
3481	10.649817
3482	10.649817
3483	10.649817
3484	10.649817
3485	10.649817
3486	10.649817
3487	10.649817
3488	10.649817
3489	10.649817
3490	10.649817
3491	10.649817
3492	10.649817
3493	10.649817
3494	10.649817
3495	10.649817
3496	10.649817
3497	10.649817
3498	10.649817
3499	10.649817
3500	10.649817
3501	10.649817
3502	10.649817
3503	10.649817
3504	10.649817
3505	10.649817
3506	10.649817
3507	10.649817
3508	10.649817
3509	10.649817
3510	10.649817
3511	10.649817
3512	10.649817
3513	10.649817
3514	10.649817
3515	10.649817
3516	10.649817
3517	10.649817
3518	10.649817
3519	10.649817
3520	10.649817
3521	10.649817
3522	10.649817
3523	10.649817
3524	10.649817
3525	10.649817
3526	10.649817
3527	10.649817
3528	10.649817
3529	10.649817
3530	10.649817
3531	10.649817
3532	10.649817
3533	10.649817
3534	10.649817
3535	10.649817
3536	10.649817
3537	10.649817
3538	10.649817
3539	10.649817
3540	10.649817
3541	10.649817
3542	10.649817
3543	10.649817
3544	10.649817
3545	10.649817
3546	10.649817
3547	10.649817
3548	10.649817
3549	10.649817
3550	10.649817
3551	10.649817
3552	10.649817
3553	10.649817
3554	10.649817
3555	10.649817
3556	10.649817
3557	10.649817
3558	10.649817
3559	10.649817
3560	10.649817
3561	10.649817
3562	10.649817
3563	10.649817
3564	10.649817
3565	10.649817
3566	10.649817
3567	10.649817
3568	10.649817
3569	10.649817
3570	10.649817
3571	10.649817
3572	10.649817
3573	10.649817
3574	10.649817
3575	10.649817
3576	10.649817
3577	10.649817
3578	10.649817
3579	10.649817
3580	10.649817
3581	10.649817
3582	10.649817
3583	10.649817
3584	10.649817
3585	10.649817
3586	10.649817
3587	10.649817
3588	10.649817
3589	10.649817
3590	10.649817
3591	10.649817
3592	10.649817
3593	10.649817
3594	10.649817
3595	10.649817
3596	10.649817
3597	10.649817
3598	10.649817
3599	10.649817
3600	10.649817
3601	10.649817
3602	10.649817
3603	10.649817
3604	10.649817
3605	10.649817
3606	10.649817
3607	10.649817
3608	10.649817
3609	10.649817
3610	10.649817
3611	10.649817
3612	10.649817
3613	10.649817
3614	10.649817
3615	10.649817
3616	10.649817
3617	10.649817
3618	10.649817
3619	10.649817
3620	10.649817
3621	10.649817
3622	10.649817
3623	10.649817
3624	10.649817
3625	10.649817
3626	10.649817
3627	10.649817
3628	10.649817
3629	10.649817
3630	10.649817
3631	10.649817
3632	10.649817
3633	10.649817
3634	10.649817
3635	10.649817
3636	10.649817
3637	10.649817
3638	10.649817
3639	10.649817
3640	10.649817
3641	10.649817
3642	10.649817
3643	10.649817
3644	10.649817
3645	10.649817
3646	10.649817
3647	10.649817
3648	10.649817
3649	10.649817
3650	10.649817
3651	10.649817
3652	10.649817
3653	10.649817
3654	10.649817
3655	10.649817
3656	10.649817
3657	10.649817
3658	10.649817
3659	10.649817
3660	10.649817
3661	10.649817
3662	10.649817
3663	10.649817
3664	10.649817
3665	10.649817
3666	10.649817
3667	10.649817
3668	10.649817
3669	10.649817
3670	10.649817
3671	10.649817
3672	10.649817
3673	10.649817
3674	10.649817
3675	10.649817
3676	10.649817
3677	10.649817
3678	10.649817
3679	10.649817
3680	10.649817
3681	10.649817
3682	10.649817
3683	10.649817
3684	10.649817
3685	10.649817
3686	10.649817
3687	10.649817
3688	10.649817
3689	10.649817
3690	10.649817
3691	10.649817
3692	10.649817
3693	10.649817
3694	10.649817
3695	10.649817
3696	10.649817
3697	10.649817
3698	10.649817
3699	10.649817
3700	10.649817
3701	10.649817
3702	10.649817
3703	10.649817
3704	10.649817
3705	10.649817
3706	10.649817
3707	10.649817
3708	10.649817
3709	10.649817
3710	10.649817
3711	10.649817
3712	10.649817
3713	10.649817
3714	10.649817
3715	10.649817
3716	10.649817
3717	10.649817
3718	10.649817
3719	10.649817
3720	10.649817
3721	10.649817
3722	10.649817
3723	10.649817
3724	10.649817
3725	10.649817
3726	10.649817
3727	10.649817
3728	10.649817
3729	10.649817
3730	10.649817
3731	10.649817
3732	10.649817
3733	10.649817
3734	10.649817
3735	10.649817
3736	10.649817
3737	10.649817
3738	10.649817
3739	10.649817
3740	10.649817
3741	10.649817
3742	10.649817
3743	10.649817
3744	10.649817
3745	10.649817
3746	10.649817
3747	10.649817
3748	10.649817
3749	10.649817
3750	10.649817
3751	10.649817
3752	10.649817
3753	10.649817
3754	10.649817
3755	10.649817
3756	10.649817
3757	10.649817
3758	10.649817
3759	10.649817
3760	10.649817
3761	10.649817
3762	10.649817
3763	10.649817
3764	10.649817
3765	10.649817
3766	10.649817
3767	10.649817
3768	10.649817
3769	10.649817
3770	10.649817
3771	10.649817
3772	10.649817
3773	10.649817
3774	10.649817
3775	10.649817
3776	10.649817
3777	10.649817
3778	10.649817
3779	10.649817
3780	10.649817
3781	10.649817
3782	10.649817
3783	10.649817
3784	10.649817
3785	10.649817
3786	10.649817
3787	10.649817
3788	10.649817
3789	10.649817
3790	10.649817
3791	10.649817
3792	10.649817
3793	10.649817
3794	10.649817
3795	10.649817
3796	10.649817
3797	10.649817
3798	10.649817
3799	10.649817
3800	10.649817
3801	10.649817
3802	10.649817
3803	10.649817
3804	10.649817
3805	10.649817
3806	10.649817
3807	10.649817
3808	10.649817
3809	10.649817
3810	10.649817
3811	10.649817
3812	10.649817
3813	10.649817
3814	10.649817
3815	10.649817
3816	10.649817
3817	10.649817
3818	10.649817
3819	10.649817
3820	10.649817
3821	10.649817
3822	10.649817
3823	10.649817
3824	10.649817
3825	10.649817
3826	10.649817
3827	10.649817
3828	10.649817
3829	10.649817
3830	10.649817
3831	10.649817
3832	10.649817
3833	10.649817
3834	10.649817
3835	10.649817
3836	10.649817
3837	10.649817
3838	10.649817
3839	10.649817
3840	10.649817
3841	10.649817
3842	10.649817
3843	10.649817
3844	10.649817
3845	10.649817
3846	10.649817
3847	10.649817
3848	10.649817
3849	10.649817
3850	10.649817
3851	10.649817
3852	10.649817
3853	10.649817
3854	10.649817
3855	10.649817
3856	10.649817
3857	10.649817
3858	10.649817
3859	10.649817
3860	10.649817
3861	10.649817
3862	10.649817
3863	10.649817
3864	10.649817
3865	10.649817
3866	10.649817
3867	10.649817
3868	10.649817
3869	10.649817
3870	10.649817
3871	10.649817
3872	10.649817
3873	10.649817
3874	10.649817
3875	10.649817
3876	10.649817
3877	10.649817
3878	10.649817
3879	10.649817
3880	10.649817
3881	10.649817
3882	10.649817
3883	10.649817
3884	10.649817
3885	10.649817
3886	10.649817
3887	10.649817
3888	10.649817
3889	10.649817
3890	10.649817
3891	10.649817
3892	10.649817
3893	10.649817
3894	10.649817
3895	10.649817
3896	10.649817
3897	10.649817
3898	10.649817
3899	10.649817
3900	10.649817
3901	10.649817
3902	10.649817
3903	10.649817
3904	10.649817
3905	10.649817
3906	10.649817
3907	10.649817
3908	10.649817
3909	10.649817
3910	10.649817
3911	10.649817
3912	10.649817
3913	10.649817
3914	10.649817
3915	10.649817
3916	10.649817
3917	10.649817
3918	10.649817
3919	10.649817
3920	10.649817
3921	10.649817
3922	10.649817
3923	10.649817
3924	10.649817
3925	10.649817
3926	10.649817
3927	10.649817
3928	10.649817
3929	10.649817
3930	10.649817
3931	10.649817
3932	10.649817
3933	10.649817
3934	10.649817
3935	10.649817
3936	10.649817
3937	10.649817
3938	10.649817
3939	10.649817
3940	10.649817
3941	10.649817
3942	10.649817
3943	10.649817
3944	10.649817
3945	10.649817
3946	10.649817
3947	10.649817
3948	10.649817
3949	10.649817
3950	10.649817
3951	10.649817
3952	10.649817
3953	10.649817
3954	10.649817
3955	10.649817
3956	10.649817
3957	10.649817
3958	10.649817
3959	10.649817
3960	10.649817
3961	10.649817
3962	10.649817
3963	10.649817
3964	10.649817
3965	10.649817
3966	10.649817
3967	10.649817
3968	10.649817
3969	10.649817
3970	10.649817
3971	10.649817
3972	10.649817
3973	10.649817
3974	10.649817
3975	10.649817
3976	10.649817
3977	10.649817
3978	10.649817
3979	10.649817
3980	10.649817
3981	10.649817
3982	10.649817
3983	10.649817
3984	10.649817
3985	10.649817
3986	10.649817
3987	10.649817
3988	10.649817
3989	10.649817
3990	10.649817
3991	10.649817
3992	10.649817
3993	10.649817
3994	10.649817
3995	10.649817
3996	10.649817
3997	10.649817
3998	10.649817
3999	10.649817
4000	10.649817
4001	10.649817
4002	10.649817
4003	10.649817
4004	10.649817
4005	10.649817
4006	10.649817
4007	10.649817
4008	10.649817
4009	10.649817
4010	10.649817
4011	10.649817
4012	10.649817
4013	10.649817
4014	10.649817
4015	10.649817
4016	10.649817
4017	10.649817
4018	10.649817
4019	10.649817
4020	10.649817
4021	10.649817
4022	10.649817
4023	10.649817
4024	10.649817
4025	10.649817
4026	10.649817
4027	10.649817
4028	10.649817
4029	10.649817
4030	10.649817
4031	10.649817
4032	10.649817
4033	10.649817
4034	10.649817
4035	10.649817
4036	10.649817
4037	10.649817
4038	10.649817
4039	10.649817
4040	10.649817
4041	10.649817
4042	10.649817
4043	10.649817
4044	10.649817
4045	10.649817
4046	10.649817
4047	10.649817
4048	10.649817
4049	10.649817
4050	10.649817
4051	10.649817
4052	10.649817
4053	10.649817
4054	10.649817
4055	10.649817
4056	10.649817
4057	10.649817
4058	10.649817
4059	10.649817
4060	10.649817
4061	10.649817
4062	10.649817
