1	7.354676
2	7.428605
3	7.411138
4	7.41328
5	7.436983
6	7.385512
7	7.386089
8	7.404409
9	7.458465
10	7.530705
11	7.533381
12	7.539328
13	7.468233
14	7.500545
15	7.500545
16	7.500545
17	7.500545
18	7.518497
19	7.533611
20	7.535631
21	7.950261
22	7.984914
23	7.968969
24	7.982213
25	8.021733
26	8.026501
27	8.033305
28	8.031769
29	8.031769
30	8.037045
31	8.03772
32	8.081652
33	8.081652
34	8.014918
35	8.041963
36	8.057611
37	8.093143
38	8.095007
39	8.095007
40	8.091854
41	8.1062
42	7.806519
43	7.832533
44	7.835821
45	7.895478
46	7.732488
47	7.735641
48	7.735641
49	7.850023
50	7.873033
51	8.234662
52	8.234662
53	8.245141
54	8.435543
55	8.4429
56	8.4429
57	8.439374
58	8.453422
59	8.4709
60	8.4709
61	8.473291
62	8.473291
63	8.473291
64	8.473291
65	8.515081
66	8.503535
67	8.378041
68	8.417955
69	8.394833
70	8.400563
71	8.400563
72	8.475413
73	8.467356
74	8.588765
75	8.637623
76	8.637623
77	8.784645
78	8.738071
79	8.727945
80	8.653095
81	8.490524
82	8.457471
83	8.457471
84	8.465733
85	8.465733
86	8.465733
87	8.465733
88	8.465733
89	8.478578
90	8.478578
91	8.478578
92	8.498338
93	8.666111
94	8.666111
95	8.668847
96	8.544496
97	8.544496
98	8.328239
99	8.329661
100	8.329661
101	8.342291
102	8.342291
103	8.342291
104	8.342291
105	8.370549
106	8.326241
107	8.326241
108	8.41598
109	8.375569
110	8.342869
111	8.299034
112	8.463066
113	8.462839
114	8.462839
115	8.462839
116	8.462839
117	8.338412
118	8.393588
119	8.393588
120	8.4095
121	8.416428
122	8.416428
123	8.593074
124	8.638834
125	8.638834
126	8.638834
127	8.638834
128	8.763261
129	8.643246
130	8.643246
131	8.643246
132	8.660983
133	8.629987
134	8.679748
135	8.73796
136	8.747193
137	8.772635
138	8.906334
139	8.998471
140	8.998471
141	8.998471
142	9.003471
143	9.003471
144	9.003471
145	8.815553
146	8.752751
147	8.715858
148	8.715858
149	8.715858
150	8.901362
151	8.914496
152	8.860637
153	8.871296
154	8.871296
155	8.871296
156	9.181722
157	9.168203
158	9.168203
159	9.168203
160	9.172171
161	9.00483
162	8.895441
163	8.893922
164	8.925206
165	8.925206
166	9.053163
167	9.053163
168	9.057699
169	9.056681
170	9.056681
171	9.035275
172	9.035275
173	9.081354
174	9.010621
175	9.010621
176	9.034084
177	9.034084
178	9.223088
179	9.244568
180	9.105381
181	9.042149
182	9.257663
183	9.257663
184	9.257663
185	9.257663
186	9.211903
187	9.211903
188	9.233512
189	9.269133
190	9.269133
191	9.269133
192	9.269133
193	9.302914
194	9.302914
195	9.302914
196	9.302914
197	9.270427
198	9.27364
199	9.27364
200	8.785493
201	8.785493
202	8.821294
203	8.821294
204	8.818081
205	8.824649
206	9.280117
207	9.280117
208	9.280117
209	9.280117
210	9.454802
211	9.482941
212	9.575277
213	9.575277
214	9.543999
215	9.558279
216	9.558279
217	9.558279
218	9.558279
219	9.558279
220	9.558279
221	9.480921
222	9.535596
223	9.535596
224	9.521316
225	9.498751
226	9.498751
227	9.544146
228	9.544146
229	9.544146
230	9.544146
231	9.546553
232	9.546553
233	9.484465
234	9.484465
235	9.484465
236	9.484465
237	9.482058
238	9.492834
239	9.438159
240	9.438159
241	9.488307
242	9.515371
243	9.515371
244	9.566532
245	9.566532
246	9.566532
247	9.566532
248	9.566532
249	9.566532
250	9.566532
251	9.566532
252	9.566532
253	9.566532
254	9.580752
255	9.580752
256	9.580752
257	9.580752
258	9.580752
259	9.580752
260	9.580752
261	9.635427
262	9.635427
263	9.635427
264	9.635427
265	9.6446
266	9.62269
267	9.62269
268	9.595626
269	9.595626
270	9.595626
271	9.595626
272	9.595626
273	9.619986
274	9.619986
275	9.587626
276	9.551833
277	9.551833
278	9.551833
279	9.545888
280	9.521012
281	9.534342
282	9.489717
283	9.489717
284	9.524757
285	9.524757
286	9.524757
287	9.532968
288	9.532968
289	9.532968
290	9.532968
291	9.532968
292	9.523553
293	9.521396
294	9.521396
295	9.521396
296	9.521396
297	9.456302
298	9.423828
299	9.435252
300	9.358659
301	9.550914
302	9.56386
303	9.562268
304	9.562268
305	9.645428
306	9.645428
307	9.686724
308	9.758149
309	9.758149
310	9.758149
311	9.758149
312	9.746179
313	9.746179
314	9.746179
315	9.806853
316	9.786861
317	9.783264
318	9.783264
319	9.790047
320	9.873232
321	9.873232
322	9.873232
323	9.850739
324	9.836459
325	9.843312
326	9.843312
327	9.843312
328	9.843312
329	9.843312
330	9.843312
331	9.855807
332	9.855807
333	10.039397
334	10.039397
335	10.049347
336	10.049347
337	10.174119
338	10.174119
339	10.111488
340	10.125411
341	10.140933
342	10.13176
343	10.13176
344	10.13176
345	10.13176
346	10.13176
347	10.13176
348	10.209774
349	10.209774
350	10.180857
351	10.180857
352	10.180857
353	10.21088
354	10.21088
355	10.24723
356	10.24723
357	10.295726
358	10.295726
359	10.247791
360	10.247791
361	10.247791
362	10.250362
363	10.27321
364	10.27321
365	10.339294
366	10.339294
367	10.322465
368	10.290842
369	10.382625
370	10.382625
371	10.382625
372	10.382625
373	10.382625
374	10.382625
375	10.382625
376	10.382625
377	10.382625
378	10.382625
379	10.382625
380	10.399454
381	10.497699
382	10.497699
383	10.497699
384	10.497699
385	10.503054
386	10.503054
387	10.503054
388	10.590614
389	10.590614
390	10.590614
391	10.590614
392	10.590614
393	10.638419
394	10.645091
395	10.645091
396	10.645091
397	10.645091
398	10.645091
399	10.645091
400	10.645091
401	10.645091
402	10.645091
403	10.645091
404	10.632355
405	10.632355
406	10.632355
407	10.632355
408	10.682053
409	10.668032
410	10.668032
411	10.668032
412	10.675992
413	10.675992
414	10.589228
415	10.589228
416	10.589228
417	10.589228
418	10.668032
419	10.668032
420	10.668032
421	10.720224
422	10.720224
423	10.746667
424	10.746667
425	10.746667
426	10.746667
427	10.746667
428	10.746667
429	10.746667
430	10.764356
431	10.764356
432	10.764356
433	10.764356
434	10.764356
435	10.764356
436	10.712164
437	10.712164
438	10.712164
439	10.712164
440	10.712164
441	10.712164
442	10.764356
443	10.764356
444	10.764356
445	10.764356
446	10.764356
447	10.764356
448	10.764356
449	10.764356
450	10.764356
451	10.764356
452	10.764356
453	10.764356
454	10.764356
455	10.764356
456	10.764356
457	10.712164
458	10.712164
459	10.712164
460	10.712164
461	10.712164
462	10.712164
463	10.712164
464	10.775795
465	10.775795
466	10.775795
467	10.775795
468	10.775795
469	10.775795
470	10.775795
471	10.775795
472	10.766066
473	10.766066
474	10.766066
475	10.766066
476	10.766066
477	10.766066
478	10.766066
479	10.766066
480	10.766066
481	10.783976
482	10.783976
483	10.783976
484	10.783976
485	10.783976
486	10.783976
487	10.783976
488	10.746526
489	10.746526
490	10.746526
491	10.768613
492	10.768613
493	10.768613
494	10.768613
495	10.768613
496	10.768613
497	10.768613
498	10.778342
499	10.778342
500	10.778342
501	10.778342
502	10.783746
503	10.783746
504	10.783746
505	10.783746
506	10.783746
507	10.887624
508	10.887624
509	10.884136
510	10.884136
511	10.884136
512	10.884136
513	10.884136
514	10.884136
515	10.884136
516	10.907419
517	10.907419
518	10.907419
519	10.907419
520	10.907419
521	10.907419
522	10.907419
523	10.922332
524	10.922332
525	10.922332
526	10.922332
527	10.922332
528	10.922332
529	10.922332
530	10.952779
531	10.952779
532	10.952779
533	10.952779
534	10.952779
535	10.952779
536	10.952779
537	10.952779
538	10.952779
539	10.952779
540	10.952779
541	10.952779
542	10.952779
543	10.952779
544	10.952779
545	10.952779
546	11.069554
547	11.069554
548	11.069554
549	11.069554
550	11.069554
551	11.069554
552	11.069554
553	11.069554
554	11.069554
555	11.069554
556	11.069554
557	11.069554
558	11.069554
559	11.069554
560	11.069554
561	11.069554
562	11.069554
563	11.069554
564	11.069554
565	11.069554
566	11.069554
567	11.069554
568	11.069554
569	11.069554
570	11.069554
571	11.069554
572	11.069554
573	11.069554
574	11.069554
575	11.069554
576	11.069554
577	11.069554
578	11.069554
579	11.069554
580	10.999108
581	10.999108
582	10.999108
583	11.014232
584	11.014232
585	11.014232
586	11.004503
587	11.15037
588	11.15037
589	11.15037
590	11.15037
591	11.15037
592	11.15037
593	11.15037
594	11.15037
595	11.15037
596	11.15037
597	11.15037
598	11.15037
599	11.148579
600	11.148579
601	11.148579
602	11.148579
603	11.148579
604	11.148579
605	11.148579
606	11.148579
607	11.15037
608	11.15037
609	11.15037
610	11.15037
611	11.15037
612	11.15037
613	11.15037
614	11.15037
615	11.15037
616	11.15037
617	11.15037
618	11.15037
619	11.15037
620	11.15037
621	11.220816
622	11.220816
623	11.220816
624	11.220816
625	11.220816
626	11.220816
627	11.220816
628	11.220816
629	11.220816
630	11.220816
631	11.220816
632	11.220816
633	11.220816
634	11.220816
635	11.220816
636	11.220816
637	11.17699
638	11.17699
639	11.205692
640	11.205692
641	11.205692
642	11.205692
643	11.205692
644	11.205692
645	11.205692
646	11.205692
647	11.205692
648	11.205692
649	11.205692
650	11.205692
651	11.205692
652	11.215841
653	11.215841
654	11.215841
655	11.215841
656	11.215841
657	11.215841
658	11.215841
659	11.215841
660	11.215841
661	11.215841
662	11.215841
663	11.215841
664	11.215841
665	11.215841
666	11.215841
667	11.215841
668	11.215841
669	11.215841
670	11.215841
671	11.215841
672	11.215841
673	11.215841
674	11.215841
675	11.215841
676	11.215841
677	11.215841
678	11.215841
679	11.215841
680	11.215841
681	11.215841
682	11.215841
683	11.215841
684	11.215841
685	11.215841
686	11.215841
687	11.215841
688	11.215841
689	11.215841
690	11.215841
691	11.215841
692	11.215841
693	11.215841
694	11.215841
695	11.215841
696	11.215841
697	11.215841
698	11.215841
699	11.215841
700	11.22201
701	11.22201
702	11.22201
703	11.22201
704	11.22201
705	11.22201
706	11.22201
707	11.22201
708	11.22201
709	11.22201
710	11.22201
711	11.22201
712	11.22201
713	11.22201
714	11.22201
715	11.22201
716	11.22201
717	11.22201
718	11.22201
719	11.22201
720	11.22201
721	11.22201
722	11.22201
723	11.22201
724	11.22201
725	11.22201
726	11.22201
727	11.22201
728	11.22201
729	11.22201
730	11.22201
731	11.22201
732	11.22201
733	11.22201
734	11.22201
735	11.22201
736	11.22201
737	11.22201
738	11.22201
739	11.22201
740	11.22201
741	11.22201
742	11.22201
743	11.22201
744	11.22201
745	11.22201
746	11.22201
747	11.22201
748	11.22201
749	11.22201
750	11.22201
751	11.22201
752	11.22201
753	11.22201
754	11.22201
755	11.22201
756	11.22201
757	11.22201
758	11.22201
759	11.22201
760	11.22201
761	11.22201
762	11.22201
763	11.22201
764	11.22201
765	11.22201
766	11.22201
767	11.22201
768	11.22201
769	11.22201
770	11.22201
771	11.22201
772	11.22201
773	11.22201
774	11.22201
775	11.22201
776	11.22201
777	11.22201
778	11.22201
779	11.22201
780	11.22201
781	11.22201
782	11.22201
783	11.22201
784	11.22201
785	11.22201
786	11.22201
787	11.22201
788	11.22201
789	11.22201
790	11.22201
791	11.22201
792	11.22201
793	11.22201
794	11.22201
795	11.22201
796	11.22201
797	11.22201
798	11.22201
799	11.22201
800	11.22201
801	11.22201
802	11.22201
803	11.22201
804	11.22201
805	11.22201
806	11.22201
807	11.22201
808	11.22201
809	11.22201
810	11.22201
811	11.22201
812	11.22201
813	11.22201
814	11.22201
815	11.22201
816	11.22201
817	11.22201
818	11.22201
819	11.22201
820	11.22201
821	11.22201
822	11.22201
823	11.22201
824	11.22201
825	11.22201
826	11.22201
827	11.22201
828	11.22201
829	11.22201
830	11.22201
831	11.22201
832	11.22201
833	11.22201
834	11.22201
835	11.22201
836	11.22201
837	11.22201
838	11.22201
839	11.22201
840	11.22201
841	11.22201
842	11.22201
843	11.22201
844	11.22201
845	11.22201
846	11.22201
847	11.22201
848	11.22201
849	11.22201
850	11.22201
851	11.22201
852	11.22201
853	11.22201
854	11.22201
855	11.22201
856	11.22201
857	11.22201
858	11.22201
859	11.22201
860	11.22201
861	11.22201
862	11.22201
863	11.22201
864	11.22201
865	11.22201
866	11.22201
867	11.22201
868	11.22201
869	11.22201
870	11.22201
871	11.22201
872	11.22201
873	11.22201
874	11.22201
875	11.22201
876	11.22201
877	11.22201
878	11.22201
879	11.22201
880	11.22201
881	11.22201
882	11.22201
883	11.22201
884	11.22201
885	11.22201
886	11.22201
887	11.22201
888	11.22201
889	11.22201
890	11.22201
891	11.22201
892	11.22201
893	11.22201
894	11.22201
895	11.22201
896	11.22201
897	11.22201
898	11.22201
899	11.22201
900	11.22201
901	11.22201
902	11.22201
903	11.22201
904	11.22201
905	11.252855
906	11.252855
907	11.252855
908	11.252855
909	11.252855
910	11.252855
911	11.284697
912	11.284697
913	11.284697
914	11.284697
915	11.284697
916	11.284697
917	11.284697
918	11.284697
919	11.284697
920	11.284697
921	11.284697
922	11.284697
923	11.284697
924	11.284697
925	11.284697
926	11.284697
927	11.284697
928	11.284697
929	11.284697
930	11.284697
931	11.284697
932	11.284697
933	11.284697
934	11.284697
935	11.284697
936	11.284697
937	11.284697
938	11.284697
939	11.284697
940	11.284697
941	11.284697
942	11.284697
943	11.284697
944	11.284697
945	11.284697
946	11.284697
947	11.284697
948	11.284697
949	11.284697
950	11.284697
951	11.284697
952	11.284697
953	11.284697
954	11.284697
955	11.284697
956	11.284697
957	11.284697
958	11.284697
959	11.284697
960	11.284697
961	11.284697
962	11.284697
963	11.284697
964	11.284697
965	11.284697
966	11.284697
967	11.284697
968	11.284697
969	11.284697
970	11.284697
971	11.284697
972	11.284697
973	11.284697
974	11.284697
975	11.284697
976	11.284697
977	11.284697
978	11.284697
979	11.284697
980	11.284697
981	11.284697
982	11.284697
983	11.284697
984	11.284697
985	11.284697
986	11.284697
987	11.284697
988	11.284697
989	11.284697
990	11.284697
991	11.284697
992	11.284697
993	11.284697
994	11.284697
995	11.284697
996	11.284697
997	11.284697
998	11.284697
999	11.284697
1000	11.284697
1001	11.284697
1002	11.284697
1003	11.284697
1004	11.284697
1005	11.284697
1006	11.284697
1007	11.284697
1008	11.284697
1009	11.284697
1010	11.284697
1011	11.284697
1012	11.284697
1013	11.284697
1014	11.284697
1015	11.284697
1016	11.284697
1017	11.284697
1018	11.284697
1019	11.284697
1020	11.284697
1021	11.284697
1022	11.284697
1023	11.284697
1024	11.284697
1025	11.284697
1026	11.284697
1027	11.284697
1028	11.284697
1029	11.284697
1030	11.284697
1031	11.284697
1032	11.284697
1033	11.284697
1034	11.284697
1035	11.284697
1036	11.284697
1037	11.284697
1038	11.284697
1039	11.284697
1040	11.284697
1041	11.284697
1042	11.284697
1043	11.284697
1044	11.284697
1045	11.284697
1046	11.284697
1047	11.284697
1048	11.284697
1049	11.284697
1050	11.284697
1051	11.284697
1052	11.284697
1053	11.284697
1054	11.284697
1055	11.284697
1056	11.284697
1057	11.284697
1058	11.284697
1059	11.284697
1060	11.284697
1061	11.284697
1062	11.284697
1063	11.284697
1064	11.284697
1065	11.284697
1066	11.284697
1067	11.284697
1068	11.284697
1069	11.284697
1070	11.284697
1071	11.284697
1072	11.284697
1073	11.284697
1074	11.284697
1075	11.284697
1076	11.284697
1077	11.284697
1078	11.284697
1079	11.284697
1080	11.284697
1081	11.284697
1082	11.284697
1083	11.284697
1084	11.284697
1085	11.284697
1086	11.284697
1087	11.284697
1088	11.284697
1089	11.284697
1090	11.284697
1091	11.284697
1092	11.284697
1093	11.284697
1094	11.284697
1095	11.284697
1096	11.284697
1097	11.284697
1098	11.284697
1099	11.284697
1100	11.284697
1101	11.284697
1102	11.284697
1103	11.284697
1104	11.284697
1105	11.284697
1106	11.284697
1107	11.284697
1108	11.284697
1109	11.284697
1110	11.284697
1111	11.284697
1112	11.284697
1113	11.284697
1114	11.284697
1115	11.284697
1116	11.284697
1117	11.284697
1118	11.284697
1119	11.284697
1120	11.284697
1121	11.284697
1122	11.284697
1123	11.284697
1124	11.284697
1125	11.284697
1126	11.284697
1127	11.284697
1128	11.284697
1129	11.284697
1130	11.284697
1131	11.284697
1132	11.284697
1133	11.284697
1134	11.284697
1135	11.284697
1136	11.284697
1137	11.284697
1138	11.284697
1139	11.284697
1140	11.284697
1141	11.284697
1142	11.284697
1143	11.284697
1144	11.284697
1145	11.284697
1146	11.284697
1147	11.284697
1148	11.284697
1149	11.284697
1150	11.284697
1151	11.284697
1152	11.284697
1153	11.284697
1154	11.284697
1155	11.284697
1156	11.284697
1157	11.284697
1158	11.284697
1159	11.284697
1160	11.284697
1161	11.284697
1162	11.284697
1163	11.284697
1164	11.284697
1165	11.284697
1166	11.284697
1167	11.284697
1168	11.284697
1169	11.284697
1170	11.284697
1171	11.284697
1172	11.284697
1173	11.284697
1174	11.284697
1175	11.284697
1176	11.284697
1177	11.284697
1178	11.284697
1179	11.284697
1180	11.284697
1181	11.284697
1182	11.284697
1183	11.284697
1184	11.284697
1185	11.284697
1186	11.284697
1187	11.284697
1188	11.284697
1189	11.284697
1190	11.284697
1191	11.284697
1192	11.284697
1193	11.284697
1194	11.284697
1195	11.284697
1196	11.284697
1197	11.284697
1198	11.284697
1199	11.284697
1200	11.284697
1201	11.284697
1202	11.284697
1203	11.284697
1204	11.284697
1205	11.284697
1206	11.284697
1207	11.284697
1208	11.284697
1209	11.284697
1210	11.284697
1211	11.284697
1212	11.284697
1213	11.284697
1214	11.284697
1215	11.284697
1216	11.284697
1217	11.284697
1218	11.284697
1219	11.284697
1220	11.284697
1221	11.284697
1222	11.284697
1223	11.284697
1224	11.284697
1225	11.284697
1226	11.284697
1227	11.284697
1228	11.284697
1229	11.284697
1230	11.284697
1231	11.284697
1232	11.284697
1233	11.284697
1234	11.284697
1235	11.284697
1236	11.284697
1237	11.284697
1238	11.284697
1239	11.284697
1240	11.284697
1241	11.284697
1242	11.284697
1243	11.284697
1244	11.284697
1245	11.284697
1246	11.284697
1247	11.284697
1248	11.284697
1249	11.284697
1250	11.284697
1251	11.284697
1252	11.284697
1253	11.284697
1254	11.284697
1255	11.284697
1256	11.284697
1257	11.284697
1258	11.284697
1259	11.284697
1260	11.284697
1261	11.284697
1262	11.284697
1263	11.284697
1264	11.284697
1265	11.284697
1266	11.284697
1267	11.284697
1268	11.284697
1269	11.284697
1270	11.284697
1271	11.284697
1272	11.284697
1273	11.284697
1274	11.284697
1275	11.284697
1276	11.284697
1277	11.284697
1278	11.284697
1279	11.284697
1280	11.284697
1281	11.284697
1282	11.284697
1283	11.284697
1284	11.284697
1285	11.284697
1286	11.284697
1287	11.284697
1288	11.284697
1289	11.284697
1290	11.284697
1291	11.284697
1292	11.284697
1293	11.284697
1294	11.284697
1295	11.284697
1296	11.284697
1297	11.284697
1298	11.284697
1299	11.284697
1300	11.284697
1301	11.284697
1302	11.284697
1303	11.284697
1304	11.284697
1305	11.284697
1306	11.284697
1307	11.284697
1308	11.284697
1309	11.284697
1310	11.284697
1311	11.284697
1312	11.284697
1313	11.284697
1314	11.284697
1315	11.284697
1316	11.284697
1317	11.284697
1318	11.284697
1319	11.284697
1320	11.284697
1321	11.284697
1322	11.284697
1323	11.284697
1324	11.284697
1325	11.284697
1326	11.284697
1327	11.284697
1328	11.284697
1329	11.284697
1330	11.284697
1331	11.284697
1332	11.284697
1333	11.284697
1334	11.284697
1335	11.284697
1336	11.284697
1337	11.284697
1338	11.284697
1339	11.284697
1340	11.284697
1341	11.284697
1342	11.284697
1343	11.284697
1344	11.284697
1345	11.284697
1346	11.284697
1347	11.284697
1348	11.284697
1349	11.284697
1350	11.284697
1351	11.284697
1352	11.284697
1353	11.284697
1354	11.284697
1355	11.284697
1356	11.284697
1357	11.284697
1358	11.284697
1359	11.284697
1360	11.284697
1361	11.284697
1362	11.284697
1363	11.284697
1364	11.284697
1365	11.284697
1366	11.284697
1367	11.284697
1368	11.284697
1369	11.284697
1370	11.284697
1371	11.284697
1372	11.284697
1373	11.284697
1374	11.284697
1375	11.284697
1376	11.284697
1377	11.284697
1378	11.284697
1379	11.284697
1380	11.284697
1381	11.284697
1382	11.284697
1383	11.284697
1384	11.284697
1385	11.284697
1386	11.284697
1387	11.284697
1388	11.284697
1389	11.284697
1390	11.284697
1391	11.284697
1392	11.284697
1393	11.284697
1394	11.284697
1395	11.284697
1396	11.284697
1397	11.284697
1398	11.284697
1399	11.284697
1400	11.284697
1401	11.284697
1402	11.284697
1403	11.284697
1404	11.284697
1405	11.284697
1406	11.284697
1407	11.284697
1408	11.284697
1409	11.284697
1410	11.284697
1411	11.284697
1412	11.284697
1413	11.284697
1414	11.284697
1415	11.284697
1416	11.284697
1417	11.284697
1418	11.284697
1419	11.284697
1420	11.284697
1421	11.284697
1422	11.284697
1423	11.284697
1424	11.284697
1425	11.284697
1426	11.284697
1427	11.284697
1428	11.284697
1429	11.284697
1430	11.284697
1431	11.284697
1432	11.284697
1433	11.284697
1434	11.284697
1435	11.284697
1436	11.284697
1437	11.284697
1438	11.284697
1439	11.284697
1440	11.284697
1441	11.284697
1442	11.284697
1443	11.284697
1444	11.284697
1445	11.284697
1446	11.284697
1447	11.284697
1448	11.284697
1449	11.284697
1450	11.284697
1451	11.284697
1452	11.284697
1453	11.284697
1454	11.284697
1455	11.284697
1456	11.284697
1457	11.284697
1458	11.284697
1459	11.284697
1460	11.284697
1461	11.284697
1462	11.284697
1463	11.284697
1464	11.284697
1465	11.284697
1466	11.284697
1467	11.284697
1468	11.284697
1469	11.284697
1470	11.284697
1471	11.284697
1472	11.284697
1473	11.284697
1474	11.284697
1475	11.284697
1476	11.284697
1477	11.284697
1478	11.284697
1479	11.284697
1480	11.284697
1481	11.284697
1482	11.284697
1483	11.284697
1484	11.284697
1485	11.284697
1486	11.284697
1487	11.284697
1488	11.284697
1489	11.284697
1490	11.284697
1491	11.284697
1492	11.284697
1493	11.284697
1494	11.284697
1495	11.284697
1496	11.284697
1497	11.284697
1498	11.284697
1499	11.284697
1500	11.284697
1501	11.284697
1502	11.284697
1503	11.284697
1504	11.284697
1505	11.284697
1506	11.284697
1507	11.284697
1508	11.284697
1509	11.284697
1510	11.284697
1511	11.284697
1512	11.284697
1513	11.284697
1514	11.284697
1515	11.284697
1516	11.284697
1517	11.284697
1518	11.284697
1519	11.284697
1520	11.284697
1521	11.284697
1522	11.284697
1523	11.284697
1524	11.284697
1525	11.284697
1526	11.284697
1527	11.284697
1528	11.284697
1529	11.284697
1530	11.284697
1531	11.284697
1532	11.284697
1533	11.284697
1534	11.284697
1535	11.284697
1536	11.284697
1537	11.284697
1538	11.284697
1539	11.284697
1540	11.284697
1541	11.284697
1542	11.284697
1543	11.284697
1544	11.284697
1545	11.284697
1546	11.284697
1547	11.284697
1548	11.284697
1549	11.284697
1550	11.284697
1551	11.284697
1552	11.284697
1553	11.284697
1554	11.284697
1555	11.284697
1556	11.284697
1557	11.284697
1558	11.284697
1559	11.284697
1560	11.284697
1561	11.284697
1562	11.284697
1563	11.284697
1564	11.284697
1565	11.284697
1566	11.284697
1567	11.284697
1568	11.284697
1569	11.284697
1570	11.284697
1571	11.284697
1572	11.284697
1573	11.284697
1574	11.284697
1575	11.284697
1576	11.284697
1577	11.284697
1578	11.284697
1579	11.284697
1580	11.284697
1581	11.284697
1582	11.284697
1583	11.284697
1584	11.284697
1585	11.284697
1586	11.284697
1587	11.284697
1588	11.284697
1589	11.284697
1590	11.284697
1591	11.284697
1592	11.284697
1593	11.284697
1594	11.284697
1595	11.284697
1596	11.284697
1597	11.284697
1598	11.284697
1599	11.284697
1600	11.284697
1601	11.284697
1602	11.284697
1603	11.284697
1604	11.284697
1605	11.284697
1606	11.284697
1607	11.284697
1608	11.284697
1609	11.284697
1610	11.284697
1611	11.284697
1612	11.284697
1613	11.284697
1614	11.284697
1615	11.284697
1616	11.284697
1617	11.284697
1618	11.284697
1619	11.284697
1620	11.284697
1621	11.284697
1622	11.284697
1623	11.284697
1624	11.284697
1625	11.284697
1626	11.284697
1627	11.284697
1628	11.284697
1629	11.284697
1630	11.284697
1631	11.284697
1632	11.284697
1633	11.284697
1634	11.284697
1635	11.284697
1636	11.284697
1637	11.284697
1638	11.284697
1639	11.284697
1640	11.284697
1641	11.284697
1642	11.284697
1643	11.284697
1644	11.284697
1645	11.284697
1646	11.284697
1647	11.284697
1648	11.284697
1649	11.284697
1650	11.284697
1651	11.284697
1652	11.284697
1653	11.284697
1654	11.284697
1655	11.284697
1656	11.284697
1657	11.284697
1658	11.284697
1659	11.284697
1660	11.284697
1661	11.284697
1662	11.284697
1663	11.284697
1664	11.284697
1665	11.284697
1666	11.284697
1667	11.284697
1668	11.284697
1669	11.284697
1670	11.284697
1671	11.284697
1672	11.284697
1673	11.284697
1674	11.284697
1675	11.284697
1676	11.284697
1677	11.284697
1678	11.284697
1679	11.284697
1680	11.284697
1681	11.284697
1682	11.284697
1683	11.284697
1684	11.284697
1685	11.284697
1686	11.284697
1687	11.284697
1688	11.284697
1689	11.284697
1690	11.284697
1691	11.284697
1692	11.284697
1693	11.284697
1694	11.284697
1695	11.284697
1696	11.284697
1697	11.284697
1698	11.284697
1699	11.284697
1700	11.284697
1701	11.284697
1702	11.284697
1703	11.284697
1704	11.284697
1705	11.284697
1706	11.284697
1707	11.284697
1708	11.284697
1709	11.284697
1710	11.284697
1711	11.284697
1712	11.284697
1713	11.284697
1714	11.284697
1715	11.284697
1716	11.284697
1717	11.284697
1718	11.284697
1719	11.284697
1720	11.284697
1721	11.284697
1722	11.284697
1723	11.284697
1724	11.284697
1725	11.284697
1726	11.284697
1727	11.284697
1728	11.284697
1729	11.284697
1730	11.284697
1731	11.284697
1732	11.284697
1733	11.284697
1734	11.284697
1735	11.284697
1736	11.284697
1737	11.284697
1738	11.284697
1739	11.284697
1740	11.284697
1741	11.284697
1742	11.284697
1743	11.284697
1744	11.284697
1745	11.284697
1746	11.284697
1747	11.284697
1748	11.284697
1749	11.284697
1750	11.284697
1751	11.284697
1752	11.284697
1753	11.284697
1754	11.284697
1755	11.284697
1756	11.284697
1757	11.284697
1758	11.284697
1759	11.284697
1760	11.284697
1761	11.284697
1762	11.284697
1763	11.284697
1764	11.284697
1765	11.284697
1766	11.284697
1767	11.284697
1768	11.284697
1769	11.284697
1770	11.284697
1771	11.284697
1772	11.284697
1773	11.284697
1774	11.284697
1775	11.284697
1776	11.284697
1777	11.284697
1778	11.284697
1779	11.284697
1780	11.284697
1781	11.284697
1782	11.284697
1783	11.284697
1784	11.284697
1785	11.284697
1786	11.284697
1787	11.284697
1788	11.284697
1789	11.284697
1790	11.284697
1791	11.284697
1792	11.284697
1793	11.284697
1794	11.284697
1795	11.284697
1796	11.284697
1797	11.284697
1798	11.284697
1799	11.284697
1800	11.284697
1801	11.284697
1802	11.284697
1803	11.284697
1804	11.284697
1805	11.284697
1806	11.284697
1807	11.284697
1808	11.284697
1809	11.284697
1810	11.284697
1811	11.284697
1812	11.284697
1813	11.284697
1814	11.284697
1815	11.284697
1816	11.284697
1817	11.284697
1818	11.284697
1819	11.284697
1820	11.284697
1821	11.284697
1822	11.284697
1823	11.284697
1824	11.284697
1825	11.284697
1826	11.284697
1827	11.284697
1828	11.284697
1829	11.284697
1830	11.284697
1831	11.284697
1832	11.284697
1833	11.284697
1834	11.284697
1835	11.284697
1836	11.284697
1837	11.284697
1838	11.284697
1839	11.284697
1840	11.284697
1841	11.284697
1842	11.284697
1843	11.284697
1844	11.284697
1845	11.284697
1846	11.284697
1847	11.284697
1848	11.284697
1849	11.284697
1850	11.284697
1851	11.284697
1852	11.284697
1853	11.284697
1854	11.284697
1855	11.284697
1856	11.284697
1857	11.284697
1858	11.284697
1859	11.284697
1860	11.284697
1861	11.284697
1862	11.284697
1863	11.284697
1864	11.284697
1865	11.284697
1866	11.284697
1867	11.284697
1868	11.284697
1869	11.284697
1870	11.284697
1871	11.284697
1872	11.284697
1873	11.284697
1874	11.284697
1875	11.284697
1876	11.284697
1877	11.284697
1878	11.284697
1879	11.284697
1880	11.284697
1881	11.284697
1882	11.284697
1883	11.284697
1884	11.284697
1885	11.284697
1886	11.284697
1887	11.284697
1888	11.284697
1889	11.284697
1890	11.284697
1891	11.284697
1892	11.284697
1893	11.284697
1894	11.284697
1895	11.284697
1896	11.284697
1897	11.284697
1898	11.284697
1899	11.284697
1900	11.284697
1901	11.284697
1902	11.284697
1903	11.284697
1904	11.284697
1905	11.284697
1906	11.284697
1907	11.284697
1908	11.284697
1909	11.284697
1910	11.284697
1911	11.284697
1912	11.284697
1913	11.284697
1914	11.284697
1915	11.284697
1916	11.284697
1917	11.284697
1918	11.284697
1919	11.284697
1920	11.284697
1921	11.284697
1922	11.284697
1923	11.284697
1924	11.284697
1925	11.284697
1926	11.284697
1927	11.284697
1928	11.284697
1929	11.284697
1930	11.284697
1931	11.284697
1932	11.284697
1933	11.284697
1934	11.284697
1935	11.284697
1936	11.284697
1937	11.284697
1938	11.284697
1939	11.284697
1940	11.284697
1941	11.284697
1942	11.284697
1943	11.284697
1944	11.284697
1945	11.284697
1946	11.284697
1947	11.284697
1948	11.284697
1949	11.284697
1950	11.284697
1951	11.284697
1952	11.284697
1953	11.284697
1954	11.284697
1955	11.284697
1956	11.284697
1957	11.284697
1958	11.284697
1959	11.284697
1960	11.284697
1961	11.284697
1962	11.284697
1963	11.284697
1964	11.284697
1965	11.284697
1966	11.284697
1967	11.284697
1968	11.284697
1969	11.284697
1970	11.284697
1971	11.284697
1972	11.284697
1973	11.284697
1974	11.284697
1975	11.284697
1976	11.284697
1977	11.284697
1978	11.284697
1979	11.284697
1980	11.284697
1981	11.284697
1982	11.284697
1983	11.284697
1984	11.284697
1985	11.284697
1986	11.284697
1987	11.284697
1988	11.284697
1989	11.284697
1990	11.284697
1991	11.284697
1992	11.284697
1993	11.284697
1994	11.284697
1995	11.284697
1996	11.284697
1997	11.284697
1998	11.284697
1999	11.284697
2000	11.284697
2001	11.284697
2002	11.284697
2003	11.284697
2004	11.284697
2005	11.284697
2006	11.284697
2007	11.284697
2008	11.284697
2009	11.284697
2010	11.284697
2011	11.284697
2012	11.284697
2013	11.284697
2014	11.284697
2015	11.284697
2016	11.284697
2017	11.284697
2018	11.284697
2019	11.284697
2020	11.284697
2021	11.284697
2022	11.284697
2023	11.284697
2024	11.284697
2025	11.284697
2026	11.284697
2027	11.284697
2028	11.284697
2029	11.284697
2030	11.284697
2031	11.284697
2032	11.284697
2033	11.284697
2034	11.284697
2035	11.284697
2036	11.284697
2037	11.284697
2038	11.284697
2039	11.284697
2040	11.284697
2041	11.284697
2042	11.284697
2043	11.284697
2044	11.284697
2045	11.284697
2046	11.284697
2047	11.284697
2048	11.284697
2049	11.284697
2050	11.284697
2051	11.284697
2052	11.284697
2053	11.284697
2054	11.284697
2055	11.284697
2056	11.284697
2057	11.284697
2058	11.284697
2059	11.284697
2060	11.284697
2061	11.284697
2062	11.284697
2063	11.284697
2064	11.284697
2065	11.284697
2066	11.284697
2067	11.284697
2068	11.284697
2069	11.284697
2070	11.284697
2071	11.284697
2072	11.284697
2073	11.284697
2074	11.284697
2075	11.284697
2076	11.284697
2077	11.284697
2078	11.284697
2079	11.284697
2080	11.284697
2081	11.284697
2082	11.284697
2083	11.284697
2084	11.284697
2085	11.284697
2086	11.284697
2087	11.284697
2088	11.284697
2089	11.284697
2090	11.284697
2091	11.284697
2092	11.284697
2093	11.284697
2094	11.284697
2095	11.284697
2096	11.284697
2097	11.284697
2098	11.284697
2099	11.284697
2100	11.284697
2101	11.284697
2102	11.284697
2103	11.284697
2104	11.284697
2105	11.284697
2106	11.284697
2107	11.284697
2108	11.284697
2109	11.284697
2110	11.284697
2111	11.284697
2112	11.284697
2113	11.284697
2114	11.284697
2115	11.284697
2116	11.284697
2117	11.284697
2118	11.284697
2119	11.284697
2120	11.284697
2121	11.284697
2122	11.284697
2123	11.284697
2124	11.284697
2125	11.284697
2126	11.284697
2127	11.284697
2128	11.284697
2129	11.284697
2130	11.284697
2131	11.284697
2132	11.284697
2133	11.284697
2134	11.284697
2135	11.284697
2136	11.284697
2137	11.284697
2138	11.284697
2139	11.284697
2140	11.284697
2141	11.284697
2142	11.284697
2143	11.284697
2144	11.284697
2145	11.284697
2146	11.284697
2147	11.284697
2148	11.284697
2149	11.284697
2150	11.284697
2151	11.284697
2152	11.284697
2153	11.284697
2154	11.284697
2155	11.284697
2156	11.284697
2157	11.284697
2158	11.284697
2159	11.284697
2160	11.284697
2161	11.284697
2162	11.284697
2163	11.284697
2164	11.284697
2165	11.284697
2166	11.284697
2167	11.284697
2168	11.284697
2169	11.284697
2170	11.284697
2171	11.284697
2172	11.284697
2173	11.284697
2174	11.284697
2175	11.284697
2176	11.284697
2177	11.284697
2178	11.284697
2179	11.284697
2180	11.284697
2181	11.284697
2182	11.284697
2183	11.284697
2184	11.284697
2185	11.284697
2186	11.284697
2187	11.284697
2188	11.284697
2189	11.284697
2190	11.284697
2191	11.284697
2192	11.284697
2193	11.284697
2194	11.284697
2195	11.284697
2196	11.284697
2197	11.284697
2198	11.284697
2199	11.284697
2200	11.284697
2201	11.284697
2202	11.284697
2203	11.284697
2204	11.284697
2205	11.284697
2206	11.284697
2207	11.284697
2208	11.284697
2209	11.284697
2210	11.284697
2211	11.284697
2212	11.284697
2213	11.284697
2214	11.284697
2215	11.284697
2216	11.284697
2217	11.284697
2218	11.284697
2219	11.284697
2220	11.284697
2221	11.284697
2222	11.284697
2223	11.284697
2224	11.284697
2225	11.284697
2226	11.284697
2227	11.284697
2228	11.284697
2229	11.284697
2230	11.284697
2231	11.284697
2232	11.284697
2233	11.284697
2234	11.284697
2235	11.284697
2236	11.284697
2237	11.284697
2238	11.284697
2239	11.284697
2240	11.284697
2241	11.284697
2242	11.284697
2243	11.284697
2244	11.284697
2245	11.284697
2246	11.284697
2247	11.284697
2248	11.284697
2249	11.284697
2250	11.284697
2251	11.284697
2252	11.284697
2253	11.284697
2254	11.284697
2255	11.284697
2256	11.284697
2257	11.284697
2258	11.284697
2259	11.284697
2260	11.284697
2261	11.284697
2262	11.284697
2263	11.284697
2264	11.284697
2265	11.284697
2266	11.284697
2267	11.284697
2268	11.284697
2269	11.284697
2270	11.284697
2271	11.284697
2272	11.284697
2273	11.284697
2274	11.284697
2275	11.284697
2276	11.284697
2277	11.284697
2278	11.284697
2279	11.284697
2280	11.284697
2281	11.284697
2282	11.284697
2283	11.284697
2284	11.284697
2285	11.284697
2286	11.284697
2287	11.284697
2288	11.284697
2289	11.284697
2290	11.284697
2291	11.284697
2292	11.284697
2293	11.284697
2294	11.284697
2295	11.284697
2296	11.284697
2297	11.284697
2298	11.284697
2299	11.284697
2300	11.284697
2301	11.284697
2302	11.284697
2303	11.284697
2304	11.284697
2305	11.284697
2306	11.284697
2307	11.284697
2308	11.284697
2309	11.284697
2310	11.284697
2311	11.284697
2312	11.284697
2313	11.284697
2314	11.284697
2315	11.284697
2316	11.284697
2317	11.284697
2318	11.284697
2319	11.284697
2320	11.284697
2321	11.284697
2322	11.284697
2323	11.284697
2324	11.284697
2325	11.284697
2326	11.284697
2327	11.284697
2328	11.284697
2329	11.284697
2330	11.284697
2331	11.284697
2332	11.284697
2333	11.284697
2334	11.284697
2335	11.284697
2336	11.284697
2337	11.284697
2338	11.284697
2339	11.284697
2340	11.284697
2341	11.284697
2342	11.284697
2343	11.284697
2344	11.284697
2345	11.284697
2346	11.284697
2347	11.284697
2348	11.284697
2349	11.284697
2350	11.284697
2351	11.284697
2352	11.284697
2353	11.284697
2354	11.284697
2355	11.284697
2356	11.284697
2357	11.284697
2358	11.284697
2359	11.284697
2360	11.284697
2361	11.284697
2362	11.284697
2363	11.284697
2364	11.284697
2365	11.284697
2366	11.284697
2367	11.284697
2368	11.284697
2369	11.284697
2370	11.284697
2371	11.284697
2372	11.284697
2373	11.284697
2374	11.284697
2375	11.284697
2376	11.284697
2377	11.284697
2378	11.284697
2379	11.284697
2380	11.284697
2381	11.284697
2382	11.284697
2383	11.284697
2384	11.284697
2385	11.284697
2386	11.284697
2387	11.284697
2388	11.284697
2389	11.284697
2390	11.284697
2391	11.284697
2392	11.284697
2393	11.284697
2394	11.284697
2395	11.284697
2396	11.284697
2397	11.284697
2398	11.284697
2399	11.284697
2400	11.284697
2401	11.284697
2402	11.284697
2403	11.284697
2404	11.284697
2405	11.284697
2406	11.284697
2407	11.284697
2408	11.284697
2409	11.284697
2410	11.284697
2411	11.284697
2412	11.284697
2413	11.284697
2414	11.284697
2415	11.284697
2416	11.284697
2417	11.284697
2418	11.284697
2419	11.284697
2420	11.284697
2421	11.284697
2422	11.284697
2423	11.284697
2424	11.284697
2425	11.284697
2426	11.284697
2427	11.284697
2428	11.284697
2429	11.284697
2430	11.284697
2431	11.284697
2432	11.284697
2433	11.284697
2434	11.284697
2435	11.284697
2436	11.284697
2437	11.284697
2438	11.284697
2439	11.284697
2440	11.284697
2441	11.284697
2442	11.284697
2443	11.284697
2444	11.284697
2445	11.284697
2446	11.284697
2447	11.284697
2448	11.284697
2449	11.284697
2450	11.284697
2451	11.284697
2452	11.284697
2453	11.284697
2454	11.284697
2455	11.284697
2456	11.284697
2457	11.284697
2458	11.284697
2459	11.284697
2460	11.284697
2461	11.284697
2462	11.284697
2463	11.284697
2464	11.284697
2465	11.284697
2466	11.284697
2467	11.284697
2468	11.284697
2469	11.284697
2470	11.284697
2471	11.284697
2472	11.284697
2473	11.284697
2474	11.284697
2475	11.284697
2476	11.284697
2477	11.284697
2478	11.284697
2479	11.284697
2480	11.284697
2481	11.284697
2482	11.284697
2483	11.284697
2484	11.284697
2485	11.284697
2486	11.284697
2487	11.284697
2488	11.284697
2489	11.284697
2490	11.284697
2491	11.284697
2492	11.284697
2493	11.284697
2494	11.284697
2495	11.284697
2496	11.284697
2497	11.284697
2498	11.284697
2499	11.284697
2500	11.284697
2501	11.284697
2502	11.284697
2503	11.284697
2504	11.284697
2505	11.284697
2506	11.284697
2507	11.284697
2508	11.284697
2509	11.284697
2510	11.284697
2511	11.284697
2512	11.284697
2513	11.284697
2514	11.284697
2515	11.284697
2516	11.284697
2517	11.284697
2518	11.284697
2519	11.284697
2520	11.284697
2521	11.284697
2522	11.284697
2523	11.284697
2524	11.284697
2525	11.284697
2526	11.284697
2527	11.284697
2528	11.284697
2529	11.284697
2530	11.284697
2531	11.284697
2532	11.284697
2533	11.284697
2534	11.284697
2535	11.284697
2536	11.284697
2537	11.284697
2538	11.284697
2539	11.284697
2540	11.284697
2541	11.284697
2542	11.284697
2543	11.284697
2544	11.284697
2545	11.284697
2546	11.284697
2547	11.284697
2548	11.284697
2549	11.284697
2550	11.284697
2551	11.284697
2552	11.284697
2553	11.284697
2554	11.284697
2555	11.284697
2556	11.284697
2557	11.284697
2558	11.284697
2559	11.284697
2560	11.284697
2561	11.284697
2562	11.284697
2563	11.284697
2564	11.284697
2565	11.284697
2566	11.284697
2567	11.284697
2568	11.284697
2569	11.284697
2570	11.284697
2571	11.284697
2572	11.284697
2573	11.284697
2574	11.284697
2575	11.284697
2576	11.284697
2577	11.284697
2578	11.284697
2579	11.284697
2580	11.284697
2581	11.284697
2582	11.284697
2583	11.284697
2584	11.284697
2585	11.284697
2586	11.284697
2587	11.284697
2588	11.284697
2589	11.284697
2590	11.284697
2591	11.284697
2592	11.284697
2593	11.284697
2594	11.284697
2595	11.284697
2596	11.284697
2597	11.284697
2598	11.284697
2599	11.284697
2600	11.284697
2601	11.284697
2602	11.284697
2603	11.284697
2604	11.284697
2605	11.284697
2606	11.284697
2607	11.284697
2608	11.284697
2609	11.284697
2610	11.284697
2611	11.284697
2612	11.284697
2613	11.284697
2614	11.284697
2615	11.284697
2616	11.284697
2617	11.284697
2618	11.284697
2619	11.284697
2620	11.284697
2621	11.284697
2622	11.284697
2623	11.284697
2624	11.284697
2625	11.284697
2626	11.284697
2627	11.284697
2628	11.284697
2629	11.284697
2630	11.284697
2631	11.284697
2632	11.284697
2633	11.284697
2634	11.284697
2635	11.284697
2636	11.284697
2637	11.284697
2638	11.284697
2639	11.284697
2640	11.284697
2641	11.284697
2642	11.284697
2643	11.284697
2644	11.284697
2645	11.284697
2646	11.284697
2647	11.284697
2648	11.284697
2649	11.284697
2650	11.284697
2651	11.284697
2652	11.284697
2653	11.284697
2654	11.284697
2655	11.284697
2656	11.284697
2657	11.284697
2658	11.284697
2659	11.284697
2660	11.284697
2661	11.284697
2662	11.284697
2663	11.284697
2664	11.284697
2665	11.284697
2666	11.284697
2667	11.284697
2668	11.284697
2669	11.284697
2670	11.284697
2671	11.284697
2672	11.284697
2673	11.284697
2674	11.284697
2675	11.284697
2676	11.284697
2677	11.284697
2678	11.284697
2679	11.284697
2680	11.284697
2681	11.284697
2682	11.284697
2683	11.284697
2684	11.284697
2685	11.284697
2686	11.284697
2687	11.284697
2688	11.284697
2689	11.284697
2690	11.284697
2691	11.284697
2692	11.284697
2693	11.284697
2694	11.284697
2695	11.284697
2696	11.284697
2697	11.284697
2698	11.284697
2699	11.284697
2700	11.284697
2701	11.284697
2702	11.284697
2703	11.284697
2704	11.284697
2705	11.284697
2706	11.284697
2707	11.284697
2708	11.284697
2709	11.284697
2710	11.284697
2711	11.284697
2712	11.284697
2713	11.284697
2714	11.284697
2715	11.284697
2716	11.284697
2717	11.284697
2718	11.284697
2719	11.284697
2720	11.284697
2721	11.284697
2722	11.284697
2723	11.284697
2724	11.284697
2725	11.284697
2726	11.284697
2727	11.284697
2728	11.284697
2729	11.284697
2730	11.284697
2731	11.284697
2732	11.284697
2733	11.284697
2734	11.284697
2735	11.284697
2736	11.284697
2737	11.284697
2738	11.284697
2739	11.284697
2740	11.284697
2741	11.284697
2742	11.284697
2743	11.284697
2744	11.284697
2745	11.284697
2746	11.284697
2747	11.284697
2748	11.284697
2749	11.284697
2750	11.284697
2751	11.284697
2752	11.284697
2753	11.284697
2754	11.284697
2755	11.284697
2756	11.284697
2757	11.284697
2758	11.284697
2759	11.284697
2760	11.284697
2761	11.284697
2762	11.284697
2763	11.284697
2764	11.284697
2765	11.284697
2766	11.284697
2767	11.284697
2768	11.284697
2769	11.284697
2770	11.284697
2771	11.284697
2772	11.284697
2773	11.284697
2774	11.284697
2775	11.284697
2776	11.284697
2777	11.284697
2778	11.284697
2779	11.284697
2780	11.284697
2781	11.284697
2782	11.284697
2783	11.284697
2784	11.284697
2785	11.284697
2786	11.284697
2787	11.284697
2788	11.284697
2789	11.284697
2790	11.284697
2791	11.284697
2792	11.284697
2793	11.284697
2794	11.284697
2795	11.284697
2796	11.284697
2797	11.284697
2798	11.284697
2799	11.284697
2800	11.284697
2801	11.284697
2802	11.284697
2803	11.284697
2804	11.284697
2805	11.284697
2806	11.284697
2807	11.284697
2808	11.284697
2809	11.284697
2810	11.284697
2811	11.284697
2812	11.284697
2813	11.284697
2814	11.284697
2815	11.284697
2816	11.284697
2817	11.284697
2818	11.284697
2819	11.284697
2820	11.284697
2821	11.284697
2822	11.284697
2823	11.284697
2824	11.284697
2825	11.284697
2826	11.284697
2827	11.284697
2828	11.284697
2829	11.284697
2830	11.284697
2831	11.284697
2832	11.284697
2833	11.284697
2834	11.284697
2835	11.284697
2836	11.284697
2837	11.284697
2838	11.284697
2839	11.284697
2840	11.284697
2841	11.284697
2842	11.284697
2843	11.284697
2844	11.284697
2845	11.284697
2846	11.284697
2847	11.284697
2848	11.284697
2849	11.284697
2850	11.284697
2851	11.284697
2852	11.284697
2853	11.284697
2854	11.284697
2855	11.284697
2856	11.284697
2857	11.284697
2858	11.284697
2859	11.284697
2860	11.284697
2861	11.284697
2862	11.284697
2863	11.284697
2864	11.284697
2865	11.284697
2866	11.284697
2867	11.284697
2868	11.284697
2869	11.284697
2870	11.284697
2871	11.284697
2872	11.284697
2873	11.284697
2874	11.284697
2875	11.284697
2876	11.284697
2877	11.284697
2878	11.284697
2879	11.284697
2880	11.284697
2881	11.284697
2882	11.284697
2883	11.284697
2884	11.284697
2885	11.284697
2886	11.284697
2887	11.284697
2888	11.284697
2889	11.284697
2890	11.284697
2891	11.284697
2892	11.284697
2893	11.284697
2894	11.284697
2895	11.284697
2896	11.284697
2897	11.284697
2898	11.284697
2899	11.284697
2900	11.284697
2901	11.284697
2902	11.284697
2903	11.284697
2904	11.284697
2905	11.284697
2906	11.284697
2907	11.284697
2908	11.284697
2909	11.284697
2910	11.284697
2911	11.284697
2912	11.284697
2913	11.284697
2914	11.284697
2915	11.284697
2916	11.284697
2917	11.284697
2918	11.284697
2919	11.284697
2920	11.284697
2921	11.284697
2922	11.284697
2923	11.284697
2924	11.284697
2925	11.284697
2926	11.284697
2927	11.284697
2928	11.284697
2929	11.284697
2930	11.284697
2931	11.284697
2932	11.284697
2933	11.284697
2934	11.284697
2935	11.284697
2936	11.284697
2937	11.284697
2938	11.284697
2939	11.284697
2940	11.284697
2941	11.284697
2942	11.284697
2943	11.284697
2944	11.284697
2945	11.284697
2946	11.284697
2947	11.284697
2948	11.284697
2949	11.284697
2950	11.284697
2951	11.284697
2952	11.284697
2953	11.284697
2954	11.284697
2955	11.284697
2956	11.284697
2957	11.284697
2958	11.284697
2959	11.284697
2960	11.284697
2961	11.284697
2962	11.284697
2963	11.284697
2964	11.284697
2965	11.284697
2966	11.284697
2967	11.284697
2968	11.284697
2969	11.284697
2970	11.284697
2971	11.284697
2972	11.284697
2973	11.284697
2974	11.284697
2975	11.284697
2976	11.284697
2977	11.284697
2978	11.284697
2979	11.284697
2980	11.284697
2981	11.284697
2982	11.284697
2983	11.284697
2984	11.284697
2985	11.284697
2986	11.284697
2987	11.284697
2988	11.284697
2989	11.284697
2990	11.284697
2991	11.284697
2992	11.284697
2993	11.284697
2994	11.284697
2995	11.284697
2996	11.284697
2997	11.284697
2998	11.284697
2999	11.284697
3000	11.284697
3001	11.284697
3002	11.284697
3003	11.284697
3004	11.284697
3005	11.284697
3006	11.284697
3007	11.284697
3008	11.284697
3009	11.284697
3010	11.284697
3011	11.284697
3012	11.284697
3013	11.284697
3014	11.284697
3015	11.284697
3016	11.284697
3017	11.284697
3018	11.284697
3019	11.284697
3020	11.284697
3021	11.284697
3022	11.284697
3023	11.284697
3024	11.284697
3025	11.284697
3026	11.284697
3027	11.284697
3028	11.284697
3029	11.284697
3030	11.284697
3031	11.284697
3032	11.284697
3033	11.284697
3034	11.284697
3035	11.284697
3036	11.284697
3037	11.284697
3038	11.284697
3039	11.284697
3040	11.284697
3041	11.284697
3042	11.284697
3043	11.284697
3044	11.284697
3045	11.284697
