1	6.666936
2	6.772971
3	6.794373
4	6.640107
5	6.867318
6	6.8745
7	6.88322
8	6.928915
9	6.695972
10	6.720191
11	6.720437
12	6.716997
13	6.739743
14	6.670282
15	6.717862
16	6.732052
17	6.777892
18	6.794084
19	6.785176
20	6.79405
21	6.803626
22	6.803626
23	7.008532
24	7.009975
25	7.062974
26	7.083834
27	7.105786
28	7.178482
29	7.027027
30	7.143892
31	7.336652
32	7.336652
33	7.37024
34	7.341022
35	7.36064
36	7.379241
37	7.379241
38	7.379241
39	7.542343
40	7.433129
41	7.493889
42	7.493889
43	7.507219
44	7.530725
45	7.428733
46	7.451938
47	7.468358
48	7.484621
49	7.489121
50	7.521521
51	7.538069
52	7.566696
53	7.574558
54	7.574558
55	7.871583
56	7.873411
57	7.873411
58	7.873411
59	8.050016
60	8.066066
61	8.066066
62	8.136966
63	8.191254
64	8.191254
65	8.212019
66	7.786831
67	7.808639
68	7.818328
69	7.820223
70	7.838446
71	7.841442
72	7.854272
73	7.864124
74	7.67282
75	7.688659
76	7.688659
77	7.689729
78	7.799705
79	7.799705
80	7.812665
81	7.82533
82	7.830346
83	7.839628
84	7.839628
85	7.787627
86	7.776432
87	7.802232
88	7.830368
89	7.857783
90	7.902473
91	7.941633
92	7.941633
93	7.799409
94	7.756839
95	7.777739
96	7.857449
97	7.727895
98	7.637534
99	7.871375
100	7.761399
101	7.79307
102	7.79307
103	7.790462
104	7.63389
105	7.635012
106	7.637262
107	7.556482
108	7.568022
109	7.643334
110	7.609909
111	7.619269
112	7.663008
113	7.792612
114	7.792612
115	7.792612
116	7.849908
117	7.852866
118	7.85172
119	8.137408
120	8.18698
121	8.25622
122	8.287988
123	8.124968
124	8.299928
125	8.380944
126	8.380944
127	8.380944
128	8.380944
129	8.487952
130	8.48828
131	8.48828
132	8.532215
133	8.651511
134	8.700417
135	8.595081
136	8.420121
137	8.420121
138	8.364045
139	8.401726
140	8.418624
141	8.474636
142	8.33547
143	8.295415
144	8.35654
145	8.360572
146	8.367112
147	8.377642
148	8.377642
149	8.377642
150	8.377642
151	8.432729
152	8.431781
153	8.431781
154	8.414598
155	8.35147
156	8.36304
157	8.364357
158	8.294969
159	8.370284
160	8.370284
161	8.306132
162	8.360078
163	8.354156
164	8.599215
165	8.599215
166	8.624001
167	8.624001
168	8.624001
169	8.562112
170	8.562112
171	8.784817
172	8.799535
173	9.01549
174	9.016426
175	9.051345
176	9.030429
177	9.030429
178	9.030429
179	9.030429
180	9.050033
181	9.13748
182	9.13748
183	9.12784
184	9.103363
185	9.103363
186	9.174307
187	9.174307
188	9.174307
189	9.174307
190	9.26547
191	9.270486
192	9.273438
193	9.273438
194	9.208821
195	9.208821
196	9.208821
197	9.200072
198	9.22649
199	9.259898
200	9.259898
201	9.145636
202	9.111081
203	9.113401
204	9.113401
205	9.121715
206	8.894081
207	8.924105
208	9.067671
209	9.067671
210	9.026005
211	9.095646
212	9.116718
213	9.068048
214	9.020871
215	9.084259
216	9.084259
217	9.084259
218	9.220707
219	9.220921
220	9.220921
221	9.220921
222	9.220921
223	9.211611
224	9.220971
225	9.200622
226	9.200622
227	9.201693
228	9.201693
229	9.160395
230	9.160395
231	9.151035
232	9.151035
233	9.064882
234	9.20994
235	9.227668
236	8.959703
237	9.205886
238	9.205886
239	9.23168
240	9.23168
241	9.23168
242	9.389858
243	9.479359
244	9.479359
245	9.479359
246	9.415725
247	9.352337
248	9.19055
249	9.082822
250	9.038197
251	9.038197
252	9.038197
253	8.893139
254	8.893139
255	8.747502
256	8.747502
257	8.804496
258	8.721668
259	8.721668
260	8.866726
261	8.827216
262	8.827216
263	8.682158
264	8.687526
265	8.687526
266	8.687526
267	8.630532
268	8.779413
269	8.721222
270	8.576005
271	8.607421
272	8.607421
273	8.571721
274	8.726534
275	8.726534
276	8.726534
277	8.726534
278	8.869217
279	8.893136
280	8.893136
281	8.893136
282	8.893136
283	8.929062
284	8.893136
285	8.893136
286	8.95987
287	9.021759
288	9.036144
289	9.036144
290	9.034966
291	9.034966
292	9.032622
293	9.034966
294	9.058885
295	9.058885
296	9.058885
297	9.058885
298	9.023579
299	9.023579
300	9.000704
301	9.010264
302	9.010264
303	9.014851
304	9.009483
305	9.018268
306	9.123628
307	9.123628
308	9.123628
309	9.263821
310	9.263821
311	9.263821
312	9.269189
313	9.269189
314	9.287298
315	9.287298
316	9.23733
317	9.23733
318	9.241907
319	9.241907
320	9.262979
321	9.288581
322	9.281357
323	9.281357
324	9.281357
325	9.236594
326	9.236594
327	9.236594
328	9.236594
329	9.236594
330	9.236594
331	9.236594
332	9.154797
333	9.150465
334	9.150465
335	9.150465
336	9.156607
337	9.156607
338	9.156607
339	9.255163
340	9.241233
341	9.241233
342	9.332616
343	9.332616
344	9.332616
345	9.368542
346	9.368542
347	9.372996
348	9.380401
349	9.380401
350	9.380401
351	9.35656
352	9.35656
353	9.35656
354	9.35656
355	9.347
356	9.347
357	9.347
358	9.347
359	9.347
360	9.347
361	9.36326
362	9.352718
363	9.355728
364	9.365288
365	9.340961
366	9.340961
367	9.331401
368	9.331401
369	9.331401
370	9.331401
371	9.331401
372	9.331401
373	9.401842
374	9.327127
375	9.327127
376	9.239917
377	9.338473
378	9.338473
379	9.219104
380	9.219104
381	9.219104
382	9.231174
383	9.231174
384	9.231174
385	9.231174
386	9.231174
387	9.231174
388	9.240734
389	9.33816
390	9.3286
391	9.3286
392	9.3286
393	9.319692
394	9.319692
395	9.329252
396	9.342386
397	9.342386
398	9.342386
399	9.342386
400	9.342386
401	9.187599
402	9.162344
403	9.281022
404	9.281022
405	9.291497
406	9.291497
407	9.291497
408	9.284092
409	9.387117
410	9.284092
411	9.284092
412	9.351793
413	9.369703
414	9.359228
415	9.359228
416	9.359228
417	9.359228
418	9.359228
419	9.359228
420	9.172853
421	9.172853
422	9.172853
423	9.180258
424	9.180258
425	9.340053
426	9.376435
427	9.376435
428	9.376435
429	9.376435
430	9.458062
431	9.458062
432	9.458062
433	9.459653
434	9.459653
435	9.459653
436	9.459653
437	9.459653
438	9.45368
439	9.45368
440	9.45368
441	9.45368
442	9.45368
443	9.45368
444	9.45368
445	9.45368
446	9.54358
447	9.54358
448	9.54358
449	9.55496
450	9.55496
451	9.547555
452	9.486127
453	9.493532
454	9.576692
455	9.576692
456	9.576692
457	9.576692
458	9.558583
459	9.569701
460	9.569701
461	9.569701
462	9.58781
463	9.58781
464	9.58781
465	9.58781
466	9.58781
467	9.58781
468	9.580405
469	9.663635
470	9.663635
471	9.591841
472	9.624676
473	9.725332
474	9.64279
475	9.64279
476	9.64279
477	9.546238
478	9.475844
479	9.447725
480	9.447725
481	9.45071
482	9.45945
483	9.45945
484	9.441341
485	9.441341
486	9.441341
487	9.441341
488	9.401752
489	9.401752
490	9.416332
491	9.416332
492	9.416332
493	9.401752
494	9.530997
495	9.448219
496	9.448219
497	9.568067
498	9.651227
499	9.651227
500	9.64665
501	9.64665
502	9.653574
503	9.653574
504	9.680406
505	9.756624
506	9.756624
507	9.759096
508	9.759096
509	9.759096
510	9.750356
511	9.757761
512	9.847924
513	9.847924
514	9.847924
515	9.847924
516	9.703031
517	9.622895
518	9.622895
519	9.622895
520	9.61549
521	9.61549
522	9.620125
523	9.620125
524	9.595567
525	9.595567
526	9.602972
527	9.60359
528	9.596185
529	9.596185
530	9.596185
531	9.596185
532	9.668621
533	9.668621
534	9.706431
535	9.713836
536	9.713836
537	9.713836
538	9.713836
539	9.713836
540	9.666296
541	9.666296
542	9.666296
543	9.666296
544	9.812244
545	9.810081
546	9.802676
547	9.802676
548	9.84129
549	9.84129
550	9.84129
551	9.84129
552	9.84129
553	9.84129
554	9.84129
555	9.84129
556	9.84129
557	9.84129
558	9.84129
559	9.802676
560	9.802676
561	9.802676
562	9.802676
563	9.892624
564	9.892624
565	9.892624
566	9.892624
567	9.892624
568	9.892624
569	9.892624
570	9.892624
571	9.892624
572	9.89386
573	9.943586
574	9.936788
575	9.936788
576	9.936788
577	9.937715
578	9.937715
579	10.081215
580	10.081215
581	10.099324
582	10.100869
583	10.100869
584	10.100869
585	10.100869
586	10.100869
587	10.100869
588	10.099633
589	10.099633
590	10.099633
591	10.096847
592	10.096847
593	10.096847
594	10.096847
595	10.096847
596	10.096847
597	10.096847
598	10.027794
599	10.027794
600	10.027794
601	10.027794
602	10.027794
603	10.027794
604	10.027794
605	10.027794
606	10.027794
607	10.027794
608	10.027794
609	10.027794
610	10.027794
611	10.027794
612	10.027794
613	9.976183
614	9.976183
615	9.976183
616	9.976183
617	9.976183
618	9.976183
619	9.976183
620	9.976183
621	9.976183
622	9.976183
623	9.979582
624	9.979582
625	9.979582
626	9.979582
627	9.979582
628	9.884627
629	9.884627
630	9.884627
631	9.885554
632	9.885863
633	9.887717
634	9.887717
635	9.856247
636	9.856247
637	9.856247
638	9.856247
639	9.856247
640	9.856247
641	9.856247
642	9.856247
643	9.856247
644	9.88792
645	9.901191
646	9.901191
647	9.901191
648	9.901191
649	9.901191
650	9.901191
651	9.901191
652	9.901191
653	9.894084
654	9.894084
655	9.894084
656	9.894084
657	9.894084
658	9.894084
659	9.894084
660	9.894084
661	9.894084
662	9.894084
663	9.894084
664	9.920551
665	9.932911
666	9.932911
667	9.932911
668	9.932911
669	9.941667
670	9.941667
671	9.941667
672	9.941667
673	9.941667
674	9.987746
675	9.995471
676	9.995471
677	10.02552
678	10.02552
679	10.02552
680	10.02552
681	10.02552
682	10.02552
683	10.025561
684	10.025561
685	10.025561
686	10.025561
687	10.025561
688	10.025561
689	10.043073
690	10.043073
691	9.996994
692	9.996994
693	9.996994
694	9.996994
695	9.998586
696	9.998586
697	9.998586
698	9.998586
699	10.044665
700	10.044665
701	10.044665
702	10.044665
703	10.033163
704	10.033163
705	10.033163
706	10.035153
707	9.962717
708	9.962717
709	9.962717
710	10.090674
711	10.090674
712	10.090674
713	10.038436
714	10.038436
715	10.092365
716	10.092365
717	10.092365
718	10.092365
719	10.092365
720	10.092365
721	10.092365
722	10.092365
723	10.092365
724	10.092365
725	10.092365
726	10.092365
727	10.092365
728	10.092365
729	10.092365
730	10.092365
731	10.092365
732	10.092365
733	10.092365
734	10.092365
735	10.092365
736	10.092365
737	10.092365
738	10.092365
739	10.092365
740	10.092365
741	10.092365
742	10.092365
743	10.092365
744	10.092365
745	10.092365
746	10.092365
747	10.092365
748	10.046286
749	10.046286
750	10.046286
751	10.046286
752	10.046286
753	10.046286
754	10.046286
755	10.046286
756	10.046286
757	10.046286
758	10.046286
759	10.092365
760	10.092365
761	10.092365
762	10.092365
763	10.092365
764	10.092365
765	10.092365
766	10.092365
767	10.092365
768	10.092365
769	10.073062
770	10.05555
771	10.05555
772	10.05555
773	10.05555
774	10.05555
775	10.05555
776	10.05953
777	10.05953
778	10.05953
779	10.111768
780	10.111768
781	10.111768
782	10.107788
783	10.107788
784	10.061709
785	10.061709
786	10.061709
787	10.061709
788	10.061709
789	10.061709
790	10.061709
791	10.061709
792	10.061709
793	10.061709
794	10.061709
795	10.061709
796	10.061709
797	10.060117
798	10.012382
799	10.012382
800	10.012382
801	10.012382
802	10.012382
803	10.012382
804	10.012382
805	10.012382
806	10.012382
807	10.012382
808	10.012382
809	10.012382
810	10.012382
811	10.087562
812	10.087562
813	10.087562
814	10.087562
815	10.087562
816	10.087562
817	10.087562
818	10.087562
819	10.087562
820	10.087562
821	10.087562
822	10.087562
823	10.105074
824	10.105074
825	10.105074
826	10.103084
827	10.149163
828	10.149163
829	10.149163
830	10.149163
831	10.149163
832	10.149163
833	10.149163
834	10.149163
835	10.141402
836	10.134437
837	10.134437
838	10.134437
839	10.134437
840	10.134437
841	10.134437
842	10.134437
843	10.139833
844	10.139833
845	10.139833
846	10.139833
847	10.139833
848	10.139833
849	10.139833
850	10.146798
851	10.146798
852	10.146798
853	10.146798
854	10.146798
855	10.146798
856	10.146798
857	10.146798
858	10.146798
859	10.146798
860	10.146798
861	10.146798
862	10.146798
863	10.146798
864	10.146798
865	10.146798
866	10.146798
867	10.146798
868	10.12451
869	10.12451
870	10.104612
871	10.104612
872	10.12451
873	10.12451
874	10.12451
875	10.172899
876	10.171224
877	10.186749
878	10.186749
879	10.186749
880	10.186749
881	10.186749
882	10.186749
883	10.186749
884	10.186749
885	10.186749
886	10.186749
887	10.186749
888	10.186749
889	10.186749
890	10.186749
891	10.186749
892	10.258669
893	10.258669
894	10.258669
895	10.258669
896	10.258669
897	10.258669
898	10.258669
899	10.258669
900	10.258669
901	10.258669
902	10.258669
903	10.258669
904	10.258669
905	10.258669
906	10.258669
907	10.258669
908	10.258669
909	10.277972
910	10.277972
911	10.277972
912	10.277972
913	10.277972
914	10.277972
915	10.277972
916	10.277972
917	10.277972
918	10.277972
919	10.277972
920	10.277972
921	10.277972
922	10.277972
923	10.277972
924	10.277972
925	10.277972
926	10.277972
927	10.277972
928	10.277972
929	10.277972
930	10.277972
931	10.277972
932	10.277972
933	10.277972
934	10.277972
935	10.277972
936	10.277972
937	10.277972
938	10.277972
939	10.277972
940	10.277972
941	10.271007
942	10.271007
943	10.271007
944	10.271007
945	10.271007
946	10.271007
947	10.271007
948	10.271007
949	10.271007
950	10.271007
951	10.271007
952	10.271007
953	10.271007
954	10.271007
955	10.271007
956	10.271007
957	10.273793
958	10.273793
959	10.273793
960	10.273793
961	10.273793
962	10.273793
963	10.273793
964	10.273793
965	10.273793
966	10.273793
967	10.273793
968	10.275385
969	10.275385
970	10.275385
971	10.275385
972	10.275385
973	10.275385
974	10.275385
975	10.275385
976	10.275385
977	10.275385
978	10.275385
979	10.275385
980	10.275385
981	10.275385
982	10.275385
983	10.275385
984	10.275385
985	10.275385
986	10.28235
987	10.28235
988	10.28235
989	10.30026
990	10.30026
991	10.30026
992	10.30026
993	10.30026
994	10.30026
995	10.30026
996	10.30026
997	10.30026
998	10.30026
999	10.30026
1000	10.30026
1001	10.30026
1002	10.30026
1003	10.30026
1004	10.30026
1005	10.30026
1006	10.30026
1007	10.30026
1008	10.288242
1009	10.288242
1010	10.288242
1011	10.288242
1012	10.288242
1013	10.288242
1014	10.288242
1015	10.288242
1016	10.288242
1017	10.288242
1018	10.288242
1019	10.288242
1020	10.288242
1021	10.288242
1022	10.288242
1023	10.288242
1024	10.288242
1025	10.288242
1026	10.288242
1027	10.288242
1028	10.288242
1029	10.288242
1030	10.288242
1031	10.30026
1032	10.30026
1033	10.30026
1034	10.30026
1035	10.30026
1036	10.30026
1037	10.30026
1038	10.30026
1039	10.298454
1040	10.298454
1041	10.298454
1042	10.298454
1043	10.298454
1044	10.298454
1045	10.298454
1046	10.280942
1047	10.280942
1048	10.280942
1049	10.280942
1050	10.280942
1051	10.280942
1052	10.280942
1053	10.280942
1054	10.280942
1055	10.280942
1056	10.280942
1057	10.280942
1058	10.280942
1059	10.280942
1060	10.280942
1061	10.280942
1062	10.280942
1063	10.280942
1064	10.280942
1065	10.280942
1066	10.280942
1067	10.28342
1068	10.28342
1069	10.28342
1070	10.28342
1071	10.28342
1072	10.28342
1073	10.28342
1074	10.263918
1075	10.263918
1076	10.263918
1077	10.263918
1078	10.231481
1079	10.241561
1080	10.241561
1081	10.241561
1082	10.241561
1083	10.241561
1084	10.241561
1085	10.241561
1086	10.241561
1087	10.241561
1088	10.241561
1089	10.238775
1090	10.238775
1091	10.238775
1092	10.238775
1093	10.238775
1094	10.238775
1095	10.238775
1096	10.238775
1097	10.238775
1098	10.238775
1099	10.238775
1100	10.238775
1101	10.238775
1102	10.238775
1103	10.238775
1104	10.238775
1105	10.238775
1106	10.238775
1107	10.238775
1108	10.238775
1109	10.238775
1110	10.238775
1111	10.238775
1112	10.238775
1113	10.238775
1114	10.238775
1115	10.238775
1116	10.238775
1117	10.238775
1118	10.238775
1119	10.238775
1120	10.238775
1121	10.238775
1122	10.241561
1123	10.241561
1124	10.241561
1125	10.241561
1126	10.241561
1127	10.238775
1128	10.244479
1129	10.244479
1130	10.244479
1131	10.244479
1132	10.244479
1133	10.244479
1134	10.244479
1135	10.244479
1136	10.244479
1137	10.244479
1138	10.244479
1139	10.244479
1140	10.244479
1141	10.244479
1142	10.244479
1143	10.244479
1144	10.244479
1145	10.244479
1146	10.244479
1147	10.244479
1148	10.247265
1149	10.247265
1150	10.247265
1151	10.247265
1152	10.247265
1153	10.247265
1154	10.247265
1155	10.247265
1156	10.247265
1157	10.247265
1158	10.247265
1159	10.247265
1160	10.247265
1161	10.247265
1162	10.247265
1163	10.247265
1164	10.247265
1165	10.247265
1166	10.247265
1167	10.247265
1168	10.247265
1169	10.247265
1170	10.247265
1171	10.247265
1172	10.247265
1173	10.247265
1174	10.247265
1175	10.247265
1176	10.247265
1177	10.247265
1178	10.247265
1179	10.247265
1180	10.247265
1181	10.247265
1182	10.247265
1183	10.279702
1184	10.279702
1185	10.279702
1186	10.279702
1187	10.279702
1188	10.279702
1189	10.279702
1190	10.279702
1191	10.279702
1192	10.279702
1193	10.279702
1194	10.279702
1195	10.279702
1196	10.279702
1197	10.279702
1198	10.279702
1199	10.279702
1200	10.279702
1201	10.279702
1202	10.279702
1203	10.279702
1204	10.279702
1205	10.279702
1206	10.279702
1207	10.279702
1208	10.279702
1209	10.279702
1210	10.279702
1211	10.279702
1212	10.279702
1213	10.279702
1214	10.279702
1215	10.279702
1216	10.279702
1217	10.279702
1218	10.279702
1219	10.279702
1220	10.279702
1221	10.279702
1222	10.279702
1223	10.279702
1224	10.279702
1225	10.279702
1226	10.279702
1227	10.279702
1228	10.279702
1229	10.279702
1230	10.279702
1231	10.279702
1232	10.279702
1233	10.279702
1234	10.279702
1235	10.279702
1236	10.279702
1237	10.279702
1238	10.279702
1239	10.279702
1240	10.279702
1241	10.279702
1242	10.279702
1243	10.279702
1244	10.279702
1245	10.279702
1246	10.279702
1247	10.279702
1248	10.279702
1249	10.279702
1250	10.279702
1251	10.279702
1252	10.279702
1253	10.279702
1254	10.279702
1255	10.279661
1256	10.279661
1257	10.279661
1258	10.279661
1259	10.279661
1260	10.279661
1261	10.276875
1262	10.276875
1263	10.276875
1264	10.276875
1265	10.276875
1266	10.276875
1267	10.276875
1268	10.276875
1269	10.276875
1270	10.276875
1271	10.276875
1272	10.276875
1273	10.276875
1274	10.276875
1275	10.276875
1276	10.276875
1277	10.276875
1278	10.276875
1279	10.276875
1280	10.276875
1281	10.276875
1282	10.276875
1283	10.276875
1284	10.276875
1285	10.276875
1286	10.276875
1287	10.276875
1288	10.276875
1289	10.276875
1290	10.276875
1291	10.276875
1292	10.276875
1293	10.276875
1294	10.276875
1295	10.276875
1296	10.276875
1297	10.276875
1298	10.276875
1299	10.276875
1300	10.276875
1301	10.276875
1302	10.276875
1303	10.276875
1304	10.276875
1305	10.276875
1306	10.276875
1307	10.276875
1308	10.276875
1309	10.276875
1310	10.276875
1311	10.276875
1312	10.276875
1313	10.276875
1314	10.276875
1315	10.276875
1316	10.276875
1317	10.276875
1318	10.276875
1319	10.276875
1320	10.276875
1321	10.276875
1322	10.276875
1323	10.276875
1324	10.276875
1325	10.276875
1326	10.276875
1327	10.276875
1328	10.276875
1329	10.276875
1330	10.276875
1331	10.276875
1332	10.276875
1333	10.276875
1334	10.276875
1335	10.276875
1336	10.276875
1337	10.276875
1338	10.276875
1339	10.276875
1340	10.276875
1341	10.276875
1342	10.276875
1343	10.276875
1344	10.276875
1345	10.276875
1346	10.276875
1347	10.276875
1348	10.276875
1349	10.276875
1350	10.276875
1351	10.276875
1352	10.276875
1353	10.276875
1354	10.276875
1355	10.276875
1356	10.276875
1357	10.276875
1358	10.276875
1359	10.276875
1360	10.276875
1361	10.276875
1362	10.276875
1363	10.276875
1364	10.276875
1365	10.276875
1366	10.276875
1367	10.276875
1368	10.276875
1369	10.276875
1370	10.276875
1371	10.276875
1372	10.276875
1373	10.276875
1374	10.276875
1375	10.276875
1376	10.276875
1377	10.276875
1378	10.276875
1379	10.276875
1380	10.276875
1381	10.276875
1382	10.276875
1383	10.276875
1384	10.276875
1385	10.276875
1386	10.276875
1387	10.276875
1388	10.276875
1389	10.276875
1390	10.276875
1391	10.276875
1392	10.276875
1393	10.276875
1394	10.276875
1395	10.276875
1396	10.276875
1397	10.276875
1398	10.276875
1399	10.276875
1400	10.276875
1401	10.276875
1402	10.276875
1403	10.276875
1404	10.276875
1405	10.276875
1406	10.276875
1407	10.276875
1408	10.276875
1409	10.276676
1410	10.276676
1411	10.276717
1412	10.276717
1413	10.276676
1414	10.276676
1415	10.276676
1416	10.276676
1417	10.276676
1418	10.276676
1419	10.276676
1420	10.276676
1421	10.276676
1422	10.276676
1423	10.276676
1424	10.276676
1425	10.276676
1426	10.276676
1427	10.276676
1428	10.276676
1429	10.276676
1430	10.276676
1431	10.276676
1432	10.276676
1433	10.276676
1434	10.276676
1435	10.276676
1436	10.276676
1437	10.278268
1438	10.278268
1439	10.278268
1440	10.278268
1441	10.278268
1442	10.278268
1443	10.278268
1444	10.278268
1445	10.278268
1446	10.278268
1447	10.278268
1448	10.278268
1449	10.278268
1450	10.278268
1451	10.278268
1452	10.278268
1453	10.278268
1454	10.278268
1455	10.278268
1456	10.278268
1457	10.278268
1458	10.278268
1459	10.278268
1460	10.278268
1461	10.278268
1462	10.278268
1463	10.278268
1464	10.278268
1465	10.278268
1466	10.278268
1467	10.278268
1468	10.278268
1469	10.278268
1470	10.278268
1471	10.278268
1472	10.278268
1473	10.278268
1474	10.278268
1475	10.278268
1476	10.278268
1477	10.278268
1478	10.278268
1479	10.278268
1480	10.278268
1481	10.278268
1482	10.278268
1483	10.278268
1484	10.278268
1485	10.278268
1486	10.278268
1487	10.278268
1488	10.278268
1489	10.278268
1490	10.278268
1491	10.278268
1492	10.278268
1493	10.278268
1494	10.278268
1495	10.278268
1496	10.278268
1497	10.307322
1498	10.307322
1499	10.307322
1500	10.307322
1501	10.307322
1502	10.307322
1503	10.307322
1504	10.307322
1505	10.307322
1506	10.307322
1507	10.307322
1508	10.307322
1509	10.307322
1510	10.307322
1511	10.307322
1512	10.307322
1513	10.307322
1514	10.307322
1515	10.307322
1516	10.307322
1517	10.307322
1518	10.307322
1519	10.307322
1520	10.307322
1521	10.307322
1522	10.307322
1523	10.307322
1524	10.307322
1525	10.307322
1526	10.307322
1527	10.307322
1528	10.307322
1529	10.307322
1530	10.307322
1531	10.307322
1532	10.307322
1533	10.307322
1534	10.307322
1535	10.307322
1536	10.307322
1537	10.307322
1538	10.307322
1539	10.307322
1540	10.307322
1541	10.307322
1542	10.307322
1543	10.307322
1544	10.307322
1545	10.307322
1546	10.307322
1547	10.307322
1548	10.307322
1549	10.307322
1550	10.307322
1551	10.307322
1552	10.307322
1553	10.307322
1554	10.307322
1555	10.307322
1556	10.307322
1557	10.307322
1558	10.307322
1559	10.307322
1560	10.307322
1561	10.307322
1562	10.307322
1563	10.307322
1564	10.307322
1565	10.307322
1566	10.307322
1567	10.307322
1568	10.307322
1569	10.307322
1570	10.307322
1571	10.307322
1572	10.307363
1573	10.307363
1574	10.307363
1575	10.307363
1576	10.307363
1577	10.307363
1578	10.307363
1579	10.307363
1580	10.307363
1581	10.307363
1582	10.307363
1583	10.307363
1584	10.307363
1585	10.307363
1586	10.307363
1587	10.307363
1588	10.307363
1589	10.307363
1590	10.307363
1591	10.307363
1592	10.307363
1593	10.307363
1594	10.307363
1595	10.307363
1596	10.307363
1597	10.307363
1598	10.307363
1599	10.307363
1600	10.307363
1601	10.307363
1602	10.307363
1603	10.307363
1604	10.307363
1605	10.307363
1606	10.307363
1607	10.307363
1608	10.307363
1609	10.307363
1610	10.307363
1611	10.307363
1612	10.307363
1613	10.307363
1614	10.307363
1615	10.307363
1616	10.307363
1617	10.307363
1618	10.307363
1619	10.307363
1620	10.307363
1621	10.307363
1622	10.307363
1623	10.307363
1624	10.307363
1625	10.307363
1626	10.307363
1627	10.307363
1628	10.307363
1629	10.307363
1630	10.307363
1631	10.307363
1632	10.310149
1633	10.310149
1634	10.310149
1635	10.310149
1636	10.310149
1637	10.310149
1638	10.310149
1639	10.310149
1640	10.310149
1641	10.310149
1642	10.310149
1643	10.310149
1644	10.310149
1645	10.310149
1646	10.310149
1647	10.310149
1648	10.310149
1649	10.310149
1650	10.310149
1651	10.310149
1652	10.310149
1653	10.310149
1654	10.310149
1655	10.310149
1656	10.310149
1657	10.310149
1658	10.310149
1659	10.310149
1660	10.310149
1661	10.310149
1662	10.310149
1663	10.310149
1664	10.310149
1665	10.310149
1666	10.310149
1667	10.310149
1668	10.310149
1669	10.310149
1670	10.310149
1671	10.310149
1672	10.310149
1673	10.310149
1674	10.310149
1675	10.310149
1676	10.310149
1677	10.310149
1678	10.310149
1679	10.310149
1680	10.310149
1681	10.310149
1682	10.310149
1683	10.310149
1684	10.310149
1685	10.310149
1686	10.310149
1687	10.310149
1688	10.310149
1689	10.310149
1690	10.310149
1691	10.310149
1692	10.310149
1693	10.310149
1694	10.310149
1695	10.310149
1696	10.310149
1697	10.310149
1698	10.310149
1699	10.310149
1700	10.310149
1701	10.310149
1702	10.310149
1703	10.310149
1704	10.310149
1705	10.310149
1706	10.310149
1707	10.310149
1708	10.310149
1709	10.310149
1710	10.310149
1711	10.310149
1712	10.310149
1713	10.310149
1714	10.310149
1715	10.310149
1716	10.310149
1717	10.310149
1718	10.310149
1719	10.310149
1720	10.310149
1721	10.310149
1722	10.310149
1723	10.310149
1724	10.310149
1725	10.310149
1726	10.310149
1727	10.310149
1728	10.310149
1729	10.310149
1730	10.310149
1731	10.310149
1732	10.310149
1733	10.310149
1734	10.310149
1735	10.310149
1736	10.310149
1737	10.310149
1738	10.310149
1739	10.310149
1740	10.310149
1741	10.310149
1742	10.310149
1743	10.310149
1744	10.310149
1745	10.310149
1746	10.310149
1747	10.310149
1748	10.310149
1749	10.310149
1750	10.310149
1751	10.310149
1752	10.310149
1753	10.310149
1754	10.310149
1755	10.310149
1756	10.310149
1757	10.310149
1758	10.310149
1759	10.310149
1760	10.310149
1761	10.310149
1762	10.310149
1763	10.310149
1764	10.310149
1765	10.310149
1766	10.310149
1767	10.310149
1768	10.310149
1769	10.310149
1770	10.310149
1771	10.310149
1772	10.310149
1773	10.310149
1774	10.310149
1775	10.310149
1776	10.310149
1777	10.310149
1778	10.310149
1779	10.310149
1780	10.310149
1781	10.310149
1782	10.310149
1783	10.310149
1784	10.310149
1785	10.310149
1786	10.310149
1787	10.310149
1788	10.310149
1789	10.310149
1790	10.310149
1791	10.310149
1792	10.310149
1793	10.310149
1794	10.310149
1795	10.310149
1796	10.310149
1797	10.310149
1798	10.310149
1799	10.310149
1800	10.310149
1801	10.310149
1802	10.310149
1803	10.310149
1804	10.310149
1805	10.310149
1806	10.310149
1807	10.310149
1808	10.310149
1809	10.310149
1810	10.310149
1811	10.310149
1812	10.310149
1813	10.310149
1814	10.310149
1815	10.310149
1816	10.310149
1817	10.310149
1818	10.310149
1819	10.310149
1820	10.310149
1821	10.310149
1822	10.310149
1823	10.310149
1824	10.310149
1825	10.310149
1826	10.310149
1827	10.310149
1828	10.310149
1829	10.310149
1830	10.310149
1831	10.310149
1832	10.310149
1833	10.310149
1834	10.310149
1835	10.310149
1836	10.310149
1837	10.310149
1838	10.310149
1839	10.310149
1840	10.310149
1841	10.310149
1842	10.310149
1843	10.310149
1844	10.310149
1845	10.310149
1846	10.310149
1847	10.310149
1848	10.310149
1849	10.310149
1850	10.310149
1851	10.310149
1852	10.310149
1853	10.310149
1854	10.310149
1855	10.310149
1856	10.310149
1857	10.310149
1858	10.310149
1859	10.310149
1860	10.310149
1861	10.310149
1862	10.310149
1863	10.310149
1864	10.310149
1865	10.310149
1866	10.310149
1867	10.310149
1868	10.310149
1869	10.310149
1870	10.310149
1871	10.310149
1872	10.310149
1873	10.310149
1874	10.310149
1875	10.310149
1876	10.310149
1877	10.310149
1878	10.310149
1879	10.310149
1880	10.310108
1881	10.310108
1882	10.310108
1883	10.310108
1884	10.310108
1885	10.310108
1886	10.310108
1887	10.310108
1888	10.310108
1889	10.310108
1890	10.310108
1891	10.310108
1892	10.310108
1893	10.310108
1894	10.310108
1895	10.310108
1896	10.310108
1897	10.310108
1898	10.310108
1899	10.310108
1900	10.310108
1901	10.310108
1902	10.310108
1903	10.310108
1904	10.310108
1905	10.310108
1906	10.310108
1907	10.310108
1908	10.310108
1909	10.310108
1910	10.310108
1911	10.310108
1912	10.310108
1913	10.310108
1914	10.310108
1915	10.310108
1916	10.310108
1917	10.310108
1918	10.310108
1919	10.310108
1920	10.310108
1921	10.310108
1922	10.310108
1923	10.310108
1924	10.310108
1925	10.310108
1926	10.310108
1927	10.310108
1928	10.310108
1929	10.310108
1930	10.310108
1931	10.310108
1932	10.310108
1933	10.310108
1934	10.310108
1935	10.310108
1936	10.310108
1937	10.310108
1938	10.310108
1939	10.310108
1940	10.310108
1941	10.310108
1942	10.310108
1943	10.310108
1944	10.310108
1945	10.310108
1946	10.310108
1947	10.310108
1948	10.310108
1949	10.310108
1950	10.310108
1951	10.310108
1952	10.310108
1953	10.310108
1954	10.310108
1955	10.310108
1956	10.310108
1957	10.310108
1958	10.310108
1959	10.310108
1960	10.310108
1961	10.310108
1962	10.310108
1963	10.310108
1964	10.310108
1965	10.310108
1966	10.310108
1967	10.310108
1968	10.310108
1969	10.310108
1970	10.310108
1971	10.310108
1972	10.310108
1973	10.310108
1974	10.310108
1975	10.310108
1976	10.310108
1977	10.310108
1978	10.310108
1979	10.310108
1980	10.310108
1981	10.310108
1982	10.310108
1983	10.310108
1984	10.310108
1985	10.310108
1986	10.310108
1987	10.310108
1988	10.310108
1989	10.310108
1990	10.310108
1991	10.310108
1992	10.310108
1993	10.310108
1994	10.310108
1995	10.310108
1996	10.310108
1997	10.310108
1998	10.310108
1999	10.310108
2000	10.310108
2001	10.310108
2002	10.310108
2003	10.310108
2004	10.310108
2005	10.310108
2006	10.310108
2007	10.310108
2008	10.310108
2009	10.310108
2010	10.310108
2011	10.310108
2012	10.310108
2013	10.310108
2014	10.310108
2015	10.310108
2016	10.310108
2017	10.310108
2018	10.310108
2019	10.310108
2020	10.310108
2021	10.310108
2022	10.310108
2023	10.310108
2024	10.310108
2025	10.310108
2026	10.310108
2027	10.310108
2028	10.310108
2029	10.310108
2030	10.310108
2031	10.310108
2032	10.310108
2033	10.310108
2034	10.310108
2035	10.310149
2036	10.310149
2037	10.310149
2038	10.310149
2039	10.310149
2040	10.310149
2041	10.310149
2042	10.310149
2043	10.310149
2044	10.310149
2045	10.310149
2046	10.310149
2047	10.310149
2048	10.310149
2049	10.310149
2050	10.310108
2051	10.310108
2052	10.310108
2053	10.310108
2054	10.310108
2055	10.310108
2056	10.310108
2057	10.310108
2058	10.310108
2059	10.310108
2060	10.310108
2061	10.310108
2062	10.310108
2063	10.310108
2064	10.310108
2065	10.310108
2066	10.310108
2067	10.310108
2068	10.310108
2069	10.310108
2070	10.310108
2071	10.310108
2072	10.310108
2073	10.310108
2074	10.310108
2075	10.310108
2076	10.310108
2077	10.310108
2078	10.310108
2079	10.310108
2080	10.310108
2081	10.310108
2082	10.310108
2083	10.310108
2084	10.310108
2085	10.310108
2086	10.310108
2087	10.310108
2088	10.310108
2089	10.310108
2090	10.310108
2091	10.310108
2092	10.310108
2093	10.310108
2094	10.310108
2095	10.310108
2096	10.310108
2097	10.310108
2098	10.310108
2099	10.310108
2100	10.310108
2101	10.310108
2102	10.310108
2103	10.310108
2104	10.307322
2105	10.307322
2106	10.307322
2107	10.307322
2108	10.307322
2109	10.307322
2110	10.307322
2111	10.307322
2112	10.307322
2113	10.307322
2114	10.307322
2115	10.307322
2116	10.307322
2117	10.307322
2118	10.307322
2119	10.307322
2120	10.307322
2121	10.307322
2122	10.307322
2123	10.307322
2124	10.307322
2125	10.307322
2126	10.307322
2127	10.307322
2128	10.307322
2129	10.307322
2130	10.307322
2131	10.307322
2132	10.307322
2133	10.307322
2134	10.307322
2135	10.307322
2136	10.307322
2137	10.307322
2138	10.307322
2139	10.307322
2140	10.307322
2141	10.307322
2142	10.307322
2143	10.307322
2144	10.307322
2145	10.307322
2146	10.307322
2147	10.307322
2148	10.307322
2149	10.307322
2150	10.307322
2151	10.307322
2152	10.307322
2153	10.307322
2154	10.307322
2155	10.307322
2156	10.307322
2157	10.307322
2158	10.307322
2159	10.307322
2160	10.307322
2161	10.307322
2162	10.307322
2163	10.307322
2164	10.307322
2165	10.307322
2166	10.307322
2167	10.307322
2168	10.307322
2169	10.307322
2170	10.307322
2171	10.307322
2172	10.307322
2173	10.307322
2174	10.307322
2175	10.307322
2176	10.307322
2177	10.307322
2178	10.307322
2179	10.307322
2180	10.307322
2181	10.307322
2182	10.307322
2183	10.307322
2184	10.307363
2185	10.307363
2186	10.307363
2187	10.307363
2188	10.307363
2189	10.307363
2190	10.307363
2191	10.307363
2192	10.307363
2193	10.307363
2194	10.307363
2195	10.307363
2196	10.307363
2197	10.307363
2198	10.307363
2199	10.307363
2200	10.307363
2201	10.307363
2202	10.307363
2203	10.307363
2204	10.307363
2205	10.307363
2206	10.307363
2207	10.307363
2208	10.307363
2209	10.307363
2210	10.307363
2211	10.307363
2212	10.307363
2213	10.307363
2214	10.307363
2215	10.307363
2216	10.307363
2217	10.307363
2218	10.307363
2219	10.307363
2220	10.307363
2221	10.307363
2222	10.307363
2223	10.307363
2224	10.307363
2225	10.307363
2226	10.307363
2227	10.307363
2228	10.307363
2229	10.307363
2230	10.307363
2231	10.307363
2232	10.307363
2233	10.307363
2234	10.307363
2235	10.307363
2236	10.307363
2237	10.307363
2238	10.307363
2239	10.307363
2240	10.307363
2241	10.307363
2242	10.307363
2243	10.307363
2244	10.307363
2245	10.307363
2246	10.307363
2247	10.307363
2248	10.307363
2249	10.307363
2250	10.307363
2251	10.307363
2252	10.307363
2253	10.307363
2254	10.307363
2255	10.307363
2256	10.307363
2257	10.307363
2258	10.307363
2259	10.307363
2260	10.307363
2261	10.307363
2262	10.307363
2263	10.307363
2264	10.307363
2265	10.307363
2266	10.307363
2267	10.307363
2268	10.307363
2269	10.307363
2270	10.307363
2271	10.307363
2272	10.307363
2273	10.307363
2274	10.307363
2275	10.307363
2276	10.307363
2277	10.307363
2278	10.307363
2279	10.307363
2280	10.307363
2281	10.307363
2282	10.307363
2283	10.307363
2284	10.307363
2285	10.307363
2286	10.307363
2287	10.307363
2288	10.307363
2289	10.307363
2290	10.307363
2291	10.307363
2292	10.307363
2293	10.307363
2294	10.307363
2295	10.307363
2296	10.307363
2297	10.307363
2298	10.307363
2299	10.307363
2300	10.307363
2301	10.307363
2302	10.307363
2303	10.307363
2304	10.307363
2305	10.307363
2306	10.307363
2307	10.307363
2308	10.307363
2309	10.307363
2310	10.307363
2311	10.307363
2312	10.307363
2313	10.307363
2314	10.307363
2315	10.307363
2316	10.307363
2317	10.307363
2318	10.307363
2319	10.307363
2320	10.307363
2321	10.307363
2322	10.307363
2323	10.307363
2324	10.307363
2325	10.307363
2326	10.307363
2327	10.307363
2328	10.307363
2329	10.307363
2330	10.307363
2331	10.307363
2332	10.307363
2333	10.307363
2334	10.307363
2335	10.307363
2336	10.307363
2337	10.307363
2338	10.307363
2339	10.307363
2340	10.307363
2341	10.307363
2342	10.307363
2343	10.307363
2344	10.307363
2345	10.307363
2346	10.307363
2347	10.307363
2348	10.307363
2349	10.307363
2350	10.307363
2351	10.307363
2352	10.307363
2353	10.307363
2354	10.307363
2355	10.307363
2356	10.307363
2357	10.307363
2358	10.307363
2359	10.307363
2360	10.307363
2361	10.307363
2362	10.307363
2363	10.307363
2364	10.307363
2365	10.307363
2366	10.307363
2367	10.307363
2368	10.307363
2369	10.307363
2370	10.307363
2371	10.307363
2372	10.307363
2373	10.307363
2374	10.307363
2375	10.307363
2376	10.307363
2377	10.307363
2378	10.307363
2379	10.307363
2380	10.307363
2381	10.307363
2382	10.307363
2383	10.307363
2384	10.307363
2385	10.307363
2386	10.307363
2387	10.307363
2388	10.307363
2389	10.307363
2390	10.307363
2391	10.307363
2392	10.307363
2393	10.307363
2394	10.307363
2395	10.307363
2396	10.307363
2397	10.307363
2398	10.307363
2399	10.307363
2400	10.307363
2401	10.307363
2402	10.307363
2403	10.307363
2404	10.307363
2405	10.307363
2406	10.307363
2407	10.307363
2408	10.307363
2409	10.307363
2410	10.307363
2411	10.307363
2412	10.307363
2413	10.307363
2414	10.307363
2415	10.307363
2416	10.307363
2417	10.307363
2418	10.307363
2419	10.307363
2420	10.307363
2421	10.307363
2422	10.307363
2423	10.307363
2424	10.307363
2425	10.307363
2426	10.307363
2427	10.307363
2428	10.307363
2429	10.307363
2430	10.307363
2431	10.307363
2432	10.307363
2433	10.307363
2434	10.307363
2435	10.307363
2436	10.307363
2437	10.307363
2438	10.307363
2439	10.307363
2440	10.307363
2441	10.307363
2442	10.307363
2443	10.307363
2444	10.307363
2445	10.307363
2446	10.307363
2447	10.307363
2448	10.307363
2449	10.307363
2450	10.307363
2451	10.307363
2452	10.307363
2453	10.307363
2454	10.307363
2455	10.307363
2456	10.307363
2457	10.307363
2458	10.307363
2459	10.307363
2460	10.307363
2461	10.307363
2462	10.307363
2463	10.307363
2464	10.307363
2465	10.307363
2466	10.307363
2467	10.307363
2468	10.307363
2469	10.307363
2470	10.307363
2471	10.307363
2472	10.307363
2473	10.307363
2474	10.307363
2475	10.307363
2476	10.307363
2477	10.307363
2478	10.307363
2479	10.307363
2480	10.307363
2481	10.307363
2482	10.307363
2483	10.307363
2484	10.307363
2485	10.307363
2486	10.307363
2487	10.307363
2488	10.307363
2489	10.307363
2490	10.307363
2491	10.307363
2492	10.307363
2493	10.307363
2494	10.307363
2495	10.307363
2496	10.307363
2497	10.307363
2498	10.307363
2499	10.307363
2500	10.307363
2501	10.307363
2502	10.307363
2503	10.307363
2504	10.307363
2505	10.307363
2506	10.307363
2507	10.307363
2508	10.307363
2509	10.307363
2510	10.307363
2511	10.307363
2512	10.307363
2513	10.307363
2514	10.307363
2515	10.307363
2516	10.307363
2517	10.307363
2518	10.307363
2519	10.307363
2520	10.307363
2521	10.307363
2522	10.307363
2523	10.307363
2524	10.307363
2525	10.307363
2526	10.307363
2527	10.307363
2528	10.307363
2529	10.307363
2530	10.307363
2531	10.307363
2532	10.307363
2533	10.307363
2534	10.307363
2535	10.307363
2536	10.307363
2537	10.307363
2538	10.307363
2539	10.307363
2540	10.307363
2541	10.307363
2542	10.307363
2543	10.307363
2544	10.307363
2545	10.307363
2546	10.307363
2547	10.307363
2548	10.307363
2549	10.307363
2550	10.307363
2551	10.307363
2552	10.307363
2553	10.307363
2554	10.307363
2555	10.307363
2556	10.307363
2557	10.307363
2558	10.307363
2559	10.307363
2560	10.307363
2561	10.307363
2562	10.307363
2563	10.307363
2564	10.307363
2565	10.307363
2566	10.307363
2567	10.307363
2568	10.307363
2569	10.307363
2570	10.307363
2571	10.307363
2572	10.307363
2573	10.307363
2574	10.307363
2575	10.307363
2576	10.307363
2577	10.307363
2578	10.307363
2579	10.307363
2580	10.307363
2581	10.307363
2582	10.307363
2583	10.307363
2584	10.307363
2585	10.307363
2586	10.307363
2587	10.307363
2588	10.307363
2589	10.307363
2590	10.307363
2591	10.307363
2592	10.307363
2593	10.307363
2594	10.307363
2595	10.307363
2596	10.307363
2597	10.307363
2598	10.307363
2599	10.307363
2600	10.307363
2601	10.307363
2602	10.307363
2603	10.307363
2604	10.307363
2605	10.307363
2606	10.307363
2607	10.307363
2608	10.307363
2609	10.307363
2610	10.307363
2611	10.307363
2612	10.307363
2613	10.307363
2614	10.307363
2615	10.307363
2616	10.307363
2617	10.307363
2618	10.307363
2619	10.307363
2620	10.307363
2621	10.307363
2622	10.307363
2623	10.307363
2624	10.307363
2625	10.307363
2626	10.307363
2627	10.307363
2628	10.307363
2629	10.307363
2630	10.307363
2631	10.307363
2632	10.307363
2633	10.307363
2634	10.307363
2635	10.307363
2636	10.307363
2637	10.307363
2638	10.307363
2639	10.307363
2640	10.307363
2641	10.307363
2642	10.307363
2643	10.307363
2644	10.307363
2645	10.307363
2646	10.307363
2647	10.307363
2648	10.307363
2649	10.307363
2650	10.307363
2651	10.307363
2652	10.307363
2653	10.307363
2654	10.307363
2655	10.307363
2656	10.307363
2657	10.307363
2658	10.307363
2659	10.307363
2660	10.307363
2661	10.307363
2662	10.307363
2663	10.307363
2664	10.307363
2665	10.307363
2666	10.307363
2667	10.307363
2668	10.307363
2669	10.307363
2670	10.307363
2671	10.307363
2672	10.307363
2673	10.307363
2674	10.307363
2675	10.307363
2676	10.307363
2677	10.307363
2678	10.307363
2679	10.307363
2680	10.307363
2681	10.307363
2682	10.307363
2683	10.307363
2684	10.307363
2685	10.307363
2686	10.307363
2687	10.307363
2688	10.307363
2689	10.307363
2690	10.307363
2691	10.307363
2692	10.307363
2693	10.307363
2694	10.307363
2695	10.307363
2696	10.307363
2697	10.307363
2698	10.307363
2699	10.307363
2700	10.307363
2701	10.307363
2702	10.307363
2703	10.307363
2704	10.307363
2705	10.307363
2706	10.307363
2707	10.307363
2708	10.307363
2709	10.307363
2710	10.307363
2711	10.307363
2712	10.307363
2713	10.307363
2714	10.307363
2715	10.307363
2716	10.307363
2717	10.307363
2718	10.307363
2719	10.307363
2720	10.307363
2721	10.307363
2722	10.307363
2723	10.307363
2724	10.307363
2725	10.307363
2726	10.307363
2727	10.307363
2728	10.307363
2729	10.307363
2730	10.307363
2731	10.307363
2732	10.307363
2733	10.307363
2734	10.307363
2735	10.307363
2736	10.307363
2737	10.307363
2738	10.307363
2739	10.307363
2740	10.307363
2741	10.307363
2742	10.307363
2743	10.307363
2744	10.307363
2745	10.307363
2746	10.307363
2747	10.307363
2748	10.307363
2749	10.307363
2750	10.307363
2751	10.307363
2752	10.307363
2753	10.307363
2754	10.307363
2755	10.307363
2756	10.307363
2757	10.307363
2758	10.307363
2759	10.307363
2760	10.307363
2761	10.307363
2762	10.307363
2763	10.307363
2764	10.307363
2765	10.307363
2766	10.307363
2767	10.307363
2768	10.307363
2769	10.307363
2770	10.307363
2771	10.307363
2772	10.307363
2773	10.307363
2774	10.307363
2775	10.307363
2776	10.307363
2777	10.307363
2778	10.307363
2779	10.307363
2780	10.307363
2781	10.307363
2782	10.307363
2783	10.307363
2784	10.307363
2785	10.307363
2786	10.307363
2787	10.307363
2788	10.307363
2789	10.307363
2790	10.307363
2791	10.307363
2792	10.307363
2793	10.307363
2794	10.307363
2795	10.307363
2796	10.307363
2797	10.307363
2798	10.307363
2799	10.307363
2800	10.307363
2801	10.307322
2802	10.307322
2803	10.307322
2804	10.307322
2805	10.307322
2806	10.307322
2807	10.307322
2808	10.307322
2809	10.307322
2810	10.307322
2811	10.307322
2812	10.307322
2813	10.307322
2814	10.307322
2815	10.307322
2816	10.307322
2817	10.307322
2818	10.307322
2819	10.307322
2820	10.307322
2821	10.307322
2822	10.307322
2823	10.307322
2824	10.307322
2825	10.307322
2826	10.307322
2827	10.307322
2828	10.307322
2829	10.307322
2830	10.307322
2831	10.307322
2832	10.307322
2833	10.307322
2834	10.307322
2835	10.307322
2836	10.307322
2837	10.307322
2838	10.307322
2839	10.307322
2840	10.307322
2841	10.307322
2842	10.307322
2843	10.307322
2844	10.307322
2845	10.307322
2846	10.307322
2847	10.307322
2848	10.307322
2849	10.307322
2850	10.307322
2851	10.307322
2852	10.307322
2853	10.307322
2854	10.307322
2855	10.307322
2856	10.307322
2857	10.310108
2858	10.310108
2859	10.310108
2860	10.310108
2861	10.310108
2862	10.310108
2863	10.310108
2864	10.310108
2865	10.310108
2866	10.310108
2867	10.310108
2868	10.310108
2869	10.310108
2870	10.310108
2871	10.310108
2872	10.310108
2873	10.310108
2874	10.310108
2875	10.310108
2876	10.310108
2877	10.310108
2878	10.310108
2879	10.310108
2880	10.310108
2881	10.310108
2882	10.310108
2883	10.310108
2884	10.310108
2885	10.310108
2886	10.310108
2887	10.310108
2888	10.310108
2889	10.310108
2890	10.310108
2891	10.310108
2892	10.310108
2893	10.310108
2894	10.310108
2895	10.310108
2896	10.310108
2897	10.310108
2898	10.310108
2899	10.310108
2900	10.310108
2901	10.310108
2902	10.310108
2903	10.310108
2904	10.310108
2905	10.310108
2906	10.310108
2907	10.310108
2908	10.310108
2909	10.310108
2910	10.310108
2911	10.310108
2912	10.310108
2913	10.310108
2914	10.310108
2915	10.310108
2916	10.310108
2917	10.310108
2918	10.310108
2919	10.310108
2920	10.310108
2921	10.310108
2922	10.310108
2923	10.310108
2924	10.310108
2925	10.310108
2926	10.310108
2927	10.310108
2928	10.310108
2929	10.310108
2930	10.310108
2931	10.310108
2932	10.310108
2933	10.310108
2934	10.310108
2935	10.310108
2936	10.310108
2937	10.310108
2938	10.310108
2939	10.310108
2940	10.310108
2941	10.310108
2942	10.310108
2943	10.310108
2944	10.310108
2945	10.310108
2946	10.310108
2947	10.310108
2948	10.310108
2949	10.310108
2950	10.310108
2951	10.310108
2952	10.310108
2953	10.310108
2954	10.310108
2955	10.310108
2956	10.310108
2957	10.310108
2958	10.310108
2959	10.310108
2960	10.310108
2961	10.310108
2962	10.310108
2963	10.310108
2964	10.310108
2965	10.310108
2966	10.310108
2967	10.310108
2968	10.310108
2969	10.310108
2970	10.310108
2971	10.310108
2972	10.310108
2973	10.310108
2974	10.310108
2975	10.310108
2976	10.310108
2977	10.310108
2978	10.310108
2979	10.310108
2980	10.310108
2981	10.310108
2982	10.310108
2983	10.310108
2984	10.310108
2985	10.310108
2986	10.310108
2987	10.310108
2988	10.310108
2989	10.310108
2990	10.310108
2991	10.310108
2992	10.310108
2993	10.310108
2994	10.310108
2995	10.310108
2996	10.310108
2997	10.310108
2998	10.310108
2999	10.310108
3000	10.310108
3001	10.310108
3002	10.310108
3003	10.310108
3004	10.310108
3005	10.310108
3006	10.310108
3007	10.310108
3008	10.310108
3009	10.310108
3010	10.310108
3011	10.310108
3012	10.310108
3013	10.310108
3014	10.310108
3015	10.310108
3016	10.310108
3017	10.310108
3018	10.310108
3019	10.310108
3020	10.310108
3021	10.310108
3022	10.310108
3023	10.310108
3024	10.310108
3025	10.310108
3026	10.310108
3027	10.310108
3028	10.310108
3029	10.310108
3030	10.310108
3031	10.310108
3032	10.310108
3033	10.310108
3034	10.310108
3035	10.310108
3036	10.310108
3037	10.310108
3038	10.310108
3039	10.310108
3040	10.310108
3041	10.310108
3042	10.310108
3043	10.310108
3044	10.310108
3045	10.310108
3046	10.310108
3047	10.310108
3048	10.310108
3049	10.310108
3050	10.310108
3051	10.310108
3052	10.310108
3053	10.310108
3054	10.310108
3055	10.310108
3056	10.310108
3057	10.310108
3058	10.310108
3059	10.310108
3060	10.310108
3061	10.310108
3062	10.310108
3063	10.310108
3064	10.310108
3065	10.310108
3066	10.310108
3067	10.310108
3068	10.310108
3069	10.310108
3070	10.310108
3071	10.310108
3072	10.310108
3073	10.310108
3074	10.310108
3075	10.310108
3076	10.310108
3077	10.310108
3078	10.310108
3079	10.310108
3080	10.310108
3081	10.310108
3082	10.310108
3083	10.310108
3084	10.310108
3085	10.310108
3086	10.310108
3087	10.310108
3088	10.310108
3089	10.310108
3090	10.310108
3091	10.310108
3092	10.310108
3093	10.310108
3094	10.310108
3095	10.310108
3096	10.310108
3097	10.310108
3098	10.310108
3099	10.310108
3100	10.310108
3101	10.310108
3102	10.310108
3103	10.310108
3104	10.310108
3105	10.310108
3106	10.310108
3107	10.310108
3108	10.310108
3109	10.310108
3110	10.310108
3111	10.310108
3112	10.310108
3113	10.310108
3114	10.310108
3115	10.310108
3116	10.310108
3117	10.310108
3118	10.310108
3119	10.310108
3120	10.310108
3121	10.310108
3122	10.310108
3123	10.310108
3124	10.310108
3125	10.310108
3126	10.310108
3127	10.310108
3128	10.310108
3129	10.310108
3130	10.310108
3131	10.310108
3132	10.310108
3133	10.310108
3134	10.310108
3135	10.310108
3136	10.310108
3137	10.310108
3138	10.310108
3139	10.310108
3140	10.310108
3141	10.310108
3142	10.310108
3143	10.310108
3144	10.310108
3145	10.310108
3146	10.310108
3147	10.310108
3148	10.310108
3149	10.310108
3150	10.310108
3151	10.310108
3152	10.310108
3153	10.310108
3154	10.310108
3155	10.310108
3156	10.310108
3157	10.310108
3158	10.310108
3159	10.310108
3160	10.310108
3161	10.310108
3162	10.310108
3163	10.310108
3164	10.310108
3165	10.310108
3166	10.310108
3167	10.310108
3168	10.310108
3169	10.310108
3170	10.310108
3171	10.310108
3172	10.310108
3173	10.310108
3174	10.310108
3175	10.310108
3176	10.310108
3177	10.310108
3178	10.310108
3179	10.310108
3180	10.310108
3181	10.310108
3182	10.310108
3183	10.310108
3184	10.310108
3185	10.310108
3186	10.310108
3187	10.310108
3188	10.310108
3189	10.310108
3190	10.310108
3191	10.310108
3192	10.310108
3193	10.310108
3194	10.310108
3195	10.310108
3196	10.310108
3197	10.310108
3198	10.310108
3199	10.310108
3200	10.310108
3201	10.310108
3202	10.310108
3203	10.310108
3204	10.310108
3205	10.310108
3206	10.310108
3207	10.310108
3208	10.310108
3209	10.310108
3210	10.310108
3211	10.310108
3212	10.310108
3213	10.310108
3214	10.310108
3215	10.310108
3216	10.310108
3217	10.310108
3218	10.310108
3219	10.310108
3220	10.310108
3221	10.310108
3222	10.310108
3223	10.310108
3224	10.310108
3225	10.310108
3226	10.310108
3227	10.310108
3228	10.310108
3229	10.310108
3230	10.310108
3231	10.310108
3232	10.310108
3233	10.310108
3234	10.310108
3235	10.310108
3236	10.310108
3237	10.310108
3238	10.310108
3239	10.310108
3240	10.310108
3241	10.310108
3242	10.310108
3243	10.310108
3244	10.310108
3245	10.310108
3246	10.310108
3247	10.310108
3248	10.310108
3249	10.310108
3250	10.310108
3251	10.310108
3252	10.310108
3253	10.310108
3254	10.310108
3255	10.310108
3256	10.310108
3257	10.310108
3258	10.310108
3259	10.310108
3260	10.310108
3261	10.310108
3262	10.310108
3263	10.310108
3264	10.310108
3265	10.310108
3266	10.310108
3267	10.310108
3268	10.310108
3269	10.310108
3270	10.310108
3271	10.310108
3272	10.310108
3273	10.310108
3274	10.310108
3275	10.310108
3276	10.310108
3277	10.310108
3278	10.310108
3279	10.310108
3280	10.310108
3281	10.310108
3282	10.310108
3283	10.310108
3284	10.310108
3285	10.310108
3286	10.310108
3287	10.310108
3288	10.310108
3289	10.310108
3290	10.310108
3291	10.310108
3292	10.310108
3293	10.310108
3294	10.310108
3295	10.310108
3296	10.310108
3297	10.310108
3298	10.310108
3299	10.310108
3300	10.310108
3301	10.310108
3302	10.310149
3303	10.310149
3304	10.310149
3305	10.310149
3306	10.310149
3307	10.310149
3308	10.310149
3309	10.310149
3310	10.310149
3311	10.310149
3312	10.310149
3313	10.310149
3314	10.310149
3315	10.310149
3316	10.310149
3317	10.310149
3318	10.310149
3319	10.310149
3320	10.310149
3321	10.310149
3322	10.310149
3323	10.310149
3324	10.310149
3325	10.310149
3326	10.310149
3327	10.310149
3328	10.310149
3329	10.310149
3330	10.310149
3331	10.310149
3332	10.310149
3333	10.310149
3334	10.310149
3335	10.310149
3336	10.310149
3337	10.310149
3338	10.310149
3339	10.310149
3340	10.310149
3341	10.310149
3342	10.310149
3343	10.310149
3344	10.310149
3345	10.310149
3346	10.310149
3347	10.310149
3348	10.310149
3349	10.310149
3350	10.310149
3351	10.310149
3352	10.310149
3353	10.310149
3354	10.310149
3355	10.310149
3356	10.310149
3357	10.310149
3358	10.310149
3359	10.310149
3360	10.310149
3361	10.310149
3362	10.310149
3363	10.310149
3364	10.310149
3365	10.310149
3366	10.310149
3367	10.310149
3368	10.310149
3369	10.310149
3370	10.310149
3371	10.310149
3372	10.310149
3373	10.310149
3374	10.310149
3375	10.310149
3376	10.310149
3377	10.310149
3378	10.310149
3379	10.310149
3380	10.310149
3381	10.310149
3382	10.310149
3383	10.310149
3384	10.310149
3385	10.310149
3386	10.310149
3387	10.310149
3388	10.310149
3389	10.310149
3390	10.310149
3391	10.310149
3392	10.310149
3393	10.310149
3394	10.310149
3395	10.310149
3396	10.310149
3397	10.310149
3398	10.310149
3399	10.310149
3400	10.310149
3401	10.310149
3402	10.310149
3403	10.310149
3404	10.310149
3405	10.310149
3406	10.310149
3407	10.310149
3408	10.310149
3409	10.310149
3410	10.310149
3411	10.310149
3412	10.310149
3413	10.310149
3414	10.310149
3415	10.310149
3416	10.310149
3417	10.310149
3418	10.310149
3419	10.310149
3420	10.310149
3421	10.310149
3422	10.310149
3423	10.310149
3424	10.310149
3425	10.310149
3426	10.310149
3427	10.310149
3428	10.310149
3429	10.310149
3430	10.310149
3431	10.310149
3432	10.310149
3433	10.310149
3434	10.310149
3435	10.310149
3436	10.310149
3437	10.310149
3438	10.310149
3439	10.310149
3440	10.310149
3441	10.310149
3442	10.310149
3443	10.310149
3444	10.310149
3445	10.310149
3446	10.310149
3447	10.310149
3448	10.310149
3449	10.310149
3450	10.310149
3451	10.310149
3452	10.310149
3453	10.310149
3454	10.310149
3455	10.310149
3456	10.310149
3457	10.310149
3458	10.310149
3459	10.310149
3460	10.310149
3461	10.310149
3462	10.310149
3463	10.310149
3464	10.310149
3465	10.310149
3466	10.310149
3467	10.310149
3468	10.310149
3469	10.310149
3470	10.310149
3471	10.310149
3472	10.310149
3473	10.310149
3474	10.310149
3475	10.310149
3476	10.310149
3477	10.310149
3478	10.310149
3479	10.310149
3480	10.310149
3481	10.310149
3482	10.310149
3483	10.310149
3484	10.310149
3485	10.310149
3486	10.310149
3487	10.310149
3488	10.310149
3489	10.310149
3490	10.310149
3491	10.310149
3492	10.310149
3493	10.310149
3494	10.310149
3495	10.310149
3496	10.310149
3497	10.310149
3498	10.310149
3499	10.310149
3500	10.310149
3501	10.310149
3502	10.310149
3503	10.310149
3504	10.310149
3505	10.310149
3506	10.310149
3507	10.310149
3508	10.310149
3509	10.310149
3510	10.310149
3511	10.310149
3512	10.310149
3513	10.310149
3514	10.310149
3515	10.310149
3516	10.310149
3517	10.310149
3518	10.310149
3519	10.310149
3520	10.310149
3521	10.310149
3522	10.310149
3523	10.310149
3524	10.310149
3525	10.310149
3526	10.310149
3527	10.310149
3528	10.310149
3529	10.310149
3530	10.310149
3531	10.310149
3532	10.310149
3533	10.310149
3534	10.310149
3535	10.310149
3536	10.310149
3537	10.310149
3538	10.310149
3539	10.310149
3540	10.310149
3541	10.310149
3542	10.310149
3543	10.310149
3544	10.310149
3545	10.310149
3546	10.310149
3547	10.310149
3548	10.310149
3549	10.310149
3550	10.310149
3551	10.310149
3552	10.310149
3553	10.310149
3554	10.310149
3555	10.310149
3556	10.310149
3557	10.310149
3558	10.310149
3559	10.310149
3560	10.310149
3561	10.310149
3562	10.310149
3563	10.310149
3564	10.310149
3565	10.310149
3566	10.310149
3567	10.310149
3568	10.310149
3569	10.310149
3570	10.310149
3571	10.310149
3572	10.310149
3573	10.310149
3574	10.310149
3575	10.310149
3576	10.310149
3577	10.310149
3578	10.310149
3579	10.310149
3580	10.310149
3581	10.310149
3582	10.310149
3583	10.310149
3584	10.310149
3585	10.310149
3586	10.310149
3587	10.310149
3588	10.310149
3589	10.310149
3590	10.310149
3591	10.310149
3592	10.310149
3593	10.310149
3594	10.310149
3595	10.310149
3596	10.310149
3597	10.310149
3598	10.310149
3599	10.310149
3600	10.310149
3601	10.310149
3602	10.310149
3603	10.310149
3604	10.310149
3605	10.310149
3606	10.310149
3607	10.310149
3608	10.310149
3609	10.310149
3610	10.310149
3611	10.310149
3612	10.310149
3613	10.310149
3614	10.310149
3615	10.310149
3616	10.310149
3617	10.310149
3618	10.310149
3619	10.310149
3620	10.310149
3621	10.310149
3622	10.310149
3623	10.310149
3624	10.310149
3625	10.310149
3626	10.310149
3627	10.310149
3628	10.310149
3629	10.310149
3630	10.310149
3631	10.310149
3632	10.310149
3633	10.310149
3634	10.310149
3635	10.310149
3636	10.310149
3637	10.310149
3638	10.310149
3639	10.310149
3640	10.310149
3641	10.310149
3642	10.310149
3643	10.310149
3644	10.310149
3645	10.310149
3646	10.310149
3647	10.310149
3648	10.310149
3649	10.310149
3650	10.310149
3651	10.310149
3652	10.310149
3653	10.310149
3654	10.310149
3655	10.310149
3656	10.310149
3657	10.310149
3658	10.310149
3659	10.310149
3660	10.310149
3661	10.310149
3662	10.310149
3663	10.310149
3664	10.310149
3665	10.310149
3666	10.310149
3667	10.310149
3668	10.310149
3669	10.310149
3670	10.310149
3671	10.310149
3672	10.310149
3673	10.310149
3674	10.310149
3675	10.310149
3676	10.310149
3677	10.310149
3678	10.310149
3679	10.310149
3680	10.310149
3681	10.310149
3682	10.310149
3683	10.310149
3684	10.310149
3685	10.310149
3686	10.310149
3687	10.310149
3688	10.310149
3689	10.310149
3690	10.310149
3691	10.310149
3692	10.310149
3693	10.310149
3694	10.310149
3695	10.310149
3696	10.310149
3697	10.310149
3698	10.310149
3699	10.310149
3700	10.310149
3701	10.310149
3702	10.310149
3703	10.310149
3704	10.310149
3705	10.310149
3706	10.310149
3707	10.310149
3708	10.310149
3709	10.310149
3710	10.310149
3711	10.310149
3712	10.310149
3713	10.310149
3714	10.310149
3715	10.310149
3716	10.310149
3717	10.310149
3718	10.310149
3719	10.310149
3720	10.310149
3721	10.310149
3722	10.310149
3723	10.310149
3724	10.310149
3725	10.310149
3726	10.310149
3727	10.310149
3728	10.310149
3729	10.310149
3730	10.310149
3731	10.310149
3732	10.310149
3733	10.310149
3734	10.310149
3735	10.310149
3736	10.310149
3737	10.310149
3738	10.310149
3739	10.310149
3740	10.310149
3741	10.310149
3742	10.310149
3743	10.310149
3744	10.310149
3745	10.310149
3746	10.310149
3747	10.310149
3748	10.310149
3749	10.310149
3750	10.310149
3751	10.310149
3752	10.310149
3753	10.310149
3754	10.310149
3755	10.310149
3756	10.310149
3757	10.310149
3758	10.310149
3759	10.310149
3760	10.310149
3761	10.310149
3762	10.310149
3763	10.310149
3764	10.310149
3765	10.310149
3766	10.310149
3767	10.310149
3768	10.310149
3769	10.310149
3770	10.310149
3771	10.310149
3772	10.310149
3773	10.310149
3774	10.310149
3775	10.310149
3776	10.310149
3777	10.310149
3778	10.310149
3779	10.310149
3780	10.310149
3781	10.310149
3782	10.310149
3783	10.310149
3784	10.310149
3785	10.310149
3786	10.310149
3787	10.310149
3788	10.310149
3789	10.310149
3790	10.310149
3791	10.310149
3792	10.310149
3793	10.310149
3794	10.310149
3795	10.310149
3796	10.310149
3797	10.310149
3798	10.310149
3799	10.310149
3800	10.310149
3801	10.310149
3802	10.310149
3803	10.310149
3804	10.310149
3805	10.310149
3806	10.310149
3807	10.310149
3808	10.310149
3809	10.310149
3810	10.310149
3811	10.310149
3812	10.310149
3813	10.310149
3814	10.310149
3815	10.310149
3816	10.310149
3817	10.310149
3818	10.310149
3819	10.310149
3820	10.310149
3821	10.310149
3822	10.310149
3823	10.310149
3824	10.310149
3825	10.310149
3826	10.310149
3827	10.310149
3828	10.310149
3829	10.310149
3830	10.310149
3831	10.310149
3832	10.310149
3833	10.310149
3834	10.310149
3835	10.310149
3836	10.310149
3837	10.310149
3838	10.310149
3839	10.310149
3840	10.310149
3841	10.310149
3842	10.310149
3843	10.310149
3844	10.310149
3845	10.310149
3846	10.310149
3847	10.310149
3848	10.310149
3849	10.310149
3850	10.310149
3851	10.310149
3852	10.310149
3853	10.310149
3854	10.310149
3855	10.310149
3856	10.310149
3857	10.310149
3858	10.310149
3859	10.310149
3860	10.310149
3861	10.310149
3862	10.310149
3863	10.310149
3864	10.310149
3865	10.310149
3866	10.310149
3867	10.310149
3868	10.310149
3869	10.310149
3870	10.310149
3871	10.310149
3872	10.310149
3873	10.310149
3874	10.310149
3875	10.310149
3876	10.310149
3877	10.310149
3878	10.310149
3879	10.310149
3880	10.310149
3881	10.310149
3882	10.310149
3883	10.310149
3884	10.310149
3885	10.310149
3886	10.310149
3887	10.310149
3888	10.310149
3889	10.310149
3890	10.310149
3891	10.310149
3892	10.310149
3893	10.310149
3894	10.310149
3895	10.310149
3896	10.310149
3897	10.310149
3898	10.310149
3899	10.310149
3900	10.310149
3901	10.310149
3902	10.310149
3903	10.310149
3904	10.310149
3905	10.310149
3906	10.310149
3907	10.310149
3908	10.310149
3909	10.310149
3910	10.310149
3911	10.310149
3912	10.310149
3913	10.310149
3914	10.310149
3915	10.310149
3916	10.310149
3917	10.310149
3918	10.310149
3919	10.310149
3920	10.310149
3921	10.310149
3922	10.310149
3923	10.310149
3924	10.310149
3925	10.310149
3926	10.310149
3927	10.310149
3928	10.310149
3929	10.310149
3930	10.310149
3931	10.310149
3932	10.310149
3933	10.310149
3934	10.310149
3935	10.310149
3936	10.310149
3937	10.310149
3938	10.310149
3939	10.310149
3940	10.310149
3941	10.310149
3942	10.310149
3943	10.310149
3944	10.310149
3945	10.310149
3946	10.310149
3947	10.310149
3948	10.310149
3949	10.310149
3950	10.310149
3951	10.310149
3952	10.310149
3953	10.310149
3954	10.310149
3955	10.310149
3956	10.310149
3957	10.310149
3958	10.310149
3959	10.310149
3960	10.310149
3961	10.310149
3962	10.310149
3963	10.310149
3964	10.310149
3965	10.310149
3966	10.310149
3967	10.310149
3968	10.310149
3969	10.310149
3970	10.310149
3971	10.310149
3972	10.310149
3973	10.310149
3974	10.310149
3975	10.310149
3976	10.310149
3977	10.310149
3978	10.310149
3979	10.310149
3980	10.310149
3981	10.310149
3982	10.310149
3983	10.310149
3984	10.310149
3985	10.310149
3986	10.310149
3987	10.310149
3988	10.310149
3989	10.310149
3990	10.310149
3991	10.310149
3992	10.310149
3993	10.310149
3994	10.310149
3995	10.310149
3996	10.310149
3997	10.310149
3998	10.310149
3999	10.310149
4000	10.310149
4001	10.310149
4002	10.310149
4003	10.310149
4004	10.310149
4005	10.310149
4006	10.310149
4007	10.310149
4008	10.310149
4009	10.310149
4010	10.310149
4011	10.310149
4012	10.310149
4013	10.310149
4014	10.310149
4015	10.310149
4016	10.310149
4017	10.310149
4018	10.310149
4019	10.310149
4020	10.310149
4021	10.310149
4022	10.310149
4023	10.310149
4024	10.310149
4025	10.310149
4026	10.310149
4027	10.310149
4028	10.310149
4029	10.310149
4030	10.310149
4031	10.310149
4032	10.310149
4033	10.310149
4034	10.310149
4035	10.310149
4036	10.310149
4037	10.310149
4038	10.310149
4039	10.310149
4040	10.310149
4041	10.310149
4042	10.310149
4043	10.310149
4044	10.310149
4045	10.310149
4046	10.310149
4047	10.310149
4048	10.310149
4049	10.310149
4050	10.310149
4051	10.310149
4052	10.310149
4053	10.310149
4054	10.310149
4055	10.310149
4056	10.310149
4057	10.310149
4058	10.310149
4059	10.310149
4060	10.310149
4061	10.310149
4062	10.310149
4063	10.310149
4064	10.310149
4065	10.310149
4066	10.310149
4067	10.310149
4068	10.310149
4069	10.310149
4070	10.310149
4071	10.310149
4072	10.310149
4073	10.310149
4074	10.310149
4075	10.310149
4076	10.310149
4077	10.310149
4078	10.310149
4079	10.310149
4080	10.310149
4081	10.310149
4082	10.310149
4083	10.310149
4084	10.310149
4085	10.310149
4086	10.310149
4087	10.310149
4088	10.310149
4089	10.310149
4090	10.310149
4091	10.310149
4092	10.310149
4093	10.310149
4094	10.310149
4095	10.310149
4096	10.310149
4097	10.310149
4098	10.310149
4099	10.310149
4100	10.310149
4101	10.310149
4102	10.310149
4103	10.310149
4104	10.310149
4105	10.310149
4106	10.310149
4107	10.310149
4108	10.310149
4109	10.310149
4110	10.310149
4111	10.310149
4112	10.310149
4113	10.310149
4114	10.310149
4115	10.310149
4116	10.310149
4117	10.310149
4118	10.310149
4119	10.310149
4120	10.310149
4121	10.310149
4122	10.310149
4123	10.310149
4124	10.310149
4125	10.310149
4126	10.310149
4127	10.310149
4128	10.310149
4129	10.310149
4130	10.310149
4131	10.310149
4132	10.310149
4133	10.310149
4134	10.310149
4135	10.310149
4136	10.310149
4137	10.310149
4138	10.310149
4139	10.310149
4140	10.310149
4141	10.310149
4142	10.310149
4143	10.310149
4144	10.310149
4145	10.310149
4146	10.310149
4147	10.310149
4148	10.310149
4149	10.310149
4150	10.310149
4151	10.310149
4152	10.310149
4153	10.310149
4154	10.310149
4155	10.310149
4156	10.310149
4157	10.310149
4158	10.310149
4159	10.310149
4160	10.310149
4161	10.310149
4162	10.310149
4163	10.310149
4164	10.310149
4165	10.310149
4166	10.310149
4167	10.310149
4168	10.310149
4169	10.310149
4170	10.310149
4171	10.310149
4172	10.310149
4173	10.310149
4174	10.310149
4175	10.310149
4176	10.310149
4177	10.310149
4178	10.310149
4179	10.310149
4180	10.310149
4181	10.310149
4182	10.310149
4183	10.310149
4184	10.310149
4185	10.310149
4186	10.310149
4187	10.310149
4188	10.310149
4189	10.310149
4190	10.310149
4191	10.310149
4192	10.310149
4193	10.310149
4194	10.310149
4195	10.310149
4196	10.310149
4197	10.310149
4198	10.310149
4199	10.310149
4200	10.310149
4201	10.310149
4202	10.310149
4203	10.310149
4204	10.310149
4205	10.310149
4206	10.310149
4207	10.310149
4208	10.310149
4209	10.310149
4210	10.310149
4211	10.310149
4212	10.310149
4213	10.310149
4214	10.310149
4215	10.310149
4216	10.310149
4217	10.310149
4218	10.310149
4219	10.310149
4220	10.310149
4221	10.310149
4222	10.310149
4223	10.310149
4224	10.310149
4225	10.310149
4226	10.310149
4227	10.310149
4228	10.310149
4229	10.310149
4230	10.310149
4231	10.310149
4232	10.310149
4233	10.310149
4234	10.310149
4235	10.310149
4236	10.310149
4237	10.310149
4238	10.310149
4239	10.310149
4240	10.310149
4241	10.310149
4242	10.310149
4243	10.310149
4244	10.310149
4245	10.310149
4246	10.310149
4247	10.310149
4248	10.310149
4249	10.310149
4250	10.310149
4251	10.310149
4252	10.310149
4253	10.310149
4254	10.310149
4255	10.310149
4256	10.310149
4257	10.310149
4258	10.310149
4259	10.310149
4260	10.310149
4261	10.310149
4262	10.310149
4263	10.310149
4264	10.310149
4265	10.310149
4266	10.310149
4267	10.310149
4268	10.310149
4269	10.310149
4270	10.310149
4271	10.310149
4272	10.310149
4273	10.310149
4274	10.310149
4275	10.310149
4276	10.310149
4277	10.310149
4278	10.310149
4279	10.310149
4280	10.310149
4281	10.310149
4282	10.310149
4283	10.310149
4284	10.310149
4285	10.310149
4286	10.310149
4287	10.310149
4288	10.310149
4289	10.310149
4290	10.310149
4291	10.310149
4292	10.310149
4293	10.310149
4294	10.310149
4295	10.310149
4296	10.310149
4297	10.310149
4298	10.310149
4299	10.310149
4300	10.310149
4301	10.310149
4302	10.310149
4303	10.310149
4304	10.310149
4305	10.310149
4306	10.310149
4307	10.310149
4308	10.310149
4309	10.310149
4310	10.310149
4311	10.310149
4312	10.310149
4313	10.310149
4314	10.310149
4315	10.310149
4316	10.310149
4317	10.310149
4318	10.310149
4319	10.310149
4320	10.310149
4321	10.310149
4322	10.310149
4323	10.310149
4324	10.310149
4325	10.310149
4326	10.310149
4327	10.310149
4328	10.310149
4329	10.310149
4330	10.310149
4331	10.310149
4332	10.310149
4333	10.310149
4334	10.310149
4335	10.310149
4336	10.310149
4337	10.310149
4338	10.310149
4339	10.310149
4340	10.310149
4341	10.310149
4342	10.310149
4343	10.310149
4344	10.310149
4345	10.310149
4346	10.310149
4347	10.310149
4348	10.310149
4349	10.310149
4350	10.310149
4351	10.310149
4352	10.310149
4353	10.310149
4354	10.310149
4355	10.310149
4356	10.310149
4357	10.310149
4358	10.310149
4359	10.310149
4360	10.310149
4361	10.310149
4362	10.310149
4363	10.310149
4364	10.310149
4365	10.310149
4366	10.310149
4367	10.310149
4368	10.310149
4369	10.310149
4370	10.310149
4371	10.310149
4372	10.310149
4373	10.310149
4374	10.310149
4375	10.310149
4376	10.310149
4377	10.310149
4378	10.310149
4379	10.310149
4380	10.310149
4381	10.310149
4382	10.310149
4383	10.310149
4384	10.310149
4385	10.310149
4386	10.310149
4387	10.310149
4388	10.310149
4389	10.310149
4390	10.310149
4391	10.310149
4392	10.310149
4393	10.310149
4394	10.310149
4395	10.310149
4396	10.310149
4397	10.310149
4398	10.310149
4399	10.310149
4400	10.310149
4401	10.310149
4402	10.310149
4403	10.310149
4404	10.310149
4405	10.310149
4406	10.310149
4407	10.310149
4408	10.310149
4409	10.310149
4410	10.310149
4411	10.310149
4412	10.310149
4413	10.310149
4414	10.310149
4415	10.310149
4416	10.310149
4417	10.310149
4418	10.310149
4419	10.310149
4420	10.310149
4421	10.310149
4422	10.310149
4423	10.310149
4424	10.310149
4425	10.310149
4426	10.310149
4427	10.310149
4428	10.310149
4429	10.310149
4430	10.310149
4431	10.310149
4432	10.310149
4433	10.310149
4434	10.310149
4435	10.310149
4436	10.310149
4437	10.310149
4438	10.310149
4439	10.310149
4440	10.310149
4441	10.310149
4442	10.310149
4443	10.310149
4444	10.310149
4445	10.310149
4446	10.310149
4447	10.310149
4448	10.310149
4449	10.310149
4450	10.310149
4451	10.310149
4452	10.310149
4453	10.310149
4454	10.310149
4455	10.310149
4456	10.310149
4457	10.310149
4458	10.310149
4459	10.310149
4460	10.310149
4461	10.310149
4462	10.310149
4463	10.310149
4464	10.310149
4465	10.310149
4466	10.310149
4467	10.310149
4468	10.310149
4469	10.310149
4470	10.310149
4471	10.310149
4472	10.310149
4473	10.310149
4474	10.310149
4475	10.310149
4476	10.310149
4477	10.310149
4478	10.310149
4479	10.310149
4480	10.310149
4481	10.310149
4482	10.310149
4483	10.310149
4484	10.310149
4485	10.310149
4486	10.310149
4487	10.310149
4488	10.310149
4489	10.310149
4490	10.310149
4491	10.310149
4492	10.310149
4493	10.310149
4494	10.310149
4495	10.310149
4496	10.310149
4497	10.310149
4498	10.310149
4499	10.310149
4500	10.310149
4501	10.310149
4502	10.310149
4503	10.310149
4504	10.310149
4505	10.310149
4506	10.310149
4507	10.310149
4508	10.310149
4509	10.310149
4510	10.310149
4511	10.310149
4512	10.310149
4513	10.310149
4514	10.310149
4515	10.310149
4516	10.310149
4517	10.310149
4518	10.310149
4519	10.310149
4520	10.310149
4521	10.310149
4522	10.310149
4523	10.310149
4524	10.310149
4525	10.310149
4526	10.310149
4527	10.310149
4528	10.310149
4529	10.310149
4530	10.310149
4531	10.310149
4532	10.310149
4533	10.310149
4534	10.310149
4535	10.310149
4536	10.310149
4537	10.310149
4538	10.310149
4539	10.310149
4540	10.310149
4541	10.310149
4542	10.310149
4543	10.310149
4544	10.310149
4545	10.310149
4546	10.310149
4547	10.310149
4548	10.310149
4549	10.310149
4550	10.310149
4551	10.310149
4552	10.310149
4553	10.310149
4554	10.310149
4555	10.310149
4556	10.310149
4557	10.310149
4558	10.310149
4559	10.310149
4560	10.310149
4561	10.310149
4562	10.310149
4563	10.310149
4564	10.310149
4565	10.310149
4566	10.310149
4567	10.310149
4568	10.310149
4569	10.310149
4570	10.310149
4571	10.310149
4572	10.310149
4573	10.310149
4574	10.310149
4575	10.310149
4576	10.310149
4577	10.310149
4578	10.310149
4579	10.310149
4580	10.310149
4581	10.310149
4582	10.310149
4583	10.310149
4584	10.310149
4585	10.310149
4586	10.310149
4587	10.310149
4588	10.310149
4589	10.310149
4590	10.310149
4591	10.310149
4592	10.310149
4593	10.310149
4594	10.310149
4595	10.310149
4596	10.310149
4597	10.310149
4598	10.310149
4599	10.310149
4600	10.310149
4601	10.310149
4602	10.310149
4603	10.310149
4604	10.310149
4605	10.310149
4606	10.310149
4607	10.310149
4608	10.310149
4609	10.310149
4610	10.310149
4611	10.310149
4612	10.310149
4613	10.310149
4614	10.310149
4615	10.310149
4616	10.310149
4617	10.310149
4618	10.310149
4619	10.310149
4620	10.310149
4621	10.310149
4622	10.310149
4623	10.310149
4624	10.310149
4625	10.310149
4626	10.310149
4627	10.310149
4628	10.310149
4629	10.310149
4630	10.310149
4631	10.310149
4632	10.310149
4633	10.310149
4634	10.310149
4635	10.310149
4636	10.310149
4637	10.310149
4638	10.310149
4639	10.310149
4640	10.310149
4641	10.310149
4642	10.310149
4643	10.310149
4644	10.310149
4645	10.310149
4646	10.310149
4647	10.310149
4648	10.310149
4649	10.310149
4650	10.310149
4651	10.310149
4652	10.310149
4653	10.310149
4654	10.310149
4655	10.310149
4656	10.310149
4657	10.310149
4658	10.310149
4659	10.310149
4660	10.310149
4661	10.310149
4662	10.310149
4663	10.310149
4664	10.310149
4665	10.310149
4666	10.310149
4667	10.310149
4668	10.310149
4669	10.310149
4670	10.310149
4671	10.310149
4672	10.310149
4673	10.310149
4674	10.310149
4675	10.310149
4676	10.310149
4677	10.310149
4678	10.310149
4679	10.310149
4680	10.310149
4681	10.310149
4682	10.310149
4683	10.310149
4684	10.310149
4685	10.310149
4686	10.310149
4687	10.310149
4688	10.310149
4689	10.310149
4690	10.310149
4691	10.310149
4692	10.310149
4693	10.310149
4694	10.310149
4695	10.310149
4696	10.310149
4697	10.310149
4698	10.310149
4699	10.310149
4700	10.310149
4701	10.310149
4702	10.310149
4703	10.310149
4704	10.310149
4705	10.310149
4706	10.310149
4707	10.310149
4708	10.310149
4709	10.310149
4710	10.310149
4711	10.310149
4712	10.310149
4713	10.310149
4714	10.310149
4715	10.310149
4716	10.310149
4717	10.310149
4718	10.310149
4719	10.310149
4720	10.310149
4721	10.310149
4722	10.310149
4723	10.310149
4724	10.310149
4725	10.310149
4726	10.310149
4727	10.310149
4728	10.310149
4729	10.310149
4730	10.310149
4731	10.310149
4732	10.310149
4733	10.310149
4734	10.310149
4735	10.310149
4736	10.310149
4737	10.310149
4738	10.310149
4739	10.310149
4740	10.310149
4741	10.310149
4742	10.310149
4743	10.310149
4744	10.310149
4745	10.310149
4746	10.310149
4747	10.310149
4748	10.310149
4749	10.310149
4750	10.310149
4751	10.310149
4752	10.310149
4753	10.310149
4754	10.310149
4755	10.310149
4756	10.310149
4757	10.310149
4758	10.310149
4759	10.310149
4760	10.310149
4761	10.310149
4762	10.310149
4763	10.310149
4764	10.310149
4765	10.310149
4766	10.310149
4767	10.310149
4768	10.310149
4769	10.310149
4770	10.310149
4771	10.310149
4772	10.310149
4773	10.310149
4774	10.310149
4775	10.310149
4776	10.310149
4777	10.310149
4778	10.310149
4779	10.310149
4780	10.310149
4781	10.310149
4782	10.310149
4783	10.310149
4784	10.310149
4785	10.310149
4786	10.310149
4787	10.310149
4788	10.310149
4789	10.310149
4790	10.310149
4791	10.310149
4792	10.310149
4793	10.310149
4794	10.310149
4795	10.310149
4796	10.310149
4797	10.310149
4798	10.310149
4799	10.310149
4800	10.310149
4801	10.310149
4802	10.310149
4803	10.310149
4804	10.310149
4805	10.310149
4806	10.310149
4807	10.310149
4808	10.310149
4809	10.310149
4810	10.310149
4811	10.310149
4812	10.310149
4813	10.310149
4814	10.310149
4815	10.310149
4816	10.310149
4817	10.310149
4818	10.310149
4819	10.310149
4820	10.310149
4821	10.310149
4822	10.310149
4823	10.310149
4824	10.310149
4825	10.310149
4826	10.310149
4827	10.310149
4828	10.310149
4829	10.310149
4830	10.310149
4831	10.310149
4832	10.310149
4833	10.310149
4834	10.310149
4835	10.310149
4836	10.310149
4837	10.310149
4838	10.310149
4839	10.310149
4840	10.310149
4841	10.310149
4842	10.310149
4843	10.310149
4844	10.310149
4845	10.310149
4846	10.310149
4847	10.310149
4848	10.310149
4849	10.310149
4850	10.310149
4851	10.310149
4852	10.310149
4853	10.310149
4854	10.310149
4855	10.310149
4856	10.310149
4857	10.310149
4858	10.310149
4859	10.310149
4860	10.310149
4861	10.310149
4862	10.310149
4863	10.310149
4864	10.310149
4865	10.310149
4866	10.310149
4867	10.310149
4868	10.310149
4869	10.310149
4870	10.310149
4871	10.310149
4872	10.310149
4873	10.310149
4874	10.310149
4875	10.310149
4876	10.310149
