1	7890764.0
2	7484945.0
3	7362608.0
4	7550110.0
5	7545928.0
6	7085589.0
7	7217318.0
8	7230012.0
9	7217318.0
10	7235180.0
11	7428275.0
12	7180166.0
13	7107686.0
14	7308437.0
15	7899608.0
16	7952804.0
17	7957166.0
18	7957166.0
19	8063744.0
20	8113500.0
21	7756080.0
22	7680048.0
23	7755951.0
24	7762161.0
25	7543400.0
26	7409640.0
27	7173187.0
28	6855304.0
29	6918480.0
30	6884660.0
31	6964769.0
32	7020929.0
33	7098945.0
34	7178145.0
35	7526975.0
36	7530551.0
37	7355424.0
38	7586544.0
39	7938407.0
40	7923534.0
41	7938584.0
42	8018264.0
43	8225400.0
44	8212930.0
45	8160876.0
46	8200002.0
47	8445113.0
48	8192842.0
49	8251194.0
50	8302466.0
51	8296495.0
52	8297737.0
53	8260609.0
54	8295391.0
55	8318375.0
56	8383625.0
57	8369481.0
58	8531670.0
59	8607763.0
60	8611047.0
61	8670745.0
62	8171350.0
63	8184940.0
64	7638499.0
65	7630008.0
66	7649671.0
67	7876831.0
68	7803553.0
69	7831905.0
70	7921830.0
71	7639515.0
72	7703040.0
73	7813392.0
74	7817768.0
75	7106683.0
76	7358042.0
77	7289738.0
78	7304366.0
79	7372218.0
80	7400506.0
81	7406596.0
82	7245387.0
83	6943679.0
84	6966524.0
85	6947664.0
86	6843615.0
87	6882417.0
88	7064955.0
89	6823805.0
90	7084045.0
91	7089925.0
92	7560196.0
93	7618466.0
94	7585622.0
95	7379096.0
96	7435588.0
97	7504809.0
98	7465957.0
99	7576547.0
100	7456940.0
101	7492304.0
102	7573277.0
103	7720935.0
104	7653572.0
105	7696984.0
106	7795042.0
107	8232514.0
108	7586478.0
109	7551901.0
110	7342090.0
111	7503102.0
112	7499270.0
113	7963460.0
114	7962040.0
115	8175727.0
116	8177369.0
117	8042773.0
118	8043237.0
119	8040295.0
120	7995670.0
121	7974623.0
122	8127131.0
123	8141685.0
124	8294098.0
125	7760989.0
126	7303057.0
127	7112856.0
128	7574371.0
129	7636087.0
130	7393619.0
131	7758269.0
132	7772525.0
133	8057747.0
134	8333916.0
135	8520826.0
136	8417379.0
137	8201127.0
138	8202991.0
139	8220319.0
140	8272879.0
141	8247691.0
142	8409581.0
143	8266430.0
144	8408626.0
145	8513505.0
146	8515807.0
147	8138113.0
148	8567684.0
149	8122224.0
150	8127579.0
151	8143725.0
152	7904623.0
153	8517904.0
154	8527461.0
155	8326869.0
156	8411245.0
157	8500198.0
158	8709960.0
159	8994748.0
160	9043212.0
161	9072384.0
162	8371705.0
163	8367256.0
164	8218462.0
165	8372512.0
166	8619920.0
167	8702781.0
168	8408867.0
169	8236816.0
170	8357866.0
171	8265751.0
172	8491343.0
173	8478577.0
174	8412452.0
175	8463018.0
176	8331678.0
177	7959150.0
178	8118371.0
179	8151805.0
180	8250353.0
181	8221802.0
182	8333800.0
183	8379795.0
184	8376471.0
185	8269927.0
186	7898354.0
187	7930016.0
188	7946134.0
189	8028693.0
190	7973948.0
191	8105576.0
192	8099127.0
193	8162167.0
194	8177926.0
195	8091202.0
196	8151771.0
197	7944434.0
198	7953198.0
199	7921536.0
200	7873939.0
201	7813370.0
202	7661435.0
203	7664897.0
204	7610172.0
205	7514045.0
206	7688767.0
207	7684097.0
208	7768486.0
209	7805536.0
210	7807096.0
211	7592874.0
212	7477206.0
213	7540850.0
214	7651389.0
215	6942190.0
216	6839977.0
217	6988980.0
218	6988980.0
219	6739405.0
220	6824282.0
221	7282455.0
222	6965572.0
223	7052146.0
224	7062118.0
225	7123630.0
226	7125251.0
227	7332976.0
228	7332379.0
229	7476997.0
230	7658216.0
231	7534079.0
232	7575335.0
233	7691175.0
234	7471060.0
235	7471657.0
236	7527438.0
237	7057201.0
238	7057201.0
239	7147870.0
240	7234560.0
241	7257109.0
242	7680495.0
243	7737951.0
244	7537359.0
245	7477527.0
246	7397727.0
247	6909980.0
248	6456379.0
249	6586141.0
250	6207496.0
251	6358744.0
252	6575714.0
253	6661685.0
254	6609875.0
255	6796483.0
256	7037074.0
257	7197890.0
258	7213997.0
259	7275710.0
260	7015289.0
261	7030157.0
262	6913799.0
263	7012259.0
264	7134293.0
265	6930190.0
266	7544915.0
267	7544915.0
268	7679240.0
269	7679240.0
270	7690874.0
271	7790708.0
272	7490711.0
273	7390877.0
274	7589281.0
275	7616317.0
276	7455501.0
277	7455501.0
278	7737993.0
279	8023093.0
280	8028397.0
281	8106079.0
282	8130139.0
283	8146746.0
284	8114058.0
285	8251470.0
286	8254638.0
287	8255679.0
288	8270067.0
289	8537341.0
290	8180241.0
291	8341057.0
292	8338766.0
293	8370171.0
294	8391406.0
295	8962215.0
296	9102291.0
297	9206826.0
298	9184365.0
299	9047181.0
300	8936740.0
301	8975010.0
302	8971431.0
303	8707602.0
304	8560415.0
305	8962660.0
306	9097876.0
307	9034746.0
308	8659304.0
309	8183694.0
310	8152245.0
311	8042881.0
312	7791345.0
313	7540965.0
314	7288792.0
315	7112658.0
316	7360169.0
317	7292744.0
318	7371199.0
319	7382755.0
320	7306965.0
321	7450277.0
322	7141846.0
323	7222396.0
324	7514112.0
325	8033982.0
326	7702507.0
327	7670921.0
328	7242619.0
329	7105243.0
330	7135645.0
331	7144151.0
332	7125787.0
333	7083017.0
334	7131247.0
335	7061175.0
336	6985881.0
337	7231049.0
338	7381048.0
339	6887938.0
340	7120768.0
341	7090570.0
342	7281376.0
343	7448385.0
344	7780185.0
345	7563403.0
346	7807734.0
347	7626559.0
348	7498871.0
349	7148551.0
350	7144776.0
351	7341198.0
352	7484614.0
353	7693866.0
354	7275966.0
355	7485905.0
356	7572664.0
357	7447117.0
358	7532855.0
359	7765613.0
360	7712734.0
361	7958266.0
362	8043953.0
363	7911910.0
364	8074457.0
365	7841699.0
366	7745721.0
367	7523535.0
368	7501899.0
369	7474595.0
370	7447683.0
371	7249392.0
372	7324272.0
373	7316852.0
374	7159316.0
375	7084854.0
376	6632122.0
377	6687247.0
378	6687164.0
379	6811268.0
380	7456953.0
381	7486140.0
382	7502865.0
383	7735623.0
384	7737486.0
385	7863786.0
386	8212861.0
387	8225995.0
388	8269795.0
389	8007392.0
390	8143618.0
391	8108277.0
392	8308382.0
393	8005274.0
394	8135911.0
395	8079855.0
396	7943521.0
397	8318620.0
398	7728991.0
399	7687042.0
400	7568438.0
401	7606121.0
402	7649591.0
403	7617996.0
404	7587247.0
405	7721347.0
406	7914062.0
407	7701588.0
408	7593476.0
409	7629033.0
410	7542786.0
411	7645306.0
412	7798826.0
413	8062293.0
414	7996200.0
415	8071731.0
416	8182275.0
417	8207277.0
418	8159244.0
419	8092579.0
420	8177432.0
421	8363696.0
422	8141010.0
423	8049381.0
424	7912050.0
425	7773961.0
426	7410361.0
427	7363676.0
428	7145688.0
429	7429866.0
430	7548445.0
431	8011429.0
432	7892850.0
433	7722445.0
434	7347294.0
435	7128774.0
436	7294934.0
437	7378334.0
438	7547184.0
439	7294229.0
440	7377995.0
441	7516076.0
442	7618309.0
443	7583995.0
444	7744729.0
445	7895541.0
446	7938370.0
447	8144578.0
448	8280673.0
449	8497668.0
450	8497944.0
451	8466323.0
452	8397564.0
453	8414289.0
454	8161957.0
455	8194573.0
456	8149567.0
457	7943359.0
458	8087049.0
459	7926315.0
460	8103451.0
461	8118613.0
462	8197218.0
463	8210489.0
464	7797165.0
465	7643932.0
466	7188563.0
467	7345773.0
468	7258635.0
469	7259760.0
470	7618173.0
471	7484665.0
472	7734911.0
473	7511382.0
474	7552774.0
475	7512542.0
476	8024961.0
477	8307811.0
478	8274061.0
479	8265405.0
480	8461071.0
481	8291332.0
482	8429244.0
483	8589978.0
484	8175807.0
485	8097327.0
486	8469069.0
487	8418142.0
488	8498332.0
489	8553418.0
490	8388157.0
491	8026227.0
492	8027246.0
493	8041394.0
494	8262261.0
495	8432760.0
496	8098990.0
497	8160870.0
498	8547677.0
499	8810526.0
500	8843013.0
501	8095376.0
502	7832527.0
503	7870409.0
504	7790219.0
505	7545062.0
506	7747520.0
507	7206575.0
508	7540345.0
509	7554168.0
510	7452945.0
511	7417491.0
512	7486445.0
513	7494518.0
514	7233778.0
515	6990019.0
516	7104375.0
517	7144163.0
518	7273775.0
519	7447036.0
520	7419712.0
521	7026886.0
522	7186834.0
523	7234210.0
524	7694534.0
525	7775476.0
526	7738896.0
527	8243169.0
528	8209448.0
529	8226815.0
530	7842734.0
531	8014412.0
532	7797800.0
533	7636143.0
534	7097688.0
535	7262763.0
536	7003847.0
537	6816858.0
538	6871355.0
539	6999213.0
540	7365647.0
541	7381339.0
542	7640157.0
543	7154349.0
544	7023629.0
545	6886105.0
546	6855686.0
547	7277363.0
548	7657679.0
549	7788959.0
550	7821019.0
551	7677311.0
552	7331915.0
553	7273267.0
554	6959234.0
555	7039622.0
556	6937586.0
557	7411182.0
558	7372277.0
559	7576239.0
560	7341211.0
561	7439326.0
562	7161068.0
563	7356744.0
564	7597486.0
565	7237404.0
566	7505869.0
567	7618895.0
568	7672426.0
569	7576067.0
570	7342298.0
571	7501519.0
572	7402433.0
573	7348902.0
574	7298380.0
575	7470710.0
576	7472441.0
577	7345289.0
578	6905969.0
579	7023697.0
580	7142523.0
581	7271349.0
582	7281779.0
583	6869863.0
584	6924072.0
585	6859283.0
586	6761168.0
587	7164181.0
588	6741270.0
589	6556598.0
590	6517771.0
591	6785483.0
592	6897656.0
593	6875268.0
594	7199180.0
595	6978091.0
596	7309891.0
597	7192565.0
598	7589709.0
599	7611444.0
600	7788952.0
601	7633652.0
602	7774349.0
603	7875070.0
604	8354577.0
605	8209804.0
606	8164784.0
607	8143049.0
608	8219698.0
609	8299421.0
610	8171858.0
611	8437318.0
612	8438560.0
613	8328408.0
614	8013370.0
615	7793826.0
616	7812865.0
617	7921253.0
618	8021909.0
619	7889559.0
620	7893137.0
621	7889567.0
622	7608474.0
623	7645754.0
624	7786154.0
625	7796864.0
626	7582412.0
627	7620052.0
628	7683695.0
629	7807269.0
630	7794823.0
631	7592263.0
632	7208555.0
633	7146379.0
634	7168879.0
635	6967889.0
636	6853182.0
637	6721471.0
638	6886291.0
639	7034681.0
640	7210775.0
641	7588523.0
642	7614203.0
643	7501973.0
644	7620151.0
645	7475671.0
646	7166460.0
647	7351561.0
648	7367903.0
649	7369295.0
650	7004025.0
651	7239053.0
652	7679241.0
653	7554643.0
654	7664023.0
655	7662328.0
656	7508371.0
657	7535882.0
658	7243187.0
659	6890115.0
660	6715695.0
661	6719392.0
662	6695600.0
663	6870938.0
664	7051058.0
665	7200490.0
666	6668800.0
667	6712600.0
668	6758679.0
669	6583759.0
670	6667971.0
671	6439183.0
672	6638957.0
673	6788804.0
674	6983676.0
675	7153832.0
676	7248400.0
677	7185296.0
678	7228974.0
679	7241335.0
680	7294633.0
681	7358757.0
682	7440118.0
683	7452371.0
684	7459823.0
685	7513755.0
686	7527675.0
687	7520223.0
688	7492739.0
689	7596012.0
690	7762819.0
691	7779544.0
692	8001277.0
693	7572636.0
694	8085239.0
695	8249183.0
696	8732977.0
697	8745017.0
698	8615317.0
699	8944312.0
700	8702236.0
701	8668606.0
702	8686434.0
703	8798130.0
704	8992614.0
705	8851355.0
706	8944667.0
707	8925782.0
708	8882488.0
709	9245701.0
710	9450051.0
711	9451557.0
712	8774538.0
713	9205058.0
714	8950337.0
715	8883189.0
716	8779509.0
717	8687274.0
718	8886174.0
719	8591138.0
720	8555512.0
721	8400874.0
722	8373606.0
723	8010393.0
724	8212550.0
725	8255446.0
726	8283756.0
727	8155031.0
728	8159081.0
729	8171336.0
730	8184296.0
731	8331905.0
732	8189976.0
733	8502829.0
734	8907572.0
735	8968365.0
736	8914534.0
737	8944849.0
738	8979329.0
739	8955051.0
740	9143133.0
741	9003140.0
742	9191924.0
743	8933872.0
744	8893792.0
745	8895216.0
746	8909994.0
747	8950074.0
748	8530778.0
749	8595110.0
750	8749733.0
751	8858862.0
752	8983480.0
753	8960024.0
754	8813223.0
755	8600449.0
756	8484739.0
757	8505430.0
758	8488688.0
759	8503268.0
760	8346089.0
761	8066682.0
762	8190604.0
763	8257413.0
764	8210648.0
765	8290258.0
766	8168475.0
767	8076716.0
768	8378704.0
769	8425469.0
770	7912527.0
771	7614400.0
772	7413344.0
773	7442099.0
774	7638652.0
775	7710999.0
776	7681598.0
777	7871708.0
778	7954688.0
779	7964153.0
780	7969289.0
781	8013671.0
782	8110421.0
783	8115771.0
784	8319449.0
785	8341949.0
786	8253165.0
787	8216848.0
788	7747530.0
789	7772093.0
790	7716341.0
791	8012543.0
792	8032161.0
793	7868930.0
794	8002300.0
795	7886432.0
796	8192551.0
797	8009398.0
798	7562795.0
799	7483394.0
800	7499618.0
801	7392611.0
802	7394007.0
803	7381184.0
804	7348049.0
805	7472999.0
806	7536341.0
807	7696482.0
808	7829613.0
809	7640821.0
810	7645117.0
811	7479445.0
812	7492939.0
813	7311945.0
814	6968636.0
815	6996172.0
816	6894115.0
817	6899115.0
818	7076245.0
819	7091389.0
820	6948384.0
821	6968568.0
822	6939928.0
823	6344538.0
824	6365498.0
825	6362683.0
826	6605527.0
827	6588503.0
828	6586931.0
829	6594267.0
830	6630171.0
831	6627919.0
832	6323449.0
833	6575512.0
834	6355398.0
835	6433322.0
836	6547814.0
837	6469890.0
838	6401700.0
839	6521274.0
840	6612100.0
841	6659372.0
842	6638852.0
843	6716776.0
844	6638852.0
845	6589862.0
846	6667786.0
847	6584536.0
848	6579988.0
849	6690604.0
850	6693444.0
851	6603354.0
852	5931169.0
853	6021901.0
854	6136201.0
855	6304658.0
856	6293896.0
857	6207082.0
858	6362063.0
859	6311935.0
860	6636975.0
861	6778969.0
862	6532588.0
863	6433023.0
864	6408935.0
865	6421985.0
866	6698283.0
867	6982455.0
868	7064966.0
869	7412205.0
870	7578569.0
871	7560629.0
872	7714943.0
873	7786115.0
874	7774058.0
875	7897529.0
876	8049732.0
877	8173107.0
878	8177247.0
879	8053877.0
880	8066289.0
881	8130010.0
882	7912852.0
883	8112478.0
884	8171485.0
885	8175202.0
886	8239042.0
887	8577417.0
888	8577922.0
889	9088786.0
890	9324658.0
891	9163274.0
892	9083039.0
893	9078899.0
894	8968475.0
895	8929691.0
896	9090155.0
897	9006623.0
898	8984534.0
899	8747582.0
900	8786586.0
901	8563496.0
902	8586536.0
903	8891773.0
904	8885458.0
905	9013039.0
906	9636867.0
907	9419616.0
908	9420719.0
909	9518351.0
910	9744746.0
911	9769147.0
912	9932057.0
913	9855162.0
914	9854718.0
915	8814359.0
916	8587964.0
917	8346923.0
918	8522536.0
919	9069928.0
920	9044722.0
921	8726048.0
922	8719879.0
923	8953320.0
924	8977809.0
925	9018650.0
926	8798330.0
927	8886611.0
928	9005595.0
929	9071140.0
930	9033556.0
931	8468404.0
932	8527452.0
933	8214602.0
934	7723996.0
935	7993022.0
936	7948655.0
937	7971983.0
938	7805028.0
939	7960066.0
940	7414307.0
941	7322020.0
942	7507308.0
943	8053067.0
944	7234281.0
945	7273834.0
946	7551730.0
947	7621420.0
948	7322846.0
949	7400830.0
950	7562147.0
951	7569196.0
952	7593409.0
953	7785016.0
954	7818064.0
955	8224143.0
956	7940116.0
957	8035100.0
958	7747765.0
959	8182970.0
960	7999094.0
961	8311527.0
962	8567890.0
963	8653658.0
964	8704730.0
965	8711910.0
966	8896428.0
967	8673152.0
968	8543603.0
969	8651459.0
970	8518424.0
971	8659714.0
972	8559950.0
973	8563415.0
974	8862711.0
975	9135946.0
976	9044117.0
977	9046903.0
978	9289884.0
979	9252671.0
980	9161815.0
981	9257852.0
982	9320010.0
983	9221528.0
984	8896561.0
985	8824641.0
986	8845713.0
987	8907998.0
988	8753162.0
989	9153608.0
990	9091450.0
991	9059809.0
992	8852252.0
993	8707190.0
994	8961711.0
995	9059447.0
996	8710264.0
997	8277221.0
998	8326513.0
999	8372971.0
1000	8326513.0
1001	8568879.0
1002	8259311.0
1003	7888058.0
1004	8043813.0
1005	8210293.0
1006	7837357.0
1007	8133450.0
1008	8108509.0
1009	7854277.0
1010	7760037.0
1011	7573773.0
1012	7429313.0
1013	7626488.0
1014	7844181.0
1015	7850517.0
1016	7904445.0
1017	7851801.0
1018	7806929.0
1019	7683395.0
1020	7442760.0
1021	7440192.0
1022	7344290.0
1023	7802189.0
1024	7868645.0
1025	8018020.0
1026	8137828.0
1027	8189587.0
1028	8011718.0
1029	7850618.0
1030	8108470.0
1031	8218915.0
1032	8040795.0
1033	7959430.0
1034	7957018.0
1035	7904392.0
1036	8051530.0
1037	7850271.0
1038	7869963.0
1039	7830794.0
1040	7683656.0
1041	7818980.0
1042	8499560.0
1043	8811619.0
1044	9104707.0
1045	9148185.0
1046	9012861.0
1047	9012861.0
1048	8830583.0
1049	8917492.0
1050	8975074.0
1051	8704470.0
1052	8719463.0
1053	8619300.0
1054	8641800.0
1055	8484700.0
1056	8540536.0
1057	8591754.0
1058	8614016.0
1059	8571521.0
1060	8439117.0
1061	8375753.0
1062	8288835.0
1063	8386995.0
1064	8640818.0
1065	8618556.0
1066	8327508.0
1067	8393680.0
1068	8398869.0
1069	8445834.0
1070	8204681.0
1071	8193899.0
1072	8071724.0
1073	8082464.0
1074	8102414.0
1075	8295221.0
1076	8214456.0
1077	8785087.0
1078	9102564.0
1079	9385741.0
1080	9609316.0
1081	9711988.0
1082	9732727.0
1083	1.0225241E7
1084	1.012671E7
1085	9892092.0
1086	9718114.0
1087	8961763.0
1088	8960374.0
1089	8902465.0
1090	8907865.0
1091	8840011.0
1092	8421659.0
1093	8379471.0
1094	8663581.0
1095	8749141.0
1096	8394936.0
1097	8458464.0
1098	8342049.0
1099	8119917.0
1100	8317653.0
1101	8050156.0
1102	8083919.0
1103	8214467.0
1104	8525315.0
1105	8438948.0
1106	8593169.0
1107	8582429.0
1108	8551234.0
1109	8561974.0
1110	8363292.0
1111	8065332.0
1112	7892774.0
1113	7921394.0
1114	7926443.0
1115	8404446.0
1116	8591226.0
1117	8619635.0
1118	8637799.0
1119	8654524.0
1120	8688836.0
1121	8725714.0
1122	8786409.0
1123	8382240.0
1124	8243344.0
1125	8446722.0
1126	8320302.0
1127	8529958.0
1128	8867733.0
1129	8723221.0
1130	8337605.0
1131	8542219.0
1132	8603494.0
1133	8073265.0
1134	7684737.0
1135	7842027.0
1136	7996758.0
1137	7595176.0
1138	7495495.0
1139	7718068.0
1140	8191265.0
1141	7754318.0
1142	7925390.0
1143	8054739.0
1144	7926135.0
1145	7753100.0
1146	7651129.0
1147	7518323.0
1148	7417661.0
1149	7367366.0
1150	7299306.0
1151	7598314.0
1152	7755032.0
1153	7855949.0
1154	8243204.0
1155	8303406.0
1156	8512953.0
1157	8515827.0
1158	8484551.0
1159	8544767.0
1160	8573750.0
1161	8380141.0
1162	8053270.0
1163	8389273.0
1164	8578693.0
1165	8597593.0
1166	8803993.0
1167	8750601.0
1168	8544201.0
1169	8309587.0
1170	8515987.0
1171	8309587.0
1172	8345729.0
1173	8349397.0
1174	8313255.0
1175	8519655.0
1176	8577451.0
1177	8698796.0
1178	9282846.0
1179	9149229.0
1180	8752590.0
1181	8415694.0
1182	8201968.0
1183	8549445.0
1184	8910602.0
1185	9053577.0
1186	8819629.0
1187	8702925.0
1188	8904682.0
1189	8733163.0
1190	8170336.0
1191	8264053.0
1192	8476122.0
1193	8431464.0
1194	8706752.0
1195	8706700.0
1196	8431412.0
1197	8316295.0
1198	8324035.0
1199	8590477.0
1200	8652273.0
1201	8665425.0
1202	8954385.0
1203	8980687.0
1204	8417695.0
1205	8183320.0
1206	8112315.0
1207	7706068.0
1208	7387922.0
1209	7041342.0
1210	7211999.0
1211	7260959.0
1212	7708241.0
1213	7800029.0
1214	7459997.0
1215	7452257.0
1216	7243307.0
1217	7251047.0
1218	7283339.0
1219	7621405.0
1220	7621405.0
1221	7673769.0
1222	7701877.0
1223	7541884.0
1224	7709533.0
1225	7825201.0
1226	7925356.0
1227	7925356.0
1228	7934165.0
1229	8108553.0
1230	8052742.0
1231	7954917.0
1232	7966087.0
1233	8058322.0
1234	7903910.0
1235	7797700.0
1236	7873487.0
1237	7577268.0
1238	7542841.0
1239	7647168.0
1240	7626455.0
1241	7395223.0
1242	7472924.0
1243	7427752.0
1244	7345761.0
1245	7583320.0
1246	7583320.0
1247	7784283.0
1248	8111427.0
1249	7839297.0
1250	7778661.0
1251	7885687.0
1252	7714945.0
1253	8013209.0
1254	8675643.0
1255	8575049.0
1256	8311781.0
1257	8418286.0
1258	8185693.0
1259	8067668.0
1260	8173916.0
1261	8256553.0
1262	8073672.0
1263	8306265.0
1264	8146648.0
1265	8019770.0
1266	8134568.0
1267	7730448.0
1268	7801093.0
1269	7830509.0
1270	8071492.0
1271	8076925.0
1272	7991356.0
1273	8015652.0
1274	8234932.0
1275	8309188.0
1276	7740341.0
1277	7899958.0
1278	8449744.0
1279	7932233.0
1280	7910821.0
1281	7950344.0
1282	7910821.0
1283	7797066.0
1284	7987764.0
1285	8290334.0
1286	7786934.0
1287	7670314.0
1288	7704586.0
1289	7670314.0
1290	7710910.0
1291	7676489.0
1292	7596154.0
1293	7883420.0
1294	7984287.0
1295	7782134.0
1296	7750489.0
1297	7703149.0
1298	8069571.0
1299	8097921.0
1300	8409149.0
1301	8334893.0
1302	8540010.0
1303	8577499.0
1304	8675459.0
1305	8443947.0
1306	7726039.0
1307	7455598.0
1308	7535320.0
1309	7678202.0
1310	7941470.0
1311	7678202.0
1312	7297279.0
1313	7181192.0
1314	6961838.0
1315	6920863.0
1316	6919224.0
1317	6638398.0
1318	7291646.0
1319	7167271.0
1320	7674897.0
1321	7472315.0
1322	7294695.0
1323	7464007.0
1324	7541790.0
1325	7773302.0
1326	7804891.0
1327	7901588.0
1328	7716912.0
1329	7762360.0
1330	8011339.0
1331	8199319.0
1332	8278991.0
1333	8504304.0
1334	8412049.0
1335	8648382.0
1336	8716293.0
1337	8494963.0
1338	8742974.0
1339	8438730.0
1340	8554657.0
1341	8254619.0
1342	8388115.0
1343	8472932.0
1344	8480946.0
1345	8384249.0
1346	8243591.0
1347	8263093.0
1348	8372742.0
1349	8526942.0
1350	8276387.0
1351	8116753.0
1352	8027569.0
1353	8476207.0
1354	8702035.0
1355	8345019.0
1356	8049507.0
1357	7823679.0
1358	8181799.0
1359	8253624.0
1360	8055538.0
1361	8076156.0
1362	8145818.0
1363	8188714.0
1364	8196996.0
1365	7978076.0
1366	7774930.0
1367	8057008.0
1368	8241821.0
1369	8742626.0
1370	8492696.0
1371	8826403.0
1372	8811045.0
1373	8954645.0
1374	9008357.0
1375	9069593.0
1376	9092441.0
1377	8513840.0
1378	8489514.0
1379	8625837.0
1380	8499973.0
1381	8360653.0
1382	8226525.0
1383	8291726.0
1384	8594042.0
1385	8706252.0
1386	8866560.0
1387	9285958.0
1388	9275393.0
1389	9202278.0
1390	9176607.0
1391	9323829.0
1392	9235653.0
1393	8763518.0
1394	8835343.0
1395	8591969.0
1396	8415945.0
1397	8659081.0
1398	8575158.0
1399	8256922.0
1400	7751701.0
1401	7776027.0
1402	7806205.0
1403	7820189.0
1404	8098999.0
1405	8121588.0
1406	7908686.0
1407	8137838.0
1408	8471022.0
1409	8313342.0
1410	8535617.0
1411	8085549.0
1412	8150987.0
1413	8245256.0
1414	8375240.0
1415	8436068.0
1416	8338615.0
1417	8749007.0
1418	8683761.0
1419	8718947.0
1420	8904083.0
1421	8829671.0
1422	8828038.0
1423	8905007.0
1424	8608394.0
1425	8792458.0
1426	8390608.0
1427	8323250.0
1428	8392211.0
1429	8311027.0
1430	8041331.0
1431	8087531.0
1432	8093035.0
1433	8173540.0
1434	8349920.0
1435	8130407.0
1436	7813361.0
1437	7985423.0
1438	7924595.0
1439	7755990.0
1440	7744027.0
1441	7447581.0
1442	7460013.0
1443	7457261.0
1444	7524029.0
1445	7561181.0
1446	7239104.0
1447	7281054.0
1448	7416925.0
1449	7571741.0
1450	7531219.0
1451	7502674.0
1452	7588624.0
1453	7637584.0
1454	7692554.0
1455	7280982.0
1456	6975234.0
1457	6918079.0
1458	7135710.0
1459	7128695.0
1460	6797389.0
1461	6965994.0
1462	7041774.0
1463	7394338.0
1464	7476537.0
1465	7183483.0
1466	7452610.0
1467	7452543.0
1468	7519190.0
1469	7553890.0
1470	7756067.0
1471	7799924.0
1472	7313750.0
1473	7174328.0
1474	7236652.0
1475	7516846.0
1476	7333427.0
1477	7307762.0
1478	7032406.0
1479	7065526.0
1480	7074629.0
1481	6928514.0
1482	7003954.0
1483	6758774.0
1484	6686763.0
1485	6696708.0
1486	7058687.0
1487	7074157.0
1488	6970857.0
1489	6917541.0
1490	7155123.0
1491	7279443.0
1492	7306941.0
1493	7406784.0
1494	7220656.0
1495	7182895.0
1496	7027069.0
1497	7262906.0
1498	7329959.0
1499	7506828.0
1500	7532793.0
1501	7505530.0
1502	7799397.0
1503	7806480.0
1504	7931324.0
1505	7664075.0
1506	7678285.0
1507	7383529.0
1508	6982559.0
1509	6605259.0
1510	6650115.0
1511	6745681.0
1512	6962982.0
1513	7171816.0
1514	7175704.0
1515	7338976.0
1516	7340356.0
1517	7646334.0
1518	7660648.0
1519	7725726.0
1520	8114570.0
1521	8031352.0
1522	8031352.0
1523	8143688.0
1524	8688864.0
1525	8726609.0
1526	8812178.0
1527	8643236.0
1528	8310481.0
1529	8202489.0
1530	8215698.0
1531	7447096.0
1532	7406222.0
1533	7429559.0
1534	7448837.0
1535	7503654.0
1536	7262706.0
1537	7290740.0
1538	7133681.0
1539	7217201.0
1540	7443663.0
1541	7121522.0
1542	7242979.0
1543	7349652.0
1544	7396848.0
1545	7709236.0
1546	7774298.0
1547	7582249.0
1548	7565303.0
1549	7847843.0
1550	7808796.0
1551	8058563.0
1552	7958492.0
1553	7709920.0
1554	7786870.0
1555	7681717.0
1556	7854196.0
1557	7992998.0
1558	7892078.0
1559	7617856.0
1560	7540906.0
1561	7358026.0
1562	7420618.0
1563	7408003.0
1564	7508074.0
1565	7332319.0
1566	7475625.0
1567	7213605.0
1568	7253601.0
1569	7110295.0
1570	7447877.0
1571	7436103.0
1572	7447138.0
1573	7317044.0
1574	7535148.0
1575	7535148.0
1576	7379279.0
1577	7468251.0
1578	7232901.0
1579	7375755.0
1580	7770670.0
1581	7841614.0
1582	7743905.0
1583	7970829.0
1584	8125973.0
1585	8277551.0
1586	8422718.0
1587	8259968.0
1588	8260244.0
1589	8274014.0
1590	8131160.0
1591	7890541.0
1592	7880210.0
1593	7915607.0
1594	7684094.0
1595	7661432.0
1596	7481988.0
1597	7314219.0
1598	7394085.0
1599	7457325.0
1600	7230055.0
1601	7445281.0
1602	7383417.0
1603	7126520.0
1604	7039204.0
1605	7365464.0
1606	7400232.0
1607	7724664.0
1608	7974329.0
1609	7926953.0
1610	7998778.0
1611	8018413.0
1612	7786913.0
1613	8018413.0
1614	8296216.0
1615	8221006.0
1616	8224805.0
1617	8214061.0
1618	8231893.0
1619	8251341.0
1620	8152603.0
1621	8492373.0
1622	8470483.0
1623	8273328.0
1624	8139120.0
1625	8263308.0
1626	8224156.0
1627	8330113.0
1628	8450707.0
1629	8279845.0
1630	8052487.0
1631	8337667.0
1632	8088107.0
1633	7982377.0
1634	8427246.0
1635	8026045.0
1636	8023320.0
1637	7883126.0
1638	7835867.0
1639	7816232.0
1640	7835867.0
1641	7843368.0
1642	7823733.0
1643	7667966.0
1644	7104600.0
1645	7097099.0
1646	7097099.0
1647	6806633.0
1648	6806633.0
1649	6805312.0
1650	6580443.0
1651	6424574.0
1652	6122094.0
1653	6416376.0
1654	6798680.0
1655	6763640.0
1656	7328327.0
1657	7048309.0
1658	7048309.0
1659	6898705.0
1660	6853754.0
1661	7002719.0
1662	6920127.0
1663	7387017.0
1664	7578285.0
1665	7597428.0
1666	7565876.0
1667	7570980.0
1668	7768814.0
1669	8003400.0
1670	8034872.0
1671	8030696.0
1672	8492898.0
1673	8512898.0
1674	8320421.0
1675	8555220.0
1676	8558052.0
1677	8651688.0
1678	7876982.0
1679	7996398.0
1680	8202072.0
1681	8153835.0
1682	8012369.0
1683	7331010.0
1684	7209621.0
1685	7257239.0
1686	8007054.0
1687	7966459.0
1688	8271361.0
1689	7820345.0
1690	7747107.0
1691	7926877.0
1692	7808365.0
1693	7977931.0
1694	7681819.0
1695	8129370.0
1696	8128590.0
1697	8298333.0
1698	7808270.0
1699	7866459.0
1700	8275254.0
1701	8516533.0
1702	8381304.0
1703	8425926.0
1704	8484452.0
1705	8528922.0
1706	8227263.0
1707	8156265.0
1708	8070446.0
1709	8127003.0
1710	8113858.0
1711	8253870.0
1712	8502182.0
1713	8793590.0
1714	8312521.0
1715	8082036.0
1716	8298974.0
1717	8259196.0
1718	8163825.0
1719	7729359.0
1720	7064719.0
1721	7002128.0
1722	6844846.0
1723	7307009.0
1724	7741475.0
1725	7611460.0
1726	7688410.0
1727	7729792.0
1728	7601120.0
1729	7677230.0
1730	7657071.0
1731	7255966.0
1732	7742123.0
1733	7788808.0
1734	8023891.0
1735	7798231.0
1736	7865653.0
1737	7999885.0
1738	8128705.0
1739	8301514.0
1740	8226889.0
1741	8239738.0
1742	7866647.0
1743	7609259.0
1744	7654085.0
1745	7663073.0
1746	7820703.0
1747	7866743.0
1748	7648069.0
1749	7664290.0
1750	7359926.0
1751	7385380.0
1752	7340605.0
1753	7578595.0
1754	7990965.0
1755	8073525.0
1756	7959829.0
1757	7964639.0
1758	7948418.0
1759	7671561.0
1760	7495896.0
1761	7513419.0
1762	7524274.0
1763	7588646.0
1764	7719343.0
1765	7775785.0
1766	7816273.0
1767	7979556.0
1768	7812962.0
1769	7823054.0
1770	7286132.0
1771	7411521.0
1772	7427856.0
1773	7418621.0
1774	7204895.0
1775	7206684.0
1776	7388190.0
1777	7231175.0
1778	7242043.0
1779	7196728.0
1780	7718442.0
1781	7677048.0
1782	7340771.0
1783	7320147.0
1784	7513722.0
1785	7662541.0
1786	7543189.0
1787	7243353.0
1788	7525579.0
1789	7474130.0
1790	7334000.0
1791	7349304.0
1792	7096601.0
1793	6992513.0
1794	7287971.0
1795	7275155.0
1796	7125674.0
1797	7349656.0
1798	7245895.0
1799	7582493.0
1800	7522196.0
1801	7182398.0
1802	7392343.0
1803	7791707.0
1804	7944063.0
1805	7744694.0
1806	7603265.0
1807	7750262.0
1808	7884043.0
1809	7944340.0
1810	7597117.0
1811	7647466.0
1812	7714131.0
1813	7753679.0
1814	7644432.0
1815	7378793.0
1816	7475328.0
1817	7504225.0
1818	7661893.0
1819	7670534.0
1820	8378345.0
1821	8505487.0
1822	8479714.0
1823	8490454.0
1824	8618538.0
1825	8682218.0
1826	8463184.0
1827	8318968.0
1828	8359773.0
1829	8348180.0
1830	8466080.0
1831	8539632.0
1832	8632931.0
1833	9102969.0
1834	8834942.0
1835	8835975.0
1836	8843715.0
1837	8640929.0
1838	8608980.0
1839	8613606.0
1840	8772010.0
1841	8951235.0
1842	8742484.0
1843	8501302.0
1844	8812051.0
1845	8827156.0
1846	8840333.0
1847	8202017.0
1848	8422687.0
1849	8455249.0
1850	8900459.0
1851	9364945.0
1852	8891007.0
1853	9182822.0
1854	8738942.0
1855	8750456.0
1856	9552426.0
1857	9271438.0
1858	9187460.0
1859	8806710.0
1860	8712543.0
1861	8653917.0
1862	8748084.0
1863	8986486.0
1864	8076631.0
1865	7897406.0
1866	7347029.0
1867	7724532.0
1868	7537642.0
1869	7508377.0
1870	7836941.0
1871	7997021.0
1872	8059387.0
1873	8263355.0
1874	8476806.0
1875	8491732.0
1876	8711627.0
1877	8970125.0
1878	8950307.0
1879	8715288.0
1880	8853792.0
1881	8777004.0
1882	8567457.0
1883	8735657.0
1884	8906503.0
1885	8811978.0
1886	8943716.0
1887	8858087.0
1888	8697892.0
1889	8868807.0
1890	8852846.0
1891	8799059.0
1892	8962040.0
1893	8991015.0
1894	8983996.0
1895	9122539.0
1896	8871830.0
1897	8772494.0
1898	8507320.0
1899	8613294.0
1900	8584319.0
1901	8770984.0
1902	9032424.0
1903	9032424.0
1904	9263544.0
1905	9348292.0
1906	9370447.0
1907	9014231.0
1908	8812458.0
1909	8065696.0
1910	8002444.0
1911	8324145.0
1912	7949801.0
1913	8098139.0
1914	8205547.0
1915	8081743.0
1916	8151111.0
1917	7749340.0
1918	7752524.0
1919	7622184.0
1920	7977595.0
1921	8133623.0
1922	8121843.0
1923	8161299.0
1924	8363389.0
1925	8649352.0
1926	8473653.0
1927	8197316.0
1928	8027464.0
1929	8014861.0
1930	7928644.0
1931	7991785.0
1932	8024491.0
1933	8344838.0
1934	8372586.0
1935	7781915.0
1936	7885146.0
1937	8097073.0
1938	8159987.0
1939	8176577.0
1940	8492463.0
1941	8444266.0
1942	8364177.0
1943	8171346.0
1944	7993838.0
1945	7978936.0
1946	7808127.0
1947	7874374.0
1948	7913259.0
1949	8026819.0
1950	8074007.0
1951	7835875.0
1952	7788687.0
1953	8050456.0
1954	8249544.0
1955	8309666.0
1956	7801631.0
1957	7621001.0
1958	7642417.0
1959	7524160.0
1960	7533581.0
1961	7983317.0
1962	7841656.0
1963	7642568.0
1964	7733824.0
1965	7519994.0
1966	7664002.0
1967	8102274.0
1968	7741978.0
1969	8088700.0
1970	8072624.0
1971	7867229.0
1972	8051224.0
1973	8051654.0
1974	8454950.0
1975	8267223.0
1976	8250308.0
1977	8274838.0
1978	8351178.0
1979	8496698.0
1980	8064261.0
1981	7995254.0
1982	8352308.0
1983	8204709.0
1984	8238544.0
1985	8134666.0
1986	8211090.0
1987	8344703.0
1988	8468056.0
1989	8608439.0
1990	8471527.0
1991	8339691.0
1992	8471550.0
1993	8557120.0
1994	8557120.0
1995	8696519.0
1996	8744746.0
1997	8744746.0
1998	8615038.0
1999	8303568.0
2000	8267823.0
2001	7950421.0
2002	7957141.0
2003	7959022.0
2004	7656154.0
2005	7541331.0
2006	7598451.0
2007	7352066.0
2008	7358036.0
2009	7444442.0
2010	7662148.0
2011	7669733.0
2012	7516238.0
2013	7539758.0
2014	7426328.0
2015	7498963.0
2016	7763036.0
2017	7670700.0
2018	7317807.0
2019	7589239.0
2020	7480876.0
2021	7054220.0
2022	7107823.0
2023	7010022.0
2024	6933602.0
2025	6975746.0
2026	6961666.0
2027	6989570.0
2028	7309395.0
2029	7353247.0
2030	7193254.0
2031	7464358.0
2032	7607792.0
2033	7617602.0
2034	7743373.0
2035	7459277.0
2036	7408514.0
2037	7496075.0
2038	7530104.0
2039	7583849.0
2040	7515520.0
2041	7677832.0
2042	7523052.0
2043	7219280.0
2044	7109058.0
2045	7161468.0
2046	7475086.0
2047	7440207.0
2048	7502724.0
2049	7535619.0
2050	7494227.0
2051	7437447.0
2052	7453977.0
2053	7421434.0
2054	7533226.0
2055	7403876.0
2056	7389299.0
2057	7301739.0
2058	7733121.0
2059	7852238.0
2060	7752932.0
2061	7398589.0
2062	7243951.0
2063	7193657.0
2064	6883879.0
2065	7291870.0
2066	7215315.0
2067	7421613.0
2068	7733644.0
2069	7441492.0
2070	7376078.0
2071	7203383.0
2072	6963824.0
2073	6907729.0
2074	7087802.0
2075	6984942.0
2076	6847073.0
2077	6987463.0
2078	6885328.0
2079	7028334.0
2080	6908146.0
2081	6994720.0
2082	7055956.0
2083	7089549.0
2084	7500556.0
2085	7350153.0
2086	7125191.0
2087	7014810.0
2088	7090520.0
2089	6537334.0
2090	6466489.0
2091	6536796.0
2092	6593669.0
2093	6642973.0
2094	6677597.0
2095	6941797.0
2096	6962510.0
2097	6993786.0
2098	7256363.0
2099	7009205.0
2100	7150973.0
2101	6871255.0
2102	7230815.0
2103	7240248.0
2104	7241370.0
2105	7258506.0
2106	7569505.0
2107	7577260.0
2108	7644192.0
2109	7581568.0
2110	7438562.0
2111	7002338.0
2112	6787398.0
2113	6963808.0
2114	7294928.0
2115	7324024.0
2116	7290454.0
2117	7365662.0
2118	7545978.0
2119	7592758.0
2120	8332338.0
2121	8591747.0
2122	8570663.0
2123	8507270.0
2124	8535542.0
2125	8280026.0
2126	8598146.0
2127	8616386.0
2128	8637635.0
2129	8690369.0
2130	8564402.0
2131	8543153.0
2132	8834414.0
2133	8943414.0
2134	9140096.0
2135	9271797.0
2136	9200843.0
2137	9147548.0
2138	9277958.0
2139	8974682.0
2140	8540577.0
2141	8478661.0
2142	8657673.0
2143	8389215.0
2144	8178710.0
2145	8241026.0
2146	8621599.0
2147	8445189.0
2148	8382873.0
2149	8307665.0
2150	8459046.0
2151	8148043.0
2152	8209335.0
2153	8503258.0
2154	8679668.0
2155	8566330.0
2156	8375295.0
2157	8448129.0
2158	8472218.0
2159	7912983.0
2160	8014082.0
2161	7746820.0
2162	8153786.0
2163	8557874.0
2164	8360327.0
2165	8557046.0
2166	8578301.0
2167	8653509.0
2168	8992754.0
2169	9065950.0
2170	8329198.0
2171	8719645.0
2172	8832469.0
2173	8757261.0
2174	8822668.0
2175	8610443.0
2176	8510219.0
2177	8327245.0
2178	8288309.0
2179	8033107.0
2180	8040415.0
2181	8057585.0
2182	7692861.0
2183	7517804.0
2184	7169413.0
2185	7136314.0
2186	7393244.0
2187	7594761.0
2188	7576743.0
2189	7496576.0
2190	7709386.0
2191	7748322.0
2192	7857253.0
2193	7871839.0
2194	8025334.0
2195	7599652.0
2196	7702352.0
2197	7273360.0
2198	6849717.0
2199	6801430.0
2200	6761286.0
2201	6870299.0
2202	7202099.0
2203	7314190.0
2204	7175094.0
2205	6993654.0
2206	7231306.0
2207	7407409.0
2208	7454920.0
2209	7376904.0
2210	7514874.0
2211	7508705.0
2212	7435815.0
2213	6954090.0
2214	6890841.0
2215	6953313.0
2216	7198163.0
2217	7000046.0
2218	6816991.0
2219	6931276.0
2220	7168928.0
2221	7338350.0
2222	7543355.0
2223	7549885.0
2224	7579844.0
2225	6674092.0
2226	7144249.0
2227	6956251.0
2228	7452243.0
2229	7279434.0
2230	7518330.0
2231	7774076.0
2232	7950311.0
2233	7834508.0
2234	7686870.0
2235	7431124.0
2236	7629067.0
2237	7780334.0
2238	7951289.0
2239	7888257.0
2240	8161261.0
2241	8315855.0
2242	8074569.0
2243	8263970.0
2244	8336018.0
2245	7996372.0
2246	7448110.0
2247	7245233.0
2248	7535482.0
2249	7670461.0
2250	8043431.0
2251	8227230.0
2252	8220504.0
2253	8021159.0
2254	7612090.0
2255	7573154.0
2256	7389355.0
2257	6998699.0
2258	6880618.0
2259	6800421.0
2260	7279118.0
2261	7003542.0
2262	7179942.0
2263	7307067.0
2264	7215903.0
2265	7191619.0
2266	7171387.0
2267	7855958.0
2268	7923543.0
2269	8247064.0
2270	8387959.0
2271	8352254.0
2272	8172557.0
2273	8084164.0
2274	7943269.0
2275	7680128.0
2276	7866593.0
2277	7870889.0
2278	7684424.0
2279	8014327.0
2280	8010031.0
2281	7817445.0
2282	8051911.0
2283	8022751.0
2284	8182831.0
2285	7909827.0
2286	7952070.0
2287	7767380.0
2288	7636338.0
2289	7560549.0
2290	7701387.0
2291	8038227.0
2292	7942242.0
2293	7741451.0
2294	7757336.0
2295	7550836.0
2296	7596401.0
2297	7760974.0
2298	7549240.0
2299	7761566.0
2300	7780628.0
2301	7786028.0
2302	8212506.0
2303	7971626.0
2304	8193182.0
2305	8199206.0
2306	8340469.0
2307	8059072.0
2308	8392572.0
2309	8424850.0
2310	8145653.0
2311	8242014.0
2312	8021667.0
2313	7688167.0
2314	7856197.0
2315	7953558.0
2316	7978830.0
2317	8022781.0
2318	7996585.0
2319	7992427.0
2320	8001787.0
2321	7812129.0
2322	7570929.0
2323	7380386.0
2324	7383273.0
2325	7176114.0
2326	7173227.0
2327	7476280.0
2328	7273834.0
2329	7232666.0
2330	7697523.0
2331	7805577.0
2332	7805577.0
2333	7871136.0
2334	8043834.0
2335	7768252.0
2336	7703164.0
2337	7413022.0
2338	8083652.0
2339	8083652.0
2340	7038712.0
2341	7068060.0
2342	7115787.0
2343	7302051.0
2344	7302051.0
2345	7478412.0
2346	7852722.0
2347	7924500.0
2348	7866790.0
2349	7924500.0
2350	7960917.0
2351	7883633.0
2352	8182034.0
2353	8091884.0
2354	8156972.0
2355	8384827.0
2356	8577467.0
2357	8378467.0
2358	8212519.0
2359	8381130.0
2360	8601839.0
2361	8405082.0
2362	8112288.0
2363	8054589.0
2364	8036379.0
2365	8041849.0
2366	8149005.0
2367	8045232.0
2368	8290548.0
2369	8514595.0
2370	8325606.0
2371	8298213.0
2372	8620886.0
2373	8427458.0
2374	8269153.0
2375	7926244.0
2376	7757515.0
2377	7775035.0
2378	7833338.0
2379	7749452.0
2380	7563188.0
2381	7646348.0
2382	7668854.0
2383	7665985.0
2384	7718107.0
2385	7728847.0
2386	7875831.0
2387	7497131.0
2388	7574081.0
2389	7609861.0
2390	7685417.0
2391	7616034.0
2392	7304784.0
2393	6955212.0
2394	6968421.0
2395	6756954.0
2396	6702310.0
2397	6626241.0
2398	6231650.0
2399	6172702.0
2400	6255074.0
2401	6342476.0
2402	6529020.0
2403	6502128.0
2404	6553200.0
2405	7011406.0
2406	6895150.0
2407	6855491.0
2408	7004967.0
2409	6858304.0
2410	6992573.0
2411	7432761.0
2412	7527723.0
2413	7481157.0
2414	7538227.0
2415	7924457.0
2416	7695968.0
2417	7701323.0
2418	7707083.0
2419	7431206.0
2420	7471222.0
2421	7982052.0
2422	7897362.0
2423	7840292.0
2424	7956826.0
2425	7891354.0
2426	7704942.0
2427	7730870.0
2428	8296458.0
2429	7815475.0
2430	7992083.0
2431	7903130.0
2432	7699447.0
2433	7876329.0
2434	7827580.0
2435	8167295.0
2436	7959302.0
2437	7959899.0
2438	8124510.0
2439	7785083.0
2440	7298083.0
2441	7031916.0
2442	7310095.0
2443	7558145.0
2444	7543390.0
2445	7477910.0
2446	7405874.0
2447	7403211.0
2448	7925387.0
2449	7979713.0
2450	7946984.0
2451	7553274.0
2452	7726151.0
2453	7871473.0
2454	8357384.0
2455	8436044.0
2456	8354541.0
2457	8331167.0
2458	8283009.0
2459	8340079.0
2460	8368666.0
2461	8283868.0
2462	8414328.0
2463	8316809.0
2464	8272351.0
2465	8333643.0
2466	8072157.0
2467	8486674.0
2468	8787172.0
2469	8791648.0
2470	8822048.0
2471	8392159.0
2472	7575499.0
2473	7504542.0
2474	8007745.0
2475	8007745.0
2476	7618847.0
2477	7768891.0
2478	8070994.0
2479	8264690.0
2480	8298044.0
2481	8344244.0
2482	8081242.0
2483	8505562.0
2484	8537797.0
2485	8404419.0
2486	8316677.0
2487	8227129.0
2488	8199902.0
2489	8255622.0
2490	7923015.0
2491	7900785.0
2492	7900785.0
2493	8159789.0
2494	7919554.0
2495	7959570.0
2496	7959570.0
2497	8081417.0
2498	8155267.0
2499	7810015.0
2500	8043618.0
2501	8076934.0
2502	8026834.0
2503	7928034.0
2504	8169808.0
2505	8183656.0
2506	8013160.0
2507	8148937.0
2508	7966507.0
2509	7992818.0
2510	7998719.0
2511	8013217.0
2512	7953623.0
2513	7947722.0
2514	7658559.0
2515	7711857.0
2516	7914925.0
2517	7855995.0
2518	7937300.0
2519	7947686.0
2520	7938214.0
2521	8261870.0
2522	8636065.0
2523	8038269.0
2524	7558432.0
2525	7833364.0
2526	7861156.0
2527	7727638.0
2528	7800278.0
2529	7747956.0
2530	7307120.0
2531	7238448.0
2532	7202448.0
2533	7424348.0
2534	7778780.0
2535	7933801.0
2536	8402745.0
2537	8381433.0
2538	8650161.0
2539	8776678.0
2540	9231309.0
2541	9071390.0
2542	8903152.0
2543	8510520.0
2544	8564125.0
2545	8960780.0
2546	8784854.0
2547	8913104.0
2548	9151142.0
2549	9166462.0
2550	9210270.0
2551	9378508.0
2552	9374485.0
2553	9196905.0
2554	9591157.0
2555	9575837.0
2556	9519927.0
2557	9504206.0
2558	9482696.0
2559	9482591.0
2560	9013647.0
2561	8843701.0
2562	8755388.0
2563	8442309.0
2564	8391300.0
2565	8404630.0
2566	8466623.0
2567	8505893.0
2568	8339570.0
2569	8896151.0
2570	9522515.0
2571	9146943.0
2572	9065952.0
2573	8512732.0
2574	8571009.0
2575	8470230.0
2576	8148228.0
2577	8335580.0
2578	8444113.0
2579	8694822.0
2580	8360775.0
2581	8546854.0
2582	8452528.0
2583	8506854.0
2584	8098245.0
2585	8152418.0
2586	8084837.0
2587	7950866.0
2588	7875554.0
2589	7932038.0
2590	7892290.0
2591	7575981.0
2592	7548621.0
2593	7403549.0
2594	7164225.0
2595	7093594.0
2596	7111954.0
2597	7215010.0
2598	7122010.0
2599	7007793.0
2600	6405079.0
2601	6421424.0
2602	6859100.0
2603	7123572.0
2604	7059937.0
2605	7077559.0
2606	7271959.0
2607	7297232.0
2608	7208199.0
2609	7399128.0
2610	7379778.0
2611	7674497.0
2612	7787649.0
2613	8059142.0
2614	8280828.0
2615	8127932.0
2616	7967181.0
2617	8023603.0
2618	7917127.0
2619	7793771.0
2620	7653704.0
2621	7312877.0
2622	7831073.0
2623	7766041.0
2624	7459109.0
2625	7387742.0
2626	7298988.0
2627	7424616.0
2628	7372508.0
2629	7217865.0
2630	6979305.0
2631	6916123.0
2632	7057851.0
2633	6985017.0
2634	6843289.0
2635	6704546.0
2636	6592907.0
2637	6918810.0
2638	7227540.0
2639	7228387.0
2640	7245112.0
2641	7356593.0
2642	7047772.0
2643	6821035.0
2644	6719626.0
2645	6740689.0
2646	6572594.0
2647	6507924.0
2648	6210607.0
2649	6408709.0
2650	6467974.0
2651	6507244.0
2652	6652693.0
2653	6588160.0
2654	6730356.0
2655	6655000.0
2656	6456898.0
2657	6391736.0
2658	6393838.0
2659	6445408.0
2660	5955963.0
2661	6019023.0
2662	6021366.0
2663	6398793.0
2664	6502120.0
2665	6472569.0
2666	6574124.0
2667	6420098.0
2668	6417755.0
2669	6316200.0
2670	6117773.0
2671	6068151.0
2672	6460243.0
2673	6470405.0
2674	6635031.0
2675	6512096.0
2676	6141003.0
2677	6529141.0
2678	6752615.0
2679	6833859.0
2680	6560216.0
2681	6936724.0
2682	6928416.0
2683	6807929.0
2684	6824345.0
2685	6891812.0
2686	7030975.0
2687	7948184.0
2688	7844709.0
2689	7763915.0
2690	8055958.0
2691	7964135.0
2692	7951307.0
2693	7953445.0
2694	8074786.0
2695	8086046.0
2696	7798271.0
2697	8067280.0
2698	8185439.0
2699	8133072.0
2700	8160569.0
2701	8168414.0
2702	7996463.0
2703	7513616.0
2704	7603172.0
2705	7839147.0
2706	7854726.0
2707	7862571.0
2708	7846992.0
2709	8325824.0
2710	8398017.0
2711	8147137.0
2712	8102075.0
2713	8118551.0
2714	8031389.0
2715	7834948.0
2716	7817927.0
2717	7765755.0
2718	7454254.0
2719	7866917.0
2720	7919254.0
2721	7772496.0
2722	7776520.0
2723	7751017.0
2724	7776021.0
2725	7727435.0
2726	7986817.0
2727	7954565.0
2728	8052971.0
2729	8225305.0
2730	8464343.0
2731	8547508.0
2732	8416156.0
2733	8535505.0
2734	8424883.0
2735	8480125.0
2736	8355187.0
2737	8046435.0
2738	8038997.0
2739	8025565.0
2740	8119760.0
2741	7829220.0
2742	8014536.0
2743	8324425.0
2744	7979012.0
2745	7887891.0
2746	7632951.0
2747	7636131.0
2748	7904458.0
2749	7915384.0
2750	7707745.0
2751	7490039.0
2752	7580113.0
2753	7689029.0
2754	7783679.0
2755	7129823.0
2756	7555963.0
2757	7555963.0
2758	7625653.0
2759	7790378.0
2760	7790378.0
2761	8242684.0
2762	8120127.0
2763	8120127.0
2764	8716132.0
2765	8130475.0
2766	8035206.0
2767	8000844.0
2768	7873164.0
2769	7858572.0
2770	7770243.0
2771	7458013.0
2772	7186813.0
2773	7143417.0
2774	7186233.0
2775	7399854.0
2776	7312095.0
2777	7109979.0
2778	7202315.0
2779	7416871.0
2780	7244711.0
2781	7146305.0
2782	7026679.0
2783	7346807.0
2784	7100445.0
2785	6808295.0
2786	6499845.0
2787	6746207.0
2788	6765557.0
2789	6869435.0
2790	6634184.0
2791	6681984.0
2792	6790524.0
2793	6765520.0
2794	6914412.0
2795	7236136.0
2796	7212706.0
2797	7510507.0
2798	7473143.0
2799	7541237.0
2800	7648228.0
2801	7851857.0
2802	7528913.0
2803	7489796.0
2804	7656359.0
2805	7514915.0
2806	7801154.0
2807	7644342.0
2808	7865606.0
2809	7579457.0
2810	7802954.0
2811	7884361.0
2812	8031001.0
2813	7846737.0
2814	8018533.0
2815	8052831.0
2816	7827316.0
2817	7560372.0
2818	7767929.0
2819	7733502.0
2820	7823214.0
2821	7975250.0
2822	7995424.0
2823	7457296.0
2824	7374237.0
2825	7387734.0
2826	7557414.0
2827	7615438.0
2828	7687560.0
2829	7988468.0
2830	8002398.0
2831	8339265.0
2832	8550185.0
2833	8745608.0
2834	8494944.0
2835	8476664.0
2836	8562464.0
2837	8592784.0
2838	8444510.0
2839	8238736.0
2840	8576277.0
2841	8357630.0
2842	8374406.0
2843	7933001.0
2844	7944511.0
2845	8143418.0
2846	7929441.0
2847	8332093.0
2848	8399363.0
2849	8050914.0
2850	7714415.0
2851	7494670.0
2852	7674528.0
2853	7677159.0
2854	7444601.0
2855	7474330.0
2856	7774781.0
2857	7984033.0
2858	7898142.0
2859	7686258.0
2860	7720113.0
2861	7787746.0
2862	7867995.0
2863	7852075.0
2864	7908663.0
2865	7836443.0
2866	7866758.0
2867	7499323.0
2868	7590588.0
2869	8203258.0
2870	8147578.0
2871	8136099.0
2872	8156283.0
2873	8162346.0
2874	8170235.0
2875	8084435.0
2876	8051118.0
2877	7647640.0
2878	7664833.0
2879	7423273.0
2880	7126135.0
2881	7445318.0
2882	7269491.0
2883	7300433.0
2884	6900412.0
2885	6761204.0
2886	6805826.0
2887	6825778.0
2888	6791743.0
2889	6682730.0
2890	7526197.0
2891	7495255.0
2892	7250101.0
2893	7311666.0
2894	7257666.0
2895	7287366.0
2896	7337116.0
2897	7216171.0
2898	7243342.0
2899	7536632.0
2900	7356314.0
2901	7498821.0
2902	7702805.0
2903	7754589.0
2904	7774302.0
2905	7961217.0
2906	8043404.0
2907	7843295.0
2908	7752091.0
2909	7484264.0
2910	7516970.0
2911	7615677.0
2912	7505624.0
2913	7608977.0
2914	7250263.0
2915	7217557.0
2916	6985185.0
2917	7222638.0
2918	7095096.0
2919	7249026.0
2920	7647677.0
2921	7491548.0
2922	7531547.0
2923	7798644.0
2924	8194202.0
2925	8285006.0
2926	8266295.0
2927	8240855.0
2928	8103658.0
2929	8136364.0
2930	8011706.0
2931	7854187.0
2932	7952743.0
2933	8037037.0
2934	7955099.0
2935	7731564.0
2936	7436011.0
2937	7408118.0
2938	7447148.0
2939	7589173.0
2940	7556467.0
2941	7800022.0
2942	7862695.0
2943	7953899.0
2944	7855343.0
2945	8010819.0
2946	7694227.0
2947	7935055.0
2948	7999388.0
2949	7807471.0
2950	7939656.0
2951	7890422.0
2952	7944047.0
2953	7742080.0
2954	7783587.0
2955	7664629.0
2956	7364307.0
2957	7195144.0
2958	7308296.0
2959	7308594.0
2960	7329094.0
2961	7341244.0
2962	7291163.0
2963	7110853.0
2964	7881824.0
2965	7591072.0
2966	7582503.0
2967	7573548.0
2968	7417848.0
2969	7324852.0
2970	6586974.0
2971	6557784.0
2972	6829848.0
2973	6928423.0
2974	6920871.0
2975	7519151.0
2976	7499801.0
2977	7274516.0
2978	7410395.0
2979	7278051.0
2980	6774807.0
2981	6791147.0
2982	6798854.0
2983	6979484.0
2984	7024220.0
2985	7147192.0
2986	7102845.0
2987	7443029.0
2988	7472083.0
2989	7445815.0
2990	7440891.0
2991	7302326.0
2992	7325174.0
2993	7194994.0
2994	7602347.0
2995	7412873.0
2996	7841565.0
2997	7421333.0
2998	7123806.0
2999	6908452.0
3000	7104687.0
3001	7296214.0
3002	7489677.0
3003	7201724.0
3004	7346174.0
3005	7342291.0
3006	7457414.0
3007	7585330.0
3008	7435529.0
3009	7499813.0
3010	7612989.0
3011	7763121.0
3012	7162346.0
3013	7368355.0
3014	7347804.0
3015	7064926.0
3016	7062442.0
3017	7239855.0
3018	7345488.0
3019	7434529.0
3020	7899689.0
3021	7919039.0
3022	7929632.0
3023	8195544.0
3024	8004902.0
3025	7876202.0
3026	8076595.0
3027	8158079.0
3028	8140567.0
3029	8243141.0
3030	7985106.0
3031	7760702.0
3032	8122882.0
3033	8122882.0
3034	8502747.0
3035	8303769.0
3036	8215718.0
3037	8315126.0
3038	8178564.0
3039	8079156.0
3040	8267891.0
3041	8271473.0
3042	8348625.0
3043	8592622.0
3044	8389780.0
3045	8637925.0
3046	8598055.0
3047	8186141.0
3048	8259485.0
3049	8462435.0
3050	7987947.0
3051	7371700.0
3052	7274419.0
3053	7320361.0
3054	7583593.0
3055	7218316.0
3056	7027111.0
3057	7217541.0
3058	6947312.0
3059	6817300.0
3060	6871336.0
3061	6792138.0
3062	6751566.0
3063	6353551.0
