1	6.946722
2	6.946722
3	7.00491
4	7.021263
5	6.611179
6	6.635959
7	6.691919
8	6.693257
9	6.698466
10	6.700473
11	6.706098
12	6.741295
13	6.747501
14	6.870698
15	6.870698
16	6.987663
17	6.990833
18	7.039098
19	7.126393
20	7.124821
21	7.143273
22	7.143273
23	6.978328
24	7.078848
25	7.008128
26	7.003445
27	7.003445
28	7.038941
29	7.061986
30	7.054496
31	7.072576
32	7.072576
33	7.066584
34	6.980894
35	7.031659
36	7.031659
37	7.031659
38	7.044353
39	7.196729
40	7.220031
41	7.216513
42	7.122065
43	7.122065
44	7.175918
45	7.193796
46	7.193796
47	7.210213
48	7.227845
49	7.139974
50	7.14313
51	7.135948
52	7.346368
53	7.524207
54	7.504101
55	7.523577
56	7.510095
57	7.475751
58	7.553563
59	7.592185
60	7.613062
61	7.655566
62	7.853038
63	7.853038
64	7.853038
65	7.923255
66	7.923255
67	7.930591
68	8.048382
69	8.160787
70	8.209473
71	8.19327
72	8.22708
73	8.040327
74	8.040327
75	8.024603
76	8.024603
77	8.024603
78	8.033972
79	8.190749
80	8.202824
81	8.551894
82	8.551894
83	8.561126
84	8.571928
85	8.572285
86	8.582408
87	8.645209
88	8.645209
89	8.645678
90	8.759307
91	8.730922
92	8.736277
93	8.491624
94	8.522752
95	8.525562
96	8.536146
97	8.536146
98	8.583104
99	8.674272
100	8.641564
101	8.641564
102	8.653256
103	8.653256
104	8.653256
105	8.714603
106	8.714603
107	8.744708
108	8.774192
109	8.586312
110	8.586412
111	8.5417
112	8.555156
113	8.559716
114	8.611765
115	8.660686
116	8.833272
117	8.846945
118	8.846945
119	8.862561
120	8.862561
121	8.862561
122	8.868629
123	8.929912
124	8.657512
125	8.658888
126	8.759226
127	8.800276
128	8.815381
129	8.535671
130	8.535671
131	8.611001
132	8.589708
133	8.589708
134	8.589708
135	8.591976
136	8.591976
137	8.591976
138	8.591976
139	8.636346
140	8.636346
141	8.83329
142	8.778054
143	8.778054
144	8.778054
145	8.781903
146	8.781903
147	8.772448
148	8.772448
149	8.772348
150	8.772348
151	8.728189
152	8.572676
153	8.607595
154	8.692411
155	8.748287
156	8.748287
157	8.748287
158	8.955049
159	8.992891
160	8.992891
161	8.962017
162	8.958694
163	8.959746
164	8.959746
165	8.964934
166	8.918397
167	8.952807
168	8.825971
169	8.825971
170	8.87892
171	8.854642
172	8.813914
173	8.813914
174	8.911041
175	8.807586
176	8.878793
177	8.903071
178	8.987588
179	8.987588
180	8.986452
181	8.884242
182	8.893396
183	8.893396
184	8.886186
185	9.088461
186	9.088461
187	9.088461
188	9.098936
189	9.098936
190	9.112316
191	9.165902
192	9.277567
193	9.277567
194	9.290718
195	9.290718
196	9.306494
197	9.39209
198	9.397594
199	9.44121
200	9.433847
201	9.433847
202	9.493836
203	9.493836
204	9.745467
205	9.748662
206	9.748662
207	9.673424
208	9.673424
209	9.776089
210	9.776089
211	9.776089
212	9.776089
213	9.776089
214	9.784767
215	9.706958
216	9.609249
217	9.609249
218	9.686923
219	9.688261
220	9.688261
221	9.56227
222	9.56227
223	9.506512
224	9.440789
225	9.382298
226	9.298571
227	9.139234
228	9.139234
229	8.935771
230	8.935771
231	8.935771
232	8.987639
233	9.039777
234	9.039777
235	9.004702
236	9.11524
237	9.11524
238	9.11524
239	9.11524
240	9.199994
241	9.199994
242	9.199994
243	9.199994
244	9.403457
245	9.403457
246	9.403457
247	9.403457
248	9.483256
249	9.483256
250	9.483256
251	9.483256
252	9.483256
253	9.567716
254	9.567716
255	9.567716
256	9.529502
257	9.529502
258	9.529502
259	9.529502
260	9.529502
261	9.529502
262	9.529502
263	9.529502
264	9.529502
265	9.529502
266	9.529502
267	9.529502
268	9.517164
269	9.517164
270	9.517164
271	9.385227
272	9.385227
273	9.263867
274	9.284364
275	9.284364
276	9.246979
277	9.246979
278	9.501594
279	9.579268
280	9.541259
281	9.541259
282	9.541259
283	9.50024
284	9.50024
285	9.50024
286	9.50024
287	9.50024
288	9.436368
289	9.396767
290	9.307766
291	9.316946
292	9.319931
293	9.327671
294	9.327671
295	9.278773
296	9.320893
297	9.320893
298	9.167265
299	9.221605
300	9.221605
301	9.221605
302	9.386775
303	9.495827
304	9.486647
305	9.486647
306	9.486647
307	9.486647
308	9.480486
309	9.480486
310	9.496581
311	9.496581
312	9.514404
313	9.514404
314	9.665383
315	9.665383
316	9.665383
317	9.708284
318	9.708284
319	9.708284
320	9.708284
321	9.725592
322	9.821309
323	9.847776
324	9.852282
325	9.852282
326	9.852282
327	9.852282
328	9.852282
329	9.852282
330	9.934573
331	9.934573
332	9.934573
333	9.934573
334	9.884549
335	9.884549
336	9.775497
337	9.749295
338	9.837328
339	9.837328
340	9.837328
341	9.837328
342	9.876929
343	9.781212
344	9.778227
345	9.778227
346	9.778227
347	9.778227
348	9.778227
349	9.82539
350	9.816802
351	9.82971
352	9.82971
353	9.82971
354	9.82971
355	9.640262
356	9.628823
357	9.628823
358	9.628823
359	9.628823
360	9.628823
361	9.628823
362	9.624714
363	9.645012
364	9.645012
365	9.663373
366	9.663373
367	9.765696
368	9.765696
369	9.765696
370	9.877733
371	9.877733
372	9.962308
373	9.962308
374	9.962308
375	10.050049
376	10.087858
377	10.087858
378	10.02577
379	10.02577
380	10.145767
381	10.145767
382	10.160882
383	10.160882
384	10.206191
385	10.206191
386	10.206191
387	10.206191
388	10.206191
389	10.214045
390	10.186736
391	10.154171
392	10.154171
393	10.154171
394	10.154171
395	10.154171
396	10.09666
397	10.09666
398	10.09666
399	10.027209
400	10.027209
401	10.027209
402	10.027209
403	10.027209
404	10.027209
405	10.027209
406	10.027209
407	10.027209
408	10.027209
409	10.027209
410	10.006286
411	10.006286
412	10.006286
413	10.006286
414	10.006286
415	10.006286
416	10.006286
417	10.006286
418	10.006286
419	9.985816
420	9.985816
421	10.103972
422	10.103972
423	10.103972
424	10.103972
425	10.103972
426	10.103972
427	10.094022
428	10.094022
429	10.094022
430	10.094022
431	10.140282
432	10.100362
433	10.146717
434	10.146717
435	10.146717
436	10.146717
437	10.146717
438	10.146717
439	10.17796
440	10.17796
441	10.17796
442	10.190741
443	10.190741
444	10.190741
445	10.190741
446	10.17668
447	10.17668
448	10.129517
449	10.129517
450	10.13186
451	10.13186
452	10.13186
453	10.13186
454	10.13186
455	10.13186
456	10.13186
457	10.13186
458	10.13186
459	10.13186
460	10.13186
461	10.13186
462	10.13186
463	10.13186
464	10.152783
465	10.2485
466	10.246157
467	10.321395
468	10.321395
469	10.321395
470	10.321395
471	10.321395
472	10.321395
473	10.383483
474	10.383483
475	10.383483
476	10.383483
477	10.383483
478	10.383483
479	10.383483
480	10.383483
481	10.383483
482	10.383483
483	10.383483
484	10.383483
485	10.383483
486	10.383483
487	10.34461
488	10.34461
489	10.34461
490	10.34461
491	10.34461
492	10.34461
493	10.34461
494	10.34461
495	10.34461
496	10.34461
497	10.34461
498	10.34461
499	10.34461
500	10.34461
501	10.318143
502	10.318143
503	10.318143
504	10.318143
505	10.318143
506	10.381361
507	10.381361
508	10.381361
509	10.381361
510	10.381361
511	10.381361
512	10.381361
513	10.381361
514	10.381361
515	10.381361
516	10.428524
517	10.428524
518	10.428524
519	10.440862
520	10.440862
521	10.440862
522	10.428081
523	10.428081
524	10.428081
525	10.420656
526	10.420656
527	10.420656
528	10.503639
529	10.503639
530	10.484796
531	10.484796
532	10.434272
533	10.434272
534	10.442126
535	10.442126
536	10.442126
537	10.429788
538	10.429788
539	10.429788
540	10.429788
541	10.429788
542	10.46549
543	10.46549
544	10.46549
545	10.473251
546	10.473251
547	10.473251
548	10.473251
549	10.473251
550	10.473251
551	10.473251
552	10.473251
553	10.473251
554	10.473251
555	10.440416
556	10.440416
557	10.440416
558	10.440416
559	10.440416
560	10.440416
561	10.440416
562	10.440416
563	10.440416
564	10.432562
565	10.432562
566	10.432562
567	10.483086
568	10.483086
569	10.483086
570	10.483086
571	10.483086
572	10.483086
573	10.483086
574	10.483086
575	10.483086
576	10.483086
577	10.456417
578	10.477417
579	10.477417
580	10.477417
581	10.477417
582	10.477417
583	10.349291
584	10.349291
585	10.349291
586	10.349291
587	10.331608
588	10.331608
589	10.331608
590	10.331608
591	10.331608
592	10.331608
593	10.331608
594	10.331608
595	10.331608
596	10.331608
597	10.331608
598	10.331608
599	10.357479
600	10.387707
601	10.387707
602	10.387707
603	10.387707
604	10.387707
605	10.387707
606	10.387707
607	10.387707
608	10.387707
609	10.387707
610	10.387707
611	10.387707
612	10.387707
613	10.387707
614	10.387707
615	10.387707
616	10.387707
617	10.387707
618	10.387707
619	10.387707
620	10.387707
621	10.464605
622	10.464605
623	10.485605
624	10.485605
625	10.538539
626	10.538539
627	10.457527
628	10.457527
629	10.524478
630	10.524478
631	10.524478
632	10.524478
633	10.524478
634	10.524478
635	10.524478
636	10.560298
637	10.560298
638	10.562641
639	10.562641
640	10.562641
641	10.562641
642	10.570999
643	10.570999
644	10.570999
645	10.570999
646	10.570999
647	10.570999
648	10.570999
649	10.570999
650	10.570999
651	10.570999
652	10.531398
653	10.531398
654	10.531398
655	10.529055
656	10.529055
657	10.529055
658	10.482781
659	10.482781
660	10.482781
661	10.482781
662	10.482781
663	10.482781
664	10.485124
665	10.485124
666	10.485124
667	10.485124
668	10.485124
669	10.485124
670	10.485124
671	10.485124
672	10.485124
673	10.485124
674	10.485124
675	10.485124
676	10.485124
677	10.485124
678	10.485124
679	10.485124
680	10.482736
681	10.482736
682	10.482736
683	10.482736
684	10.480393
685	10.480393
686	10.480393
687	10.480393
688	10.480393
689	10.39741
690	10.39741
691	10.39741
692	10.39741
693	10.39741
694	10.39741
695	10.439797
696	10.439797
697	10.439797
698	10.439797
699	10.439797
700	10.466861
701	10.466861
702	10.466861
703	10.45568
704	10.454782
705	10.454782
706	10.454782
707	10.454782
708	10.454782
709	10.454782
710	10.454782
711	10.454782
712	10.454782
713	10.454782
714	10.454782
715	10.454782
716	10.454782
717	10.454782
718	10.454782
719	10.454782
720	10.454782
721	10.454782
722	10.454782
723	10.454782
724	10.454782
725	10.454782
726	10.457125
727	10.457125
728	10.457125
729	10.457125
730	10.457125
731	10.457125
732	10.489666
733	10.489666
734	10.471287
735	10.497754
736	10.497754
737	10.497754
738	10.497754
739	10.497754
740	10.497754
741	10.497754
742	10.497754
743	10.497754
744	10.497754
745	10.497754
746	10.497754
747	10.497754
748	10.497754
749	10.513978
750	10.513978
751	10.513978
752	10.513978
753	10.513978
754	10.513978
755	10.401344
756	10.401344
757	10.401344
758	10.401344
759	10.401344
760	10.401344
761	10.401344
762	10.401344
763	10.401344
764	10.399001
765	10.401344
766	10.401344
767	10.401344
768	10.401344
769	10.401344
770	10.401344
771	10.401344
772	10.401344
773	10.401344
774	10.401344
775	10.401344
776	10.399001
777	10.394225
778	10.394225
779	10.394225
780	10.394225
781	10.394225
782	10.394225
783	10.394225
784	10.394225
785	10.394225
786	10.394225
787	10.394225
788	10.394225
789	10.394225
790	10.394225
791	10.394225
792	10.394225
793	10.394225
794	10.394225
795	10.394225
796	10.396568
797	10.396568
798	10.394225
799	10.394225
800	10.394225
801	10.394225
802	10.394225
803	10.394225
804	10.39124
805	10.39124
806	10.39124
807	10.39124
808	10.39124
809	10.39124
810	10.39124
811	10.39124
812	10.422483
813	10.422483
814	10.422483
815	10.422483
816	10.422483
817	10.422483
818	10.422483
819	10.422483
820	10.422483
821	10.422483
822	10.422483
823	10.439
824	10.439
825	10.439
826	10.439
827	10.439
828	10.439
829	10.535117
830	10.535117
831	10.535117
832	10.535117
833	10.535117
834	10.535117
835	10.535117
836	10.535117
837	10.535117
838	10.535117
839	10.535117
840	10.535117
841	10.53746
842	10.53746
843	10.53746
844	10.53746
845	10.646576
846	10.646576
847	10.646576
848	10.646576
849	10.646576
850	10.646576
851	10.644233
852	10.644233
853	10.644233
854	10.644233
855	10.644233
856	10.644233
857	10.644233
858	10.644233
859	10.644233
860	10.644233
861	10.644233
862	10.644233
863	10.644233
864	10.644233
865	10.644233
866	10.644233
867	10.644233
868	10.644233
869	10.644233
870	10.644233
871	10.646576
872	10.646576
873	10.646576
874	10.646576
875	10.646576
876	10.628467
877	10.628467
878	10.628467
879	10.628467
880	10.628467
881	10.628467
882	10.628467
883	10.628467
884	10.628467
885	10.610222
886	10.610222
887	10.607879
888	10.607879
889	10.607879
890	10.616074
891	10.616074
892	10.616074
893	10.616074
894	10.616074
895	10.616074
896	10.616074
897	10.616074
898	10.634314
899	10.634314
900	10.636657
901	10.636657
902	10.636657
903	10.636657
904	10.636657
905	10.636657
906	10.636657
907	10.636657
908	10.693173
909	10.697064
910	10.697064
911	10.697064
912	10.697064
913	10.746265
914	10.732382
915	10.750065
916	10.750065
917	10.747722
918	10.747722
919	10.747722
920	10.750065
921	10.750065
922	10.750065
923	10.735339
924	10.735339
925	10.735339
926	10.735339
927	10.735339
928	10.735339
929	10.735339
930	10.735339
931	10.732996
932	10.709315
933	10.709315
934	10.762249
935	10.762249
936	10.762249
937	10.762249
938	10.762249
939	10.762249
940	10.762249
941	10.762249
942	10.762249
943	10.762249
944	10.762249
945	10.764592
946	10.764592
947	10.764592
948	10.764592
949	10.764592
950	10.760811
951	10.760811
952	10.760811
953	10.756237
954	10.756237
955	10.756237
956	10.756237
957	10.756237
958	10.756237
959	10.756237
960	10.756237
961	10.756237
962	10.756237
963	10.756237
964	10.756237
965	10.756237
966	10.756237
967	10.756237
968	10.756237
969	10.756237
970	10.753894
971	10.756237
972	10.756237
973	10.756237
974	10.756237
975	10.756237
976	10.756237
977	10.756237
978	10.756237
979	10.756237
980	10.756237
981	10.756237
982	10.756237
983	10.756237
984	10.756237
985	10.756237
986	10.756237
987	10.756237
988	10.756237
989	10.743289
990	10.743289
991	10.743289
992	10.743289
993	10.743289
994	10.743289
995	10.743289
996	10.740946
997	10.740946
998	10.740946
999	10.740946
1000	10.733185
1001	10.733185
1002	10.733185
1003	10.733185
1004	10.733185
1005	10.733185
1006	10.733185
1007	10.733185
1008	10.733185
1009	10.733185
1010	10.733185
1011	10.733185
1012	10.733185
1013	10.733185
1014	10.733185
1015	10.733185
1016	10.733185
1017	10.733185
1018	10.733185
1019	10.733185
1020	10.733185
1021	10.733185
1022	10.733185
1023	10.733185
1024	10.733185
1025	10.733185
1026	10.733185
1027	10.767612
1028	10.767612
1029	10.767612
1030	10.767612
1031	10.767612
1032	10.767612
1033	10.767612
1034	10.767612
1035	10.767612
1036	10.767612
1037	10.767612
1038	10.769955
1039	10.767612
1040	10.826715
1041	10.826715
1042	10.826715
1043	10.826715
1044	10.826715
1045	10.826715
1046	10.826715
1047	10.826715
1048	10.826715
1049	10.826715
1050	10.829058
1051	10.829058
1052	10.826715
1053	10.829058
1054	10.829058
1055	10.829058
1056	10.829058
1057	10.829058
1058	10.829058
1059	10.829058
1060	10.829058
1061	10.829058
1062	10.833632
1063	10.833632
1064	10.831289
1065	10.831289
1066	10.831289
1067	10.831289
1068	10.831289
1069	10.831289
1070	10.831289
1071	10.831289
1072	10.831289
1073	10.831289
1074	10.831289
1075	10.831289
1076	10.831289
1077	10.831289
1078	10.831289
1079	10.831289
1080	10.833632
1081	10.833632
1082	10.833632
1083	10.831289
1084	10.831289
1085	10.831289
1086	10.831289
1087	10.831289
1088	10.831289
1089	10.831289
1090	10.831289
1091	10.831289
1092	10.831289
1093	10.831289
1094	10.831289
1095	10.831289
1096	10.831289
1097	10.831289
1098	10.831289
1099	10.831289
1100	10.831289
1101	10.831289
1102	10.831289
1103	10.831289
1104	10.854416
1105	10.854416
1106	10.854416
1107	10.854416
1108	10.854416
1109	10.854416
1110	10.856759
1111	10.856759
1112	10.856759
1113	10.856759
1114	10.856759
1115	10.856759
1116	10.856759
1117	10.856759
1118	10.856759
1119	10.856759
1120	10.856759
1121	10.856759
1122	10.856759
1123	10.856759
1124	10.856759
1125	10.856759
1126	10.856759
1127	10.856759
1128	10.856759
1129	10.856759
1130	10.856759
1131	10.856759
1132	10.86452
1133	10.86452
1134	10.86452
1135	10.86452
1136	10.86452
1137	10.86452
1138	10.86452
1139	10.86452
1140	10.86452
1141	10.86452
1142	10.86452
1143	10.86452
1144	10.86452
1145	10.86452
1146	10.86452
1147	10.86452
1148	10.862177
1149	10.862177
1150	10.86452
1151	10.86452
1152	10.86452
1153	10.86452
1154	10.86452
1155	10.86452
1156	10.86452
1157	10.86452
1158	10.86452
1159	10.86452
1160	10.86452
1161	10.86452
1162	10.86452
1163	10.86452
1164	10.86452
1165	10.86452
1166	10.86452
1167	10.86452
1168	10.86452
1169	10.86452
1170	10.862177
1171	10.862177
1172	10.86452
1173	10.86452
1174	10.86452
1175	10.86452
1176	10.86452
1177	10.86452
1178	10.86452
1179	10.86452
1180	10.862177
1181	10.862177
1182	10.862177
1183	10.862177
1184	10.862177
1185	10.862177
1186	10.86452
1187	10.86452
1188	10.86452
1189	10.86452
1190	10.86452
1191	10.86452
1192	10.86452
1193	10.86452
1194	10.86452
1195	10.86452
1196	10.86452
1197	10.86452
1198	10.86452
1199	10.86452
1200	10.86452
1201	10.86452
1202	10.86452
1203	10.862177
1204	10.862177
1205	10.862177
1206	10.862177
1207	10.86452
1208	10.86452
1209	10.86452
1210	10.86452
1211	10.86452
1212	10.86452
1213	10.86452
1214	10.86452
1215	10.86452
1216	10.86452
1217	10.86452
1218	10.86452
1219	10.86452
1220	10.86452
1221	10.86452
1222	10.86452
1223	10.86452
1224	10.86452
1225	10.86452
1226	10.856069
1227	10.856069
1228	10.856069
1229	10.856069
1230	10.856069
1231	10.856069
1232	10.856069
1233	10.856069
1234	10.856069
1235	10.856069
1236	10.883133
1237	10.883133
1238	10.883133
1239	10.883133
1240	10.883133
1241	10.883133
1242	10.883133
1243	10.883133
1244	10.88079
1245	10.88079
1246	10.88079
1247	10.88079
1248	10.883133
1249	10.883133
1250	10.883133
1251	10.883133
1252	10.883133
1253	10.883133
1254	10.883133
1255	10.883133
1256	10.883133
1257	10.883133
1258	10.883133
1259	10.883133
1260	10.88079
1261	10.88079
1262	10.88079
1263	10.88079
1264	10.88079
1265	10.88079
1266	10.88079
1267	10.88079
1268	10.88079
1269	10.88079
1270	10.88079
1271	10.88079
1272	10.88079
1273	10.88079
1274	10.88079
1275	10.88079
1276	10.88079
1277	10.88079
1278	10.88079
1279	10.88079
1280	10.88079
1281	10.883133
1282	10.883133
1283	10.883133
1284	10.883133
1285	10.883133
1286	10.883133
1287	10.883133
1288	10.883133
1289	10.883133
1290	10.883133
1291	10.88079
1292	10.88079
1293	10.88079
1294	10.88079
1295	10.88079
1296	10.88079
1297	10.88079
1298	10.883133
1299	10.883133
1300	10.883133
1301	10.883133
1302	10.883133
1303	10.883133
1304	10.883133
1305	10.883133
1306	10.883133
1307	10.883133
1308	10.883133
1309	10.883133
1310	10.883133
1311	10.883133
1312	10.883133
1313	10.883133
1314	10.883133
1315	10.883133
1316	10.883133
1317	10.883133
1318	10.878559
1319	10.878559
1320	10.878559
1321	10.878559
1322	10.878559
1323	10.878559
1324	10.878559
1325	10.878559
1326	10.878559
1327	10.878559
1328	10.878559
1329	10.878559
1330	10.878559
1331	10.878559
1332	10.878559
1333	10.876216
1334	10.876216
1335	10.876216
1336	10.876216
1337	10.876216
1338	10.876216
1339	10.876216
1340	10.876216
1341	10.876216
1342	10.876216
1343	10.876216
1344	10.876216
1345	10.876216
1346	10.876216
1347	10.876216
1348	10.876216
1349	10.876216
1350	10.876216
1351	10.876216
1352	10.876216
1353	10.876216
1354	10.876216
1355	10.878559
1356	10.878559
1357	10.894314
1358	10.894314
1359	10.919146
1360	10.919146
1361	10.919146
1362	10.919146
1363	10.919146
1364	10.919146
1365	10.940784
1366	10.940784
1367	10.940784
1368	10.940784
1369	10.940784
1370	10.940784
1371	10.940784
1372	10.940784
1373	10.940784
1374	10.940784
1375	10.940784
1376	10.940784
1377	10.940784
1378	10.940784
1379	10.940784
1380	10.940784
1381	10.940784
1382	10.938441
1383	10.938441
1384	10.940784
1385	10.940784
1386	10.940784
1387	10.940784
1388	10.940784
1389	10.940784
1390	10.940784
1391	10.940784
1392	10.940784
1393	10.940784
1394	10.940784
1395	10.940784
1396	10.940784
1397	10.940784
1398	10.940784
1399	10.940784
1400	10.940784
1401	10.940784
1402	10.940784
1403	10.940784
1404	10.940784
1405	10.940784
1406	10.940784
1407	10.940784
1408	10.940784
1409	10.940784
1410	10.940784
1411	10.940784
1412	10.940784
1413	10.940784
1414	10.940784
1415	10.940784
1416	10.940784
1417	10.940784
1418	10.940784
1419	10.940784
1420	10.940784
1421	10.940784
1422	10.940784
1423	10.940784
1424	10.940784
1425	10.940784
1426	10.940784
1427	10.940784
1428	10.940784
1429	10.940784
1430	10.940784
1431	10.940784
1432	10.940784
1433	10.940784
1434	10.940784
1435	10.940784
1436	10.940784
1437	10.940784
1438	10.940784
1439	10.940784
1440	10.940784
1441	10.940784
1442	10.938441
1443	10.938441
1444	10.938441
1445	10.938441
1446	10.938441
1447	10.938441
1448	10.938441
1449	10.940784
1450	10.940784
1451	10.940784
1452	10.940784
1453	10.940784
1454	10.940784
1455	10.940784
1456	10.940784
1457	10.940784
1458	10.940784
1459	10.940784
1460	10.940784
1461	10.940784
1462	10.940784
1463	10.940784
1464	10.940784
1465	10.940784
1466	10.940784
1467	10.940784
1468	10.940784
1469	10.940784
1470	10.940784
1471	10.940784
1472	10.940784
1473	10.940784
1474	10.940784
1475	10.940784
1476	10.940784
1477	10.940784
1478	10.940784
1479	10.940784
1480	10.940784
1481	10.940784
1482	10.940784
1483	10.940784
1484	10.940784
1485	10.940784
1486	10.940784
1487	10.940784
1488	10.940784
1489	10.940784
1490	10.940784
1491	10.940784
1492	10.940784
1493	10.940784
1494	10.940784
1495	10.940784
1496	10.940784
1497	10.940784
1498	10.940784
1499	10.940784
1500	10.940784
1501	10.940784
1502	10.940784
1503	10.940784
1504	10.940784
1505	10.940784
1506	10.940784
1507	10.940784
1508	10.940784
1509	10.940784
1510	10.940784
1511	10.940784
1512	10.940784
1513	10.940784
1514	10.940784
1515	10.940784
1516	10.938441
1517	10.938441
1518	10.940784
1519	10.940784
1520	10.940784
1521	10.940784
1522	10.940784
1523	10.940784
1524	10.940784
1525	10.940784
1526	10.940784
1527	10.940784
1528	10.940784
1529	10.940784
1530	10.940784
1531	10.940784
1532	10.940784
1533	10.940784
1534	10.940784
1535	10.940784
1536	10.940784
1537	10.940784
1538	10.938441
1539	10.938441
1540	10.938441
1541	10.938441
1542	10.938441
1543	10.938441
1544	10.938441
1545	10.938441
1546	10.938441
1547	10.938441
1548	10.938441
1549	10.938441
1550	10.938441
1551	10.938441
1552	10.938441
1553	10.938441
1554	10.938441
1555	10.940784
1556	10.940784
1557	10.940784
1558	10.940784
1559	10.940784
1560	10.940784
1561	10.940784
1562	10.940784
1563	10.940784
1564	10.940784
1565	10.940784
1566	10.940784
1567	10.940784
1568	10.940784
1569	10.940784
1570	10.940784
1571	10.940784
1572	10.940784
1573	10.940784
1574	10.940784
1575	10.940784
1576	10.940784
1577	10.940784
1578	10.940784
1579	10.940784
1580	10.940784
1581	10.940784
1582	10.940784
1583	10.940784
1584	10.940784
1585	10.940784
1586	10.940784
1587	10.940784
1588	10.940784
1589	10.940784
1590	10.940784
1591	10.940784
1592	10.940784
1593	10.940784
1594	10.940784
1595	10.940784
1596	10.940784
1597	10.940784
1598	10.940784
1599	10.940784
1600	10.940784
1601	10.940784
1602	10.940784
1603	10.940784
1604	10.940784
1605	10.940784
1606	10.940784
1607	10.940784
1608	10.940784
1609	10.940784
1610	10.940784
1611	10.940784
1612	10.940784
1613	10.940784
1614	10.940784
1615	10.940784
1616	10.940784
1617	10.940784
1618	10.940784
1619	10.940784
1620	10.940784
1621	10.940784
1622	10.940784
1623	10.940784
1624	10.940784
1625	10.940784
1626	10.940784
1627	10.940784
1628	10.940784
1629	10.940784
1630	10.940784
1631	10.940784
1632	10.940784
1633	10.940784
1634	10.940784
1635	10.940784
1636	10.940784
1637	10.940784
1638	10.940784
1639	10.940784
1640	10.940784
1641	10.940784
1642	10.940784
1643	10.940784
1644	10.940784
1645	10.940784
1646	10.940784
1647	10.940784
1648	10.940784
1649	10.940784
1650	10.940784
1651	10.940784
1652	10.940784
1653	10.940784
1654	10.940784
1655	10.940784
1656	10.940784
1657	10.940784
1658	10.940784
1659	10.940784
1660	10.940784
1661	10.940784
1662	10.940784
1663	10.940784
1664	10.940784
1665	10.940784
1666	10.940784
1667	10.940784
1668	10.940784
1669	10.940784
1670	10.940784
1671	10.940784
1672	10.940784
1673	10.940784
1674	10.940784
1675	10.940784
1676	10.940784
1677	10.940784
1678	10.940784
1679	10.940784
1680	10.940784
1681	10.940784
1682	10.940784
1683	10.940784
1684	10.940784
1685	10.940784
1686	10.940784
1687	10.940784
1688	10.940784
1689	10.940784
1690	10.940784
1691	10.940784
1692	10.940784
1693	10.940784
1694	10.940784
1695	10.940784
1696	10.940784
1697	10.940784
1698	10.940784
1699	10.940784
1700	10.940784
1701	10.940784
1702	10.940784
1703	10.940784
1704	10.940784
1705	10.940784
1706	10.940784
1707	10.940784
1708	10.940784
1709	10.940784
1710	10.940784
1711	10.940784
1712	10.940784
1713	10.940784
1714	10.940784
1715	10.940784
1716	10.940784
1717	10.940784
1718	10.940784
1719	10.940784
1720	10.940784
1721	10.940784
1722	10.940784
1723	10.940784
1724	10.940784
1725	10.940784
1726	10.940784
1727	10.940784
1728	10.940784
1729	10.940784
1730	10.940784
1731	10.940784
1732	10.940784
1733	10.940784
1734	10.940784
1735	10.940784
1736	10.940784
1737	10.940784
1738	10.940784
1739	10.940784
1740	10.940784
1741	10.940784
1742	10.940784
1743	10.940784
1744	10.940784
1745	10.940784
1746	10.940784
1747	10.940784
1748	10.938441
1749	10.938441
1750	10.940784
1751	10.940784
1752	10.940784
1753	10.940784
1754	10.940784
1755	10.940784
1756	10.940784
1757	10.940784
1758	10.940784
1759	10.940784
1760	10.940784
1761	10.940784
1762	10.940784
1763	10.940784
1764	10.940784
1765	10.940784
1766	10.940784
1767	10.940784
1768	10.940784
1769	10.940784
1770	10.940784
1771	10.940784
1772	10.940784
1773	10.940784
1774	10.940784
1775	10.940784
1776	10.940784
1777	10.940784
1778	10.940784
1779	10.940784
1780	10.940784
1781	10.940784
1782	10.940784
1783	10.940784
1784	10.940784
1785	10.940784
1786	10.940784
1787	10.940784
1788	10.940784
1789	10.940784
1790	10.940784
1791	10.940784
1792	10.938441
1793	10.938441
1794	10.938441
1795	10.938441
1796	10.938441
1797	10.938441
1798	10.938441
1799	10.938441
1800	10.938441
1801	10.938441
1802	10.938441
1803	10.940784
1804	10.940784
1805	10.940784
1806	10.940784
1807	10.940784
1808	10.940784
1809	10.940784
1810	10.940784
1811	10.940784
1812	10.940784
1813	10.940784
1814	10.940784
1815	10.940784
1816	10.940784
1817	10.940784
1818	10.940784
1819	10.940784
1820	10.940784
1821	10.940784
1822	10.940784
1823	10.940784
1824	10.940784
1825	10.940784
1826	10.940784
1827	10.940784
1828	10.940784
1829	10.940784
1830	10.940784
1831	10.940784
1832	10.940784
1833	10.940784
1834	10.940784
1835	10.940784
1836	10.940784
1837	10.940784
1838	10.940784
1839	10.940784
1840	10.940784
1841	10.940784
1842	10.940784
1843	10.940784
1844	10.940784
1845	10.940784
1846	10.940784
1847	10.940784
1848	10.940784
1849	10.940784
1850	10.940784
1851	10.940784
1852	10.940784
1853	10.940784
1854	10.940784
1855	10.940784
1856	10.940784
1857	10.940784
1858	10.940784
1859	10.940784
1860	10.940784
1861	10.940784
1862	10.940784
1863	10.938441
1864	10.938441
1865	10.940784
1866	10.940784
1867	10.940784
1868	10.940784
1869	10.940784
1870	10.940784
1871	10.940784
1872	10.940784
1873	10.940784
1874	10.940784
1875	10.940784
1876	10.940784
1877	10.940784
1878	10.940784
1879	10.940784
1880	10.940784
1881	10.940784
1882	10.940784
1883	10.940784
1884	10.940784
1885	10.940784
1886	10.940784
1887	10.940784
1888	10.940784
1889	10.940784
1890	10.940784
1891	10.940784
1892	10.940784
1893	10.940784
1894	10.940784
1895	10.940784
1896	10.940784
1897	10.940784
1898	10.940784
1899	10.940784
1900	10.940784
1901	10.940784
1902	10.940784
1903	10.940784
1904	10.940784
1905	10.940784
1906	10.940784
1907	10.940784
1908	10.940784
1909	10.940784
1910	10.940784
1911	10.940784
1912	10.940784
1913	10.940784
1914	10.940784
1915	10.940784
1916	10.940784
1917	10.940784
1918	10.940784
1919	10.940784
1920	10.940784
1921	10.940784
1922	10.940784
1923	10.940784
1924	10.940784
1925	10.940784
1926	10.940784
1927	10.940784
1928	10.940784
1929	10.940784
1930	10.940784
1931	10.940784
1932	10.940784
1933	10.940784
1934	10.940784
1935	10.940784
1936	10.940784
1937	10.940784
1938	10.940784
1939	10.940784
1940	10.940784
1941	10.940784
1942	10.940784
1943	10.940784
1944	10.940784
1945	10.940784
1946	10.940784
1947	10.940784
1948	10.940784
1949	10.940784
1950	10.940784
1951	10.940784
1952	10.940784
1953	10.940784
1954	10.940784
1955	10.940784
1956	10.940784
1957	10.940784
1958	10.940784
1959	10.940784
1960	10.940784
1961	10.940784
1962	10.940784
1963	10.940784
1964	10.940784
1965	10.940784
1966	10.940784
1967	10.940784
1968	10.940784
1969	10.940784
1970	10.940784
1971	10.940784
1972	10.940784
1973	10.940784
1974	10.940784
1975	10.940784
1976	10.940784
1977	10.940784
1978	10.940784
1979	10.940784
1980	10.940784
1981	10.940784
1982	10.940784
1983	10.940784
1984	10.940784
1985	10.940784
1986	10.940784
1987	10.940784
1988	10.940784
1989	10.940784
1990	10.940784
1991	10.940784
1992	10.940784
1993	10.940784
1994	10.940784
1995	10.940784
1996	10.940784
1997	10.940784
1998	10.940784
1999	10.940784
2000	10.940784
2001	10.940784
2002	10.940784
2003	10.940784
2004	10.940784
2005	10.940784
2006	10.940784
2007	10.940784
2008	10.940784
2009	10.940784
2010	10.940784
2011	10.940784
2012	10.940784
2013	10.940784
2014	10.940784
2015	10.940784
2016	10.940784
2017	10.940784
2018	10.940784
2019	10.940784
2020	10.940784
2021	10.940784
2022	10.940784
2023	10.940784
2024	10.940784
2025	10.940784
2026	10.940784
2027	10.940784
2028	10.940784
2029	10.940784
2030	10.940784
2031	10.940784
2032	10.940784
2033	10.940784
2034	10.940784
2035	10.940784
2036	10.940784
2037	10.940784
2038	10.940784
2039	10.940784
2040	10.940784
2041	10.940784
2042	10.940784
2043	10.940784
2044	10.940784
2045	10.940784
2046	10.940784
2047	10.940784
2048	10.940784
2049	10.940784
2050	10.940784
2051	10.940784
2052	10.940784
2053	10.940784
2054	10.940784
2055	10.940784
2056	10.940784
2057	10.940784
2058	10.940784
2059	10.940784
2060	10.940784
2061	10.940784
2062	10.940784
2063	10.940784
2064	10.940784
2065	10.940784
2066	10.940784
2067	10.940784
2068	10.940784
2069	10.940784
2070	10.940784
2071	10.940784
2072	10.940784
2073	10.940784
2074	10.940784
2075	10.940784
2076	10.940784
2077	10.940784
2078	10.940784
2079	10.940784
2080	10.940784
2081	10.940784
2082	10.940784
2083	10.940784
2084	10.940784
2085	10.940784
2086	10.940784
2087	10.940784
2088	10.940784
2089	10.940784
2090	10.940784
2091	10.940784
2092	10.940784
2093	10.940784
2094	10.940784
2095	10.940784
2096	10.940784
2097	10.940784
2098	10.940784
2099	10.940784
2100	10.940784
2101	10.940784
2102	10.940784
2103	10.940784
2104	10.940784
2105	10.940784
2106	10.940784
2107	10.940784
2108	10.940784
2109	10.940784
2110	10.940784
2111	10.940784
2112	10.940784
2113	10.940784
2114	10.940784
2115	10.940784
2116	10.940784
2117	10.940784
2118	10.940784
2119	10.940784
2120	10.940784
2121	10.940784
2122	10.940784
2123	10.940784
2124	10.940784
2125	10.940784
2126	10.940784
2127	10.940784
2128	10.940784
2129	10.940784
2130	10.940784
2131	10.940784
2132	10.940784
2133	10.940784
2134	10.940784
2135	10.940784
2136	10.940784
2137	10.940784
2138	10.940784
2139	10.940784
2140	10.940784
2141	10.940784
2142	10.940784
2143	10.940784
2144	10.940784
2145	10.940784
2146	10.940784
2147	10.940784
2148	10.940784
2149	10.940784
2150	10.940784
2151	10.940784
2152	10.940784
2153	10.940784
2154	10.940784
2155	10.940784
2156	10.940784
2157	10.940784
2158	10.940784
2159	10.940784
2160	10.940784
2161	10.940784
2162	10.940784
2163	10.940784
2164	10.940784
2165	10.940784
2166	10.940784
2167	10.940784
2168	10.940784
2169	10.940784
2170	10.940784
2171	10.940784
2172	10.940784
2173	10.940784
2174	10.940784
2175	10.940784
2176	10.940784
2177	10.940784
2178	10.940784
2179	10.940784
2180	10.940784
2181	10.940784
2182	10.940784
2183	10.940784
2184	10.940784
2185	10.940784
2186	10.940784
2187	10.940784
2188	10.940784
2189	10.940784
2190	10.940784
2191	10.940784
2192	10.940784
2193	10.940784
2194	10.940784
2195	10.940784
2196	10.940784
2197	10.940784
2198	10.940784
2199	10.940784
2200	10.940784
2201	10.940784
2202	10.940784
2203	10.940784
2204	10.940784
2205	10.940784
2206	10.940784
2207	10.940784
2208	10.940784
2209	10.940784
2210	10.940784
2211	10.940784
2212	10.940784
2213	10.940784
2214	10.940784
2215	10.940784
2216	10.940784
2217	10.940784
2218	10.940784
2219	10.940784
2220	10.940784
2221	10.940784
2222	10.940784
2223	10.940784
2224	10.940784
2225	10.940784
2226	10.940784
2227	10.940784
2228	10.940784
2229	10.940784
2230	10.940784
2231	10.940784
2232	10.940784
2233	10.940784
2234	10.940784
2235	10.940784
2236	10.940784
2237	10.940784
2238	10.940784
2239	10.940784
2240	10.940784
2241	10.940784
2242	10.940784
2243	10.940784
2244	10.940784
2245	10.940784
2246	10.940784
2247	10.940784
2248	10.940784
2249	10.940784
2250	10.940784
2251	10.940784
2252	10.940784
2253	10.940784
2254	10.940784
2255	10.940784
2256	10.940784
2257	10.940784
2258	10.940784
2259	10.940784
2260	10.940784
2261	10.940784
2262	10.940784
2263	10.940784
2264	10.940784
2265	10.940784
2266	10.940784
2267	10.940784
2268	10.940784
2269	10.940784
2270	10.940784
2271	10.940784
2272	10.940784
2273	10.940784
2274	10.940784
2275	10.940784
2276	10.940784
2277	10.940784
2278	10.940784
2279	10.940784
2280	10.940784
2281	10.940784
2282	10.940784
2283	10.940784
2284	10.940784
2285	10.940784
2286	10.940784
2287	10.940784
2288	10.940784
2289	10.940784
2290	10.940784
2291	10.940784
2292	10.940784
2293	10.940784
2294	10.940784
2295	10.940784
2296	10.940784
2297	10.940784
2298	10.940784
2299	10.940784
2300	10.940784
2301	10.940784
2302	10.940784
2303	10.940784
2304	10.940784
2305	10.940784
2306	10.940784
2307	10.940784
2308	10.940784
2309	10.940784
2310	10.940784
2311	10.940784
2312	10.940784
2313	10.940784
2314	10.940784
2315	10.940784
2316	10.940784
2317	10.940784
2318	10.940784
2319	10.940784
2320	10.940784
2321	10.940784
2322	10.940784
2323	10.940784
2324	10.940784
2325	10.940784
2326	10.940784
2327	10.940784
2328	10.940784
2329	10.940784
2330	10.940784
2331	10.940784
2332	10.940784
2333	10.940784
2334	10.940784
2335	10.940784
2336	10.940784
2337	10.940784
2338	10.940784
2339	10.940784
2340	10.940784
2341	10.940784
2342	10.940784
2343	10.940784
2344	10.940784
2345	10.940784
2346	10.940784
2347	10.940784
2348	10.940784
2349	10.940784
2350	10.940784
2351	10.940784
2352	10.940784
2353	10.940784
2354	10.940784
2355	10.940784
2356	10.940784
2357	10.940784
2358	10.940784
2359	10.940784
2360	10.940784
2361	10.940784
2362	10.940784
2363	10.940784
2364	10.940784
2365	10.940784
2366	10.940784
2367	10.940784
2368	10.940784
2369	10.940784
2370	10.940784
2371	10.940784
2372	10.940784
2373	10.940784
2374	10.940784
2375	10.940784
2376	10.940784
2377	10.940784
2378	10.940784
2379	10.940784
2380	10.940784
2381	10.940784
2382	10.940784
2383	10.940784
2384	10.940784
2385	10.940784
2386	10.940784
2387	10.940784
2388	10.940784
2389	10.940784
2390	10.940784
2391	10.940784
2392	10.940784
2393	10.940784
2394	10.940784
2395	10.940784
2396	10.940784
2397	10.940784
2398	10.940784
2399	10.940784
2400	10.940784
2401	10.940784
2402	10.940784
2403	10.940784
2404	10.940784
2405	10.940784
2406	10.940784
2407	10.940784
2408	10.940784
2409	10.940784
2410	10.940784
2411	10.940784
2412	10.940784
2413	10.940784
2414	10.940784
2415	10.940784
2416	10.940784
2417	10.940784
2418	10.940784
2419	10.940784
2420	10.940784
2421	10.940784
2422	10.940784
2423	10.940784
2424	10.940784
2425	10.940784
2426	10.940784
2427	10.940784
2428	10.940784
2429	10.940784
2430	10.940784
2431	10.940784
2432	10.940784
2433	10.940784
2434	10.940784
2435	10.940784
2436	10.940784
2437	10.940784
2438	10.940784
2439	10.940784
2440	10.940784
2441	10.940784
2442	10.940784
2443	10.940784
2444	10.940784
2445	10.940784
2446	10.940784
2447	10.940784
2448	10.940784
2449	10.940784
2450	10.940784
2451	10.940784
2452	10.940784
2453	10.940784
2454	10.940784
2455	10.940784
2456	10.940784
2457	10.940784
2458	10.940784
2459	10.940784
2460	10.940784
2461	10.940784
2462	10.940784
2463	10.940784
2464	10.940784
2465	10.940784
2466	10.940784
2467	10.940784
2468	10.940784
2469	10.940784
2470	10.940784
2471	10.940784
2472	10.940784
2473	10.940784
2474	10.940784
2475	10.940784
2476	10.940784
2477	10.940784
2478	10.940784
2479	10.940784
2480	10.940784
2481	10.940784
2482	10.940784
2483	10.940784
2484	10.940784
2485	10.940784
2486	10.940784
2487	10.940784
2488	10.940784
2489	10.940784
2490	10.940784
2491	10.940784
2492	10.940784
2493	10.940784
2494	10.940784
2495	10.940784
2496	10.940784
2497	10.940784
2498	10.940784
2499	10.940784
2500	10.940784
2501	10.940784
2502	10.940784
2503	10.940784
2504	10.940784
2505	10.940784
2506	10.940784
2507	10.940784
2508	10.940784
2509	10.940784
2510	10.940784
2511	10.940784
2512	10.940784
2513	10.940784
2514	10.940784
2515	10.940784
2516	10.940784
2517	10.940784
2518	10.940784
2519	10.940784
2520	10.940784
2521	10.940784
2522	10.940784
2523	10.940784
2524	10.940784
2525	10.940784
2526	10.940784
2527	10.940784
2528	10.940784
2529	10.940784
2530	10.940784
2531	10.940784
2532	10.940784
2533	10.940784
2534	10.940784
2535	10.940784
2536	10.940784
2537	10.940784
2538	10.940784
2539	10.940784
2540	10.940784
2541	10.940784
2542	10.940784
2543	10.940784
2544	10.940784
2545	10.940784
2546	10.940784
2547	10.940784
2548	10.940784
2549	10.940784
2550	10.940784
2551	10.940784
2552	10.940784
2553	10.940784
2554	10.940784
2555	10.940784
2556	10.940784
2557	10.940784
2558	10.940784
2559	10.940784
2560	10.940784
2561	10.940784
2562	10.940784
2563	10.940784
2564	10.940784
2565	10.940784
2566	10.940784
2567	10.940784
2568	10.940784
2569	10.940784
2570	10.940784
2571	10.940784
2572	10.940784
2573	10.940784
2574	10.940784
2575	10.940784
2576	10.940784
2577	10.940784
2578	10.940784
2579	10.940784
2580	10.940784
2581	10.940784
2582	10.940784
2583	10.940784
2584	10.940784
2585	10.940784
2586	10.940784
2587	10.940784
2588	10.940784
2589	10.940784
2590	10.940784
2591	10.940784
2592	10.940784
2593	10.940784
2594	10.940784
2595	10.940784
2596	10.940784
2597	10.940784
2598	10.940784
2599	10.940784
2600	10.940784
2601	10.940784
2602	10.940784
2603	10.940784
2604	10.940784
2605	10.940784
2606	10.940784
2607	10.940784
2608	10.940784
2609	10.940784
2610	10.940784
2611	10.940784
2612	10.940784
2613	10.940784
2614	10.940784
2615	10.940784
2616	10.940784
2617	10.940784
2618	10.940784
2619	10.940784
2620	10.940784
2621	10.940784
2622	10.940784
2623	10.940784
2624	10.940784
2625	10.940784
2626	10.940784
2627	10.940784
2628	10.940784
2629	10.940784
2630	10.940784
2631	10.940784
2632	10.940784
2633	10.940784
2634	10.940784
2635	10.940784
2636	10.940784
2637	10.940784
2638	10.940784
2639	10.940784
2640	10.940784
2641	10.940784
2642	10.940784
2643	10.940784
2644	10.940784
2645	10.940784
2646	10.940784
2647	10.940784
2648	10.940784
2649	10.940784
2650	10.940784
2651	10.940784
2652	10.940784
2653	10.940784
2654	10.940784
2655	10.940784
2656	10.940784
2657	10.940784
2658	10.940784
2659	10.940784
2660	10.940784
2661	10.940784
2662	10.940784
2663	10.940784
2664	10.940784
2665	10.940784
2666	10.940784
2667	10.940784
2668	10.940784
2669	10.940784
2670	10.940784
2671	10.940784
2672	10.940784
2673	10.940784
2674	10.940784
2675	10.940784
2676	10.940784
2677	10.940784
2678	10.940784
2679	10.940784
2680	10.940784
2681	10.940784
2682	10.940784
2683	10.940784
2684	10.940784
2685	10.940784
2686	10.940784
2687	10.940784
2688	10.940784
2689	10.940784
2690	10.940784
2691	10.940784
2692	10.940784
2693	10.940784
2694	10.940784
2695	10.940784
2696	10.940784
2697	10.940784
2698	10.940784
2699	10.940784
2700	10.940784
2701	10.940784
2702	10.940784
2703	10.940784
2704	10.940784
2705	10.940784
2706	10.940784
2707	10.940784
2708	10.940784
2709	10.940784
2710	10.940784
2711	10.940784
2712	10.940784
2713	10.940784
2714	10.940784
2715	10.940784
2716	10.940784
2717	10.940784
2718	10.940784
2719	10.940784
2720	10.940784
2721	10.940784
2722	10.940784
2723	10.940784
2724	10.940784
2725	10.940784
2726	10.940784
2727	10.940784
2728	10.940784
2729	10.940784
2730	10.940784
2731	10.940784
2732	10.940784
2733	10.940784
2734	10.940784
2735	10.940784
2736	10.940784
2737	10.940784
2738	10.940784
2739	10.940784
2740	10.940784
2741	10.940784
2742	10.940784
2743	10.940784
2744	10.940784
2745	10.940784
2746	10.940784
2747	10.940784
2748	10.940784
2749	10.940784
2750	10.940784
2751	10.940784
2752	10.940784
2753	10.940784
2754	10.940784
2755	10.940784
2756	10.940784
2757	10.940784
2758	10.940784
2759	10.940784
2760	10.940784
2761	10.940784
2762	10.940784
2763	10.940784
2764	10.940784
2765	10.940784
2766	10.940784
2767	10.940784
2768	10.940784
2769	10.940784
2770	10.940784
2771	10.940784
2772	10.940784
2773	10.940784
2774	10.940784
2775	10.940784
2776	10.940784
2777	10.940784
2778	10.940784
2779	10.940784
2780	10.940784
2781	10.940784
2782	10.940784
2783	10.940784
2784	10.940784
2785	10.940784
2786	10.940784
2787	10.940784
2788	10.940784
2789	10.940784
2790	10.940784
2791	10.940784
2792	10.940784
2793	10.940784
2794	10.940784
2795	10.940784
2796	10.940784
2797	10.940784
2798	10.940784
2799	10.940784
2800	10.940784
2801	10.940784
2802	10.940784
2803	10.940784
2804	10.940784
2805	10.940784
2806	10.940784
2807	10.940784
2808	10.940784
2809	10.940784
2810	10.940784
2811	10.940784
2812	10.940784
2813	10.940784
2814	10.940784
2815	10.940784
2816	10.940784
2817	10.940784
2818	10.940784
2819	10.940784
2820	10.940784
2821	10.940784
2822	10.940784
2823	10.940784
2824	10.940784
2825	10.940784
2826	10.940784
2827	10.940784
2828	10.940784
2829	10.940784
2830	10.940784
2831	10.940784
2832	10.940784
2833	10.940784
2834	10.940784
2835	10.940784
2836	10.940784
2837	10.940784
2838	10.940784
2839	10.940784
2840	10.940784
2841	10.940784
2842	10.940784
2843	10.940784
2844	10.940784
2845	10.940784
2846	10.940784
2847	10.940784
2848	10.940784
2849	10.940784
2850	10.940784
2851	10.940784
2852	10.940784
2853	10.940784
2854	10.940784
2855	10.940784
2856	10.940784
2857	10.940784
2858	10.940784
2859	10.940784
2860	10.940784
2861	10.940784
2862	10.940784
2863	10.940784
2864	10.940784
2865	10.940784
2866	10.940784
2867	10.940784
2868	10.940784
2869	10.940784
2870	10.940784
2871	10.940784
2872	10.940784
2873	10.940784
2874	10.940784
2875	10.940784
2876	10.940784
2877	10.940784
2878	10.940784
2879	10.940784
2880	10.940784
2881	10.940784
2882	10.940784
2883	10.940784
2884	10.940784
2885	10.940784
2886	10.940784
2887	10.940784
2888	10.940784
2889	10.940784
2890	10.940784
2891	10.940784
2892	10.940784
2893	10.940784
2894	10.940784
2895	10.940784
2896	10.940784
2897	10.940784
2898	10.940784
2899	10.940784
2900	10.940784
2901	10.940784
2902	10.940784
2903	10.940784
2904	10.940784
2905	10.940784
2906	10.940784
2907	10.940784
2908	10.940784
2909	10.940784
2910	10.940784
2911	10.940784
2912	10.940784
2913	10.940784
2914	10.940784
2915	10.940784
2916	10.940784
2917	10.940784
2918	10.940784
2919	10.940784
2920	10.940784
2921	10.940784
2922	10.940784
2923	10.940784
2924	10.940784
2925	10.940784
2926	10.940784
2927	10.940784
2928	10.940784
2929	10.940784
2930	10.940784
2931	10.940784
2932	10.940784
2933	10.940784
2934	10.940784
2935	10.940784
2936	10.940784
2937	10.940784
2938	10.940784
2939	10.940784
2940	10.940784
2941	10.940784
2942	10.940784
2943	10.940784
2944	10.940784
2945	10.940784
2946	10.940784
2947	10.940784
2948	10.940784
2949	10.940784
2950	10.940784
2951	10.940784
2952	10.940784
2953	10.940784
2954	10.940784
2955	10.940784
2956	10.940784
2957	10.940784
2958	10.940784
2959	10.940784
2960	10.940784
2961	10.940784
2962	10.940784
2963	10.940784
2964	10.940784
2965	10.940784
2966	10.940784
2967	10.940784
2968	10.940784
2969	10.940784
2970	10.940784
2971	10.940784
2972	10.940784
2973	10.940784
2974	10.940784
2975	10.940784
2976	10.940784
2977	10.940784
2978	10.940784
2979	10.940784
2980	10.940784
2981	10.940784
2982	10.940784
2983	10.940784
2984	10.940784
2985	10.940784
2986	10.940784
2987	10.940784
2988	10.940784
2989	10.940784
2990	10.940784
2991	10.940784
2992	10.940784
2993	10.940784
2994	10.940784
2995	10.940784
2996	10.940784
2997	10.940784
2998	10.940784
2999	10.940784
3000	10.940784
3001	10.940784
3002	10.940784
3003	10.940784
3004	10.940784
3005	10.940784
3006	10.940784
3007	10.940784
3008	10.940784
3009	10.940784
3010	10.940784
3011	10.940784
3012	10.940784
3013	10.940784
3014	10.940784
3015	10.940784
3016	10.940784
3017	10.940784
3018	10.940784
3019	10.940784
3020	10.940784
3021	10.940784
3022	10.940784
3023	10.940784
3024	10.940784
3025	10.940784
3026	10.940784
3027	10.940784
3028	10.940784
3029	10.940784
3030	10.940784
3031	10.940784
3032	10.940784
3033	10.940784
3034	10.940784
3035	10.940784
3036	10.940784
3037	10.940784
3038	10.940784
3039	10.940784
3040	10.940784
3041	10.940784
3042	10.940784
3043	10.940784
3044	10.940784
3045	10.940784
3046	10.940784
3047	10.940784
3048	10.940784
3049	10.940784
3050	10.940784
3051	10.940784
3052	10.940784
3053	10.940784
3054	10.940784
3055	10.940784
3056	10.940784
3057	10.940784
3058	10.940784
3059	10.940784
3060	10.940784
3061	10.940784
3062	10.940784
3063	10.940784
3064	10.940784
3065	10.940784
3066	10.940784
3067	10.940784
3068	10.940784
3069	10.940784
3070	10.940784
3071	10.940784
3072	10.940784
3073	10.940784
3074	10.940784
3075	10.940784
3076	10.940784
3077	10.940784
3078	10.940784
3079	10.940784
3080	10.940784
3081	10.940784
3082	10.940784
3083	10.940784
3084	10.940784
3085	10.940784
3086	10.940784
3087	10.940784
3088	10.940784
3089	10.940784
3090	10.940784
3091	10.940784
3092	10.940784
3093	10.940784
3094	10.940784
3095	10.940784
3096	10.940784
3097	10.940784
3098	10.940784
3099	10.940784
3100	10.940784
3101	10.940784
3102	10.940784
3103	10.940784
3104	10.940784
3105	10.940784
3106	10.940784
3107	10.940784
3108	10.940784
3109	10.940784
3110	10.940784
3111	10.940784
3112	10.940784
3113	10.940784
3114	10.940784
3115	10.940784
3116	10.940784
3117	10.940784
3118	10.940784
3119	10.940784
3120	10.940784
3121	10.940784
3122	10.940784
3123	10.940784
3124	10.940784
3125	10.940784
3126	10.940784
3127	10.940784
3128	10.940784
3129	10.940784
3130	10.940784
3131	10.940784
3132	10.940784
3133	10.940784
3134	10.940784
3135	10.940784
3136	10.940784
3137	10.940784
3138	10.940784
3139	10.940784
3140	10.940784
3141	10.940784
3142	10.940784
3143	10.940784
3144	10.940784
3145	10.940784
3146	10.940784
3147	10.940784
3148	10.940784
3149	10.940784
3150	10.940784
3151	10.940784
3152	10.940784
3153	10.940784
3154	10.940784
3155	10.940784
3156	10.940784
3157	10.940784
3158	10.940784
3159	10.940784
3160	10.940784
3161	10.940784
3162	10.940784
3163	10.940784
3164	10.940784
3165	10.940784
3166	10.940784
3167	10.940784
3168	10.940784
3169	10.940784
3170	10.940784
3171	10.940784
3172	10.940784
3173	10.940784
3174	10.940784
3175	10.940784
3176	10.940784
3177	10.940784
3178	10.940784
3179	10.940784
3180	10.940784
3181	10.940784
3182	10.940784
3183	10.940784
3184	10.940784
3185	10.940784
3186	10.940784
3187	10.940784
3188	10.940784
3189	10.940784
3190	10.940784
3191	10.940784
3192	10.940784
3193	10.940784
3194	10.940784
3195	10.940784
3196	10.940784
3197	10.940784
3198	10.940784
3199	10.940784
3200	10.940784
3201	10.940784
3202	10.940784
3203	10.940784
3204	10.940784
3205	10.940784
3206	10.940784
3207	10.940784
3208	10.940784
3209	10.940784
3210	10.940784
3211	10.940784
3212	10.940784
3213	10.940784
3214	10.940784
3215	10.940784
3216	10.940784
3217	10.940784
3218	10.940784
3219	10.940784
3220	10.940784
3221	10.940784
3222	10.940784
3223	10.940784
3224	10.940784
3225	10.940784
3226	10.940784
3227	10.940784
3228	10.940784
3229	10.940784
3230	10.940784
3231	10.940784
3232	10.940784
3233	10.940784
3234	10.940784
3235	10.940784
3236	10.940784
3237	10.940784
3238	10.940784
3239	10.940784
3240	10.940784
3241	10.940784
3242	10.940784
3243	10.940784
3244	10.940784
3245	10.940784
3246	10.940784
3247	10.940784
3248	10.940784
3249	10.940784
3250	10.940784
3251	10.940784
3252	10.940784
3253	10.940784
3254	10.940784
3255	10.940784
3256	10.940784
3257	10.940784
3258	10.940784
3259	10.940784
3260	10.940784
3261	10.940784
3262	10.940784
3263	10.940784
3264	10.940784
3265	10.940784
3266	10.940784
3267	10.940784
3268	10.940784
3269	10.940784
3270	10.940784
3271	10.940784
3272	10.940784
3273	10.940784
3274	10.940784
3275	10.940784
3276	10.940784
3277	10.940784
3278	10.940784
3279	10.940784
3280	10.940784
3281	10.940784
3282	10.940784
3283	10.940784
3284	10.940784
3285	10.940784
3286	10.940784
3287	10.940784
3288	10.940784
3289	10.940784
3290	10.940784
3291	10.940784
3292	10.940784
3293	10.940784
3294	10.940784
3295	10.940784
3296	10.940784
3297	10.940784
3298	10.940784
3299	10.940784
3300	10.940784
3301	10.940784
3302	10.940784
3303	10.940784
3304	10.940784
3305	10.940784
3306	10.940784
3307	10.940784
3308	10.940784
3309	10.940784
3310	10.940784
3311	10.940784
3312	10.940784
3313	10.940784
3314	10.940784
3315	10.940784
3316	10.940784
3317	10.940784
3318	10.940784
3319	10.940784
3320	10.940784
3321	10.940784
3322	10.940784
3323	10.940784
3324	10.940784
3325	10.940784
3326	10.940784
3327	10.940784
3328	10.940784
3329	10.940784
3330	10.940784
3331	10.940784
3332	10.940784
3333	10.940784
3334	10.940784
3335	10.940784
3336	10.940784
3337	10.940784
3338	10.940784
3339	10.940784
3340	10.940784
3341	10.940784
3342	10.940784
3343	10.940784
3344	10.940784
3345	10.940784
3346	10.940784
3347	10.940784
3348	10.940784
3349	10.940784
3350	10.940784
3351	10.940784
3352	10.940784
3353	10.940784
3354	10.940784
3355	10.940784
3356	10.940784
3357	10.940784
3358	10.940784
3359	10.940784
3360	10.940784
3361	10.940784
3362	10.940784
3363	10.940784
3364	10.940784
3365	10.940784
3366	10.940784
3367	10.940784
3368	10.940784
3369	10.940784
3370	10.940784
3371	10.940784
3372	10.940784
3373	10.940784
3374	10.940784
3375	10.940784
3376	10.940784
3377	10.940784
3378	10.940784
3379	10.940784
3380	10.940784
3381	10.940784
3382	10.940784
3383	10.940784
3384	10.940784
3385	10.940784
3386	10.940784
3387	10.940784
3388	10.940784
3389	10.940784
3390	10.940784
3391	10.940784
3392	10.940784
3393	10.940784
3394	10.940784
3395	10.940784
3396	10.940784
3397	10.940784
3398	10.940784
3399	10.940784
3400	10.940784
3401	10.940784
3402	10.940784
3403	10.940784
3404	10.940784
3405	10.940784
3406	10.940784
3407	10.940784
3408	10.940784
3409	10.940784
3410	10.940784
3411	10.940784
3412	10.940784
3413	10.940784
3414	10.940784
3415	10.940784
3416	10.940784
3417	10.940784
3418	10.940784
3419	10.940784
3420	10.940784
3421	10.940784
3422	10.940784
3423	10.940784
3424	10.940784
3425	10.940784
3426	10.940784
3427	10.940784
3428	10.940784
3429	10.940784
3430	10.940784
3431	10.940784
3432	10.940784
3433	10.940784
3434	10.940784
3435	10.940784
3436	10.940784
3437	10.940784
3438	10.940784
3439	10.940784
3440	10.940784
3441	10.940784
3442	10.940784
3443	10.940784
3444	10.940784
3445	10.940784
3446	10.940784
3447	10.940784
3448	10.940784
3449	10.940784
3450	10.940784
3451	10.940784
3452	10.940784
3453	10.940784
3454	10.940784
3455	10.940784
3456	10.940784
3457	10.940784
3458	10.940784
3459	10.940784
3460	10.940784
3461	10.940784
3462	10.940784
3463	10.940784
3464	10.940784
3465	10.940784
3466	10.940784
3467	10.940784
3468	10.940784
3469	10.940784
3470	10.940784
3471	10.940784
3472	10.940784
3473	10.940784
3474	10.940784
3475	10.940784
3476	10.940784
3477	10.940784
3478	10.940784
3479	10.940784
3480	10.940784
3481	10.940784
3482	10.940784
3483	10.940784
3484	10.940784
3485	10.940784
3486	10.940784
3487	10.940784
3488	10.940784
3489	10.940784
3490	10.940784
3491	10.940784
3492	10.940784
3493	10.940784
3494	10.940784
3495	10.940784
3496	10.940784
3497	10.940784
3498	10.940784
3499	10.940784
3500	10.940784
3501	10.940784
3502	10.940784
3503	10.940784
3504	10.940784
3505	10.940784
3506	10.940784
3507	10.940784
3508	10.940784
3509	10.940784
3510	10.940784
3511	10.940784
3512	10.940784
3513	10.940784
3514	10.940784
3515	10.940784
3516	10.940784
3517	10.940784
3518	10.940784
3519	10.940784
3520	10.940784
3521	10.940784
3522	10.940784
3523	10.940784
3524	10.940784
3525	10.940784
3526	10.940784
3527	10.940784
3528	10.940784
3529	10.940784
3530	10.940784
3531	10.940784
3532	10.940784
3533	10.940784
3534	10.940784
3535	10.940784
3536	10.940784
3537	10.940784
3538	10.940784
3539	10.940784
3540	10.940784
3541	10.940784
3542	10.940784
3543	10.940784
3544	10.940784
3545	10.940784
3546	10.940784
3547	10.940784
3548	10.940784
3549	10.940784
3550	10.940784
3551	10.940784
3552	10.940784
3553	10.940784
3554	10.940784
3555	10.940784
3556	10.940784
3557	10.940784
3558	10.940784
3559	10.940784
3560	10.940784
3561	10.940784
3562	10.940784
3563	10.940784
3564	10.940784
3565	10.940784
3566	10.940784
3567	10.940784
3568	10.940784
3569	10.940784
3570	10.940784
3571	10.940784
3572	10.940784
3573	10.940784
3574	10.940784
3575	10.940784
3576	10.940784
3577	10.940784
3578	10.940784
3579	10.940784
3580	10.940784
3581	10.940784
3582	10.940784
3583	10.940784
3584	10.940784
3585	10.940784
3586	10.940784
3587	10.940784
3588	10.940784
3589	10.940784
3590	10.940784
3591	10.940784
3592	10.940784
3593	10.940784
3594	10.940784
3595	10.940784
3596	10.940784
3597	10.940784
3598	10.940784
3599	10.940784
3600	10.940784
3601	10.940784
3602	10.940784
3603	10.940784
3604	10.940784
3605	10.940784
3606	10.940784
3607	10.940784
3608	10.940784
3609	10.940784
3610	10.940784
3611	10.940784
3612	10.940784
3613	10.940784
3614	10.940784
3615	10.940784
3616	10.940784
3617	10.940784
3618	10.940784
3619	10.940784
3620	10.940784
3621	10.940784
3622	10.940784
3623	10.940784
3624	10.940784
3625	10.940784
3626	10.940784
3627	10.940784
3628	10.940784
3629	10.940784
3630	10.940784
3631	10.940784
3632	10.940784
3633	10.940784
3634	10.940784
3635	10.940784
3636	10.940784
3637	10.940784
3638	10.940784
3639	10.940784
3640	10.940784
3641	10.940784
3642	10.940784
3643	10.940784
3644	10.940784
3645	10.940784
3646	10.940784
3647	10.940784
3648	10.940784
3649	10.940784
3650	10.940784
3651	10.940784
3652	10.940784
3653	10.940784
3654	10.940784
3655	10.940784
3656	10.940784
3657	10.940784
3658	10.940784
3659	10.940784
3660	10.940784
3661	10.940784
3662	10.940784
3663	10.940784
3664	10.940784
3665	10.940784
3666	10.940784
3667	10.940784
3668	10.940784
3669	10.940784
3670	10.940784
3671	10.940784
3672	10.940784
3673	10.940784
3674	10.940784
3675	10.940784
3676	10.940784
3677	10.940784
3678	10.940784
3679	10.940784
3680	10.940784
3681	10.940784
3682	10.940784
3683	10.940784
3684	10.940784
3685	10.940784
3686	10.940784
3687	10.940784
3688	10.940784
3689	10.940784
3690	10.940784
3691	10.940784
3692	10.940784
3693	10.940784
3694	10.940784
3695	10.940784
3696	10.940784
3697	10.940784
3698	10.940784
3699	10.940784
3700	10.940784
3701	10.940784
3702	10.940784
3703	10.940784
3704	10.940784
3705	10.940784
3706	10.940784
3707	10.940784
3708	10.940784
3709	10.940784
3710	10.940784
3711	10.940784
3712	10.940784
3713	10.940784
3714	10.940784
3715	10.940784
3716	10.940784
3717	10.940784
3718	10.940784
3719	10.940784
3720	10.940784
3721	10.940784
3722	10.940784
3723	10.940784
3724	10.940784
3725	10.940784
3726	10.940784
3727	10.940784
3728	10.940784
3729	10.940784
3730	10.940784
3731	10.940784
3732	10.940784
3733	10.940784
3734	10.940784
3735	10.940784
3736	10.940784
3737	10.940784
3738	10.940784
3739	10.940784
3740	10.940784
3741	10.940784
3742	10.940784
3743	10.940784
3744	10.940784
3745	10.940784
3746	10.940784
3747	10.940784
3748	10.940784
3749	10.940784
3750	10.940784
3751	10.940784
3752	10.940784
3753	10.940784
3754	10.940784
3755	10.940784
3756	10.940784
3757	10.940784
3758	10.940784
3759	10.940784
3760	10.940784
3761	10.940784
3762	10.940784
3763	10.940784
3764	10.940784
3765	10.940784
3766	10.940784
3767	10.940784
3768	10.940784
3769	10.940784
3770	10.940784
3771	10.940784
3772	10.940784
3773	10.940784
3774	10.940784
3775	10.940784
3776	10.940784
3777	10.940784
3778	10.940784
3779	10.940784
3780	10.940784
3781	10.940784
3782	10.940784
3783	10.940784
3784	10.940784
3785	10.940784
3786	10.940784
3787	10.940784
3788	10.940784
3789	10.940784
3790	10.940784
3791	10.940784
3792	10.940784
3793	10.940784
3794	10.940784
3795	10.940784
3796	10.940784
3797	10.940784
3798	10.940784
3799	10.940784
3800	10.940784
3801	10.940784
3802	10.940784
3803	10.940784
3804	10.940784
3805	10.940784
3806	10.940784
3807	10.940784
3808	10.940784
3809	10.940784
3810	10.940784
3811	10.940784
3812	10.940784
3813	10.940784
3814	10.940784
3815	10.940784
3816	10.940784
3817	10.940784
3818	10.940784
3819	10.940784
3820	10.940784
3821	10.940784
3822	10.940784
3823	10.940784
3824	10.940784
3825	10.940784
3826	10.940784
3827	10.940784
3828	10.940784
3829	10.940784
3830	10.940784
3831	10.940784
3832	10.940784
3833	10.940784
3834	10.940784
3835	10.940784
3836	10.940784
3837	10.940784
3838	10.940784
3839	10.940784
3840	10.940784
3841	10.940784
3842	10.940784
3843	10.940784
3844	10.940784
3845	10.940784
3846	10.940784
3847	10.940784
3848	10.940784
3849	10.940784
3850	10.940784
3851	10.940784
3852	10.940784
3853	10.940784
3854	10.940784
3855	10.940784
3856	10.940784
3857	10.940784
3858	10.940784
3859	10.940784
3860	10.940784
3861	10.940784
3862	10.940784
3863	10.940784
3864	10.940784
3865	10.940784
3866	10.940784
3867	10.940784
3868	10.940784
3869	10.940784
3870	10.940784
3871	10.940784
3872	10.940784
3873	10.940784
3874	10.940784
3875	10.940784
3876	10.940784
3877	10.940784
3878	10.940784
3879	10.940784
3880	10.940784
3881	10.940784
3882	10.940784
3883	10.940784
3884	10.940784
3885	10.940784
3886	10.940784
3887	10.940784
3888	10.940784
3889	10.940784
3890	10.940784
3891	10.940784
3892	10.940784
3893	10.940784
3894	10.940784
3895	10.940784
3896	10.940784
3897	10.940784
3898	10.940784
3899	10.940784
3900	10.940784
3901	10.940784
3902	10.940784
3903	10.940784
3904	10.940784
3905	10.940784
3906	10.940784
3907	10.940784
3908	10.940784
3909	10.940784
3910	10.940784
3911	10.940784
3912	10.940784
3913	10.940784
3914	10.940784
3915	10.940784
3916	10.940784
3917	10.940784
3918	10.940784
3919	10.940784
3920	10.940784
3921	10.940784
3922	10.940784
3923	10.940784
3924	10.940784
3925	10.940784
3926	10.940784
3927	10.940784
3928	10.940784
3929	10.940784
3930	10.940784
3931	10.940784
3932	10.940784
3933	10.940784
3934	10.940784
3935	10.940784
3936	10.940784
3937	10.940784
3938	10.940784
3939	10.940784
3940	10.940784
3941	10.940784
3942	10.940784
3943	10.940784
3944	10.940784
3945	10.940784
3946	10.940784
3947	10.940784
3948	10.940784
3949	10.940784
3950	10.940784
3951	10.940784
3952	10.940784
3953	10.940784
3954	10.940784
3955	10.940784
3956	10.940784
3957	10.940784
3958	10.940784
3959	10.940784
3960	10.940784
3961	10.940784
3962	10.940784
3963	10.940784
3964	10.940784
3965	10.940784
3966	10.940784
3967	10.940784
3968	10.940784
3969	10.940784
3970	10.940784
3971	10.940784
3972	10.940784
3973	10.940784
3974	10.940784
3975	10.940784
3976	10.940784
3977	10.940784
3978	10.940784
3979	10.940784
3980	10.940784
3981	10.940784
3982	10.940784
3983	10.940784
3984	10.940784
3985	10.940784
3986	10.940784
3987	10.940784
3988	10.940784
3989	10.940784
3990	10.940784
3991	10.940784
3992	10.940784
3993	10.940784
3994	10.940784
3995	10.940784
3996	10.940784
3997	10.940784
3998	10.940784
3999	10.940784
4000	10.940784
4001	10.940784
4002	10.940784
4003	10.940784
4004	10.940784
4005	10.940784
4006	10.940784
4007	10.940784
4008	10.940784
4009	10.940784
4010	10.940784
4011	10.940784
4012	10.940784
4013	10.940784
4014	10.940784
4015	10.940784
4016	10.940784
4017	10.940784
4018	10.940784
4019	10.940784
4020	10.940784
4021	10.940784
4022	10.940784
4023	10.940784
4024	10.940784
4025	10.940784
4026	10.940784
4027	10.940784
4028	10.940784
4029	10.940784
4030	10.940784
4031	10.940784
4032	10.940784
4033	10.940784
4034	10.940784
4035	10.940784
4036	10.940784
4037	10.940784
4038	10.940784
4039	10.940784
4040	10.940784
4041	10.940784
4042	10.940784
4043	10.940784
4044	10.940784
4045	10.940784
4046	10.940784
4047	10.940784
4048	10.940784
4049	10.940784
4050	10.940784
4051	10.940784
4052	10.940784
4053	10.940784
4054	10.940784
4055	10.940784
4056	10.940784
4057	10.940784
4058	10.940784
4059	10.940784
4060	10.940784
4061	10.940784
4062	10.940784
