1	6.979555
2	6.979555
3	6.97843
4	6.989488
5	7.038889
6	7.038889
7	7.053613
8	7.053613
9	7.252617
10	7.252617
11	7.241907
12	7.242765
13	7.268832
14	7.271082
15	7.326852
16	7.489615
17	7.599956
18	7.607724
19	7.693471
20	7.689325
21	7.700035
22	7.854691
23	7.945481
24	8.046869
25	8.152646
26	8.152646
27	8.182212
28	7.806217
29	7.749451
30	7.751939
31	7.685033
32	7.593986
33	7.448096
34	7.476596
35	7.476596
36	7.488986
37	7.614003
38	7.802598
39	7.808025
40	7.838625
41	7.891502
42	7.797179
43	7.798223
44	7.823023
45	7.831696
46	7.880388
47	7.965879
48	8.14572
49	8.16273
50	8.16273
51	8.16273
52	8.082195
53	8.231946
54	8.242152
55	8.244316
56	8.291398
57	8.299609
58	8.360227
59	8.360227
60	8.577739
61	8.809146
62	8.903761
63	8.948505
64	8.948505
65	8.960818
66	8.986296
67	8.982012
68	8.994096
69	9.182555
70	9.184923
71	9.245515
72	9.3025
73	9.3025
74	9.101809
75	9.20365
76	9.210298
77	9.271138
78	9.272193
79	9.208709
80	9.208709
81	9.220847
82	9.220847
83	9.181069
84	9.233261
85	9.233261
86	9.13408
87	9.13408
88	9.244308
89	9.244308
90	9.061075
91	9.061075
92	9.117881
93	9.117881
94	9.167294
95	9.167294
96	9.134069
97	9.135584
98	9.143324
99	9.143324
100	9.146018
101	9.321066
102	9.321066
103	9.324504
104	9.083677
105	9.083677
106	9.120157
107	9.169882
108	9.169882
109	9.183403
110	9.183403
111	9.282584
112	9.282584
113	9.282584
114	9.282584
115	9.279146
116	9.279146
117	9.377066
118	9.404674
119	9.321102
120	9.427536
121	9.438436
122	9.438436
123	9.440056
124	9.440056
125	9.443608
126	9.558899
127	9.558899
128	9.558899
129	9.558899
130	9.568111
131	9.581008
132	9.57686
133	9.760728
134	9.787736
135	9.787736
136	9.787736
137	9.724572
138	9.724572
139	9.299853
140	9.299853
141	9.299853
142	9.321383
143	9.324173
144	9.212938
145	9.15284
146	9.15284
147	9.35167
148	9.35167
149	9.35167
150	9.35167
151	9.35167
152	9.167538
153	9.167538
154	9.408328
155	9.408328
156	9.373772
157	9.382199
158	9.443457
159	9.552669
160	9.604706
161	9.695082
162	9.695082
163	9.659859
164	9.659859
165	9.58802
166	9.58802
167	9.58802
168	9.58802
169	9.58802
170	9.566727
171	9.566727
172	9.566727
173	9.5583
174	9.417518
175	9.443533
176	9.443533
177	9.467951
178	9.467951
179	9.508278
180	9.508278
181	9.298235
182	9.298235
183	9.298235
184	9.298235
185	9.298235
186	9.298235
187	9.298235
188	9.298235
189	9.298235
190	9.198318
191	9.198318
192	9.13706
193	9.114538
194	9.154952
195	9.164258
196	9.204181
197	9.269632
198	9.269632
199	9.226001
200	9.226001
201	9.107009
202	9.107009
203	9.107009
204	9.107009
205	9.122573
206	9.122573
207	9.1828
208	9.1828
209	9.1828
210	9.1828
211	9.131476
212	9.16903
213	9.16903
214	9.16903
215	9.16903
216	9.16903
217	9.275864
218	9.275864
219	9.275864
220	9.275864
221	9.275864
222	9.275864
223	9.346509
224	9.235853
225	9.235853
226	9.235853
227	9.235853
228	9.235853
229	9.189317
230	9.189317
231	9.189317
232	9.189317
233	9.065738
234	9.065738
235	9.065738
236	9.121766
237	9.160889
238	9.160889
239	9.179501
240	9.140378
241	9.140378
242	9.140378
243	9.124458
244	9.124458
245	9.124458
246	9.124458
247	9.124458
248	9.160113
249	8.973205
250	8.990235
251	9.025011
252	9.025011
253	9.025011
254	9.050082
255	9.051148
256	9.080708
257	9.080708
258	9.083318
259	9.085676
260	9.085676
261	9.085676
262	9.085676
263	9.169511
264	9.169511
265	9.242507
266	9.090029
267	9.090029
268	9.149907
269	9.149907
270	9.156633
271	9.191299
272	9.196879
273	9.196879
274	9.196879
275	9.196879
276	9.196879
277	9.196879
278	9.196879
279	9.052311
280	9.052311
281	9.057936
282	9.057936
283	9.057936
284	9.057936
285	9.057936
286	9.057936
287	9.404992
288	9.404992
289	9.395686
290	9.249313
291	9.100461
292	9.100461
293	9.100461
294	8.868046
295	8.881913
296	8.881913
297	9.017792
298	9.05982
299	9.317035
300	9.371922
301	9.371922
302	9.371922
303	9.380122
304	9.406433
305	9.451325
306	9.451325
307	9.451325
308	9.451325
309	9.451325
310	9.503148
311	9.503148
312	9.503148
313	9.652
314	9.652
315	9.652
316	9.652
317	9.597734
318	9.597734
319	9.341223
320	9.341223
321	9.428372
322	9.604435
323	9.716271
324	9.716271
325	9.716271
326	9.565696
327	9.599716
328	9.599716
329	9.577761
330	9.686273
331	9.686273
332	9.686273
333	9.632239
334	9.632239
335	9.632239
336	9.632239
337	9.632239
338	9.632239
339	9.720909
340	9.841384
341	9.888746
342	9.753315
343	9.753315
344	9.753315
345	9.753315
346	9.753315
347	9.753315
348	9.753315
349	9.753315
350	9.775449
351	9.775449
352	9.775449
353	9.829311
354	9.829311
355	9.964742
356	9.964742
357	9.829278
358	9.571371
359	9.521958
360	9.521958
361	9.537248
362	9.537248
363	9.442723
364	9.442723
365	9.463408
366	9.590837
367	9.590837
368	9.735839
369	9.735839
370	9.7956
371	9.7956
372	9.7956
373	9.7956
374	9.693682
375	9.693682
376	9.782635
377	9.782635
378	9.817145
379	9.817145
380	9.817145
381	9.80395
382	9.80395
383	9.76944
384	9.80589
385	9.80589
386	9.58934
387	9.554622
388	9.595109
389	9.595109
390	9.595109
391	9.595109
392	9.595109
393	9.595109
394	9.595109
395	9.635506
396	9.635506
397	9.635506
398	9.507737
399	9.51311
400	9.51311
401	9.51311
402	9.251027
403	9.352945
404	9.344764
405	9.344764
406	9.344764
407	9.198223
408	9.234043
409	9.234043
410	9.234043
411	9.234043
412	9.234043
413	9.313415
414	9.313415
415	9.313415
416	9.416895
417	9.430944
418	9.430944
419	9.416895
420	9.416895
421	9.416895
422	9.416895
423	9.416895
424	9.442168
425	9.442168
426	9.301881
427	9.301881
428	9.301881
429	9.473878
430	9.536762
431	9.536762
432	9.536762
433	9.536762
434	9.536762
435	9.448092
436	9.448092
437	9.461997
438	9.461997
439	9.567666
440	9.567666
441	9.643991
442	9.643991
443	9.643991
444	9.65804
445	9.822806
446	9.822806
447	9.822806
448	9.899704
449	9.899704
450	9.899704
451	9.899704
452	9.899704
453	9.899704
454	9.988374
455	9.880335
456	9.880335
457	9.880335
458	9.880335
459	9.880335
460	9.880335
461	9.959505
462	9.925556
463	9.925556
464	9.959505
465	9.959505
466	9.959505
467	9.846563
468	9.846563
469	9.971336
470	9.66062
471	9.66062
472	9.66062
473	9.66062
474	9.66062
475	9.666624
476	9.666624
477	9.813486
478	9.615675
479	9.615675
480	9.615675
481	9.615675
482	9.615675
483	9.615675
484	9.714061
485	9.714061
486	9.708057
487	9.708057
488	9.708057
489	9.708057
490	9.967616
491	10.300383
492	10.300383
493	10.300383
494	10.300383
495	10.300383
496	10.300383
497	10.300383
498	10.300383
499	10.300383
500	10.300383
501	10.300383
502	10.300383
503	10.300383
504	10.300383
505	10.300383
506	10.300383
507	10.300383
508	10.300383
509	10.195656
510	10.195656
511	10.195656
512	10.195656
513	10.195656
514	10.195656
515	10.269496
516	10.269496
517	10.269496
518	10.269496
519	10.269496
520	10.143927
521	10.143927
522	10.196753
523	10.183619
524	10.18092
525	10.18092
526	10.336521
527	10.18092
528	10.18092
529	10.18092
530	10.194054
531	10.204203
532	10.204203
533	10.204203
534	10.191069
535	10.197073
536	10.054747
537	10.172917
538	10.172917
539	10.215374
540	10.215374
541	10.215374
542	10.215374
543	10.215374
544	10.215374
545	10.211247
546	10.211247
547	10.211247
548	10.201098
549	10.201098
550	10.201098
551	10.201098
552	10.201098
553	9.964089
554	9.871554
555	9.871554
556	9.871554
557	9.871554
558	9.926634
559	9.926634
560	9.848236
561	9.895001
562	9.895001
563	9.907391
564	9.907391
565	9.982125
566	9.982125
567	9.982125
568	9.982125
569	9.745535
570	9.745535
571	9.745535
572	9.741356
573	9.735352
574	9.735352
575	9.735352
576	9.735352
577	9.735352
578	9.735352
579	9.93873
580	9.93873
581	10.1594
582	10.1594
583	10.1594
584	10.1594
585	10.1594
586	10.1594
587	10.21462
588	10.21462
589	10.21462
590	10.21462
591	10.21462
592	10.218799
593	10.218799
594	10.218799
595	10.218799
596	10.218799
597	10.218799
598	10.208252
599	10.208252
600	10.208252
601	10.129082
602	10.198128
603	10.198128
604	10.198128
605	10.198128
606	10.198128
607	10.198128
608	10.145987
609	10.256359
610	10.335529
611	10.335529
612	10.335529
613	10.335529
614	10.319211
615	10.319211
616	10.319211
617	10.319211
618	10.319211
619	10.277023
620	10.277023
621	10.277023
622	10.277023
623	10.277023
624	10.277023
625	10.277023
626	10.19898
627	10.19898
628	10.19898
629	10.19898
630	10.19898
631	10.19898
632	10.19898
633	10.19898
634	10.19898
635	10.19898
636	10.19898
637	10.160374
638	10.160374
639	10.205573
640	10.205573
641	10.205573
642	10.205573
643	10.205573
644	10.205573
645	10.205573
646	10.205573
647	10.126403
648	10.126403
649	10.126403
650	10.126403
651	10.126403
652	10.126403
653	10.126403
654	10.126403
655	10.126403
656	10.126403
657	10.126403
658	10.126403
659	10.126403
660	10.126403
661	10.113586
662	10.113586
663	10.070224
664	10.152838
665	10.152838
666	10.152838
667	10.152838
668	10.144281
669	10.144281
670	10.144281
671	10.144281
672	10.144281
673	10.144281
674	10.144281
675	10.133137
676	10.133137
677	10.133137
678	10.133137
679	10.133137
680	10.133137
681	10.133137
682	10.133137
683	10.133137
684	10.133137
685	10.050523
686	10.050523
687	10.050523
688	9.975702
689	10.016114
690	10.016114
691	10.016114
692	10.016114
693	10.016114
694	10.016114
695	10.016114
696	10.016114
697	10.016114
698	10.016114
699	10.016114
700	10.016114
701	10.016114
702	10.016114
703	10.186259
704	10.227146
705	10.227146
706	10.227146
707	10.150988
708	10.150988
709	10.150988
710	10.150988
711	10.150988
712	10.150988
713	10.150988
714	10.150988
715	10.150988
716	10.150988
717	10.150988
718	10.150988
719	10.150988
720	10.150988
721	10.150988
722	10.150988
723	10.150988
724	10.150988
725	10.150988
726	10.150988
727	10.150988
728	10.234064
729	10.234064
730	10.234064
731	10.234064
732	10.267098
733	10.267098
734	10.181528
735	10.076393
736	10.076393
737	10.062662
738	10.062662
739	10.062662
740	10.062662
741	10.062662
742	10.062662
743	10.062662
744	10.062662
745	10.062662
746	10.062662
747	10.062662
748	10.062662
749	10.062662
750	10.062662
751	10.062662
752	10.062662
753	10.241961
754	10.241961
755	10.207337
756	10.330002
757	10.330002
758	10.330002
759	10.330002
760	10.330002
761	10.330002
762	10.330002
763	10.330002
764	10.330002
765	10.330002
766	10.330002
767	10.330002
768	10.330002
769	10.330002
770	10.330002
771	10.354806
772	10.354806
773	10.354806
774	10.390077
775	10.390077
776	10.390077
777	10.390077
778	10.390077
779	10.390077
780	10.390077
781	10.390077
782	10.430964
783	10.430964
784	10.430964
785	10.430964
786	10.430964
787	10.430964
788	10.430964
789	10.430964
790	10.430964
791	10.430964
792	10.390077
793	10.415395
794	10.353108
795	10.353108
796	10.353108
797	10.353108
798	10.353108
799	10.353108
800	10.353108
801	10.353108
802	10.353108
803	10.353108
804	10.353108
805	10.353108
806	10.353108
807	10.353108
808	10.387732
809	10.356128
810	10.356128
811	10.527467
812	10.527467
813	10.527467
814	10.527467
815	10.527467
816	10.498586
817	10.498586
818	10.498586
819	10.498586
820	10.498586
821	10.498586
822	10.498586
823	10.463962
824	10.625275
825	10.625275
826	10.625275
827	10.625275
828	10.625275
829	10.625275
830	10.625275
831	10.625275
832	10.636474
833	10.636503
834	10.636503
835	10.636503
836	10.636503
837	10.636503
838	10.636503
839	10.636503
840	10.636503
841	10.636503
842	10.636503
843	10.636503
844	10.636503
845	10.636503
846	10.636503
847	10.636503
848	10.636503
849	10.680607
850	10.680607
851	10.680607
852	10.680607
853	10.680607
854	10.680607
855	10.680607
856	10.680607
857	10.913982
858	10.913982
859	10.913982
860	10.913982
861	10.913982
862	10.869878
863	10.869878
864	10.869878
865	10.869878
866	10.869878
867	10.869878
868	10.869878
869	10.869878
870	10.869878
871	10.888385
872	10.888385
873	10.932489
874	10.932489
875	10.932489
876	10.932489
877	10.932489
878	10.932489
879	10.932489
880	10.932489
881	10.934442
882	10.934442
883	10.934442
884	10.934442
885	10.934442
886	10.934442
887	10.934442
888	10.934442
889	10.934442
890	10.934442
891	10.934442
892	10.934442
893	10.934442
894	10.934442
895	10.934442
896	10.934442
897	10.934442
898	10.934442
899	10.934442
900	10.934442
901	10.934442
902	10.934442
903	10.934442
904	10.934442
905	10.934442
906	10.939616
907	10.939616
908	10.939616
909	10.939616
910	10.939616
911	10.939616
912	10.939616
913	10.939616
914	10.939616
915	10.939616
916	10.939616
917	10.939616
918	10.939616
919	10.939616
920	10.939616
921	10.939616
922	10.960907
923	10.960907
924	10.960907
925	10.960907
926	10.960907
927	10.983195
928	10.983195
929	10.983195
930	10.983195
931	10.983195
932	10.983195
933	10.983195
934	10.983195
935	10.983195
936	10.983195
937	10.983195
938	10.983195
939	10.983195
940	10.983195
941	10.983195
942	10.983195
943	10.983195
944	10.983195
945	10.983195
946	10.983195
947	10.983195
948	10.983195
949	10.983195
950	10.983195
951	10.983195
952	10.983195
953	10.983195
954	10.983195
955	10.983195
956	10.983195
957	10.983195
958	10.983195
959	10.983195
960	10.983195
961	10.983195
962	10.983195
963	10.983195
964	10.983195
965	10.983195
966	10.983195
967	10.983195
968	10.983195
969	10.983195
970	10.983195
971	10.990025
972	10.990025
973	10.990025
974	10.990025
975	10.990025
976	10.990025
977	10.990025
978	10.990025
979	10.990025
980	10.990025
981	10.990025
982	10.990025
983	10.990025
984	10.990025
985	10.990025
986	10.990025
987	10.990025
988	10.983195
989	10.983195
990	10.983195
991	10.983195
992	10.983195
993	10.983195
994	10.983195
995	10.983195
996	10.983195
997	10.983195
998	10.983195
999	10.983195
1000	10.983195
1001	10.983195
1002	10.983195
1003	10.983195
1004	10.983195
1005	10.983195
1006	10.978021
1007	10.978021
1008	10.978021
1009	10.978021
1010	10.978021
1011	10.978021
1012	10.978021
1013	10.978021
1014	10.978021
1015	10.978021
1016	10.978021
1017	10.978021
1018	10.978021
1019	10.983195
1020	10.983195
1021	10.983195
1022	10.963494
1023	10.963494
1024	10.963494
1025	10.963494
1026	10.963494
1027	10.963494
1028	10.963494
1029	10.963494
1030	10.963494
1031	10.963494
1032	10.963494
1033	10.963494
1034	10.963494
1035	10.963494
1036	10.963494
1037	10.963494
1038	10.963494
1039	10.963494
1040	10.963494
1041	10.963494
1042	10.963494
1043	10.963494
1044	10.963494
1045	10.963494
1046	10.91939
1047	10.91939
1048	10.91939
1049	10.91939
1050	10.91939
1051	10.91939
1052	10.91939
1053	10.91939
1054	10.91939
1055	10.91939
1056	10.963494
1057	10.963494
1058	10.963494
1059	10.937425
1060	10.937425
1061	10.937425
1062	10.937425
1063	10.937425
1064	10.937425
1065	10.937425
1066	10.937425
1067	10.937425
1068	10.937425
1069	10.937425
1070	10.937425
1071	10.937425
1072	10.893697
1073	10.893697
1074	10.893697
1075	10.893697
1076	10.893697
1077	10.893697
1078	10.893697
1079	10.893697
1080	10.893697
1081	10.893697
1082	10.893697
1083	10.893697
1084	10.893697
1085	10.893697
1086	10.893697
1087	10.893697
1088	10.893697
1089	10.893697
1090	10.893697
1091	10.893697
1092	10.893697
1093	10.893697
1094	10.893697
1095	10.926731
1096	10.926731
1097	10.926731
1098	10.926731
1099	10.926731
1100	10.926731
1101	10.926731
1102	10.926731
1103	10.926731
1104	10.926731
1105	10.926731
1106	10.926731
1107	10.926731
1108	10.926731
1109	10.926731
1110	10.926731
1111	10.926731
1112	10.926731
1113	10.926731
1114	10.926731
1115	10.926731
1116	10.926731
1117	10.926731
1118	10.933561
1119	10.933561
1120	10.933561
1121	10.933561
1122	10.933561
1123	10.953625
1124	10.953625
1125	10.953625
1126	10.964329
1127	10.964329
1128	10.964329
1129	10.964329
1130	10.964329
1131	10.944265
1132	10.944265
1133	10.944265
1134	10.944265
1135	10.944265
1136	10.944265
1137	10.944265
1138	10.944265
1139	10.944265
1140	10.944265
1141	10.951417
1142	10.951417
1143	10.951417
1144	10.951417
1145	10.951417
1146	10.951417
1147	10.951417
1148	10.951417
1149	10.951417
1150	10.971481
1151	10.971481
1152	10.971481
1153	10.971481
1154	10.971481
1155	10.971481
1156	10.971481
1157	10.971481
1158	10.971481
1159	10.971481
1160	10.971481
1161	10.971481
1162	10.971481
1163	10.971481
1164	10.971481
1165	10.971481
1166	10.971481
1167	10.971481
1168	10.969633
1169	10.969633
1170	10.969633
1171	10.969633
1172	10.969633
1173	10.973209
1174	10.971401
1175	10.971401
1176	10.982098
1177	10.982098
1178	10.982098
1179	10.982098
1180	10.982098
1181	10.982098
1182	10.982098
1183	10.982098
1184	10.982098
1185	10.982098
1186	10.982098
1187	10.982098
1188	10.949661
1189	10.949661
1190	10.949661
1191	10.949661
1192	10.949661
1193	10.949661
1194	10.949661
1195	10.953197
1196	10.953197
1197	10.953197
1198	10.953197
1199	10.953197
1200	10.953197
1201	10.953197
1202	10.953197
1203	10.953197
1204	10.953197
1205	10.953197
1206	10.953197
1207	10.986828
1208	10.986828
1209	10.986828
1210	10.986828
1211	10.986828
1212	10.986828
1213	10.986828
1214	10.986828
1215	10.986828
1216	10.986828
1217	10.986828
1218	10.986828
1219	10.986828
1220	10.986828
1221	10.986828
1222	10.986828
1223	10.986828
1224	10.986828
1225	10.986828
1226	10.986828
1227	10.986828
1228	10.986828
1229	10.986828
1230	10.986828
1231	10.986828
1232	11.001837
1233	10.980149
1234	10.980149
1235	10.980149
1236	10.980742
1237	10.980742
1238	10.982875
1239	10.982875
1240	10.982875
1241	10.982875
1242	10.982875
1243	10.980742
1244	10.980742
1245	10.982875
1246	10.982875
1247	11.008944
1248	11.008944
1249	11.008944
1250	11.008944
1251	11.008944
1252	11.008944
1253	11.006811
1254	11.006811
1255	11.006811
1256	11.006811
1257	11.006811
1258	11.006811
1259	11.006811
1260	11.006811
1261	11.006811
1262	11.006811
1263	11.006811
1264	11.006811
1265	11.006811
1266	11.006811
1267	11.006811
1268	11.006811
1269	11.006811
1270	11.006811
1271	11.006811
1272	11.006811
1273	11.006811
1274	11.006811
1275	11.006811
1276	11.006811
1277	11.006811
1278	11.006811
1279	11.006811
1280	11.006811
1281	11.006811
1282	11.006811
1283	11.006811
1284	11.006811
1285	11.006811
1286	11.006811
1287	11.006811
1288	11.006811
1289	11.006811
1290	11.006811
1291	11.006811
1292	11.006218
1293	11.006218
1294	11.006218
1295	11.006218
1296	11.006218
1297	11.006218
1298	11.006218
1299	11.006218
1300	11.006218
1301	11.006218
1302	11.006218
1303	11.006218
1304	11.006218
1305	11.006218
1306	11.006218
1307	11.006218
1308	11.006218
1309	11.006218
1310	11.006218
1311	11.006218
1312	11.006218
1313	11.006218
1314	11.006218
1315	11.006218
1316	11.006218
1317	11.006218
1318	11.006218
1319	11.006218
1320	11.006218
1321	11.006218
1322	11.006218
1323	11.006218
1324	11.006218
1325	11.006218
1326	11.006218
1327	11.006218
1328	11.015317
1329	11.015317
1330	11.015317
1331	11.015317
1332	11.015317
1333	11.015317
1334	11.015317
1335	11.015317
1336	11.015317
1337	11.015317
1338	11.015317
1339	11.015317
1340	11.015317
1341	11.015317
1342	11.03263
1343	11.03263
1344	11.03263
1345	11.03263
1346	11.03263
1347	11.03263
1348	11.03263
1349	11.03263
1350	11.03263
1351	11.03263
1352	11.03263
1353	11.03263
1354	11.03263
1355	11.03263
1356	11.03263
1357	11.03263
1358	11.03263
1359	11.03263
1360	11.03263
1361	11.03263
1362	11.03263
1363	11.03263
1364	11.03263
1365	11.03263
1366	11.03263
1367	11.03263
1368	11.03263
1369	11.03263
1370	11.03263
1371	11.03263
1372	11.03263
1373	11.03263
1374	11.03263
1375	11.03263
1376	11.03263
1377	11.03263
1378	11.03263
1379	11.03263
1380	11.03263
1381	11.03263
1382	11.03263
1383	11.03263
1384	11.03263
1385	11.03263
1386	11.03263
1387	11.03263
1388	11.03263
1389	11.03263
1390	11.03263
1391	11.03263
1392	11.03263
1393	11.03263
1394	11.03263
1395	11.03263
1396	11.03263
1397	11.03263
1398	11.03263
1399	11.053127
1400	11.053127
1401	11.053127
1402	11.053127
1403	11.053127
1404	11.053127
1405	11.053127
1406	11.053127
1407	11.053127
1408	11.053127
1409	11.053127
1410	11.053127
1411	11.053127
1412	11.053127
1413	11.053127
1414	11.053127
1415	11.053127
1416	11.053127
1417	11.053127
1418	11.053127
1419	11.053127
1420	11.053127
1421	11.053127
1422	11.053127
1423	11.038118
1424	11.038118
1425	11.07548
1426	11.07548
1427	11.07548
1428	11.07548
1429	11.07548
1430	11.07548
1431	11.07548
1432	11.07548
1433	11.07548
1434	11.07548
1435	11.07548
1436	11.07548
1437	11.07548
1438	11.07548
1439	11.07548
1440	11.090489
1441	11.090489
1442	11.090489
1443	11.090489
1444	11.090489
1445	11.090489
1446	11.090489
1447	11.090489
1448	11.090489
1449	11.090489
1450	11.090489
1451	11.090489
1452	11.090489
1453	11.090489
1454	11.090489
1455	11.090489
1456	11.090489
1457	11.090489
1458	11.090489
1459	11.090489
1460	11.090489
1461	11.090489
1462	11.090489
1463	11.090489
1464	11.090489
1465	11.090489
1466	11.090489
1467	11.090489
1468	11.090489
1469	11.090489
1470	11.090489
1471	11.090489
1472	11.060241
1473	11.051142
1474	11.051142
1475	11.051142
1476	11.051142
1477	11.051142
1478	11.051142
1479	11.051142
1480	11.051142
1481	11.051142
1482	11.051142
1483	11.051142
1484	11.051142
1485	11.051142
1486	11.051142
1487	11.051142
1488	11.051142
1489	11.051142
1490	11.051142
1491	11.051142
1492	11.051142
1493	11.051142
1494	11.051142
1495	11.051142
1496	11.051142
1497	11.051142
1498	11.051142
1499	11.051142
1500	11.051142
1501	11.051142
1502	11.051142
1503	11.051142
1504	11.051142
1505	11.051142
1506	11.051142
1507	11.051142
1508	11.051142
1509	11.051142
1510	11.051142
1511	11.051142
1512	11.051142
1513	11.051142
1514	11.051142
1515	11.051142
1516	11.051142
1517	11.051142
1518	11.051142
1519	11.051142
1520	11.051142
1521	11.051142
1522	11.051142
1523	11.051142
1524	11.051142
1525	11.051142
1526	11.051142
1527	11.051142
1528	11.051142
1529	11.051142
1530	11.051142
1531	11.051142
1532	11.051142
1533	11.051142
1534	11.051142
1535	11.051142
1536	11.051142
1537	11.051142
1538	11.051142
1539	11.051142
1540	11.051142
1541	11.051142
1542	11.051142
1543	11.051142
1544	11.051142
1545	11.051142
1546	11.051142
1547	11.051142
1548	11.051142
1549	11.051142
1550	11.051142
1551	11.051142
1552	11.051142
1553	11.051142
1554	11.051142
1555	11.051142
1556	11.051142
1557	11.051142
1558	11.051142
1559	11.051142
1560	11.051142
1561	11.057709
1562	11.057709
1563	11.057709
1564	11.057709
1565	11.057709
1566	11.057709
1567	11.057709
1568	11.057709
1569	11.057709
1570	11.057709
1571	11.057709
1572	11.057709
1573	11.057709
1574	11.057709
1575	11.057709
1576	11.057709
1577	11.057709
1578	11.057709
1579	11.057709
1580	11.057709
1581	11.057709
1582	11.057709
1583	11.057709
1584	11.057709
1585	11.057709
1586	11.057709
1587	11.057709
1588	11.057709
1589	11.057709
1590	11.057709
1591	11.057709
1592	11.057709
1593	11.057709
1594	11.057709
1595	11.057709
1596	11.057709
1597	11.057709
1598	11.057709
1599	11.057709
1600	11.057709
1601	11.057709
1602	11.057709
1603	11.057709
1604	11.057709
1605	11.057709
1606	11.057709
1607	11.057709
1608	11.057709
1609	11.057709
1610	11.057709
1611	11.057709
1612	11.057709
1613	11.057709
1614	11.057709
1615	11.057709
1616	11.057709
1617	11.057709
1618	11.057709
1619	11.057709
1620	11.057709
1621	11.057709
1622	11.057709
1623	11.057709
1624	11.057709
1625	11.057709
1626	11.057709
1627	11.057709
1628	11.066808
1629	11.066808
1630	11.066808
1631	11.066808
1632	11.066808
1633	11.066808
1634	11.066808
1635	11.066808
1636	11.066808
1637	11.066808
1638	11.066808
1639	11.066808
1640	11.066808
1641	11.066808
1642	11.066808
1643	11.066808
1644	11.066808
1645	11.066808
1646	11.066808
1647	11.066808
1648	11.066808
1649	11.066808
1650	11.066808
1651	11.066808
1652	11.066808
1653	11.066808
1654	11.066808
1655	11.066808
1656	11.066808
1657	11.066808
1658	11.066808
1659	11.066808
1660	11.066808
1661	11.06442
1662	11.06442
1663	11.06442
1664	11.06442
1665	11.06442
1666	11.06442
1667	11.06442
1668	11.06442
1669	11.06442
1670	11.06442
1671	11.06442
1672	11.06442
1673	11.083126
1674	11.083126
1675	11.083126
1676	11.083126
1677	11.083126
1678	11.083126
1679	11.083126
1680	11.083126
1681	11.083126
1682	11.083126
1683	11.083126
1684	11.083126
1685	11.083126
1686	11.083126
1687	11.083126
1688	11.083126
1689	11.083126
1690	11.083126
1691	11.083126
1692	11.083126
1693	11.083126
1694	11.083126
1695	11.083126
1696	11.083126
1697	11.083126
1698	11.083126
1699	11.083126
1700	11.083126
1701	11.083126
1702	11.083126
1703	11.083126
1704	11.083126
1705	11.083126
1706	11.083126
1707	11.083126
1708	11.083126
1709	11.083126
1710	11.083126
1711	11.083126
1712	11.083126
1713	11.083126
1714	11.083126
1715	11.083126
1716	11.083126
1717	11.083126
1718	11.083126
1719	11.083126
1720	11.083126
1721	11.083126
1722	11.083126
1723	11.083126
1724	11.083126
1725	11.083126
1726	11.083126
1727	11.083126
1728	11.083126
1729	11.083126
1730	11.083126
1731	11.083126
1732	11.083126
1733	11.083126
1734	11.083126
1735	11.083126
1736	11.083126
1737	11.083126
1738	11.083126
1739	11.083126
1740	11.083126
1741	11.083126
1742	11.083126
1743	11.083126
1744	11.083126
1745	11.083126
1746	11.083126
1747	11.083126
1748	11.083126
1749	11.083126
1750	11.083126
1751	11.083126
1752	11.083126
1753	11.083126
1754	11.083126
1755	11.083126
1756	11.083126
1757	11.083126
1758	11.083126
1759	11.083126
1760	11.083126
1761	11.083126
1762	11.083126
1763	11.083126
1764	11.083126
1765	11.083126
1766	11.083126
1767	11.083126
1768	11.083126
1769	11.083126
1770	11.083126
1771	11.083126
1772	11.083126
1773	11.083126
1774	11.083126
1775	11.083126
1776	11.083126
1777	11.083126
1778	11.083126
1779	11.083126
1780	11.083126
1781	11.083126
1782	11.083126
1783	11.083126
1784	11.083126
1785	11.083126
1786	11.083126
1787	11.083126
1788	11.083126
1789	11.083126
1790	11.083126
1791	11.083126
1792	11.083126
1793	11.083126
1794	11.083126
1795	11.083126
1796	11.083126
1797	11.083126
1798	11.083126
1799	11.083126
1800	11.083126
1801	11.083126
1802	11.083126
1803	11.083126
1804	11.083126
1805	11.083126
1806	11.083126
1807	11.083126
1808	11.083126
1809	11.083126
1810	11.083126
1811	11.083126
1812	11.083126
1813	11.074106
1814	11.074106
1815	11.074106
1816	11.074106
1817	11.074106
1818	11.074106
1819	11.074106
1820	11.074106
1821	11.074106
1822	11.074106
1823	11.074106
1824	11.074106
1825	11.074106
1826	11.074106
1827	11.074106
1828	11.074106
1829	11.074106
1830	11.074106
1831	11.074106
1832	11.074106
1833	11.074106
1834	11.074106
1835	11.074106
1836	11.074106
1837	11.074106
1838	11.073708
1839	11.073708
1840	11.073708
1841	11.073708
1842	11.073708
1843	11.073708
1844	11.073708
1845	11.073708
1846	11.073708
1847	11.073708
1848	11.073708
1849	11.073708
1850	11.073708
1851	11.073708
1852	11.073708
1853	11.073708
1854	11.073708
1855	11.073708
1856	11.073708
1857	11.087837
1858	11.087837
1859	11.087837
1860	11.087837
1861	11.087837
1862	11.087837
1863	11.087837
1864	11.087837
1865	11.087837
1866	11.087837
1867	11.087837
1868	11.087837
1869	11.087837
1870	11.087837
1871	11.087837
1872	11.087837
1873	11.087837
1874	11.087837
1875	11.087837
1876	11.087837
1877	11.087837
1878	11.087837
1879	11.087837
1880	11.087837
1881	11.087837
1882	11.087837
1883	11.087837
1884	11.087837
1885	11.087837
1886	11.087837
1887	11.087837
1888	11.087837
1889	11.087837
1890	11.087837
1891	11.132612
1892	11.132612
1893	11.132612
1894	11.132612
1895	11.132612
1896	11.132612
1897	11.132612
1898	11.132612
1899	11.132612
1900	11.132612
1901	11.132612
1902	11.132612
1903	11.132612
1904	11.132612
1905	11.132612
1906	11.132612
1907	11.132612
1908	11.132612
1909	11.132612
1910	11.132612
1911	11.132612
1912	11.132612
1913	11.132612
1914	11.132612
1915	11.132612
1916	11.132612
1917	11.132612
1918	11.132612
1919	11.132612
1920	11.132612
1921	11.132612
1922	11.132612
1923	11.132612
1924	11.132612
1925	11.132612
1926	11.132612
1927	11.132612
1928	11.132612
1929	11.132612
1930	11.132612
1931	11.132612
1932	11.132612
1933	11.132612
1934	11.132612
1935	11.132612
1936	11.132612
1937	11.132612
1938	11.132612
1939	11.132612
1940	11.132612
1941	11.132612
1942	11.132612
1943	11.132612
1944	11.132612
1945	11.132612
1946	11.132612
1947	11.132612
1948	11.132612
1949	11.132612
1950	11.132612
1951	11.132612
1952	11.132612
1953	11.132612
1954	11.132612
1955	11.132612
1956	11.132612
1957	11.132612
1958	11.132612
1959	11.132612
1960	11.132612
1961	11.132612
1962	11.132612
1963	11.132612
1964	11.132612
1965	11.132612
1966	11.132612
1967	11.132612
1968	11.132612
1969	11.132612
1970	11.132612
1971	11.132612
1972	11.132612
1973	11.132612
1974	11.132612
1975	11.132612
1976	11.132612
1977	11.132612
1978	11.132612
1979	11.132612
1980	11.132612
1981	11.132612
1982	11.132612
1983	11.132612
1984	11.132612
1985	11.132612
1986	11.132612
1987	11.132612
1988	11.132612
1989	11.132612
1990	11.132612
1991	11.132612
1992	11.132612
1993	11.132612
1994	11.132612
1995	11.132612
1996	11.132612
1997	11.132612
1998	11.132612
1999	11.132612
2000	11.132612
2001	11.132612
2002	11.132612
2003	11.132612
2004	11.132612
2005	11.132612
2006	11.132612
2007	11.132612
2008	11.132612
2009	11.132612
2010	11.132612
2011	11.132612
2012	11.132612
2013	11.132612
2014	11.132612
2015	11.132612
2016	11.132612
2017	11.132612
2018	11.132612
2019	11.132612
2020	11.132612
2021	11.132612
2022	11.132612
2023	11.132612
2024	11.132612
2025	11.132612
2026	11.132612
2027	11.132612
2028	11.132612
2029	11.132612
2030	11.132612
2031	11.132612
2032	11.132612
2033	11.132612
2034	11.132612
2035	11.132612
2036	11.132612
2037	11.132612
2038	11.132612
2039	11.132612
2040	11.132612
2041	11.132612
2042	11.132612
2043	11.132612
2044	11.132612
2045	11.132612
2046	11.132612
2047	11.132612
2048	11.132612
2049	11.132612
2050	11.132612
2051	11.132612
2052	11.132612
2053	11.132612
2054	11.132612
2055	11.132612
2056	11.132612
2057	11.132612
2058	11.132612
2059	11.132612
2060	11.132612
2061	11.132612
2062	11.132612
2063	11.132612
2064	11.132612
2065	11.132612
2066	11.132612
2067	11.132612
2068	11.132612
2069	11.132612
2070	11.132612
2071	11.13898
2072	11.13898
2073	11.13898
2074	11.13898
2075	11.13898
2076	11.13898
2077	11.13898
2078	11.13898
2079	11.13898
2080	11.13898
2081	11.13898
2082	11.13898
2083	11.13898
2084	11.13898
2085	11.13898
2086	11.13898
2087	11.13898
2088	11.13898
2089	11.13898
2090	11.13898
2091	11.13898
2092	11.13898
2093	11.13898
2094	11.13898
2095	11.13898
2096	11.13898
2097	11.13898
2098	11.13898
2099	11.13898
2100	11.13898
2101	11.13898
2102	11.13898
2103	11.13898
2104	11.13898
2105	11.13898
2106	11.13898
2107	11.13898
2108	11.13898
2109	11.13898
2110	11.13898
2111	11.13898
2112	11.13898
2113	11.13898
2114	11.13898
2115	11.13898
2116	11.13898
2117	11.13898
2118	11.13898
2119	11.13898
2120	11.13898
2121	11.13898
2122	11.13898
2123	11.13898
2124	11.13898
2125	11.13898
2126	11.13898
2127	11.13898
2128	11.13898
2129	11.13898
2130	11.13898
2131	11.13898
2132	11.13898
2133	11.13898
2134	11.13898
2135	11.13898
2136	11.13898
2137	11.13898
2138	11.13898
2139	11.13898
2140	11.13898
2141	11.13898
2142	11.13898
2143	11.13898
2144	11.13898
2145	11.13898
2146	11.13898
2147	11.13898
2148	11.13898
2149	11.13898
2150	11.13898
2151	11.13898
2152	11.13898
2153	11.13898
2154	11.13898
2155	11.13898
2156	11.13898
2157	11.13898
2158	11.13898
2159	11.13898
2160	11.13898
2161	11.13898
2162	11.13898
2163	11.13898
2164	11.13898
2165	11.13898
2166	11.129881
2167	11.129881
2168	11.129881
2169	11.129881
2170	11.129881
2171	11.129881
2172	11.129881
2173	11.129881
2174	11.129881
2175	11.129881
2176	11.129881
2177	11.129881
2178	11.129881
2179	11.129881
2180	11.129881
2181	11.129881
2182	11.129881
2183	11.129881
2184	11.129881
2185	11.129881
2186	11.129881
2187	11.129881
2188	11.129881
2189	11.129881
2190	11.129881
2191	11.129881
2192	11.129881
2193	11.129881
2194	11.129881
2195	11.129881
2196	11.129881
2197	11.129881
2198	11.129881
2199	11.129881
2200	11.129881
2201	11.129881
2202	11.129881
2203	11.129881
2204	11.129881
2205	11.129881
2206	11.129881
2207	11.129881
2208	11.129881
2209	11.129881
2210	11.129881
2211	11.129881
2212	11.129881
2213	11.129881
2214	11.129881
2215	11.135254
2216	11.135254
2217	11.135254
2218	11.135254
2219	11.135254
2220	11.135254
2221	11.135254
2222	11.135254
2223	11.129881
2224	11.129881
2225	11.129881
2226	11.129881
2227	11.129881
2228	11.129881
2229	11.129881
2230	11.129881
2231	11.129881
2232	11.129881
2233	11.129881
2234	11.129881
2235	11.129881
2236	11.129881
2237	11.129881
2238	11.129881
2239	11.129881
2240	11.129881
2241	11.129881
2242	11.129881
2243	11.129881
2244	11.129881
2245	11.129881
2246	11.129881
2247	11.129881
2248	11.129881
2249	11.129881
2250	11.129881
2251	11.129881
2252	11.129881
2253	11.129881
2254	11.129881
2255	11.129881
2256	11.129881
2257	11.129881
2258	11.129881
2259	11.129881
2260	11.129881
2261	11.129881
2262	11.129881
2263	11.129881
2264	11.129881
2265	11.129881
2266	11.129881
2267	11.129881
2268	11.129881
2269	11.129881
2270	11.129881
2271	11.129881
2272	11.129881
2273	11.129881
2274	11.129881
2275	11.129881
2276	11.129881
2277	11.129881
2278	11.129881
2279	11.129881
2280	11.129881
2281	11.129881
2282	11.129881
2283	11.129881
2284	11.129881
2285	11.129881
2286	11.129881
2287	11.129881
2288	11.129881
2289	11.129881
2290	11.129881
2291	11.129881
2292	11.129881
2293	11.129881
2294	11.129881
2295	11.129881
2296	11.129881
2297	11.129881
2298	11.129881
2299	11.129881
2300	11.129881
2301	11.129881
2302	11.129881
2303	11.129881
2304	11.129881
2305	11.129881
2306	11.129881
2307	11.129881
2308	11.129881
2309	11.129881
2310	11.129881
2311	11.129881
2312	11.129881
2313	11.129881
2314	11.129881
2315	11.129881
2316	11.129881
2317	11.129881
2318	11.129881
2319	11.129881
2320	11.129881
2321	11.129881
2322	11.129881
2323	11.129881
2324	11.129881
2325	11.129881
2326	11.129881
2327	11.129881
2328	11.129881
2329	11.129881
2330	11.129881
2331	11.129881
2332	11.129881
2333	11.129881
2334	11.129881
2335	11.129881
2336	11.129881
2337	11.129881
2338	11.129881
2339	11.129881
2340	11.129881
2341	11.129881
2342	11.129881
2343	11.129881
2344	11.129881
2345	11.129881
2346	11.129881
2347	11.129881
2348	11.129881
2349	11.129881
2350	11.129881
2351	11.129881
2352	11.129881
2353	11.129881
2354	11.129881
2355	11.129881
2356	11.129881
2357	11.129881
2358	11.129881
2359	11.129881
2360	11.129881
2361	11.129881
2362	11.129881
2363	11.129881
2364	11.129881
2365	11.129881
2366	11.129881
2367	11.129881
2368	11.129881
2369	11.129881
2370	11.129881
2371	11.129881
2372	11.129881
2373	11.129881
2374	11.129881
2375	11.129881
2376	11.129881
2377	11.129881
2378	11.129881
2379	11.129881
2380	11.129881
2381	11.129881
2382	11.129881
2383	11.129881
2384	11.129881
2385	11.129881
2386	11.129881
2387	11.129881
2388	11.129881
2389	11.129881
2390	11.129881
2391	11.129881
2392	11.129881
2393	11.129881
2394	11.129881
2395	11.129881
2396	11.129881
2397	11.129881
2398	11.129881
2399	11.129881
2400	11.129881
2401	11.129881
2402	11.129881
2403	11.129881
2404	11.129881
2405	11.129881
2406	11.129881
2407	11.129881
2408	11.129881
2409	11.129881
2410	11.129881
2411	11.129881
2412	11.129881
2413	11.129881
2414	11.129881
2415	11.129881
2416	11.129881
2417	11.129881
2418	11.129881
2419	11.129881
2420	11.129881
2421	11.129881
2422	11.129881
2423	11.129881
2424	11.129881
2425	11.129881
2426	11.129881
2427	11.129881
2428	11.129881
2429	11.129881
2430	11.129881
2431	11.129881
2432	11.129881
2433	11.129881
2434	11.129881
2435	11.129881
2436	11.129881
2437	11.129881
2438	11.129881
2439	11.129881
2440	11.129881
2441	11.129881
2442	11.129881
2443	11.129881
2444	11.129881
2445	11.129881
2446	11.129881
2447	11.129881
2448	11.129881
2449	11.129881
2450	11.129881
2451	11.129881
2452	11.129881
2453	11.129881
2454	11.129881
2455	11.129881
2456	11.129881
2457	11.129881
2458	11.129881
2459	11.129881
2460	11.129881
2461	11.129881
2462	11.129881
2463	11.129881
2464	11.129881
2465	11.129881
2466	11.129881
2467	11.129881
2468	11.129881
2469	11.129881
2470	11.129881
2471	11.129881
2472	11.129881
2473	11.129881
2474	11.129881
2475	11.129881
2476	11.129881
2477	11.129881
2478	11.129881
2479	11.129881
2480	11.129881
2481	11.129881
2482	11.129881
2483	11.129881
2484	11.129881
2485	11.129881
2486	11.129881
2487	11.129881
2488	11.129881
2489	11.129881
2490	11.129881
2491	11.129881
2492	11.129881
2493	11.129881
2494	11.129881
2495	11.129881
2496	11.129881
2497	11.129881
2498	11.129881
2499	11.129881
2500	11.129881
2501	11.129881
2502	11.129881
2503	11.129881
2504	11.129881
2505	11.129881
2506	11.129881
2507	11.129881
2508	11.129881
2509	11.129881
2510	11.129881
2511	11.129881
2512	11.129881
2513	11.129881
2514	11.129881
2515	11.129881
2516	11.129881
2517	11.129881
2518	11.129881
2519	11.129881
2520	11.129881
2521	11.129881
2522	11.129881
2523	11.129881
2524	11.129881
2525	11.129881
2526	11.129881
2527	11.129881
2528	11.129881
2529	11.129881
2530	11.129881
2531	11.129881
2532	11.129881
2533	11.129881
2534	11.129881
2535	11.129881
2536	11.129881
2537	11.129881
2538	11.129881
2539	11.129881
2540	11.129881
2541	11.129881
2542	11.129881
2543	11.129881
2544	11.129881
2545	11.13898
2546	11.13898
2547	11.13898
2548	11.13898
2549	11.13898
2550	11.13898
2551	11.13898
2552	11.13898
2553	11.13898
2554	11.13898
2555	11.13898
2556	11.13898
2557	11.13898
2558	11.13898
2559	11.13898
2560	11.13898
2561	11.13898
2562	11.13898
2563	11.13898
2564	11.13898
2565	11.13898
2566	11.13898
2567	11.13898
2568	11.13898
2569	11.13898
2570	11.13898
2571	11.13898
2572	11.13898
2573	11.13898
2574	11.13898
2575	11.13898
2576	11.13898
2577	11.13898
2578	11.13898
2579	11.13898
2580	11.13898
2581	11.13898
2582	11.13898
2583	11.13898
2584	11.13898
2585	11.13898
2586	11.13898
2587	11.13898
2588	11.13898
2589	11.13898
2590	11.13898
2591	11.13898
2592	11.13898
2593	11.13898
2594	11.13898
2595	11.13898
2596	11.13898
2597	11.13898
2598	11.13898
2599	11.13898
2600	11.13898
2601	11.13898
2602	11.13898
2603	11.13898
2604	11.13898
2605	11.13898
2606	11.13898
2607	11.13898
2608	11.13898
2609	11.13898
2610	11.13898
2611	11.13898
2612	11.13898
2613	11.13898
2614	11.13898
2615	11.13898
2616	11.13898
2617	11.13898
2618	11.13898
2619	11.13898
2620	11.13898
2621	11.13898
2622	11.13898
2623	11.13898
2624	11.13898
2625	11.13898
2626	11.13898
2627	11.13898
2628	11.13898
2629	11.13898
2630	11.13898
2631	11.13898
2632	11.13898
2633	11.13898
2634	11.13898
2635	11.13898
2636	11.13898
2637	11.13898
2638	11.13898
2639	11.13898
2640	11.13898
2641	11.13898
2642	11.13898
2643	11.13898
2644	11.13898
2645	11.13898
2646	11.13898
2647	11.13898
2648	11.13898
2649	11.13898
2650	11.13898
2651	11.13898
2652	11.13898
2653	11.13898
2654	11.13898
2655	11.13898
2656	11.13898
2657	11.13898
2658	11.13898
2659	11.13898
2660	11.13898
2661	11.13898
2662	11.13898
2663	11.13898
2664	11.13898
2665	11.13898
2666	11.13898
2667	11.13898
2668	11.13898
2669	11.13898
2670	11.13898
2671	11.13898
2672	11.13898
2673	11.13898
2674	11.13898
2675	11.13898
2676	11.13898
2677	11.13898
2678	11.13898
2679	11.13898
2680	11.13898
2681	11.13898
2682	11.13898
2683	11.13898
2684	11.13898
2685	11.13898
2686	11.13898
2687	11.13898
2688	11.13898
2689	11.13898
2690	11.13898
2691	11.13898
2692	11.13898
2693	11.13898
2694	11.13898
2695	11.13898
2696	11.13898
2697	11.13898
2698	11.13898
2699	11.13898
2700	11.13898
2701	11.13898
2702	11.13898
2703	11.13898
2704	11.13898
2705	11.13898
2706	11.13898
2707	11.13898
2708	11.13898
2709	11.13898
2710	11.13898
2711	11.13898
2712	11.13898
2713	11.13898
2714	11.13898
2715	11.13898
2716	11.13898
2717	11.13898
2718	11.13898
2719	11.13898
2720	11.13898
2721	11.13898
2722	11.13898
2723	11.13898
2724	11.13898
2725	11.13898
2726	11.13898
2727	11.13898
2728	11.13898
2729	11.13898
2730	11.13898
2731	11.13898
2732	11.13898
2733	11.13898
2734	11.13898
2735	11.13898
2736	11.13898
2737	11.13898
2738	11.13898
2739	11.13898
2740	11.13898
2741	11.13898
2742	11.13898
2743	11.13898
2744	11.13898
2745	11.13898
2746	11.13898
2747	11.13898
2748	11.13898
2749	11.13898
2750	11.13898
2751	11.13898
2752	11.13898
2753	11.13898
2754	11.13898
2755	11.13898
2756	11.13898
2757	11.13898
2758	11.13898
2759	11.13898
2760	11.13898
2761	11.13898
2762	11.13898
2763	11.13898
2764	11.13898
2765	11.13898
2766	11.13898
2767	11.13898
2768	11.13898
2769	11.13898
2770	11.13898
2771	11.13898
2772	11.13898
2773	11.13898
2774	11.13898
2775	11.13898
2776	11.13898
2777	11.13898
2778	11.13898
2779	11.13898
2780	11.13898
2781	11.13898
2782	11.13898
2783	11.13898
2784	11.13898
2785	11.13898
2786	11.13898
2787	11.13898
2788	11.13898
2789	11.13898
2790	11.13898
2791	11.13898
2792	11.13898
2793	11.13898
2794	11.13898
2795	11.13898
2796	11.13898
2797	11.13898
2798	11.13898
2799	11.13898
2800	11.13898
2801	11.13898
2802	11.13898
2803	11.13898
2804	11.13898
2805	11.13898
2806	11.13898
2807	11.13898
2808	11.13898
2809	11.13898
2810	11.13898
2811	11.13898
2812	11.13898
2813	11.13898
2814	11.13898
2815	11.13898
2816	11.13898
2817	11.13898
2818	11.13898
2819	11.13898
2820	11.13898
2821	11.13898
2822	11.13898
2823	11.13898
2824	11.13898
2825	11.13898
2826	11.13898
2827	11.13898
2828	11.13898
2829	11.13898
2830	11.13898
2831	11.13898
2832	11.13898
2833	11.13898
2834	11.13898
2835	11.13898
2836	11.13898
2837	11.13898
2838	11.13898
2839	11.13898
2840	11.13898
2841	11.13898
2842	11.13898
2843	11.13898
2844	11.13898
2845	11.13898
2846	11.13898
2847	11.13898
2848	11.13898
2849	11.13898
2850	11.13898
2851	11.13898
2852	11.13898
2853	11.13898
2854	11.13898
2855	11.13898
2856	11.13898
2857	11.13898
2858	11.13898
2859	11.13898
2860	11.13898
2861	11.13898
2862	11.13898
2863	11.13898
2864	11.13898
2865	11.13898
2866	11.13898
2867	11.13898
2868	11.13898
2869	11.13898
2870	11.13898
2871	11.13898
2872	11.13898
2873	11.13898
2874	11.13898
2875	11.13898
2876	11.13898
2877	11.13898
2878	11.13898
2879	11.13898
2880	11.13898
2881	11.13898
2882	11.13898
2883	11.13898
2884	11.13898
2885	11.13898
2886	11.13898
2887	11.13898
2888	11.13898
2889	11.13898
2890	11.13898
2891	11.13898
2892	11.13898
2893	11.13898
2894	11.13898
2895	11.13898
2896	11.13898
2897	11.13898
2898	11.13898
2899	11.13898
2900	11.13898
2901	11.13898
2902	11.13898
2903	11.13898
2904	11.13898
2905	11.13898
2906	11.13898
2907	11.13898
2908	11.13898
2909	11.13898
2910	11.13898
2911	11.13898
2912	11.13898
2913	11.13898
2914	11.13898
2915	11.13898
2916	11.13898
2917	11.13898
2918	11.13898
2919	11.13898
2920	11.13898
2921	11.13898
2922	11.13898
2923	11.13898
2924	11.13898
2925	11.13898
2926	11.13898
2927	11.13898
2928	11.13898
2929	11.13898
2930	11.13898
2931	11.13898
2932	11.13898
2933	11.13898
2934	11.13898
2935	11.13898
2936	11.13898
2937	11.13898
2938	11.13898
2939	11.13898
2940	11.13898
2941	11.13898
2942	11.13898
2943	11.13898
2944	11.13898
2945	11.13898
2946	11.13898
2947	11.13898
2948	11.13898
2949	11.13898
2950	11.13898
2951	11.13898
2952	11.13898
2953	11.13898
2954	11.13898
2955	11.13898
2956	11.13898
2957	11.13898
2958	11.13898
2959	11.13898
2960	11.13898
2961	11.13898
2962	11.13898
2963	11.13898
2964	11.13898
2965	11.13898
2966	11.13898
2967	11.13898
2968	11.13898
2969	11.13898
2970	11.13898
2971	11.13898
2972	11.13898
2973	11.13898
2974	11.13898
2975	11.13898
2976	11.13898
2977	11.13898
2978	11.13898
2979	11.13898
2980	11.13898
2981	11.13898
2982	11.13898
2983	11.13898
2984	11.13898
2985	11.13898
2986	11.13898
2987	11.13898
2988	11.13898
2989	11.13898
2990	11.13898
2991	11.13898
2992	11.13898
2993	11.13898
2994	11.13898
2995	11.13898
2996	11.13898
2997	11.13898
2998	11.13898
2999	11.13898
3000	11.13898
3001	11.13898
3002	11.13898
3003	11.13898
3004	11.13898
3005	11.13898
3006	11.13898
3007	11.13898
3008	11.13898
3009	11.13898
3010	11.13898
3011	11.13898
3012	11.13898
3013	11.13898
3014	11.13898
3015	11.13898
3016	11.13898
3017	11.13898
3018	11.13898
3019	11.13898
3020	11.13898
3021	11.13898
3022	11.13898
3023	11.13898
3024	11.13898
3025	11.13898
3026	11.13898
3027	11.13898
3028	11.13898
3029	11.13898
3030	11.13898
3031	11.13898
3032	11.13898
3033	11.13898
3034	11.13898
3035	11.13898
3036	11.13898
3037	11.13898
3038	11.13898
3039	11.13898
3040	11.13898
3041	11.13898
3042	11.13898
3043	11.13898
3044	11.13898
3045	11.13898
3046	11.13898
3047	11.13898
3048	11.13898
3049	11.13898
3050	11.13898
3051	11.13898
3052	11.13898
3053	11.13898
3054	11.13898
3055	11.13898
3056	11.13898
3057	11.13898
3058	11.13898
3059	11.13898
3060	11.13898
3061	11.13898
3062	11.13898
3063	11.13898
3064	11.13898
3065	11.13898
3066	11.13898
3067	11.13898
3068	11.13898
3069	11.13898
3070	11.13898
3071	11.13898
3072	11.13898
3073	11.13898
3074	11.13898
3075	11.13898
3076	11.13898
3077	11.13898
3078	11.13898
3079	11.13898
3080	11.13898
3081	11.13898
3082	11.13898
3083	11.13898
3084	11.13898
3085	11.13898
3086	11.13898
3087	11.13898
3088	11.13898
3089	11.13898
3090	11.13898
3091	11.13898
3092	11.13898
3093	11.13898
3094	11.13898
3095	11.13898
3096	11.13898
3097	11.13898
3098	11.13898
3099	11.13898
3100	11.13898
3101	11.13898
3102	11.13898
3103	11.13898
3104	11.13898
3105	11.13898
3106	11.13898
3107	11.13898
3108	11.13898
3109	11.13898
3110	11.13898
3111	11.13898
3112	11.13898
3113	11.13898
3114	11.13898
3115	11.13898
3116	11.13898
3117	11.13898
3118	11.13898
3119	11.13898
3120	11.13898
3121	11.13898
3122	11.13898
3123	11.13898
3124	11.13898
3125	11.13898
3126	11.13898
3127	11.13898
3128	11.13898
3129	11.13898
3130	11.13898
3131	11.13898
3132	11.13898
3133	11.13898
3134	11.13898
3135	11.13898
3136	11.13898
3137	11.13898
3138	11.13898
3139	11.13898
3140	11.13898
3141	11.13898
3142	11.13898
3143	11.13898
3144	11.13898
3145	11.13898
3146	11.13898
3147	11.13898
3148	11.13898
3149	11.13898
3150	11.13898
3151	11.13898
3152	11.13898
3153	11.13898
3154	11.13898
3155	11.13898
3156	11.13898
3157	11.13898
3158	11.13898
3159	11.13898
3160	11.13898
3161	11.13898
3162	11.13898
3163	11.13898
3164	11.13898
3165	11.13898
3166	11.13898
3167	11.13898
3168	11.13898
3169	11.13898
3170	11.13898
3171	11.13898
3172	11.13898
3173	11.13898
3174	11.13898
3175	11.13898
3176	11.13898
3177	11.13898
3178	11.13898
3179	11.13898
3180	11.13898
3181	11.13898
3182	11.13898
3183	11.13898
3184	11.13898
3185	11.13898
3186	11.13898
3187	11.13898
3188	11.13898
3189	11.13898
3190	11.13898
3191	11.13898
3192	11.13898
3193	11.13898
3194	11.13898
3195	11.13898
3196	11.13898
3197	11.13898
3198	11.13898
3199	11.13898
3200	11.13898
3201	11.13898
3202	11.13898
3203	11.13898
3204	11.13898
3205	11.13898
3206	11.13898
3207	11.13898
3208	11.13898
3209	11.13898
3210	11.13898
3211	11.13898
3212	11.13898
3213	11.13898
3214	11.13898
3215	11.13898
3216	11.13898
3217	11.13898
3218	11.13898
3219	11.13898
3220	11.13898
3221	11.13898
3222	11.13898
3223	11.13898
3224	11.13898
3225	11.13898
3226	11.13898
3227	11.13898
3228	11.13898
3229	11.13898
3230	11.13898
3231	11.13898
3232	11.13898
3233	11.13898
3234	11.13898
3235	11.13898
3236	11.13898
3237	11.13898
3238	11.13898
3239	11.13898
3240	11.13898
3241	11.13898
3242	11.13898
3243	11.13898
3244	11.13898
3245	11.13898
3246	11.13898
3247	11.13898
3248	11.13898
3249	11.13898
3250	11.13898
3251	11.13898
3252	11.13898
3253	11.13898
3254	11.13898
3255	11.13898
3256	11.13898
3257	11.13898
3258	11.13898
3259	11.13898
3260	11.13898
3261	11.13898
3262	11.13898
3263	11.13898
3264	11.13898
3265	11.13898
3266	11.13898
3267	11.13898
3268	11.13898
3269	11.13898
3270	11.13898
3271	11.13898
3272	11.13898
3273	11.13898
3274	11.13898
3275	11.13898
3276	11.13898
3277	11.13898
3278	11.13898
3279	11.13898
3280	11.13898
3281	11.13898
3282	11.13898
3283	11.13898
3284	11.13898
3285	11.13898
3286	11.13898
3287	11.13898
3288	11.13898
3289	11.13898
3290	11.13898
3291	11.13898
3292	11.13898
3293	11.13898
3294	11.13898
3295	11.13898
3296	11.13898
3297	11.13898
3298	11.13898
3299	11.13898
3300	11.13898
3301	11.13898
3302	11.13898
3303	11.13898
3304	11.13898
3305	11.13898
3306	11.13898
3307	11.13898
3308	11.13898
3309	11.13898
3310	11.13898
3311	11.13898
3312	11.13898
3313	11.13898
3314	11.13898
3315	11.13898
3316	11.13898
3317	11.13898
3318	11.13898
3319	11.13898
3320	11.13898
3321	11.13898
3322	11.13898
3323	11.13898
3324	11.13898
3325	11.13898
3326	11.13898
3327	11.13898
3328	11.13898
3329	11.13898
3330	11.13898
3331	11.13898
3332	11.13898
3333	11.13898
3334	11.13898
3335	11.13898
3336	11.13898
3337	11.13898
3338	11.13898
3339	11.13898
3340	11.13898
3341	11.13898
3342	11.13898
3343	11.13898
3344	11.13898
3345	11.13898
3346	11.13898
3347	11.13898
3348	11.13898
3349	11.13898
3350	11.13898
3351	11.13898
3352	11.13898
3353	11.13898
3354	11.13898
3355	11.13898
3356	11.13898
3357	11.13898
3358	11.13898
3359	11.13898
3360	11.13898
3361	11.13898
3362	11.13898
3363	11.13898
3364	11.13898
3365	11.13898
3366	11.13898
3367	11.13898
3368	11.13898
3369	11.13898
3370	11.13898
3371	11.13898
3372	11.13898
3373	11.13898
3374	11.13898
3375	11.13898
3376	11.13898
3377	11.13898
3378	11.13898
3379	11.13898
3380	11.13898
3381	11.13898
3382	11.13898
3383	11.13898
3384	11.13898
3385	11.13898
3386	11.13898
3387	11.13898
3388	11.13898
3389	11.13898
3390	11.13898
3391	11.13898
3392	11.13898
3393	11.13898
3394	11.13898
3395	11.13898
3396	11.13898
3397	11.13898
3398	11.13898
3399	11.13898
3400	11.13898
3401	11.13898
3402	11.13898
3403	11.13898
3404	11.13898
3405	11.13898
3406	11.13898
3407	11.13898
3408	11.13898
3409	11.13898
3410	11.13898
3411	11.13898
3412	11.13898
3413	11.13898
3414	11.13898
3415	11.13898
3416	11.13898
3417	11.13898
3418	11.13898
3419	11.13898
3420	11.13898
3421	11.13898
3422	11.13898
3423	11.13898
3424	11.13898
3425	11.13898
3426	11.13898
3427	11.13898
3428	11.13898
3429	11.13898
3430	11.13898
3431	11.13898
3432	11.13898
3433	11.13898
3434	11.13898
3435	11.13898
3436	11.13898
3437	11.13898
3438	11.13898
3439	11.13898
3440	11.13898
3441	11.13898
3442	11.13898
3443	11.13898
3444	11.13898
3445	11.13898
3446	11.13898
3447	11.13898
3448	11.13898
3449	11.13898
3450	11.13898
3451	11.13898
3452	11.13898
3453	11.13898
3454	11.13898
3455	11.13898
3456	11.13898
3457	11.13898
3458	11.13898
3459	11.13898
3460	11.13898
3461	11.13898
3462	11.13898
3463	11.13898
3464	11.13898
3465	11.13898
3466	11.13898
3467	11.13898
3468	11.13898
3469	11.13898
3470	11.13898
3471	11.13898
3472	11.13898
3473	11.13898
3474	11.13898
3475	11.13898
3476	11.13898
3477	11.13898
3478	11.13898
3479	11.13898
3480	11.13898
3481	11.13898
3482	11.13898
3483	11.13898
3484	11.13898
3485	11.13898
3486	11.13898
3487	11.13898
3488	11.13898
3489	11.13898
3490	11.13898
3491	11.13898
3492	11.13898
3493	11.13898
3494	11.13898
3495	11.13898
3496	11.13898
3497	11.13898
3498	11.13898
3499	11.13898
3500	11.13898
3501	11.13898
3502	11.13898
3503	11.13898
3504	11.13898
3505	11.13898
3506	11.13898
3507	11.13898
3508	11.13898
3509	11.13898
3510	11.13898
3511	11.13898
3512	11.13898
3513	11.13898
3514	11.13898
3515	11.13898
3516	11.13898
3517	11.13898
3518	11.13898
3519	11.13898
3520	11.13898
3521	11.13898
3522	11.13898
3523	11.13898
3524	11.13898
3525	11.13898
3526	11.13898
3527	11.13898
3528	11.13898
3529	11.13898
3530	11.13898
3531	11.13898
3532	11.13898
3533	11.13898
3534	11.13898
3535	11.13898
3536	11.13898
3537	11.13898
3538	11.13898
3539	11.13898
3540	11.13898
3541	11.13898
3542	11.13898
3543	11.13898
3544	11.13898
3545	11.13898
3546	11.13898
3547	11.13898
3548	11.13898
3549	11.13898
3550	11.13898
3551	11.13898
3552	11.13898
3553	11.13898
3554	11.13898
3555	11.13898
3556	11.13898
3557	11.13898
3558	11.13898
3559	11.13898
3560	11.13898
3561	11.13898
3562	11.13898
3563	11.13898
3564	11.13898
3565	11.13898
3566	11.13898
3567	11.13898
3568	11.13898
3569	11.13898
3570	11.13898
3571	11.13898
3572	11.13898
3573	11.13898
3574	11.13898
3575	11.13898
3576	11.13898
3577	11.13898
3578	11.13898
3579	11.13898
3580	11.13898
3581	11.13898
3582	11.13898
3583	11.13898
3584	11.13898
3585	11.13898
3586	11.13898
3587	11.13898
3588	11.13898
3589	11.13898
3590	11.13898
3591	11.13898
3592	11.13898
3593	11.13898
3594	11.13898
3595	11.13898
3596	11.13898
3597	11.13898
3598	11.13898
3599	11.13898
3600	11.13898
3601	11.13898
3602	11.13898
3603	11.13898
3604	11.13898
3605	11.13898
3606	11.13898
3607	11.13898
3608	11.13898
3609	11.13898
3610	11.13898
3611	11.13898
3612	11.13898
3613	11.13898
3614	11.13898
3615	11.13898
3616	11.13898
3617	11.13898
3618	11.13898
3619	11.13898
3620	11.13898
3621	11.13898
3622	11.13898
3623	11.13898
3624	11.13898
3625	11.13898
3626	11.13898
3627	11.13898
3628	11.13898
3629	11.13898
3630	11.13898
3631	11.13898
3632	11.13898
3633	11.13898
3634	11.13898
3635	11.13898
3636	11.13898
3637	11.13898
3638	11.13898
3639	11.13898
3640	11.13898
3641	11.13898
3642	11.13898
3643	11.13898
3644	11.13898
3645	11.13898
3646	11.13898
3647	11.13898
3648	11.13898
3649	11.13898
3650	11.13898
3651	11.13898
3652	11.13898
3653	11.13898
3654	11.13898
3655	11.13898
3656	11.13898
3657	11.13898
3658	11.13898
3659	11.13898
3660	11.13898
3661	11.13898
3662	11.13898
3663	11.13898
3664	11.13898
3665	11.13898
3666	11.13898
3667	11.13898
3668	11.13898
3669	11.13898
3670	11.13898
3671	11.13898
3672	11.13898
3673	11.13898
3674	11.13898
3675	11.13898
3676	11.13898
3677	11.13898
3678	11.13898
3679	11.13898
3680	11.13898
3681	11.13898
3682	11.13898
3683	11.13898
3684	11.13898
3685	11.13898
3686	11.13898
3687	11.13898
3688	11.13898
3689	11.13898
3690	11.13898
3691	11.13898
3692	11.13898
3693	11.13898
3694	11.13898
3695	11.13898
3696	11.13898
3697	11.13898
3698	11.13898
3699	11.13898
3700	11.13898
3701	11.13898
3702	11.13898
3703	11.13898
3704	11.13898
3705	11.13898
3706	11.13898
3707	11.13898
3708	11.13898
3709	11.13898
3710	11.13898
3711	11.13898
3712	11.13898
3713	11.13898
3714	11.13898
3715	11.13898
3716	11.13898
3717	11.13898
3718	11.13898
3719	11.13898
3720	11.13898
3721	11.13898
3722	11.13898
3723	11.13898
3724	11.13898
3725	11.13898
3726	11.13898
3727	11.13898
3728	11.13898
3729	11.13898
3730	11.13898
3731	11.13898
3732	11.13898
3733	11.13898
3734	11.13898
3735	11.13898
3736	11.13898
3737	11.13898
3738	11.13898
3739	11.13898
3740	11.13898
3741	11.13898
3742	11.13898
3743	11.13898
3744	11.13898
3745	11.13898
3746	11.13898
3747	11.13898
3748	11.13898
3749	11.13898
3750	11.13898
3751	11.13898
3752	11.13898
3753	11.13898
3754	11.13898
3755	11.13898
3756	11.13898
3757	11.13898
3758	11.13898
3759	11.13898
3760	11.13898
3761	11.13898
3762	11.13898
3763	11.13898
3764	11.13898
3765	11.13898
3766	11.13898
3767	11.13898
3768	11.13898
3769	11.13898
3770	11.13898
3771	11.13898
3772	11.13898
3773	11.13898
3774	11.13898
3775	11.13898
3776	11.13898
3777	11.13898
3778	11.13898
3779	11.13898
3780	11.13898
3781	11.13898
3782	11.13898
3783	11.13898
3784	11.13898
3785	11.13898
3786	11.13898
3787	11.13898
3788	11.13898
3789	11.13898
3790	11.13898
3791	11.13898
3792	11.13898
3793	11.13898
3794	11.13898
3795	11.13898
3796	11.13898
3797	11.13898
3798	11.13898
3799	11.13898
3800	11.13898
3801	11.13898
3802	11.13898
3803	11.13898
3804	11.13898
3805	11.13898
3806	11.13898
3807	11.13898
3808	11.13898
3809	11.13898
3810	11.13898
3811	11.13898
3812	11.13898
3813	11.13898
3814	11.13898
3815	11.13898
3816	11.13898
3817	11.13898
3818	11.13898
3819	11.13898
3820	11.13898
3821	11.13898
3822	11.13898
3823	11.13898
3824	11.13898
3825	11.13898
3826	11.13898
3827	11.13898
3828	11.13898
3829	11.13898
3830	11.13898
3831	11.13898
3832	11.13898
3833	11.13898
3834	11.13898
3835	11.13898
3836	11.13898
3837	11.13898
3838	11.13898
3839	11.13898
3840	11.13898
3841	11.13898
3842	11.13898
3843	11.13898
3844	11.13898
3845	11.13898
3846	11.13898
3847	11.13898
3848	11.13898
3849	11.13898
3850	11.13898
3851	11.13898
3852	11.13898
3853	11.13898
3854	11.13898
3855	11.13898
3856	11.13898
3857	11.13898
3858	11.13898
3859	11.13898
3860	11.13898
3861	11.13898
3862	11.13898
3863	11.13898
3864	11.13898
3865	11.13898
3866	11.13898
3867	11.13898
3868	11.13898
3869	11.13898
3870	11.13898
3871	11.13898
3872	11.13898
3873	11.13898
3874	11.13898
3875	11.13898
3876	11.13898
3877	11.13898
3878	11.13898
3879	11.13898
3880	11.13898
3881	11.13898
3882	11.13898
3883	11.13898
3884	11.13898
3885	11.13898
3886	11.13898
3887	11.13898
3888	11.13898
3889	11.13898
3890	11.13898
3891	11.13898
3892	11.13898
3893	11.13898
3894	11.13898
3895	11.13898
3896	11.13898
3897	11.13898
3898	11.13898
3899	11.13898
3900	11.13898
3901	11.13898
3902	11.13898
3903	11.13898
3904	11.13898
3905	11.13898
3906	11.13898
3907	11.13898
3908	11.13898
3909	11.13898
3910	11.13898
3911	11.13898
3912	11.13898
3913	11.13898
3914	11.13898
3915	11.13898
3916	11.13898
3917	11.13898
3918	11.13898
3919	11.13898
3920	11.13898
3921	11.13898
3922	11.13898
3923	11.13898
3924	11.13898
3925	11.13898
3926	11.13898
3927	11.13898
3928	11.13898
3929	11.13898
3930	11.13898
3931	11.13898
3932	11.13898
3933	11.13898
3934	11.13898
3935	11.13898
3936	11.13898
3937	11.13898
3938	11.13898
3939	11.13898
3940	11.13898
3941	11.13898
3942	11.13898
3943	11.13898
3944	11.13898
3945	11.13898
3946	11.13898
3947	11.13898
3948	11.13898
3949	11.13898
3950	11.13898
3951	11.13898
3952	11.13898
3953	11.13898
3954	11.13898
3955	11.13898
3956	11.13898
3957	11.13898
3958	11.13898
3959	11.13898
3960	11.13898
3961	11.13898
3962	11.13898
3963	11.13898
3964	11.13898
3965	11.13898
3966	11.13898
3967	11.13898
3968	11.13898
3969	11.13898
3970	11.13898
3971	11.13898
3972	11.13898
3973	11.13898
3974	11.13898
3975	11.13898
3976	11.13898
3977	11.13898
3978	11.13898
3979	11.13898
3980	11.13898
3981	11.13898
3982	11.13898
3983	11.13898
3984	11.13898
3985	11.13898
3986	11.13898
3987	11.13898
3988	11.13898
3989	11.13898
3990	11.13898
3991	11.13898
3992	11.13898
3993	11.13898
3994	11.13898
3995	11.13898
3996	11.13898
3997	11.13898
3998	11.13898
3999	11.13898
4000	11.13898
4001	11.13898
4002	11.13898
4003	11.13898
4004	11.13898
4005	11.13898
4006	11.13898
4007	11.13898
4008	11.13898
4009	11.13898
4010	11.13898
4011	11.13898
4012	11.13898
4013	11.13898
4014	11.13898
4015	11.13898
4016	11.13898
4017	11.13898
4018	11.13898
4019	11.13898
4020	11.13898
4021	11.13898
4022	11.13898
4023	11.13898
4024	11.13898
4025	11.13898
4026	11.13898
4027	11.13898
4028	11.13898
4029	11.13898
4030	11.13898
4031	11.13898
4032	11.13898
4033	11.13898
4034	11.13898
4035	11.13898
4036	11.13898
4037	11.13898
4038	11.13898
4039	11.13898
4040	11.13898
4041	11.13898
4042	11.13898
4043	11.13898
4044	11.13898
4045	11.13898
4046	11.13898
4047	11.13898
4048	11.13898
4049	11.13898
4050	11.13898
4051	11.13898
4052	11.13898
4053	11.13898
4054	11.13898
4055	11.13898
4056	11.13898
4057	11.13898
4058	11.13898
4059	11.13898
4060	11.13898
4061	11.13898
4062	11.13898
4063	11.13898
4064	11.13898
4065	11.13898
4066	11.13898
4067	11.13898
4068	11.13898
4069	11.13898
4070	11.13898
4071	11.13898
4072	11.13898
4073	11.13898
4074	11.13898
4075	11.13898
4076	11.13898
4077	11.13898
4078	11.13898
4079	11.13898
4080	11.13898
4081	11.13898
4082	11.13898
4083	11.13898
4084	11.13898
4085	11.13898
4086	11.13898
4087	11.13898
4088	11.13898
4089	11.13898
4090	11.13898
4091	11.13898
4092	11.13898
4093	11.13898
4094	11.13898
4095	11.13898
4096	11.13898
4097	11.13898
4098	11.13898
4099	11.13898
4100	11.13898
4101	11.13898
4102	11.13898
4103	11.13898
4104	11.13898
4105	11.13898
4106	11.13898
4107	11.13898
4108	11.13898
4109	11.13898
4110	11.13898
4111	11.13898
4112	11.13898
4113	11.13898
4114	11.13898
4115	11.13898
4116	11.13898
4117	11.13898
4118	11.13898
4119	11.13898
4120	11.13898
4121	11.13898
4122	11.13898
4123	11.13898
4124	11.13898
4125	11.13898
4126	11.13898
4127	11.13898
4128	11.13898
4129	11.13898
4130	11.13898
4131	11.13898
4132	11.13898
4133	11.13898
4134	11.13898
4135	11.13898
4136	11.13898
4137	11.13898
4138	11.13898
4139	11.13898
4140	11.13898
4141	11.13898
4142	11.13898
4143	11.13898
4144	11.13898
4145	11.13898
4146	11.13898
4147	11.13898
4148	11.13898
4149	11.13898
4150	11.13898
4151	11.13898
4152	11.13898
4153	11.13898
4154	11.13898
4155	11.13898
4156	11.13898
4157	11.13898
4158	11.13898
4159	11.13898
4160	11.13898
4161	11.13898
4162	11.13898
4163	11.13898
4164	11.13898
4165	11.13898
4166	11.13898
4167	11.13898
4168	11.13898
4169	11.13898
4170	11.13898
4171	11.13898
4172	11.13898
4173	11.13898
4174	11.13898
4175	11.13898
4176	11.13898
4177	11.13898
4178	11.13898
4179	11.13898
4180	11.13898
4181	11.13898
4182	11.13898
4183	11.13898
4184	11.13898
4185	11.13898
4186	11.13898
4187	11.13898
4188	11.13898
4189	11.13898
4190	11.13898
4191	11.13898
4192	11.13898
4193	11.13898
4194	11.13898
4195	11.13898
4196	11.13898
4197	11.13898
4198	11.13898
4199	11.13898
4200	11.13898
4201	11.13898
4202	11.13898
4203	11.13898
4204	11.13898
4205	11.13898
4206	11.13898
4207	11.13898
4208	11.13898
4209	11.13898
4210	11.13898
4211	11.13898
4212	11.13898
4213	11.13898
4214	11.13898
4215	11.13898
4216	11.13898
4217	11.13898
4218	11.13898
4219	11.13898
4220	11.13898
4221	11.13898
4222	11.13898
4223	11.13898
4224	11.13898
4225	11.13898
4226	11.13898
4227	11.13898
4228	11.13898
4229	11.13898
4230	11.13898
4231	11.13898
4232	11.13898
4233	11.13898
4234	11.13898
4235	11.13898
4236	11.13898
4237	11.13898
4238	11.13898
4239	11.13898
4240	11.13898
4241	11.13898
4242	11.13898
4243	11.13898
4244	11.13898
4245	11.13898
4246	11.13898
4247	11.13898
4248	11.13898
4249	11.13898
4250	11.13898
4251	11.13898
4252	11.13898
4253	11.13898
4254	11.13898
4255	11.13898
4256	11.13898
4257	11.13898
4258	11.13898
4259	11.13898
4260	11.13898
4261	11.13898
4262	11.13898
4263	11.13898
4264	11.13898
4265	11.13898
4266	11.13898
4267	11.13898
4268	11.13898
4269	11.13898
4270	11.13898
4271	11.13898
4272	11.13898
4273	11.13898
4274	11.13898
4275	11.13898
4276	11.13898
4277	11.13898
4278	11.13898
4279	11.13898
4280	11.13898
4281	11.13898
4282	11.13898
4283	11.13898
4284	11.13898
4285	11.13898
4286	11.13898
4287	11.13898
4288	11.13898
4289	11.13898
4290	11.13898
4291	11.13898
4292	11.13898
4293	11.13898
4294	11.13898
4295	11.13898
4296	11.13898
4297	11.13898
4298	11.13898
4299	11.13898
4300	11.13898
4301	11.13898
4302	11.13898
4303	11.13898
4304	11.13898
4305	11.13898
4306	11.13898
4307	11.13898
4308	11.13898
4309	11.13898
4310	11.13898
4311	11.13898
4312	11.13898
4313	11.13898
4314	11.13898
4315	11.13898
4316	11.13898
4317	11.13898
4318	11.13898
4319	11.13898
4320	11.13898
4321	11.13898
4322	11.13898
4323	11.13898
4324	11.13898
4325	11.13898
4326	11.13898
4327	11.13898
4328	11.13898
4329	11.13898
4330	11.13898
4331	11.13898
4332	11.13898
4333	11.13898
4334	11.13898
4335	11.13898
4336	11.13898
4337	11.13898
4338	11.13898
4339	11.13898
4340	11.13898
4341	11.13898
4342	11.13898
4343	11.13898
4344	11.13898
4345	11.13898
4346	11.13898
4347	11.13898
4348	11.13898
4349	11.13898
4350	11.13898
4351	11.13898
4352	11.13898
4353	11.13898
4354	11.13898
4355	11.13898
4356	11.13898
4357	11.13898
4358	11.13898
4359	11.13898
4360	11.13898
4361	11.13898
4362	11.13898
4363	11.13898
4364	11.13898
4365	11.13898
4366	11.13898
4367	11.13898
4368	11.13898
4369	11.13898
4370	11.13898
4371	11.13898
4372	11.13898
4373	11.13898
4374	11.13898
4375	11.13898
4376	11.13898
4377	11.13898
4378	11.13898
4379	11.13898
4380	11.13898
4381	11.13898
4382	11.13898
4383	11.13898
4384	11.13898
4385	11.13898
4386	11.13898
4387	11.13898
4388	11.13898
4389	11.13898
4390	11.13898
4391	11.13898
4392	11.13898
4393	11.13898
4394	11.13898
4395	11.13898
4396	11.13898
4397	11.13898
4398	11.13898
4399	11.13898
4400	11.13898
4401	11.13898
4402	11.13898
4403	11.13898
4404	11.13898
4405	11.13898
4406	11.13898
4407	11.13898
4408	11.13898
4409	11.13898
4410	11.13898
4411	11.13898
4412	11.13898
4413	11.13898
4414	11.13898
4415	11.13898
4416	11.13898
4417	11.13898
4418	11.13898
4419	11.13898
4420	11.13898
4421	11.13898
4422	11.13898
4423	11.13898
4424	11.13898
4425	11.13898
4426	11.13898
4427	11.13898
4428	11.13898
4429	11.13898
4430	11.13898
4431	11.13898
4432	11.13898
4433	11.13898
4434	11.13898
4435	11.13898
4436	11.13898
4437	11.13898
4438	11.13898
4439	11.13898
4440	11.13898
4441	11.13898
4442	11.13898
4443	11.13898
4444	11.13898
4445	11.13898
4446	11.13898
4447	11.13898
4448	11.13898
4449	11.13898
4450	11.13898
4451	11.13898
4452	11.13898
4453	11.13898
4454	11.13898
4455	11.13898
4456	11.13898
4457	11.13898
4458	11.13898
4459	11.13898
4460	11.13898
4461	11.13898
4462	11.13898
4463	11.13898
4464	11.13898
4465	11.13898
4466	11.13898
4467	11.13898
4468	11.13898
4469	11.13898
4470	11.13898
4471	11.13898
4472	11.13898
4473	11.13898
4474	11.13898
4475	11.13898
4476	11.13898
4477	11.13898
4478	11.13898
4479	11.13898
4480	11.13898
4481	11.13898
4482	11.13898
4483	11.13898
4484	11.13898
4485	11.13898
4486	11.13898
4487	11.13898
4488	11.13898
4489	11.13898
4490	11.13898
4491	11.13898
4492	11.13898
4493	11.13898
4494	11.13898
4495	11.13898
4496	11.13898
4497	11.13898
4498	11.13898
4499	11.13898
4500	11.13898
4501	11.13898
4502	11.13898
4503	11.13898
4504	11.13898
4505	11.13898
4506	11.13898
4507	11.13898
4508	11.13898
4509	11.13898
4510	11.13898
4511	11.13898
4512	11.13898
4513	11.13898
4514	11.13898
4515	11.13898
4516	11.13898
4517	11.13898
4518	11.13898
4519	11.13898
4520	11.13898
4521	11.13898
4522	11.13898
4523	11.13898
4524	11.13898
4525	11.13898
4526	11.13898
4527	11.13898
4528	11.13898
4529	11.13898
4530	11.13898
4531	11.13898
4532	11.13898
4533	11.13898
4534	11.13898
4535	11.13898
4536	11.13898
4537	11.13898
4538	11.13898
4539	11.13898
4540	11.13898
4541	11.13898
4542	11.13898
4543	11.13898
4544	11.13898
4545	11.13898
4546	11.13898
4547	11.13898
4548	11.13898
4549	11.13898
4550	11.13898
4551	11.13898
4552	11.13898
4553	11.13898
4554	11.13898
4555	11.13898
4556	11.13898
4557	11.13898
4558	11.13898
4559	11.13898
4560	11.13898
4561	11.13898
4562	11.13898
4563	11.13898
4564	11.13898
4565	11.13898
4566	11.13898
4567	11.13898
4568	11.13898
4569	11.13898
4570	11.13898
4571	11.13898
4572	11.13898
4573	11.13898
4574	11.13898
4575	11.13898
4576	11.13898
4577	11.13898
4578	11.13898
4579	11.13898
4580	11.13898
4581	11.13898
4582	11.13898
4583	11.13898
4584	11.13898
4585	11.13898
4586	11.13898
4587	11.13898
4588	11.13898
4589	11.13898
4590	11.13898
4591	11.13898
4592	11.13898
4593	11.13898
4594	11.13898
4595	11.13898
4596	11.13898
4597	11.13898
4598	11.13898
4599	11.13898
4600	11.13898
4601	11.13898
4602	11.13898
4603	11.13898
4604	11.13898
4605	11.13898
4606	11.13898
4607	11.13898
4608	11.13898
4609	11.13898
4610	11.13898
4611	11.13898
4612	11.13898
4613	11.13898
4614	11.13898
4615	11.13898
4616	11.13898
4617	11.13898
4618	11.13898
4619	11.13898
4620	11.13898
4621	11.13898
4622	11.13898
4623	11.13898
4624	11.13898
4625	11.13898
4626	11.13898
4627	11.13898
4628	11.13898
4629	11.13898
4630	11.13898
4631	11.13898
4632	11.13898
4633	11.13898
4634	11.13898
4635	11.13898
4636	11.13898
4637	11.13898
4638	11.13898
4639	11.13898
4640	11.13898
4641	11.13898
4642	11.13898
4643	11.13898
4644	11.13898
4645	11.13898
4646	11.13898
4647	11.13898
4648	11.13898
4649	11.13898
4650	11.13898
4651	11.13898
4652	11.13898
4653	11.13898
4654	11.13898
4655	11.13898
4656	11.13898
4657	11.13898
4658	11.13898
4659	11.13898
4660	11.13898
4661	11.13898
4662	11.13898
4663	11.13898
4664	11.13898
4665	11.13898
4666	11.13898
4667	11.13898
4668	11.13898
4669	11.13898
4670	11.13898
4671	11.13898
4672	11.13898
4673	11.13898
4674	11.13898
4675	11.13898
4676	11.13898
4677	11.13898
4678	11.13898
4679	11.13898
4680	11.13898
4681	11.13898
4682	11.13898
4683	11.13898
4684	11.13898
4685	11.13898
4686	11.13898
4687	11.13898
4688	11.13898
4689	11.13898
4690	11.13898
4691	11.13898
4692	11.13898
4693	11.13898
4694	11.13898
4695	11.13898
4696	11.13898
4697	11.13898
4698	11.13898
4699	11.13898
4700	11.13898
4701	11.13898
4702	11.13898
4703	11.13898
4704	11.13898
4705	11.13898
4706	11.13898
4707	11.13898
4708	11.13898
4709	11.13898
4710	11.13898
4711	11.13898
4712	11.13898
4713	11.13898
4714	11.13898
4715	11.13898
4716	11.13898
4717	11.13898
4718	11.13898
4719	11.13898
4720	11.13898
4721	11.13898
4722	11.13898
4723	11.13898
4724	11.13898
4725	11.13898
4726	11.13898
4727	11.13898
4728	11.13898
4729	11.13898
4730	11.13898
4731	11.13898
4732	11.13898
4733	11.13898
4734	11.13898
4735	11.13898
4736	11.13898
4737	11.13898
4738	11.13898
4739	11.13898
4740	11.13898
4741	11.13898
4742	11.13898
4743	11.13898
4744	11.13898
4745	11.13898
4746	11.13898
4747	11.13898
4748	11.13898
4749	11.13898
4750	11.13898
4751	11.13898
4752	11.13898
4753	11.13898
4754	11.13898
4755	11.13898
4756	11.13898
4757	11.13898
4758	11.13898
4759	11.13898
4760	11.13898
4761	11.13898
4762	11.13898
4763	11.13898
4764	11.13898
4765	11.13898
4766	11.13898
4767	11.13898
4768	11.13898
4769	11.13898
4770	11.13898
4771	11.13898
4772	11.13898
4773	11.13898
4774	11.13898
4775	11.13898
4776	11.13898
4777	11.13898
4778	11.13898
4779	11.13898
4780	11.13898
4781	11.13898
4782	11.13898
4783	11.13898
4784	11.13898
4785	11.13898
4786	11.13898
4787	11.13898
4788	11.13898
4789	11.13898
4790	11.13898
4791	11.13898
4792	11.13898
4793	11.13898
4794	11.13898
4795	11.13898
4796	11.13898
4797	11.13898
4798	11.13898
4799	11.13898
4800	11.13898
4801	11.13898
4802	11.13898
4803	11.13898
4804	11.13898
4805	11.13898
4806	11.13898
4807	11.13898
4808	11.13898
4809	11.13898
4810	11.13898
4811	11.13898
4812	11.13898
4813	11.13898
4814	11.13898
4815	11.13898
4816	11.13898
4817	11.13898
4818	11.13898
4819	11.13898
4820	11.13898
4821	11.13898
4822	11.13898
4823	11.13898
4824	11.13898
4825	11.13898
4826	11.13898
4827	11.13898
4828	11.13898
4829	11.13898
4830	11.13898
4831	11.13898
4832	11.13898
4833	11.13898
4834	11.13898
4835	11.13898
4836	11.13898
4837	11.13898
4838	11.13898
4839	11.13898
4840	11.13898
4841	11.13898
4842	11.13898
4843	11.13898
4844	11.13898
4845	11.13898
4846	11.13898
4847	11.13898
4848	11.13898
4849	11.13898
4850	11.13898
4851	11.13898
4852	11.13898
4853	11.13898
4854	11.13898
4855	11.13898
4856	11.13898
4857	11.13898
4858	11.13898
4859	11.13898
4860	11.13898
4861	11.13898
4862	11.13898
4863	11.13898
4864	11.13898
4865	11.13898
4866	11.13898
4867	11.13898
4868	11.13898
4869	11.13898
4870	11.13898
4871	11.13898
4872	11.13898
4873	11.13898
4874	11.13898
4875	11.13898
4876	11.13898
4877	11.13898
4878	11.13898
4879	11.13898
4880	11.13898
4881	11.13898
4882	11.13898
4883	11.13898
4884	11.13898
4885	11.13898
4886	11.13898
4887	11.13898
4888	11.13898
4889	11.13898
4890	11.13898
4891	11.13898
4892	11.13898
4893	11.13898
4894	11.13898
4895	11.13898
4896	11.13898
4897	11.13898
4898	11.13898
4899	11.13898
4900	11.13898
4901	11.13898
4902	11.13898
4903	11.13898
4904	11.13898
4905	11.13898
4906	11.13898
4907	11.13898
4908	11.13898
4909	11.13898
4910	11.13898
4911	11.13898
4912	11.13898
4913	11.13898
4914	11.13898
4915	11.13898
4916	11.13898
4917	11.13898
4918	11.13898
4919	11.13898
4920	11.13898
4921	11.13898
4922	11.13898
4923	11.13898
4924	11.13898
4925	11.13898
4926	11.13898
4927	11.13898
4928	11.13898
4929	11.13898
4930	11.13898
4931	11.13898
4932	11.13898
4933	11.13898
4934	11.13898
4935	11.13898
4936	11.13898
4937	11.13898
4938	11.13898
4939	11.13898
4940	11.13898
4941	11.13898
4942	11.13898
4943	11.13898
4944	11.13898
4945	11.13898
4946	11.13898
4947	11.13898
4948	11.13898
4949	11.13898
4950	11.13898
4951	11.13898
4952	11.13898
4953	11.13898
4954	11.13898
4955	11.13898
4956	11.13898
4957	11.13898
4958	11.13898
4959	11.13898
4960	11.13898
4961	11.13898
4962	11.13898
4963	11.13898
4964	11.13898
4965	11.13898
4966	11.13898
4967	11.13898
4968	11.13898
4969	11.13898
4970	11.13898
4971	11.13898
4972	11.13898
4973	11.13898
4974	11.13898
4975	11.13898
4976	11.13898
4977	11.13898
4978	11.13898
4979	11.13898
4980	11.13898
4981	11.13898
4982	11.13898
4983	11.13898
4984	11.13898
4985	11.13898
4986	11.13898
4987	11.13898
4988	11.13898
4989	11.13898
4990	11.13898
4991	11.13898
4992	11.13898
4993	11.13898
4994	11.13898
4995	11.13898
4996	11.13898
4997	11.13898
4998	11.13898
4999	11.13898
5000	11.13898
5001	11.13898
5002	11.13898
5003	11.13898
5004	11.13898
5005	11.13898
5006	11.13898
5007	11.13898
5008	11.13898
5009	11.13898
5010	11.13898
5011	11.13898
5012	11.13898
5013	11.13898
5014	11.13898
5015	11.13898
5016	11.13898
5017	11.13898
5018	11.13898
5019	11.13898
5020	11.13898
5021	11.13898
5022	11.13898
5023	11.13898
5024	11.13898
5025	11.13898
5026	11.13898
5027	11.13898
5028	11.13898
5029	11.13898
5030	11.13898
5031	11.13898
5032	11.13898
5033	11.13898
5034	11.13898
5035	11.13898
5036	11.13898
5037	11.13898
5038	11.13898
5039	11.13898
5040	11.13898
5041	11.13898
5042	11.13898
5043	11.13898
5044	11.13898
5045	11.13898
5046	11.13898
5047	11.13898
5048	11.13898
5049	11.13898
5050	11.13898
5051	11.13898
5052	11.13898
5053	11.13898
5054	11.13898
5055	11.13898
5056	11.13898
5057	11.13898
5058	11.13898
5059	11.13898
5060	11.13898
5061	11.13898
5062	11.13898
5063	11.13898
5064	11.13898
5065	11.13898
5066	11.13898
5067	11.13898
5068	11.13898
5069	11.13898
5070	11.13898
5071	11.13898
5072	11.13898
5073	11.13898
5074	11.13898
5075	11.13898
5076	11.13898
5077	11.13898
5078	11.13898
5079	11.13898
5080	11.13898
5081	11.13898
5082	11.13898
5083	11.13898
5084	11.13898
5085	11.13898
5086	11.13898
5087	11.13898
5088	11.13898
5089	11.13898
5090	11.13898
5091	11.13898
5092	11.13898
5093	11.13898
5094	11.13898
5095	11.13898
5096	11.13898
5097	11.13898
5098	11.13898
5099	11.13898
5100	11.13898
5101	11.13898
5102	11.13898
5103	11.13898
5104	11.13898
5105	11.13898
5106	11.13898
5107	11.13898
5108	11.13898
5109	11.13898
5110	11.13898
5111	11.13898
5112	11.13898
5113	11.13898
5114	11.13898
5115	11.13898
5116	11.13898
5117	11.13898
5118	11.13898
5119	11.13898
5120	11.13898
5121	11.13898
5122	11.13898
5123	11.13898
5124	11.13898
5125	11.13898
5126	11.13898
5127	11.13898
5128	11.13898
5129	11.13898
5130	11.13898
5131	11.13898
5132	11.13898
5133	11.13898
5134	11.13898
5135	11.13898
5136	11.13898
5137	11.13898
5138	11.13898
5139	11.13898
5140	11.13898
5141	11.13898
5142	11.13898
5143	11.13898
5144	11.13898
5145	11.13898
5146	11.13898
5147	11.13898
5148	11.13898
5149	11.13898
5150	11.13898
5151	11.13898
5152	11.13898
5153	11.13898
5154	11.13898
5155	11.13898
5156	11.13898
5157	11.13898
5158	11.13898
5159	11.13898
5160	11.13898
5161	11.13898
5162	11.13898
5163	11.13898
5164	11.13898
5165	11.13898
5166	11.13898
5167	11.13898
5168	11.13898
5169	11.13898
5170	11.13898
5171	11.13898
5172	11.13898
5173	11.13898
5174	11.13898
5175	11.13898
5176	11.13898
5177	11.13898
5178	11.13898
5179	11.13898
5180	11.13898
5181	11.13898
5182	11.13898
5183	11.13898
5184	11.13898
5185	11.13898
5186	11.13898
5187	11.13898
5188	11.13898
5189	11.13898
5190	11.13898
5191	11.13898
5192	11.13898
5193	11.13898
5194	11.13898
5195	11.13898
5196	11.13898
5197	11.13898
5198	11.13898
5199	11.13898
5200	11.13898
5201	11.13898
5202	11.13898
5203	11.13898
5204	11.13898
5205	11.13898
5206	11.13898
5207	11.13898
5208	11.13898
5209	11.13898
5210	11.13898
5211	11.13898
5212	11.13898
5213	11.13898
5214	11.13898
5215	11.13898
5216	11.13898
5217	11.13898
5218	11.13898
5219	11.13898
5220	11.13898
5221	11.13898
5222	11.13898
5223	11.13898
5224	11.13898
5225	11.13898
5226	11.13898
5227	11.13898
5228	11.13898
5229	11.13898
5230	11.13898
5231	11.13898
5232	11.13898
5233	11.13898
5234	11.13898
5235	11.13898
5236	11.13898
5237	11.13898
5238	11.13898
5239	11.13898
5240	11.13898
5241	11.13898
5242	11.13898
5243	11.13898
5244	11.13898
5245	11.13898
5246	11.13898
5247	11.13898
5248	11.13898
5249	11.13898
5250	11.13898
5251	11.13898
5252	11.13898
5253	11.13898
5254	11.13898
5255	11.13898
5256	11.13898
5257	11.13898
5258	11.13898
5259	11.13898
5260	11.13898
5261	11.13898
5262	11.13898
5263	11.13898
5264	11.13898
5265	11.13898
5266	11.13898
5267	11.13898
5268	11.13898
5269	11.13898
5270	11.13898
5271	11.13898
5272	11.13898
5273	11.13898
5274	11.13898
5275	11.13898
5276	11.13898
5277	11.13898
5278	11.13898
5279	11.13898
5280	11.13898
5281	11.13898
5282	11.13898
5283	11.13898
5284	11.13898
5285	11.13898
5286	11.13898
5287	11.13898
5288	11.13898
5289	11.13898
5290	11.13898
5291	11.13898
5292	11.13898
5293	11.13898
5294	11.13898
5295	11.13898
5296	11.13898
5297	11.13898
5298	11.13898
5299	11.13898
5300	11.13898
5301	11.13898
5302	11.13898
5303	11.13898
5304	11.13898
5305	11.13898
5306	11.13898
5307	11.13898
5308	11.13898
5309	11.13898
5310	11.13898
5311	11.13898
5312	11.13898
5313	11.13898
5314	11.13898
5315	11.13898
5316	11.13898
5317	11.13898
5318	11.13898
5319	11.13898
5320	11.13898
5321	11.13898
5322	11.13898
5323	11.13898
5324	11.13898
5325	11.13898
5326	11.13898
5327	11.13898
5328	11.13898
5329	11.13898
5330	11.13898
5331	11.13898
5332	11.13898
5333	11.13898
5334	11.13898
5335	11.13898
5336	11.13898
5337	11.13898
5338	11.13898
5339	11.13898
5340	11.13898
5341	11.13898
5342	11.13898
5343	11.13898
5344	11.13898
5345	11.13898
5346	11.13898
5347	11.13898
5348	11.13898
5349	11.13898
5350	11.13898
5351	11.13898
5352	11.13898
5353	11.13898
5354	11.13898
5355	11.13898
5356	11.13898
5357	11.13898
5358	11.13898
5359	11.13898
5360	11.13898
5361	11.13898
5362	11.13898
5363	11.13898
5364	11.13898
5365	11.13898
5366	11.13898
5367	11.13898
5368	11.13898
5369	11.13898
5370	11.13898
5371	11.13898
5372	11.13898
5373	11.13898
5374	11.13898
5375	11.13898
5376	11.13898
5377	11.13898
5378	11.13898
5379	11.13898
5380	11.13898
5381	11.13898
5382	11.13898
5383	11.13898
5384	11.13898
5385	11.13898
5386	11.13898
5387	11.13898
5388	11.13898
5389	11.13898
5390	11.13898
5391	11.13898
5392	11.13898
5393	11.13898
5394	11.13898
5395	11.13898
5396	11.13898
5397	11.13898
5398	11.13898
5399	11.13898
5400	11.13898
5401	11.13898
5402	11.13898
5403	11.13898
5404	11.13898
5405	11.13898
5406	11.13898
5407	11.13898
5408	11.13898
5409	11.13898
5410	11.13898
5411	11.13898
5412	11.13898
5413	11.13898
5414	11.13898
5415	11.13898
5416	11.13898
5417	11.13898
5418	11.13898
5419	11.13898
5420	11.13898
5421	11.13898
5422	11.13898
5423	11.13898
5424	11.13898
5425	11.13898
5426	11.13898
5427	11.13898
5428	11.13898
5429	11.13898
5430	11.13898
5431	11.13898
5432	11.13898
5433	11.13898
5434	11.13898
5435	11.13898
5436	11.13898
5437	11.13898
5438	11.13898
5439	11.13898
5440	11.13898
5441	11.13898
5442	11.13898
5443	11.13898
5444	11.13898
5445	11.13898
5446	11.13898
5447	11.13898
5448	11.13898
5449	11.13898
5450	11.13898
5451	11.13898
5452	11.13898
5453	11.13898
5454	11.13898
5455	11.13898
5456	11.13898
5457	11.13898
5458	11.13898
5459	11.13898
5460	11.13898
5461	11.13898
5462	11.13898
5463	11.13898
5464	11.13898
5465	11.13898
5466	11.13898
5467	11.13898
5468	11.13898
5469	11.13898
5470	11.13898
5471	11.13898
5472	11.13898
5473	11.13898
5474	11.13898
5475	11.13898
5476	11.13898
5477	11.13898
5478	11.13898
5479	11.13898
5480	11.13898
5481	11.13898
5482	11.13898
5483	11.13898
5484	11.13898
5485	11.13898
5486	11.13898
5487	11.13898
5488	11.13898
5489	11.13898
5490	11.13898
5491	11.13898
5492	11.13898
5493	11.13898
5494	11.13898
5495	11.13898
5496	11.13898
5497	11.13898
5498	11.13898
5499	11.13898
5500	11.13898
5501	11.13898
5502	11.13898
5503	11.13898
5504	11.13898
5505	11.13898
5506	11.13898
5507	11.13898
5508	11.13898
5509	11.13898
5510	11.13898
5511	11.13898
5512	11.13898
5513	11.13898
5514	11.13898
5515	11.13898
5516	11.13898
5517	11.13898
5518	11.13898
5519	11.13898
5520	11.13898
5521	11.13898
5522	11.13898
5523	11.13898
5524	11.13898
5525	11.13898
5526	11.13898
5527	11.13898
5528	11.13898
5529	11.13898
5530	11.13898
5531	11.13898
5532	11.13898
5533	11.13898
5534	11.13898
5535	11.13898
5536	11.13898
5537	11.13898
5538	11.13898
5539	11.13898
5540	11.13898
5541	11.13898
5542	11.13898
5543	11.13898
5544	11.13898
5545	11.13898
5546	11.13898
5547	11.13898
5548	11.13898
5549	11.13898
5550	11.13898
5551	11.13898
5552	11.13898
5553	11.13898
5554	11.13898
5555	11.13898
5556	11.13898
5557	11.13898
5558	11.13898
5559	11.13898
5560	11.13898
5561	11.13898
5562	11.13898
5563	11.13898
5564	11.13898
5565	11.13898
5566	11.13898
5567	11.13898
5568	11.13898
5569	11.13898
5570	11.13898
5571	11.13898
5572	11.13898
5573	11.13898
5574	11.13898
5575	11.13898
5576	11.13898
5577	11.13898
5578	11.13898
5579	11.13898
5580	11.13898
5581	11.13898
5582	11.13898
5583	11.13898
5584	11.13898
5585	11.13898
5586	11.13898
5587	11.13898
5588	11.13898
5589	11.13898
5590	11.13898
5591	11.13898
5592	11.13898
5593	11.13898
5594	11.13898
5595	11.13898
5596	11.13898
5597	11.13898
5598	11.13898
5599	11.13898
5600	11.13898
5601	11.13898
5602	11.13898
5603	11.13898
5604	11.13898
5605	11.13898
5606	11.13898
5607	11.13898
5608	11.13898
5609	11.13898
5610	11.13898
5611	11.13898
5612	11.13898
5613	11.13898
5614	11.13898
5615	11.13898
5616	11.13898
5617	11.13898
5618	11.13898
5619	11.13898
5620	11.13898
5621	11.13898
5622	11.13898
5623	11.13898
5624	11.13898
5625	11.13898
5626	11.13898
5627	11.13898
5628	11.13898
5629	11.13898
5630	11.13898
5631	11.13898
5632	11.13898
5633	11.13898
5634	11.13898
5635	11.13898
5636	11.13898
5637	11.13898
5638	11.13898
5639	11.13898
5640	11.13898
5641	11.13898
5642	11.13898
5643	11.13898
5644	11.13898
5645	11.13898
5646	11.13898
5647	11.13898
5648	11.13898
5649	11.13898
5650	11.13898
5651	11.13898
5652	11.13898
5653	11.13898
5654	11.13898
5655	11.13898
5656	11.13898
5657	11.13898
5658	11.13898
5659	11.13898
5660	11.13898
5661	11.13898
5662	11.13898
5663	11.13898
5664	11.13898
5665	11.13898
5666	11.13898
5667	11.13898
5668	11.13898
5669	11.13898
5670	11.13898
5671	11.13898
5672	11.13898
5673	11.13898
5674	11.13898
5675	11.13898
5676	11.13898
5677	11.13898
5678	11.13898
5679	11.13898
5680	11.13898
5681	11.13898
5682	11.13898
5683	11.13898
5684	11.13898
5685	11.13898
5686	11.13898
5687	11.13898
5688	11.13898
5689	11.13898
5690	11.13898
5691	11.13898
5692	11.13898
5693	11.13898
5694	11.13898
5695	11.13898
5696	11.13898
5697	11.13898
5698	11.13898
5699	11.13898
5700	11.13898
5701	11.13898
5702	11.13898
5703	11.13898
5704	11.13898
5705	11.13898
5706	11.13898
5707	11.13898
5708	11.13898
5709	11.13898
5710	11.13898
5711	11.13898
5712	11.13898
5713	11.13898
5714	11.13898
5715	11.13898
5716	11.13898
5717	11.13898
5718	11.13898
5719	11.13898
5720	11.13898
5721	11.13898
5722	11.13898
5723	11.13898
5724	11.13898
5725	11.13898
5726	11.13898
5727	11.13898
5728	11.13898
5729	11.13898
5730	11.13898
5731	11.13898
5732	11.13898
5733	11.13898
5734	11.13898
5735	11.13898
5736	11.13898
5737	11.13898
5738	11.13898
5739	11.13898
5740	11.13898
5741	11.13898
5742	11.13898
5743	11.13898
5744	11.13898
5745	11.13898
5746	11.13898
5747	11.13898
5748	11.13898
5749	11.13898
5750	11.13898
5751	11.13898
5752	11.13898
5753	11.13898
5754	11.13898
5755	11.13898
5756	11.13898
5757	11.13898
5758	11.13898
5759	11.13898
5760	11.13898
5761	11.13898
5762	11.13898
5763	11.13898
5764	11.13898
5765	11.13898
5766	11.13898
5767	11.13898
5768	11.13898
5769	11.13898
5770	11.13898
5771	11.13898
5772	11.13898
5773	11.13898
5774	11.13898
5775	11.13898
5776	11.13898
5777	11.13898
5778	11.13898
5779	11.13898
5780	11.13898
5781	11.13898
5782	11.13898
5783	11.13898
5784	11.13898
5785	11.13898
5786	11.13898
5787	11.13898
5788	11.13898
5789	11.13898
5790	11.13898
5791	11.13898
5792	11.13898
5793	11.13898
5794	11.13898
5795	11.13898
5796	11.13898
5797	11.13898
5798	11.13898
5799	11.13898
5800	11.13898
5801	11.13898
5802	11.13898
5803	11.13898
5804	11.13898
5805	11.13898
5806	11.13898
5807	11.13898
5808	11.13898
5809	11.13898
5810	11.13898
5811	11.13898
5812	11.13898
5813	11.13898
5814	11.13898
5815	11.13898
5816	11.13898
5817	11.13898
5818	11.13898
5819	11.13898
5820	11.13898
5821	11.13898
5822	11.13898
5823	11.13898
5824	11.13898
5825	11.13898
5826	11.13898
5827	11.13898
5828	11.13898
5829	11.13898
5830	11.13898
5831	11.13898
5832	11.13898
5833	11.13898
5834	11.13898
5835	11.13898
5836	11.13898
5837	11.13898
5838	11.13898
5839	11.13898
5840	11.13898
5841	11.13898
5842	11.13898
5843	11.13898
5844	11.13898
5845	11.13898
5846	11.13898
5847	11.13898
5848	11.13898
5849	11.13898
5850	11.13898
5851	11.13898
5852	11.13898
5853	11.13898
5854	11.13898
5855	11.13898
5856	11.13898
5857	11.13898
5858	11.13898
5859	11.13898
5860	11.13898
5861	11.13898
5862	11.13898
5863	11.13898
5864	11.13898
5865	11.13898
5866	11.13898
5867	11.13898
5868	11.13898
5869	11.13898
5870	11.13898
5871	11.13898
5872	11.13898
5873	11.13898
5874	11.13898
5875	11.13898
5876	11.13898
5877	11.13898
5878	11.13898
5879	11.13898
5880	11.13898
5881	11.13898
5882	11.13898
5883	11.13898
5884	11.13898
5885	11.13898
5886	11.13898
5887	11.13898
5888	11.13898
5889	11.13898
5890	11.13898
5891	11.13898
5892	11.13898
5893	11.13898
5894	11.13898
5895	11.13898
5896	11.13898
5897	11.13898
5898	11.13898
5899	11.13898
5900	11.13898
5901	11.13898
5902	11.13898
5903	11.13898
5904	11.13898
5905	11.13898
5906	11.13898
5907	11.13898
5908	11.13898
5909	11.13898
5910	11.13898
5911	11.13898
5912	11.13898
5913	11.13898
5914	11.13898
5915	11.13898
5916	11.13898
5917	11.13898
5918	11.13898
5919	11.13898
5920	11.13898
5921	11.13898
5922	11.13898
5923	11.13898
5924	11.13898
5925	11.13898
5926	11.13898
5927	11.13898
5928	11.13898
5929	11.13898
5930	11.13898
5931	11.13898
5932	11.13898
5933	11.13898
5934	11.13898
5935	11.13898
5936	11.13898
5937	11.13898
5938	11.13898
5939	11.13898
5940	11.13898
5941	11.13898
5942	11.13898
5943	11.13898
5944	11.13898
5945	11.13898
5946	11.13898
5947	11.13898
5948	11.13898
5949	11.13898
5950	11.13898
5951	11.13898
5952	11.13898
5953	11.13898
5954	11.13898
5955	11.13898
5956	11.13898
5957	11.13898
5958	11.13898
5959	11.13898
5960	11.13898
5961	11.13898
5962	11.13898
5963	11.13898
5964	11.13898
5965	11.13898
5966	11.13898
5967	11.13898
5968	11.13898
5969	11.13898
5970	11.13898
5971	11.13898
5972	11.13898
5973	11.13898
5974	11.13898
5975	11.13898
5976	11.13898
5977	11.13898
5978	11.13898
5979	11.13898
5980	11.13898
5981	11.13898
5982	11.13898
5983	11.13898
5984	11.13898
5985	11.13898
5986	11.13898
5987	11.13898
5988	11.13898
5989	11.13898
5990	11.13898
5991	11.13898
5992	11.13898
5993	11.13898
5994	11.13898
5995	11.13898
5996	11.13898
5997	11.13898
5998	11.13898
5999	11.13898
6000	11.13898
6001	11.13898
6002	11.13898
6003	11.13898
6004	11.13898
6005	11.13898
6006	11.13898
6007	11.13898
6008	11.13898
6009	11.13898
6010	11.13898
6011	11.13898
6012	11.13898
6013	11.13898
6014	11.13898
6015	11.13898
6016	11.13898
6017	11.13898
6018	11.13898
6019	11.13898
6020	11.13898
6021	11.13898
6022	11.13898
6023	11.13898
6024	11.13898
6025	11.13898
6026	11.13898
6027	11.13898
6028	11.13898
6029	11.13898
6030	11.13898
6031	11.13898
6032	11.13898
6033	11.13898
6034	11.13898
6035	11.13898
6036	11.13898
6037	11.13898
6038	11.13898
6039	11.13898
6040	11.13898
6041	11.13898
6042	11.13898
6043	11.13898
6044	11.13898
6045	11.13898
6046	11.13898
6047	11.13898
6048	11.13898
6049	11.13898
6050	11.13898
6051	11.13898
6052	11.13898
6053	11.13898
6054	11.13898
6055	11.13898
6056	11.13898
6057	11.13898
6058	11.13898
6059	11.13898
6060	11.13898
6061	11.13898
6062	11.13898
6063	11.13898
6064	11.13898
6065	11.13898
6066	11.13898
6067	11.13898
6068	11.13898
6069	11.13898
6070	11.13898
6071	11.13898
6072	11.13898
6073	11.13898
6074	11.13898
6075	11.13898
6076	11.13898
6077	11.13898
6078	11.13898
6079	11.13898
6080	11.13898
6081	11.13898
6082	11.13898
6083	11.13898
6084	11.13898
6085	11.13898
6086	11.13898
6087	11.13898
6088	11.13898
6089	11.13898
6090	11.13898
6091	11.13898
6092	11.13898
6093	11.13898
6094	11.13898
6095	11.13898
6096	11.13898
