1	6.902088
2	6.748314
3	6.8699
4	6.91606
5	7.090481
6	7.077426
7	7.077426
8	7.077426
9	7.08585
10	7.1905
11	7.1905
12	7.182912
13	7.242252
14	7.261375
15	7.266527
16	7.295451
17	6.80706
18	7.018929
19	7.092986
20	7.137536
21	7.137536
22	7.14161
23	7.039046
24	7.076918
25	7.049898
26	7.131749
27	7.157119
28	7.177384
29	7.260023
30	7.279136
31	7.289322
32	7.279945
33	7.2867
34	7.2867
35	7.317898
36	7.317898
37	7.339778
38	7.339778
39	7.353827
40	7.41806
41	7.5185
42	7.535685
43	7.593717
44	7.678767
45	7.756455
46	7.823471
47	7.783782
48	7.888656
49	7.90605
50	7.987906
51	7.879843
52	7.879843
53	7.910908
54	7.670668
55	7.670668
56	7.670668
57	7.670668
58	7.670668
59	7.670668
60	7.791975
61	7.825425
62	7.811376
63	8.041444
64	8.07046
65	8.079443
66	8.111755
67	8.214868
68	8.264211
69	8.209923
70	8.18376
71	8.18376
72	8.206748
73	8.206748
74	8.206748
75	8.211428
76	8.211428
77	8.268128
78	8.278758
79	8.280622
80	8.281216
81	8.281216
82	8.280598
83	8.344406
84	8.344406
85	8.123529
86	7.918546
87	7.922652
88	8.168513
89	8.168513
90	8.450001
91	8.419554
92	8.407234
93	8.422385
94	8.365349
95	8.405739
96	8.382751
97	8.382751
98	8.394631
99	8.394631
100	8.396009
101	8.397798
102	8.263581
103	8.477665
104	8.407066
105	8.40929
106	8.439737
107	8.379032
108	8.495622
109	8.500374
110	8.553567
111	8.616001
112	8.611009
113	8.51864
114	8.557304
115	8.526857
116	8.534362
117	8.509306
118	8.509306
119	8.569649
120	8.572917
121	8.572917
122	8.567185
123	8.616247
124	8.616247
125	8.410767
126	8.39516
127	8.394075
128	8.394075
129	8.501115
130	8.515213
131	8.512728
132	8.51474
133	8.515959
134	8.422149
135	8.705693
136	8.743084
137	8.738934
138	8.779412
139	8.827082
140	8.827082
141	8.846221
142	8.846221
143	8.731011
144	8.754979
145	8.778576
146	8.778576
147	8.876974
148	8.907298
149	8.921102
150	8.933186
151	8.949504
152	8.94672
153	8.94672
154	8.897955
155	8.873807
156	8.873807
157	8.873807
158	8.92331
159	8.92331
160	8.886694
161	8.886694
162	8.573719
163	8.643178
164	8.564768
165	8.579645
166	8.487613
167	8.595813
168	8.524316
169	8.574165
170	8.575255
171	8.590267
172	8.757729
173	8.719456
174	8.571547
175	8.582487
176	8.369643
177	8.398539
178	8.413425
179	8.426438
180	8.438545
181	8.280335
182	8.232527
183	8.204956
184	8.204956
185	8.204956
186	8.204956
187	8.155107
188	8.551256
189	8.551256
190	8.627788
191	8.605479
192	8.605479
193	8.605479
194	8.605479
195	8.556245
196	8.556245
197	8.539079
198	8.565595
199	8.565595
200	8.677404
201	8.804366
202	8.829596
203	8.879445
204	8.879445
205	8.843997
206	8.843997
207	8.639787
208	8.785163
209	8.766155
210	8.756729
211	8.552531
212	8.579417
213	8.579417
214	8.746961
215	8.745583
216	8.847301
217	8.847301
218	8.898163
219	8.981805
220	8.904862
221	8.922573
222	8.922573
223	8.978691
224	8.978691
225	8.978691
226	9.048142
227	9.024231
228	9.101174
229	8.931228
230	8.781024
231	8.781024
232	8.781024
233	8.781024
234	8.961915
235	8.961915
236	8.961915
237	8.961915
238	8.921073
239	8.921073
240	8.921073
241	8.890381
242	8.890381
243	8.890381
244	8.890381
245	8.890381
246	8.890381
247	9.189474
248	9.189474
249	9.189474
250	9.100106
251	9.154723
252	9.186165
253	9.186165
254	9.186165
255	9.262374
256	9.254126
257	9.368093
258	9.282242
259	9.282242
260	9.326978
261	9.371906
262	9.371906
263	9.379802
264	9.465653
265	9.465653
266	9.408739
267	9.419747
268	9.419747
269	9.419747
270	9.39851
271	9.39851
272	9.261287
273	9.269247
274	9.269247
275	9.269247
276	9.297687
277	9.250801
278	9.250801
279	9.219359
280	9.219359
281	9.219359
282	9.24686
283	9.231218
284	9.313676
285	9.434439
286	9.43528
287	9.43528
288	9.390544
289	9.43528
290	9.372545
291	9.403987
292	9.379163
293	9.379163
294	9.379163
295	9.280061
296	9.280061
297	9.284211
298	9.284211
299	9.453891
300	9.570505
301	9.570505
302	9.418877
303	9.453869
304	9.453869
305	9.284189
306	9.453869
307	9.452874
308	9.452874
309	9.452874
310	9.452874
311	9.44201
312	9.682424
313	9.682424
314	9.682424
315	9.676653
316	9.677322
317	9.677322
318	9.677322
319	9.673482
320	9.673482
321	9.707637
322	9.418309
323	9.419304
324	9.380854
325	9.380854
326	9.380854
327	9.380854
328	9.380854
329	9.380854
330	9.396973
331	9.362818
332	9.362818
333	9.418755
334	9.345805
335	9.37741
336	9.37741
337	9.32368
338	9.304837
339	9.270129
340	9.403131
341	9.403131
342	9.437286
343	9.405681
344	9.567073
345	9.567073
346	9.528415
347	9.528415
348	9.528415
349	9.499989
350	9.616625
351	9.616625
352	9.698781
353	9.698781
354	9.510884
355	9.476729
356	9.292302
357	9.292302
358	9.251556
359	9.285711
360	9.449423
361	9.579826
362	9.579826
363	9.579826
364	9.545671
365	9.739502
366	9.755081
367	9.755081
368	9.795191
369	9.715193
370	9.675083
371	9.818047
372	9.818047
373	9.858157
374	9.858157
375	9.785887
376	9.785887
377	9.768041
378	9.768041
379	9.52727
380	9.53759
381	9.53759
382	9.527667
383	9.554057
384	9.471411
385	9.471411
386	9.565651
387	9.565651
388	9.578807
389	9.578807
390	9.357121
391	9.155733
392	9.378001
393	9.470968
394	9.470968
395	9.228387
396	9.228387
397	9.228387
398	9.228387
399	9.228387
400	9.228387
401	9.222448
402	9.246359
403	9.239052
404	9.239052
405	9.239052
406	9.337608
407	9.38004
408	9.38004
409	9.381498
410	9.381498
411	9.381498
412	9.350126
413	9.383718
414	9.383718
415	9.657334
416	9.657334
417	9.657334
418	9.657334
419	9.687781
420	9.687781
421	9.450726
422	9.480264
423	9.485951
424	9.561274
425	9.561274
426	9.568573
427	9.471975
428	9.471975
429	9.471975
430	9.562065
431	9.562065
432	9.677485
433	9.677485
434	9.677485
435	9.587395
436	9.587395
437	9.677485
438	9.733404
439	9.733404
440	9.733404
441	9.620969
442	9.620969
443	9.620969
444	9.681067
445	9.681067
446	9.681067
447	9.681067
448	9.662959
449	9.662959
450	9.662959
451	9.5607
452	9.5607
453	9.5607
454	9.5607
455	9.5607
456	9.5607
457	9.5607
458	9.568788
459	9.536248
460	9.536248
461	9.545096
462	9.545096
463	9.455294
464	9.527582
465	9.527582
466	9.574706
467	9.574706
468	9.658538
469	9.620927
470	9.620927
471	9.620927
472	9.620927
473	9.568927
474	9.568927
475	9.621403
476	9.621403
477	9.621403
478	9.621403
479	9.499913
480	9.499913
481	9.499913
482	9.499913
483	9.499913
484	9.499913
485	9.540638
486	9.537113
487	9.537113
488	9.537113
489	9.537113
490	9.585412
491	9.585412
492	9.585412
493	9.518747
494	9.531653
495	9.531653
496	9.531653
497	9.531653
498	9.531653
499	9.661799
500	9.661799
501	9.728464
502	9.738814
503	9.738814
504	9.738814
505	9.766674
506	9.915658
507	9.915658
508	9.80145
509	9.80145
510	9.845827
511	9.845827
512	9.845827
513	9.845827
514	9.827121
515	9.848406
516	9.848406
517	9.848406
518	9.814974
519	9.814974
520	9.83766
521	9.83766
522	9.83766
523	9.83766
524	9.820854
525	9.819859
526	9.819859
527	9.819859
528	9.819859
529	9.849112
530	9.849112
531	9.849112
532	9.849112
533	9.801652
534	9.801652
535	9.757275
536	9.757275
537	9.729098
538	9.757275
539	9.757275
540	9.757275
541	9.757275
542	9.623304
543	9.623304
544	9.623304
545	9.623304
546	9.623304
547	9.716237
548	9.716237
549	9.716237
550	9.716237
551	9.716237
552	9.716237
553	9.716237
554	9.716237
555	9.764208
556	9.764208
557	9.764208
558	9.741522
559	9.741522
560	9.741522
561	9.741522
562	9.741522
563	9.741522
564	9.741522
565	9.570815
566	9.568178
567	9.711678
568	9.711678
569	9.714315
570	9.714315
571	9.714315
572	9.733618
573	9.675112
574	9.675112
575	9.675112
576	9.675112
577	9.675112
578	9.675112
579	9.675112
580	9.860592
581	9.860592
582	9.860592
583	9.860592
584	9.860592
585	9.860592
586	9.860592
587	9.860592
588	9.860592
589	9.860592
590	9.841289
591	9.841289
592	9.841289
593	9.874829
594	9.874829
595	9.885946
596	9.887213
597	9.76045
598	9.76045
599	9.76045
600	9.76045
601	9.807107
602	9.807107
603	9.807107
604	9.733221
605	9.748341
606	9.748341
607	9.748341
608	9.748341
609	9.719088
610	9.719088
611	9.754908
612	9.754908
613	9.693019
614	9.759082
615	9.759082
616	9.743962
617	9.743962
618	9.723394
619	9.723394
620	9.738514
621	9.738514
622	9.738514
623	9.738514
624	9.819905
625	9.819905
626	9.819905
627	9.819905
628	9.819905
629	9.819905
630	9.819905
631	9.819905
632	9.819905
633	9.708447
634	9.691046
635	9.691046
636	9.675926
637	9.675926
638	9.69548
639	9.69548
640	9.69548
641	9.69548
642	9.587564
643	9.587564
644	9.587564
645	9.587564
646	9.513138
647	9.506674
648	9.506674
649	9.538116
650	9.538116
651	9.538116
652	9.589476
653	9.589476
654	9.589476
655	9.589476
656	9.723515
657	9.652237
658	9.652237
659	9.652237
660	9.765359
661	9.765359
662	9.765359
663	9.765359
664	9.765359
665	9.765359
666	9.639496
667	9.639496
668	9.639496
669	9.639496
670	9.611835
671	9.611835
672	9.611835
673	9.643965
674	9.643965
675	9.643965
676	9.643965
677	9.643965
678	9.643965
679	9.643965
680	9.643965
681	9.643965
682	9.643965
683	9.611835
684	9.611835
685	9.611835
686	9.611835
687	9.611835
688	9.611835
689	9.699594
690	9.699594
691	9.742578
692	9.742578
693	9.742578
694	9.742578
695	9.742578
696	9.742578
697	9.774708
698	9.774708
699	9.774708
700	9.774708
701	9.774708
702	9.774708
703	9.774708
704	9.774708
705	9.799355
706	9.799355
707	9.799355
708	9.799355
709	9.799355
710	9.799355
711	9.799355
712	9.767225
713	9.735267
714	9.735267
715	9.735267
716	9.732604
717	9.732604
718	9.764734
719	9.764734
720	9.742145
721	9.742145
722	9.742145
723	9.742145
724	9.742145
725	9.602458
726	9.602458
727	9.588301
728	9.618558
729	9.618558
730	9.550168
731	9.550168
732	9.550168
733	9.430301
734	9.430301
735	9.416172
736	9.416172
737	9.416172
738	9.416172
739	9.438024
740	9.352788
741	9.352788
742	9.352788
743	9.352788
744	9.352788
745	9.352788
746	9.344283
747	9.344283
748	9.413523
749	9.583203
750	9.61968
751	9.61968
752	9.61968
753	9.61968
754	9.61968
755	9.61968
756	9.61968
757	9.633809
758	9.633809
759	9.633809
760	9.611957
761	9.611957
762	9.611957
763	9.611957
764	9.611957
765	9.611957
766	9.611957
767	9.595511
768	9.608087
769	9.559475
770	9.559475
771	9.559475
772	9.546899
773	9.546899
774	9.546899
775	9.546899
776	9.546899
777	9.546899
778	9.546899
779	9.546899
780	9.546899
781	9.546899
782	9.546899
783	9.546899
784	9.723232
785	9.723232
786	9.723232
787	9.723232
788	9.723232
789	9.723232
790	9.723232
791	9.686755
792	9.686755
793	9.686755
794	9.686755
795	9.686755
796	9.712179
797	9.712179
798	9.712179
799	9.712179
800	9.712179
801	9.712179
802	9.712179
803	9.712179
804	9.712179
805	9.712179
806	9.76954
807	9.76954
808	9.76954
809	9.76954
810	9.76954
811	9.76954
812	9.783697
813	9.796273
814	9.796273
815	9.796273
816	9.883236
817	9.883236
818	9.883236
819	9.883236
820	9.883236
821	9.883236
822	9.883236
823	9.883236
824	9.883236
825	9.883236
826	9.883236
827	9.883236
828	9.883236
829	9.883236
830	9.883236
831	9.883236
832	9.92325
833	9.883236
834	9.930318
835	9.930318
836	9.930318
837	9.930318
838	9.964239
839	9.964239
840	9.93683
841	9.889748
842	9.889748
843	9.889748
844	9.889748
845	9.889748
846	9.889748
847	9.889748
848	9.889748
849	9.889748
850	9.891288
851	9.891288
852	9.891288
853	9.859158
854	9.859158
855	9.859158
856	9.90624
857	9.90624
858	9.846174
859	9.846174
860	9.846174
861	9.899352
862	9.899352
863	9.899352
864	9.899352
865	9.890711
866	9.890711
867	9.891498
868	9.891498
869	9.891498
870	9.891498
871	9.891498
872	9.891498
873	9.891498
874	9.891498
875	9.891498
876	9.891498
877	9.856579
878	9.856579
879	9.856579
880	9.856579
881	9.856579
882	9.856579
883	9.865552
884	9.865552
885	9.897682
886	9.897682
887	9.897682
888	9.865552
889	9.865552
890	9.848813
891	9.848813
892	9.848813
893	9.848813
894	9.848813
895	9.848813
896	9.848813
897	9.848813
898	9.923048
899	9.937763
900	9.937763
901	9.949439
902	9.981569
903	9.981569
904	9.966854
905	9.966854
906	10.143557
907	10.143557
908	10.143557
909	10.143557
910	10.166378
911	10.166378
912	10.166378
913	10.166378
914	10.245779
915	10.245779
916	10.245779
917	10.245779
918	10.245779
919	10.245779
920	10.245779
921	10.245779
922	10.245779
923	10.222958
924	10.222958
925	10.222958
926	10.222958
927	10.222958
928	10.222958
929	10.222958
930	10.222958
931	10.222958
932	10.190828
933	10.190828
934	10.190828
935	10.205543
936	10.190828
937	10.190828
938	10.190828
939	10.190828
940	10.190828
941	10.190828
942	10.213187
943	10.213187
944	10.213187
945	10.213187
946	10.213187
947	10.213187
948	10.213187
949	10.227902
950	10.227902
951	10.227902
952	10.178582
953	10.178582
954	10.178582
955	10.178582
956	10.178582
957	10.178582
958	10.178582
959	10.178582
960	10.178582
961	10.178582
962	10.165751
963	10.165751
964	10.165751
965	10.165751
966	10.165751
967	10.165751
968	10.105933
969	10.105933
970	10.105933
971	10.091804
972	10.091804
973	10.106754
974	10.106754
975	10.106754
976	10.106754
977	10.106754
978	10.106754
979	10.108796
980	10.108796
981	10.108796
982	10.108796
983	10.092039
984	10.106754
985	10.106754
986	10.106754
987	10.106754
988	10.168905
989	10.168905
990	10.15419
991	10.15419
992	10.15419
993	10.15419
994	10.15419
995	10.15419
996	10.15419
997	10.168905
998	10.168905
999	10.168905
1000	10.168905
1001	10.168905
1002	10.168905
1003	10.168905
1004	10.168905
1005	10.168905
1006	10.225842
1007	10.225842
1008	10.225842
1009	10.143125
1010	10.109801
1011	10.109801
1012	10.109801
1013	10.109801
1014	10.109801
1015	10.109801
1016	10.109801
1017	10.109801
1018	10.143125
1019	10.143125
1020	10.143125
1021	10.143125
1022	10.143125
1023	10.143125
1024	10.143125
1025	10.143125
1026	10.143125
1027	10.144296
1028	10.144296
1029	10.144296
1030	10.146338
1031	10.146338
1032	10.146338
1033	10.146338
1034	10.146338
1035	10.146338
1036	10.146338
1037	10.146338
1038	10.146338
1039	10.146338
1040	10.146338
1041	10.146338
1042	10.146338
1043	10.146338
1044	10.145167
1045	10.145167
1046	10.145167
1047	10.145167
1048	10.145167
1049	10.145167
1050	10.146445
1051	10.146445
1052	10.146445
1053	10.146445
1054	10.146445
1055	10.146445
1056	10.146445
1057	10.146445
1058	10.146445
1059	10.146445
1060	10.146445
1061	10.146445
1062	10.146445
1063	10.146445
1064	10.146445
1065	10.146445
1066	10.146445
1067	10.146445
1068	10.146445
1069	10.146445
1070	10.146445
1071	10.146445
1072	10.146445
1073	10.146445
1074	10.117996
1075	10.117996
1076	10.117996
1077	10.134052
1078	10.134052
1079	10.134052
1080	10.134052
1081	10.134052
1082	10.134052
1083	10.140332
1084	10.140332
1085	10.140332
1086	10.112646
1087	10.112646
1088	10.112646
1089	10.112646
1090	10.112646
1091	10.112646
1092	10.112646
1093	10.112646
1094	10.112646
1095	10.081204
1096	10.081204
1097	10.081204
1098	10.081204
1099	10.081204
1100	10.081204
1101	10.049165
1102	10.049165
1103	10.049165
1104	10.049165
1105	10.049165
1106	10.049165
1107	10.049165
1108	10.049165
1109	10.049165
1110	10.049165
1111	10.049165
1112	10.049165
1113	10.049165
1114	10.049165
1115	10.049165
1116	10.091743
1117	10.163184
1118	10.163184
1119	10.150249
1120	10.150249
1121	10.150249
1122	10.116817
1123	10.116817
1124	10.116817
1125	10.139638
1126	10.139638
1127	10.139638
1128	10.173101
1129	10.164968
1130	10.164968
1131	10.164968
1132	10.164968
1133	10.164968
1134	10.164968
1135	10.1763
1136	10.177677
1137	10.177677
1138	10.177677
1139	10.177677
1140	10.143648
1141	10.143648
1142	10.143648
1143	10.143648
1144	10.143648
1145	10.133697
1146	10.133697
1147	10.133697
1148	10.133697
1149	10.133697
1150	10.133697
1151	10.133697
1152	10.149816
1153	10.157949
1154	10.157949
1155	10.144616
1156	10.144616
1157	10.144616
1158	10.144616
1159	10.144616
1160	10.144616
1161	10.144616
1162	10.146407
1163	10.146407
1164	10.146407
1165	10.149989
1166	10.149989
1167	10.149989
1168	10.149989
1169	10.149989
1170	10.149989
1171	10.149989
1172	10.149989
1173	10.149989
1174	10.149989
1175	10.149989
1176	10.149989
1177	10.149989
1178	10.149989
1179	10.149989
1180	10.149989
1181	10.149989
1182	10.204714
1183	10.204714
1184	10.204714
1185	10.204714
1186	10.204714
1187	10.204714
1188	10.204714
1189	10.204714
1190	10.204714
1191	10.204714
1192	10.205709
1193	10.205709
1194	10.205709
1195	10.205709
1196	10.205709
1197	10.205709
1198	10.205709
1199	10.205709
1200	10.205709
1201	10.205709
1202	10.30302
1203	10.30302
1204	10.30302
1205	10.30302
1206	10.30302
1207	10.403317
1208	10.403317
1209	10.403317
1210	10.403317
1211	10.403317
1212	10.403317
1213	10.403317
1214	10.403317
1215	10.403317
1216	10.403317
1217	10.403317
1218	10.403317
1219	10.403317
1220	10.403317
1221	10.403317
1222	10.403317
1223	10.403317
1224	10.403317
1225	10.403317
1226	10.403317
1227	10.403317
1228	10.403317
1229	10.403317
1230	10.403317
1231	10.399735
1232	10.399735
1233	10.399735
1234	10.399735
1235	10.411874
1236	10.411874
1237	10.411874
1238	10.411874
1239	10.411874
1240	10.411874
1241	10.411874
1242	10.411874
1243	10.411874
1244	10.415456
1245	10.392969
1246	10.392969
1247	10.392969
1248	10.392969
1249	10.392969
1250	10.392969
1251	10.392969
1252	10.392969
1253	10.392969
1254	10.392969
1255	10.392969
1256	10.392969
1257	10.392969
1258	10.392969
1259	10.392969
1260	10.392969
1261	10.392969
1262	10.392969
1263	10.392969
1264	10.392969
1265	10.392969
1266	10.392969
1267	10.392969
1268	10.392969
1269	10.392969
1270	10.392969
1271	10.392969
1272	10.392969
1273	10.392969
1274	10.392969
1275	10.392969
1276	10.392969
1277	10.392969
1278	10.392969
1279	10.392969
1280	10.392969
1281	10.392969
1282	10.392969
1283	10.392969
1284	10.392969
1285	10.392969
1286	10.392969
1287	10.392969
1288	10.392969
1289	10.392969
1290	10.392969
1291	10.392969
1292	10.392969
1293	10.392969
1294	10.392969
1295	10.392969
1296	10.392969
1297	10.392969
1298	10.392969
1299	10.392969
1300	10.392969
1301	10.392969
1302	10.392969
1303	10.392969
1304	10.392969
1305	10.392969
1306	10.392969
1307	10.392969
1308	10.392969
1309	10.392969
1310	10.392969
1311	10.392969
1312	10.392969
1313	10.392969
1314	10.392969
1315	10.392969
1316	10.392969
1317	10.392969
1318	10.392969
1319	10.392969
1320	10.392969
1321	10.392969
1322	10.392969
1323	10.376212
1324	10.376212
1325	10.376212
1326	10.376212
1327	10.376212
1328	10.376212
1329	10.376212
1330	10.376212
1331	10.376212
1332	10.390927
1333	10.390927
1334	10.389932
1335	10.389932
1336	10.425951
1337	10.425951
1338	10.425951
1339	10.425951
1340	10.427993
1341	10.427993
1342	10.427993
1343	10.427993
1344	10.427993
1345	10.427993
1346	10.427993
1347	10.427993
1348	10.427993
1349	10.427993
1350	10.427993
1351	10.427993
1352	10.427993
1353	10.427993
1354	10.427993
1355	10.427993
1356	10.427993
1357	10.427993
1358	10.427993
1359	10.427993
1360	10.427993
1361	10.427993
1362	10.427993
1363	10.427993
1364	10.427993
1365	10.411236
1366	10.411236
1367	10.411236
1368	10.411236
1369	10.411236
1370	10.411236
1371	10.411236
1372	10.411236
1373	10.411236
1374	10.411236
1375	10.411236
1376	10.411236
1377	10.411236
1378	10.411236
1379	10.411236
1380	10.411236
1381	10.411236
1382	10.411236
1383	10.425951
1384	10.425951
1385	10.425951
1386	10.425951
1387	10.425951
1388	10.425951
1389	10.425951
1390	10.425951
1391	10.425951
1392	10.425951
1393	10.390927
1394	10.390927
1395	10.390927
1396	10.390927
1397	10.390927
1398	10.390927
1399	10.390927
1400	10.42416
1401	10.42416
1402	10.42416
1403	10.417103
1404	10.448147
1405	10.448147
1406	10.448147
1407	10.448147
1408	10.448147
1409	10.448147
1410	10.448147
1411	10.448147
1412	10.448147
1413	10.448147
1414	10.448147
1415	10.448147
1416	10.448147
1417	10.448147
1418	10.448147
1419	10.448147
1420	10.448147
1421	10.448147
1422	10.448147
1423	10.448147
1424	10.448147
1425	10.448147
1426	10.448147
1427	10.448147
1428	10.470027
1429	10.470027
1430	10.470027
1431	10.470027
1432	10.470027
1433	10.470027
1434	10.470027
1435	10.470027
1436	10.470027
1437	10.470027
1438	10.470027
1439	10.470027
1440	10.470027
1441	10.470027
1442	10.470027
1443	10.470027
1444	10.470027
1445	10.470027
1446	10.470027
1447	10.470027
1448	10.470027
1449	10.470027
1450	10.470027
1451	10.470027
1452	10.470027
1453	10.470027
1454	10.470027
1455	10.470027
1456	10.470027
1457	10.470027
1458	10.470027
1459	10.470027
1460	10.470027
1461	10.470027
1462	10.470027
1463	10.470027
1464	10.470027
1465	10.470027
1466	10.470027
1467	10.470027
1468	10.470027
1469	10.470027
1470	10.470027
1471	10.470027
1472	10.470027
1473	10.470027
1474	10.470027
1475	10.470027
1476	10.470027
1477	10.470027
1478	10.470027
1479	10.470027
1480	10.470027
1481	10.470027
1482	10.470027
1483	10.470027
1484	10.470027
1485	10.470027
1486	10.470027
1487	10.470027
1488	10.470027
1489	10.470027
1490	10.470027
1491	10.470027
1492	10.444603
1493	10.444603
1494	10.444603
1495	10.444603
1496	10.444603
1497	10.444603
1498	10.444603
1499	10.444603
1500	10.444603
1501	10.444603
1502	10.444603
1503	10.444603
1504	10.444603
1505	10.444603
1506	10.444603
1507	10.444603
1508	10.470027
1509	10.470027
1510	10.470027
1511	10.470027
1512	10.470027
1513	10.470027
1514	10.470027
1515	10.470027
1516	10.470027
1517	10.470027
1518	10.486784
1519	10.486784
1520	10.486784
1521	10.486784
1522	10.486784
1523	10.486784
1524	10.486784
1525	10.486784
1526	10.486784
1527	10.486784
1528	10.486784
1529	10.45574
1530	10.45574
1531	10.464496
1532	10.464496
1533	10.464496
1534	10.464496
1535	10.464496
1536	10.464496
1537	10.464496
1538	10.464496
1539	10.464496
1540	10.464496
1541	10.464496
1542	10.464496
1543	10.464496
1544	10.464496
1545	10.464496
1546	10.464496
1547	10.464496
1548	10.464496
1549	10.464496
1550	10.464496
1551	10.464496
1552	10.464496
1553	10.464496
1554	10.464496
1555	10.464496
1556	10.464496
1557	10.464496
1558	10.464496
1559	10.464496
1560	10.464496
1561	10.464496
1562	10.464496
1563	10.464496
1564	10.464496
1565	10.464496
1566	10.464496
1567	10.464496
1568	10.464496
1569	10.464496
1570	10.464496
1571	10.464496
1572	10.464496
1573	10.464496
1574	10.464496
1575	10.464496
1576	10.464496
1577	10.464496
1578	10.464496
1579	10.45574
1580	10.45574
1581	10.45574
1582	10.45574
1583	10.45574
1584	10.45574
1585	10.45574
1586	10.45574
1587	10.45574
1588	10.45574
1589	10.452158
1590	10.452158
1591	10.452158
1592	10.452158
1593	10.452158
1594	10.452158
1595	10.452158
1596	10.452158
1597	10.452158
1598	10.452158
1599	10.452158
1600	10.452158
1601	10.460914
1602	10.460914
1603	10.460914
1604	10.460914
1605	10.460914
1606	10.460914
1607	10.460914
1608	10.460914
1609	10.460914
1610	10.444795
1611	10.444795
1612	10.444795
1613	10.444795
1614	10.444795
1615	10.444795
1616	10.444795
1617	10.45773
1618	10.45773
1619	10.45773
1620	10.45773
1621	10.45773
1622	10.45773
1623	10.45773
1624	10.45773
1625	10.45773
1626	10.480217
1627	10.480217
1628	10.480217
1629	10.480217
1630	10.480217
1631	10.480217
1632	10.480217
1633	10.480217
1634	10.480217
1635	10.480217
1636	10.480217
1637	10.480217
1638	10.480217
1639	10.480217
1640	10.480217
1641	10.480217
1642	10.480217
1643	10.480217
1644	10.480217
1645	10.480217
1646	10.480217
1647	10.480217
1648	10.480217
1649	10.480217
1650	10.480217
1651	10.480217
1652	10.480217
1653	10.480217
1654	10.480217
1655	10.480217
1656	10.480217
1657	10.480217
1658	10.480217
1659	10.480217
1660	10.480217
1661	10.480217
1662	10.480217
1663	10.480217
1664	10.480217
1665	10.480217
1666	10.480217
1667	10.480217
1668	10.480217
1669	10.480217
1670	10.480217
1671	10.496336
1672	10.496336
1673	10.496336
1674	10.496336
1675	10.496336
1676	10.496336
1677	10.496336
1678	10.496336
1679	10.496336
1680	10.496336
1681	10.496336
1682	10.496336
1683	10.496336
1684	10.496336
1685	10.496336
1686	10.496336
1687	10.496336
1688	10.496336
1689	10.496336
1690	10.496336
1691	10.496336
1692	10.496336
1693	10.496336
1694	10.496336
1695	10.496336
1696	10.496336
1697	10.496336
1698	10.496336
1699	10.496336
1700	10.496336
1701	10.496336
1702	10.496336
1703	10.496336
1704	10.496336
1705	10.496336
1706	10.496336
1707	10.496336
1708	10.496336
1709	10.496336
1710	10.496336
1711	10.496336
1712	10.496336
1713	10.496336
1714	10.496336
1715	10.496336
1716	10.496336
1717	10.496336
1718	10.496336
1719	10.496336
1720	10.496336
1721	10.496336
1722	10.496336
1723	10.496336
1724	10.496336
1725	10.496336
1726	10.496336
1727	10.496336
1728	10.496336
1729	10.496336
1730	10.496336
1731	10.496336
1732	10.496336
1733	10.496336
1734	10.496336
1735	10.496336
1736	10.496336
1737	10.496336
1738	10.496336
1739	10.496336
1740	10.496336
1741	10.496336
1742	10.496336
1743	10.496336
1744	10.496336
1745	10.496336
1746	10.496336
1747	10.496336
1748	10.496336
1749	10.496336
1750	10.496336
1751	10.496336
1752	10.496336
1753	10.496336
1754	10.518624
1755	10.518624
1756	10.518624
1757	10.518624
1758	10.518624
1759	10.518624
1760	10.518624
1761	10.518624
1762	10.518624
1763	10.518624
1764	10.518624
1765	10.518624
1766	10.518624
1767	10.518624
1768	10.518624
1769	10.518624
1770	10.518624
1771	10.518624
1772	10.518624
1773	10.518624
1774	10.506485
1775	10.506485
1776	10.506485
1777	10.506485
1778	10.506485
1779	10.506485
1780	10.506485
1781	10.506485
1782	10.506485
1783	10.506485
1784	10.506485
1785	10.506485
1786	10.506485
1787	10.506485
1788	10.506485
1789	10.506485
1790	10.506485
1791	10.506485
1792	10.506485
1793	10.506485
1794	10.506485
1795	10.506485
1796	10.506485
1797	10.516236
1798	10.516236
1799	10.516236
1800	10.516236
1801	10.516236
1802	10.516236
1803	10.516236
1804	10.516236
1805	10.516236
1806	10.516236
1807	10.516236
1808	10.516236
1809	10.516236
1810	10.516236
1811	10.516236
1812	10.516236
1813	10.516236
1814	10.516236
1815	10.516236
1816	10.516236
1817	10.516236
1818	10.516236
1819	10.516236
1820	10.516236
1821	10.516236
1822	10.516236
1823	10.516236
1824	10.516236
1825	10.516236
1826	10.516236
1827	10.516236
1828	10.516236
1829	10.516236
1830	10.516236
1831	10.516236
1832	10.516236
1833	10.516236
1834	10.516236
1835	10.516236
1836	10.516236
1837	10.516236
1838	10.516236
1839	10.516236
1840	10.516236
1841	10.516236
1842	10.516236
1843	10.516236
1844	10.516236
1845	10.516236
1846	10.516236
1847	10.516236
1848	10.516236
1849	10.516236
1850	10.516236
1851	10.516236
1852	10.516236
1853	10.516236
1854	10.516236
1855	10.516236
1856	10.516236
1857	10.516236
1858	10.516236
1859	10.516236
1860	10.516236
1861	10.516236
1862	10.516236
1863	10.572461
1864	10.572461
1865	10.572461
1866	10.572461
1867	10.572461
1868	10.572461
1869	10.572461
1870	10.572461
1871	10.572461
1872	10.572461
1873	10.572461
1874	10.572461
1875	10.572461
1876	10.572461
1877	10.572461
1878	10.572461
1879	10.572461
1880	10.572461
1881	10.572461
1882	10.572461
1883	10.572461
1884	10.572461
1885	10.572461
1886	10.585794
1887	10.585794
1888	10.585794
1889	10.585794
1890	10.585794
1891	10.585794
1892	10.585794
1893	10.585794
1894	10.585794
1895	10.585794
1896	10.585794
1897	10.585794
1898	10.585794
1899	10.585794
1900	10.585794
1901	10.585794
1902	10.585794
1903	10.585794
1904	10.585794
1905	10.585794
1906	10.585794
1907	10.585794
1908	10.585794
1909	10.585794
1910	10.585794
1911	10.585794
1912	10.585794
1913	10.585794
1914	10.585794
1915	10.585794
1916	10.585794
1917	10.585794
1918	10.585794
1919	10.585794
1920	10.585794
1921	10.585794
1922	10.585794
1923	10.585794
1924	10.585794
1925	10.585794
1926	10.585794
1927	10.585794
1928	10.585794
1929	10.585794
1930	10.585794
1931	10.585794
1932	10.585794
1933	10.585794
1934	10.585794
1935	10.585794
1936	10.585794
1937	10.585794
1938	10.585794
1939	10.585794
1940	10.585794
1941	10.585794
1942	10.585794
1943	10.585794
1944	10.585794
1945	10.585794
1946	10.585794
1947	10.585794
1948	10.585794
1949	10.585794
1950	10.585794
1951	10.585794
1952	10.585794
1953	10.585794
1954	10.585794
1955	10.585794
1956	10.585794
1957	10.585794
1958	10.585794
1959	10.585794
1960	10.585794
1961	10.585794
1962	10.585794
1963	10.585794
1964	10.585794
1965	10.585794
1966	10.585794
1967	10.585794
1968	10.585794
1969	10.585794
1970	10.585794
1971	10.585794
1972	10.585794
1973	10.585794
1974	10.585794
1975	10.585794
1976	10.585794
1977	10.585794
1978	10.585794
1979	10.585794
1980	10.585794
1981	10.585794
1982	10.585794
1983	10.585794
1984	10.585794
1985	10.585794
1986	10.585794
1987	10.585794
1988	10.585794
1989	10.585794
1990	10.585794
1991	10.585794
1992	10.585794
1993	10.585794
1994	10.585794
1995	10.585794
1996	10.585794
1997	10.585794
1998	10.585794
1999	10.585794
2000	10.585794
2001	10.585794
2002	10.585794
2003	10.585794
2004	10.585794
2005	10.585794
2006	10.585794
2007	10.585794
2008	10.585794
2009	10.585794
2010	10.585794
2011	10.585794
2012	10.585794
2013	10.585794
2014	10.585794
2015	10.585794
2016	10.585794
2017	10.585794
2018	10.585794
2019	10.585794
2020	10.585794
2021	10.585794
2022	10.585794
2023	10.585794
2024	10.585794
2025	10.585794
2026	10.585794
2027	10.585794
2028	10.585794
2029	10.585794
2030	10.585794
2031	10.585794
2032	10.585794
2033	10.585794
2034	10.585794
2035	10.585794
2036	10.585794
2037	10.585794
2038	10.585794
2039	10.585794
2040	10.585794
2041	10.585794
2042	10.585794
2043	10.585794
2044	10.585794
2045	10.585794
2046	10.585794
2047	10.585794
2048	10.585794
2049	10.585794
2050	10.585794
2051	10.585794
2052	10.585794
2053	10.585794
2054	10.585794
2055	10.585794
2056	10.585794
2057	10.585794
2058	10.585794
2059	10.585794
2060	10.585794
2061	10.585794
2062	10.585794
2063	10.585794
2064	10.585794
2065	10.585794
2066	10.585794
2067	10.585794
2068	10.585794
2069	10.585794
2070	10.585794
2071	10.585794
2072	10.585794
2073	10.585794
2074	10.585794
2075	10.585794
2076	10.585794
2077	10.585794
2078	10.585794
2079	10.585794
2080	10.585794
2081	10.585794
2082	10.585794
2083	10.585794
2084	10.585794
2085	10.585794
2086	10.585794
2087	10.585794
2088	10.585794
2089	10.585794
2090	10.585794
2091	10.585794
2092	10.585794
2093	10.585794
2094	10.585794
2095	10.585794
2096	10.585794
2097	10.585794
2098	10.585794
2099	10.585794
2100	10.585794
2101	10.585794
2102	10.585794
2103	10.585794
2104	10.585794
2105	10.585794
2106	10.585794
2107	10.585794
2108	10.585794
2109	10.585794
2110	10.585794
2111	10.585794
2112	10.585794
2113	10.585794
2114	10.585794
2115	10.585794
2116	10.585794
2117	10.585794
2118	10.585794
2119	10.585794
2120	10.585794
2121	10.585794
2122	10.585794
2123	10.585794
2124	10.585794
2125	10.585794
2126	10.585794
2127	10.585794
2128	10.585794
2129	10.585794
2130	10.585794
2131	10.585794
2132	10.585794
2133	10.585794
2134	10.585794
2135	10.585794
2136	10.585794
2137	10.585794
2138	10.585794
2139	10.585794
2140	10.585794
2141	10.585794
2142	10.585794
2143	10.585794
2144	10.585794
2145	10.585794
2146	10.585794
2147	10.585794
2148	10.585794
2149	10.585794
2150	10.585794
2151	10.585794
2152	10.585794
2153	10.585794
2154	10.585794
2155	10.585794
2156	10.585794
2157	10.585794
2158	10.585794
2159	10.585794
2160	10.585794
2161	10.585794
2162	10.585794
2163	10.585794
2164	10.585794
2165	10.585794
2166	10.585794
2167	10.585794
2168	10.585794
2169	10.585794
2170	10.585794
2171	10.585794
2172	10.585794
2173	10.585794
2174	10.585794
2175	10.585794
2176	10.585794
2177	10.585794
2178	10.585794
2179	10.585794
2180	10.585794
2181	10.585794
2182	10.585794
2183	10.585794
2184	10.585794
2185	10.585794
2186	10.585794
2187	10.585794
2188	10.585794
2189	10.585794
2190	10.585794
2191	10.585794
2192	10.585794
2193	10.585794
2194	10.585794
2195	10.585794
2196	10.585794
2197	10.585794
2198	10.585794
2199	10.585794
2200	10.585794
2201	10.585794
2202	10.585794
2203	10.585794
2204	10.585794
2205	10.585794
2206	10.585794
2207	10.585794
2208	10.585794
2209	10.585794
2210	10.585794
2211	10.585794
2212	10.585794
2213	10.585794
2214	10.585794
2215	10.585794
2216	10.585794
2217	10.585794
2218	10.585794
2219	10.585794
2220	10.585794
2221	10.585794
2222	10.585794
2223	10.585794
2224	10.585794
2225	10.585794
2226	10.585794
2227	10.585794
2228	10.585794
2229	10.585794
2230	10.585794
2231	10.585794
2232	10.585794
2233	10.585794
2234	10.585794
2235	10.585794
2236	10.585794
2237	10.585794
2238	10.585794
2239	10.585794
2240	10.585794
2241	10.585794
2242	10.585794
2243	10.585794
2244	10.585794
2245	10.585794
2246	10.585794
2247	10.585794
2248	10.585794
2249	10.585794
2250	10.585794
2251	10.585794
2252	10.585794
2253	10.585794
2254	10.585794
2255	10.585794
2256	10.585794
2257	10.585794
2258	10.585794
2259	10.585794
2260	10.585794
2261	10.585794
2262	10.585794
2263	10.585794
2264	10.585794
2265	10.585794
2266	10.585794
2267	10.585794
2268	10.585794
2269	10.585794
2270	10.585794
2271	10.585794
2272	10.585794
2273	10.585794
2274	10.585794
2275	10.585794
2276	10.585794
2277	10.585794
2278	10.585794
2279	10.585794
2280	10.585794
2281	10.585794
2282	10.585794
2283	10.585794
2284	10.585794
2285	10.585794
2286	10.585794
2287	10.585794
2288	10.585794
2289	10.585794
2290	10.585794
2291	10.585794
2292	10.585794
2293	10.585794
2294	10.585794
2295	10.585794
2296	10.585794
2297	10.585794
2298	10.585794
2299	10.585794
2300	10.585794
2301	10.585794
2302	10.585794
2303	10.585794
2304	10.585794
2305	10.585794
2306	10.585794
2307	10.585794
2308	10.585794
2309	10.585794
2310	10.585794
2311	10.585794
2312	10.585794
2313	10.585794
2314	10.585794
2315	10.585794
2316	10.585794
2317	10.585794
2318	10.585794
2319	10.585794
2320	10.585794
2321	10.585794
2322	10.585794
2323	10.585794
2324	10.585794
2325	10.585794
2326	10.585794
2327	10.585794
2328	10.585794
2329	10.585794
2330	10.585794
2331	10.585794
2332	10.585794
2333	10.585794
2334	10.585794
2335	10.585794
2336	10.585794
2337	10.585794
2338	10.585794
2339	10.585794
2340	10.585794
2341	10.585794
2342	10.585794
2343	10.585794
2344	10.585794
2345	10.585794
2346	10.585794
2347	10.585794
2348	10.585794
2349	10.585794
2350	10.585794
2351	10.585794
2352	10.585794
2353	10.585794
2354	10.585794
2355	10.585794
2356	10.585794
2357	10.585794
2358	10.585794
2359	10.585794
2360	10.585794
2361	10.585794
2362	10.585794
2363	10.585794
2364	10.585794
2365	10.585794
2366	10.585794
2367	10.585794
2368	10.585794
2369	10.585794
2370	10.585794
2371	10.585794
2372	10.585794
2373	10.585794
2374	10.585794
2375	10.585794
2376	10.585794
2377	10.585794
2378	10.585794
2379	10.585794
2380	10.585794
2381	10.585794
2382	10.585794
2383	10.585794
2384	10.585794
2385	10.585794
2386	10.585794
2387	10.585794
2388	10.585794
2389	10.585794
2390	10.585794
2391	10.585794
2392	10.585794
2393	10.585794
2394	10.585794
2395	10.585794
2396	10.585794
2397	10.585794
2398	10.585794
2399	10.585794
2400	10.585794
2401	10.585794
2402	10.585794
2403	10.585794
2404	10.585794
2405	10.585794
2406	10.585794
2407	10.585794
2408	10.585794
2409	10.585794
2410	10.585794
2411	10.585794
2412	10.585794
2413	10.585794
2414	10.585794
2415	10.585794
2416	10.585794
2417	10.585794
2418	10.585794
2419	10.585794
2420	10.585794
2421	10.585794
2422	10.585794
2423	10.585794
2424	10.585794
2425	10.585794
2426	10.585794
2427	10.585794
2428	10.585794
2429	10.585794
2430	10.585794
2431	10.585794
2432	10.585794
2433	10.585794
2434	10.585794
2435	10.585794
2436	10.585794
2437	10.585794
2438	10.585794
2439	10.585794
2440	10.585794
2441	10.585794
2442	10.585794
2443	10.585794
2444	10.585794
2445	10.585794
2446	10.585794
2447	10.585794
2448	10.585794
2449	10.585794
2450	10.585794
2451	10.585794
2452	10.585794
2453	10.585794
2454	10.585794
2455	10.585794
2456	10.585794
2457	10.585794
2458	10.585794
2459	10.585794
2460	10.585794
2461	10.585794
2462	10.585794
2463	10.585794
2464	10.585794
2465	10.585794
2466	10.585794
2467	10.585794
2468	10.585794
2469	10.585794
2470	10.585794
2471	10.585794
2472	10.585794
2473	10.585794
2474	10.585794
2475	10.585794
2476	10.585794
2477	10.585794
2478	10.585794
2479	10.585794
2480	10.585794
2481	10.585794
2482	10.585794
2483	10.585794
2484	10.585794
2485	10.585794
2486	10.585794
2487	10.585794
2488	10.585794
2489	10.585794
2490	10.585794
2491	10.585794
2492	10.585794
2493	10.585794
2494	10.585794
2495	10.585794
2496	10.585794
2497	10.585794
2498	10.585794
2499	10.585794
2500	10.585794
2501	10.585794
2502	10.585794
2503	10.585794
2504	10.585794
2505	10.585794
2506	10.585794
2507	10.585794
2508	10.585794
2509	10.585794
2510	10.585794
2511	10.585794
2512	10.585794
2513	10.585794
2514	10.585794
2515	10.585794
2516	10.585794
2517	10.585794
2518	10.585794
2519	10.585794
2520	10.585794
2521	10.585794
2522	10.585794
2523	10.585794
2524	10.585794
2525	10.585794
2526	10.585794
2527	10.585794
2528	10.585794
2529	10.585794
2530	10.585794
2531	10.585794
2532	10.585794
2533	10.585794
2534	10.585794
2535	10.585794
2536	10.585794
2537	10.585794
2538	10.585794
2539	10.585794
2540	10.585794
2541	10.585794
2542	10.585794
2543	10.585794
2544	10.585794
2545	10.585794
2546	10.585794
2547	10.585794
2548	10.585794
2549	10.585794
2550	10.585794
2551	10.585794
2552	10.585794
2553	10.585794
2554	10.585794
2555	10.585794
2556	10.585794
2557	10.585794
2558	10.585794
2559	10.585794
2560	10.585794
2561	10.585794
2562	10.585794
2563	10.585794
2564	10.585794
2565	10.585794
2566	10.585794
2567	10.585794
2568	10.585794
2569	10.585794
2570	10.585794
2571	10.585794
2572	10.585794
2573	10.585794
2574	10.585794
2575	10.585794
2576	10.585794
2577	10.585794
2578	10.585794
2579	10.585794
2580	10.585794
2581	10.585794
2582	10.585794
2583	10.585794
2584	10.585794
2585	10.585794
2586	10.585794
2587	10.585794
2588	10.585794
2589	10.585794
2590	10.585794
2591	10.585794
2592	10.585794
2593	10.585794
2594	10.585794
2595	10.585794
2596	10.585794
2597	10.585794
2598	10.585794
2599	10.585794
2600	10.585794
2601	10.585794
2602	10.585794
2603	10.585794
2604	10.585794
2605	10.585794
2606	10.585794
2607	10.585794
2608	10.585794
2609	10.585794
2610	10.585794
2611	10.585794
2612	10.585794
2613	10.585794
2614	10.585794
2615	10.585794
2616	10.585794
2617	10.585794
2618	10.585794
2619	10.585794
2620	10.585794
2621	10.585794
2622	10.585794
2623	10.585794
2624	10.585794
2625	10.585794
2626	10.585794
2627	10.585794
2628	10.585794
2629	10.585794
2630	10.585794
2631	10.585794
2632	10.585794
2633	10.585794
2634	10.585794
2635	10.585794
2636	10.585794
2637	10.585794
2638	10.585794
2639	10.585794
2640	10.585794
2641	10.585794
2642	10.585794
2643	10.585794
2644	10.585794
2645	10.585794
2646	10.585794
2647	10.585794
2648	10.585794
2649	10.585794
2650	10.585794
2651	10.585794
2652	10.585794
2653	10.585794
2654	10.585794
2655	10.585794
2656	10.585794
2657	10.585794
2658	10.585794
2659	10.585794
2660	10.585794
2661	10.585794
2662	10.585794
2663	10.585794
2664	10.585794
2665	10.585794
2666	10.585794
2667	10.585794
2668	10.585794
2669	10.585794
2670	10.585794
2671	10.585794
2672	10.585794
2673	10.585794
2674	10.585794
2675	10.585794
2676	10.585794
2677	10.585794
2678	10.585794
2679	10.585794
2680	10.585794
2681	10.585794
2682	10.585794
2683	10.585794
2684	10.585794
2685	10.585794
2686	10.585794
2687	10.585794
2688	10.585794
2689	10.585794
2690	10.585794
2691	10.585794
2692	10.585794
2693	10.585794
2694	10.585794
2695	10.585794
2696	10.585794
2697	10.585794
2698	10.585794
2699	10.585794
2700	10.585794
2701	10.585794
2702	10.585794
2703	10.585794
2704	10.585794
2705	10.585794
2706	10.585794
2707	10.585794
2708	10.585794
2709	10.585794
2710	10.585794
2711	10.585794
2712	10.585794
2713	10.585794
2714	10.585794
2715	10.585794
2716	10.585794
2717	10.585794
2718	10.585794
2719	10.585794
2720	10.585794
2721	10.585794
2722	10.585794
2723	10.585794
2724	10.585794
2725	10.585794
2726	10.585794
2727	10.585794
2728	10.585794
2729	10.585794
2730	10.585794
2731	10.585794
2732	10.585794
2733	10.585794
2734	10.585794
2735	10.585794
2736	10.585794
2737	10.585794
2738	10.585794
2739	10.585794
2740	10.585794
2741	10.585794
2742	10.585794
2743	10.585794
2744	10.585794
2745	10.585794
2746	10.585794
2747	10.585794
2748	10.585794
2749	10.585794
2750	10.585794
2751	10.585794
2752	10.585794
2753	10.585794
2754	10.585794
2755	10.585794
2756	10.585794
2757	10.585794
2758	10.585794
2759	10.585794
2760	10.585794
2761	10.585794
2762	10.585794
2763	10.585794
2764	10.585794
2765	10.585794
2766	10.585794
2767	10.585794
2768	10.585794
2769	10.585794
2770	10.585794
2771	10.585794
2772	10.585794
2773	10.585794
2774	10.585794
2775	10.585794
2776	10.585794
2777	10.585794
2778	10.585794
2779	10.585794
2780	10.585794
2781	10.585794
2782	10.585794
2783	10.585794
2784	10.585794
2785	10.585794
2786	10.585794
2787	10.585794
2788	10.585794
2789	10.585794
2790	10.585794
2791	10.585794
2792	10.585794
2793	10.585794
2794	10.585794
2795	10.585794
2796	10.585794
2797	10.585794
2798	10.585794
2799	10.585794
2800	10.585794
2801	10.585794
2802	10.585794
2803	10.585794
2804	10.585794
2805	10.585794
2806	10.585794
2807	10.585794
2808	10.585794
2809	10.585794
2810	10.585794
2811	10.585794
2812	10.585794
2813	10.585794
2814	10.585794
2815	10.585794
2816	10.585794
2817	10.585794
2818	10.585794
2819	10.585794
2820	10.585794
2821	10.585794
2822	10.585794
2823	10.585794
2824	10.585794
2825	10.585794
2826	10.585794
2827	10.585794
2828	10.585794
2829	10.585794
2830	10.585794
2831	10.585794
2832	10.585794
2833	10.585794
2834	10.585794
2835	10.585794
2836	10.585794
2837	10.585794
2838	10.585794
2839	10.585794
2840	10.585794
2841	10.585794
2842	10.585794
2843	10.585794
2844	10.585794
2845	10.585794
2846	10.585794
2847	10.585794
2848	10.585794
2849	10.585794
2850	10.585794
2851	10.585794
2852	10.585794
2853	10.585794
2854	10.585794
2855	10.585794
2856	10.585794
2857	10.585794
2858	10.585794
2859	10.585794
2860	10.585794
2861	10.585794
2862	10.585794
2863	10.585794
2864	10.585794
2865	10.585794
2866	10.585794
2867	10.585794
2868	10.585794
2869	10.585794
2870	10.585794
2871	10.585794
2872	10.585794
2873	10.585794
2874	10.585794
2875	10.585794
2876	10.585794
2877	10.585794
2878	10.585794
2879	10.585794
2880	10.585794
2881	10.585794
2882	10.585794
2883	10.585794
2884	10.585794
2885	10.585794
2886	10.585794
2887	10.585794
2888	10.585794
2889	10.585794
2890	10.585794
2891	10.585794
2892	10.585794
2893	10.585794
2894	10.585794
2895	10.585794
2896	10.585794
2897	10.585794
2898	10.585794
2899	10.585794
2900	10.585794
2901	10.585794
2902	10.585794
2903	10.585794
2904	10.585794
2905	10.585794
2906	10.585794
2907	10.585794
2908	10.585794
2909	10.585794
2910	10.585794
2911	10.585794
2912	10.585794
2913	10.585794
2914	10.585794
2915	10.585794
2916	10.585794
2917	10.585794
2918	10.585794
2919	10.585794
2920	10.585794
2921	10.585794
2922	10.585794
2923	10.585794
2924	10.585794
2925	10.585794
2926	10.585794
2927	10.585794
2928	10.585794
2929	10.585794
2930	10.585794
2931	10.585794
2932	10.585794
2933	10.585794
2934	10.585794
2935	10.585794
2936	10.585794
2937	10.585794
2938	10.585794
2939	10.585794
2940	10.585794
2941	10.585794
2942	10.585794
2943	10.585794
2944	10.585794
2945	10.585794
2946	10.585794
2947	10.585794
2948	10.585794
2949	10.585794
2950	10.585794
2951	10.585794
2952	10.585794
2953	10.585794
2954	10.585794
2955	10.585794
2956	10.585794
2957	10.585794
2958	10.585794
2959	10.585794
2960	10.585794
2961	10.585794
2962	10.585794
2963	10.585794
2964	10.585794
2965	10.585794
2966	10.585794
2967	10.585794
2968	10.585794
2969	10.585794
2970	10.585794
2971	10.585794
2972	10.585794
2973	10.585794
2974	10.585794
2975	10.585794
2976	10.585794
2977	10.585794
2978	10.585794
2979	10.585794
2980	10.585794
2981	10.585794
2982	10.585794
2983	10.585794
2984	10.585794
2985	10.585794
2986	10.585794
2987	10.585794
2988	10.585794
2989	10.585794
2990	10.585794
2991	10.585794
2992	10.585794
2993	10.585794
2994	10.585794
2995	10.585794
2996	10.585794
2997	10.585794
2998	10.585794
2999	10.585794
3000	10.585794
3001	10.585794
3002	10.585794
3003	10.585794
3004	10.585794
3005	10.585794
3006	10.585794
3007	10.585794
3008	10.585794
3009	10.585794
3010	10.585794
3011	10.585794
3012	10.585794
3013	10.585794
3014	10.585794
3015	10.585794
3016	10.585794
3017	10.585794
3018	10.585794
3019	10.585794
3020	10.585794
3021	10.585794
3022	10.585794
3023	10.585794
3024	10.585794
3025	10.585794
3026	10.585794
3027	10.585794
3028	10.585794
3029	10.585794
3030	10.585794
3031	10.585794
3032	10.585794
3033	10.585794
3034	10.585794
3035	10.585794
3036	10.585794
3037	10.585794
3038	10.585794
3039	10.585794
3040	10.585794
3041	10.585794
3042	10.585794
3043	10.585794
3044	10.585794
3045	10.585794
3046	10.585794
3047	10.585794
3048	10.585794
3049	10.585794
3050	10.585794
3051	10.585794
3052	10.585794
3053	10.585794
3054	10.585794
3055	10.585794
3056	10.585794
3057	10.585794
3058	10.585794
3059	10.585794
3060	10.585794
3061	10.585794
3062	10.585794
3063	10.585794
3064	10.585794
3065	10.585794
3066	10.585794
3067	10.585794
3068	10.585794
3069	10.585794
3070	10.585794
3071	10.585794
3072	10.585794
3073	10.585794
3074	10.585794
3075	10.585794
3076	10.585794
3077	10.585794
3078	10.585794
3079	10.585794
3080	10.585794
3081	10.585794
3082	10.585794
3083	10.585794
3084	10.585794
3085	10.585794
3086	10.585794
3087	10.585794
3088	10.585794
3089	10.585794
3090	10.585794
3091	10.585794
3092	10.585794
3093	10.585794
3094	10.585794
3095	10.585794
3096	10.585794
3097	10.585794
3098	10.585794
3099	10.585794
3100	10.585794
3101	10.585794
3102	10.585794
3103	10.585794
3104	10.585794
3105	10.585794
3106	10.585794
3107	10.585794
3108	10.585794
3109	10.585794
3110	10.585794
3111	10.585794
3112	10.585794
3113	10.585794
3114	10.585794
3115	10.585794
3116	10.585794
3117	10.585794
3118	10.585794
3119	10.585794
3120	10.585794
3121	10.585794
3122	10.585794
3123	10.585794
3124	10.585794
3125	10.585794
3126	10.585794
3127	10.585794
3128	10.585794
3129	10.585794
3130	10.585794
3131	10.585794
3132	10.585794
3133	10.585794
3134	10.585794
3135	10.585794
3136	10.585794
3137	10.585794
3138	10.585794
3139	10.585794
3140	10.585794
3141	10.585794
3142	10.585794
3143	10.585794
3144	10.585794
3145	10.585794
3146	10.585794
3147	10.585794
3148	10.585794
3149	10.585794
3150	10.585794
3151	10.585794
3152	10.585794
3153	10.585794
3154	10.585794
3155	10.585794
3156	10.585794
3157	10.585794
3158	10.585794
3159	10.585794
3160	10.585794
3161	10.585794
3162	10.585794
3163	10.585794
3164	10.585794
3165	10.585794
3166	10.585794
3167	10.585794
3168	10.585794
3169	10.585794
3170	10.585794
3171	10.585794
3172	10.585794
3173	10.585794
3174	10.585794
3175	10.585794
3176	10.585794
3177	10.585794
3178	10.585794
3179	10.585794
3180	10.585794
3181	10.585794
3182	10.585794
3183	10.585794
3184	10.585794
3185	10.585794
3186	10.585794
3187	10.585794
3188	10.585794
3189	10.585794
3190	10.585794
3191	10.585794
3192	10.585794
3193	10.585794
3194	10.585794
3195	10.585794
3196	10.585794
3197	10.585794
3198	10.585794
3199	10.585794
3200	10.585794
3201	10.585794
3202	10.585794
3203	10.585794
3204	10.585794
3205	10.585794
3206	10.585794
3207	10.585794
3208	10.585794
3209	10.585794
3210	10.585794
3211	10.585794
3212	10.585794
3213	10.585794
3214	10.585794
3215	10.585794
3216	10.585794
3217	10.585794
3218	10.585794
3219	10.585794
3220	10.585794
3221	10.585794
3222	10.585794
3223	10.585794
3224	10.585794
3225	10.585794
3226	10.585794
3227	10.585794
3228	10.585794
3229	10.585794
3230	10.585794
3231	10.585794
3232	10.585794
3233	10.585794
3234	10.585794
3235	10.585794
3236	10.585794
3237	10.585794
3238	10.585794
3239	10.585794
3240	10.585794
3241	10.585794
3242	10.585794
3243	10.585794
3244	10.585794
3245	10.585794
3246	10.585794
3247	10.585794
3248	10.585794
3249	10.585794
3250	10.585794
3251	10.585794
3252	10.585794
3253	10.585794
3254	10.585794
3255	10.585794
3256	10.585794
3257	10.585794
3258	10.585794
3259	10.585794
3260	10.585794
3261	10.585794
3262	10.585794
3263	10.585794
3264	10.585794
3265	10.585794
3266	10.585794
3267	10.585794
3268	10.585794
3269	10.585794
3270	10.585794
3271	10.585794
3272	10.585794
3273	10.585794
3274	10.585794
3275	10.585794
3276	10.585794
3277	10.585794
3278	10.585794
3279	10.585794
3280	10.585794
3281	10.585794
3282	10.585794
3283	10.585794
3284	10.585794
3285	10.585794
3286	10.585794
3287	10.585794
3288	10.585794
3289	10.585794
3290	10.585794
3291	10.585794
3292	10.585794
3293	10.585794
3294	10.585794
3295	10.585794
3296	10.585794
3297	10.585794
3298	10.585794
3299	10.585794
3300	10.585794
3301	10.585794
3302	10.585794
3303	10.585794
3304	10.585794
3305	10.585794
3306	10.585794
3307	10.585794
3308	10.585794
3309	10.585794
3310	10.585794
3311	10.585794
3312	10.585794
3313	10.585794
3314	10.585794
3315	10.585794
3316	10.585794
3317	10.585794
3318	10.585794
3319	10.585794
3320	10.585794
3321	10.585794
3322	10.585794
3323	10.585794
3324	10.585794
3325	10.585794
3326	10.585794
3327	10.585794
3328	10.585794
3329	10.585794
3330	10.585794
3331	10.585794
3332	10.585794
3333	10.585794
3334	10.585794
3335	10.585794
3336	10.585794
3337	10.585794
3338	10.585794
3339	10.585794
3340	10.585794
3341	10.585794
3342	10.585794
3343	10.585794
3344	10.585794
3345	10.585794
3346	10.585794
3347	10.585794
3348	10.585794
3349	10.585794
3350	10.585794
3351	10.585794
3352	10.585794
3353	10.585794
3354	10.585794
3355	10.585794
3356	10.585794
3357	10.585794
3358	10.585794
3359	10.585794
3360	10.585794
3361	10.585794
3362	10.585794
3363	10.585794
3364	10.585794
3365	10.585794
3366	10.585794
3367	10.585794
3368	10.585794
3369	10.585794
3370	10.585794
3371	10.585794
3372	10.585794
3373	10.585794
3374	10.585794
3375	10.585794
3376	10.585794
3377	10.585794
3378	10.585794
3379	10.585794
3380	10.585794
3381	10.585794
3382	10.585794
3383	10.585794
3384	10.585794
3385	10.585794
3386	10.585794
3387	10.585794
3388	10.585794
3389	10.585794
3390	10.585794
3391	10.585794
3392	10.585794
3393	10.585794
3394	10.585794
3395	10.585794
3396	10.585794
3397	10.585794
3398	10.585794
3399	10.585794
3400	10.585794
3401	10.585794
3402	10.585794
3403	10.585794
3404	10.585794
3405	10.585794
3406	10.585794
3407	10.585794
3408	10.585794
3409	10.585794
3410	10.585794
3411	10.585794
3412	10.585794
3413	10.585794
3414	10.585794
3415	10.585794
3416	10.585794
3417	10.585794
3418	10.585794
3419	10.585794
3420	10.585794
3421	10.585794
3422	10.585794
3423	10.585794
3424	10.585794
3425	10.585794
3426	10.585794
3427	10.585794
3428	10.585794
3429	10.585794
3430	10.585794
3431	10.585794
3432	10.585794
3433	10.585794
3434	10.585794
3435	10.585794
3436	10.585794
3437	10.585794
3438	10.585794
3439	10.585794
3440	10.585794
3441	10.585794
3442	10.585794
3443	10.585794
3444	10.585794
3445	10.585794
3446	10.585794
3447	10.585794
3448	10.585794
3449	10.585794
3450	10.585794
3451	10.585794
3452	10.585794
3453	10.585794
3454	10.585794
3455	10.585794
3456	10.585794
3457	10.585794
3458	10.585794
3459	10.585794
3460	10.585794
3461	10.585794
3462	10.585794
3463	10.585794
3464	10.585794
3465	10.585794
3466	10.585794
3467	10.585794
3468	10.585794
3469	10.585794
3470	10.585794
3471	10.585794
3472	10.585794
3473	10.585794
3474	10.585794
3475	10.585794
3476	10.585794
3477	10.585794
3478	10.585794
3479	10.585794
3480	10.585794
3481	10.585794
3482	10.585794
3483	10.585794
3484	10.585794
3485	10.585794
3486	10.585794
3487	10.585794
3488	10.585794
3489	10.585794
3490	10.585794
3491	10.585794
3492	10.585794
3493	10.585794
3494	10.585794
3495	10.585794
3496	10.585794
3497	10.585794
3498	10.585794
3499	10.585794
3500	10.585794
3501	10.585794
3502	10.585794
3503	10.585794
3504	10.585794
3505	10.585794
3506	10.585794
3507	10.585794
3508	10.585794
3509	10.585794
3510	10.585794
3511	10.585794
3512	10.585794
3513	10.585794
3514	10.585794
3515	10.585794
3516	10.585794
3517	10.585794
3518	10.585794
3519	10.585794
3520	10.585794
3521	10.585794
3522	10.585794
3523	10.585794
3524	10.585794
3525	10.585794
3526	10.585794
3527	10.585794
3528	10.585794
3529	10.585794
3530	10.585794
3531	10.585794
3532	10.585794
3533	10.585794
3534	10.585794
3535	10.585794
3536	10.585794
3537	10.585794
3538	10.585794
3539	10.585794
3540	10.585794
3541	10.585794
3542	10.585794
3543	10.585794
3544	10.585794
3545	10.585794
3546	10.585794
3547	10.585794
3548	10.585794
3549	10.585794
3550	10.585794
3551	10.585794
3552	10.585794
3553	10.585794
3554	10.585794
3555	10.585794
3556	10.585794
3557	10.585794
3558	10.585794
3559	10.585794
3560	10.585794
3561	10.585794
3562	10.585794
3563	10.585794
3564	10.585794
3565	10.585794
3566	10.585794
3567	10.585794
3568	10.585794
3569	10.585794
3570	10.585794
3571	10.585794
3572	10.585794
3573	10.585794
3574	10.585794
3575	10.585794
3576	10.585794
3577	10.585794
3578	10.585794
3579	10.585794
3580	10.585794
3581	10.585794
3582	10.585794
3583	10.585794
3584	10.585794
3585	10.585794
3586	10.585794
3587	10.585794
3588	10.585794
3589	10.585794
3590	10.585794
3591	10.585794
3592	10.585794
3593	10.585794
3594	10.585794
3595	10.585794
3596	10.585794
3597	10.585794
3598	10.585794
3599	10.585794
3600	10.585794
3601	10.585794
3602	10.585794
3603	10.585794
3604	10.585794
3605	10.585794
3606	10.585794
3607	10.585794
3608	10.585794
3609	10.585794
3610	10.585794
3611	10.585794
3612	10.585794
3613	10.585794
3614	10.585794
3615	10.585794
3616	10.585794
3617	10.585794
3618	10.585794
3619	10.585794
3620	10.585794
3621	10.585794
3622	10.585794
3623	10.585794
3624	10.585794
3625	10.585794
3626	10.585794
3627	10.585794
3628	10.585794
3629	10.585794
3630	10.585794
3631	10.585794
3632	10.585794
3633	10.585794
3634	10.585794
3635	10.585794
3636	10.585794
3637	10.585794
3638	10.585794
3639	10.585794
3640	10.585794
3641	10.585794
3642	10.585794
3643	10.585794
3644	10.585794
3645	10.585794
3646	10.585794
3647	10.585794
3648	10.585794
3649	10.585794
3650	10.585794
3651	10.585794
3652	10.585794
3653	10.585794
3654	10.585794
3655	10.585794
3656	10.585794
3657	10.585794
3658	10.585794
3659	10.585794
3660	10.585794
3661	10.585794
3662	10.585794
3663	10.585794
3664	10.585794
3665	10.585794
3666	10.585794
3667	10.585794
3668	10.585794
3669	10.585794
3670	10.585794
3671	10.585794
3672	10.585794
3673	10.585794
3674	10.585794
3675	10.585794
3676	10.585794
3677	10.585794
3678	10.585794
3679	10.585794
3680	10.585794
3681	10.585794
3682	10.585794
3683	10.585794
3684	10.585794
3685	10.585794
3686	10.585794
3687	10.585794
3688	10.585794
3689	10.585794
3690	10.585794
3691	10.585794
3692	10.585794
3693	10.585794
3694	10.585794
3695	10.585794
3696	10.585794
3697	10.585794
3698	10.585794
3699	10.585794
3700	10.585794
3701	10.585794
3702	10.585794
3703	10.585794
3704	10.585794
3705	10.585794
3706	10.585794
3707	10.585794
3708	10.585794
3709	10.585794
3710	10.585794
3711	10.585794
3712	10.585794
3713	10.585794
3714	10.585794
3715	10.585794
3716	10.585794
3717	10.585794
3718	10.585794
3719	10.585794
3720	10.585794
3721	10.585794
3722	10.585794
3723	10.585794
3724	10.585794
3725	10.585794
3726	10.585794
3727	10.585794
3728	10.585794
3729	10.585794
3730	10.585794
3731	10.585794
3732	10.585794
3733	10.585794
3734	10.585794
3735	10.585794
3736	10.585794
3737	10.585794
3738	10.585794
3739	10.585794
3740	10.585794
3741	10.585794
3742	10.585794
3743	10.585794
3744	10.585794
3745	10.585794
3746	10.585794
3747	10.585794
3748	10.585794
3749	10.585794
3750	10.585794
3751	10.585794
3752	10.585794
3753	10.585794
3754	10.585794
3755	10.585794
3756	10.585794
3757	10.585794
3758	10.585794
3759	10.585794
3760	10.585794
3761	10.585794
3762	10.585794
3763	10.585794
3764	10.585794
3765	10.585794
3766	10.585794
3767	10.585794
3768	10.585794
3769	10.585794
3770	10.585794
3771	10.585794
3772	10.585794
3773	10.585794
3774	10.585794
3775	10.585794
3776	10.585794
3777	10.585794
3778	10.585794
3779	10.585794
3780	10.585794
3781	10.585794
3782	10.585794
3783	10.585794
3784	10.585794
3785	10.585794
3786	10.585794
3787	10.585794
3788	10.585794
3789	10.585794
3790	10.585794
3791	10.585794
3792	10.585794
3793	10.585794
3794	10.585794
3795	10.585794
3796	10.585794
3797	10.585794
3798	10.585794
3799	10.585794
3800	10.585794
3801	10.585794
3802	10.585794
3803	10.585794
3804	10.585794
3805	10.585794
3806	10.585794
3807	10.585794
3808	10.585794
3809	10.585794
3810	10.585794
3811	10.585794
3812	10.585794
3813	10.585794
3814	10.585794
3815	10.585794
3816	10.585794
3817	10.585794
3818	10.585794
3819	10.585794
3820	10.585794
3821	10.585794
3822	10.585794
3823	10.585794
3824	10.585794
3825	10.585794
3826	10.585794
3827	10.585794
3828	10.585794
3829	10.585794
3830	10.585794
3831	10.585794
3832	10.585794
3833	10.585794
3834	10.585794
3835	10.585794
3836	10.585794
3837	10.585794
3838	10.585794
3839	10.585794
3840	10.585794
3841	10.585794
3842	10.585794
3843	10.585794
3844	10.585794
3845	10.585794
3846	10.585794
3847	10.585794
3848	10.585794
3849	10.585794
3850	10.585794
3851	10.585794
3852	10.585794
3853	10.585794
3854	10.585794
3855	10.585794
3856	10.585794
3857	10.585794
3858	10.585794
3859	10.585794
3860	10.585794
3861	10.585794
3862	10.585794
3863	10.585794
3864	10.585794
3865	10.585794
3866	10.585794
3867	10.585794
3868	10.585794
3869	10.585794
3870	10.585794
3871	10.585794
3872	10.585794
3873	10.585794
3874	10.585794
3875	10.585794
3876	10.585794
3877	10.585794
3878	10.585794
3879	10.585794
3880	10.585794
3881	10.585794
3882	10.585794
3883	10.585794
3884	10.585794
3885	10.585794
3886	10.585794
3887	10.585794
3888	10.585794
3889	10.585794
3890	10.585794
3891	10.585794
3892	10.585794
3893	10.585794
3894	10.585794
3895	10.585794
3896	10.585794
3897	10.585794
3898	10.585794
3899	10.585794
3900	10.585794
3901	10.585794
3902	10.585794
3903	10.585794
3904	10.585794
3905	10.585794
3906	10.585794
3907	10.585794
3908	10.585794
3909	10.585794
3910	10.585794
3911	10.585794
3912	10.585794
3913	10.585794
3914	10.585794
3915	10.585794
3916	10.585794
3917	10.585794
3918	10.585794
3919	10.585794
3920	10.585794
3921	10.585794
3922	10.585794
3923	10.585794
3924	10.585794
3925	10.585794
3926	10.585794
3927	10.585794
3928	10.585794
3929	10.585794
3930	10.585794
3931	10.585794
3932	10.585794
3933	10.585794
3934	10.585794
3935	10.585794
3936	10.585794
3937	10.585794
3938	10.585794
3939	10.585794
3940	10.585794
3941	10.585794
3942	10.585794
3943	10.585794
3944	10.585794
3945	10.585794
3946	10.585794
3947	10.585794
3948	10.585794
3949	10.585794
3950	10.585794
3951	10.585794
3952	10.585794
3953	10.585794
3954	10.585794
3955	10.585794
3956	10.585794
3957	10.585794
3958	10.585794
3959	10.585794
3960	10.585794
3961	10.585794
3962	10.585794
3963	10.585794
3964	10.585794
3965	10.585794
3966	10.585794
3967	10.585794
3968	10.585794
3969	10.585794
3970	10.585794
3971	10.585794
3972	10.585794
3973	10.585794
3974	10.585794
3975	10.585794
3976	10.585794
3977	10.585794
3978	10.585794
3979	10.585794
3980	10.585794
3981	10.585794
3982	10.585794
3983	10.585794
3984	10.585794
3985	10.585794
3986	10.585794
3987	10.585794
3988	10.585794
3989	10.585794
3990	10.585794
3991	10.585794
3992	10.585794
3993	10.585794
3994	10.585794
3995	10.585794
3996	10.585794
3997	10.585794
3998	10.585794
3999	10.585794
4000	10.585794
4001	10.585794
4002	10.585794
4003	10.585794
4004	10.585794
4005	10.585794
4006	10.585794
4007	10.585794
4008	10.585794
4009	10.585794
4010	10.585794
4011	10.585794
4012	10.585794
4013	10.585794
4014	10.585794
4015	10.585794
4016	10.585794
4017	10.585794
4018	10.585794
4019	10.585794
4020	10.585794
4021	10.585794
4022	10.585794
4023	10.585794
4024	10.585794
4025	10.585794
4026	10.585794
4027	10.585794
4028	10.585794
4029	10.585794
4030	10.585794
4031	10.585794
4032	10.585794
4033	10.585794
4034	10.585794
4035	10.585794
4036	10.585794
4037	10.585794
4038	10.585794
4039	10.585794
4040	10.585794
4041	10.585794
4042	10.585794
4043	10.585794
4044	10.585794
4045	10.585794
4046	10.585794
4047	10.585794
4048	10.585794
4049	10.585794
4050	10.585794
4051	10.585794
4052	10.585794
4053	10.585794
4054	10.585794
4055	10.585794
4056	10.585794
4057	10.585794
4058	10.585794
4059	10.585794
4060	10.585794
4061	10.585794
4062	10.585794
4063	10.585794
4064	10.585794
4065	10.585794
4066	10.585794
4067	10.585794
4068	10.585794
4069	10.585794
4070	10.585794
4071	10.585794
4072	10.585794
4073	10.585794
4074	10.585794
4075	10.585794
4076	10.585794
4077	10.585794
4078	10.585794
4079	10.585794
4080	10.585794
4081	10.585794
4082	10.585794
4083	10.585794
4084	10.585794
4085	10.585794
4086	10.585794
4087	10.585794
4088	10.585794
4089	10.585794
4090	10.585794
4091	10.585794
4092	10.585794
4093	10.585794
4094	10.585794
4095	10.585794
4096	10.585794
4097	10.585794
4098	10.585794
4099	10.585794
4100	10.585794
4101	10.585794
4102	10.585794
4103	10.585794
4104	10.585794
4105	10.585794
4106	10.585794
4107	10.585794
4108	10.585794
4109	10.585794
4110	10.585794
4111	10.585794
4112	10.585794
4113	10.585794
4114	10.585794
4115	10.585794
4116	10.585794
4117	10.585794
4118	10.585794
4119	10.585794
4120	10.585794
4121	10.585794
4122	10.585794
4123	10.585794
4124	10.585794
4125	10.585794
4126	10.585794
4127	10.585794
4128	10.585794
4129	10.585794
4130	10.585794
4131	10.585794
4132	10.585794
4133	10.585794
4134	10.585794
4135	10.585794
4136	10.585794
4137	10.585794
4138	10.585794
4139	10.585794
4140	10.585794
4141	10.585794
4142	10.585794
4143	10.585794
4144	10.585794
4145	10.585794
4146	10.585794
4147	10.585794
4148	10.585794
4149	10.585794
4150	10.585794
4151	10.585794
4152	10.585794
4153	10.585794
4154	10.585794
4155	10.585794
4156	10.585794
4157	10.585794
4158	10.585794
4159	10.585794
4160	10.585794
4161	10.585794
4162	10.585794
4163	10.585794
4164	10.585794
4165	10.585794
4166	10.585794
4167	10.585794
4168	10.585794
4169	10.585794
4170	10.585794
4171	10.585794
4172	10.585794
4173	10.585794
4174	10.585794
4175	10.585794
4176	10.585794
4177	10.585794
4178	10.585794
4179	10.585794
4180	10.585794
4181	10.585794
4182	10.585794
4183	10.585794
4184	10.585794
4185	10.585794
4186	10.585794
4187	10.585794
4188	10.585794
4189	10.585794
4190	10.585794
4191	10.585794
4192	10.585794
4193	10.585794
4194	10.585794
4195	10.585794
4196	10.585794
4197	10.585794
4198	10.585794
4199	10.585794
4200	10.585794
4201	10.585794
4202	10.585794
4203	10.585794
4204	10.585794
4205	10.585794
4206	10.585794
4207	10.585794
4208	10.585794
4209	10.585794
4210	10.585794
4211	10.585794
4212	10.585794
4213	10.585794
4214	10.585794
4215	10.585794
4216	10.585794
4217	10.585794
4218	10.585794
4219	10.585794
4220	10.585794
4221	10.585794
4222	10.585794
4223	10.585794
4224	10.585794
4225	10.585794
4226	10.585794
4227	10.585794
4228	10.585794
4229	10.585794
4230	10.585794
4231	10.585794
4232	10.585794
4233	10.585794
4234	10.585794
4235	10.585794
4236	10.585794
4237	10.585794
4238	10.585794
4239	10.585794
4240	10.585794
4241	10.585794
4242	10.585794
4243	10.585794
4244	10.585794
4245	10.585794
4246	10.585794
4247	10.585794
4248	10.585794
4249	10.585794
4250	10.585794
4251	10.585794
4252	10.585794
4253	10.585794
4254	10.585794
4255	10.585794
4256	10.585794
4257	10.585794
4258	10.585794
4259	10.585794
4260	10.585794
4261	10.585794
4262	10.585794
4263	10.585794
4264	10.585794
4265	10.585794
4266	10.585794
4267	10.585794
4268	10.585794
4269	10.585794
4270	10.585794
4271	10.585794
4272	10.585794
4273	10.585794
4274	10.585794
4275	10.585794
4276	10.585794
4277	10.585794
4278	10.585794
4279	10.585794
4280	10.585794
4281	10.585794
4282	10.585794
4283	10.585794
4284	10.585794
4285	10.585794
4286	10.585794
4287	10.585794
4288	10.585794
4289	10.585794
4290	10.585794
4291	10.585794
4292	10.585794
4293	10.585794
4294	10.585794
4295	10.585794
4296	10.585794
4297	10.585794
4298	10.585794
4299	10.585794
4300	10.585794
4301	10.585794
4302	10.585794
4303	10.585794
4304	10.585794
4305	10.585794
4306	10.585794
4307	10.585794
4308	10.585794
4309	10.585794
4310	10.585794
4311	10.585794
4312	10.585794
4313	10.585794
4314	10.585794
4315	10.585794
4316	10.585794
4317	10.585794
4318	10.585794
4319	10.585794
4320	10.585794
4321	10.585794
4322	10.585794
4323	10.585794
4324	10.585794
4325	10.585794
4326	10.585794
4327	10.585794
4328	10.585794
4329	10.585794
4330	10.585794
4331	10.585794
4332	10.585794
4333	10.585794
4334	10.585794
4335	10.585794
4336	10.585794
4337	10.585794
4338	10.585794
4339	10.585794
4340	10.585794
4341	10.585794
4342	10.585794
4343	10.585794
4344	10.585794
4345	10.585794
4346	10.585794
4347	10.585794
4348	10.585794
4349	10.585794
4350	10.585794
4351	10.585794
4352	10.585794
4353	10.585794
4354	10.585794
4355	10.585794
4356	10.585794
4357	10.585794
4358	10.585794
4359	10.585794
4360	10.585794
4361	10.585794
4362	10.585794
4363	10.585794
4364	10.585794
4365	10.585794
4366	10.585794
4367	10.585794
4368	10.585794
4369	10.585794
4370	10.585794
4371	10.585794
4372	10.585794
4373	10.585794
4374	10.585794
4375	10.585794
4376	10.585794
4377	10.585794
4378	10.585794
4379	10.585794
4380	10.585794
4381	10.585794
4382	10.585794
4383	10.585794
4384	10.585794
4385	10.585794
4386	10.585794
4387	10.585794
4388	10.585794
4389	10.585794
4390	10.585794
4391	10.585794
4392	10.585794
4393	10.585794
4394	10.585794
4395	10.585794
4396	10.585794
4397	10.585794
4398	10.585794
4399	10.585794
4400	10.585794
4401	10.585794
4402	10.585794
4403	10.585794
4404	10.585794
4405	10.585794
4406	10.585794
4407	10.585794
4408	10.585794
4409	10.585794
4410	10.585794
4411	10.585794
4412	10.585794
4413	10.585794
4414	10.585794
4415	10.585794
4416	10.585794
4417	10.585794
4418	10.585794
4419	10.585794
4420	10.585794
4421	10.585794
4422	10.585794
4423	10.585794
4424	10.585794
4425	10.585794
4426	10.585794
4427	10.585794
4428	10.585794
4429	10.585794
4430	10.585794
4431	10.585794
4432	10.585794
4433	10.585794
4434	10.585794
4435	10.585794
4436	10.585794
4437	10.585794
4438	10.585794
4439	10.585794
4440	10.585794
4441	10.585794
4442	10.585794
4443	10.585794
4444	10.585794
4445	10.585794
4446	10.585794
4447	10.585794
4448	10.585794
4449	10.585794
4450	10.585794
4451	10.585794
4452	10.585794
4453	10.585794
4454	10.585794
4455	10.585794
4456	10.585794
4457	10.585794
4458	10.585794
4459	10.585794
4460	10.585794
4461	10.585794
4462	10.585794
4463	10.585794
4464	10.585794
4465	10.585794
4466	10.585794
4467	10.585794
4468	10.585794
4469	10.585794
4470	10.585794
4471	10.585794
4472	10.585794
4473	10.585794
4474	10.585794
4475	10.585794
4476	10.585794
4477	10.585794
4478	10.585794
4479	10.585794
4480	10.585794
4481	10.585794
4482	10.585794
4483	10.585794
4484	10.585794
4485	10.585794
4486	10.585794
4487	10.585794
4488	10.585794
4489	10.585794
4490	10.585794
4491	10.585794
4492	10.585794
4493	10.585794
4494	10.585794
4495	10.585794
4496	10.585794
4497	10.585794
4498	10.585794
4499	10.585794
4500	10.585794
4501	10.585794
4502	10.585794
4503	10.585794
4504	10.585794
4505	10.585794
4506	10.585794
4507	10.585794
4508	10.585794
4509	10.585794
4510	10.585794
4511	10.585794
4512	10.585794
4513	10.585794
4514	10.585794
4515	10.585794
4516	10.585794
4517	10.585794
4518	10.585794
4519	10.585794
4520	10.585794
4521	10.585794
4522	10.585794
4523	10.585794
4524	10.585794
4525	10.585794
4526	10.585794
4527	10.585794
4528	10.585794
4529	10.585794
4530	10.585794
4531	10.585794
4532	10.585794
4533	10.585794
4534	10.585794
4535	10.585794
4536	10.585794
4537	10.585794
4538	10.585794
4539	10.585794
4540	10.585794
4541	10.585794
4542	10.585794
4543	10.585794
4544	10.585794
4545	10.585794
4546	10.585794
4547	10.585794
4548	10.585794
4549	10.585794
4550	10.585794
4551	10.585794
4552	10.585794
4553	10.585794
4554	10.585794
4555	10.585794
4556	10.585794
4557	10.585794
4558	10.585794
4559	10.585794
4560	10.585794
4561	10.585794
4562	10.585794
4563	10.585794
4564	10.585794
4565	10.585794
4566	10.585794
4567	10.585794
4568	10.585794
4569	10.585794
4570	10.585794
4571	10.585794
4572	10.585794
4573	10.585794
4574	10.585794
4575	10.585794
4576	10.585794
4577	10.585794
4578	10.585794
4579	10.585794
4580	10.585794
4581	10.585794
4582	10.585794
4583	10.585794
4584	10.585794
4585	10.585794
4586	10.585794
4587	10.585794
4588	10.585794
4589	10.585794
4590	10.585794
4591	10.585794
4592	10.585794
4593	10.585794
4594	10.585794
4595	10.585794
4596	10.585794
4597	10.585794
4598	10.585794
4599	10.585794
4600	10.585794
4601	10.585794
4602	10.585794
4603	10.585794
4604	10.585794
4605	10.585794
4606	10.585794
4607	10.585794
4608	10.585794
4609	10.585794
4610	10.585794
4611	10.585794
4612	10.585794
4613	10.585794
4614	10.585794
4615	10.585794
4616	10.585794
4617	10.585794
4618	10.585794
4619	10.585794
4620	10.585794
4621	10.585794
4622	10.585794
4623	10.585794
4624	10.585794
4625	10.585794
4626	10.585794
4627	10.585794
4628	10.585794
4629	10.585794
4630	10.585794
4631	10.585794
4632	10.585794
4633	10.585794
4634	10.585794
4635	10.585794
4636	10.585794
4637	10.585794
4638	10.585794
4639	10.585794
4640	10.585794
4641	10.585794
4642	10.585794
4643	10.585794
4644	10.585794
4645	10.585794
4646	10.585794
4647	10.585794
4648	10.585794
4649	10.585794
4650	10.585794
4651	10.585794
4652	10.585794
4653	10.585794
4654	10.585794
4655	10.585794
4656	10.585794
4657	10.585794
4658	10.585794
4659	10.585794
4660	10.585794
4661	10.585794
4662	10.585794
4663	10.585794
4664	10.585794
4665	10.585794
4666	10.585794
4667	10.585794
4668	10.585794
4669	10.585794
4670	10.585794
4671	10.585794
4672	10.585794
4673	10.585794
4674	10.585794
4675	10.585794
4676	10.585794
4677	10.585794
4678	10.585794
4679	10.585794
4680	10.585794
4681	10.585794
4682	10.585794
4683	10.585794
4684	10.585794
4685	10.585794
4686	10.585794
4687	10.585794
4688	10.585794
4689	10.585794
4690	10.585794
4691	10.585794
4692	10.585794
4693	10.585794
4694	10.585794
4695	10.585794
4696	10.585794
4697	10.585794
4698	10.585794
4699	10.585794
4700	10.585794
4701	10.585794
4702	10.585794
4703	10.585794
4704	10.585794
4705	10.585794
4706	10.585794
4707	10.585794
4708	10.585794
4709	10.585794
4710	10.585794
4711	10.585794
4712	10.585794
4713	10.585794
4714	10.585794
4715	10.585794
4716	10.585794
4717	10.585794
4718	10.585794
4719	10.585794
4720	10.585794
4721	10.585794
4722	10.585794
4723	10.585794
4724	10.585794
4725	10.585794
4726	10.585794
4727	10.585794
4728	10.585794
4729	10.585794
4730	10.585794
4731	10.585794
4732	10.585794
4733	10.585794
4734	10.585794
4735	10.585794
4736	10.585794
4737	10.585794
4738	10.585794
4739	10.585794
4740	10.585794
4741	10.585794
4742	10.585794
4743	10.585794
4744	10.585794
4745	10.585794
4746	10.585794
4747	10.585794
4748	10.585794
4749	10.585794
4750	10.585794
4751	10.585794
4752	10.585794
4753	10.585794
4754	10.585794
4755	10.585794
4756	10.585794
4757	10.585794
4758	10.585794
4759	10.585794
4760	10.585794
4761	10.585794
4762	10.585794
4763	10.585794
4764	10.585794
4765	10.585794
4766	10.585794
4767	10.585794
4768	10.585794
4769	10.585794
4770	10.585794
4771	10.585794
4772	10.585794
4773	10.585794
4774	10.585794
4775	10.585794
4776	10.585794
4777	10.585794
4778	10.585794
4779	10.585794
4780	10.585794
4781	10.585794
4782	10.585794
4783	10.585794
4784	10.585794
4785	10.585794
4786	10.585794
4787	10.585794
4788	10.585794
4789	10.585794
4790	10.585794
4791	10.585794
4792	10.585794
4793	10.585794
4794	10.585794
4795	10.585794
4796	10.585794
4797	10.585794
4798	10.585794
4799	10.585794
4800	10.585794
4801	10.585794
4802	10.585794
4803	10.585794
4804	10.585794
4805	10.585794
4806	10.585794
4807	10.585794
4808	10.585794
4809	10.585794
4810	10.585794
4811	10.585794
4812	10.585794
4813	10.585794
4814	10.585794
4815	10.585794
4816	10.585794
4817	10.585794
4818	10.585794
4819	10.585794
4820	10.585794
4821	10.585794
4822	10.585794
4823	10.585794
4824	10.585794
4825	10.585794
4826	10.585794
4827	10.585794
4828	10.585794
4829	10.585794
4830	10.585794
4831	10.585794
4832	10.585794
4833	10.585794
4834	10.585794
4835	10.585794
4836	10.585794
4837	10.585794
4838	10.585794
4839	10.585794
4840	10.585794
4841	10.585794
4842	10.585794
4843	10.585794
4844	10.585794
4845	10.585794
4846	10.585794
4847	10.585794
4848	10.585794
4849	10.585794
4850	10.585794
4851	10.585794
4852	10.585794
4853	10.585794
4854	10.585794
4855	10.585794
4856	10.585794
4857	10.585794
4858	10.585794
4859	10.585794
4860	10.585794
4861	10.585794
4862	10.585794
4863	10.585794
4864	10.585794
4865	10.585794
4866	10.585794
4867	10.585794
4868	10.585794
4869	10.585794
4870	10.585794
4871	10.585794
4872	10.585794
4873	10.585794
4874	10.585794
4875	10.585794
4876	10.585794
4877	10.585794
4878	10.585794
4879	10.585794
4880	10.585794
4881	10.585794
4882	10.585794
4883	10.585794
4884	10.585794
4885	10.585794
4886	10.585794
4887	10.585794
4888	10.585794
4889	10.585794
4890	10.585794
4891	10.585794
4892	10.585794
4893	10.585794
4894	10.585794
4895	10.585794
4896	10.585794
4897	10.585794
4898	10.585794
4899	10.585794
4900	10.585794
4901	10.585794
4902	10.585794
4903	10.585794
4904	10.585794
4905	10.585794
4906	10.585794
4907	10.585794
4908	10.585794
4909	10.585794
4910	10.585794
4911	10.585794
4912	10.585794
4913	10.585794
4914	10.585794
4915	10.585794
4916	10.585794
4917	10.585794
4918	10.585794
4919	10.585794
4920	10.585794
4921	10.585794
4922	10.585794
4923	10.585794
4924	10.585794
4925	10.585794
4926	10.585794
4927	10.585794
4928	10.585794
4929	10.585794
4930	10.585794
4931	10.585794
4932	10.585794
4933	10.585794
4934	10.585794
4935	10.585794
4936	10.585794
4937	10.585794
4938	10.585794
4939	10.585794
4940	10.585794
4941	10.585794
4942	10.585794
4943	10.585794
4944	10.585794
4945	10.585794
4946	10.585794
4947	10.585794
4948	10.585794
4949	10.585794
4950	10.585794
4951	10.585794
4952	10.585794
4953	10.585794
4954	10.585794
4955	10.585794
4956	10.585794
4957	10.585794
4958	10.585794
4959	10.585794
4960	10.585794
4961	10.585794
4962	10.585794
4963	10.585794
4964	10.585794
4965	10.585794
4966	10.585794
4967	10.585794
4968	10.585794
4969	10.585794
4970	10.585794
4971	10.585794
4972	10.585794
4973	10.585794
4974	10.585794
4975	10.585794
4976	10.585794
4977	10.585794
4978	10.585794
4979	10.585794
4980	10.585794
4981	10.585794
4982	10.585794
4983	10.585794
4984	10.585794
4985	10.585794
4986	10.585794
4987	10.585794
4988	10.585794
4989	10.585794
4990	10.585794
4991	10.585794
4992	10.585794
4993	10.585794
4994	10.585794
4995	10.585794
4996	10.585794
4997	10.585794
4998	10.585794
4999	10.585794
5000	10.585794
5001	10.585794
5002	10.585794
5003	10.585794
5004	10.585794
5005	10.585794
5006	10.585794
5007	10.585794
5008	10.585794
5009	10.585794
5010	10.585794
5011	10.585794
5012	10.585794
5013	10.585794
5014	10.585794
5015	10.585794
5016	10.585794
5017	10.585794
5018	10.585794
5019	10.585794
5020	10.585794
5021	10.585794
5022	10.585794
5023	10.585794
5024	10.585794
5025	10.585794
5026	10.585794
5027	10.585794
5028	10.585794
5029	10.585794
5030	10.585794
5031	10.585794
5032	10.585794
5033	10.585794
5034	10.585794
5035	10.585794
5036	10.585794
5037	10.585794
5038	10.585794
5039	10.585794
5040	10.585794
5041	10.585794
5042	10.585794
5043	10.585794
5044	10.585794
5045	10.585794
5046	10.585794
5047	10.585794
5048	10.585794
5049	10.585794
5050	10.585794
5051	10.585794
5052	10.585794
5053	10.585794
5054	10.585794
5055	10.585794
5056	10.585794
5057	10.585794
5058	10.585794
5059	10.585794
5060	10.585794
5061	10.585794
5062	10.585794
5063	10.585794
5064	10.585794
5065	10.585794
5066	10.585794
5067	10.585794
5068	10.585794
5069	10.585794
5070	10.585794
5071	10.585794
5072	10.585794
5073	10.585794
5074	10.585794
5075	10.585794
5076	10.585794
5077	10.585794
5078	10.585794
5079	10.585794
5080	10.585794
5081	10.585794
5082	10.585794
5083	10.585794
5084	10.585794
5085	10.585794
5086	10.585794
5087	10.585794
5088	10.585794
5089	10.585794
5090	10.585794
5091	10.585794
5092	10.585794
5093	10.585794
5094	10.585794
5095	10.585794
5096	10.585794
5097	10.585794
5098	10.585794
5099	10.585794
5100	10.585794
5101	10.585794
5102	10.585794
5103	10.585794
5104	10.585794
5105	10.585794
5106	10.585794
5107	10.585794
5108	10.585794
5109	10.585794
5110	10.585794
5111	10.585794
5112	10.585794
5113	10.585794
5114	10.585794
5115	10.585794
5116	10.585794
5117	10.585794
5118	10.585794
5119	10.585794
5120	10.585794
5121	10.585794
5122	10.585794
5123	10.585794
5124	10.585794
5125	10.585794
5126	10.585794
5127	10.585794
5128	10.585794
5129	10.585794
5130	10.585794
5131	10.585794
5132	10.585794
5133	10.585794
5134	10.585794
5135	10.585794
5136	10.585794
5137	10.585794
5138	10.585794
5139	10.585794
5140	10.585794
5141	10.585794
5142	10.585794
5143	10.585794
5144	10.585794
5145	10.585794
5146	10.585794
5147	10.585794
5148	10.585794
5149	10.585794
5150	10.585794
5151	10.585794
5152	10.585794
5153	10.585794
5154	10.585794
5155	10.585794
5156	10.585794
5157	10.585794
5158	10.585794
5159	10.585794
5160	10.585794
5161	10.585794
5162	10.585794
5163	10.585794
5164	10.585794
5165	10.585794
5166	10.585794
5167	10.585794
5168	10.585794
5169	10.585794
5170	10.585794
5171	10.585794
5172	10.585794
5173	10.585794
5174	10.585794
5175	10.585794
5176	10.585794
5177	10.585794
5178	10.585794
5179	10.585794
5180	10.585794
5181	10.585794
5182	10.585794
5183	10.585794
5184	10.585794
5185	10.585794
5186	10.585794
5187	10.585794
5188	10.585794
5189	10.585794
5190	10.585794
5191	10.585794
5192	10.585794
5193	10.585794
5194	10.585794
5195	10.585794
5196	10.585794
5197	10.585794
5198	10.585794
5199	10.585794
5200	10.585794
5201	10.585794
5202	10.585794
5203	10.585794
5204	10.585794
5205	10.585794
5206	10.585794
5207	10.585794
5208	10.585794
5209	10.585794
5210	10.585794
5211	10.585794
5212	10.585794
5213	10.585794
5214	10.585794
5215	10.585794
5216	10.585794
5217	10.585794
5218	10.585794
5219	10.585794
5220	10.585794
5221	10.585794
5222	10.585794
5223	10.585794
5224	10.585794
5225	10.585794
5226	10.585794
5227	10.585794
5228	10.585794
5229	10.585794
5230	10.585794
5231	10.585794
5232	10.585794
5233	10.585794
5234	10.585794
5235	10.585794
5236	10.585794
5237	10.585794
5238	10.585794
5239	10.585794
5240	10.585794
5241	10.585794
5242	10.585794
5243	10.585794
5244	10.585794
5245	10.585794
5246	10.585794
5247	10.585794
5248	10.585794
5249	10.585794
5250	10.585794
5251	10.585794
5252	10.585794
5253	10.585794
5254	10.585794
5255	10.585794
5256	10.585794
5257	10.585794
5258	10.585794
5259	10.585794
5260	10.585794
5261	10.585794
5262	10.585794
5263	10.585794
5264	10.585794
5265	10.585794
5266	10.585794
5267	10.585794
5268	10.585794
5269	10.585794
5270	10.585794
5271	10.585794
5272	10.585794
5273	10.585794
5274	10.585794
5275	10.585794
5276	10.585794
5277	10.585794
5278	10.585794
5279	10.585794
5280	10.585794
5281	10.585794
5282	10.585794
5283	10.585794
5284	10.585794
5285	10.585794
5286	10.585794
5287	10.585794
5288	10.585794
5289	10.585794
5290	10.585794
5291	10.585794
5292	10.585794
5293	10.585794
5294	10.585794
5295	10.585794
5296	10.585794
5297	10.585794
5298	10.585794
5299	10.585794
5300	10.585794
5301	10.585794
5302	10.585794
5303	10.585794
5304	10.585794
5305	10.585794
5306	10.585794
5307	10.585794
5308	10.585794
5309	10.585794
5310	10.585794
5311	10.585794
5312	10.585794
5313	10.585794
5314	10.585794
5315	10.585794
5316	10.585794
5317	10.585794
5318	10.585794
5319	10.585794
5320	10.585794
5321	10.585794
5322	10.585794
5323	10.585794
5324	10.585794
5325	10.585794
5326	10.585794
5327	10.585794
5328	10.585794
5329	10.585794
5330	10.585794
5331	10.585794
5332	10.585794
5333	10.585794
5334	10.585794
5335	10.585794
5336	10.585794
5337	10.585794
5338	10.585794
5339	10.585794
5340	10.585794
5341	10.585794
5342	10.585794
5343	10.585794
5344	10.585794
5345	10.585794
5346	10.585794
5347	10.585794
5348	10.585794
5349	10.585794
5350	10.585794
5351	10.585794
5352	10.585794
5353	10.585794
5354	10.585794
5355	10.585794
5356	10.585794
5357	10.585794
5358	10.585794
5359	10.585794
5360	10.585794
5361	10.585794
5362	10.585794
5363	10.585794
5364	10.585794
5365	10.585794
5366	10.585794
5367	10.585794
5368	10.585794
5369	10.585794
5370	10.585794
5371	10.585794
5372	10.585794
5373	10.585794
5374	10.585794
5375	10.585794
5376	10.585794
5377	10.585794
5378	10.585794
5379	10.585794
5380	10.585794
5381	10.585794
5382	10.585794
5383	10.585794
5384	10.585794
5385	10.585794
5386	10.585794
5387	10.585794
5388	10.585794
5389	10.585794
5390	10.585794
5391	10.585794
5392	10.585794
5393	10.585794
5394	10.585794
5395	10.585794
5396	10.585794
5397	10.585794
5398	10.585794
5399	10.585794
5400	10.585794
5401	10.585794
5402	10.585794
5403	10.585794
5404	10.585794
5405	10.585794
5406	10.585794
5407	10.585794
5408	10.585794
5409	10.585794
5410	10.585794
5411	10.585794
5412	10.585794
5413	10.585794
5414	10.585794
5415	10.585794
5416	10.585794
5417	10.585794
5418	10.585794
5419	10.585794
5420	10.585794
5421	10.585794
5422	10.585794
5423	10.585794
5424	10.585794
5425	10.585794
5426	10.585794
5427	10.585794
5428	10.585794
5429	10.585794
5430	10.585794
5431	10.585794
5432	10.585794
5433	10.585794
5434	10.585794
5435	10.585794
5436	10.585794
5437	10.585794
5438	10.585794
5439	10.585794
5440	10.585794
5441	10.585794
5442	10.585794
5443	10.585794
5444	10.585794
5445	10.585794
5446	10.585794
5447	10.585794
5448	10.585794
5449	10.585794
5450	10.585794
5451	10.585794
5452	10.585794
5453	10.585794
5454	10.585794
5455	10.585794
5456	10.585794
5457	10.585794
5458	10.585794
5459	10.585794
5460	10.585794
5461	10.585794
5462	10.585794
5463	10.585794
5464	10.585794
5465	10.585794
5466	10.585794
5467	10.585794
5468	10.585794
5469	10.585794
5470	10.585794
5471	10.585794
5472	10.585794
5473	10.585794
5474	10.585794
5475	10.585794
5476	10.585794
5477	10.585794
5478	10.585794
5479	10.585794
5480	10.585794
5481	10.585794
5482	10.585794
5483	10.585794
5484	10.585794
5485	10.585794
5486	10.585794
5487	10.585794
5488	10.585794
5489	10.585794
5490	10.585794
5491	10.585794
5492	10.585794
5493	10.585794
5494	10.585794
5495	10.585794
5496	10.585794
5497	10.585794
5498	10.585794
5499	10.585794
5500	10.585794
5501	10.585794
5502	10.585794
5503	10.585794
5504	10.585794
5505	10.585794
5506	10.585794
5507	10.585794
5508	10.585794
5509	10.585794
5510	10.585794
5511	10.585794
5512	10.585794
5513	10.585794
5514	10.585794
5515	10.585794
5516	10.585794
5517	10.585794
5518	10.585794
5519	10.585794
5520	10.585794
5521	10.585794
5522	10.585794
5523	10.585794
5524	10.585794
5525	10.585794
5526	10.585794
5527	10.585794
5528	10.585794
5529	10.585794
5530	10.585794
5531	10.585794
5532	10.585794
5533	10.585794
5534	10.585794
5535	10.585794
5536	10.585794
5537	10.585794
5538	10.585794
5539	10.585794
5540	10.585794
5541	10.585794
5542	10.585794
5543	10.585794
5544	10.585794
5545	10.585794
5546	10.585794
5547	10.585794
5548	10.585794
5549	10.585794
5550	10.585794
5551	10.585794
5552	10.585794
5553	10.585794
5554	10.585794
5555	10.585794
5556	10.585794
5557	10.585794
5558	10.585794
5559	10.585794
5560	10.585794
5561	10.585794
5562	10.585794
5563	10.585794
5564	10.585794
5565	10.585794
5566	10.585794
5567	10.585794
5568	10.585794
5569	10.585794
5570	10.585794
5571	10.585794
5572	10.585794
5573	10.585794
5574	10.585794
5575	10.585794
5576	10.585794
5577	10.585794
5578	10.585794
5579	10.585794
5580	10.585794
5581	10.585794
5582	10.585794
5583	10.585794
5584	10.585794
5585	10.585794
5586	10.585794
5587	10.585794
5588	10.585794
5589	10.585794
5590	10.585794
5591	10.585794
5592	10.585794
5593	10.585794
5594	10.585794
5595	10.585794
5596	10.585794
5597	10.585794
5598	10.585794
5599	10.585794
5600	10.585794
5601	10.585794
5602	10.585794
5603	10.585794
5604	10.585794
5605	10.585794
5606	10.585794
5607	10.585794
5608	10.585794
5609	10.585794
5610	10.585794
5611	10.585794
5612	10.585794
5613	10.585794
5614	10.585794
5615	10.585794
5616	10.585794
5617	10.585794
5618	10.585794
5619	10.585794
5620	10.585794
5621	10.585794
5622	10.585794
5623	10.585794
5624	10.585794
5625	10.585794
5626	10.585794
5627	10.585794
5628	10.585794
5629	10.585794
5630	10.585794
5631	10.585794
5632	10.585794
5633	10.585794
5634	10.585794
5635	10.585794
5636	10.585794
5637	10.585794
5638	10.585794
5639	10.585794
5640	10.585794
5641	10.585794
5642	10.585794
5643	10.585794
5644	10.585794
5645	10.585794
5646	10.585794
5647	10.585794
5648	10.585794
5649	10.585794
5650	10.585794
5651	10.585794
5652	10.585794
5653	10.585794
5654	10.585794
5655	10.585794
5656	10.585794
5657	10.585794
5658	10.585794
5659	10.585794
5660	10.585794
5661	10.585794
5662	10.585794
5663	10.585794
5664	10.585794
5665	10.585794
5666	10.585794
5667	10.585794
5668	10.585794
5669	10.585794
5670	10.585794
5671	10.585794
5672	10.585794
5673	10.585794
5674	10.585794
5675	10.585794
5676	10.585794
5677	10.585794
5678	10.585794
5679	10.585794
5680	10.585794
5681	10.585794
5682	10.585794
5683	10.585794
5684	10.585794
5685	10.585794
5686	10.585794
5687	10.585794
5688	10.585794
5689	10.585794
5690	10.585794
5691	10.585794
5692	10.585794
5693	10.585794
5694	10.585794
5695	10.585794
5696	10.585794
5697	10.585794
5698	10.585794
5699	10.585794
5700	10.585794
5701	10.585794
5702	10.585794
5703	10.585794
5704	10.585794
5705	10.585794
5706	10.585794
5707	10.585794
5708	10.585794
5709	10.585794
5710	10.585794
5711	10.585794
5712	10.585794
5713	10.585794
5714	10.585794
5715	10.585794
5716	10.585794
5717	10.585794
5718	10.585794
5719	10.585794
5720	10.585794
5721	10.585794
5722	10.585794
5723	10.585794
5724	10.585794
5725	10.585794
5726	10.585794
5727	10.585794
5728	10.585794
5729	10.585794
5730	10.585794
5731	10.585794
5732	10.585794
5733	10.585794
5734	10.585794
5735	10.585794
5736	10.585794
5737	10.585794
5738	10.585794
5739	10.585794
5740	10.585794
5741	10.585794
5742	10.585794
5743	10.585794
5744	10.585794
5745	10.585794
5746	10.585794
5747	10.585794
5748	10.585794
5749	10.585794
5750	10.585794
5751	10.585794
5752	10.585794
5753	10.585794
5754	10.585794
5755	10.585794
5756	10.585794
5757	10.585794
5758	10.585794
5759	10.585794
5760	10.585794
5761	10.585794
5762	10.585794
5763	10.585794
5764	10.585794
5765	10.585794
5766	10.585794
5767	10.585794
5768	10.585794
5769	10.585794
5770	10.585794
5771	10.585794
5772	10.585794
5773	10.585794
5774	10.585794
5775	10.585794
5776	10.585794
5777	10.585794
5778	10.585794
5779	10.585794
5780	10.585794
5781	10.585794
5782	10.585794
5783	10.585794
5784	10.585794
5785	10.585794
5786	10.585794
5787	10.585794
5788	10.585794
5789	10.585794
5790	10.585794
5791	10.585794
5792	10.585794
5793	10.585794
5794	10.585794
5795	10.585794
5796	10.585794
5797	10.585794
5798	10.585794
5799	10.585794
5800	10.585794
5801	10.585794
5802	10.585794
5803	10.585794
5804	10.585794
5805	10.585794
5806	10.585794
5807	10.585794
5808	10.585794
5809	10.585794
5810	10.585794
5811	10.585794
5812	10.585794
5813	10.585794
5814	10.585794
5815	10.585794
5816	10.585794
5817	10.585794
5818	10.585794
5819	10.585794
5820	10.585794
5821	10.585794
5822	10.585794
5823	10.585794
5824	10.585794
5825	10.585794
5826	10.585794
5827	10.585794
5828	10.585794
5829	10.585794
5830	10.585794
5831	10.585794
5832	10.585794
5833	10.585794
5834	10.585794
5835	10.585794
5836	10.585794
5837	10.585794
5838	10.585794
5839	10.585794
5840	10.585794
5841	10.585794
5842	10.585794
5843	10.585794
5844	10.585794
5845	10.585794
5846	10.585794
5847	10.585794
5848	10.585794
5849	10.585794
5850	10.585794
5851	10.585794
5852	10.585794
5853	10.585794
5854	10.585794
5855	10.585794
5856	10.585794
5857	10.585794
5858	10.585794
5859	10.585794
5860	10.585794
5861	10.585794
5862	10.585794
5863	10.585794
5864	10.585794
5865	10.585794
5866	10.585794
5867	10.585794
5868	10.585794
5869	10.585794
5870	10.585794
5871	10.585794
5872	10.585794
5873	10.585794
5874	10.585794
5875	10.585794
5876	10.585794
5877	10.585794
5878	10.585794
5879	10.585794
5880	10.585794
5881	10.585794
5882	10.585794
5883	10.585794
5884	10.585794
5885	10.585794
5886	10.585794
5887	10.585794
5888	10.585794
5889	10.585794
5890	10.585794
5891	10.585794
5892	10.585794
5893	10.585794
5894	10.585794
5895	10.585794
5896	10.585794
5897	10.585794
5898	10.585794
5899	10.585794
5900	10.585794
5901	10.585794
5902	10.585794
5903	10.585794
5904	10.585794
5905	10.585794
5906	10.585794
5907	10.585794
5908	10.585794
5909	10.585794
5910	10.585794
5911	10.585794
5912	10.585794
5913	10.585794
5914	10.585794
5915	10.585794
5916	10.585794
5917	10.585794
5918	10.585794
5919	10.585794
5920	10.585794
5921	10.585794
5922	10.585794
5923	10.585794
5924	10.585794
5925	10.585794
5926	10.585794
5927	10.585794
5928	10.585794
5929	10.585794
5930	10.585794
5931	10.585794
5932	10.585794
5933	10.585794
5934	10.585794
5935	10.585794
5936	10.585794
5937	10.585794
5938	10.585794
5939	10.585794
5940	10.585794
5941	10.585794
5942	10.585794
5943	10.585794
5944	10.585794
5945	10.585794
5946	10.585794
5947	10.585794
5948	10.585794
5949	10.585794
5950	10.585794
5951	10.585794
5952	10.585794
5953	10.585794
5954	10.585794
5955	10.585794
5956	10.585794
5957	10.585794
5958	10.585794
5959	10.585794
5960	10.585794
5961	10.585794
5962	10.585794
5963	10.585794
5964	10.585794
5965	10.585794
5966	10.585794
5967	10.585794
5968	10.585794
5969	10.585794
5970	10.585794
5971	10.585794
5972	10.585794
5973	10.585794
5974	10.585794
5975	10.585794
5976	10.585794
5977	10.585794
5978	10.585794
5979	10.585794
5980	10.585794
5981	10.585794
5982	10.585794
5983	10.585794
5984	10.585794
5985	10.585794
5986	10.585794
5987	10.585794
5988	10.585794
5989	10.585794
5990	10.585794
5991	10.585794
5992	10.585794
5993	10.585794
5994	10.585794
5995	10.585794
5996	10.585794
5997	10.585794
5998	10.585794
5999	10.585794
6000	10.585794
6001	10.585794
6002	10.585794
6003	10.585794
6004	10.585794
6005	10.585794
6006	10.585794
6007	10.585794
6008	10.585794
6009	10.585794
6010	10.585794
6011	10.585794
6012	10.585794
6013	10.585794
6014	10.585794
6015	10.585794
6016	10.585794
6017	10.585794
6018	10.585794
6019	10.585794
6020	10.585794
6021	10.585794
6022	10.585794
6023	10.585794
6024	10.585794
6025	10.585794
6026	10.585794
6027	10.585794
6028	10.585794
6029	10.585794
6030	10.585794
6031	10.585794
6032	10.585794
6033	10.585794
6034	10.585794
6035	10.585794
6036	10.585794
6037	10.585794
6038	10.585794
6039	10.585794
6040	10.585794
6041	10.585794
6042	10.585794
6043	10.585794
6044	10.585794
6045	10.585794
6046	10.585794
6047	10.585794
6048	10.585794
6049	10.585794
6050	10.585794
6051	10.585794
6052	10.585794
6053	10.585794
6054	10.585794
6055	10.585794
6056	10.585794
6057	10.585794
6058	10.585794
6059	10.585794
6060	10.585794
6061	10.585794
6062	10.585794
6063	10.585794
6064	10.585794
6065	10.585794
6066	10.585794
6067	10.585794
6068	10.585794
6069	10.585794
6070	10.585794
6071	10.585794
6072	10.585794
6073	10.585794
6074	10.585794
6075	10.585794
6076	10.585794
6077	10.585794
6078	10.585794
6079	10.585794
6080	10.585794
6081	10.585794
6082	10.585794
6083	10.585794
6084	10.585794
6085	10.585794
6086	10.585794
6087	10.585794
6088	10.585794
6089	10.585794
6090	10.585794
6091	10.585794
6092	10.585794
6093	10.585794
6094	10.585794
6095	10.585794
6096	10.585794
