1	7.439735
2	7.681415
3	7.681415
4	7.708673
5	7.708673
6	7.739599
7	7.681996
8	7.691028
9	7.717335
10	7.675461
11	7.790539
12	7.770638
13	7.858254
14	7.832712
15	7.867235
16	7.893668
17	7.95587
18	7.979838
19	7.99918
20	8.034188
21	7.834724
22	7.834724
23	7.843161
24	8.201401
25	8.286763
26	8.286763
27	8.359906
28	8.359906
29	8.364061
30	8.364061
31	8.401114
32	8.401114
33	8.058851
34	8.121568
35	8.095519
36	8.170531
37	8.143331
38	8.134948
39	8.138998
40	8.138998
41	7.937842
42	7.944625
43	8.085889
44	8.2118
45	8.075909
46	8.082065
47	8.082065
48	8.003729
49	8.003729
50	8.022165
51	8.028091
52	8.04022
53	8.04022
54	8.040046
55	8.118382
56	8.118382
57	8.13913
58	8.192794
59	8.192794
60	8.192794
61	8.126484
62	8.130534
63	8.144509
64	8.144509
65	8.144509
66	8.053744
67	8.013334
68	7.886317
69	7.909527
70	7.921375
71	7.984536
72	7.991781
73	7.85533
74	7.85533
75	7.859083
76	7.859083
77	7.965643
78	7.965643
79	7.689929
80	7.71538
81	7.71538
82	7.71538
83	7.71538
84	7.71538
85	7.705294
86	7.705294
87	7.705294
88	7.831224
89	7.831224
90	7.836612
91	7.836612
92	7.871634
93	7.871634
94	7.871634
95	7.877104
96	7.877104
97	7.790275
98	7.806921
99	7.806921
100	7.876473
101	7.883835
102	7.971323
103	7.971323
104	7.971323
105	7.964234
106	7.984929
107	8.03781
108	8.041671
109	8.041254
110	7.969694
111	7.969694
112	7.970945
113	8.063489
114	8.089546
115	8.116546
116	8.123198
117	8.123198
118	8.28935
119	8.28935
120	8.128412
121	8.128412
122	8.166172
123	8.135092
124	8.301223
125	8.309575
126	8.301323
127	8.297307
128	8.355519
129	8.394296
130	8.440466
131	8.440466
132	8.503394
133	8.503394
134	8.467791
135	8.526219
136	8.604465
137	8.523527
138	8.669034
139	8.779494
140	8.779494
141	8.787978
142	8.787978
143	8.702802
144	8.702802
145	8.702802
146	8.702802
147	8.72253
148	8.757552
149	8.757552
150	8.816024
151	8.653956
152	8.653956
153	8.662266
154	8.760858
155	8.820474
156	8.680385
157	8.680385
158	8.680385
159	8.686271
160	8.690645
161	8.710405
162	8.692337
163	8.764496
164	8.779472
165	8.835827
166	8.919561
167	8.919561
168	8.932665
169	8.873874
170	8.844664
171	8.844664
172	8.698797
173	8.593128
174	8.626905
175	8.630649
176	8.634024
177	8.458869
178	8.711915
179	8.743199
180	8.743199
181	8.743199
182	8.743199
183	8.743199
184	8.816341
185	8.816341
186	8.644968
187	8.644968
188	8.720488
189	8.720488
190	8.646618
191	8.646618
192	8.721597
193	8.862641
194	8.862641
195	8.927888
196	8.818449
197	8.818449
198	9.152011
199	9.152011
200	9.152011
201	9.152011
202	9.162787
203	9.162787
204	9.304413
205	9.30789
206	9.475448
207	9.475448
208	9.475448
209	9.478042
210	9.478042
211	9.500417
212	9.457104
213	9.517069
214	9.517069
215	9.602047
216	9.602047
217	9.602047
218	9.602047
219	9.602047
220	9.547475
221	9.557955
222	9.511803
223	9.511803
224	9.511803
225	9.511803
226	9.674244
227	9.674244
228	9.674244
229	9.674244
230	9.687228
231	9.687228
232	9.698414
233	9.698414
234	9.687638
235	9.687638
236	9.687638
237	9.812013
238	9.812013
239	9.812013
240	9.812013
241	9.812013
242	9.812013
243	9.812013
244	9.800827
245	9.800827
246	9.800827
247	9.800827
248	9.800827
249	9.800827
250	9.800827
251	9.800827
252	9.800827
253	9.800827
254	9.800827
255	9.883998
256	9.883998
257	9.883998
258	9.853205
259	9.864391
260	9.853205
261	9.853205
262	9.853205
263	9.853205
264	9.95988
265	9.95988
266	9.95988
267	9.993102
268	10.020234
269	10.020234
270	10.020234
271	10.080992
272	10.080992
273	10.080992
274	10.116016
275	10.149144
276	10.281081
277	10.281081
278	10.281081
279	10.281081
280	10.281081
281	10.281081
282	10.281081
283	10.281081
284	10.281081
285	10.215741
286	10.226517
287	10.226517
288	10.226517
289	10.226517
290	10.226517
291	10.226517
292	10.226517
293	10.226517
294	10.237703
295	10.237703
296	10.226927
297	10.213168
298	10.213168
299	10.213168
300	10.359184
301	10.359184
302	10.547438
303	10.547438
304	10.547438
305	10.547438
306	10.547438
307	10.547438
308	10.547438
309	10.547438
310	10.547438
311	10.547438
312	10.547438
313	10.547438
314	10.547438
315	10.547438
316	10.547438
317	10.547438
318	10.547438
319	10.547438
320	10.547438
321	10.547438
322	10.547438
323	10.547438
324	10.547438
325	10.547438
326	10.547438
327	10.547438
328	10.547438
329	10.547438
330	10.547438
331	10.547438
332	10.547438
333	10.547438
334	10.451746
335	10.451746
336	10.451746
337	10.462522
338	10.462522
339	10.404781
340	10.404781
341	10.404781
342	10.404781
343	10.404781
344	10.40563
345	10.40563
346	10.40563
347	10.40563
348	10.417954
349	10.404108
350	10.472739
351	10.472739
352	10.472739
353	10.472739
354	10.472739
355	10.472739
356	10.472739
357	10.472739
358	10.472739
359	10.472739
360	10.472739
361	10.472739
362	10.472739
363	10.472739
364	10.472739
365	10.472739
366	10.472739
367	10.472739
368	10.472739
369	10.472739
370	10.472739
371	10.472739
372	10.472739
373	10.472739
374	10.472739
375	10.472739
376	10.472739
377	10.472739
378	10.472739
379	10.472739
380	10.472739
381	10.472739
382	10.472739
383	10.472739
384	10.472739
385	10.472739
386	10.472739
387	10.472739
388	10.472739
389	10.568431
390	10.568431
391	10.568431
392	10.568431
393	10.568431
394	10.622869
395	10.60249
396	10.60249
397	10.60249
398	10.60249
399	10.60249
400	10.60249
401	10.60249
402	10.60249
403	10.650293
404	10.650293
405	10.650293
406	10.650293
407	10.650293
408	10.650293
409	10.650293
410	10.650293
411	10.650293
412	10.650293
413	10.650293
414	10.650293
415	10.650293
416	10.650293
417	10.650293
418	10.650293
419	10.650293
420	10.650293
421	10.650293
422	10.650293
423	10.66706
424	10.66706
425	10.66706
426	10.66706
427	10.66706
428	10.66706
429	10.66706
430	10.66706
431	10.66706
432	10.66706
433	10.598257
434	10.598257
435	10.598257
436	10.598257
437	10.598257
438	10.598257
439	10.598257
440	10.598257
441	10.598257
442	10.598257
443	10.598257
444	10.598257
445	10.681249
446	10.681249
447	10.681249
448	10.681249
449	10.681249
450	10.681249
451	10.681249
452	10.681249
453	10.681249
454	10.681249
455	10.681249
456	10.681249
457	10.681249
458	10.681249
459	10.681249
460	10.681249
461	10.598257
462	10.598257
463	10.598257
464	10.598257
465	10.598257
466	10.598257
467	10.598257
468	10.598257
469	10.598257
470	10.598257
471	10.598257
472	10.598257
473	10.598257
474	10.598257
475	10.598257
476	10.598257
477	10.598257
478	10.598257
479	10.598257
480	10.598257
481	10.681249
482	10.681249
483	10.681249
484	10.681249
485	10.681249
486	10.681249
487	10.663614
488	10.663614
489	10.663614
490	10.663614
491	10.595082
492	10.595082
493	10.595082
494	10.595082
495	10.595082
496	10.595082
497	10.595082
498	10.595082
499	10.595082
500	10.595082
501	10.595082
502	10.595082
503	10.595082
504	10.595082
505	10.595082
506	10.595082
507	10.595082
508	10.595082
509	10.595082
510	10.595082
511	10.595082
512	10.595082
513	10.595082
514	10.701547
515	10.701547
516	10.701547
517	10.701547
518	10.701547
519	10.701547
520	10.701547
521	10.701547
522	10.701547
523	10.701547
524	10.701547
525	10.701547
526	10.701547
527	10.701547
528	10.701547
529	10.75762
530	10.75762
531	10.75762
532	10.75762
533	10.75762
534	10.75762
535	10.75762
536	10.75762
537	10.75762
538	10.75762
539	10.75762
540	10.75762
541	10.75762
542	10.75762
543	10.75762
544	10.75762
545	10.75762
546	10.75762
547	10.773199
548	10.773199
549	10.773199
550	10.773199
551	10.773199
552	10.773199
553	10.773199
554	10.773199
555	10.773199
556	10.773199
557	10.773199
558	10.773199
559	10.773199
560	10.773199
561	10.773199
562	10.773199
563	10.773199
564	10.773199
565	10.773199
566	10.773199
567	10.773199
568	10.773199
569	10.773199
570	10.773199
571	10.773199
572	10.773199
573	10.773199
574	10.773199
575	10.773199
576	10.773199
577	10.773199
578	10.773199
579	10.773199
580	10.773199
581	10.773199
582	10.773199
583	10.773199
584	10.773199
585	10.773199
586	10.773199
587	10.773199
588	10.773199
589	10.773199
590	10.773199
591	10.773199
592	10.773199
593	10.773199
594	10.773199
595	10.773199
596	10.773199
597	10.773199
598	10.773199
599	10.773199
600	10.773199
601	10.773199
602	10.773199
603	10.773199
604	10.773199
605	10.773199
606	10.773199
607	10.773199
608	10.773199
609	10.773199
610	10.773199
611	10.773199
612	10.773199
613	10.773199
614	10.773199
615	10.773199
616	10.773199
617	10.773199
618	10.773199
619	10.773199
620	10.773199
621	10.773199
622	10.773199
623	10.773199
624	10.773199
625	10.773199
626	10.773199
627	10.773199
628	10.773199
629	10.773199
630	10.773199
631	10.773199
632	10.773199
633	10.773199
634	10.773199
635	10.773199
636	10.773199
637	10.773199
638	10.773199
639	10.773199
640	10.773199
641	10.773199
642	10.773199
643	10.773199
644	10.773199
645	10.773199
646	10.773199
647	10.711932
648	10.711932
649	10.711932
650	10.711932
651	10.711932
652	10.711932
653	10.711932
654	10.711932
655	10.711932
656	10.711932
657	10.711932
658	10.711932
659	10.711932
660	10.711932
661	10.711932
662	10.711932
663	10.711932
664	10.711932
665	10.711932
666	10.711932
667	10.711932
668	10.711932
669	10.711932
670	10.711932
671	10.711932
672	10.711932
673	10.711932
674	10.711932
675	10.711932
676	10.711932
677	10.711932
678	10.700191
679	10.700191
680	10.700191
681	10.700191
682	10.700191
683	10.700191
684	10.700191
685	10.700191
686	10.700191
687	10.700191
688	10.700191
689	10.700191
690	10.700191
691	10.700191
692	10.700191
693	10.700191
694	10.700191
695	10.700191
696	10.700191
697	10.700191
698	10.700191
699	10.700191
700	10.700191
701	10.700191
702	10.700191
703	10.700191
704	10.700191
705	10.700191
706	10.700191
707	10.700191
708	10.700191
709	10.700191
710	10.700191
711	10.700191
712	10.700191
713	10.700191
714	10.700191
715	10.700191
716	10.700191
717	10.700191
718	10.700191
719	10.700191
720	10.700191
721	10.782652
722	10.782652
723	10.782652
724	10.782652
725	10.782652
726	10.782652
727	10.782652
728	10.782652
729	10.782652
730	10.782652
731	10.782652
732	10.782652
733	10.782652
734	10.782652
735	10.782652
736	10.782652
737	10.782652
738	10.782652
739	10.782652
740	10.782652
741	10.782652
742	10.81381
743	10.81381
744	10.81381
745	10.81381
746	10.81381
747	10.81381
748	10.81381
749	10.807661
750	10.807661
751	10.807661
752	10.807661
753	10.807661
754	10.807661
755	10.807661
756	10.807661
757	10.807661
758	10.807661
759	10.807661
760	10.807661
761	10.807661
762	10.807661
763	10.807661
764	10.807661
765	10.807661
766	10.807661
767	10.807661
768	10.807661
769	10.807661
770	10.807661
771	10.807661
772	10.807661
773	10.807661
774	10.807661
775	10.807661
776	10.807661
777	10.807661
778	10.807661
779	10.807661
780	10.807661
781	10.807661
782	10.807661
783	10.807661
784	10.807661
785	10.807661
786	10.807661
787	10.807661
788	10.807661
789	10.807661
790	10.807661
791	10.807661
792	10.807661
793	10.807661
794	10.807661
795	10.807661
796	10.807661
797	10.807661
798	10.807661
799	10.807661
800	10.807661
801	10.807661
802	10.807661
803	10.807661
804	10.807661
805	10.807661
806	10.807661
807	10.807661
808	10.807661
809	10.807661
810	10.807661
811	10.807661
812	10.807661
813	10.807661
814	10.807661
815	10.807661
816	10.807661
817	10.807661
818	10.807661
819	10.807661
820	10.807661
821	10.807661
822	10.807661
823	10.807661
824	10.807661
825	10.807661
826	10.807661
827	10.807661
828	10.807661
829	10.807661
830	10.807661
831	10.807661
832	10.807661
833	10.807661
834	10.807661
835	10.807661
836	10.807661
837	10.807661
838	10.807661
839	10.807661
840	10.807661
841	10.807661
842	10.807661
843	10.807661
844	10.807661
845	10.807661
846	10.807661
847	10.807661
848	10.807661
849	10.785771
850	10.785771
851	10.785771
852	10.785771
853	10.785771
854	10.785771
855	10.785771
856	10.785771
857	10.785771
858	10.785771
859	10.785771
860	10.785771
861	10.785771
862	10.785771
863	10.785771
864	10.785771
865	10.785771
866	10.785771
867	10.785771
868	10.785771
869	10.785771
870	10.785771
871	10.785771
872	10.785771
873	10.785771
874	10.785771
875	10.785771
876	10.785771
877	10.807387
878	10.819128
879	10.819128
880	10.819128
881	10.819128
882	10.819128
883	10.819128
884	10.819128
885	10.819128
886	10.819128
887	10.82405
888	10.82405
889	10.82405
890	10.82405
891	10.82405
892	10.82405
893	10.82405
894	10.82405
895	10.82405
896	10.82405
897	10.82405
898	10.82405
899	10.82405
900	10.82405
901	10.82405
902	10.82405
903	10.82405
904	10.82405
905	10.82405
906	10.82405
907	10.82405
908	10.82405
909	10.82405
910	10.82405
911	10.82405
912	10.82405
913	10.82405
914	10.82405
915	10.82405
916	10.82405
917	10.82405
918	10.82405
919	10.82405
920	10.82405
921	10.82405
922	10.82405
923	10.82405
924	10.82405
925	10.82405
926	10.82405
927	10.82405
928	10.82405
929	10.82405
930	10.82405
931	10.82405
932	10.82405
933	10.82405
934	10.82405
935	10.82405
936	10.82405
937	10.82405
938	10.82405
939	10.82405
940	10.82405
941	10.82405
942	10.832607
943	10.832607
944	10.832607
945	10.832607
946	10.832607
947	10.832607
948	10.832607
949	10.832607
950	10.832607
951	10.832607
952	10.832607
953	10.832607
954	10.832607
955	10.832607
956	10.832607
957	10.832607
958	10.832607
959	10.832607
960	10.832607
961	10.832607
962	10.832607
963	10.832607
964	10.832607
965	10.832607
966	10.832607
967	10.832607
968	10.832607
969	10.832607
970	10.832607
971	10.832607
972	10.832607
973	10.832607
974	10.832607
975	10.832607
976	10.832607
977	10.832607
978	10.832607
979	10.832607
980	10.832607
981	10.832607
982	10.832607
983	10.832607
984	10.832607
985	10.832607
986	10.832607
987	10.832607
988	10.832607
989	10.832607
990	10.832607
991	10.832607
992	10.832607
993	10.832607
994	10.832607
995	10.832607
996	10.832607
997	10.832607
998	10.832607
999	10.832607
1000	10.832607
1001	10.832607
1002	10.832607
1003	10.832607
1004	10.832607
1005	10.832607
1006	10.832607
1007	10.832607
1008	10.832607
1009	10.832607
1010	10.832607
1011	10.832607
1012	10.832607
1013	10.832607
1014	10.832607
1015	10.832607
1016	10.832607
1017	10.832607
1018	10.832607
1019	10.832607
1020	10.832607
1021	10.832607
1022	10.832607
1023	10.832607
1024	10.832607
1025	10.832607
1026	10.832607
1027	10.832607
1028	10.832607
1029	10.832607
1030	10.832607
1031	10.832607
1032	10.832607
1033	10.832607
1034	10.832607
1035	10.832607
1036	10.832607
1037	10.832607
1038	10.832607
1039	10.832607
1040	10.832607
1041	10.832607
1042	10.832607
1043	10.832607
1044	10.832607
1045	10.832607
1046	10.832607
1047	10.832607
1048	10.832607
1049	10.832607
1050	10.832607
1051	10.832607
1052	10.832607
1053	10.832607
1054	10.832607
1055	10.832607
1056	10.832607
1057	10.832607
1058	10.832607
1059	10.832607
1060	10.832607
1061	10.832607
1062	10.832607
1063	10.832607
1064	10.832607
1065	10.832607
1066	10.832607
1067	10.832607
1068	10.832607
1069	10.832607
1070	10.832607
1071	10.832607
1072	10.832607
1073	10.832607
1074	10.832607
1075	10.832607
1076	10.832607
1077	10.832607
1078	10.832607
1079	10.832607
1080	10.832607
1081	10.832607
1082	10.832607
1083	10.832607
1084	10.832607
1085	10.832607
1086	10.832607
1087	10.832607
1088	10.832607
1089	10.832607
1090	10.832607
1091	10.832607
1092	10.832607
1093	10.832607
1094	10.832607
1095	10.832607
1096	10.832607
1097	10.832607
1098	10.832607
1099	10.832607
1100	10.832607
1101	10.832607
1102	10.832607
1103	10.832607
1104	10.832607
1105	10.832607
1106	10.832607
1107	10.832607
1108	10.832607
1109	10.832607
1110	10.832607
1111	10.832607
1112	10.832607
1113	10.832607
1114	10.832607
1115	10.832607
1116	10.832607
1117	10.832607
1118	10.832607
1119	10.832607
1120	10.832607
1121	10.832607
1122	10.832607
1123	10.832607
1124	10.832607
1125	10.832607
1126	10.832607
1127	10.832607
1128	10.832607
1129	10.832607
1130	10.832607
1131	10.832607
1132	10.832607
1133	10.832607
1134	10.832607
1135	10.832607
1136	10.832607
1137	10.832607
1138	10.832607
1139	10.832607
1140	10.832607
1141	10.832607
1142	10.832607
1143	10.832607
1144	10.832607
1145	10.832607
1146	10.832607
1147	10.832607
1148	10.832607
1149	10.832607
1150	10.832607
1151	10.832607
1152	10.832607
1153	10.832607
1154	10.832607
1155	10.832607
1156	10.832607
1157	10.832607
1158	10.832607
1159	10.872382
1160	10.872382
1161	10.872382
1162	10.872382
1163	10.872382
1164	10.872382
1165	10.872382
1166	10.872382
1167	10.872382
1168	10.872382
1169	10.872382
1170	10.872382
1171	10.872382
1172	10.872382
1173	10.872382
1174	10.872382
1175	10.872382
1176	10.872382
1177	10.872382
1178	10.872382
1179	10.872382
1180	10.872382
1181	10.872382
1182	10.872382
1183	10.872382
1184	10.872382
1185	10.872382
1186	10.872382
1187	10.872382
1188	10.872382
1189	10.872382
1190	10.872382
1191	10.872382
1192	10.872382
1193	10.872382
1194	10.872382
1195	10.872382
1196	10.872382
1197	10.872382
1198	10.872382
1199	10.872382
1200	10.872382
1201	10.872382
1202	10.872382
1203	10.872382
1204	10.872382
1205	10.872382
1206	10.872382
1207	10.872382
1208	10.872382
1209	10.872382
1210	10.872382
1211	10.872382
1212	10.872382
1213	10.872382
1214	10.872382
1215	10.872382
1216	10.872382
1217	10.872382
1218	10.872382
1219	10.872382
1220	10.872382
1221	10.872382
1222	10.872382
1223	10.872382
1224	10.872382
1225	10.872382
1226	10.872382
1227	10.872382
1228	10.872382
1229	10.872382
1230	10.872382
1231	10.872382
1232	10.872382
1233	10.872382
1234	10.872382
1235	10.872382
1236	10.872382
1237	10.872382
1238	10.872382
1239	10.872382
1240	10.872382
1241	10.872382
1242	10.872382
1243	10.872382
1244	10.872382
1245	10.872382
1246	10.872382
1247	10.872382
1248	10.872382
1249	10.872382
1250	10.872382
1251	10.872382
1252	10.872382
1253	10.872382
1254	10.872382
1255	10.872382
1256	10.872382
1257	10.872382
1258	10.872382
1259	10.872382
1260	10.872382
1261	10.872382
1262	10.872382
1263	10.872382
1264	10.872382
1265	10.872382
1266	10.872382
1267	10.872382
1268	10.872382
1269	10.872382
1270	10.872382
1271	10.872382
1272	10.872382
1273	10.872382
1274	10.872382
1275	10.872382
1276	10.872382
1277	10.872382
1278	10.872382
1279	10.872382
1280	10.872382
1281	10.872382
1282	10.872382
1283	10.872382
1284	10.872382
1285	10.872382
1286	10.872382
1287	10.872382
1288	10.872382
1289	10.872382
1290	10.872382
1291	10.872382
1292	10.872382
1293	10.872382
1294	10.872382
1295	10.872382
1296	10.872382
1297	10.872382
1298	10.872382
1299	10.872382
1300	10.872382
1301	10.872382
1302	10.872382
1303	10.872382
1304	10.872382
1305	10.872382
1306	10.872382
1307	10.872382
1308	10.872382
1309	10.872382
1310	10.872382
1311	10.872382
1312	10.872382
1313	10.872382
1314	10.872382
1315	10.872382
1316	10.872382
1317	10.872382
1318	10.872382
1319	10.872382
1320	10.872382
1321	10.872382
1322	10.872382
1323	10.872382
1324	10.872382
1325	10.872382
1326	10.872382
1327	10.872382
1328	10.872382
1329	10.872382
1330	10.872382
1331	10.872382
1332	10.872382
1333	10.872382
1334	10.872382
1335	10.872382
1336	10.872382
1337	10.872382
1338	10.872382
1339	10.872382
1340	10.872382
1341	10.872382
1342	10.872382
1343	10.872382
1344	10.872382
1345	10.872382
1346	10.872382
1347	10.872382
1348	10.872382
1349	10.872382
1350	10.872382
1351	10.872382
1352	10.872382
1353	10.872382
1354	10.872382
1355	10.872382
1356	10.872382
1357	10.872382
1358	10.872382
1359	10.872382
1360	10.872382
1361	10.872382
1362	10.872382
1363	10.872382
1364	10.872382
1365	10.872382
1366	10.872382
1367	10.872382
1368	10.872382
1369	10.872382
1370	10.872382
1371	10.872382
1372	10.872382
1373	10.872382
1374	10.872382
1375	10.872382
1376	10.872382
1377	10.872382
1378	10.872382
1379	10.872382
1380	10.872382
1381	10.872382
1382	10.872382
1383	10.872382
1384	10.872382
1385	10.872382
1386	10.872382
1387	10.872382
1388	10.872382
1389	10.872382
1390	10.872382
1391	10.872382
1392	10.872382
1393	10.872382
1394	10.872382
1395	10.872382
1396	10.872382
1397	10.872382
1398	10.872382
1399	10.872382
1400	10.872382
1401	10.872382
1402	10.872382
1403	10.872382
1404	10.872382
1405	10.872382
1406	10.872382
1407	10.872382
1408	10.872382
1409	10.872382
1410	10.872382
1411	10.872382
1412	10.872382
1413	10.872382
1414	10.911187
1415	10.911187
1416	10.911187
1417	10.911187
1418	10.911187
1419	10.911187
1420	10.911187
1421	10.911187
1422	10.911187
1423	10.911187
1424	10.911187
1425	10.911187
1426	10.911187
1427	10.911187
1428	10.911187
1429	10.911187
1430	10.911187
1431	10.911187
1432	10.911187
1433	10.911187
1434	10.911187
1435	10.911187
1436	10.911187
1437	10.911187
1438	10.911187
1439	10.911187
1440	10.911187
1441	10.911187
1442	10.911187
1443	10.911187
1444	10.911187
1445	10.911187
1446	10.911187
1447	10.911187
1448	10.911187
1449	10.911187
1450	10.911187
1451	10.911187
1452	10.911187
1453	10.911187
1454	10.911187
1455	10.911187
1456	10.911187
1457	10.911187
1458	10.911187
1459	10.911187
1460	10.911187
1461	10.911187
1462	10.911187
1463	10.911187
1464	10.911187
1465	10.911187
1466	10.911187
1467	10.911187
1468	10.911187
1469	10.911187
1470	10.911187
1471	10.911187
1472	10.911187
1473	10.911187
1474	10.911187
1475	10.911187
1476	10.911187
1477	10.911187
1478	10.911187
1479	10.911187
1480	10.911187
1481	10.911187
1482	10.911187
1483	10.911187
1484	10.911187
1485	10.911187
1486	10.911187
1487	10.911187
1488	10.911187
1489	10.911187
1490	10.911187
1491	10.911187
1492	10.911187
1493	10.911187
1494	10.911187
1495	10.911187
1496	10.911187
1497	10.911187
1498	10.911187
1499	10.911187
1500	10.911187
1501	10.911187
1502	10.911187
1503	10.911187
1504	10.911187
1505	10.911187
1506	10.911187
1507	10.911187
1508	10.911187
1509	10.911187
1510	10.911187
1511	10.911187
1512	10.911187
1513	10.911187
1514	10.911187
1515	10.911187
1516	10.911187
1517	10.911187
1518	10.911187
1519	10.911187
1520	10.911187
1521	10.911187
1522	10.911187
1523	10.911187
1524	10.911187
1525	10.911187
1526	10.911187
1527	10.911187
1528	10.911187
1529	10.911187
1530	10.911187
1531	10.911187
1532	10.911187
1533	10.911187
1534	10.911187
1535	10.911187
1536	10.911187
1537	10.911187
1538	10.911187
1539	10.911187
1540	10.911187
1541	10.911187
1542	10.911187
1543	10.911187
1544	10.911187
1545	10.911187
1546	10.911187
1547	10.911187
1548	10.911187
1549	10.911187
1550	10.911187
1551	10.911187
1552	10.911187
1553	10.911187
1554	10.911187
1555	10.911187
1556	10.911187
1557	10.911187
1558	10.911187
1559	10.911187
1560	10.911187
1561	10.911187
1562	10.911187
1563	10.911187
1564	10.911187
1565	10.911187
1566	10.911187
1567	10.911187
1568	10.911187
1569	10.911187
1570	10.911187
1571	10.911187
1572	10.911187
1573	10.911187
1574	10.911187
1575	10.911187
1576	10.911187
1577	10.911187
1578	10.911187
1579	10.911187
1580	10.911187
1581	10.911187
1582	10.911187
1583	10.911187
1584	10.911187
1585	10.911187
1586	10.911187
1587	10.911187
1588	10.911187
1589	10.911187
1590	10.911187
1591	10.911187
1592	10.911187
1593	10.911187
1594	10.911187
1595	10.911187
1596	10.911187
1597	10.911187
1598	10.911187
1599	10.911187
1600	10.911187
1601	10.911187
1602	10.911187
1603	10.911187
1604	10.911187
1605	10.911187
1606	10.911187
1607	10.911187
1608	10.911187
1609	10.911187
1610	10.911187
1611	10.911187
1612	10.911187
1613	10.911187
1614	10.911187
1615	10.911187
1616	10.911187
1617	10.911187
1618	10.911187
1619	10.911187
1620	10.911187
1621	10.911187
1622	10.911187
1623	10.911187
1624	10.911187
1625	10.911187
1626	10.911187
1627	10.911187
1628	10.911187
1629	10.911187
1630	10.911187
1631	10.911187
1632	10.911187
1633	10.911187
1634	10.911187
1635	10.911187
1636	10.911187
1637	10.911187
1638	10.911187
1639	10.911187
1640	10.911187
1641	10.911187
1642	10.911187
1643	10.911187
1644	10.911187
1645	10.911187
1646	10.911187
1647	10.911187
1648	10.911187
1649	10.911187
1650	10.911187
1651	10.911187
1652	10.911187
1653	10.911187
1654	10.911187
1655	10.911187
1656	10.911187
1657	10.911187
1658	10.911187
1659	10.911187
1660	10.911187
1661	10.911187
1662	10.911187
1663	10.911187
1664	10.911187
1665	10.911187
1666	10.911187
1667	10.911187
1668	10.911187
1669	10.911187
1670	10.911187
1671	10.911187
1672	10.911187
1673	10.911187
1674	10.911187
1675	10.911187
1676	10.911187
1677	10.911187
1678	10.911187
1679	10.911187
1680	10.911187
1681	10.911187
1682	10.911187
1683	10.911187
1684	10.911187
1685	10.911187
1686	10.911187
1687	10.911187
1688	10.911187
1689	10.911187
1690	10.911187
1691	10.911187
1692	10.911187
1693	10.911187
1694	10.911187
1695	10.911187
1696	10.911187
1697	10.911187
1698	10.911187
1699	10.911187
1700	10.911187
1701	10.911187
1702	10.911187
1703	10.911187
1704	10.911187
1705	10.911187
1706	10.911187
1707	10.911187
1708	10.911187
1709	10.911187
1710	10.911187
1711	10.911187
1712	10.911187
1713	10.911187
1714	10.911187
1715	10.911187
1716	10.911187
1717	10.911187
1718	10.911187
1719	10.911187
1720	10.911187
1721	10.911187
1722	10.911187
1723	10.911187
1724	10.911187
1725	10.911187
1726	10.911187
1727	10.911187
1728	10.911187
1729	10.911187
1730	10.911187
1731	10.911187
1732	10.911187
1733	10.911187
1734	10.911187
1735	10.911187
1736	10.911187
1737	10.911187
1738	10.911187
1739	10.911187
1740	10.911187
1741	10.911187
1742	10.911187
1743	10.911187
1744	10.911187
1745	10.911187
1746	10.911187
1747	10.911187
1748	10.911187
1749	10.911187
1750	10.911187
1751	10.911187
1752	10.911187
1753	10.911187
1754	10.911187
1755	10.911187
1756	10.911187
1757	10.911187
1758	10.911187
1759	10.911187
1760	10.911187
1761	10.911187
1762	10.911187
1763	10.911187
1764	10.911187
1765	10.911187
1766	10.911187
1767	10.911187
1768	10.911187
1769	10.911187
1770	10.911187
1771	10.911187
1772	10.911187
1773	10.911187
1774	10.911187
1775	10.911187
1776	10.911187
1777	10.911187
1778	10.911187
1779	10.911187
1780	10.911187
1781	10.911187
1782	10.911187
1783	10.911187
1784	10.911187
1785	10.911187
1786	10.911187
1787	10.911187
1788	10.911187
1789	10.911187
1790	10.911187
1791	10.911187
1792	10.911187
1793	10.911187
1794	10.911187
1795	10.911187
1796	10.911187
1797	10.911187
1798	10.911187
1799	10.911187
1800	10.911187
1801	10.911187
1802	10.911187
1803	10.911187
1804	10.911187
1805	10.911187
1806	10.911187
1807	10.911187
1808	10.911187
1809	10.911187
1810	10.911187
1811	10.911187
1812	10.911187
1813	10.911187
1814	10.911187
1815	10.911187
1816	10.911187
1817	10.911187
1818	10.911187
1819	10.911187
1820	10.911187
1821	10.911187
1822	10.911187
1823	10.911187
1824	10.911187
1825	10.911187
1826	10.911187
1827	10.911187
1828	10.911187
1829	10.911187
1830	10.911187
1831	10.911187
1832	10.911187
1833	10.911187
1834	10.911187
1835	10.911187
1836	10.911187
1837	10.911187
1838	10.911187
1839	10.911187
1840	10.911187
1841	10.911187
1842	10.911187
1843	10.911187
1844	10.911187
1845	10.911187
1846	10.911187
1847	10.911187
1848	10.911187
1849	10.911187
1850	10.911187
1851	10.911187
1852	10.911187
1853	10.911187
1854	10.911187
1855	10.911187
1856	10.911187
1857	10.911187
1858	10.911187
1859	10.911187
1860	10.911187
1861	10.911187
1862	10.911187
1863	10.911187
1864	10.911187
1865	10.911187
1866	10.911187
1867	10.911187
1868	10.911187
1869	10.911187
1870	10.911187
1871	10.911187
1872	10.911187
1873	10.911187
1874	10.911187
1875	10.911187
1876	10.911187
1877	10.911187
1878	10.911187
1879	10.911187
1880	10.911187
1881	10.911187
1882	10.911187
1883	10.911187
1884	10.911187
1885	10.911187
1886	10.911187
1887	10.911187
1888	10.911187
1889	10.911187
1890	10.911187
1891	10.911187
1892	10.911187
1893	10.911187
1894	10.911187
1895	10.911187
1896	10.911187
1897	10.911187
1898	10.911187
1899	10.911187
1900	10.911187
1901	10.911187
1902	10.911187
1903	10.911187
1904	10.911187
1905	10.911187
1906	10.911187
1907	10.911187
1908	10.911187
1909	10.911187
1910	10.911187
1911	10.911187
1912	10.911187
1913	10.911187
1914	10.911187
1915	10.911187
1916	10.911187
1917	10.911187
1918	10.911187
1919	10.911187
1920	10.911187
1921	10.911187
1922	10.911187
1923	10.911187
1924	10.911187
1925	10.911187
1926	10.911187
1927	10.911187
1928	10.911187
1929	10.911187
1930	10.911187
1931	10.911187
1932	10.911187
1933	10.911187
1934	10.911187
1935	10.911187
1936	10.911187
1937	10.911187
1938	10.911187
1939	10.911187
1940	10.911187
1941	10.911187
1942	10.911187
1943	10.911187
1944	10.911187
1945	10.911187
1946	10.911187
1947	10.911187
1948	10.911187
1949	10.911187
1950	10.911187
1951	10.911187
1952	10.911187
1953	10.911187
1954	10.911187
1955	10.911187
1956	10.911187
1957	10.911187
1958	10.911187
1959	10.911187
1960	10.911187
1961	10.911187
1962	10.911187
1963	10.911187
1964	10.911187
1965	10.911187
1966	10.911187
1967	10.911187
1968	10.911187
1969	10.911187
1970	10.911187
1971	10.911187
1972	10.911187
1973	10.911187
1974	10.911187
1975	10.911187
1976	10.911187
1977	10.911187
1978	10.911187
1979	10.911187
1980	10.911187
1981	10.911187
1982	10.911187
1983	10.911187
1984	10.911187
1985	10.911187
1986	10.911187
1987	10.911187
1988	10.911187
1989	10.911187
1990	10.911187
1991	10.911187
1992	10.911187
1993	10.911187
1994	10.911187
1995	10.911187
1996	10.911187
1997	10.911187
1998	10.911187
1999	10.911187
2000	10.911187
2001	10.911187
2002	10.911187
2003	10.911187
2004	10.911187
2005	10.911187
2006	10.911187
2007	10.911187
2008	10.911187
2009	10.911187
2010	10.911187
2011	10.911187
2012	10.911187
2013	10.911187
2014	10.911187
2015	10.911187
2016	10.911187
2017	10.911187
2018	10.911187
2019	10.911187
2020	10.911187
2021	10.911187
2022	10.911187
2023	10.911187
2024	10.911187
2025	10.911187
2026	10.911187
2027	10.911187
2028	10.911187
2029	10.911187
2030	10.911187
2031	10.911187
2032	10.911187
2033	10.911187
2034	10.911187
2035	10.911187
2036	10.911187
2037	10.911187
2038	10.911187
2039	10.911187
2040	10.911187
2041	10.911187
2042	10.911187
2043	10.911187
2044	10.911187
2045	10.911187
2046	10.911187
2047	10.911187
2048	10.911187
2049	10.911187
2050	10.911187
2051	10.911187
2052	10.911187
2053	10.911187
2054	10.911187
2055	10.911187
2056	10.911187
2057	10.911187
2058	10.911187
2059	10.911187
2060	10.911187
2061	10.911187
2062	10.911187
2063	10.911187
2064	10.911187
2065	10.911187
2066	10.911187
2067	10.911187
2068	10.911187
2069	10.911187
2070	10.911187
2071	10.911187
2072	10.911187
2073	10.911187
2074	10.911187
2075	10.911187
2076	10.911187
2077	10.911187
2078	10.911187
2079	10.911187
2080	10.911187
2081	10.911187
2082	10.911187
2083	10.911187
2084	10.911187
2085	10.911187
2086	10.911187
2087	10.911187
2088	10.911187
2089	10.911187
2090	10.911187
2091	10.911187
2092	10.911187
2093	10.911187
2094	10.911187
2095	10.911187
2096	10.911187
2097	10.911187
2098	10.911187
2099	10.911187
2100	10.911187
2101	10.911187
2102	10.911187
2103	10.911187
2104	10.911187
2105	10.911187
2106	10.911187
2107	10.911187
2108	10.911187
2109	10.911187
2110	10.911187
2111	10.911187
2112	10.911187
2113	10.911187
2114	10.911187
2115	10.911187
2116	10.911187
2117	10.911187
2118	10.911187
2119	10.911187
2120	10.911187
2121	10.911187
2122	10.911187
2123	10.911187
2124	10.911187
2125	10.911187
2126	10.911187
2127	10.911187
2128	10.911187
2129	10.911187
2130	10.911187
2131	10.911187
2132	10.911187
2133	10.911187
2134	10.911187
2135	10.911187
2136	10.911187
2137	10.911187
2138	10.911187
2139	10.911187
2140	10.911187
2141	10.911187
2142	10.911187
2143	10.911187
2144	10.911187
2145	10.911187
2146	10.911187
2147	10.911187
2148	10.911187
2149	10.911187
2150	10.911187
2151	10.911187
2152	10.911187
2153	10.911187
2154	10.911187
2155	10.911187
2156	10.911187
2157	10.911187
2158	10.911187
2159	10.911187
2160	10.911187
2161	10.911187
2162	10.911187
2163	10.911187
2164	10.911187
2165	10.911187
2166	10.911187
2167	10.911187
2168	10.911187
2169	10.911187
2170	10.911187
2171	10.911187
2172	10.911187
2173	10.911187
2174	10.911187
2175	10.911187
2176	10.911187
2177	10.911187
2178	10.911187
2179	10.911187
2180	10.911187
2181	10.911187
2182	10.911187
2183	10.911187
2184	10.911187
2185	10.911187
2186	10.911187
2187	10.911187
2188	10.911187
2189	10.911187
2190	10.911187
2191	10.911187
2192	10.911187
2193	10.911187
2194	10.911187
2195	10.911187
2196	10.911187
2197	10.911187
2198	10.911187
2199	10.911187
2200	10.911187
2201	10.911187
2202	10.911187
2203	10.911187
2204	10.911187
2205	10.911187
2206	10.911187
2207	10.911187
2208	10.911187
2209	10.911187
2210	10.911187
2211	10.911187
2212	10.911187
2213	10.911187
2214	10.911187
2215	10.911187
2216	10.911187
2217	10.911187
2218	10.911187
2219	10.911187
2220	10.911187
2221	10.911187
2222	10.911187
2223	10.911187
2224	10.911187
2225	10.911187
2226	10.911187
2227	10.911187
2228	10.911187
2229	10.911187
2230	10.911187
2231	10.911187
2232	10.911187
2233	10.911187
2234	10.911187
2235	10.911187
2236	10.911187
2237	10.911187
2238	10.911187
2239	10.911187
2240	10.911187
2241	10.911187
2242	10.911187
2243	10.911187
2244	10.911187
2245	10.911187
2246	10.911187
2247	10.911187
2248	10.911187
2249	10.911187
2250	10.911187
2251	10.911187
2252	10.911187
2253	10.911187
2254	10.911187
2255	10.911187
2256	10.911187
2257	10.911187
2258	10.911187
2259	10.911187
2260	10.911187
2261	10.911187
2262	10.911187
2263	10.911187
2264	10.911187
2265	10.911187
2266	10.911187
2267	10.911187
2268	10.911187
2269	10.911187
2270	10.911187
2271	10.911187
2272	10.911187
2273	10.911187
2274	10.911187
2275	10.911187
2276	10.911187
2277	10.911187
2278	10.911187
2279	10.911187
2280	10.911187
2281	10.911187
2282	10.911187
2283	10.911187
2284	10.911187
2285	10.911187
2286	10.911187
2287	10.911187
2288	10.911187
2289	10.911187
2290	10.911187
2291	10.911187
2292	10.911187
2293	10.911187
2294	10.911187
2295	10.911187
2296	10.911187
2297	10.911187
2298	10.911187
2299	10.911187
2300	10.911187
2301	10.911187
2302	10.911187
2303	10.911187
2304	10.911187
2305	10.911187
2306	10.911187
2307	10.911187
2308	10.911187
2309	10.911187
2310	10.911187
2311	10.911187
2312	10.911187
2313	10.911187
2314	10.911187
2315	10.911187
2316	10.911187
2317	10.911187
2318	10.911187
2319	10.911187
2320	10.911187
2321	10.911187
2322	10.911187
2323	10.911187
2324	10.911187
2325	10.911187
2326	10.911187
2327	10.911187
2328	10.911187
2329	10.911187
2330	10.911187
2331	10.911187
2332	10.911187
2333	10.911187
2334	10.911187
2335	10.911187
2336	10.911187
2337	10.911187
2338	10.911187
2339	10.911187
2340	10.911187
2341	10.911187
2342	10.911187
2343	10.911187
2344	10.911187
2345	10.911187
2346	10.911187
2347	10.911187
2348	10.911187
2349	10.911187
2350	10.911187
2351	10.911187
2352	10.911187
2353	10.911187
2354	10.911187
2355	10.911187
2356	10.911187
2357	10.911187
2358	10.911187
2359	10.911187
2360	10.911187
2361	10.911187
2362	10.911187
2363	10.911187
2364	10.911187
2365	10.911187
2366	10.911187
2367	10.911187
2368	10.911187
2369	10.911187
2370	10.911187
2371	10.911187
2372	10.911187
2373	10.911187
2374	10.911187
2375	10.911187
2376	10.911187
2377	10.911187
2378	10.911187
2379	10.911187
2380	10.911187
2381	10.911187
2382	10.911187
2383	10.911187
2384	10.911187
2385	10.911187
2386	10.911187
2387	10.911187
2388	10.911187
2389	10.911187
2390	10.911187
2391	10.911187
2392	10.911187
2393	10.911187
2394	10.911187
2395	10.911187
2396	10.911187
2397	10.911187
2398	10.911187
2399	10.911187
2400	10.911187
2401	10.911187
2402	10.911187
2403	10.911187
2404	10.911187
2405	10.911187
2406	10.911187
2407	10.911187
2408	10.911187
2409	10.911187
2410	10.911187
2411	10.911187
2412	10.911187
2413	10.911187
2414	10.911187
2415	10.911187
2416	10.911187
2417	10.911187
2418	10.911187
2419	10.911187
2420	10.911187
2421	10.911187
2422	10.911187
2423	10.911187
2424	10.911187
2425	10.911187
2426	10.911187
2427	10.911187
2428	10.911187
2429	10.911187
2430	10.911187
2431	10.911187
2432	10.911187
2433	10.911187
2434	10.911187
2435	10.911187
2436	10.911187
2437	10.911187
2438	10.911187
2439	10.911187
2440	10.911187
2441	10.911187
2442	10.911187
2443	10.911187
2444	10.911187
2445	10.911187
2446	10.911187
2447	10.911187
2448	10.911187
2449	10.911187
2450	10.911187
2451	10.911187
2452	10.911187
2453	10.911187
2454	10.911187
2455	10.911187
2456	10.911187
2457	10.911187
2458	10.911187
2459	10.911187
2460	10.911187
2461	10.911187
2462	10.911187
2463	10.911187
2464	10.911187
2465	10.911187
2466	10.911187
2467	10.911187
2468	10.911187
2469	10.911187
2470	10.911187
2471	10.911187
2472	10.911187
2473	10.911187
2474	10.911187
2475	10.911187
2476	10.911187
2477	10.911187
2478	10.911187
2479	10.911187
2480	10.911187
2481	10.911187
2482	10.911187
2483	10.911187
2484	10.911187
2485	10.911187
2486	10.911187
2487	10.911187
2488	10.911187
2489	10.911187
2490	10.911187
2491	10.911187
2492	10.911187
2493	10.911187
2494	10.911187
2495	10.911187
2496	10.911187
2497	10.911187
2498	10.911187
2499	10.911187
2500	10.911187
2501	10.911187
2502	10.911187
2503	10.911187
2504	10.911187
2505	10.911187
2506	10.911187
2507	10.911187
2508	10.911187
2509	10.911187
2510	10.911187
2511	10.911187
2512	10.911187
2513	10.911187
2514	10.911187
2515	10.911187
2516	10.911187
2517	10.911187
2518	10.911187
2519	10.911187
2520	10.911187
2521	10.911187
2522	10.911187
2523	10.911187
2524	10.911187
2525	10.911187
2526	10.911187
2527	10.911187
2528	10.911187
2529	10.911187
2530	10.911187
2531	10.911187
2532	10.911187
2533	10.911187
2534	10.911187
2535	10.911187
2536	10.911187
2537	10.911187
2538	10.911187
2539	10.911187
2540	10.911187
2541	10.911187
2542	10.911187
2543	10.911187
2544	10.911187
2545	10.911187
2546	10.911187
2547	10.911187
2548	10.911187
2549	10.911187
2550	10.911187
2551	10.911187
2552	10.911187
2553	10.911187
2554	10.911187
2555	10.911187
2556	10.911187
2557	10.911187
2558	10.911187
2559	10.911187
2560	10.911187
2561	10.911187
2562	10.911187
2563	10.911187
2564	10.911187
2565	10.911187
2566	10.911187
2567	10.911187
2568	10.911187
2569	10.911187
2570	10.911187
2571	10.911187
2572	10.911187
2573	10.911187
2574	10.911187
2575	10.911187
2576	10.911187
2577	10.911187
2578	10.911187
2579	10.911187
2580	10.911187
2581	10.911187
2582	10.911187
2583	10.911187
2584	10.911187
2585	10.911187
2586	10.911187
2587	10.911187
2588	10.911187
2589	10.911187
2590	10.911187
2591	10.911187
2592	10.911187
2593	10.911187
2594	10.911187
2595	10.911187
2596	10.911187
2597	10.911187
2598	10.911187
2599	10.911187
2600	10.911187
2601	10.911187
2602	10.911187
2603	10.911187
2604	10.911187
2605	10.911187
2606	10.911187
2607	10.911187
2608	10.911187
2609	10.911187
2610	10.911187
2611	10.911187
2612	10.911187
2613	10.911187
2614	10.911187
2615	10.911187
2616	10.911187
2617	10.911187
2618	10.911187
2619	10.911187
2620	10.911187
2621	10.911187
2622	10.911187
2623	10.911187
2624	10.911187
2625	10.911187
2626	10.911187
2627	10.911187
2628	10.911187
2629	10.911187
2630	10.911187
2631	10.911187
2632	10.911187
2633	10.911187
2634	10.911187
2635	10.911187
2636	10.911187
2637	10.911187
2638	10.911187
2639	10.911187
2640	10.911187
2641	10.911187
2642	10.911187
2643	10.911187
2644	10.911187
2645	10.911187
2646	10.911187
2647	10.911187
2648	10.911187
2649	10.911187
2650	10.911187
2651	10.911187
2652	10.911187
2653	10.911187
2654	10.911187
2655	10.911187
2656	10.911187
2657	10.911187
2658	10.911187
2659	10.911187
2660	10.911187
2661	10.911187
2662	10.911187
2663	10.911187
2664	10.911187
2665	10.911187
2666	10.911187
2667	10.911187
2668	10.911187
2669	10.911187
2670	10.911187
2671	10.911187
2672	10.911187
2673	10.911187
2674	10.911187
2675	10.911187
2676	10.911187
2677	10.911187
2678	10.911187
2679	10.911187
2680	10.911187
2681	10.911187
2682	10.911187
2683	10.911187
2684	10.911187
2685	10.911187
2686	10.911187
2687	10.911187
2688	10.911187
2689	10.911187
2690	10.911187
2691	10.911187
2692	10.911187
2693	10.911187
2694	10.911187
2695	10.911187
2696	10.911187
2697	10.911187
2698	10.911187
2699	10.911187
2700	10.911187
2701	10.911187
2702	10.911187
2703	10.911187
2704	10.911187
2705	10.911187
2706	10.911187
2707	10.911187
2708	10.911187
2709	10.911187
2710	10.911187
2711	10.911187
2712	10.911187
2713	10.911187
2714	10.911187
2715	10.911187
2716	10.911187
2717	10.911187
2718	10.911187
2719	10.911187
2720	10.911187
2721	10.911187
2722	10.911187
2723	10.911187
2724	10.911187
2725	10.911187
2726	10.911187
2727	10.911187
2728	10.911187
2729	10.911187
2730	10.911187
2731	10.911187
2732	10.911187
2733	10.911187
2734	10.911187
2735	10.911187
2736	10.911187
2737	10.911187
2738	10.911187
2739	10.911187
2740	10.911187
2741	10.911187
2742	10.911187
2743	10.911187
2744	10.911187
2745	10.911187
2746	10.911187
2747	10.911187
2748	10.911187
2749	10.911187
2750	10.911187
2751	10.911187
2752	10.911187
2753	10.911187
2754	10.911187
2755	10.911187
2756	10.911187
2757	10.911187
2758	10.911187
2759	10.911187
2760	10.911187
2761	10.911187
2762	10.911187
2763	10.911187
2764	10.911187
2765	10.911187
2766	10.911187
2767	10.911187
2768	10.911187
2769	10.911187
2770	10.911187
2771	10.911187
2772	10.911187
2773	10.911187
2774	10.911187
2775	10.911187
2776	10.911187
2777	10.911187
2778	10.911187
2779	10.911187
2780	10.911187
2781	10.911187
2782	10.911187
2783	10.911187
2784	10.911187
2785	10.911187
2786	10.911187
2787	10.911187
2788	10.911187
2789	10.911187
2790	10.911187
2791	10.911187
2792	10.911187
2793	10.911187
2794	10.911187
2795	10.911187
2796	10.911187
2797	10.911187
2798	10.911187
2799	10.911187
2800	10.911187
2801	10.911187
2802	10.911187
2803	10.911187
2804	10.911187
2805	10.911187
2806	10.911187
2807	10.911187
2808	10.911187
2809	10.911187
2810	10.911187
2811	10.911187
2812	10.911187
2813	10.911187
2814	10.911187
2815	10.911187
2816	10.911187
2817	10.911187
2818	10.911187
2819	10.911187
2820	10.911187
2821	10.911187
2822	10.911187
2823	10.911187
2824	10.911187
2825	10.911187
2826	10.911187
2827	10.911187
2828	10.911187
2829	10.911187
2830	10.911187
2831	10.911187
2832	10.911187
2833	10.911187
2834	10.911187
2835	10.911187
2836	10.911187
2837	10.911187
2838	10.911187
2839	10.911187
2840	10.911187
2841	10.911187
2842	10.911187
2843	10.911187
2844	10.911187
2845	10.911187
2846	10.911187
2847	10.911187
2848	10.911187
2849	10.911187
2850	10.911187
2851	10.911187
2852	10.911187
2853	10.911187
2854	10.911187
2855	10.911187
2856	10.911187
2857	10.911187
2858	10.911187
2859	10.911187
2860	10.911187
2861	10.911187
2862	10.911187
2863	10.911187
2864	10.911187
2865	10.911187
2866	10.911187
2867	10.911187
2868	10.911187
2869	10.911187
2870	10.911187
2871	10.911187
2872	10.911187
2873	10.911187
2874	10.911187
2875	10.911187
2876	10.911187
2877	10.911187
2878	10.911187
2879	10.911187
2880	10.911187
2881	10.911187
2882	10.911187
2883	10.911187
2884	10.911187
2885	10.911187
2886	10.911187
2887	10.911187
2888	10.911187
2889	10.911187
2890	10.911187
2891	10.911187
2892	10.911187
2893	10.911187
2894	10.911187
2895	10.911187
2896	10.911187
2897	10.911187
2898	10.911187
2899	10.911187
2900	10.911187
2901	10.911187
2902	10.911187
2903	10.911187
2904	10.911187
2905	10.911187
2906	10.911187
2907	10.911187
2908	10.911187
2909	10.911187
2910	10.911187
2911	10.911187
2912	10.911187
2913	10.911187
2914	10.911187
2915	10.911187
2916	10.911187
2917	10.911187
2918	10.911187
2919	10.911187
2920	10.911187
2921	10.911187
2922	10.911187
2923	10.911187
2924	10.911187
2925	10.911187
2926	10.911187
2927	10.911187
2928	10.911187
2929	10.911187
2930	10.911187
2931	10.911187
2932	10.911187
2933	10.911187
2934	10.911187
2935	10.911187
2936	10.911187
2937	10.911187
2938	10.911187
2939	10.911187
2940	10.911187
2941	10.911187
2942	10.911187
2943	10.911187
2944	10.911187
2945	10.911187
2946	10.911187
2947	10.911187
2948	10.911187
2949	10.911187
2950	10.911187
2951	10.911187
2952	10.911187
2953	10.911187
2954	10.911187
2955	10.911187
2956	10.911187
2957	10.911187
2958	10.911187
2959	10.911187
2960	10.911187
2961	10.911187
2962	10.911187
2963	10.911187
2964	10.911187
2965	10.911187
2966	10.911187
2967	10.911187
2968	10.911187
2969	10.911187
2970	10.911187
2971	10.911187
2972	10.911187
2973	10.911187
2974	10.911187
2975	10.911187
2976	10.911187
2977	10.911187
2978	10.911187
2979	10.911187
2980	10.911187
2981	10.911187
2982	10.911187
2983	10.911187
2984	10.911187
2985	10.911187
2986	10.911187
2987	10.911187
2988	10.911187
2989	10.911187
2990	10.911187
2991	10.911187
2992	10.911187
2993	10.911187
2994	10.911187
2995	10.911187
2996	10.911187
2997	10.911187
2998	10.911187
2999	10.911187
3000	10.911187
3001	10.911187
3002	10.911187
3003	10.911187
3004	10.911187
3005	10.911187
3006	10.911187
3007	10.911187
3008	10.911187
3009	10.911187
3010	10.911187
3011	10.911187
3012	10.911187
3013	10.911187
3014	10.911187
3015	10.911187
3016	10.911187
3017	10.911187
3018	10.911187
3019	10.911187
3020	10.911187
3021	10.911187
3022	10.911187
3023	10.911187
3024	10.911187
3025	10.911187
3026	10.911187
3027	10.911187
3028	10.911187
3029	10.911187
3030	10.911187
3031	10.911187
3032	10.911187
3033	10.911187
3034	10.911187
3035	10.911187
3036	10.911187
3037	10.911187
3038	10.911187
3039	10.911187
3040	10.911187
3041	10.911187
3042	10.911187
3043	10.911187
3044	10.911187
3045	10.911187
