1	6.809626
2	6.814902
3	6.814902
4	6.824766
5	6.83503
6	7.15627
7	7.15928
8	7.182088
9	7.200148
10	7.200148
11	7.201765
12	7.270202
13	7.385708
14	7.413934
15	7.241798
16	7.266938
17	7.418956
18	7.421239
19	7.481692
20	7.494364
21	7.591298
22	7.591298
23	7.600377
24	7.603387
25	7.608741
26	7.894076
27	7.939659
28	7.946109
29	7.968209
30	8.030929
31	8.023351
32	8.114961
33	8.200856
34	8.222897
35	8.266979
36	8.266979
37	8.304577
38	8.173593
39	8.202513
40	8.148406
41	8.37835
42	8.368338
43	8.410908
44	8.383127
45	8.399543
46	8.410506
47	8.476968
48	8.488344
49	8.592879
50	8.525031
51	8.525031
52	8.525031
53	8.495097
54	8.51752
55	8.486545
56	8.501395
57	8.501395
58	8.488226
59	8.520765
60	8.262533
61	8.094225
62	8.094225
63	8.066303
64	8.066303
65	8.168125
66	8.202949
67	8.202949
68	8.217667
69	8.309421
70	8.309421
71	8.309421
72	8.229334
73	8.543604
74	8.543604
75	8.617876
76	8.617876
77	8.6377
78	8.623559
79	8.434649
80	8.470451
81	8.521345
82	8.521939
83	7.929044
84	7.93095
85	7.942542
86	8.12209
87	8.487269
88	8.556244
89	8.7083
90	8.68089
91	8.697434
92	8.699408
93	8.940502
94	8.940502
95	8.988662
96	9.020342
97	8.918267
98	9.054796
99	9.051184
100	9.13152
101	9.134787
102	9.134787
103	9.211725
104	9.215453
105	9.215453
106	9.366497
107	9.314214
108	9.395372
109	9.719344
110	9.735968
111	9.735968
112	9.684771
113	9.694628
114	9.694628
115	9.694628
116	9.694628
117	9.658111
118	9.668431
119	9.668431
120	9.668431
121	9.669536
122	9.669536
123	9.675935
124	9.69572
125	9.696816
126	9.719241
127	9.719241
128	9.719241
129	9.409597
130	9.409597
131	9.409597
132	9.237889
133	9.366385
134	9.392467
135	9.392467
136	9.556362
137	9.715409
138	9.757199
139	9.757199
140	9.97398
141	9.97398
142	9.97398
143	9.975356
144	9.975356
145	10.075055
146	10.075055
147	10.075055
148	9.966055
149	9.966055
150	9.966055
151	9.969495
152	9.969495
153	9.969495
154	10.129284
155	10.00995
156	10.00995
157	10.026168
158	10.026168
159	10.020468
160	9.855154
161	9.855154
162	9.329314
163	9.467746
164	9.466702
165	9.466702
166	9.466702
167	9.582335
168	9.406328
169	9.406328
170	9.406328
171	9.385203
172	9.451396
173	9.451396
174	9.451396
175	9.451396
176	9.506006
177	9.500169
178	9.500169
179	9.500169
180	9.531948
181	9.554275
182	9.554275
183	9.458036
184	9.458036
185	9.408576
186	9.408576
187	9.380067
188	9.460563
189	9.502552
190	9.479493
191	9.458797
192	9.460312
193	9.460312
194	9.460312
195	9.418323
196	9.418323
197	9.426163
198	9.403254
199	9.506413
200	9.506413
201	9.506413
202	9.434902
203	9.468931
204	9.485651
205	9.485651
206	9.485651
207	9.485651
208	9.485651
209	9.485651
210	9.368042
211	9.368042
212	9.368042
213	9.368042
214	9.368042
215	9.368042
216	9.368042
217	9.368042
218	9.351322
219	9.351322
220	9.351322
221	9.351322
222	9.351322
223	9.372018
224	9.252723
225	9.252723
226	9.301118
227	9.23948
228	9.197612
229	9.120256
230	9.120984
231	9.252776
232	8.975343
233	9.087626
234	9.087626
235	9.068276
236	8.924568
237	8.924568
238	9.041433
239	9.041433
240	8.887454
241	8.989647
242	9.001257
243	9.110652
244	9.113662
245	9.113662
246	9.113662
247	9.295204
248	9.448461
249	9.452761
250	9.452761
251	9.452761
252	9.452761
253	9.452761
254	9.452761
255	9.47437
256	9.47437
257	9.689987
258	9.689987
259	9.689987
260	9.594193
261	9.78852
262	9.78852
263	9.78852
264	9.728954
265	9.710034
266	9.710034
267	9.710034
268	9.710034
269	9.710034
270	9.279748
271	9.372159
272	9.339672
273	9.31359
274	9.31359
275	9.199516
276	9.204676
277	9.228505
278	9.228505
279	9.223345
280	9.223345
281	9.373287
282	9.383829
283	9.37412
284	9.350291
285	9.350291
286	9.350291
287	9.350291
288	9.350291
289	9.474563
290	9.474563
291	9.794205
292	9.794205
293	9.794205
294	9.755505
295	9.784161
296	9.784161
297	9.91769
298	9.91769
299	9.91769
300	10.037957
301	10.037957
302	10.047417
303	10.040368
304	10.040368
305	10.063844
306	10.2111
307	10.243806
308	10.216689
309	10.216689
310	10.234002
311	10.365323
312	10.365323
313	10.365323
314	10.365323
315	10.370225
316	10.370225
317	10.370225
318	10.408529
319	10.408529
320	10.408529
321	10.408529
322	10.393839
323	10.347056
324	10.385065
325	10.458705
326	10.458705
327	10.458705
328	10.291147
329	10.291147
330	10.315847
331	10.315847
332	10.31578
333	10.376027
334	10.399337
335	10.399337
336	10.400133
337	10.400133
338	10.4002
339	10.4002
340	10.425871
341	10.434079
342	10.434079
343	10.360439
344	10.360439
345	10.360439
346	10.360439
347	10.360372
348	10.334023
349	10.334023
350	10.380768
351	10.384549
352	10.411389
353	10.411389
354	10.411389
355	10.411389
356	10.411389
357	10.432501
358	10.440159
359	10.440159
360	10.574239
361	10.581649
362	10.581649
363	10.581649
364	10.581649
365	10.581649
366	10.581649
367	10.292177
368	10.368502
369	10.368502
370	10.368502
371	10.368502
372	10.368502
373	10.369008
374	10.369008
375	10.369008
376	10.378053
377	10.378053
378	10.378053
379	10.378053
380	10.335243
381	10.335243
382	10.499635
383	10.499635
384	10.499635
385	10.461331
386	10.461331
387	10.461331
388	10.461331
389	10.517695
390	10.59869
391	10.445964
392	10.38661
393	10.38661
394	10.38661
395	10.469593
396	10.469593
397	10.469593
398	10.310703
399	10.425327
400	10.421546
401	10.421546
402	10.421546
403	10.421546
404	10.421546
405	10.421546
406	10.421546
407	10.470936
408	10.470936
409	10.470936
410	10.540899
411	10.540899
412	10.540899
413	10.460564
414	10.460564
415	10.460058
416	10.460058
417	10.460058
418	10.460058
419	10.377075
420	10.403493
421	10.403493
422	10.403493
423	10.403493
424	10.403493
425	10.403493
426	10.403493
427	10.403493
428	10.358178
429	10.467608
430	10.467608
431	10.467608
432	10.5431
433	10.438426
434	10.438426
435	10.534236
436	10.534236
437	10.539609
438	10.539609
439	10.534037
440	10.534037
441	10.652372
442	10.652372
443	10.652372
444	10.652372
445	10.652372
446	10.61894
447	10.61894
448	10.61894
449	10.66251
450	10.66251
451	10.66251
452	10.66251
453	10.66251
454	10.66251
455	10.66251
456	10.66251
457	10.66251
458	10.66251
459	10.66251
460	10.66251
461	10.66251
462	10.66251
463	10.66251
464	10.663016
465	10.663016
466	10.663016
467	10.471802
468	10.399892
469	10.354193
470	10.371328
471	10.371328
472	10.371328
473	10.371328
474	10.41837
475	10.41837
476	10.41837
477	10.408707
478	10.294424
479	10.294424
480	10.294424
481	10.377584
482	10.377584
483	10.281865
484	10.281865
485	10.318653
486	10.374437
487	10.374437
488	10.327395
489	10.327395
490	10.327395
491	10.147856
492	10.147856
493	10.181288
494	10.181288
495	10.200761
496	10.200761
497	10.200761
498	10.200761
499	10.200761
500	10.195786
501	10.195786
502	10.32752
503	10.32752
504	10.32752
505	10.32752
506	10.275624
507	10.324497
508	10.324497
509	10.287286
510	10.287286
511	10.277137
512	10.277137
513	10.277137
514	10.277137
515	10.361194
516	10.361194
517	10.361194
518	10.431165
519	10.431165
520	10.431165
521	10.431165
522	10.431165
523	10.431165
524	10.423058
525	10.423058
526	10.423058
527	10.423058
528	10.423058
529	10.423058
530	10.423058
531	10.423058
532	10.423058
533	10.423058
534	10.423058
535	10.423058
536	10.423058
537	10.336076
538	10.37942
539	10.33377
540	10.33377
541	10.33377
542	10.273942
543	10.273942
544	10.273942
545	10.273942
546	10.319592
547	10.319592
548	10.330607
549	10.379657
550	10.379657
551	10.379657
552	10.379657
553	10.373707
554	10.373707
555	10.373707
556	10.370124
557	10.370124
558	10.370124
559	10.418971
560	10.407956
561	10.411334
562	10.411334
563	10.454065
564	10.476817
565	10.476817
566	10.476817
567	10.433833
568	10.433833
569	10.433833
570	10.433833
571	10.433833
572	10.433833
573	10.433833
574	10.433833
575	10.443982
576	10.443982
577	10.468431
578	10.341071
579	10.341071
580	10.358583
581	10.358583
582	10.358583
583	10.358583
584	10.502996
585	10.502996
586	10.492847
587	10.492847
588	10.550537
589	10.57006
590	10.57006
591	10.57006
592	10.57006
593	10.57006
594	10.546582
595	10.546582
596	10.546582
597	10.546582
598	10.546582
599	10.546582
600	10.554478
601	10.554478
602	10.554478
603	10.547918
604	10.620792
605	10.629162
606	10.629162
607	10.629162
608	10.629162
609	10.629162
610	10.629162
611	10.687888
612	10.687888
613	10.687888
614	10.687888
615	10.687888
616	10.687888
617	10.687888
618	10.687888
619	10.687888
620	10.687888
621	10.687888
622	10.687888
623	10.699068
624	10.699068
625	10.69989
626	10.713708
627	10.713708
628	10.713708
629	10.713708
630	10.713708
631	10.713708
632	10.713708
633	10.713708
634	10.728832
635	10.728832
636	10.728832
637	10.728832
638	10.728832
639	10.728832
640	10.728832
641	10.728832
642	10.728832
643	10.728832
644	10.728832
645	10.728832
646	10.728832
647	10.682388
648	10.682388
649	10.682388
650	10.703174
651	10.703174
652	10.703174
653	10.703174
654	10.690385
655	10.690385
656	10.690385
657	10.690385
658	10.68541
659	10.68541
660	10.68541
661	10.68541
662	10.68541
663	10.642353
664	10.642353
665	10.642353
666	10.642353
667	10.642353
668	10.642353
669	10.676183
670	10.676183
671	10.676183
672	10.676183
673	10.676183
674	10.727794
675	10.727794
676	10.727794
677	10.727794
678	10.727794
679	10.727794
680	10.727794
681	10.727794
682	10.727794
683	10.794513
684	10.794513
685	10.807223
686	10.807223
687	10.807223
688	10.807223
689	10.829084
690	10.829084
691	10.829084
692	10.829084
693	10.829084
694	10.829084
695	10.829084
696	10.807223
697	10.807223
698	10.807223
699	10.857518
700	10.857518
701	10.891149
702	10.891149
703	10.891149
704	10.891149
705	10.891149
706	10.891149
707	10.891149
708	10.892538
709	10.892032
710	10.892032
711	10.841737
712	10.841737
713	10.841737
714	10.841737
715	10.841737
716	10.841737
717	10.841737
718	10.841737
719	10.829565
720	10.829565
721	10.83429
722	10.83429
723	10.859336
724	10.859336
725	10.859336
726	10.9388
727	10.9388
728	10.9388
729	10.9388
730	10.9388
731	10.9388
732	10.9388
733	10.941104
734	10.941104
735	10.941104
736	10.941104
737	10.941104
738	10.941104
739	10.941104
740	10.941104
741	10.876927
742	10.876927
743	10.876927
744	10.876927
745	10.876927
746	10.876927
747	10.876927
748	10.876927
749	10.876927
750	10.876927
751	10.876927
752	10.876927
753	10.976173
754	10.976173
755	10.976173
756	10.976173
757	10.976173
758	10.976173
759	10.976173
760	10.976173
761	10.976173
762	10.976173
763	10.976173
764	10.976173
765	10.976173
766	10.976173
767	10.976173
768	10.950493
769	10.950493
770	10.950493
771	10.950493
772	10.950493
773	10.950493
774	10.94313
775	10.94313
776	10.94313
777	10.94313
778	10.94313
779	10.94313
780	10.94313
781	10.784722
782	10.784722
783	10.784722
784	10.784722
785	10.784722
786	10.784722
787	10.784722
788	10.784722
789	10.805382
790	10.805382
791	10.805382
792	10.812745
793	10.812745
794	10.960348
795	10.960348
796	10.960348
797	10.960348
798	10.960348
799	10.960348
800	10.960348
801	10.960348
802	10.960348
803	10.960348
804	10.960348
805	10.960348
806	10.986028
807	10.986028
808	10.986028
809	10.986028
810	10.986028
811	10.983724
812	10.983724
813	11.001537
814	11.001537
815	11.001537
816	11.001537
817	11.001537
818	11.001537
819	11.001537
820	11.001537
821	11.001537
822	10.890495
823	10.890495
824	10.890495
825	10.890495
826	10.890495
827	10.890495
828	10.890495
829	10.882336
830	10.811729
831	10.811729
832	10.730916
833	10.730916
834	10.730916
835	10.730916
836	10.730916
837	10.730916
838	10.730916
839	10.767436
840	10.767436
841	10.739704
842	10.811614
843	10.857055
844	10.857055
845	10.772786
846	10.772786
847	10.789621
848	10.807873
849	10.807873
850	10.807873
851	10.790361
852	10.790361
853	10.790361
854	10.790361
855	10.790361
856	10.790361
857	10.790361
858	10.790361
859	10.790361
860	10.790361
861	10.790361
862	10.833471
863	10.833471
864	10.833471
865	10.833471
866	10.833471
867	10.833471
868	10.747794
869	10.747794
870	10.747794
871	10.747794
872	10.747794
873	10.747794
874	10.747794
875	10.747794
876	10.747794
877	10.833471
878	10.833471
879	10.833471
880	10.833471
881	10.833471
882	10.833471
883	10.833471
884	10.831879
885	10.831879
886	10.831879
887	10.831879
888	10.831879
889	10.912692
890	10.912692
891	10.912692
892	10.912692
893	10.912692
894	10.912692
895	10.912692
896	10.912692
897	10.933277
898	10.933277
899	10.933277
900	10.933277
901	10.933277
902	10.933783
903	10.933783
904	10.933783
905	10.933783
906	10.933783
907	10.933783
908	10.933783
909	10.933783
910	10.933783
911	10.951295
912	10.951295
913	10.951295
914	10.951295
915	10.951295
916	10.951295
917	10.951295
918	10.951295
919	10.951295
920	10.951295
921	10.951295
922	10.951295
923	10.951295
924	10.953599
925	10.953599
926	10.953599
927	10.953599
928	10.953599
929	10.953599
930	10.953599
931	10.953599
932	10.953599
933	10.953599
934	10.953599
935	10.953599
936	10.953599
937	10.953599
938	10.953599
939	10.953599
940	10.953599
941	10.953599
942	10.953599
943	10.953599
944	10.953599
945	10.953599
946	10.953599
947	10.953599
948	10.953599
949	10.953599
950	10.953599
951	10.953599
952	10.953599
953	10.953599
954	10.953599
955	10.953599
956	10.953599
957	10.953599
958	10.953599
959	10.953599
960	10.953599
961	10.953599
962	10.953599
963	10.953599
964	10.953599
965	10.953599
966	10.953599
967	10.953599
968	10.953599
969	10.953599
970	10.953599
971	10.953599
972	10.953599
973	10.953599
974	10.953599
975	10.961758
976	10.961758
977	10.961758
978	10.961758
979	10.961758
980	10.961758
981	10.961758
982	10.961758
983	10.961758
984	10.961758
985	10.972243
986	10.972243
987	10.972243
988	10.972243
989	10.972243
990	10.972243
991	10.972243
992	10.972243
993	10.972243
994	10.972243
995	10.972243
996	10.971737
997	10.971737
998	10.971737
999	10.91404
1000	10.91404
1001	10.91404
1002	10.873643
1003	10.873643
1004	10.873643
1005	10.887637
1006	10.887637
1007	10.887637
1008	10.887637
1009	10.887637
1010	10.887637
1011	10.887637
1012	10.888143
1013	10.888143
1014	10.879984
1015	10.879984
1016	10.879984
1017	10.879984
1018	10.879984
1019	10.879984
1020	10.879984
1021	10.879984
1022	10.905664
1023	10.905664
1024	10.905664
1025	10.905664
1026	10.905664
1027	10.960309
1028	10.960309
1029	10.960309
1030	10.960309
1031	10.960309
1032	10.960309
1033	10.960309
1034	10.960309
1035	10.960309
1036	10.960309
1037	10.960309
1038	10.960309
1039	10.966009
1040	10.966009
1041	10.966009
1042	10.966009
1043	10.966009
1044	10.966009
1045	10.966009
1046	10.966009
1047	10.966009
1048	10.897354
1049	10.897354
1050	10.924779
1051	10.983326
1052	10.983326
1053	10.983326
1054	10.983326
1055	10.983326
1056	10.983326
1057	10.989893
1058	10.989893
1059	10.989893
1060	10.989893
1061	10.989893
1062	10.989893
1063	10.989893
1064	10.989893
1065	10.989893
1066	10.989893
1067	10.989893
1068	10.989893
1069	10.989893
1070	10.989893
1071	10.989893
1072	10.989893
1073	10.989893
1074	10.989893
1075	10.989893
1076	10.989893
1077	10.989893
1078	10.989893
1079	10.989893
1080	10.989893
1081	11.011854
1082	11.011854
1083	11.011854
1084	11.011854
1085	11.011854
1086	11.011854
1087	11.011854
1088	11.011854
1089	11.011854
1090	11.011854
1091	11.011854
1092	11.011854
1093	11.011854
1094	11.011854
1095	11.011854
1096	11.011854
1097	11.011854
1098	11.011854
1099	11.011854
1100	11.011854
1101	11.011854
1102	11.080509
1103	11.080509
1104	11.080509
1105	11.080509
1106	11.080509
1107	11.080509
1108	11.080509
1109	11.080509
1110	11.080509
1111	11.080509
1112	11.080509
1113	11.080509
1114	11.067799
1115	11.067799
1116	11.042327
1117	11.042327
1118	11.042327
1119	11.042327
1120	11.042327
1121	11.042327
1122	11.042327
1123	11.042327
1124	11.042327
1125	11.042327
1126	11.042327
1127	11.042327
1128	11.042327
1129	10.983622
1130	10.983622
1131	10.983622
1132	10.983622
1133	10.983622
1134	10.843691
1135	10.843691
1136	10.843691
1137	10.843691
1138	10.843691
1139	10.843691
1140	10.843691
1141	10.843691
1142	10.827943
1143	10.827943
1144	10.827943
1145	10.827943
1146	10.83553
1147	10.83553
1148	10.851278
1149	10.851278
1150	10.851278
1151	10.851278
1152	10.851278
1153	10.851278
1154	10.851278
1155	10.851278
1156	10.851278
1157	10.851278
1158	10.851278
1159	10.851278
1160	10.851278
1161	10.851278
1162	10.851278
1163	10.851278
1164	10.851278
1165	10.850456
1166	10.850456
1167	10.850456
1168	10.850456
1169	10.850456
1170	10.850456
1171	10.850456
1172	10.850456
1173	10.850456
1174	10.850456
1175	10.850456
1176	10.850456
1177	10.825979
1178	10.825979
1179	10.825979
1180	10.825979
1181	10.825979
1182	10.825979
1183	10.825979
1184	10.825979
1185	10.825979
1186	10.825979
1187	10.825979
1188	10.825979
1189	10.825979
1190	10.825979
1191	10.825979
1192	10.825979
1193	10.859809
1194	10.859809
1195	10.859809
1196	10.859809
1197	10.859809
1198	10.859809
1199	10.859809
1200	10.859809
1201	10.859809
1202	10.859809
1203	10.859809
1204	10.859809
1205	10.859809
1206	10.859809
1207	10.859809
1208	10.859809
1209	10.859809
1210	10.859809
1211	10.859809
1212	10.859809
1213	10.859809
1214	10.859809
1215	10.859809
1216	10.859809
1217	10.859809
1218	10.859809
1219	10.859809
1220	10.859809
1221	10.859809
1222	10.859809
1223	10.859809
1224	10.859809
1225	10.859809
1226	10.859809
1227	10.859809
1228	10.859809
1229	10.828062
1230	10.828062
1231	10.828062
1232	10.828062
1233	10.828062
1234	10.828062
1235	10.828062
1236	10.828062
1237	10.828062
1238	10.852539
1239	10.852539
1240	10.852539
1241	10.852539
1242	10.852539
1243	10.852539
1244	10.852539
1245	10.852539
1246	10.852539
1247	10.852539
1248	10.873608
1249	10.873608
1250	10.873608
1251	10.873608
1252	10.873608
1253	10.873608
1254	10.873608
1255	10.873608
1256	10.873608
1257	10.873608
1258	10.873608
1259	10.873608
1260	10.873608
1261	10.873608
1262	10.873608
1263	10.873608
1264	10.873608
1265	10.873608
1266	10.873608
1267	10.873608
1268	10.873608
1269	10.873608
1270	10.873608
1271	10.873608
1272	10.873608
1273	10.873608
1274	10.873608
1275	10.873608
1276	10.873608
1277	10.873608
1278	10.873608
1279	10.873608
1280	10.873608
1281	10.873608
1282	10.873608
1283	10.873608
1284	10.873608
1285	10.873608
1286	10.873608
1287	10.873608
1288	10.873608
1289	10.873608
1290	10.873608
1291	10.873608
1292	10.873608
1293	10.873608
1294	10.873608
1295	10.873608
1296	10.873608
1297	10.916592
1298	10.916592
1299	10.916592
1300	10.916592
1301	10.916592
1302	10.916592
1303	10.916592
1304	10.916592
1305	10.916592
1306	11.056017
1307	11.056017
1308	11.056017
1309	11.040999
1310	11.040999
1311	11.040999
1312	11.040999
1313	11.040999
1314	11.040999
1315	11.040999
1316	11.040999
1317	11.040999
1318	11.040999
1319	11.056017
1320	11.056017
1321	11.056017
1322	11.056017
1323	11.056017
1324	11.056017
1325	11.056017
1326	11.056017
1327	11.056017
1328	11.056017
1329	11.056017
1330	11.056017
1331	11.056017
1332	11.056017
1333	11.056017
1334	11.056017
1335	11.056017
1336	11.056017
1337	11.056017
1338	11.056017
1339	11.056017
1340	11.056017
1341	11.056017
1342	11.056017
1343	11.056017
1344	11.056017
1345	11.056017
1346	11.056017
1347	11.056017
1348	11.056017
1349	11.056017
1350	11.056017
1351	11.056017
1352	11.052833
1353	11.052833
1354	11.052833
1355	11.052833
1356	11.052833
1357	11.052833
1358	11.052833
1359	11.052833
1360	11.052833
1361	11.052833
1362	11.034948
1363	11.034948
1364	11.034948
1365	11.034948
1366	11.034948
1367	11.034948
1368	11.034948
1369	11.034948
1370	11.034948
1371	11.034948
1372	11.034948
1373	11.034948
1374	11.034948
1375	11.034948
1376	11.034948
1377	11.034948
1378	11.034948
1379	11.034948
1380	11.034948
1381	11.034948
1382	11.034948
1383	11.034948
1384	11.034948
1385	11.067636
1386	11.067636
1387	11.067636
1388	11.067636
1389	11.067636
1390	11.067636
1391	11.067636
1392	11.067636
1393	11.067636
1394	11.067636
1395	11.067636
1396	11.067636
1397	11.067636
1398	11.067636
1399	11.067636
1400	11.067636
1401	11.067636
1402	11.067636
1403	11.067636
1404	11.067636
1405	11.067636
1406	11.067636
1407	11.067636
1408	11.067636
1409	11.067636
1410	11.067636
1411	11.067636
1412	11.067636
1413	11.067636
1414	11.067636
1415	11.067636
1416	11.067636
1417	11.067636
1418	11.067636
1419	11.067636
1420	11.067636
1421	11.067636
1422	11.067636
1423	11.067636
1424	11.067636
1425	11.067636
1426	11.067636
1427	11.067636
1428	11.068142
1429	11.068142
1430	11.068142
1431	11.068142
1432	11.068142
1433	11.068142
1434	11.130551
1435	11.130551
1436	11.130551
1437	11.130551
1438	11.130551
1439	11.130551
1440	11.130551
1441	11.130551
1442	11.130551
1443	11.130551
1444	11.130551
1445	11.130551
1446	11.130551
1447	11.130551
1448	11.130551
1449	11.130551
1450	11.130551
1451	11.130551
1452	11.130551
1453	11.130551
1454	11.130551
1455	11.130551
1456	11.130551
1457	11.130551
1458	11.130551
1459	11.130551
1460	11.130551
1461	11.130551
1462	11.130551
1463	11.130551
1464	11.130551
1465	11.130551
1466	11.130551
1467	11.130551
1468	11.130551
1469	11.130551
1470	11.130551
1471	11.130551
1472	11.130551
1473	11.130551
1474	11.130551
1475	11.130551
1476	11.130551
1477	11.130551
1478	11.130551
1479	11.130551
1480	11.18903
1481	11.18903
1482	11.18903
1483	11.18903
1484	11.18903
1485	11.18903
1486	11.18903
1487	11.18903
1488	11.18903
1489	11.18903
1490	11.18903
1491	11.18903
1492	11.18903
1493	11.18903
1494	11.18903
1495	11.18903
1496	11.18704
1497	11.18704
1498	11.18704
1499	11.18704
1500	11.18704
1501	11.18704
1502	11.18704
1503	11.18704
1504	11.18704
1505	11.18704
1506	11.18704
1507	11.18704
1508	11.18704
1509	11.18704
1510	11.18704
1511	11.18704
1512	11.18704
1513	11.18704
1514	11.18704
1515	11.18704
1516	11.18704
1517	11.192612
1518	11.192612
1519	11.192612
1520	11.192612
1521	11.192612
1522	11.192612
1523	11.192612
1524	11.192612
1525	11.192612
1526	11.192612
1527	11.192612
1528	11.192612
1529	11.192612
1530	11.192612
1531	11.192612
1532	11.192612
1533	11.192612
1534	11.192612
1535	11.192612
1536	11.192612
1537	11.192612
1538	11.192612
1539	11.192612
1540	11.192612
1541	11.192612
1542	11.192612
1543	11.192612
1544	11.192612
1545	11.20097
1546	11.20097
1547	11.20097
1548	11.20097
1549	11.20097
1550	11.20097
1551	11.20097
1552	11.20097
1553	11.20097
1554	11.20097
1555	11.20097
1556	11.20097
1557	11.20097
1558	11.20097
1559	11.20097
1560	11.20097
1561	11.20097
1562	11.20097
1563	11.20097
1564	11.20097
1565	11.20097
1566	11.20097
1567	11.20097
1568	11.20097
1569	11.20097
1570	11.20097
1571	11.20097
1572	11.20097
1573	11.20097
1574	11.20097
1575	11.20097
1576	11.20097
1577	11.20097
1578	11.20097
1579	11.20097
1580	11.20097
1581	11.20097
1582	11.20097
1583	11.20097
1584	11.20097
1585	11.20097
1586	11.20097
1587	11.198489
1588	11.198489
1589	11.198489
1590	11.198489
1591	11.198489
1592	11.198489
1593	11.198489
1594	11.198489
1595	11.200479
1596	11.200479
1597	11.200479
1598	11.200479
1599	11.201301
1600	11.201301
1601	11.201301
1602	11.201301
1603	11.201301
1604	11.201301
1605	11.201301
1606	11.201301
1607	11.201301
1608	11.201301
1609	11.201301
1610	11.201301
1611	11.201301
1612	11.201301
1613	11.201301
1614	11.201301
1615	11.201301
1616	11.203782
1617	11.203782
1618	11.203782
1619	11.203782
1620	11.203782
1621	11.203782
1622	11.203782
1623	11.203782
1624	11.203782
1625	11.203782
1626	11.203782
1627	11.203782
1628	11.203782
1629	11.203782
1630	11.201792
1631	11.201792
1632	11.201792
1633	11.201792
1634	11.201792
1635	11.201792
1636	11.201792
1637	11.201792
1638	11.201792
1639	11.201792
1640	11.201792
1641	11.201792
1642	11.201792
1643	11.201792
1644	11.201792
1645	11.201792
1646	11.201792
1647	11.201792
1648	11.201792
1649	11.201792
1650	11.201792
1651	11.201792
1652	11.201792
1653	11.201792
1654	11.201792
1655	11.201792
1656	11.201792
1657	11.201792
1658	11.201792
1659	11.201792
1660	11.201792
1661	11.201792
1662	11.201792
1663	11.201792
1664	11.201792
1665	11.201792
1666	11.201792
1667	11.201792
1668	11.201792
1669	11.201792
1670	11.201792
1671	11.201792
1672	11.201792
1673	11.201792
1674	11.201792
1675	11.201792
1676	11.201792
1677	11.201792
1678	11.201792
1679	11.201792
1680	11.201792
1681	11.201792
1682	11.201792
1683	11.201792
1684	11.201792
1685	11.201792
1686	11.201792
1687	11.201792
1688	11.201792
1689	11.201792
1690	11.201792
1691	11.201792
1692	11.201792
1693	11.201792
1694	11.201792
1695	11.201792
1696	11.201792
1697	11.201792
1698	11.201792
1699	11.201792
1700	11.201792
1701	11.201792
1702	11.201792
1703	11.201792
1704	11.201792
1705	11.201792
1706	11.201792
1707	11.201792
1708	11.201792
1709	11.201792
1710	11.201792
1711	11.201792
1712	11.201792
1713	11.201792
1714	11.201792
1715	11.201792
1716	11.201792
1717	11.201792
1718	11.201792
1719	11.201792
1720	11.201792
1721	11.201792
1722	11.201792
1723	11.201792
1724	11.201792
1725	11.201792
1726	11.201792
1727	11.201792
1728	11.201792
1729	11.201792
1730	11.201792
1731	11.201792
1732	11.201792
1733	11.201792
1734	11.201792
1735	11.201792
1736	11.201792
1737	11.201792
1738	11.201792
1739	11.201792
1740	11.201792
1741	11.201792
1742	11.201792
1743	11.201792
1744	11.201792
1745	11.201792
1746	11.201792
1747	11.201792
1748	11.201792
1749	11.201792
1750	11.201792
1751	11.201792
1752	11.201792
1753	11.201792
1754	11.201792
1755	11.201792
1756	11.219702
1757	11.219702
1758	11.219702
1759	11.219702
1760	11.219702
1761	11.219702
1762	11.219702
1763	11.219702
1764	11.219702
1765	11.219702
1766	11.219702
1767	11.219702
1768	11.219702
1769	11.219702
1770	11.219702
1771	11.219702
1772	11.219702
1773	11.219702
1774	11.219702
1775	11.219702
1776	11.219702
1777	11.219702
1778	11.219702
1779	11.219702
1780	11.219702
1781	11.219702
1782	11.219702
1783	11.219702
1784	11.219702
1785	11.219702
1786	11.219702
1787	11.219702
1788	11.219702
1789	11.219702
1790	11.219702
1791	11.219702
1792	11.219702
1793	11.219702
1794	11.219702
1795	11.219702
1796	11.219702
1797	11.219702
1798	11.219702
1799	11.219702
1800	11.219702
1801	11.219702
1802	11.219702
1803	11.219702
1804	11.219702
1805	11.219702
1806	11.219702
1807	11.219702
1808	11.219702
1809	11.219702
1810	11.219702
1811	11.219702
1812	11.219702
1813	11.219702
1814	11.219702
1815	11.219702
1816	11.219702
1817	11.219702
1818	11.219702
1819	11.219702
1820	11.203782
1821	11.203782
1822	11.203782
1823	11.203782
1824	11.203782
1825	11.203782
1826	11.203782
1827	11.203782
1828	11.203782
1829	11.203782
1830	11.203782
1831	11.203782
1832	11.203782
1833	11.203782
1834	11.203782
1835	11.203782
1836	11.203782
1837	11.203782
1838	11.203782
1839	11.203782
1840	11.203782
1841	11.203782
1842	11.203782
1843	11.203782
1844	11.203782
1845	11.203782
1846	11.203782
1847	11.203782
1848	11.203782
1849	11.203782
1850	11.203782
1851	11.203782
1852	11.203782
1853	11.203782
1854	11.203782
1855	11.203782
1856	11.203782
1857	11.203782
1858	11.203782
1859	11.203782
1860	11.203782
1861	11.203782
1862	11.203782
1863	11.203782
1864	11.203782
1865	11.203782
1866	11.203782
1867	11.203782
1868	11.203782
1869	11.203782
1870	11.203782
1871	11.203782
1872	11.203782
1873	11.203782
1874	11.203782
1875	11.203782
1876	11.203782
1877	11.203782
1878	11.203782
1879	11.203782
1880	11.203782
1881	11.203782
1882	11.203782
1883	11.203782
1884	11.203782
1885	11.203782
1886	11.203782
1887	11.203782
1888	11.203782
1889	11.203782
1890	11.203782
1891	11.203782
1892	11.203782
1893	11.203782
1894	11.203782
1895	11.203782
1896	11.203782
1897	11.203782
1898	11.203782
1899	11.203782
1900	11.203782
1901	11.203782
1902	11.203782
1903	11.203782
1904	11.203782
1905	11.203782
1906	11.203782
1907	11.203782
1908	11.203782
1909	11.203782
1910	11.203782
1911	11.203782
1912	11.203782
1913	11.203782
1914	11.203782
1915	11.203782
1916	11.203782
1917	11.203782
1918	11.203782
1919	11.203782
1920	11.203782
1921	11.203782
1922	11.203782
1923	11.203782
1924	11.203782
1925	11.203782
1926	11.203782
1927	11.203782
1928	11.203782
1929	11.203782
1930	11.203782
1931	11.203782
1932	11.203782
1933	11.203782
1934	11.203782
1935	11.203782
1936	11.203782
1937	11.203782
1938	11.203782
1939	11.203782
1940	11.203782
1941	11.203782
1942	11.203782
1943	11.203782
1944	11.203782
1945	11.203782
1946	11.203782
1947	11.203782
1948	11.203782
1949	11.203782
1950	11.203782
1951	11.203782
1952	11.203782
1953	11.203782
1954	11.203782
1955	11.203782
1956	11.203782
1957	11.203782
1958	11.203782
1959	11.203782
1960	11.203782
1961	11.203782
1962	11.203782
1963	11.203782
1964	11.203782
1965	11.203782
1966	11.203782
1967	11.203782
1968	11.203782
1969	11.203782
1970	11.203782
1971	11.203782
1972	11.203782
1973	11.203782
1974	11.203782
1975	11.203782
1976	11.203782
1977	11.203782
1978	11.203782
1979	11.203782
1980	11.203782
1981	11.203782
1982	11.203782
1983	11.203782
1984	11.203782
1985	11.203782
1986	11.203782
1987	11.203782
1988	11.219702
1989	11.219702
1990	11.219702
1991	11.219702
1992	11.219702
1993	11.219702
1994	11.219702
1995	11.219702
1996	11.219702
1997	11.219702
1998	11.219702
1999	11.219702
2000	11.219702
2001	11.219702
2002	11.219702
2003	11.219702
2004	11.219702
2005	11.219702
2006	11.219702
2007	11.219702
2008	11.219702
2009	11.219702
2010	11.219702
2011	11.219702
2012	11.219702
2013	11.219702
2014	11.219702
2015	11.219702
2016	11.219702
2017	11.219702
2018	11.219702
2019	11.219702
2020	11.219702
2021	11.219702
2022	11.219702
2023	11.219702
2024	11.219702
2025	11.219702
2026	11.219702
2027	11.219702
2028	11.219702
2029	11.219702
2030	11.219702
2031	11.219702
2032	11.219702
2033	11.219702
2034	11.219702
2035	11.219702
2036	11.219702
2037	11.219702
2038	11.219702
2039	11.219702
2040	11.219702
2041	11.219702
2042	11.219702
2043	11.219702
2044	11.219702
2045	11.219702
2046	11.219702
2047	11.219702
2048	11.219702
2049	11.219702
2050	11.219702
2051	11.219702
2052	11.219702
2053	11.219702
2054	11.219702
2055	11.219702
2056	11.219702
2057	11.219702
2058	11.219702
2059	11.219702
2060	11.219702
2061	11.219702
2062	11.219702
2063	11.219702
2064	11.219702
2065	11.219702
2066	11.219702
2067	11.219702
2068	11.219702
2069	11.219702
2070	11.219702
2071	11.219702
2072	11.219702
2073	11.219702
2074	11.219702
2075	11.217221
2076	11.217221
2077	11.217221
2078	11.217221
2079	11.217221
2080	11.217221
2081	11.217221
2082	11.217221
2083	11.217221
2084	11.217221
2085	11.217221
2086	11.217221
2087	11.217221
2088	11.217221
2089	11.217221
2090	11.217221
2091	11.217221
2092	11.217221
2093	11.217221
2094	11.217221
2095	11.217221
2096	11.217221
2097	11.217221
2098	11.217221
2099	11.219702
2100	11.219702
2101	11.219702
2102	11.219702
2103	11.219702
2104	11.219702
2105	11.219702
2106	11.219702
2107	11.219702
2108	11.219702
2109	11.219702
2110	11.219702
2111	11.219702
2112	11.219702
2113	11.219702
2114	11.219702
2115	11.219702
2116	11.219702
2117	11.219702
2118	11.219702
2119	11.219702
2120	11.219702
2121	11.219702
2122	11.219702
2123	11.219702
2124	11.219702
2125	11.219702
2126	11.219702
2127	11.219702
2128	11.219702
2129	11.219702
2130	11.219702
2131	11.219702
2132	11.219702
2133	11.219702
2134	11.219702
2135	11.219702
2136	11.219702
2137	11.219702
2138	11.219702
2139	11.219702
2140	11.219702
2141	11.219702
2142	11.219702
2143	11.219702
2144	11.219702
2145	11.219702
2146	11.219702
2147	11.219702
2148	11.219702
2149	11.219702
2150	11.219702
2151	11.219702
2152	11.219702
2153	11.219702
2154	11.219702
2155	11.219702
2156	11.219702
2157	11.219702
2158	11.219702
2159	11.219702
2160	11.219702
2161	11.219702
2162	11.219702
2163	11.219702
2164	11.219702
2165	11.219702
2166	11.219702
2167	11.219702
2168	11.219702
2169	11.219702
2170	11.219702
2171	11.219702
2172	11.219702
2173	11.219702
2174	11.219702
2175	11.219702
2176	11.219702
2177	11.219702
2178	11.219702
2179	11.219702
2180	11.219702
2181	11.219702
2182	11.219702
2183	11.219702
2184	11.219702
2185	11.219702
2186	11.219702
2187	11.219702
2188	11.219702
2189	11.219702
2190	11.219702
2191	11.219702
2192	11.219702
2193	11.219702
2194	11.219702
2195	11.219702
2196	11.219702
2197	11.219702
2198	11.219702
2199	11.219702
2200	11.219702
2201	11.219702
2202	11.219702
2203	11.219702
2204	11.219702
2205	11.219702
2206	11.219702
2207	11.219702
2208	11.219702
2209	11.219702
2210	11.219702
2211	11.219702
2212	11.219702
2213	11.219702
2214	11.219702
2215	11.219702
2216	11.219702
2217	11.219702
2218	11.219702
2219	11.219702
2220	11.219702
2221	11.219702
2222	11.219702
2223	11.219702
2224	11.219702
2225	11.219702
2226	11.219702
2227	11.219702
2228	11.219702
2229	11.219702
2230	11.219702
2231	11.219702
2232	11.219702
2233	11.219702
2234	11.219702
2235	11.219702
2236	11.219702
2237	11.219702
2238	11.219702
2239	11.219702
2240	11.219702
2241	11.219702
2242	11.219702
2243	11.219702
2244	11.219702
2245	11.219702
2246	11.219702
2247	11.219702
2248	11.219702
2249	11.219702
2250	11.219702
2251	11.219702
2252	11.219702
2253	11.219702
2254	11.219702
2255	11.219702
2256	11.219702
2257	11.219702
2258	11.219702
2259	11.219702
2260	11.219702
2261	11.219702
2262	11.219702
2263	11.219702
2264	11.219702
2265	11.219702
2266	11.219702
2267	11.219702
2268	11.219702
2269	11.219702
2270	11.219702
2271	11.219702
2272	11.219702
2273	11.219702
2274	11.219702
2275	11.219702
2276	11.219702
2277	11.219702
2278	11.219702
2279	11.219702
2280	11.219702
2281	11.219702
2282	11.219702
2283	11.219702
2284	11.219702
2285	11.219702
2286	11.219702
2287	11.219702
2288	11.219702
2289	11.219702
2290	11.219702
2291	11.219702
2292	11.219702
2293	11.219702
2294	11.219702
2295	11.219702
2296	11.219702
2297	11.219702
2298	11.219702
2299	11.219702
2300	11.219702
2301	11.219702
2302	11.219702
2303	11.219702
2304	11.219702
2305	11.219702
2306	11.219702
2307	11.219702
2308	11.219702
2309	11.224783
2310	11.224783
2311	11.224783
2312	11.224783
2313	11.224783
2314	11.224783
2315	11.224783
2316	11.224783
2317	11.224783
2318	11.224783
2319	11.224783
2320	11.224783
2321	11.224783
2322	11.224783
2323	11.224783
2324	11.224783
2325	11.224783
2326	11.224783
2327	11.224783
2328	11.224783
2329	11.224783
2330	11.224783
2331	11.224783
2332	11.224783
2333	11.224783
2334	11.224783
2335	11.224783
2336	11.224783
2337	11.224783
2338	11.224783
2339	11.224783
2340	11.224783
2341	11.224783
2342	11.224783
2343	11.224783
2344	11.224783
2345	11.224783
2346	11.224783
2347	11.224783
2348	11.224783
2349	11.224783
2350	11.224783
2351	11.224783
2352	11.224783
2353	11.224783
2354	11.224783
2355	11.224783
2356	11.224783
2357	11.224783
2358	11.224783
2359	11.224783
2360	11.224783
2361	11.224783
2362	11.224783
2363	11.224783
2364	11.224783
2365	11.224783
2366	11.224783
2367	11.224783
2368	11.224783
2369	11.224783
2370	11.224783
2371	11.224783
2372	11.224783
2373	11.224783
2374	11.224783
2375	11.224783
2376	11.224783
2377	11.224783
2378	11.224783
2379	11.224783
2380	11.224783
2381	11.224783
2382	11.224783
2383	11.224783
2384	11.224783
2385	11.224783
2386	11.224783
2387	11.224783
2388	11.224783
2389	11.224783
2390	11.224783
2391	11.224783
2392	11.224783
2393	11.224783
2394	11.224783
2395	11.224783
2396	11.224783
2397	11.224783
2398	11.224783
2399	11.224783
2400	11.224783
2401	11.224783
2402	11.224783
2403	11.224783
2404	11.224783
2405	11.224783
2406	11.224783
2407	11.224783
2408	11.234335
2409	11.234335
2410	11.234335
2411	11.234335
2412	11.234335
2413	11.234335
2414	11.234335
2415	11.234335
2416	11.234335
2417	11.234335
2418	11.234335
2419	11.234335
2420	11.234335
2421	11.234335
2422	11.234335
2423	11.234335
2424	11.234335
2425	11.234335
2426	11.234335
2427	11.234335
2428	11.234335
2429	11.234335
2430	11.234335
2431	11.234335
2432	11.234335
2433	11.234335
2434	11.234335
2435	11.234335
2436	11.234335
2437	11.234335
2438	11.234335
2439	11.234335
2440	11.234335
2441	11.234335
2442	11.234335
2443	11.234335
2444	11.234335
2445	11.234335
2446	11.234335
2447	11.234335
2448	11.234335
2449	11.234335
2450	11.234335
2451	11.234335
2452	11.234335
2453	11.234335
2454	11.234335
2455	11.234335
2456	11.234335
2457	11.234335
2458	11.234335
2459	11.234335
2460	11.234335
2461	11.234335
2462	11.234335
2463	11.234335
2464	11.234335
2465	11.234335
2466	11.234335
2467	11.234335
2468	11.234335
2469	11.234335
2470	11.234335
2471	11.234335
2472	11.234335
2473	11.234335
2474	11.234335
2475	11.234335
2476	11.234335
2477	11.234335
2478	11.234335
2479	11.234335
2480	11.234335
2481	11.234335
2482	11.234335
2483	11.234335
2484	11.234335
2485	11.234335
2486	11.234335
2487	11.234335
2488	11.234335
2489	11.234335
2490	11.234335
2491	11.234335
2492	11.234335
2493	11.234335
2494	11.234335
2495	11.234335
2496	11.234335
2497	11.234335
2498	11.234335
2499	11.234335
2500	11.234335
2501	11.234335
2502	11.234335
2503	11.234335
2504	11.234335
2505	11.234335
2506	11.234335
2507	11.234335
2508	11.234335
2509	11.234335
2510	11.234335
2511	11.234335
2512	11.234335
2513	11.234335
2514	11.234335
2515	11.234335
2516	11.234335
2517	11.234335
2518	11.234335
2519	11.234335
2520	11.234335
2521	11.234335
2522	11.234335
2523	11.234335
2524	11.234335
2525	11.234335
2526	11.234335
2527	11.234335
2528	11.234335
2529	11.234335
2530	11.234335
2531	11.234335
2532	11.234335
2533	11.234335
2534	11.234335
2535	11.234335
2536	11.234335
2537	11.234335
2538	11.234335
2539	11.234335
2540	11.234335
2541	11.234335
2542	11.234335
2543	11.234335
2544	11.234335
2545	11.234335
2546	11.234335
2547	11.234335
2548	11.234335
2549	11.234335
2550	11.234335
2551	11.234335
2552	11.234335
2553	11.234335
2554	11.234335
2555	11.234335
2556	11.234335
2557	11.234335
2558	11.234335
2559	11.234335
2560	11.234335
2561	11.234335
2562	11.234335
2563	11.234335
2564	11.234335
2565	11.234335
2566	11.234335
2567	11.234335
2568	11.234335
2569	11.234335
2570	11.234335
2571	11.234335
2572	11.234335
2573	11.234335
2574	11.234335
2575	11.234335
2576	11.234335
2577	11.234335
2578	11.234335
2579	11.234335
2580	11.234335
2581	11.234335
2582	11.234335
2583	11.234335
2584	11.234335
2585	11.234335
2586	11.234335
2587	11.234335
2588	11.234335
2589	11.234335
2590	11.234335
2591	11.239111
2592	11.239111
2593	11.239111
2594	11.239111
2595	11.239111
2596	11.239111
2597	11.239111
2598	11.239111
2599	11.239111
2600	11.239111
2601	11.239111
2602	11.239111
2603	11.239111
2604	11.239111
2605	11.239111
2606	11.239111
2607	11.239111
2608	11.239111
2609	11.239111
2610	11.239111
2611	11.239111
2612	11.239111
2613	11.239111
2614	11.239111
2615	11.239111
2616	11.239111
2617	11.239111
2618	11.239111
2619	11.239111
2620	11.239111
2621	11.239111
2622	11.239111
2623	11.239111
2624	11.239111
2625	11.239111
2626	11.239111
2627	11.239111
2628	11.239111
2629	11.239111
2630	11.239111
2631	11.239111
2632	11.239111
2633	11.239111
2634	11.239111
2635	11.239111
2636	11.239111
2637	11.239111
2638	11.239111
2639	11.239111
2640	11.239111
2641	11.239111
2642	11.239111
2643	11.239111
2644	11.239111
2645	11.239111
2646	11.239111
2647	11.239111
2648	11.239111
2649	11.239111
2650	11.239111
2651	11.239111
2652	11.239111
2653	11.239111
2654	11.239111
2655	11.239111
2656	11.239111
2657	11.239111
2658	11.239111
2659	11.239111
2660	11.239111
2661	11.239111
2662	11.239111
2663	11.239111
2664	11.239111
2665	11.239111
2666	11.239111
2667	11.239111
2668	11.239111
2669	11.239111
2670	11.239111
2671	11.239111
2672	11.239111
2673	11.239111
2674	11.239111
2675	11.239111
2676	11.239111
2677	11.239111
2678	11.239111
2679	11.239111
2680	11.239111
2681	11.239111
2682	11.239111
2683	11.239111
2684	11.239111
2685	11.239111
2686	11.239111
2687	11.239111
2688	11.239111
2689	11.239111
2690	11.239111
2691	11.239111
2692	11.239111
2693	11.239111
2694	11.239111
2695	11.239111
2696	11.239111
2697	11.239111
2698	11.239111
2699	11.239111
2700	11.239111
2701	11.239111
2702	11.239111
2703	11.239111
2704	11.239111
2705	11.239111
2706	11.239111
2707	11.239111
2708	11.239111
2709	11.239111
2710	11.239111
2711	11.239111
2712	11.239111
2713	11.239111
2714	11.239111
2715	11.239111
2716	11.239111
2717	11.239111
2718	11.239111
2719	11.239111
2720	11.239111
2721	11.239111
2722	11.239111
2723	11.239111
2724	11.239111
2725	11.239111
2726	11.239111
2727	11.239111
2728	11.239111
2729	11.239111
2730	11.239111
2731	11.239111
2732	11.239111
2733	11.239111
2734	11.239111
2735	11.239111
2736	11.239111
2737	11.239111
2738	11.239111
2739	11.239111
2740	11.239111
2741	11.239111
2742	11.239111
2743	11.239111
2744	11.239111
2745	11.239111
2746	11.239111
2747	11.239111
2748	11.239111
2749	11.239111
2750	11.239111
2751	11.239111
2752	11.239111
2753	11.239111
2754	11.239111
2755	11.239111
2756	11.239111
2757	11.239111
2758	11.239111
2759	11.239111
2760	11.239111
2761	11.239111
2762	11.239111
2763	11.239111
2764	11.239111
2765	11.239111
2766	11.239111
2767	11.239111
2768	11.239111
2769	11.239111
2770	11.239111
2771	11.239111
2772	11.239111
2773	11.239111
2774	11.239111
2775	11.239111
2776	11.239111
2777	11.239111
2778	11.239111
2779	11.239111
2780	11.239111
2781	11.239111
2782	11.239111
2783	11.239111
2784	11.239111
2785	11.239111
2786	11.239111
2787	11.239111
2788	11.239111
2789	11.239111
2790	11.239111
2791	11.239111
2792	11.239111
2793	11.239111
2794	11.239111
2795	11.239111
2796	11.239111
2797	11.239111
2798	11.239111
2799	11.239111
2800	11.239111
2801	11.239111
2802	11.239111
2803	11.239111
2804	11.239111
2805	11.239111
2806	11.239111
2807	11.239111
2808	11.239111
2809	11.239111
2810	11.239111
2811	11.239111
2812	11.239111
2813	11.239111
2814	11.239111
2815	11.239111
2816	11.239111
2817	11.239111
2818	11.239111
2819	11.239111
2820	11.239111
2821	11.239111
2822	11.239111
2823	11.239111
2824	11.239111
2825	11.239111
2826	11.239111
2827	11.239111
2828	11.239111
2829	11.239111
2830	11.239111
2831	11.239111
2832	11.239111
2833	11.239111
2834	11.239111
2835	11.239111
2836	11.239111
2837	11.239111
2838	11.239111
2839	11.239111
2840	11.239111
2841	11.239111
2842	11.239111
2843	11.239111
2844	11.239111
2845	11.239111
2846	11.239111
2847	11.239111
2848	11.239111
2849	11.239111
2850	11.239111
2851	11.239111
2852	11.239111
2853	11.239111
2854	11.239111
2855	11.239111
2856	11.239111
2857	11.239111
2858	11.239111
2859	11.239111
2860	11.239111
2861	11.239111
2862	11.239111
2863	11.239111
2864	11.239111
2865	11.239111
2866	11.239111
2867	11.239111
2868	11.239111
2869	11.239111
2870	11.239111
2871	11.239111
2872	11.239111
2873	11.239111
2874	11.239111
2875	11.239111
2876	11.239111
2877	11.239111
2878	11.239111
2879	11.239111
2880	11.239111
2881	11.239111
2882	11.239111
2883	11.239111
2884	11.239111
2885	11.239111
2886	11.239111
2887	11.239111
2888	11.239111
2889	11.239111
2890	11.239111
2891	11.239111
2892	11.239111
2893	11.239111
2894	11.239111
2895	11.239111
2896	11.239111
2897	11.239111
2898	11.239111
2899	11.239111
2900	11.239111
2901	11.239111
2902	11.239111
2903	11.239111
2904	11.239111
2905	11.239111
2906	11.239111
2907	11.239111
2908	11.239111
2909	11.239111
2910	11.239111
2911	11.239111
2912	11.239111
2913	11.239111
2914	11.239111
2915	11.239111
2916	11.239111
2917	11.239111
2918	11.239111
2919	11.239111
2920	11.239111
2921	11.239111
2922	11.239111
2923	11.239111
2924	11.239111
2925	11.239111
2926	11.239111
2927	11.239111
2928	11.239111
2929	11.239111
2930	11.239111
2931	11.239111
2932	11.239111
2933	11.239111
2934	11.239111
2935	11.239111
2936	11.239111
2937	11.239111
2938	11.239111
2939	11.239111
2940	11.239111
2941	11.239111
2942	11.239111
2943	11.239111
2944	11.239111
2945	11.239111
2946	11.239111
2947	11.239111
2948	11.239111
2949	11.239111
2950	11.239111
2951	11.239111
2952	11.239111
2953	11.239111
2954	11.239111
2955	11.239111
2956	11.239111
2957	11.239111
2958	11.239111
2959	11.239111
2960	11.239111
2961	11.239111
2962	11.239111
2963	11.239111
2964	11.239111
2965	11.239111
2966	11.239111
2967	11.239111
2968	11.239111
2969	11.239111
2970	11.239111
2971	11.239111
2972	11.239111
2973	11.239111
2974	11.239111
2975	11.239111
2976	11.239111
2977	11.239111
2978	11.239111
2979	11.239111
2980	11.239111
2981	11.239111
2982	11.239111
2983	11.239111
2984	11.239111
2985	11.239111
2986	11.239111
2987	11.239111
2988	11.239111
2989	11.239111
2990	11.239111
2991	11.239111
2992	11.239111
2993	11.239111
2994	11.239111
2995	11.239111
2996	11.239111
2997	11.239111
2998	11.239111
2999	11.239111
3000	11.239111
3001	11.239111
3002	11.239111
3003	11.239111
3004	11.239111
3005	11.239111
3006	11.239111
3007	11.239111
3008	11.239111
3009	11.239111
3010	11.239111
3011	11.239111
3012	11.239111
3013	11.239111
3014	11.239111
3015	11.239111
3016	11.239111
3017	11.239111
3018	11.239111
3019	11.239111
3020	11.239111
3021	11.239111
3022	11.239111
3023	11.239111
3024	11.239111
3025	11.239111
3026	11.239111
3027	11.239111
3028	11.239111
3029	11.239111
3030	11.239111
3031	11.239111
3032	11.239111
3033	11.239111
3034	11.239111
3035	11.239111
3036	11.239111
3037	11.239111
3038	11.239111
3039	11.239111
3040	11.239111
3041	11.239111
3042	11.239111
3043	11.239111
3044	11.239111
3045	11.239111
3046	11.239111
3047	11.239111
3048	11.239111
3049	11.239111
3050	11.239111
3051	11.239111
3052	11.239111
3053	11.239111
3054	11.239111
3055	11.239111
3056	11.239111
3057	11.239111
3058	11.239111
3059	11.239111
3060	11.239111
3061	11.239111
3062	11.239111
3063	11.239111
3064	11.239111
3065	11.239111
3066	11.239111
3067	11.239111
3068	11.239111
3069	11.239111
3070	11.239111
3071	11.239111
3072	11.239111
3073	11.239111
3074	11.239111
3075	11.239111
3076	11.239111
3077	11.239111
3078	11.239111
3079	11.239111
3080	11.239111
3081	11.239111
3082	11.239111
3083	11.239111
3084	11.239111
3085	11.239111
3086	11.239111
3087	11.239111
3088	11.239111
3089	11.239111
3090	11.239111
3091	11.239111
3092	11.239111
3093	11.239111
3094	11.239111
3095	11.239111
3096	11.239111
3097	11.239111
3098	11.239111
3099	11.239111
3100	11.239111
3101	11.239111
3102	11.239111
3103	11.239111
3104	11.239111
3105	11.239111
3106	11.239111
3107	11.239111
3108	11.239111
3109	11.239111
3110	11.239111
3111	11.239111
3112	11.239111
3113	11.239111
3114	11.239111
3115	11.239111
3116	11.239111
3117	11.239111
3118	11.239111
3119	11.239111
3120	11.239111
3121	11.239111
3122	11.239111
3123	11.239111
3124	11.239111
3125	11.239111
3126	11.239111
3127	11.239111
3128	11.239111
3129	11.239111
3130	11.239111
3131	11.239111
3132	11.239111
3133	11.239111
3134	11.239111
3135	11.239111
3136	11.239111
3137	11.239111
3138	11.239111
3139	11.239111
3140	11.239111
3141	11.239111
3142	11.239111
3143	11.239111
3144	11.239111
3145	11.239111
3146	11.239111
3147	11.239111
3148	11.239111
3149	11.239111
3150	11.239111
3151	11.239111
3152	11.239111
3153	11.239111
3154	11.239111
3155	11.239111
3156	11.239111
3157	11.239111
3158	11.239111
3159	11.239111
3160	11.239111
3161	11.239111
3162	11.239111
3163	11.239111
3164	11.239111
3165	11.239111
3166	11.239111
3167	11.239111
3168	11.239111
3169	11.239111
3170	11.239111
3171	11.239111
3172	11.239111
3173	11.239111
3174	11.239111
3175	11.239111
3176	11.239111
3177	11.239111
3178	11.239111
3179	11.239111
3180	11.239111
3181	11.239111
3182	11.239111
3183	11.239111
3184	11.239111
3185	11.239111
3186	11.239111
3187	11.239111
3188	11.239111
3189	11.239111
3190	11.239111
3191	11.239111
3192	11.239111
3193	11.239111
3194	11.239111
3195	11.239111
3196	11.239111
3197	11.239111
3198	11.239111
3199	11.239111
3200	11.239111
3201	11.239111
3202	11.239111
3203	11.239111
3204	11.239111
3205	11.239111
3206	11.239111
3207	11.239111
3208	11.239111
3209	11.239111
3210	11.239111
3211	11.239111
3212	11.239111
3213	11.239111
3214	11.239111
3215	11.239111
3216	11.239111
3217	11.239111
3218	11.239111
3219	11.239111
3220	11.239111
3221	11.239111
3222	11.239111
3223	11.239111
3224	11.239111
3225	11.239111
3226	11.239111
3227	11.239111
3228	11.239111
3229	11.239111
3230	11.239111
3231	11.239111
3232	11.239111
3233	11.239111
3234	11.239111
3235	11.239111
3236	11.239111
3237	11.239111
3238	11.239111
3239	11.239111
3240	11.239111
3241	11.239111
3242	11.239111
3243	11.239111
3244	11.239111
3245	11.239111
3246	11.239111
3247	11.239111
3248	11.239111
3249	11.239111
3250	11.239111
3251	11.239111
3252	11.239111
3253	11.239111
3254	11.239111
3255	11.239111
3256	11.239111
3257	11.239111
3258	11.239111
3259	11.239111
3260	11.239111
3261	11.239111
3262	11.239111
3263	11.239111
3264	11.239111
3265	11.239111
3266	11.239111
3267	11.239111
3268	11.239111
3269	11.239111
3270	11.239111
3271	11.239111
3272	11.239111
3273	11.239111
3274	11.239111
3275	11.239111
3276	11.239111
3277	11.239111
3278	11.239111
3279	11.239111
3280	11.239111
3281	11.239111
3282	11.239111
3283	11.239111
3284	11.239111
3285	11.239111
3286	11.239111
3287	11.239111
3288	11.239111
3289	11.239111
3290	11.239111
3291	11.239111
3292	11.239111
3293	11.239111
3294	11.239111
3295	11.239111
3296	11.239111
3297	11.239111
3298	11.239111
3299	11.239111
3300	11.239111
3301	11.239111
3302	11.239111
3303	11.239111
3304	11.239111
3305	11.239111
3306	11.239111
3307	11.239111
3308	11.239111
3309	11.239111
3310	11.239111
3311	11.239111
3312	11.239111
3313	11.239111
3314	11.239111
3315	11.239111
3316	11.239111
3317	11.239111
3318	11.239111
3319	11.239111
3320	11.239111
3321	11.239111
3322	11.239111
3323	11.239111
3324	11.239111
3325	11.239111
3326	11.239111
3327	11.239111
3328	11.239111
3329	11.239111
3330	11.239111
3331	11.239111
3332	11.239111
3333	11.239111
3334	11.239111
3335	11.239111
3336	11.239111
3337	11.239111
3338	11.239111
3339	11.239111
3340	11.239111
3341	11.239111
3342	11.239111
3343	11.239111
3344	11.239111
3345	11.239111
3346	11.239111
3347	11.239111
3348	11.239111
3349	11.239111
3350	11.239111
3351	11.239111
3352	11.239111
3353	11.239111
3354	11.239111
3355	11.239111
3356	11.239111
3357	11.239111
3358	11.239111
3359	11.239111
3360	11.239111
3361	11.239111
3362	11.239111
3363	11.239111
3364	11.239111
3365	11.239111
3366	11.239111
3367	11.239111
3368	11.239111
3369	11.239111
3370	11.239111
3371	11.239111
3372	11.239111
3373	11.239111
3374	11.239111
3375	11.239111
3376	11.239111
3377	11.239111
3378	11.239111
3379	11.239111
3380	11.239111
3381	11.239111
3382	11.239111
3383	11.239111
3384	11.239111
3385	11.239111
3386	11.239111
3387	11.239111
3388	11.239111
3389	11.239111
3390	11.239111
3391	11.239111
3392	11.239111
3393	11.239111
3394	11.239111
3395	11.239111
3396	11.239111
3397	11.239111
3398	11.239111
3399	11.239111
3400	11.239111
3401	11.239111
3402	11.239111
3403	11.239111
3404	11.239111
3405	11.239111
3406	11.239111
3407	11.239111
3408	11.239111
3409	11.239111
3410	11.239111
3411	11.239111
3412	11.239111
3413	11.239111
3414	11.239111
3415	11.239111
3416	11.239111
3417	11.239111
3418	11.239111
3419	11.239111
3420	11.239111
3421	11.239111
3422	11.239111
3423	11.239111
3424	11.239111
3425	11.239111
3426	11.239111
3427	11.239111
3428	11.239111
3429	11.239111
3430	11.239111
3431	11.239111
3432	11.239111
3433	11.239111
3434	11.239111
3435	11.239111
3436	11.239111
3437	11.239111
3438	11.239111
3439	11.239111
3440	11.239111
3441	11.239111
3442	11.239111
3443	11.239111
3444	11.239111
3445	11.239111
3446	11.239111
3447	11.239111
3448	11.239111
3449	11.239111
3450	11.239111
3451	11.239111
3452	11.239111
3453	11.239111
3454	11.239111
3455	11.239111
3456	11.239111
3457	11.239111
3458	11.239111
3459	11.239111
3460	11.239111
3461	11.239111
3462	11.239111
3463	11.239111
3464	11.239111
3465	11.239111
3466	11.239111
3467	11.239111
3468	11.239111
3469	11.239111
3470	11.239111
3471	11.239111
3472	11.239111
3473	11.239111
3474	11.239111
3475	11.239111
3476	11.239111
3477	11.239111
3478	11.239111
3479	11.239111
3480	11.239111
3481	11.239111
3482	11.239111
3483	11.239111
3484	11.239111
3485	11.239111
3486	11.239111
3487	11.239111
3488	11.239111
3489	11.239111
3490	11.239111
3491	11.239111
3492	11.239111
3493	11.239111
3494	11.239111
3495	11.239111
3496	11.239111
3497	11.239111
3498	11.239111
3499	11.239111
3500	11.239111
3501	11.239111
3502	11.239111
3503	11.239111
3504	11.239111
3505	11.239111
3506	11.239111
3507	11.239111
3508	11.239111
3509	11.239111
3510	11.239111
3511	11.239111
3512	11.239111
3513	11.239111
3514	11.239111
3515	11.239111
3516	11.239111
3517	11.239111
3518	11.239111
3519	11.239111
3520	11.239111
3521	11.239111
3522	11.239111
3523	11.239111
3524	11.239111
3525	11.239111
3526	11.239111
3527	11.239111
3528	11.239111
3529	11.239111
3530	11.239111
3531	11.239111
3532	11.239111
3533	11.239111
3534	11.239111
3535	11.239111
3536	11.239111
3537	11.239111
3538	11.239111
3539	11.239111
3540	11.239111
3541	11.239111
3542	11.239111
3543	11.239111
3544	11.239111
3545	11.239111
3546	11.239111
3547	11.239111
3548	11.239111
3549	11.239111
3550	11.239111
3551	11.239111
3552	11.239111
3553	11.239111
3554	11.239111
3555	11.239111
3556	11.239111
3557	11.239111
3558	11.239111
3559	11.239111
3560	11.239111
3561	11.239111
3562	11.239111
3563	11.239111
3564	11.239111
3565	11.239111
3566	11.239111
3567	11.239111
3568	11.239111
3569	11.239111
3570	11.239111
3571	11.239111
3572	11.239111
3573	11.239111
3574	11.239111
3575	11.239111
3576	11.239111
3577	11.239111
3578	11.239111
3579	11.239111
3580	11.239111
3581	11.239111
3582	11.239111
3583	11.239111
3584	11.239111
3585	11.239111
3586	11.239111
3587	11.239111
3588	11.239111
3589	11.239111
3590	11.239111
3591	11.239111
3592	11.239111
3593	11.239111
3594	11.239111
3595	11.239111
3596	11.239111
3597	11.239111
3598	11.239111
3599	11.239111
3600	11.239111
3601	11.239111
3602	11.239111
3603	11.239111
3604	11.239111
3605	11.239111
3606	11.239111
3607	11.239111
3608	11.239111
3609	11.239111
3610	11.239111
3611	11.239111
3612	11.239111
3613	11.239111
3614	11.239111
3615	11.239111
3616	11.239111
3617	11.239111
3618	11.239111
3619	11.239111
3620	11.239111
3621	11.239111
3622	11.239111
3623	11.239111
3624	11.239111
3625	11.239111
3626	11.239111
3627	11.239111
3628	11.239111
3629	11.239111
3630	11.239111
3631	11.239111
3632	11.239111
3633	11.239111
3634	11.239111
3635	11.239111
3636	11.239111
3637	11.239111
3638	11.239111
3639	11.239111
3640	11.239111
3641	11.239111
3642	11.239111
3643	11.239111
3644	11.239111
3645	11.239111
3646	11.239111
3647	11.239111
3648	11.239111
3649	11.239111
3650	11.239111
3651	11.239111
3652	11.239111
3653	11.239111
3654	11.239111
3655	11.239111
3656	11.239111
3657	11.239111
3658	11.239111
3659	11.239111
3660	11.239111
3661	11.239111
3662	11.239111
3663	11.239111
3664	11.239111
3665	11.239111
3666	11.239111
3667	11.239111
3668	11.239111
3669	11.239111
3670	11.239111
3671	11.239111
3672	11.239111
3673	11.239111
3674	11.239111
3675	11.239111
3676	11.239111
3677	11.239111
3678	11.239111
3679	11.239111
3680	11.239111
3681	11.239111
3682	11.239111
3683	11.239111
3684	11.239111
3685	11.239111
3686	11.239111
3687	11.239111
3688	11.239111
3689	11.239111
3690	11.239111
3691	11.239111
3692	11.239111
3693	11.239111
3694	11.239111
3695	11.239111
3696	11.239111
3697	11.239111
3698	11.239111
3699	11.239111
3700	11.239111
3701	11.239111
3702	11.239111
3703	11.239111
3704	11.239111
3705	11.239111
3706	11.239111
3707	11.239111
3708	11.239111
3709	11.239111
3710	11.239111
3711	11.239111
3712	11.239111
3713	11.239111
3714	11.239111
3715	11.239111
3716	11.239111
3717	11.239111
3718	11.239111
3719	11.239111
3720	11.239111
3721	11.239111
3722	11.239111
3723	11.239111
3724	11.239111
3725	11.239111
3726	11.239111
3727	11.239111
3728	11.239111
3729	11.239111
3730	11.239111
3731	11.239111
3732	11.239111
3733	11.239111
3734	11.239111
3735	11.239111
3736	11.239111
3737	11.239111
3738	11.239111
3739	11.239111
3740	11.239111
3741	11.239111
3742	11.239111
3743	11.239111
3744	11.239111
3745	11.239111
3746	11.239111
3747	11.239111
3748	11.239111
3749	11.239111
3750	11.239111
3751	11.239111
3752	11.239111
3753	11.239111
3754	11.239111
3755	11.239111
3756	11.239111
3757	11.239111
3758	11.239111
3759	11.239111
3760	11.239111
3761	11.239111
3762	11.239111
3763	11.239111
3764	11.239111
3765	11.239111
3766	11.239111
3767	11.239111
3768	11.239111
3769	11.239111
3770	11.239111
3771	11.239111
3772	11.239111
3773	11.239111
3774	11.239111
3775	11.239111
3776	11.239111
3777	11.239111
3778	11.239111
3779	11.239111
3780	11.239111
3781	11.239111
3782	11.239111
3783	11.239111
3784	11.239111
3785	11.239111
3786	11.239111
3787	11.239111
3788	11.239111
3789	11.239111
3790	11.239111
3791	11.239111
3792	11.239111
3793	11.239111
3794	11.239111
3795	11.239111
3796	11.239111
3797	11.239111
3798	11.239111
3799	11.239111
3800	11.239111
3801	11.239111
3802	11.239111
3803	11.239111
3804	11.239111
3805	11.239111
3806	11.239111
3807	11.239111
3808	11.239111
3809	11.239111
3810	11.239111
3811	11.239111
3812	11.239111
3813	11.239111
3814	11.239111
3815	11.239111
3816	11.239111
3817	11.239111
3818	11.239111
3819	11.239111
3820	11.239111
3821	11.239111
3822	11.239111
3823	11.239111
3824	11.239111
3825	11.239111
3826	11.239111
3827	11.239111
3828	11.239111
3829	11.239111
3830	11.239111
3831	11.239111
3832	11.239111
3833	11.239111
3834	11.239111
3835	11.239111
3836	11.239111
3837	11.239111
3838	11.239111
3839	11.239111
3840	11.239111
3841	11.239111
3842	11.239111
3843	11.239111
3844	11.239111
3845	11.239111
3846	11.239111
3847	11.239111
3848	11.239111
3849	11.239111
3850	11.239111
3851	11.239111
3852	11.239111
3853	11.239111
3854	11.239111
3855	11.239111
3856	11.239111
3857	11.239111
3858	11.239111
3859	11.239111
3860	11.239111
3861	11.239111
3862	11.239111
3863	11.239111
3864	11.239111
3865	11.239111
3866	11.239111
3867	11.239111
3868	11.239111
3869	11.239111
3870	11.239111
3871	11.239111
3872	11.239111
3873	11.239111
3874	11.239111
3875	11.239111
3876	11.239111
3877	11.239111
3878	11.239111
3879	11.239111
3880	11.239111
3881	11.239111
3882	11.239111
3883	11.239111
3884	11.239111
3885	11.239111
3886	11.239111
3887	11.239111
3888	11.239111
3889	11.239111
3890	11.239111
3891	11.239111
3892	11.239111
3893	11.239111
3894	11.239111
3895	11.239111
3896	11.239111
3897	11.239111
3898	11.239111
3899	11.239111
3900	11.239111
3901	11.239111
3902	11.239111
3903	11.239111
3904	11.239111
3905	11.239111
3906	11.239111
3907	11.239111
3908	11.239111
3909	11.239111
3910	11.239111
3911	11.239111
3912	11.239111
3913	11.239111
3914	11.239111
3915	11.239111
3916	11.239111
3917	11.239111
3918	11.239111
3919	11.239111
3920	11.239111
3921	11.239111
3922	11.239111
3923	11.239111
3924	11.239111
3925	11.239111
3926	11.239111
3927	11.239111
3928	11.239111
3929	11.239111
3930	11.239111
3931	11.239111
3932	11.239111
3933	11.239111
3934	11.239111
3935	11.239111
3936	11.239111
3937	11.239111
3938	11.239111
3939	11.239111
3940	11.239111
3941	11.239111
3942	11.239111
3943	11.239111
3944	11.239111
3945	11.239111
3946	11.239111
3947	11.239111
3948	11.239111
3949	11.239111
3950	11.239111
3951	11.239111
3952	11.239111
3953	11.239111
3954	11.239111
3955	11.239111
3956	11.239111
3957	11.239111
3958	11.239111
3959	11.239111
3960	11.239111
3961	11.239111
3962	11.239111
3963	11.239111
3964	11.239111
3965	11.239111
3966	11.239111
3967	11.239111
3968	11.239111
3969	11.239111
3970	11.239111
3971	11.239111
3972	11.239111
3973	11.239111
3974	11.239111
3975	11.239111
3976	11.239111
3977	11.239111
3978	11.239111
3979	11.239111
3980	11.239111
3981	11.239111
3982	11.239111
3983	11.239111
3984	11.239111
3985	11.239111
3986	11.239111
3987	11.239111
3988	11.239111
3989	11.239111
3990	11.239111
3991	11.239111
3992	11.239111
3993	11.239111
3994	11.239111
3995	11.239111
3996	11.239111
3997	11.239111
3998	11.239111
3999	11.239111
4000	11.239111
4001	11.239111
4002	11.239111
4003	11.239111
4004	11.239111
4005	11.239111
4006	11.239111
4007	11.239111
4008	11.239111
4009	11.239111
4010	11.239111
4011	11.239111
4012	11.239111
4013	11.239111
4014	11.239111
4015	11.239111
4016	11.239111
4017	11.239111
4018	11.239111
4019	11.239111
4020	11.239111
4021	11.239111
4022	11.239111
4023	11.239111
4024	11.239111
4025	11.239111
4026	11.239111
4027	11.239111
4028	11.239111
4029	11.239111
4030	11.239111
4031	11.239111
4032	11.239111
4033	11.239111
4034	11.239111
4035	11.239111
4036	11.239111
4037	11.239111
4038	11.239111
4039	11.239111
4040	11.239111
4041	11.239111
4042	11.239111
4043	11.239111
4044	11.239111
4045	11.239111
4046	11.239111
4047	11.239111
4048	11.239111
4049	11.239111
4050	11.239111
4051	11.239111
4052	11.239111
4053	11.239111
4054	11.239111
4055	11.239111
4056	11.239111
4057	11.239111
4058	11.239111
4059	11.239111
4060	11.239111
4061	11.239111
4062	11.239111
4063	11.239111
4064	11.239111
4065	11.239111
4066	11.239111
4067	11.239111
4068	11.239111
4069	11.239111
4070	11.239111
4071	11.239111
4072	11.239111
4073	11.239111
4074	11.239111
4075	11.239111
4076	11.239111
4077	11.239111
4078	11.239111
4079	11.239111
4080	11.239111
4081	11.239111
4082	11.239111
4083	11.239111
4084	11.239111
4085	11.239111
4086	11.239111
4087	11.239111
4088	11.239111
4089	11.239111
4090	11.239111
4091	11.239111
4092	11.239111
4093	11.239111
4094	11.239111
4095	11.239111
4096	11.239111
4097	11.239111
4098	11.239111
4099	11.239111
4100	11.239111
4101	11.239111
4102	11.239111
4103	11.239111
4104	11.239111
4105	11.239111
4106	11.239111
4107	11.239111
4108	11.239111
4109	11.239111
4110	11.239111
4111	11.239111
4112	11.239111
4113	11.239111
4114	11.239111
4115	11.239111
4116	11.239111
4117	11.239111
4118	11.239111
4119	11.239111
4120	11.239111
4121	11.239111
4122	11.239111
4123	11.239111
4124	11.239111
4125	11.239111
4126	11.239111
4127	11.239111
4128	11.239111
4129	11.239111
4130	11.239111
4131	11.239111
4132	11.239111
4133	11.239111
4134	11.239111
4135	11.239111
4136	11.239111
4137	11.239111
4138	11.239111
4139	11.239111
4140	11.239111
4141	11.239111
4142	11.239111
4143	11.239111
4144	11.239111
4145	11.239111
4146	11.239111
4147	11.239111
4148	11.239111
4149	11.239111
4150	11.239111
4151	11.239111
4152	11.239111
4153	11.239111
4154	11.239111
4155	11.239111
4156	11.239111
4157	11.239111
4158	11.239111
4159	11.239111
4160	11.239111
4161	11.239111
4162	11.239111
4163	11.239111
4164	11.239111
4165	11.239111
4166	11.239111
4167	11.239111
4168	11.239111
4169	11.239111
4170	11.239111
4171	11.239111
4172	11.239111
4173	11.239111
4174	11.239111
4175	11.239111
4176	11.239111
4177	11.239111
4178	11.239111
4179	11.239111
4180	11.239111
4181	11.239111
4182	11.239111
4183	11.239111
4184	11.239111
4185	11.239111
4186	11.239111
4187	11.239111
4188	11.239111
4189	11.239111
4190	11.239111
4191	11.239111
4192	11.239111
4193	11.239111
4194	11.239111
4195	11.239111
4196	11.239111
4197	11.239111
4198	11.239111
4199	11.239111
4200	11.239111
4201	11.239111
4202	11.239111
4203	11.239111
4204	11.239111
4205	11.239111
4206	11.239111
4207	11.239111
4208	11.239111
4209	11.239111
4210	11.239111
4211	11.239111
4212	11.239111
4213	11.239111
4214	11.239111
4215	11.239111
4216	11.239111
4217	11.239111
4218	11.239111
4219	11.239111
4220	11.239111
4221	11.239111
4222	11.239111
4223	11.239111
4224	11.239111
4225	11.239111
4226	11.239111
4227	11.239111
4228	11.239111
4229	11.239111
4230	11.239111
4231	11.239111
4232	11.239111
4233	11.239111
4234	11.239111
4235	11.239111
4236	11.239111
4237	11.239111
4238	11.239111
4239	11.239111
4240	11.239111
4241	11.239111
4242	11.239111
4243	11.239111
4244	11.239111
4245	11.239111
4246	11.239111
4247	11.239111
4248	11.239111
4249	11.239111
4250	11.239111
4251	11.239111
4252	11.239111
4253	11.239111
4254	11.239111
4255	11.239111
4256	11.239111
4257	11.239111
4258	11.239111
4259	11.239111
4260	11.239111
4261	11.239111
4262	11.239111
4263	11.239111
4264	11.239111
4265	11.239111
4266	11.239111
4267	11.239111
4268	11.239111
4269	11.239111
4270	11.239111
4271	11.239111
4272	11.239111
4273	11.239111
4274	11.239111
4275	11.239111
4276	11.239111
4277	11.239111
4278	11.239111
4279	11.239111
4280	11.239111
4281	11.239111
4282	11.239111
4283	11.239111
4284	11.239111
4285	11.239111
4286	11.239111
4287	11.239111
4288	11.239111
4289	11.239111
4290	11.239111
4291	11.239111
4292	11.239111
4293	11.239111
4294	11.239111
4295	11.239111
4296	11.239111
4297	11.239111
4298	11.239111
4299	11.239111
4300	11.239111
4301	11.239111
4302	11.239111
4303	11.239111
4304	11.239111
4305	11.239111
4306	11.239111
4307	11.239111
4308	11.239111
4309	11.239111
4310	11.239111
4311	11.239111
4312	11.239111
4313	11.239111
4314	11.239111
4315	11.239111
4316	11.239111
4317	11.239111
4318	11.239111
4319	11.239111
4320	11.239111
4321	11.239111
4322	11.239111
4323	11.239111
4324	11.239111
4325	11.239111
4326	11.239111
4327	11.239111
4328	11.239111
4329	11.239111
4330	11.239111
4331	11.239111
4332	11.239111
4333	11.239111
4334	11.239111
4335	11.239111
4336	11.239111
4337	11.239111
4338	11.239111
4339	11.239111
4340	11.239111
4341	11.239111
4342	11.239111
4343	11.239111
4344	11.239111
4345	11.239111
4346	11.239111
4347	11.239111
4348	11.239111
4349	11.239111
4350	11.239111
4351	11.239111
4352	11.239111
4353	11.239111
4354	11.239111
4355	11.239111
4356	11.239111
4357	11.239111
4358	11.239111
4359	11.239111
4360	11.239111
4361	11.239111
4362	11.239111
4363	11.239111
4364	11.239111
4365	11.239111
4366	11.239111
4367	11.239111
4368	11.239111
4369	11.239111
4370	11.239111
4371	11.239111
4372	11.239111
4373	11.239111
4374	11.239111
4375	11.239111
4376	11.239111
4377	11.239111
4378	11.239111
4379	11.239111
4380	11.239111
4381	11.239111
4382	11.239111
4383	11.239111
4384	11.239111
4385	11.239111
4386	11.239111
4387	11.239111
4388	11.239111
4389	11.239111
4390	11.239111
4391	11.239111
4392	11.239111
4393	11.239111
4394	11.239111
4395	11.239111
4396	11.239111
4397	11.239111
4398	11.239111
4399	11.239111
4400	11.239111
4401	11.239111
4402	11.239111
4403	11.239111
4404	11.239111
4405	11.239111
4406	11.239111
4407	11.239111
4408	11.239111
4409	11.239111
4410	11.239111
4411	11.239111
4412	11.239111
4413	11.239111
4414	11.239111
4415	11.239111
4416	11.239111
4417	11.239111
4418	11.239111
4419	11.239111
4420	11.239111
4421	11.239111
4422	11.239111
4423	11.239111
4424	11.239111
4425	11.239111
4426	11.239111
4427	11.239111
4428	11.239111
4429	11.239111
4430	11.239111
4431	11.239111
4432	11.239111
4433	11.239111
4434	11.239111
4435	11.239111
4436	11.239111
4437	11.239111
4438	11.239111
4439	11.239111
4440	11.239111
4441	11.239111
4442	11.239111
4443	11.239111
4444	11.239111
4445	11.239111
4446	11.239111
4447	11.239111
4448	11.239111
4449	11.239111
4450	11.239111
4451	11.239111
4452	11.239111
4453	11.239111
4454	11.239111
4455	11.239111
4456	11.239111
4457	11.239111
4458	11.239111
4459	11.239111
4460	11.239111
4461	11.239111
4462	11.239111
4463	11.239111
4464	11.239111
4465	11.239111
4466	11.239111
4467	11.239111
4468	11.239111
4469	11.239111
4470	11.239111
4471	11.239111
4472	11.239111
4473	11.239111
4474	11.239111
4475	11.239111
4476	11.239111
4477	11.239111
4478	11.239111
4479	11.239111
4480	11.239111
4481	11.239111
4482	11.239111
4483	11.239111
4484	11.239111
4485	11.239111
4486	11.239111
4487	11.239111
4488	11.239111
4489	11.239111
4490	11.239111
4491	11.239111
4492	11.239111
4493	11.239111
4494	11.239111
4495	11.239111
4496	11.239111
4497	11.239111
4498	11.239111
4499	11.239111
4500	11.239111
4501	11.239111
4502	11.239111
4503	11.239111
4504	11.239111
4505	11.239111
4506	11.239111
4507	11.239111
4508	11.239111
4509	11.239111
4510	11.239111
4511	11.239111
4512	11.239111
4513	11.239111
4514	11.239111
4515	11.239111
4516	11.239111
4517	11.239111
4518	11.239111
4519	11.239111
4520	11.239111
4521	11.239111
4522	11.239111
4523	11.239111
4524	11.239111
4525	11.239111
4526	11.239111
4527	11.239111
4528	11.239111
4529	11.239111
4530	11.239111
4531	11.239111
4532	11.239111
4533	11.239111
4534	11.239111
4535	11.239111
4536	11.239111
4537	11.239111
4538	11.239111
4539	11.239111
4540	11.239111
4541	11.239111
4542	11.239111
4543	11.239111
4544	11.239111
4545	11.239111
4546	11.239111
4547	11.239111
4548	11.239111
4549	11.239111
4550	11.239111
4551	11.239111
4552	11.239111
4553	11.239111
4554	11.239111
4555	11.239111
4556	11.239111
4557	11.239111
4558	11.239111
4559	11.239111
4560	11.239111
4561	11.239111
4562	11.239111
4563	11.239111
4564	11.239111
4565	11.239111
4566	11.239111
4567	11.239111
4568	11.239111
4569	11.239111
4570	11.239111
4571	11.239111
4572	11.239111
4573	11.239111
4574	11.239111
4575	11.239111
4576	11.239111
4577	11.239111
4578	11.239111
4579	11.239111
4580	11.239111
4581	11.239111
4582	11.239111
4583	11.239111
4584	11.239111
4585	11.239111
4586	11.239111
4587	11.239111
4588	11.239111
4589	11.239111
4590	11.239111
4591	11.239111
4592	11.239111
4593	11.239111
4594	11.239111
4595	11.239111
4596	11.239111
4597	11.239111
4598	11.239111
4599	11.239111
4600	11.239111
4601	11.239111
4602	11.239111
4603	11.239111
4604	11.239111
4605	11.239111
4606	11.239111
4607	11.239111
4608	11.239111
4609	11.239111
4610	11.239111
4611	11.239111
4612	11.239111
4613	11.239111
4614	11.239111
4615	11.239111
4616	11.239111
4617	11.239111
4618	11.239111
4619	11.239111
4620	11.239111
4621	11.239111
4622	11.239111
4623	11.239111
4624	11.239111
4625	11.239111
4626	11.239111
4627	11.239111
4628	11.239111
4629	11.239111
4630	11.239111
4631	11.239111
4632	11.239111
4633	11.239111
4634	11.239111
4635	11.239111
4636	11.239111
4637	11.239111
4638	11.239111
4639	11.239111
4640	11.239111
4641	11.239111
4642	11.239111
4643	11.239111
4644	11.239111
4645	11.239111
4646	11.239111
4647	11.239111
4648	11.239111
4649	11.239111
4650	11.239111
4651	11.239111
4652	11.239111
4653	11.239111
4654	11.239111
4655	11.239111
4656	11.239111
4657	11.239111
4658	11.239111
4659	11.239111
4660	11.239111
4661	11.239111
4662	11.239111
4663	11.239111
4664	11.239111
4665	11.239111
4666	11.239111
4667	11.239111
4668	11.239111
4669	11.239111
4670	11.239111
4671	11.239111
4672	11.239111
4673	11.239111
4674	11.239111
4675	11.239111
4676	11.239111
4677	11.239111
4678	11.239111
4679	11.239111
4680	11.239111
4681	11.239111
4682	11.239111
4683	11.239111
4684	11.239111
4685	11.239111
4686	11.239111
4687	11.239111
4688	11.239111
4689	11.239111
4690	11.239111
4691	11.239111
4692	11.239111
4693	11.239111
4694	11.239111
4695	11.239111
4696	11.239111
4697	11.239111
4698	11.239111
4699	11.239111
4700	11.239111
4701	11.239111
4702	11.239111
4703	11.239111
4704	11.239111
4705	11.239111
4706	11.239111
4707	11.239111
4708	11.239111
4709	11.239111
4710	11.239111
4711	11.239111
4712	11.239111
4713	11.239111
4714	11.239111
4715	11.239111
4716	11.239111
4717	11.239111
4718	11.239111
4719	11.239111
4720	11.239111
4721	11.239111
4722	11.239111
4723	11.239111
4724	11.239111
4725	11.239111
4726	11.239111
4727	11.239111
4728	11.239111
4729	11.239111
4730	11.239111
4731	11.239111
4732	11.239111
4733	11.239111
4734	11.239111
4735	11.239111
4736	11.239111
4737	11.239111
4738	11.239111
4739	11.239111
4740	11.239111
4741	11.239111
4742	11.239111
4743	11.239111
4744	11.239111
4745	11.239111
4746	11.239111
4747	11.239111
4748	11.239111
4749	11.239111
4750	11.239111
4751	11.239111
4752	11.239111
4753	11.239111
4754	11.239111
4755	11.239111
4756	11.239111
4757	11.239111
4758	11.239111
4759	11.239111
4760	11.239111
4761	11.239111
4762	11.239111
4763	11.239111
4764	11.239111
4765	11.239111
4766	11.239111
4767	11.239111
4768	11.239111
4769	11.239111
4770	11.239111
4771	11.239111
4772	11.239111
4773	11.239111
4774	11.239111
4775	11.239111
4776	11.239111
4777	11.239111
4778	11.239111
4779	11.239111
4780	11.239111
4781	11.239111
4782	11.239111
4783	11.239111
4784	11.239111
4785	11.239111
4786	11.239111
4787	11.239111
4788	11.239111
4789	11.239111
4790	11.239111
4791	11.239111
4792	11.239111
4793	11.239111
4794	11.239111
4795	11.239111
4796	11.239111
4797	11.239111
4798	11.239111
4799	11.239111
4800	11.239111
4801	11.239111
4802	11.239111
4803	11.239111
4804	11.239111
4805	11.239111
4806	11.239111
4807	11.239111
4808	11.239111
4809	11.239111
4810	11.239111
4811	11.239111
4812	11.239111
4813	11.239111
4814	11.239111
4815	11.239111
4816	11.239111
4817	11.239111
4818	11.239111
4819	11.239111
4820	11.239111
4821	11.239111
4822	11.239111
4823	11.239111
4824	11.239111
4825	11.239111
4826	11.239111
4827	11.239111
4828	11.239111
4829	11.239111
4830	11.239111
4831	11.239111
4832	11.239111
4833	11.239111
4834	11.239111
4835	11.239111
4836	11.239111
4837	11.239111
4838	11.239111
4839	11.239111
4840	11.239111
4841	11.239111
4842	11.239111
4843	11.239111
4844	11.239111
4845	11.239111
4846	11.239111
4847	11.239111
4848	11.239111
4849	11.239111
4850	11.239111
4851	11.239111
4852	11.239111
4853	11.239111
4854	11.239111
4855	11.239111
4856	11.239111
4857	11.239111
4858	11.239111
4859	11.239111
4860	11.239111
4861	11.239111
4862	11.239111
4863	11.239111
4864	11.239111
4865	11.239111
4866	11.239111
4867	11.239111
4868	11.239111
4869	11.239111
4870	11.239111
4871	11.239111
4872	11.239111
4873	11.239111
4874	11.239111
4875	11.239111
4876	11.239111
4877	11.239111
4878	11.239111
4879	11.239111
4880	11.239111
4881	11.239111
4882	11.239111
4883	11.239111
4884	11.239111
4885	11.239111
4886	11.239111
4887	11.239111
4888	11.239111
4889	11.239111
4890	11.239111
4891	11.239111
4892	11.239111
4893	11.239111
4894	11.239111
4895	11.239111
4896	11.239111
4897	11.239111
4898	11.239111
4899	11.239111
4900	11.239111
4901	11.239111
4902	11.239111
4903	11.239111
4904	11.239111
4905	11.239111
4906	11.239111
4907	11.239111
4908	11.239111
4909	11.239111
4910	11.239111
4911	11.239111
4912	11.239111
4913	11.239111
4914	11.239111
4915	11.239111
4916	11.239111
4917	11.239111
4918	11.239111
4919	11.239111
4920	11.239111
4921	11.239111
4922	11.239111
4923	11.239111
4924	11.239111
4925	11.239111
4926	11.239111
4927	11.239111
4928	11.239111
4929	11.239111
4930	11.239111
4931	11.239111
4932	11.239111
4933	11.239111
4934	11.239111
4935	11.239111
4936	11.239111
4937	11.239111
4938	11.239111
4939	11.239111
4940	11.239111
4941	11.239111
4942	11.239111
4943	11.239111
4944	11.239111
4945	11.239111
4946	11.239111
4947	11.239111
4948	11.239111
4949	11.239111
4950	11.239111
4951	11.239111
4952	11.239111
4953	11.239111
4954	11.239111
4955	11.239111
4956	11.239111
4957	11.239111
4958	11.239111
4959	11.239111
4960	11.239111
4961	11.239111
4962	11.239111
4963	11.239111
4964	11.239111
4965	11.239111
4966	11.239111
4967	11.239111
4968	11.239111
4969	11.239111
4970	11.239111
4971	11.239111
4972	11.239111
4973	11.239111
4974	11.239111
4975	11.239111
4976	11.239111
4977	11.239111
4978	11.239111
4979	11.239111
4980	11.239111
4981	11.239111
4982	11.239111
4983	11.239111
4984	11.239111
4985	11.239111
4986	11.239111
4987	11.239111
4988	11.239111
4989	11.239111
4990	11.239111
4991	11.239111
4992	11.239111
4993	11.239111
4994	11.239111
4995	11.239111
4996	11.239111
4997	11.239111
4998	11.239111
4999	11.239111
5000	11.239111
5001	11.239111
5002	11.239111
5003	11.239111
5004	11.239111
5005	11.239111
5006	11.239111
5007	11.239111
5008	11.239111
5009	11.239111
5010	11.239111
5011	11.239111
5012	11.239111
5013	11.239111
5014	11.239111
5015	11.239111
5016	11.239111
5017	11.239111
5018	11.239111
5019	11.239111
5020	11.239111
5021	11.239111
5022	11.239111
5023	11.239111
5024	11.239111
5025	11.239111
5026	11.239111
5027	11.239111
5028	11.239111
5029	11.239111
5030	11.239111
5031	11.239111
5032	11.239111
5033	11.239111
5034	11.239111
5035	11.239111
5036	11.239111
5037	11.239111
5038	11.239111
5039	11.239111
5040	11.239111
5041	11.239111
5042	11.239111
5043	11.239111
5044	11.239111
5045	11.239111
5046	11.239111
5047	11.239111
5048	11.239111
5049	11.239111
5050	11.239111
5051	11.239111
5052	11.239111
5053	11.239111
5054	11.239111
5055	11.239111
5056	11.239111
5057	11.239111
5058	11.239111
5059	11.239111
5060	11.239111
5061	11.239111
5062	11.239111
5063	11.239111
5064	11.239111
5065	11.239111
5066	11.239111
5067	11.239111
5068	11.239111
5069	11.239111
5070	11.239111
5071	11.239111
5072	11.239111
5073	11.239111
5074	11.239111
5075	11.239111
5076	11.239111
5077	11.239111
5078	11.239111
5079	11.239111
5080	11.239111
5081	11.239111
5082	11.239111
5083	11.239111
5084	11.239111
5085	11.239111
5086	11.239111
5087	11.239111
5088	11.239111
5089	11.239111
5090	11.239111
5091	11.239111
5092	11.239111
5093	11.239111
5094	11.239111
5095	11.239111
5096	11.239111
5097	11.239111
5098	11.239111
5099	11.239111
5100	11.239111
5101	11.239111
5102	11.239111
5103	11.239111
5104	11.239111
5105	11.239111
5106	11.239111
5107	11.239111
5108	11.239111
5109	11.239111
5110	11.239111
5111	11.239111
5112	11.239111
5113	11.239111
5114	11.239111
5115	11.239111
5116	11.239111
5117	11.239111
5118	11.239111
5119	11.239111
5120	11.239111
5121	11.239111
5122	11.239111
5123	11.239111
5124	11.239111
5125	11.239111
5126	11.239111
5127	11.239111
5128	11.239111
5129	11.239111
5130	11.239111
5131	11.239111
5132	11.239111
5133	11.239111
5134	11.239111
5135	11.239111
5136	11.239111
5137	11.239111
5138	11.239111
5139	11.239111
5140	11.239111
5141	11.239111
5142	11.239111
5143	11.239111
5144	11.239111
5145	11.239111
5146	11.239111
5147	11.239111
5148	11.239111
5149	11.239111
5150	11.239111
5151	11.239111
5152	11.239111
5153	11.239111
5154	11.239111
5155	11.239111
5156	11.239111
5157	11.239111
5158	11.239111
5159	11.239111
5160	11.239111
5161	11.239111
5162	11.239111
5163	11.239111
5164	11.239111
5165	11.239111
5166	11.239111
5167	11.239111
5168	11.239111
5169	11.239111
5170	11.239111
5171	11.239111
5172	11.239111
5173	11.239111
5174	11.239111
5175	11.239111
5176	11.239111
5177	11.239111
5178	11.239111
5179	11.239111
5180	11.239111
5181	11.239111
5182	11.239111
5183	11.239111
5184	11.239111
5185	11.239111
5186	11.239111
5187	11.239111
5188	11.239111
5189	11.239111
5190	11.239111
5191	11.239111
5192	11.239111
5193	11.239111
5194	11.239111
5195	11.239111
5196	11.239111
5197	11.239111
5198	11.239111
5199	11.239111
5200	11.239111
5201	11.239111
5202	11.239111
5203	11.239111
5204	11.239111
5205	11.239111
5206	11.239111
5207	11.239111
5208	11.239111
5209	11.239111
5210	11.239111
5211	11.239111
5212	11.239111
5213	11.239111
5214	11.239111
5215	11.239111
5216	11.239111
5217	11.239111
5218	11.239111
5219	11.239111
5220	11.239111
5221	11.239111
5222	11.239111
5223	11.239111
5224	11.239111
5225	11.239111
5226	11.239111
5227	11.239111
5228	11.239111
5229	11.239111
5230	11.239111
5231	11.239111
5232	11.239111
5233	11.239111
5234	11.239111
5235	11.239111
5236	11.239111
5237	11.239111
5238	11.239111
5239	11.239111
5240	11.239111
5241	11.239111
5242	11.239111
5243	11.239111
5244	11.239111
5245	11.239111
5246	11.239111
5247	11.239111
5248	11.239111
5249	11.239111
5250	11.239111
5251	11.239111
5252	11.239111
5253	11.239111
5254	11.239111
5255	11.239111
5256	11.239111
5257	11.239111
5258	11.239111
5259	11.239111
5260	11.239111
5261	11.239111
5262	11.239111
5263	11.239111
5264	11.239111
5265	11.239111
5266	11.239111
5267	11.239111
5268	11.239111
5269	11.239111
5270	11.239111
5271	11.239111
5272	11.239111
5273	11.239111
5274	11.239111
5275	11.239111
5276	11.239111
5277	11.239111
5278	11.239111
5279	11.239111
5280	11.239111
5281	11.239111
5282	11.239111
5283	11.239111
5284	11.239111
5285	11.239111
5286	11.239111
5287	11.239111
5288	11.239111
5289	11.239111
5290	11.239111
5291	11.239111
5292	11.239111
5293	11.239111
5294	11.239111
5295	11.239111
5296	11.239111
5297	11.239111
5298	11.239111
5299	11.239111
5300	11.239111
5301	11.239111
5302	11.239111
5303	11.239111
5304	11.239111
5305	11.239111
5306	11.239111
5307	11.239111
5308	11.239111
5309	11.239111
5310	11.239111
5311	11.239111
5312	11.239111
5313	11.239111
5314	11.239111
5315	11.239111
5316	11.239111
5317	11.239111
5318	11.239111
5319	11.239111
5320	11.239111
5321	11.239111
5322	11.239111
5323	11.239111
5324	11.239111
5325	11.239111
5326	11.239111
5327	11.239111
5328	11.239111
5329	11.239111
5330	11.239111
5331	11.239111
5332	11.239111
5333	11.239111
5334	11.239111
5335	11.239111
5336	11.239111
5337	11.239111
5338	11.239111
5339	11.239111
5340	11.239111
5341	11.239111
5342	11.239111
5343	11.239111
5344	11.239111
5345	11.239111
5346	11.239111
5347	11.239111
5348	11.239111
5349	11.239111
5350	11.239111
5351	11.239111
5352	11.239111
5353	11.239111
5354	11.239111
5355	11.239111
5356	11.239111
5357	11.239111
5358	11.239111
5359	11.239111
5360	11.239111
5361	11.239111
5362	11.239111
5363	11.239111
5364	11.239111
5365	11.239111
5366	11.239111
5367	11.239111
5368	11.239111
5369	11.239111
5370	11.239111
5371	11.239111
5372	11.239111
5373	11.239111
5374	11.239111
5375	11.239111
5376	11.239111
5377	11.239111
5378	11.239111
5379	11.239111
5380	11.239111
5381	11.239111
5382	11.239111
5383	11.239111
5384	11.239111
5385	11.239111
5386	11.239111
5387	11.239111
5388	11.239111
5389	11.239111
5390	11.239111
5391	11.239111
5392	11.239111
5393	11.239111
5394	11.239111
5395	11.239111
5396	11.239111
5397	11.239111
5398	11.239111
5399	11.239111
5400	11.239111
5401	11.239111
5402	11.239111
5403	11.239111
5404	11.239111
5405	11.239111
5406	11.239111
5407	11.239111
5408	11.239111
5409	11.239111
5410	11.239111
5411	11.239111
5412	11.239111
5413	11.239111
5414	11.239111
5415	11.239111
5416	11.239111
5417	11.239111
5418	11.239111
5419	11.239111
5420	11.239111
5421	11.239111
5422	11.239111
5423	11.239111
5424	11.239111
5425	11.239111
5426	11.239111
5427	11.239111
5428	11.239111
5429	11.239111
5430	11.239111
5431	11.239111
5432	11.239111
5433	11.239111
5434	11.239111
5435	11.239111
5436	11.239111
5437	11.239111
5438	11.239111
5439	11.239111
5440	11.239111
5441	11.239111
5442	11.239111
5443	11.239111
5444	11.239111
5445	11.239111
5446	11.239111
5447	11.239111
5448	11.239111
5449	11.239111
5450	11.239111
5451	11.239111
5452	11.239111
5453	11.239111
5454	11.239111
5455	11.239111
5456	11.239111
5457	11.239111
5458	11.239111
5459	11.239111
5460	11.239111
5461	11.239111
5462	11.239111
5463	11.239111
5464	11.239111
5465	11.239111
5466	11.239111
5467	11.239111
5468	11.239111
5469	11.239111
5470	11.239111
5471	11.239111
5472	11.239111
5473	11.239111
5474	11.239111
5475	11.239111
5476	11.239111
5477	11.239111
5478	11.239111
5479	11.239111
5480	11.239111
5481	11.239111
5482	11.239111
5483	11.239111
5484	11.239111
5485	11.239111
5486	11.239111
5487	11.239111
5488	11.239111
5489	11.239111
5490	11.239111
5491	11.239111
5492	11.239111
5493	11.239111
5494	11.239111
5495	11.239111
5496	11.239111
5497	11.239111
5498	11.239111
5499	11.239111
5500	11.239111
5501	11.239111
5502	11.239111
5503	11.239111
5504	11.239111
5505	11.239111
5506	11.239111
5507	11.239111
5508	11.239111
5509	11.239111
5510	11.239111
5511	11.239111
5512	11.239111
5513	11.239111
5514	11.239111
5515	11.239111
5516	11.239111
5517	11.239111
5518	11.239111
5519	11.239111
5520	11.239111
5521	11.239111
5522	11.239111
5523	11.239111
5524	11.239111
5525	11.239111
5526	11.239111
5527	11.239111
5528	11.239111
5529	11.239111
5530	11.239111
5531	11.239111
5532	11.239111
5533	11.239111
5534	11.239111
5535	11.239111
5536	11.239111
5537	11.239111
5538	11.239111
5539	11.239111
5540	11.239111
5541	11.239111
5542	11.239111
5543	11.239111
5544	11.239111
5545	11.239111
5546	11.239111
5547	11.239111
5548	11.239111
5549	11.239111
5550	11.239111
5551	11.239111
5552	11.239111
5553	11.239111
5554	11.239111
5555	11.239111
5556	11.239111
5557	11.239111
5558	11.239111
5559	11.239111
5560	11.239111
5561	11.239111
5562	11.239111
5563	11.239111
5564	11.239111
5565	11.239111
5566	11.239111
5567	11.239111
5568	11.239111
5569	11.239111
5570	11.239111
5571	11.239111
5572	11.239111
5573	11.239111
5574	11.239111
5575	11.239111
5576	11.239111
5577	11.239111
5578	11.239111
5579	11.239111
5580	11.239111
5581	11.239111
5582	11.239111
5583	11.239111
5584	11.239111
5585	11.239111
5586	11.239111
5587	11.239111
5588	11.239111
5589	11.239111
5590	11.239111
5591	11.239111
5592	11.239111
5593	11.239111
5594	11.239111
5595	11.239111
5596	11.239111
5597	11.239111
5598	11.239111
5599	11.239111
5600	11.239111
5601	11.239111
5602	11.239111
5603	11.239111
5604	11.239111
5605	11.239111
5606	11.239111
5607	11.239111
5608	11.239111
5609	11.239111
5610	11.239111
5611	11.239111
5612	11.239111
5613	11.239111
5614	11.239111
5615	11.239111
5616	11.239111
5617	11.239111
5618	11.239111
5619	11.239111
5620	11.239111
5621	11.239111
5622	11.239111
5623	11.239111
5624	11.239111
5625	11.239111
5626	11.239111
5627	11.239111
5628	11.239111
5629	11.239111
5630	11.239111
5631	11.239111
5632	11.239111
5633	11.239111
5634	11.239111
5635	11.239111
5636	11.239111
5637	11.239111
5638	11.239111
5639	11.239111
5640	11.239111
5641	11.239111
5642	11.239111
5643	11.239111
5644	11.239111
5645	11.239111
5646	11.239111
5647	11.239111
5648	11.239111
5649	11.239111
5650	11.239111
5651	11.239111
5652	11.239111
5653	11.239111
5654	11.239111
5655	11.239111
5656	11.239111
5657	11.239111
5658	11.239111
5659	11.239111
5660	11.239111
5661	11.239111
5662	11.239111
5663	11.239111
5664	11.239111
5665	11.239111
5666	11.239111
5667	11.239111
5668	11.239111
5669	11.239111
5670	11.239111
5671	11.239111
5672	11.239111
5673	11.239111
5674	11.239111
5675	11.239111
5676	11.239111
5677	11.239111
5678	11.239111
5679	11.239111
5680	11.239111
5681	11.239111
5682	11.239111
5683	11.239111
5684	11.239111
5685	11.239111
5686	11.239111
5687	11.239111
5688	11.239111
5689	11.239111
5690	11.239111
5691	11.239111
5692	11.239111
5693	11.239111
5694	11.239111
5695	11.239111
5696	11.239111
5697	11.239111
5698	11.239111
5699	11.239111
5700	11.239111
5701	11.239111
5702	11.239111
5703	11.239111
5704	11.239111
5705	11.239111
5706	11.239111
5707	11.239111
5708	11.239111
5709	11.239111
5710	11.239111
5711	11.239111
5712	11.239111
5713	11.239111
5714	11.239111
5715	11.239111
5716	11.239111
5717	11.239111
5718	11.239111
5719	11.239111
5720	11.239111
5721	11.239111
5722	11.239111
5723	11.239111
5724	11.239111
5725	11.239111
5726	11.239111
5727	11.239111
5728	11.239111
5729	11.239111
5730	11.239111
5731	11.239111
5732	11.239111
5733	11.239111
5734	11.239111
5735	11.239111
5736	11.239111
5737	11.239111
5738	11.239111
5739	11.239111
5740	11.239111
5741	11.239111
5742	11.239111
5743	11.239111
5744	11.239111
5745	11.239111
5746	11.239111
5747	11.239111
5748	11.239111
5749	11.239111
5750	11.239111
5751	11.239111
5752	11.239111
5753	11.239111
5754	11.239111
5755	11.239111
5756	11.239111
5757	11.239111
5758	11.239111
5759	11.239111
5760	11.239111
5761	11.239111
5762	11.239111
5763	11.239111
5764	11.239111
5765	11.239111
5766	11.239111
5767	11.239111
5768	11.239111
5769	11.239111
5770	11.239111
5771	11.239111
5772	11.239111
5773	11.239111
5774	11.239111
5775	11.239111
5776	11.239111
5777	11.239111
5778	11.239111
5779	11.239111
5780	11.239111
5781	11.239111
5782	11.239111
5783	11.239111
5784	11.239111
5785	11.239111
5786	11.239111
5787	11.239111
5788	11.239111
5789	11.239111
5790	11.239111
5791	11.239111
5792	11.239111
5793	11.239111
5794	11.239111
5795	11.239111
5796	11.239111
5797	11.239111
5798	11.239111
5799	11.239111
5800	11.239111
5801	11.239111
5802	11.239111
5803	11.239111
5804	11.239111
5805	11.239111
5806	11.239111
5807	11.239111
5808	11.239111
5809	11.239111
5810	11.239111
5811	11.239111
5812	11.239111
5813	11.239111
5814	11.239111
5815	11.239111
5816	11.239111
5817	11.239111
5818	11.239111
5819	11.239111
5820	11.239111
5821	11.239111
5822	11.239111
5823	11.239111
5824	11.239111
5825	11.239111
5826	11.239111
5827	11.239111
5828	11.239111
5829	11.239111
5830	11.239111
5831	11.239111
5832	11.239111
5833	11.239111
5834	11.239111
5835	11.239111
5836	11.239111
5837	11.239111
5838	11.239111
5839	11.239111
5840	11.239111
5841	11.239111
5842	11.239111
5843	11.239111
5844	11.239111
5845	11.239111
5846	11.239111
5847	11.239111
5848	11.239111
5849	11.239111
5850	11.239111
5851	11.239111
5852	11.239111
5853	11.239111
5854	11.239111
5855	11.239111
5856	11.239111
5857	11.239111
5858	11.239111
5859	11.239111
5860	11.239111
5861	11.239111
5862	11.239111
5863	11.239111
5864	11.239111
5865	11.239111
5866	11.239111
5867	11.239111
5868	11.239111
5869	11.239111
5870	11.239111
5871	11.239111
5872	11.239111
5873	11.239111
5874	11.239111
5875	11.239111
5876	11.239111
5877	11.239111
5878	11.239111
5879	11.239111
5880	11.239111
5881	11.239111
5882	11.239111
5883	11.239111
5884	11.239111
5885	11.239111
5886	11.239111
5887	11.239111
5888	11.239111
5889	11.239111
5890	11.239111
5891	11.239111
5892	11.239111
5893	11.239111
5894	11.239111
5895	11.239111
5896	11.239111
5897	11.239111
5898	11.239111
5899	11.239111
5900	11.239111
5901	11.239111
5902	11.239111
5903	11.239111
5904	11.239111
5905	11.239111
5906	11.239111
5907	11.239111
5908	11.239111
5909	11.239111
5910	11.239111
5911	11.239111
5912	11.239111
5913	11.239111
5914	11.239111
5915	11.239111
5916	11.239111
5917	11.239111
5918	11.239111
5919	11.239111
5920	11.239111
5921	11.239111
5922	11.239111
5923	11.239111
5924	11.239111
5925	11.239111
5926	11.239111
5927	11.239111
5928	11.239111
5929	11.239111
5930	11.239111
5931	11.239111
5932	11.239111
5933	11.239111
5934	11.239111
5935	11.239111
5936	11.239111
5937	11.239111
5938	11.239111
5939	11.239111
5940	11.239111
5941	11.239111
5942	11.239111
5943	11.239111
5944	11.239111
5945	11.239111
5946	11.239111
5947	11.239111
5948	11.239111
5949	11.239111
5950	11.239111
5951	11.239111
5952	11.239111
5953	11.239111
5954	11.239111
5955	11.239111
5956	11.239111
5957	11.239111
5958	11.239111
5959	11.239111
5960	11.239111
5961	11.239111
5962	11.239111
5963	11.239111
5964	11.239111
5965	11.239111
5966	11.239111
5967	11.239111
5968	11.239111
5969	11.239111
5970	11.239111
5971	11.239111
5972	11.239111
5973	11.239111
5974	11.239111
5975	11.239111
5976	11.239111
5977	11.239111
5978	11.239111
5979	11.239111
5980	11.239111
5981	11.239111
5982	11.239111
5983	11.239111
5984	11.239111
5985	11.239111
5986	11.239111
5987	11.239111
5988	11.239111
5989	11.239111
5990	11.239111
5991	11.239111
5992	11.239111
5993	11.239111
5994	11.239111
5995	11.239111
5996	11.239111
5997	11.239111
5998	11.239111
5999	11.239111
6000	11.239111
6001	11.239111
6002	11.239111
6003	11.239111
6004	11.239111
6005	11.239111
6006	11.239111
6007	11.239111
6008	11.239111
6009	11.239111
6010	11.239111
6011	11.239111
6012	11.239111
6013	11.239111
6014	11.239111
6015	11.239111
6016	11.239111
6017	11.239111
6018	11.239111
6019	11.239111
6020	11.239111
6021	11.239111
6022	11.239111
6023	11.239111
6024	11.239111
6025	11.239111
6026	11.239111
6027	11.239111
6028	11.239111
6029	11.239111
6030	11.239111
6031	11.239111
6032	11.239111
6033	11.239111
6034	11.239111
6035	11.239111
6036	11.239111
6037	11.239111
6038	11.239111
6039	11.239111
6040	11.239111
6041	11.239111
6042	11.239111
6043	11.239111
6044	11.239111
6045	11.239111
6046	11.239111
6047	11.239111
6048	11.239111
6049	11.239111
6050	11.239111
6051	11.239111
6052	11.239111
6053	11.239111
6054	11.239111
6055	11.239111
6056	11.239111
6057	11.239111
6058	11.239111
6059	11.239111
6060	11.239111
6061	11.239111
6062	11.239111
6063	11.239111
6064	11.239111
6065	11.239111
6066	11.239111
6067	11.239111
6068	11.239111
6069	11.239111
6070	11.239111
6071	11.239111
6072	11.239111
6073	11.239111
6074	11.239111
6075	11.239111
6076	11.239111
6077	11.239111
6078	11.239111
6079	11.239111
6080	11.239111
6081	11.239111
6082	11.239111
6083	11.239111
6084	11.239111
6085	11.239111
6086	11.239111
6087	11.239111
6088	11.239111
6089	11.239111
6090	11.239111
6091	11.239111
6092	11.239111
6093	11.239111
6094	11.239111
6095	11.239111
6096	11.239111
