1	6.524512
2	6.535644
3	6.542475
4	6.541945
5	6.688239
6	6.757929
7	6.680625
8	6.715424
9	6.786976
10	6.871144
11	6.871144
12	7.050677
13	7.021701
14	7.056576
15	7.057681
16	7.077768
17	7.111623
18	7.221361
19	7.222261
20	7.377157
21	7.379627
22	7.380846
23	7.305096
24	7.33206
25	7.336477
26	7.343374
27	7.542715
28	7.551243
29	7.573759
30	7.881855
31	7.947635
32	7.894295
33	7.894295
34	7.913808
35	7.926383
36	7.860054
37	7.812692
38	7.916792
39	7.763458
40	7.921616
41	8.046504
42	8.055201
43	8.085911
44	8.024017
45	8.035185
46	8.035185
47	8.067143
48	8.150663
49	8.069806
50	8.141356
51	8.145901
52	8.171656
53	8.175118
54	8.274118
55	8.302257
56	8.339349
57	8.336903
58	8.322998
59	8.32072
60	8.41517
61	8.400266
62	8.39803
63	8.39803
64	8.39803
65	8.45945
66	8.411894
67	8.411894
68	8.489568
69	8.489568
70	8.523232
71	8.523232
72	8.568992
73	8.60012
74	8.60012
75	8.60012
76	8.632702
77	8.632702
78	8.647606
79	8.790651
80	8.789787
81	8.693361
82	8.797983
83	8.853903
84	8.750454
85	8.595159
86	8.61261
87	8.623572
88	8.623572
89	8.649792
90	8.623233
91	8.699611
92	8.699611
93	8.762258
94	8.88284
95	8.915411
96	8.915411
97	8.933483
98	8.933483
99	8.952123
100	8.952123
101	8.958047
102	9.121276
103	9.13188
104	9.113396
105	9.229421
106	9.229421
107	9.217047
108	9.240588
109	9.240588
110	9.350564
111	9.374416
112	9.374416
113	9.41044
114	9.457568
115	9.49163
116	9.448358
117	9.304116
118	9.319028
119	9.308424
120	9.245366
121	9.245366
122	9.245366
123	9.245366
124	9.245366
125	9.274928
126	9.274928
127	9.274928
128	9.277914
129	9.326508
130	9.326508
131	9.185595
132	9.185595
133	9.185559
134	9.459184
135	9.459184
136	9.252733
137	9.25624
138	9.519169
139	9.519169
140	9.529773
141	9.529773
142	9.529773
143	9.529773
144	9.588933
145	9.683853
146	9.747305
147	9.747305
148	9.747305
149	9.600448
150	9.65776
151	9.65776
152	9.588935
153	9.588935
154	9.588935
155	9.921969
156	9.921969
157	9.921969
158	9.921969
159	9.921969
160	9.921969
161	9.885945
162	9.948007
163	10.00009
164	10.00009
165	10.00009
166	10.00009
167	10.00009
168	10.00009
169	9.830116
170	9.840646
171	9.792052
172	9.792052
173	9.791056
174	9.791056
175	9.792928
176	9.710441
177	9.710441
178	9.710441
179	9.718766
180	9.718766
181	9.742676
182	9.752044
183	9.762899
184	9.762899
185	9.822561
186	9.667458
187	9.66798
188	9.66798
189	9.69231
190	9.69231
191	9.566579
192	9.566579
193	9.566579
194	9.572195
195	9.450413
196	9.450968
197	9.390241
198	9.382393
199	9.382393
200	9.356929
201	9.356929
202	9.356929
203	9.386881
204	9.422905
205	9.471499
206	9.472213
207	9.436189
208	9.512117
209	9.463523
210	9.588137
211	9.589149
212	9.589149
213	9.589149
214	9.521357
215	9.521357
216	9.521357
217	9.521357
218	9.510666
219	9.495992
220	9.495992
221	9.495992
222	9.495992
223	9.551292
224	9.551292
225	9.551292
226	9.66729
227	9.66729
228	9.66729
229	9.66729
230	9.658674
231	9.658674
232	9.589568
233	9.589568
234	9.589568
235	9.499914
236	9.499914
237	9.783035
238	9.783035
239	9.783035
240	9.783035
241	9.783035
242	9.798377
243	9.798377
244	9.798377
245	9.551278
246	9.55218
247	9.55218
248	9.757896
249	9.757896
250	9.757896
251	9.77685
252	9.77685
253	9.77685
254	9.763111
255	9.763111
256	9.763111
257	9.736474
258	9.736474
259	9.731509
260	9.731509
261	9.731509
262	9.684785
263	9.733379
264	9.773089
265	9.901489
266	9.901489
267	9.917759
268	9.912983
269	9.912983
270	9.912983
271	9.912983
272	9.912983
273	9.912983
274	9.912983
275	9.912983
276	9.892433
277	9.892433
278	9.892433
279	9.892433
280	9.892433
281	9.819208
282	9.819208
283	9.819208
284	9.77872
285	9.77872
286	9.658637
287	9.658637
288	9.747621
289	9.747621
290	9.747621
291	9.747621
292	9.747621
293	9.747621
294	9.747621
295	9.794345
296	9.794345
297	9.794345
298	9.794345
299	9.794345
300	9.794345
301	9.794345
302	9.794345
303	9.794345
304	9.794345
305	9.799121
306	9.756824
307	9.756824
308	9.756824
309	9.792848
310	9.792848
311	9.748039
312	9.934682
313	10.066633
314	10.066633
315	10.066633
316	10.066633
317	10.066633
318	10.088523
319	10.088523
320	10.088523
321	10.088523
322	10.088523
323	10.088523
324	10.088523
325	10.088523
326	10.215684
327	10.215684
328	10.180262
329	10.180262
330	10.149616
331	10.149616
332	10.149616
333	10.149616
334	10.214769
335	10.376121
336	10.376121
337	10.355226
338	10.355226
339	10.371345
340	10.371345
341	10.371345
342	10.371345
343	10.371345
344	10.371345
345	10.371345
346	10.371345
347	10.371345
348	10.371345
349	10.371345
350	10.371345
351	10.371345
352	10.371345
353	10.371345
354	10.371345
355	10.371345
356	10.371345
357	10.371345
358	10.371345
359	10.371345
360	10.397982
361	10.397982
362	10.397982
363	10.397982
364	10.397982
365	10.439373
366	10.439373
367	10.275549
368	10.275549
369	10.275549
370	10.245102
371	10.268743
372	10.268743
373	10.268743
374	10.268743
375	10.171223
376	10.171223
377	10.171223
378	10.202603
379	10.202603
380	10.313678
381	10.313678
382	10.313678
383	10.313678
384	10.313678
385	10.313678
386	10.313678
387	10.312625
388	10.312625
389	10.312625
390	10.312625
391	10.287153
392	10.287153
393	10.287153
394	10.287153
395	10.287153
396	10.192248
397	10.241166
398	10.241166
399	10.241166
400	10.241166
401	10.241166
402	10.241166
403	10.241166
404	10.241166
405	10.241166
406	10.241166
407	10.241166
408	10.241166
409	10.241166
410	10.241166
411	10.208331
412	10.208331
413	10.208331
414	10.208331
415	10.208331
416	10.208331
417	10.208331
418	10.208331
419	10.208331
420	10.208331
421	10.208331
422	10.314597
423	10.312266
424	10.320226
425	10.320226
426	10.320226
427	10.320226
428	10.320226
429	10.320226
430	10.320226
431	10.320226
432	10.320226
433	10.320226
434	10.320226
435	10.320226
436	10.320226
437	10.320226
438	10.320226
439	10.320226
440	10.320226
441	10.320226
442	10.320226
443	10.320226
444	10.320226
445	10.320226
446	10.320226
447	10.320937
448	10.320937
449	10.320937
450	10.331484
451	10.331484
452	10.331484
453	10.331484
454	10.331484
455	10.285599
456	10.285599
457	10.285599
458	10.311071
459	10.311071
460	10.311071
461	10.311071
462	10.311071
463	10.306494
464	10.306494
465	10.306494
466	10.346223
467	10.346223
468	10.346223
469	10.346223
470	10.346223
471	10.536467
472	10.536467
473	10.536467
474	10.536467
475	10.53914
476	10.53914
477	10.53914
478	10.53914
479	10.53914
480	10.53914
481	10.53914
482	10.53914
483	10.53914
484	10.53914
485	10.53914
486	10.495209
487	10.495209
488	10.495209
489	10.495209
490	10.495209
491	10.495209
492	10.495209
493	10.495209
494	10.469737
495	10.469737
496	10.469737
497	10.469737
498	10.469737
499	10.469737
500	10.469737
501	10.469737
502	10.469737
503	10.469737
504	10.469737
505	10.43514
506	10.43514
507	10.43514
508	10.43514
509	10.43514
510	10.43514
511	10.43514
512	10.43514
513	10.437329
514	10.437329
515	10.437329
516	10.437329
517	10.437329
518	10.437329
519	10.437329
520	10.437329
521	10.437329
522	10.541243
523	10.541243
524	10.541243
525	10.541243
526	10.541243
527	10.541243
528	10.541243
529	10.541243
530	10.541243
531	10.541243
532	10.541243
533	10.541243
534	10.541243
535	10.541243
536	10.541243
537	10.539054
538	10.539054
539	10.539054
540	10.565691
541	10.565691
542	10.565691
543	10.565691
544	10.56788
545	10.598526
546	10.598526
547	10.598526
548	10.598526
549	10.598526
550	10.598526
551	10.598526
552	10.598526
553	10.598526
554	10.598526
555	10.598526
556	10.598526
557	10.598526
558	10.598526
559	10.598526
560	10.598526
561	10.598526
562	10.598526
563	10.598526
564	10.598526
565	10.598526
566	10.598526
567	10.598526
568	10.598526
569	10.598526
570	10.642107
571	10.642107
572	10.642107
573	10.642107
574	10.642107
575	10.642107
576	10.642107
577	10.642107
578	10.642107
579	10.642107
580	10.642107
581	10.642107
582	10.642107
583	10.642107
584	10.642107
585	10.642107
586	10.642107
587	10.642107
588	10.642107
589	10.642107
590	10.642107
591	10.642107
592	10.642107
593	10.642107
594	10.642107
595	10.642107
596	10.642107
597	10.642107
598	10.642107
599	10.642107
600	10.642107
601	10.641054
602	10.641054
603	10.641054
604	10.641054
605	10.641054
606	10.634287
607	10.62374
608	10.62374
609	10.62374
610	10.62374
611	10.62374
612	10.62374
613	10.62374
614	10.62374
615	10.62374
616	10.62374
617	10.62374
618	10.62374
619	10.62374
620	10.62374
621	10.62374
622	10.62374
623	10.62374
624	10.62374
625	10.62374
626	10.62374
627	10.642694
628	10.642694
629	10.642694
630	10.642694
631	10.642694
632	10.642694
633	10.642694
634	10.642694
635	10.642694
636	10.642694
637	10.642694
638	10.642694
639	10.642694
640	10.642694
641	10.642694
642	10.642694
643	10.642694
644	10.642694
645	10.642694
646	10.642694
647	10.642694
648	10.642694
649	10.642694
650	10.642694
651	10.642694
652	10.642694
653	10.642694
654	10.642694
655	10.642694
656	10.642694
657	10.642694
658	10.642694
659	10.642694
660	10.642694
661	10.642694
662	10.642694
663	10.642694
664	10.642694
665	10.642694
666	10.642694
667	10.642694
668	10.642694
669	10.642694
670	10.642694
671	10.642694
672	10.642694
673	10.642694
674	10.642694
675	10.642694
676	10.642694
677	10.653241
678	10.653241
679	10.653241
680	10.653241
681	10.653241
682	10.653241
683	10.653241
684	10.661201
685	10.661201
686	10.661201
687	10.661201
688	10.661201
689	10.661201
690	10.661201
691	10.661201
692	10.661201
693	10.661201
694	10.661201
695	10.661201
696	10.661201
697	10.661201
698	10.661201
699	10.661201
700	10.661201
701	10.661201
702	10.661201
703	10.661201
704	10.661201
705	10.661201
706	10.661201
707	10.661201
708	10.65887
709	10.65887
710	10.65887
711	10.659581
712	10.659581
713	10.659581
714	10.659581
715	10.659581
716	10.659581
717	10.659581
718	10.659581
719	10.659581
720	10.659581
721	10.659581
722	10.659581
723	10.659581
724	10.659581
725	10.659581
726	10.659581
727	10.659581
728	10.652886
729	10.652886
730	10.652886
731	10.652886
732	10.652886
733	10.652886
734	10.652886
735	10.652886
736	10.652886
737	10.652886
738	10.652886
739	10.652886
740	10.652886
741	10.652886
742	10.652886
743	10.652886
744	10.652886
745	10.652886
746	10.652886
747	10.652886
748	10.652886
749	10.652886
750	10.652886
751	10.652886
752	10.652886
753	10.652886
754	10.652886
755	10.650697
756	10.650697
757	10.650697
758	10.650697
759	10.650697
760	10.650697
761	10.650697
762	10.650454
763	10.650454
764	10.650454
765	10.650454
766	10.650454
767	10.650454
768	10.6315
769	10.6315
770	10.6315
771	10.6315
772	10.6315
773	10.6315
774	10.6315
775	10.6315
776	10.6315
777	10.6315
778	10.6315
779	10.6315
780	10.6315
781	10.6315
782	10.6315
783	10.6315
784	10.6315
785	10.6315
786	10.6315
787	10.6315
788	10.6315
789	10.638195
790	10.638195
791	10.638195
792	10.638195
793	10.630235
794	10.630235
795	10.630235
796	10.630235
797	10.630235
798	10.630235
799	10.630235
800	10.630235
801	10.630235
802	10.630235
803	10.630235
804	10.630235
805	10.630235
806	10.630235
807	10.630235
808	10.630235
809	10.630235
810	10.627449
811	10.627449
812	10.627449
813	10.627449
814	10.627449
815	10.627449
816	10.65113
817	10.65113
818	10.65113
819	10.65113
820	10.65113
821	10.65113
822	10.65909
823	10.65909
824	10.65909
825	10.678044
826	10.678044
827	10.678044
828	10.678287
829	10.678287
830	10.678287
831	10.678287
832	10.678287
833	10.678287
834	10.678287
835	10.678287
836	10.678287
837	10.678287
838	10.678287
839	10.678287
840	10.678287
841	10.706594
842	10.706594
843	10.706594
844	10.706594
845	10.706594
846	10.706594
847	10.706594
848	10.706594
849	10.706594
850	10.706594
851	10.706594
852	10.706594
853	10.706594
854	10.706594
855	10.706594
856	10.706594
857	10.706594
858	10.706594
859	10.706594
860	10.706594
861	10.706594
862	10.706594
863	10.706594
864	10.706594
865	10.706594
866	10.706594
867	10.706594
868	10.706594
869	10.706594
870	10.706594
871	10.68764
872	10.68764
873	10.706594
874	10.706594
875	10.706594
876	10.706594
877	10.706594
878	10.706594
879	10.706594
880	10.706594
881	10.706594
882	10.706594
883	10.706594
884	10.706594
885	10.706594
886	10.706594
887	10.706594
888	10.706594
889	10.706594
890	10.706594
891	10.706594
892	10.706594
893	10.706594
894	10.706594
895	10.706594
896	10.706594
897	10.706594
898	10.706594
899	10.706594
900	10.706594
901	10.703759
902	10.703759
903	10.703759
904	10.703759
905	10.703759
906	10.703759
907	10.703759
908	10.703759
909	10.703759
910	10.703759
911	10.703759
912	10.703759
913	10.703759
914	10.703759
915	10.703759
916	10.703759
917	10.703759
918	10.703759
919	10.703759
920	10.703759
921	10.703759
922	10.703759
923	10.703759
924	10.703759
925	10.703759
926	10.703759
927	10.703759
928	10.703759
929	10.703759
930	10.703759
931	10.703759
932	10.703759
933	10.703759
934	10.703759
935	10.703759
936	10.703759
937	10.703759
938	10.703759
939	10.703759
940	10.703759
941	10.703759
942	10.703759
943	10.703759
944	10.703759
945	10.695799
946	10.695799
947	10.695799
948	10.695799
949	10.695799
950	10.695799
951	10.695799
952	10.695799
953	10.695799
954	10.695799
955	10.695799
956	10.695799
957	10.695799
958	10.695799
959	10.695799
960	10.695799
961	10.695799
962	10.695799
963	10.695799
964	10.695799
965	10.695799
966	10.695799
967	10.695799
968	10.695799
969	10.695799
970	10.695799
971	10.695799
972	10.695799
973	10.695799
974	10.695799
975	10.695799
976	10.695799
977	10.695799
978	10.695799
979	10.695799
980	10.695799
981	10.695799
982	10.695799
983	10.695799
984	10.695799
985	10.695799
986	10.697419
987	10.697419
988	10.697419
989	10.697419
990	10.701996
991	10.701996
992	10.701996
993	10.701996
994	10.701996
995	10.701996
996	10.701996
997	10.701996
998	10.701996
999	10.701996
1000	10.701996
1001	10.704831
1002	10.704831
1003	10.704831
1004	10.704831
1005	10.704831
1006	10.704831
1007	10.704831
1008	10.704831
1009	10.704831
1010	10.704831
1011	10.704831
1012	10.704831
1013	10.704831
1014	10.704831
1015	10.704831
1016	10.704831
1017	10.704831
1018	10.704831
1019	10.704831
1020	10.704831
1021	10.704831
1022	10.704831
1023	10.704831
1024	10.704831
1025	10.704831
1026	10.704831
1027	10.704831
1028	10.704831
1029	10.704831
1030	10.704831
1031	10.704831
1032	10.704831
1033	10.704831
1034	10.704831
1035	10.704831
1036	10.704831
1037	10.702968
1038	10.702968
1039	10.702968
1040	10.702968
1041	10.702968
1042	10.702968
1043	10.702968
1044	10.702968
1045	10.705884
1046	10.705884
1047	10.705884
1048	10.705884
1049	10.705884
1050	10.705884
1051	10.705884
1052	10.705884
1053	10.705884
1054	10.705884
1055	10.705884
1056	10.705884
1057	10.705884
1058	10.705884
1059	10.705884
1060	10.705884
1061	10.705884
1062	10.705884
1063	10.705884
1064	10.705884
1065	10.705884
1066	10.705884
1067	10.702968
1068	10.702968
1069	10.702968
1070	10.702968
1071	10.702968
1072	10.702968
1073	10.702968
1074	10.702968
1075	10.702968
1076	10.702968
1077	10.702968
1078	10.702968
1079	10.702968
1080	10.702968
1081	10.702968
1082	10.702968
1083	10.702968
1084	10.703211
1085	10.703211
1086	10.703211
1087	10.703211
1088	10.703211
1089	10.703211
1090	10.703211
1091	10.703211
1092	10.703211
1093	10.703211
1094	10.703211
1095	10.703211
1096	10.703211
1097	10.703211
1098	10.703211
1099	10.703211
1100	10.703211
1101	10.703211
1102	10.703211
1103	10.703211
1104	10.703211
1105	10.703211
1106	10.703211
1107	10.703211
1108	10.703211
1109	10.703211
1110	10.703211
1111	10.703211
1112	10.703211
1113	10.703211
1114	10.703211
1115	10.703211
1116	10.703211
1117	10.703211
1118	10.703211
1119	10.703211
1120	10.703211
1121	10.703211
1122	10.703211
1123	10.703211
1124	10.703211
1125	10.703211
1126	10.703211
1127	10.703211
1128	10.703211
1129	10.703211
1130	10.703211
1131	10.703211
1132	10.703211
1133	10.703211
1134	10.703211
1135	10.703211
1136	10.703211
1137	10.703211
1138	10.703211
1139	10.703211
1140	10.703211
1141	10.703211
1142	10.703211
1143	10.703211
1144	10.703211
1145	10.703211
1146	10.703211
1147	10.703211
1148	10.703211
1149	10.703211
1150	10.703211
1151	10.703211
1152	10.705884
1153	10.705884
1154	10.705884
1155	10.705884
1156	10.705884
1157	10.705884
1158	10.705884
1159	10.705884
1160	10.705884
1161	10.705884
1162	10.705884
1163	10.705884
1164	10.705884
1165	10.705884
1166	10.705884
1167	10.705884
1168	10.705884
1169	10.705884
1170	10.705884
1171	10.705884
1172	10.715436
1173	10.715436
1174	10.715436
1175	10.715436
1176	10.715436
1177	10.715436
1178	10.715436
1179	10.715436
1180	10.715436
1181	10.715436
1182	10.715436
1183	10.715436
1184	10.715436
1185	10.715436
1186	10.715436
1187	10.715436
1188	10.715436
1189	10.715436
1190	10.715436
1191	10.715436
1192	10.715436
1193	10.715436
1194	10.715436
1195	10.715436
1196	10.715436
1197	10.715436
1198	10.715436
1199	10.715436
1200	10.715436
1201	10.715436
1202	10.715436
1203	10.715436
1204	10.715436
1205	10.715436
1206	10.715436
1207	10.715436
1208	10.715436
1209	10.715436
1210	10.715436
1211	10.715436
1212	10.715436
1213	10.715436
1214	10.715436
1215	10.715436
1216	10.715436
1217	10.715436
1218	10.715436
1219	10.715436
1220	10.715436
1221	10.715436
1222	10.715436
1223	10.715436
1224	10.715436
1225	10.715436
1226	10.715436
1227	10.715436
1228	10.715436
1229	10.715436
1230	10.715436
1231	10.715436
1232	10.715436
1233	10.715436
1234	10.715436
1235	10.715436
1236	10.715436
1237	10.715436
1238	10.715436
1239	10.715436
1240	10.715436
1241	10.715436
1242	10.715436
1243	10.715436
1244	10.715436
1245	10.715436
1246	10.715436
1247	10.715436
1248	10.715436
1249	10.715436
1250	10.715436
1251	10.715436
1252	10.715436
1253	10.715436
1254	10.726532
1255	10.726532
1256	10.726532
1257	10.726532
1258	10.726532
1259	10.726532
1260	10.726532
1261	10.726532
1262	10.726532
1263	10.726532
1264	10.726532
1265	10.726532
1266	10.726532
1267	10.726532
1268	10.726532
1269	10.726532
1270	10.726532
1271	10.726532
1272	10.726532
1273	10.726532
1274	10.726532
1275	10.726532
1276	10.726532
1277	10.726532
1278	10.726532
1279	10.726532
1280	10.726532
1281	10.726532
1282	10.726532
1283	10.726532
1284	10.726532
1285	10.726532
1286	10.726532
1287	10.726532
1288	10.726532
1289	10.726532
1290	10.726532
1291	10.726532
1292	10.726532
1293	10.726532
1294	10.726532
1295	10.726532
1296	10.725736
1297	10.725736
1298	10.725736
1299	10.725736
1300	10.725736
1301	10.725736
1302	10.725736
1303	10.725736
1304	10.725736
1305	10.725736
1306	10.725736
1307	10.725736
1308	10.725736
1309	10.725736
1310	10.725736
1311	10.725736
1312	10.725736
1313	10.725736
1314	10.725736
1315	10.725736
1316	10.725736
1317	10.725736
1318	10.725736
1319	10.725736
1320	10.725736
1321	10.725736
1322	10.725736
1323	10.725736
1324	10.725736
1325	10.725736
1326	10.725736
1327	10.725736
1328	10.725736
1329	10.725736
1330	10.725736
1331	10.725736
1332	10.725736
1333	10.725736
1334	10.725736
1335	10.725736
1336	10.725736
1337	10.725736
1338	10.725736
1339	10.725736
1340	10.725736
1341	10.725736
1342	10.725736
1343	10.725736
1344	10.725736
1345	10.725736
1346	10.725736
1347	10.725736
1348	10.725736
1349	10.725736
1350	10.725736
1351	10.725736
1352	10.725736
1353	10.725736
1354	10.725736
1355	10.725736
1356	10.725736
1357	10.725736
1358	10.725736
1359	10.725736
1360	10.725736
1361	10.725736
1362	10.725736
1363	10.725736
1364	10.725736
1365	10.725736
1366	10.725736
1367	10.725736
1368	10.725736
1369	10.725736
1370	10.725736
1371	10.725736
1372	10.725736
1373	10.725736
1374	10.725736
1375	10.725736
1376	10.725736
1377	10.725736
1378	10.725736
1379	10.725736
1380	10.725736
1381	10.725736
1382	10.725736
1383	10.725736
1384	10.725736
1385	10.725736
1386	10.725736
1387	10.725736
1388	10.725736
1389	10.725736
1390	10.725736
1391	10.725736
1392	10.725736
1393	10.725736
1394	10.725736
1395	10.725736
1396	10.725736
1397	10.725736
1398	10.725736
1399	10.725736
1400	10.725736
1401	10.725736
1402	10.725736
1403	10.725736
1404	10.725736
1405	10.725736
1406	10.725736
1407	10.725736
1408	10.725736
1409	10.725736
1410	10.725736
1411	10.725736
1412	10.725736
1413	10.725736
1414	10.725736
1415	10.725736
1416	10.725736
1417	10.725736
1418	10.725736
1419	10.725736
1420	10.725736
1421	10.725736
1422	10.725736
1423	10.725736
1424	10.725736
1425	10.725736
1426	10.725736
1427	10.725736
1428	10.725736
1429	10.725736
1430	10.725736
1431	10.725736
1432	10.725736
1433	10.725736
1434	10.725736
1435	10.725736
1436	10.725736
1437	10.725736
1438	10.725736
1439	10.725736
1440	10.725736
1441	10.725736
1442	10.725736
1443	10.725736
1444	10.725736
1445	10.725736
1446	10.725736
1447	10.725736
1448	10.725736
1449	10.725736
1450	10.725736
1451	10.725736
1452	10.725736
1453	10.725736
1454	10.725736
1455	10.725736
1456	10.725736
1457	10.725736
1458	10.725736
1459	10.725736
1460	10.725736
1461	10.725736
1462	10.725736
1463	10.725736
1464	10.725736
1465	10.725736
1466	10.725736
1467	10.725736
1468	10.725736
1469	10.725736
1470	10.725736
1471	10.725736
1472	10.725736
1473	10.725736
1474	10.725736
1475	10.725736
1476	10.725736
1477	10.725736
1478	10.725736
1479	10.725736
1480	10.725736
1481	10.725736
1482	10.725736
1483	10.725736
1484	10.725736
1485	10.725736
1486	10.725736
1487	10.725736
1488	10.725736
1489	10.726532
1490	10.726532
1491	10.726532
1492	10.726532
1493	10.726532
1494	10.726532
1495	10.726532
1496	10.726532
1497	10.726532
1498	10.726532
1499	10.726532
1500	10.726532
1501	10.726532
1502	10.726532
1503	10.726532
1504	10.726532
1505	10.726532
1506	10.726532
1507	10.726532
1508	10.726532
1509	10.726532
1510	10.726532
1511	10.726532
1512	10.726532
1513	10.726532
1514	10.726532
1515	10.726532
1516	10.726532
1517	10.726532
1518	10.726532
1519	10.726532
1520	10.726532
1521	10.726532
1522	10.726532
1523	10.726532
1524	10.726532
1525	10.726532
1526	10.726532
1527	10.726532
1528	10.726532
1529	10.726532
1530	10.726532
1531	10.726532
1532	10.726532
1533	10.726532
1534	10.726532
1535	10.726532
1536	10.726532
1537	10.726532
1538	10.726532
1539	10.726532
1540	10.726532
1541	10.726532
1542	10.726532
1543	10.726532
1544	10.726532
1545	10.726532
1546	10.726532
1547	10.726532
1548	10.726532
1549	10.726532
1550	10.726532
1551	10.726532
1552	10.726532
1553	10.726532
1554	10.726532
1555	10.726532
1556	10.726532
1557	10.726532
1558	10.726532
1559	10.726532
1560	10.726532
1561	10.726532
1562	10.726532
1563	10.726532
1564	10.726532
1565	10.726532
1566	10.726532
1567	10.726532
1568	10.726532
1569	10.726532
1570	10.726532
1571	10.726532
1572	10.726532
1573	10.726532
1574	10.726532
1575	10.726532
1576	10.726532
1577	10.726532
1578	10.726532
1579	10.726532
1580	10.726532
1581	10.726532
1582	10.726532
1583	10.726532
1584	10.726532
1585	10.726532
1586	10.726532
1587	10.726532
1588	10.726532
1589	10.726532
1590	10.726532
1591	10.726532
1592	10.726532
1593	10.726532
1594	10.726532
1595	10.726532
1596	10.726532
1597	10.726532
1598	10.726532
1599	10.726532
1600	10.726532
1601	10.726532
1602	10.726532
1603	10.726532
1604	10.726532
1605	10.726532
1606	10.726532
1607	10.726532
1608	10.726532
1609	10.726532
1610	10.726532
1611	10.726532
1612	10.726532
1613	10.726532
1614	10.726532
1615	10.726532
1616	10.726532
1617	10.726532
1618	10.726532
1619	10.726532
1620	10.726532
1621	10.726532
1622	10.726532
1623	10.726532
1624	10.726532
1625	10.726532
1626	10.726532
1627	10.726532
1628	10.726532
1629	10.726532
1630	10.726532
1631	10.726532
1632	10.726532
1633	10.726532
1634	10.726532
1635	10.726532
1636	10.726532
1637	10.726532
1638	10.726532
1639	10.726532
1640	10.726532
1641	10.726532
1642	10.726532
1643	10.726532
1644	10.726532
1645	10.726532
1646	10.726532
1647	10.726532
1648	10.726532
1649	10.726532
1650	10.726532
1651	10.726532
1652	10.726532
1653	10.726532
1654	10.726532
1655	10.726532
1656	10.726532
1657	10.726532
1658	10.726532
1659	10.726532
1660	10.726532
1661	10.726532
1662	10.726532
1663	10.726532
1664	10.726532
1665	10.726532
1666	10.726532
1667	10.726532
1668	10.726532
1669	10.726532
1670	10.726532
1671	10.726532
1672	10.726532
1673	10.726532
1674	10.726532
1675	10.726532
1676	10.726532
1677	10.726532
1678	10.726532
1679	10.726532
1680	10.726532
1681	10.726532
1682	10.726532
1683	10.726532
1684	10.726532
1685	10.726532
1686	10.726532
1687	10.726532
1688	10.726532
1689	10.726532
1690	10.726532
1691	10.726532
1692	10.726532
1693	10.726532
1694	10.726532
1695	10.726532
1696	10.726532
1697	10.726532
1698	10.726532
1699	10.726532
1700	10.726532
1701	10.726532
1702	10.726532
1703	10.726532
1704	10.726532
1705	10.726532
1706	10.726532
1707	10.726532
1708	10.726532
1709	10.726532
1710	10.726532
1711	10.726532
1712	10.726532
1713	10.726532
1714	10.726532
1715	10.726532
1716	10.726532
1717	10.726532
1718	10.726532
1719	10.726532
1720	10.726532
1721	10.726532
1722	10.726532
1723	10.726532
1724	10.726532
1725	10.726532
1726	10.726532
1727	10.726532
1728	10.726532
1729	10.726532
1730	10.726532
1731	10.726532
1732	10.726532
1733	10.726532
1734	10.726532
1735	10.726532
1736	10.726532
1737	10.726532
1738	10.726532
1739	10.726532
1740	10.726532
1741	10.726532
1742	10.726532
1743	10.726532
1744	10.726532
1745	10.726532
1746	10.726532
1747	10.726532
1748	10.726532
1749	10.726532
1750	10.726532
1751	10.726532
1752	10.726532
1753	10.726532
1754	10.726532
1755	10.726532
1756	10.726532
1757	10.726532
1758	10.726532
1759	10.726532
1760	10.726532
1761	10.726532
1762	10.726532
1763	10.726532
1764	10.726532
1765	10.726532
1766	10.726532
1767	10.726532
1768	10.726532
1769	10.726532
1770	10.726532
1771	10.726532
1772	10.726532
1773	10.726532
1774	10.726532
1775	10.726532
1776	10.726532
1777	10.726532
1778	10.726532
1779	10.726532
1780	10.726532
1781	10.726532
1782	10.726532
1783	10.726532
1784	10.726532
1785	10.726532
1786	10.726532
1787	10.726532
1788	10.726532
1789	10.726532
1790	10.726532
1791	10.726532
1792	10.726532
1793	10.726532
1794	10.726532
1795	10.726532
1796	10.726532
1797	10.726532
1798	10.726532
1799	10.726532
1800	10.726532
1801	10.726532
1802	10.726532
1803	10.726532
1804	10.726532
1805	10.726532
1806	10.726532
1807	10.726532
1808	10.726532
1809	10.726532
1810	10.726532
1811	10.726532
1812	10.726532
1813	10.726532
1814	10.726532
1815	10.726532
1816	10.726532
1817	10.726532
1818	10.726532
1819	10.726532
1820	10.726532
1821	10.726532
1822	10.726532
1823	10.726532
1824	10.726532
1825	10.726532
1826	10.726532
1827	10.726532
1828	10.726532
1829	10.726532
1830	10.726532
1831	10.726532
1832	10.726532
1833	10.726532
1834	10.726532
1835	10.726532
1836	10.726532
1837	10.726532
1838	10.726532
1839	10.726532
1840	10.726532
1841	10.726532
1842	10.726532
1843	10.726532
1844	10.726532
1845	10.726532
1846	10.726532
1847	10.726532
1848	10.726532
1849	10.726532
1850	10.726532
1851	10.726532
1852	10.726532
1853	10.726532
1854	10.726532
1855	10.726532
1856	10.726532
1857	10.726532
1858	10.726532
1859	10.726532
1860	10.726532
1861	10.726532
1862	10.726532
1863	10.726532
1864	10.726532
1865	10.726532
1866	10.726532
1867	10.726532
1868	10.726532
1869	10.726532
1870	10.726532
1871	10.726532
1872	10.726532
1873	10.726532
1874	10.726532
1875	10.726532
1876	10.726532
1877	10.726532
1878	10.726532
1879	10.726532
1880	10.726532
1881	10.726532
1882	10.726532
1883	10.726532
1884	10.726532
1885	10.726532
1886	10.726532
1887	10.726532
1888	10.726532
1889	10.726532
1890	10.726532
1891	10.726532
1892	10.726532
1893	10.726532
1894	10.726532
1895	10.726532
1896	10.726532
1897	10.726532
1898	10.726532
1899	10.726532
1900	10.726532
1901	10.726532
1902	10.726532
1903	10.726532
1904	10.726532
1905	10.726532
1906	10.726532
1907	10.726532
1908	10.726532
1909	10.726532
1910	10.726532
1911	10.726532
1912	10.726532
1913	10.726532
1914	10.726532
1915	10.726532
1916	10.726532
1917	10.726532
1918	10.726532
1919	10.726532
1920	10.726532
1921	10.726532
1922	10.726532
1923	10.726532
1924	10.726532
1925	10.726532
1926	10.726532
1927	10.726532
1928	10.726532
1929	10.726532
1930	10.726532
1931	10.726532
1932	10.726532
1933	10.726532
1934	10.726532
1935	10.726532
1936	10.726532
1937	10.726532
1938	10.726532
1939	10.726532
1940	10.726532
1941	10.726532
1942	10.726532
1943	10.726532
1944	10.726532
1945	10.726532
1946	10.726532
1947	10.726532
1948	10.726532
1949	10.726532
1950	10.726532
1951	10.726532
1952	10.726532
1953	10.726532
1954	10.726532
1955	10.726532
1956	10.726532
1957	10.726532
1958	10.726532
1959	10.726532
1960	10.726532
1961	10.726532
1962	10.726532
1963	10.726532
1964	10.726532
1965	10.726532
1966	10.726532
1967	10.726532
1968	10.726532
1969	10.726532
1970	10.726532
1971	10.726532
1972	10.726532
1973	10.726532
1974	10.726532
1975	10.726532
1976	10.726532
1977	10.726532
1978	10.726532
1979	10.726532
1980	10.726532
1981	10.726532
1982	10.726532
1983	10.726532
1984	10.726532
1985	10.726532
1986	10.726532
1987	10.726532
1988	10.726532
1989	10.726532
1990	10.726532
1991	10.726532
1992	10.726532
1993	10.726532
1994	10.726532
1995	10.726532
1996	10.726532
1997	10.726532
1998	10.726532
1999	10.726532
2000	10.726532
2001	10.726532
2002	10.726532
2003	10.726532
2004	10.726532
2005	10.726532
2006	10.726532
2007	10.726532
2008	10.726532
2009	10.726532
2010	10.726532
2011	10.726532
2012	10.726532
2013	10.726532
2014	10.726532
2015	10.726532
2016	10.726532
2017	10.726532
2018	10.726532
2019	10.726532
2020	10.726532
2021	10.726532
2022	10.726532
2023	10.726532
2024	10.726532
2025	10.726532
2026	10.726532
2027	10.726532
2028	10.726532
2029	10.726532
2030	10.726532
2031	10.726532
2032	10.726532
2033	10.726532
2034	10.726532
2035	10.726532
2036	10.726532
2037	10.726532
2038	10.726532
2039	10.726532
2040	10.726532
2041	10.726532
2042	10.726532
2043	10.726532
2044	10.726532
2045	10.726532
2046	10.726532
2047	10.726532
2048	10.726532
2049	10.726532
2050	10.726532
2051	10.726532
2052	10.726532
2053	10.726532
2054	10.726532
2055	10.726532
2056	10.726532
2057	10.726532
2058	10.726532
2059	10.726532
2060	10.726532
2061	10.726532
2062	10.726532
2063	10.726532
2064	10.726532
2065	10.726532
2066	10.726532
2067	10.726532
2068	10.726532
2069	10.726532
2070	10.726532
2071	10.726532
2072	10.726532
2073	10.726532
2074	10.726532
2075	10.726532
2076	10.726532
2077	10.726532
2078	10.726532
2079	10.726532
2080	10.726532
2081	10.726532
2082	10.726532
2083	10.726532
2084	10.726532
2085	10.726532
2086	10.726532
2087	10.726532
2088	10.726532
2089	10.726532
2090	10.726532
2091	10.726532
2092	10.726532
2093	10.726532
2094	10.726532
2095	10.726532
2096	10.726532
2097	10.726532
2098	10.726532
2099	10.726532
2100	10.726532
2101	10.726532
2102	10.726532
2103	10.726532
2104	10.726532
2105	10.726532
2106	10.726532
2107	10.726532
2108	10.726532
2109	10.726532
2110	10.726532
2111	10.726532
2112	10.726532
2113	10.726532
2114	10.726532
2115	10.726532
2116	10.726532
2117	10.726532
2118	10.726532
2119	10.726532
2120	10.726532
2121	10.726532
2122	10.726532
2123	10.726532
2124	10.726532
2125	10.726532
2126	10.726532
2127	10.726532
2128	10.726532
2129	10.726532
2130	10.726532
2131	10.726532
2132	10.726532
2133	10.726532
2134	10.726532
2135	10.726532
2136	10.726532
2137	10.726532
2138	10.726532
2139	10.726532
2140	10.726532
2141	10.726532
2142	10.726532
2143	10.726532
2144	10.726532
2145	10.726532
2146	10.726532
2147	10.726532
2148	10.726532
2149	10.726532
2150	10.726532
2151	10.726532
2152	10.726532
2153	10.726532
2154	10.726532
2155	10.726532
2156	10.726532
2157	10.726532
2158	10.726532
2159	10.726532
2160	10.726532
2161	10.726532
2162	10.726532
2163	10.726532
2164	10.726532
2165	10.726532
2166	10.726532
2167	10.726532
2168	10.726532
2169	10.726532
2170	10.726532
2171	10.726532
2172	10.726532
2173	10.726532
2174	10.726532
2175	10.726532
2176	10.726532
2177	10.726532
2178	10.726532
2179	10.726532
2180	10.726532
2181	10.726532
2182	10.726532
2183	10.726532
2184	10.726532
2185	10.726532
2186	10.726532
2187	10.726532
2188	10.726532
2189	10.726532
2190	10.726532
2191	10.726532
2192	10.726532
2193	10.726532
2194	10.726532
2195	10.726532
2196	10.726532
2197	10.726532
2198	10.726532
2199	10.726532
2200	10.726532
2201	10.726532
2202	10.726532
2203	10.726532
2204	10.726532
2205	10.726532
2206	10.726532
2207	10.726532
2208	10.726532
2209	10.726532
2210	10.726532
2211	10.726532
2212	10.726532
2213	10.726532
2214	10.726532
2215	10.726532
2216	10.726532
2217	10.726532
2218	10.726532
2219	10.726532
2220	10.726532
2221	10.726532
2222	10.726532
2223	10.726532
2224	10.726532
2225	10.726532
2226	10.726532
2227	10.726532
2228	10.726532
2229	10.726532
2230	10.726532
2231	10.726532
2232	10.726532
2233	10.726532
2234	10.726532
2235	10.726532
2236	10.726532
2237	10.726532
2238	10.726532
2239	10.726532
2240	10.726532
2241	10.726532
2242	10.726532
2243	10.726532
2244	10.726532
2245	10.726532
2246	10.726532
2247	10.726532
2248	10.726532
2249	10.726532
2250	10.726532
2251	10.726532
2252	10.726532
2253	10.726532
2254	10.726532
2255	10.726532
2256	10.726532
2257	10.726532
2258	10.726532
2259	10.726532
2260	10.726532
2261	10.726532
2262	10.726532
2263	10.726532
2264	10.726532
2265	10.726532
2266	10.726532
2267	10.726532
2268	10.726532
2269	10.726532
2270	10.726532
2271	10.726532
2272	10.726532
2273	10.726532
2274	10.726532
2275	10.726532
2276	10.726532
2277	10.726532
2278	10.726532
2279	10.726532
2280	10.726532
2281	10.726532
2282	10.726532
2283	10.726532
2284	10.726532
2285	10.726532
2286	10.726532
2287	10.726532
2288	10.726532
2289	10.726532
2290	10.726532
2291	10.726532
2292	10.726532
2293	10.726532
2294	10.726532
2295	10.726532
2296	10.726532
2297	10.726532
2298	10.726532
2299	10.726532
2300	10.726532
2301	10.726532
2302	10.726532
2303	10.726532
2304	10.726532
2305	10.726532
2306	10.726532
2307	10.726532
2308	10.726532
2309	10.726532
2310	10.726532
2311	10.726532
2312	10.726532
2313	10.726532
2314	10.726532
2315	10.726532
2316	10.726532
2317	10.726532
2318	10.726532
2319	10.726532
2320	10.726532
2321	10.726532
2322	10.726532
2323	10.726532
2324	10.726532
2325	10.726532
2326	10.726532
2327	10.726532
2328	10.726532
2329	10.726532
2330	10.726532
2331	10.726532
2332	10.726532
2333	10.726532
2334	10.726532
2335	10.726532
2336	10.726532
2337	10.726532
2338	10.726532
2339	10.726532
2340	10.726532
2341	10.726532
2342	10.726532
2343	10.726532
2344	10.726532
2345	10.726532
2346	10.726532
2347	10.726532
2348	10.726532
2349	10.726532
2350	10.726532
2351	10.726532
2352	10.726532
2353	10.726532
2354	10.726532
2355	10.726532
2356	10.726532
2357	10.726532
2358	10.726532
2359	10.726532
2360	10.726532
2361	10.726532
2362	10.726532
2363	10.726532
2364	10.726532
2365	10.726532
2366	10.726532
2367	10.726532
2368	10.726532
2369	10.726532
2370	10.726532
2371	10.726532
2372	10.726532
2373	10.726532
2374	10.726532
2375	10.726532
2376	10.726532
2377	10.726532
2378	10.726532
2379	10.726532
2380	10.726532
2381	10.726532
2382	10.726532
2383	10.726532
2384	10.726532
2385	10.726532
2386	10.726532
2387	10.726532
2388	10.726532
2389	10.726532
2390	10.726532
2391	10.726532
2392	10.726532
2393	10.726532
2394	10.726532
2395	10.726532
2396	10.726532
2397	10.726532
2398	10.726532
2399	10.726532
2400	10.726532
2401	10.726532
2402	10.726532
2403	10.726532
2404	10.726532
2405	10.726532
2406	10.726532
2407	10.726532
2408	10.726532
2409	10.726532
2410	10.726532
2411	10.726532
2412	10.726532
2413	10.726532
2414	10.726532
2415	10.726532
2416	10.726532
2417	10.726532
2418	10.726532
2419	10.726532
2420	10.726532
2421	10.726532
2422	10.726532
2423	10.726532
2424	10.726532
2425	10.726532
2426	10.726532
2427	10.726532
2428	10.726532
2429	10.726532
2430	10.726532
2431	10.726532
2432	10.726532
2433	10.726532
2434	10.726532
2435	10.726532
2436	10.726532
2437	10.726532
2438	10.726532
2439	10.726532
2440	10.726532
2441	10.726532
2442	10.726532
2443	10.726532
2444	10.726532
2445	10.726532
2446	10.726532
2447	10.726532
2448	10.726532
2449	10.726532
2450	10.726532
2451	10.726532
2452	10.726532
2453	10.726532
2454	10.726532
2455	10.726532
2456	10.726532
2457	10.726532
2458	10.726532
2459	10.726532
2460	10.726532
2461	10.726532
2462	10.726532
2463	10.726532
2464	10.726532
2465	10.726532
2466	10.726532
2467	10.726532
2468	10.726532
2469	10.726532
2470	10.726532
2471	10.726532
2472	10.726532
2473	10.726532
2474	10.726532
2475	10.726532
2476	10.726532
2477	10.726532
2478	10.726532
2479	10.726532
2480	10.726532
2481	10.726532
2482	10.726532
2483	10.726532
2484	10.726532
2485	10.726532
2486	10.726532
2487	10.726532
2488	10.726532
2489	10.726532
2490	10.726532
2491	10.726532
2492	10.726532
2493	10.726532
2494	10.726532
2495	10.726532
2496	10.726532
2497	10.726532
2498	10.726532
2499	10.726532
2500	10.726532
2501	10.726532
2502	10.726532
2503	10.726532
2504	10.726532
2505	10.726532
2506	10.726532
2507	10.726532
2508	10.726532
2509	10.726532
2510	10.726532
2511	10.726532
2512	10.726532
2513	10.726532
2514	10.726532
2515	10.726532
2516	10.726532
2517	10.726532
2518	10.726532
2519	10.726532
2520	10.726532
2521	10.726532
2522	10.726532
2523	10.726532
2524	10.726532
2525	10.726532
2526	10.726532
2527	10.726532
2528	10.726532
2529	10.726532
2530	10.726532
2531	10.726532
2532	10.726532
2533	10.726532
2534	10.726532
2535	10.726532
2536	10.726532
2537	10.726532
2538	10.726532
2539	10.726532
2540	10.726532
2541	10.726532
2542	10.726532
2543	10.726532
2544	10.726532
2545	10.726532
2546	10.726532
2547	10.726532
2548	10.726532
2549	10.726532
2550	10.726532
2551	10.726532
2552	10.726532
2553	10.726532
2554	10.726532
2555	10.726532
2556	10.726532
2557	10.726532
2558	10.726532
2559	10.726532
2560	10.726532
2561	10.726532
2562	10.726532
2563	10.726532
2564	10.726532
2565	10.726532
2566	10.726532
2567	10.726532
2568	10.726532
2569	10.726532
2570	10.726532
2571	10.726532
2572	10.726532
2573	10.726532
2574	10.726532
2575	10.726532
2576	10.726532
2577	10.726532
2578	10.726532
2579	10.726532
2580	10.726532
2581	10.726532
2582	10.726532
2583	10.726532
2584	10.726532
2585	10.726532
2586	10.726532
2587	10.726532
2588	10.726532
2589	10.726532
2590	10.726532
2591	10.726532
2592	10.726532
2593	10.726532
2594	10.726532
2595	10.726532
2596	10.726532
2597	10.726532
2598	10.726532
2599	10.726532
2600	10.726532
2601	10.726532
2602	10.726532
2603	10.726532
2604	10.726532
2605	10.726532
2606	10.726532
2607	10.726532
2608	10.726532
2609	10.726532
2610	10.726532
2611	10.726532
2612	10.726532
2613	10.726532
2614	10.726532
2615	10.726532
2616	10.726532
2617	10.726532
2618	10.726532
2619	10.726532
2620	10.726532
2621	10.726532
2622	10.726532
2623	10.726532
2624	10.726532
2625	10.726532
2626	10.726532
2627	10.726532
2628	10.726532
2629	10.726532
2630	10.726532
2631	10.726532
2632	10.726532
2633	10.726532
2634	10.726532
2635	10.726532
2636	10.726532
2637	10.726532
2638	10.726532
2639	10.726532
2640	10.726532
2641	10.726532
2642	10.726532
2643	10.726532
2644	10.726532
2645	10.726532
2646	10.726532
2647	10.726532
2648	10.726532
2649	10.726532
2650	10.726532
2651	10.726532
2652	10.726532
2653	10.726532
2654	10.726532
2655	10.726532
2656	10.726532
2657	10.726532
2658	10.726532
2659	10.726532
2660	10.726532
2661	10.726532
2662	10.726532
2663	10.726532
2664	10.726532
2665	10.726532
2666	10.726532
2667	10.726532
2668	10.726532
2669	10.726532
2670	10.726532
2671	10.726532
2672	10.726532
2673	10.726532
2674	10.726532
2675	10.726532
2676	10.726532
2677	10.726532
2678	10.726532
2679	10.726532
2680	10.726532
2681	10.726532
2682	10.726532
2683	10.726532
2684	10.726532
2685	10.726532
2686	10.726532
2687	10.726532
2688	10.726532
2689	10.726532
2690	10.726532
2691	10.726532
2692	10.726532
2693	10.726532
2694	10.726532
2695	10.726532
2696	10.726532
2697	10.726532
2698	10.726532
2699	10.726532
2700	10.726532
2701	10.726532
2702	10.726532
2703	10.726532
2704	10.726532
2705	10.726532
2706	10.726532
2707	10.726532
2708	10.726532
2709	10.726532
2710	10.726532
2711	10.726532
2712	10.726532
2713	10.726532
2714	10.726532
2715	10.726532
2716	10.726532
2717	10.726532
2718	10.726532
2719	10.726532
2720	10.726532
2721	10.726532
2722	10.726532
2723	10.726532
2724	10.726532
2725	10.726532
2726	10.726532
2727	10.726532
2728	10.726532
2729	10.726532
2730	10.726532
2731	10.726532
2732	10.726532
2733	10.726532
2734	10.726532
2735	10.726532
2736	10.726532
2737	10.726532
2738	10.726532
2739	10.726532
2740	10.726532
2741	10.726532
2742	10.726532
2743	10.726532
2744	10.726532
2745	10.726532
2746	10.726532
2747	10.726532
2748	10.726532
2749	10.726532
2750	10.726532
2751	10.726532
2752	10.726532
2753	10.726532
2754	10.726532
2755	10.726532
2756	10.726532
2757	10.726532
2758	10.726532
2759	10.726532
2760	10.726532
2761	10.726532
2762	10.726532
2763	10.726532
2764	10.726532
2765	10.726532
2766	10.726532
2767	10.726532
2768	10.726532
2769	10.726532
2770	10.726532
2771	10.726532
2772	10.726532
2773	10.726532
2774	10.726532
2775	10.726532
2776	10.726532
2777	10.726532
2778	10.726532
2779	10.726532
2780	10.726532
2781	10.726532
2782	10.726532
2783	10.726532
2784	10.726532
2785	10.726532
2786	10.726532
2787	10.726532
2788	10.726532
2789	10.726532
2790	10.726532
2791	10.726532
2792	10.726532
2793	10.726532
2794	10.726532
2795	10.726532
2796	10.726532
2797	10.726532
2798	10.726532
2799	10.726532
2800	10.726532
2801	10.726532
2802	10.726532
2803	10.726532
2804	10.726532
2805	10.726532
2806	10.726532
2807	10.726532
2808	10.726532
2809	10.726532
2810	10.726532
2811	10.726532
2812	10.726532
2813	10.726532
2814	10.726532
2815	10.726532
2816	10.726532
2817	10.726532
2818	10.726532
2819	10.726532
2820	10.726532
2821	10.726532
2822	10.726532
2823	10.726532
2824	10.726532
2825	10.726532
2826	10.726532
2827	10.726532
2828	10.726532
2829	10.726532
2830	10.726532
2831	10.726532
2832	10.726532
2833	10.726532
2834	10.726532
2835	10.726532
2836	10.726532
2837	10.726532
2838	10.726532
2839	10.726532
2840	10.726532
2841	10.726532
2842	10.726532
2843	10.726532
2844	10.726532
2845	10.726532
2846	10.726532
2847	10.726532
2848	10.726532
2849	10.726532
2850	10.726532
2851	10.726532
2852	10.726532
2853	10.726532
2854	10.726532
2855	10.726532
2856	10.726532
2857	10.726532
2858	10.726532
2859	10.726532
2860	10.726532
2861	10.726532
2862	10.726532
2863	10.726532
2864	10.726532
2865	10.726532
2866	10.726532
2867	10.726532
2868	10.726532
2869	10.726532
2870	10.726532
2871	10.726532
2872	10.726532
2873	10.726532
2874	10.726532
2875	10.726532
2876	10.726532
2877	10.726532
2878	10.726532
2879	10.726532
2880	10.726532
2881	10.726532
2882	10.726532
2883	10.726532
2884	10.726532
2885	10.726532
2886	10.726532
2887	10.726532
2888	10.726532
2889	10.726532
2890	10.726532
2891	10.726532
2892	10.726532
2893	10.726532
2894	10.726532
2895	10.726532
2896	10.726532
2897	10.726532
2898	10.726532
2899	10.726532
2900	10.726532
2901	10.726532
2902	10.726532
2903	10.726532
2904	10.726532
2905	10.726532
2906	10.726532
2907	10.726532
2908	10.726532
2909	10.726532
2910	10.726532
2911	10.726532
2912	10.726532
2913	10.726532
2914	10.726532
2915	10.726532
2916	10.726532
2917	10.726532
2918	10.726532
2919	10.726532
2920	10.726532
2921	10.726532
2922	10.726532
2923	10.726532
2924	10.726532
2925	10.726532
2926	10.726532
2927	10.726532
2928	10.726532
2929	10.726532
2930	10.726532
2931	10.726532
2932	10.726532
2933	10.726532
2934	10.726532
2935	10.726532
2936	10.726532
2937	10.726532
2938	10.726532
2939	10.726532
2940	10.726532
2941	10.726532
2942	10.726532
2943	10.726532
2944	10.726532
2945	10.726532
2946	10.726532
2947	10.726532
2948	10.726532
2949	10.726532
2950	10.726532
2951	10.726532
2952	10.726532
2953	10.726532
2954	10.726532
2955	10.726532
2956	10.726532
2957	10.726532
2958	10.726532
2959	10.726532
2960	10.726532
2961	10.726532
2962	10.726532
2963	10.726532
2964	10.726532
2965	10.726532
2966	10.726532
2967	10.726532
2968	10.726532
2969	10.726532
2970	10.726532
2971	10.726532
2972	10.726532
2973	10.726532
2974	10.726532
2975	10.726532
2976	10.726532
2977	10.726532
2978	10.726532
2979	10.726532
2980	10.726532
2981	10.726532
2982	10.726532
2983	10.726532
2984	10.726532
2985	10.726532
2986	10.726532
2987	10.726532
2988	10.726532
2989	10.726532
2990	10.726532
2991	10.726532
2992	10.726532
2993	10.726532
2994	10.726532
2995	10.726532
2996	10.726532
2997	10.726532
2998	10.726532
2999	10.726532
3000	10.726532
3001	10.726532
3002	10.726532
3003	10.726532
3004	10.726532
3005	10.726532
3006	10.726532
3007	10.726532
3008	10.726532
3009	10.726532
3010	10.726532
3011	10.726532
3012	10.726532
3013	10.726532
3014	10.726532
3015	10.726532
3016	10.726532
3017	10.726532
3018	10.726532
3019	10.726532
3020	10.726532
3021	10.726532
3022	10.726532
3023	10.726532
3024	10.726532
3025	10.726532
3026	10.726532
3027	10.726532
3028	10.726532
3029	10.726532
3030	10.726532
3031	10.726532
3032	10.726532
3033	10.726532
3034	10.726532
3035	10.726532
3036	10.726532
3037	10.726532
3038	10.726532
3039	10.726532
3040	10.726532
3041	10.726532
3042	10.726532
3043	10.726532
3044	10.726532
3045	10.726532
