1	6.891808
2	6.891808
3	6.908669
4	6.909759
5	6.920919
6	6.89273
7	6.920912
8	6.931727
9	6.908933
10	6.981665
11	6.810503
12	6.816535
13	6.7636
14	6.861367
15	6.873223
16	6.915188
17	6.904028
18	6.904028
19	6.872292
20	6.908808
21	7.041066
22	7.127668
23	7.127668
24	7.133748
25	7.134583
26	7.139671
27	7.158985
28	7.411363
29	7.416927
30	7.416927
31	7.416927
32	7.311811
33	7.301339
34	7.342121
35	7.346249
36	7.390595
37	7.384253
38	7.384253
39	7.430288
40	7.431587
41	7.431587
42	7.435421
43	7.606894
44	7.713507
45	7.870493
46	7.925653
47	7.937731
48	7.899391
49	7.950544
50	7.950544
51	7.871929
52	7.880357
53	7.901297
54	7.910017
55	7.912637
56	7.952922
57	7.908384
58	7.908384
59	7.912884
60	7.914856
61	8.026231
62	8.026231
63	8.033303
64	7.970533
65	8.046643
66	8.138465
67	8.220107
68	8.138864
69	8.145596
70	8.146235
71	8.094582
72	8.21215
73	7.949386
74	7.938699
75	7.986161
76	8.06404
77	8.06881
78	8.06881
79	8.06881
80	8.208622
81	8.237683
82	8.239336
83	8.24236
84	8.24561
85	8.24561
86	8.24561
87	8.200678
88	8.285078
89	8.285078
90	8.292974
91	8.28309
92	8.339482
93	8.339482
94	8.313043
95	8.313043
96	8.532787
97	8.532787
98	8.5537
99	8.656943
100	8.245418
101	8.325281
102	8.325281
103	8.293768
104	8.622334
105	8.563096
106	8.607736
107	8.604565
108	8.597196
109	8.597196
110	8.618628
111	8.582221
112	8.597487
113	8.599972
114	8.517317
115	8.517317
116	8.539091
117	8.539091
118	8.685356
119	8.69354
120	8.69354
121	8.739451
122	8.747993
123	8.826173
124	8.826173
125	8.791298
126	8.718846
127	8.751241
128	8.784791
129	8.784791
130	8.693936
131	8.693936
132	8.693936
133	8.693936
134	8.693936
135	8.65264
136	8.644425
137	8.607218
138	8.620329
139	8.620329
140	8.629317
141	8.629317
142	8.639939
143	8.647001
144	8.641651
145	8.642507
146	8.66102
147	8.596937
148	8.596937
149	8.596937
150	8.575505
151	8.298961
152	8.298961
153	8.305816
154	8.16886
155	8.16886
156	8.240442
157	8.24961
158	8.24961
159	8.218668
160	8.218668
161	8.273274
162	8.276809
163	8.281303
164	8.316976
165	8.316976
166	8.316976
167	8.322918
168	8.274207
169	8.356399
170	8.533199
171	8.707601
172	8.716178
173	8.635954
174	8.751424
175	8.845892
176	8.845892
177	9.090347
178	8.993988
179	8.993988
180	8.993988
181	8.973416
182	8.973416
183	9.020108
184	9.020108
185	9.020108
186	9.033804
187	8.990879
188	9.033804
189	9.098643
190	9.282695
191	9.284034
192	9.312322
193	9.312322
194	9.312322
195	9.32305
196	9.332403
197	9.332403
198	9.335786
199	9.263239
200	9.263239
201	9.384817
202	9.384817
203	9.384817
204	9.42256
205	9.42256
206	9.42256
207	9.42256
208	9.42256
209	9.621423
210	9.468392
211	9.468392
212	9.483539
213	9.554649
214	9.554649
215	9.554649
216	9.516906
217	9.516906
218	9.516906
219	9.516906
220	9.516906
221	9.449047
222	9.449047
223	9.449047
224	9.485692
225	9.51405
226	9.51405
227	9.51405
228	9.367006
229	9.367006
230	9.367006
231	9.367006
232	9.396715
233	9.44431
234	9.591354
235	9.591354
236	9.591354
237	9.591354
238	9.591354
239	9.591354
240	9.506788
241	9.648177
242	9.648177
243	9.648177
244	9.648177
245	9.53993
246	9.590476
247	9.590476
248	9.498189
249	9.497037
250	9.567181
251	9.569565
252	9.574248
253	9.574248
254	9.576437
255	9.576437
256	9.479366
257	9.479366
258	9.479366
259	9.479366
260	9.395537
261	9.395537
262	9.440393
263	9.440393
264	9.40298
265	9.39581
266	9.39581
267	9.39581
268	9.39581
269	9.342081
270	9.354115
271	9.354467
272	9.345758
273	9.345758
274	9.350134
275	9.347945
276	9.347945
277	9.193023
278	9.244283
279	9.237448
280	9.237448
281	9.335563
282	9.498626
283	9.498626
284	9.498626
285	9.645726
286	9.70692
287	9.70692
288	9.703969
289	9.705063
290	9.704444
291	9.704444
292	9.720405
293	9.669145
294	9.669145
295	9.669145
296	9.669145
297	9.669145
298	9.669145
299	9.669145
300	9.669145
301	9.669145
302	9.68009
303	9.664129
304	9.664129
305	9.664129
306	9.664129
307	9.773351
308	9.773351
309	9.773351
310	9.773351
311	9.773351
312	9.773351
313	9.773351
314	9.703207
315	9.703207
316	9.703207
317	9.645103
318	9.645103
319	9.634901
320	9.634901
321	9.673037
322	9.673037
323	9.724297
324	9.673037
325	9.611843
326	9.724052
327	9.724052
328	9.724052
329	9.724052
330	9.724052
331	9.775312
332	9.775312
333	9.775312
334	9.775312
335	9.775312
336	9.772935
337	9.772935
338	9.772935
339	9.772935
340	9.721675
341	9.721675
342	9.721675
343	9.721675
344	9.721675
345	9.721675
346	9.721675
347	9.772935
348	9.772935
349	9.772935
350	9.929843
351	9.929843
352	9.929843
353	9.929843
354	9.929843
355	9.929843
356	9.591958
357	9.580461
358	9.580461
359	9.580461
360	9.580461
361	9.580461
362	9.580461
363	9.632874
364	9.632874
365	9.632874
366	9.632874
367	9.632874
368	9.632874
369	9.581614
370	9.581614
371	9.581614
372	9.629477
373	9.629477
374	9.629477
375	9.629477
376	9.629477
377	9.629477
378	9.575372
379	9.575372
380	9.575372
381	9.546915
382	9.546915
383	9.546915
384	9.546915
385	9.546915
386	9.546915
387	9.546915
388	9.488811
389	9.488811
390	9.454063
391	9.454063
392	9.454063
393	9.639008
394	9.690268
395	9.690268
396	9.690268
397	9.690268
398	9.690268
399	9.690268
400	9.690268
401	9.690268
402	9.690268
403	9.690268
404	9.749371
405	9.749371
406	9.749371
407	9.749371
408	9.749371
409	9.749371
410	9.749371
411	9.749371
412	9.749371
413	9.749371
414	9.749371
415	9.749371
416	9.749371
417	9.749371
418	9.831603
419	9.831603
420	9.831603
421	9.831603
422	9.831603
423	9.831603
424	9.831603
425	9.809503
426	9.809503
427	9.809503
428	9.809503
429	9.809503
430	9.768587
431	9.768587
432	9.768587
433	9.768587
434	9.768587
435	9.768587
436	9.768587
437	9.768587
438	9.768587
439	9.768587
440	9.768587
441	9.768587
442	9.768587
443	9.768587
444	9.768587
445	9.768587
446	9.717327
447	9.717327
448	9.848667
449	9.899927
450	9.899927
451	9.899927
452	9.920666
453	9.879508
454	9.879508
455	9.879508
456	9.900338
457	9.900338
458	9.900338
459	9.865314
460	9.865314
461	9.873492
462	9.873492
463	9.873492
464	9.873492
465	9.873492
466	9.754369
467	9.754369
468	9.754369
469	9.754369
470	9.754369
471	9.754369
472	9.754369
473	9.754369
474	9.754369
475	9.754369
476	9.807969
477	9.727971
478	9.727971
479	9.548279
480	9.548279
481	9.548279
482	9.548279
483	9.548279
484	9.548279
485	9.548279
486	9.380721
487	9.380721
488	9.364378
489	9.382288
490	9.424564
491	9.424564
492	9.546917
493	9.546917
494	9.497318
495	9.497318
496	9.520932
497	9.520932
498	9.520932
499	9.520932
500	9.587796
501	9.595275
502	9.595275
503	9.616892
504	9.616892
505	9.616892
506	9.623551
507	9.647702
508	9.624088
509	9.624088
510	9.624088
511	9.624088
512	9.624088
513	9.624088
514	9.624088
515	9.624088
516	9.625366
517	9.631654
518	9.631654
519	9.647046
520	9.681626
521	9.681626
522	9.681626
523	9.681626
524	9.681626
525	9.681626
526	9.681626
527	9.681626
528	9.681626
529	9.681626
530	9.681626
531	9.681626
532	9.681626
533	9.681626
534	9.681626
535	9.681626
536	9.681626
537	9.681626
538	9.681626
539	9.681626
540	9.662188
541	9.662188
542	9.662188
543	9.662188
544	9.674064
545	9.744892
546	9.744892
547	9.744892
548	9.744892
549	9.744892
550	9.767228
551	9.951541
552	9.951541
553	9.951541
554	9.951541
555	9.951541
556	9.927462
557	9.946741
558	9.946741
559	9.946741
560	9.946741
561	9.898782
562	9.898782
563	9.898782
564	9.898782
565	9.915082
566	9.930007
567	9.930007
568	9.930007
569	9.930007
570	9.930007
571	9.930007
572	9.930007
573	9.930007
574	9.930007
575	9.930007
576	9.930007
577	9.930007
578	9.930007
579	9.930007
580	9.930007
581	9.930007
582	9.930007
583	9.922644
584	9.913888
585	9.959109
586	9.959109
587	9.959109
588	9.959109
589	9.959109
590	9.959109
591	9.959109
592	9.959109
593	9.959109
594	9.959109
595	9.959109
596	9.959109
597	9.959109
598	9.959109
599	9.959109
600	9.959109
601	9.928463
602	9.928463
603	9.928463
604	9.928463
605	10.069355
606	10.069355
607	10.069355
608	10.069355
609	10.069355
610	10.069355
611	9.984895
612	9.984895
613	9.984895
614	10.024589
615	10.024589
616	10.024589
617	10.169342
618	10.169342
619	10.17413
620	10.17413
621	10.17413
622	10.17413
623	10.141832
624	10.141832
625	10.141832
626	10.141832
627	10.141832
628	10.141832
629	10.141832
630	10.141832
631	10.158356
632	10.242816
633	10.242816
634	10.242816
635	10.242816
636	10.242816
637	10.242816
638	10.242816
639	10.242816
640	10.242816
641	10.242816
642	10.242816
643	10.242816
644	10.266895
645	10.266895
646	10.266895
647	10.266895
648	10.299193
649	10.299193
650	10.299193
651	10.299193
652	10.299193
653	10.299193
654	10.299193
655	10.299193
656	10.299193
657	10.299193
658	10.299193
659	10.299193
660	10.299193
661	10.23954
662	10.23954
663	10.23954
664	10.23954
665	10.23954
666	10.23954
667	10.23954
668	10.23954
669	10.23954
670	10.23954
671	10.23954
672	10.23954
673	10.265077
674	10.225383
675	10.350447
676	10.350447
677	10.350447
678	10.350447
679	10.350447
680	10.350447
681	10.350447
682	10.350447
683	10.350447
684	10.350447
685	10.350447
686	10.279006
687	10.279006
688	10.279006
689	10.279006
690	10.279006
691	10.279006
692	10.279006
693	10.279006
694	10.279006
695	10.279006
696	10.279006
697	10.279006
698	10.279006
699	10.279006
700	10.279006
701	10.24239
702	10.24239
703	10.24239
704	10.24239
705	10.24239
706	10.24239
707	10.24239
708	10.249355
709	10.249355
710	10.249355
711	10.249355
712	10.249355
713	10.249355
714	10.249355
715	10.249355
716	10.249355
717	10.249355
718	10.249355
719	10.249355
720	10.249355
721	10.249355
722	10.249355
723	10.210562
724	10.134313
725	10.134313
726	10.145907
727	10.145907
728	10.145907
729	10.145907
730	10.145907
731	10.145907
732	10.145907
733	10.145907
734	10.145907
735	10.145907
736	10.145907
737	10.145907
738	10.145907
739	10.145907
740	10.145907
741	10.145907
742	10.145907
743	10.145907
744	10.145907
745	10.145907
746	10.177747
747	10.177747
748	10.177747
749	10.177747
750	10.177747
751	10.177747
752	10.177747
753	10.177747
754	10.177747
755	10.177747
756	10.177747
757	10.153668
758	10.153668
759	10.153668
760	10.153668
761	10.153668
762	10.180533
763	10.180533
764	10.180415
765	10.180415
766	10.180415
767	10.180415
768	10.180415
769	10.180533
770	10.180533
771	10.180533
772	10.180533
773	10.204612
774	10.204612
775	10.204612
776	10.204612
777	10.204612
778	10.204612
779	10.204612
780	10.204612
781	10.204612
782	10.204612
783	10.204612
784	10.204612
785	10.204612
786	10.204612
787	10.204612
788	10.204612
789	10.273956
790	10.273956
791	10.273956
792	10.318285
793	10.318285
794	10.318285
795	10.318285
796	10.318285
797	10.318285
798	10.318285
799	10.318285
800	10.318285
801	10.318285
802	10.318285
803	10.318285
804	10.318285
805	10.318285
806	10.318285
807	10.318285
808	10.318285
809	10.318285
810	10.318285
811	10.318285
812	10.318285
813	10.281868
814	10.281868
815	10.281868
816	10.281868
817	10.281868
818	10.281868
819	10.281868
820	10.281868
821	10.281868
822	10.281868
823	10.281868
824	10.281868
825	10.281868
826	10.281868
827	10.281868
828	10.281868
829	10.281868
830	10.281868
831	10.281868
832	10.281868
833	10.281868
834	10.281868
835	10.281868
836	10.281868
837	10.281868
838	10.281868
839	10.323459
840	10.323459
841	10.323459
842	10.323459
843	10.323459
844	10.323459
845	10.323459
846	10.323459
847	10.323459
848	10.323459
849	10.323459
850	10.323459
851	10.323459
852	10.323459
853	10.323459
854	10.323459
855	10.323459
856	10.323459
857	10.323459
858	10.323459
859	10.323459
860	10.398271
861	10.398271
862	10.398271
863	10.398271
864	10.398271
865	10.398271
866	10.398271
867	10.398271
868	10.398271
869	10.398271
870	10.398271
871	10.398271
872	10.398271
873	10.398271
874	10.398271
875	10.398271
876	10.398271
877	10.398271
878	10.398271
879	10.398271
880	10.398271
881	10.398271
882	10.398271
883	10.398271
884	10.398271
885	10.398271
886	10.398271
887	10.398271
888	10.398271
889	10.398271
890	10.398271
891	10.398271
892	10.398271
893	10.398271
894	10.398271
895	10.398271
896	10.398271
897	10.398271
898	10.398271
899	10.398271
900	10.398271
901	10.398271
902	10.398271
903	10.398271
904	10.398271
905	10.398271
906	10.398271
907	10.398271
908	10.398271
909	10.398271
910	10.398271
911	10.398271
912	10.398271
913	10.402649
914	10.402649
915	10.402649
916	10.402649
917	10.402649
918	10.402649
919	10.402649
920	10.402649
921	10.402649
922	10.402649
923	10.402649
924	10.402649
925	10.402649
926	10.402649
927	10.402649
928	10.402649
929	10.402649
930	10.402649
931	10.402649
932	10.402649
933	10.402649
934	10.402649
935	10.402649
936	10.402649
937	10.402649
938	10.402649
939	10.402649
940	10.402649
941	10.402649
942	10.402649
943	10.402649
944	10.46671
945	10.50271
946	10.50271
947	10.50271
948	10.50271
949	10.50271
950	10.50271
951	10.50271
952	10.50271
953	10.50271
954	10.50271
955	10.50271
956	10.50271
957	10.50271
958	10.50271
959	10.50271
960	10.50271
961	10.50271
962	10.50271
963	10.50271
964	10.50271
965	10.50271
966	10.50271
967	10.50271
968	10.50271
969	10.50271
970	10.50271
971	10.50271
972	10.50271
973	10.50271
974	10.50271
975	10.50271
976	10.50271
977	10.50271
978	10.50271
979	10.50271
980	10.50271
981	10.50271
982	10.50271
983	10.50271
984	10.50271
985	10.50271
986	10.50271
987	10.50271
988	10.50271
989	10.50271
990	10.50271
991	10.50271
992	10.50271
993	10.50271
994	10.50271
995	10.50271
996	10.50271
997	10.50271
998	10.50271
999	10.50271
1000	10.50271
1001	10.50271
1002	10.50271
1003	10.50271
1004	10.50271
1005	10.503705
1006	10.503705
1007	10.503705
1008	10.503705
1009	10.503705
1010	10.503705
1011	10.503705
1012	10.503705
1013	10.503705
1014	10.503705
1015	10.503705
1016	10.503705
1017	10.503705
1018	10.503705
1019	10.503705
1020	10.503705
1021	10.503705
1022	10.503705
1023	10.503705
1024	10.503705
1025	10.503705
1026	10.503705
1027	10.503705
1028	10.503705
1029	10.503705
1030	10.499327
1031	10.501808
1032	10.501808
1033	10.501808
1034	10.501808
1035	10.501808
1036	10.501808
1037	10.501808
1038	10.501808
1039	10.501808
1040	10.501808
1041	10.501808
1042	10.501808
1043	10.501808
1044	10.501808
1045	10.501808
1046	10.501808
1047	10.501808
1048	10.511534
1049	10.507048
1050	10.507048
1051	10.507048
1052	10.507048
1053	10.507048
1054	10.507048
1055	10.507048
1056	10.507048
1057	10.507048
1058	10.506849
1059	10.506849
1060	10.506849
1061	10.506849
1062	10.506849
1063	10.506849
1064	10.506849
1065	10.506849
1066	10.506849
1067	10.506849
1068	10.506849
1069	10.506849
1070	10.506849
1071	10.506849
1072	10.506849
1073	10.506849
1074	10.506849
1075	10.506849
1076	10.506849
1077	10.506849
1078	10.506849
1079	10.506849
1080	10.506849
1081	10.506849
1082	10.506849
1083	10.506849
1084	10.506849
1085	10.506849
1086	10.506849
1087	10.506849
1088	10.506849
1089	10.506849
1090	10.506849
1091	10.506849
1092	10.506849
1093	10.506849
1094	10.506849
1095	10.506849
1096	10.506849
1097	10.506849
1098	10.506849
1099	10.506849
1100	10.506849
1101	10.506849
1102	10.506849
1103	10.506849
1104	10.506849
1105	10.506849
1106	10.511335
1107	10.511335
1108	10.511335
1109	10.511335
1110	10.511335
1111	10.511335
1112	10.511335
1113	10.511335
1114	10.511335
1115	10.511335
1116	10.511335
1117	10.511335
1118	10.511335
1119	10.511335
1120	10.511335
1121	10.511335
1122	10.511335
1123	10.511335
1124	10.524376
1125	10.524376
1126	10.524376
1127	10.524376
1128	10.524376
1129	10.524376
1130	10.524376
1131	10.524376
1132	10.524376
1133	10.524376
1134	10.51465
1135	10.51465
1136	10.51465
1137	10.51465
1138	10.51465
1139	10.51465
1140	10.51465
1141	10.51465
1142	10.51465
1143	10.51465
1144	10.51465
1145	10.51465
1146	10.51465
1147	10.51465
1148	10.51465
1149	10.51465
1150	10.51465
1151	10.501609
1152	10.501609
1153	10.501609
1154	10.501609
1155	10.501609
1156	10.501609
1157	10.501609
1158	10.501609
1159	10.501609
1160	10.501609
1161	10.501609
1162	10.501609
1163	10.501609
1164	10.501609
1165	10.501609
1166	10.501609
1167	10.501609
1168	10.501609
1169	10.501609
1170	10.501609
1171	10.501609
1172	10.501609
1173	10.501609
1174	10.501609
1175	10.501609
1176	10.501609
1177	10.501609
1178	10.501609
1179	10.501609
1180	10.501609
1181	10.501609
1182	10.501609
1183	10.501609
1184	10.501609
1185	10.501609
1186	10.501609
1187	10.501609
1188	10.501609
1189	10.501609
1190	10.501609
1191	10.501609
1192	10.501609
1193	10.501609
1194	10.501609
1195	10.501609
1196	10.501609
1197	10.501609
1198	10.501609
1199	10.501609
1200	10.501609
1201	10.501609
1202	10.501609
1203	10.501609
1204	10.497123
1205	10.497123
1206	10.497123
1207	10.497123
1208	10.497123
1209	10.497322
1210	10.497322
1211	10.497322
1212	10.497322
1213	10.497322
1214	10.497322
1215	10.497322
1216	10.497322
1217	10.497322
1218	10.497322
1219	10.497322
1220	10.497322
1221	10.5017
1222	10.5017
1223	10.5017
1224	10.5017
1225	10.5017
1226	10.5017
1227	10.5017
1228	10.5017
1229	10.5017
1230	10.5017
1231	10.5017
1232	10.5017
1233	10.5017
1234	10.5017
1235	10.5017
1236	10.5017
1237	10.5017
1238	10.5017
1239	10.5017
1240	10.5017
1241	10.5017
1242	10.5017
1243	10.5017
1244	10.5017
1245	10.5017
1246	10.5017
1247	10.5017
1248	10.5017
1249	10.5017
1250	10.5017
1251	10.5017
1252	10.5017
1253	10.5017
1254	10.5017
1255	10.5017
1256	10.5017
1257	10.5017
1258	10.5017
1259	10.5017
1260	10.5017
1261	10.5017
1262	10.5017
1263	10.5017
1264	10.5017
1265	10.5017
1266	10.5017
1267	10.5017
1268	10.5017
1269	10.5017
1270	10.5017
1271	10.5017
1272	10.5017
1273	10.5017
1274	10.5017
1275	10.5017
1276	10.5017
1277	10.5017
1278	10.5017
1279	10.5017
1280	10.5017
1281	10.5017
1282	10.5017
1283	10.5017
1284	10.5017
1285	10.5017
1286	10.5017
1287	10.5017
1288	10.5017
1289	10.5017
1290	10.500705
1291	10.500705
1292	10.500705
1293	10.500705
1294	10.500506
1295	10.500506
1296	10.500506
1297	10.500506
1298	10.500506
1299	10.500506
1300	10.504992
1301	10.504992
1302	10.504992
1303	10.504992
1304	10.504992
1305	10.518033
1306	10.518033
1307	10.518033
1308	10.519028
1309	10.519028
1310	10.519028
1311	10.519028
1312	10.519028
1313	10.519028
1314	10.514542
1315	10.514542
1316	10.514542
1317	10.514542
1318	10.514542
1319	10.514542
1320	10.514542
1321	10.514542
1322	10.514542
1323	10.514542
1324	10.514542
1325	10.514542
1326	10.514542
1327	10.514542
1328	10.514542
1329	10.514542
1330	10.514542
1331	10.514542
1332	10.514542
1333	10.514542
1334	10.514542
1335	10.514542
1336	10.514542
1337	10.514542
1338	10.514542
1339	10.514542
1340	10.514542
1341	10.514542
1342	10.514542
1343	10.514542
1344	10.514542
1345	10.514542
1346	10.514542
1347	10.514542
1348	10.514542
1349	10.514542
1350	10.514542
1351	10.514542
1352	10.514542
1353	10.514542
1354	10.514542
1355	10.514542
1356	10.514542
1357	10.514542
1358	10.514542
1359	10.514542
1360	10.554236
1361	10.554236
1362	10.554236
1363	10.554236
1364	10.554236
1365	10.554236
1366	10.554236
1367	10.554236
1368	10.554236
1369	10.554236
1370	10.554236
1371	10.554236
1372	10.554236
1373	10.554236
1374	10.553241
1375	10.553241
1376	10.553241
1377	10.553241
1378	10.564385
1379	10.564385
1380	10.564385
1381	10.564385
1382	10.564385
1383	10.564385
1384	10.564385
1385	10.564385
1386	10.564385
1387	10.564385
1388	10.564385
1389	10.564385
1390	10.564385
1391	10.564385
1392	10.564385
1393	10.564385
1394	10.564385
1395	10.564385
1396	10.564385
1397	10.564385
1398	10.564385
1399	10.564385
1400	10.564385
1401	10.564385
1402	10.564385
1403	10.564385
1404	10.564385
1405	10.564385
1406	10.564385
1407	10.564385
1408	10.564385
1409	10.564385
1410	10.564385
1411	10.564385
1412	10.564385
1413	10.564385
1414	10.564385
1415	10.564385
1416	10.564385
1417	10.564385
1418	10.564385
1419	10.564385
1420	10.564385
1421	10.564385
1422	10.564385
1423	10.564385
1424	10.564385
1425	10.564385
1426	10.564385
1427	10.564385
1428	10.564385
1429	10.564385
1430	10.564385
1431	10.564385
1432	10.564385
1433	10.564385
1434	10.564385
1435	10.564385
1436	10.564385
1437	10.564385
1438	10.564385
1439	10.564385
1440	10.564385
1441	10.564385
1442	10.564385
1443	10.564385
1444	10.564385
1445	10.564385
1446	10.567768
1447	10.567768
1448	10.567768
1449	10.567768
1450	10.567768
1451	10.572254
1452	10.572254
1453	10.572254
1454	10.572254
1455	10.572254
1456	10.572254
1457	10.572254
1458	10.572254
1459	10.572254
1460	10.572254
1461	10.572254
1462	10.572254
1463	10.572254
1464	10.572254
1465	10.572254
1466	10.572254
1467	10.572254
1468	10.572254
1469	10.572254
1470	10.572254
1471	10.572254
1472	10.572254
1473	10.572254
1474	10.572254
1475	10.572254
1476	10.572254
1477	10.572254
1478	10.572254
1479	10.572254
1480	10.572254
1481	10.572254
1482	10.572254
1483	10.572254
1484	10.572254
1485	10.572254
1486	10.572254
1487	10.572254
1488	10.572254
1489	10.572254
1490	10.572254
1491	10.572254
1492	10.572254
1493	10.572254
1494	10.572254
1495	10.572254
1496	10.572254
1497	10.572254
1498	10.572136
1499	10.572136
1500	10.572136
1501	10.572136
1502	10.572136
1503	10.572136
1504	10.572136
1505	10.572136
1506	10.572136
1507	10.572136
1508	10.572136
1509	10.572136
1510	10.572136
1511	10.572136
1512	10.602782
1513	10.602782
1514	10.602782
1515	10.602782
1516	10.602782
1517	10.602782
1518	10.602782
1519	10.602782
1520	10.602782
1521	10.602782
1522	10.602782
1523	10.602782
1524	10.602782
1525	10.602782
1526	10.602782
1527	10.602782
1528	10.602782
1529	10.602782
1530	10.602782
1531	10.602782
1532	10.602782
1533	10.602782
1534	10.602782
1535	10.602782
1536	10.602782
1537	10.602782
1538	10.602782
1539	10.602782
1540	10.602782
1541	10.602782
1542	10.602782
1543	10.602782
1544	10.602782
1545	10.602782
1546	10.602782
1547	10.602782
1548	10.602782
1549	10.602782
1550	10.602782
1551	10.602782
1552	10.602782
1553	10.602782
1554	10.602782
1555	10.602782
1556	10.602782
1557	10.602782
1558	10.602782
1559	10.602782
1560	10.602782
1561	10.602782
1562	10.602782
1563	10.602782
1564	10.602782
1565	10.602782
1566	10.602782
1567	10.602782
1568	10.602782
1569	10.602782
1570	10.602782
1571	10.602782
1572	10.602782
1573	10.602782
1574	10.602782
1575	10.602782
1576	10.602782
1577	10.602782
1578	10.602782
1579	10.602782
1580	10.602782
1581	10.602782
1582	10.602782
1583	10.602782
1584	10.602782
1585	10.602782
1586	10.602782
1587	10.602782
1588	10.602782
1589	10.602782
1590	10.602782
1591	10.602782
1592	10.602782
1593	10.602782
1594	10.602782
1595	10.602782
1596	10.602782
1597	10.602782
1598	10.602782
1599	10.602782
1600	10.602782
1601	10.602782
1602	10.602782
1603	10.602782
1604	10.602782
1605	10.602782
1606	10.602782
1607	10.602782
1608	10.602782
1609	10.602782
1610	10.602782
1611	10.602782
1612	10.602782
1613	10.602782
1614	10.602782
1615	10.602782
1616	10.602782
1617	10.602782
1618	10.602782
1619	10.602782
1620	10.602782
1621	10.602782
1622	10.602782
1623	10.602782
1624	10.602782
1625	10.602782
1626	10.602782
1627	10.602782
1628	10.602782
1629	10.602782
1630	10.602782
1631	10.602782
1632	10.602782
1633	10.602782
1634	10.602782
1635	10.602782
1636	10.602782
1637	10.602782
1638	10.602782
1639	10.602782
1640	10.602782
1641	10.602782
1642	10.602782
1643	10.602782
1644	10.602782
1645	10.602782
1646	10.602782
1647	10.602782
1648	10.602782
1649	10.602782
1650	10.602782
1651	10.602782
1652	10.602782
1653	10.602782
1654	10.602782
1655	10.602782
1656	10.602782
1657	10.602782
1658	10.602782
1659	10.602782
1660	10.602782
1661	10.602782
1662	10.602782
1663	10.602782
1664	10.602782
1665	10.602782
1666	10.602782
1667	10.602782
1668	10.602782
1669	10.602782
1670	10.602782
1671	10.602782
1672	10.602782
1673	10.602782
1674	10.602782
1675	10.602782
1676	10.602782
1677	10.602782
1678	10.602782
1679	10.602782
1680	10.602782
1681	10.602782
1682	10.602782
1683	10.602782
1684	10.602782
1685	10.602782
1686	10.602782
1687	10.602782
1688	10.602782
1689	10.602782
1690	10.602782
1691	10.602782
1692	10.602782
1693	10.602782
1694	10.602782
1695	10.602782
1696	10.602782
1697	10.602782
1698	10.602782
1699	10.602782
1700	10.602782
1701	10.602782
1702	10.602782
1703	10.602782
1704	10.602782
1705	10.602782
1706	10.602782
1707	10.602782
1708	10.602782
1709	10.602782
1710	10.602782
1711	10.602782
1712	10.602782
1713	10.602782
1714	10.602782
1715	10.602782
1716	10.602782
1717	10.602782
1718	10.602782
1719	10.602782
1720	10.602782
1721	10.602782
1722	10.602782
1723	10.602782
1724	10.602782
1725	10.602782
1726	10.602782
1727	10.602782
1728	10.602782
1729	10.602782
1730	10.602782
1731	10.602782
1732	10.602782
1733	10.602782
1734	10.602782
1735	10.602782
1736	10.602782
1737	10.602782
1738	10.602782
1739	10.602782
1740	10.602782
1741	10.602782
1742	10.602782
1743	10.602782
1744	10.602782
1745	10.602782
1746	10.602782
1747	10.602782
1748	10.602782
1749	10.602782
1750	10.602782
1751	10.602782
1752	10.602782
1753	10.602782
1754	10.602782
1755	10.603777
1756	10.603777
1757	10.603777
1758	10.603777
1759	10.603777
1760	10.603777
1761	10.603777
1762	10.603777
1763	10.603777
1764	10.603777
1765	10.603777
1766	10.603777
1767	10.603777
1768	10.603777
1769	10.603777
1770	10.603777
1771	10.603777
1772	10.603777
1773	10.603777
1774	10.603777
1775	10.603777
1776	10.603777
1777	10.603777
1778	10.603777
1779	10.603777
1780	10.603777
1781	10.603777
1782	10.603777
1783	10.603777
1784	10.603777
1785	10.603777
1786	10.603777
1787	10.603777
1788	10.603777
1789	10.603777
1790	10.603777
1791	10.603777
1792	10.603777
1793	10.603777
1794	10.603777
1795	10.603777
1796	10.603777
1797	10.603777
1798	10.603777
1799	10.603777
1800	10.603777
1801	10.603777
1802	10.603777
1803	10.603777
1804	10.603777
1805	10.603777
1806	10.603777
1807	10.603777
1808	10.603777
1809	10.603777
1810	10.603777
1811	10.603777
1812	10.603777
1813	10.603777
1814	10.603777
1815	10.603777
1816	10.603777
1817	10.603777
1818	10.603777
1819	10.603777
1820	10.603777
1821	10.603777
1822	10.603777
1823	10.603777
1824	10.603777
1825	10.603777
1826	10.603777
1827	10.603777
1828	10.603777
1829	10.603777
1830	10.603777
1831	10.603777
1832	10.603777
1833	10.603777
1834	10.603777
1835	10.603777
1836	10.603777
1837	10.603777
1838	10.603777
1839	10.603777
1840	10.603777
1841	10.603777
1842	10.603777
1843	10.603777
1844	10.603777
1845	10.603777
1846	10.603777
1847	10.603777
1848	10.603777
1849	10.603777
1850	10.603777
1851	10.603777
1852	10.603777
1853	10.603777
1854	10.603777
1855	10.603777
1856	10.603777
1857	10.603777
1858	10.603777
1859	10.603777
1860	10.603777
1861	10.603777
1862	10.603777
1863	10.603777
1864	10.603777
1865	10.603777
1866	10.603777
1867	10.603777
1868	10.603777
1869	10.603777
1870	10.603777
1871	10.603777
1872	10.603777
1873	10.603777
1874	10.603777
1875	10.603777
1876	10.603777
1877	10.603777
1878	10.603777
1879	10.603777
1880	10.603777
1881	10.603777
1882	10.603777
1883	10.603777
1884	10.603777
1885	10.603777
1886	10.603777
1887	10.603777
1888	10.603777
1889	10.603777
1890	10.603777
1891	10.603777
1892	10.603777
1893	10.603777
1894	10.603777
1895	10.603777
1896	10.603777
1897	10.603777
1898	10.603777
1899	10.603777
1900	10.603777
1901	10.603777
1902	10.603777
1903	10.603777
1904	10.603777
1905	10.603777
1906	10.603777
1907	10.603777
1908	10.603777
1909	10.603777
1910	10.603777
1911	10.603777
1912	10.603777
1913	10.603777
1914	10.603777
1915	10.603777
1916	10.603777
1917	10.603777
1918	10.603777
1919	10.603777
1920	10.603777
1921	10.603777
1922	10.603777
1923	10.603777
1924	10.603777
1925	10.603777
1926	10.603777
1927	10.603777
1928	10.603777
1929	10.603777
1930	10.603777
1931	10.603777
1932	10.603777
1933	10.603777
1934	10.603777
1935	10.603777
1936	10.603777
1937	10.603777
1938	10.603777
1939	10.603777
1940	10.603777
1941	10.603777
1942	10.603895
1943	10.603895
1944	10.603895
1945	10.603895
1946	10.603895
1947	10.603895
1948	10.603895
1949	10.603895
1950	10.603895
1951	10.603895
1952	10.603895
1953	10.603895
1954	10.603895
1955	10.603895
1956	10.603895
1957	10.603895
1958	10.603895
1959	10.603895
1960	10.603895
1961	10.603895
1962	10.603895
1963	10.603895
1964	10.603895
1965	10.603895
1966	10.603895
1967	10.603895
1968	10.603895
1969	10.603895
1970	10.603895
1971	10.603895
1972	10.603895
1973	10.603895
1974	10.603895
1975	10.603895
1976	10.603895
1977	10.603895
1978	10.603895
1979	10.603895
1980	10.603895
1981	10.603895
1982	10.603895
1983	10.603895
1984	10.603895
1985	10.603895
1986	10.603895
1987	10.603895
1988	10.603895
1989	10.603895
1990	10.603895
1991	10.603895
1992	10.603895
1993	10.603895
1994	10.603895
1995	10.603895
1996	10.603895
1997	10.603895
1998	10.603895
1999	10.603895
2000	10.603895
2001	10.603895
2002	10.603895
2003	10.603895
2004	10.603895
2005	10.603895
2006	10.603895
2007	10.603895
2008	10.603895
2009	10.603895
2010	10.603895
2011	10.603895
2012	10.603895
2013	10.603895
2014	10.603895
2015	10.603895
2016	10.603895
2017	10.603895
2018	10.603895
2019	10.603895
2020	10.603895
2021	10.603895
2022	10.603777
2023	10.603777
2024	10.603777
2025	10.603777
2026	10.603777
2027	10.603777
2028	10.603777
2029	10.603777
2030	10.603777
2031	10.603777
2032	10.603777
2033	10.603777
2034	10.603777
2035	10.603777
2036	10.603777
2037	10.603777
2038	10.603777
2039	10.603777
2040	10.603777
2041	10.603777
2042	10.603777
2043	10.603777
2044	10.603777
2045	10.603777
2046	10.603777
2047	10.603777
2048	10.603777
2049	10.603777
2050	10.603777
2051	10.603777
2052	10.603777
2053	10.603777
2054	10.603777
2055	10.603777
2056	10.603777
2057	10.603777
2058	10.603777
2059	10.603777
2060	10.603777
2061	10.603777
2062	10.603777
2063	10.603777
2064	10.603777
2065	10.603777
2066	10.603777
2067	10.603777
2068	10.603777
2069	10.603777
2070	10.603777
2071	10.603777
2072	10.603777
2073	10.603777
2074	10.603777
2075	10.603777
2076	10.603777
2077	10.603777
2078	10.603777
2079	10.603777
2080	10.603777
2081	10.603777
2082	10.603777
2083	10.603777
2084	10.603777
2085	10.603777
2086	10.603777
2087	10.603777
2088	10.603777
2089	10.603777
2090	10.603777
2091	10.603777
2092	10.603777
2093	10.603777
2094	10.603777
2095	10.603777
2096	10.603777
2097	10.603777
2098	10.603777
2099	10.603777
2100	10.603777
2101	10.603777
2102	10.603777
2103	10.603777
2104	10.603777
2105	10.603777
2106	10.603777
2107	10.603777
2108	10.603777
2109	10.603777
2110	10.603777
2111	10.603777
2112	10.603777
2113	10.603777
2114	10.603777
2115	10.603777
2116	10.603777
2117	10.603777
2118	10.603777
2119	10.603777
2120	10.603777
2121	10.603777
2122	10.603777
2123	10.603777
2124	10.603777
2125	10.603777
2126	10.603777
2127	10.603777
2128	10.603777
2129	10.603777
2130	10.603777
2131	10.603777
2132	10.603777
2133	10.603777
2134	10.603777
2135	10.603777
2136	10.603777
2137	10.603777
2138	10.603777
2139	10.603777
2140	10.603777
2141	10.603777
2142	10.603777
2143	10.603777
2144	10.603777
2145	10.603777
2146	10.603777
2147	10.603777
2148	10.603777
2149	10.603777
2150	10.603777
2151	10.603777
2152	10.603777
2153	10.603777
2154	10.603777
2155	10.603777
2156	10.603777
2157	10.603777
2158	10.603777
2159	10.603777
2160	10.603777
2161	10.603777
2162	10.603777
2163	10.603777
2164	10.603777
2165	10.603777
2166	10.603777
2167	10.603777
2168	10.603777
2169	10.603777
2170	10.603777
2171	10.603777
2172	10.603777
2173	10.603777
2174	10.603777
2175	10.603777
2176	10.603777
2177	10.603777
2178	10.603777
2179	10.603777
2180	10.603777
2181	10.603777
2182	10.603777
2183	10.603777
2184	10.603777
2185	10.603777
2186	10.603777
2187	10.603777
2188	10.603777
2189	10.603777
2190	10.603777
2191	10.603777
2192	10.603777
2193	10.603777
2194	10.603777
2195	10.603777
2196	10.603777
2197	10.603777
2198	10.603777
2199	10.603777
2200	10.603777
2201	10.603777
2202	10.603777
2203	10.603777
2204	10.603777
2205	10.603777
2206	10.603777
2207	10.603777
2208	10.603777
2209	10.603777
2210	10.603777
2211	10.603777
2212	10.603777
2213	10.603777
2214	10.603777
2215	10.603777
2216	10.603777
2217	10.603777
2218	10.603777
2219	10.603777
2220	10.603777
2221	10.603777
2222	10.603777
2223	10.603777
2224	10.603777
2225	10.603777
2226	10.603777
2227	10.603777
2228	10.603777
2229	10.603777
2230	10.603777
2231	10.603777
2232	10.603777
2233	10.603777
2234	10.603777
2235	10.603777
2236	10.603777
2237	10.603777
2238	10.603777
2239	10.603777
2240	10.603777
2241	10.603777
2242	10.603777
2243	10.603777
2244	10.603777
2245	10.603777
2246	10.603777
2247	10.603777
2248	10.603777
2249	10.603777
2250	10.603777
2251	10.603777
2252	10.603777
2253	10.603777
2254	10.603777
2255	10.603777
2256	10.603777
2257	10.603777
2258	10.603777
2259	10.603777
2260	10.603777
2261	10.603777
2262	10.603777
2263	10.603777
2264	10.603777
2265	10.603777
2266	10.603777
2267	10.603777
2268	10.603777
2269	10.603777
2270	10.603777
2271	10.603777
2272	10.603777
2273	10.603777
2274	10.603777
2275	10.603777
2276	10.603777
2277	10.603777
2278	10.603777
2279	10.603777
2280	10.603777
2281	10.603777
2282	10.603777
2283	10.603777
2284	10.603777
2285	10.603777
2286	10.603777
2287	10.603777
2288	10.603777
2289	10.603777
2290	10.603777
2291	10.603777
2292	10.603777
2293	10.603777
2294	10.603777
2295	10.603777
2296	10.603777
2297	10.603777
2298	10.603777
2299	10.603777
2300	10.603777
2301	10.603777
2302	10.603777
2303	10.603777
2304	10.603777
2305	10.603777
2306	10.603777
2307	10.603777
2308	10.603777
2309	10.603777
2310	10.603777
2311	10.603777
2312	10.603777
2313	10.603777
2314	10.603777
2315	10.603777
2316	10.603777
2317	10.603777
2318	10.603777
2319	10.603777
2320	10.603777
2321	10.603777
2322	10.603777
2323	10.603777
2324	10.603777
2325	10.603777
2326	10.603777
2327	10.603777
2328	10.603777
2329	10.603777
2330	10.603777
2331	10.603777
2332	10.603777
2333	10.603777
2334	10.603777
2335	10.603777
2336	10.603777
2337	10.603777
2338	10.603777
2339	10.603777
2340	10.603777
2341	10.603777
2342	10.603777
2343	10.603777
2344	10.603777
2345	10.603777
2346	10.603777
2347	10.603777
2348	10.603777
2349	10.603777
2350	10.603777
2351	10.603777
2352	10.603777
2353	10.603777
2354	10.603777
2355	10.603777
2356	10.603895
2357	10.603895
2358	10.603895
2359	10.603895
2360	10.603895
2361	10.603895
2362	10.603895
2363	10.603895
2364	10.603895
2365	10.603895
2366	10.603895
2367	10.603895
2368	10.603895
2369	10.603895
2370	10.603895
2371	10.603895
2372	10.603895
2373	10.603895
2374	10.603895
2375	10.603895
2376	10.603895
2377	10.603895
2378	10.603895
2379	10.603895
2380	10.603895
2381	10.603895
2382	10.603895
2383	10.603895
2384	10.603895
2385	10.603895
2386	10.603895
2387	10.603895
2388	10.603895
2389	10.603895
2390	10.603895
2391	10.603895
2392	10.603895
2393	10.603895
2394	10.603895
2395	10.603895
2396	10.603895
2397	10.603895
2398	10.603895
2399	10.603895
2400	10.603895
2401	10.603895
2402	10.603895
2403	10.603895
2404	10.603895
2405	10.603895
2406	10.603895
2407	10.603895
2408	10.603895
2409	10.603895
2410	10.603895
2411	10.603895
2412	10.603895
2413	10.603895
2414	10.603895
2415	10.603895
2416	10.603895
2417	10.603895
2418	10.603895
2419	10.603895
2420	10.603895
2421	10.603895
2422	10.603895
2423	10.603895
2424	10.603895
2425	10.603895
2426	10.603895
2427	10.603895
2428	10.603895
2429	10.603895
2430	10.603895
2431	10.603895
2432	10.603895
2433	10.603895
2434	10.603895
2435	10.603895
2436	10.603895
2437	10.603895
2438	10.603895
2439	10.603895
2440	10.603895
2441	10.603895
2442	10.603895
2443	10.603895
2444	10.603895
2445	10.603895
2446	10.603895
2447	10.603895
2448	10.603895
2449	10.603895
2450	10.603895
2451	10.603895
2452	10.603895
2453	10.603895
2454	10.603895
2455	10.603895
2456	10.603895
2457	10.603895
2458	10.603895
2459	10.603895
2460	10.603895
2461	10.603895
2462	10.603895
2463	10.603895
2464	10.603895
2465	10.603895
2466	10.603895
2467	10.603895
2468	10.603895
2469	10.603895
2470	10.603895
2471	10.603895
2472	10.603895
2473	10.603895
2474	10.603895
2475	10.603895
2476	10.603895
2477	10.603895
2478	10.603895
2479	10.603895
2480	10.603895
2481	10.603895
2482	10.603895
2483	10.603895
2484	10.603895
2485	10.603895
2486	10.603895
2487	10.603895
2488	10.603895
2489	10.603895
2490	10.603895
2491	10.603895
2492	10.603895
2493	10.603895
2494	10.603895
2495	10.603895
2496	10.603895
2497	10.603895
2498	10.603895
2499	10.603895
2500	10.603895
2501	10.603895
2502	10.603895
2503	10.603895
2504	10.603895
2505	10.603895
2506	10.603895
2507	10.603895
2508	10.603895
2509	10.603895
2510	10.603895
2511	10.603895
2512	10.603895
2513	10.603895
2514	10.603895
2515	10.603895
2516	10.603895
2517	10.603895
2518	10.603895
2519	10.603895
2520	10.603895
2521	10.603895
2522	10.603895
2523	10.603895
2524	10.603895
2525	10.603895
2526	10.603895
2527	10.603895
2528	10.603895
2529	10.603895
2530	10.603895
2531	10.603895
2532	10.603895
2533	10.603895
2534	10.603895
2535	10.603895
2536	10.603895
2537	10.603895
2538	10.603895
2539	10.603895
2540	10.603895
2541	10.603895
2542	10.603895
2543	10.603895
2544	10.603895
2545	10.603895
2546	10.603895
2547	10.603895
2548	10.603895
2549	10.603895
2550	10.603895
2551	10.603895
2552	10.603895
2553	10.603895
2554	10.603895
2555	10.603895
2556	10.603895
2557	10.603895
2558	10.603895
2559	10.603895
2560	10.603895
2561	10.603895
2562	10.603895
2563	10.603895
2564	10.603895
2565	10.603895
2566	10.603895
2567	10.603895
2568	10.603895
2569	10.603895
2570	10.603895
2571	10.603895
2572	10.603895
2573	10.603895
2574	10.603895
2575	10.603895
2576	10.603895
2577	10.603895
2578	10.603895
2579	10.603895
2580	10.603895
2581	10.603895
2582	10.603895
2583	10.603895
2584	10.603895
2585	10.603895
2586	10.603895
2587	10.603895
2588	10.603895
2589	10.603895
2590	10.603895
2591	10.603895
2592	10.603895
2593	10.603895
2594	10.603895
2595	10.603895
2596	10.603895
2597	10.603895
2598	10.603895
2599	10.603895
2600	10.603895
2601	10.603895
2602	10.603895
2603	10.603895
2604	10.603895
2605	10.603895
2606	10.603895
2607	10.603895
2608	10.603895
2609	10.603895
2610	10.603895
2611	10.603895
2612	10.603895
2613	10.603895
2614	10.603895
2615	10.603895
2616	10.603895
2617	10.603895
2618	10.603895
2619	10.603895
2620	10.603895
2621	10.603895
2622	10.603895
2623	10.603895
2624	10.603895
2625	10.603895
2626	10.603895
2627	10.603895
2628	10.603895
2629	10.603895
2630	10.603895
2631	10.603895
2632	10.603895
2633	10.603895
2634	10.603895
2635	10.603895
2636	10.603895
2637	10.603895
2638	10.603895
2639	10.603895
2640	10.603895
2641	10.603895
2642	10.603895
2643	10.603895
2644	10.603895
2645	10.603895
2646	10.603895
2647	10.603895
2648	10.603895
2649	10.603895
2650	10.603895
2651	10.603895
2652	10.603895
2653	10.603895
2654	10.603895
2655	10.603895
2656	10.603895
2657	10.603895
2658	10.603895
2659	10.603895
2660	10.603895
2661	10.603895
2662	10.603895
2663	10.603895
2664	10.603895
2665	10.603895
2666	10.603895
2667	10.603895
2668	10.603895
2669	10.603895
2670	10.603895
2671	10.603895
2672	10.603895
2673	10.603895
2674	10.603895
2675	10.603895
2676	10.603895
2677	10.603895
2678	10.603895
2679	10.603895
2680	10.603895
2681	10.603895
2682	10.603895
2683	10.603895
2684	10.603895
2685	10.603895
2686	10.603895
2687	10.603895
2688	10.603895
2689	10.603895
2690	10.603895
2691	10.603895
2692	10.603895
2693	10.603895
2694	10.603895
2695	10.603895
2696	10.603895
2697	10.603895
2698	10.603895
2699	10.603895
2700	10.603895
2701	10.603895
2702	10.603895
2703	10.603895
2704	10.603895
2705	10.603895
2706	10.603895
2707	10.603895
2708	10.603895
2709	10.603895
2710	10.603895
2711	10.603895
2712	10.603895
2713	10.603895
2714	10.603895
2715	10.603895
2716	10.603895
2717	10.603895
2718	10.603895
2719	10.603895
2720	10.603895
2721	10.603895
2722	10.603895
2723	10.603895
2724	10.603895
2725	10.603895
2726	10.603895
2727	10.603895
2728	10.603895
2729	10.603895
2730	10.603895
2731	10.603895
2732	10.603895
2733	10.603895
2734	10.603895
2735	10.603895
2736	10.603895
2737	10.603895
2738	10.603895
2739	10.603895
2740	10.603895
2741	10.603895
2742	10.603895
2743	10.603895
2744	10.603895
2745	10.603895
2746	10.603895
2747	10.603895
2748	10.603895
2749	10.603895
2750	10.603895
2751	10.603895
2752	10.603895
2753	10.603895
2754	10.603895
2755	10.603895
2756	10.603895
2757	10.603895
2758	10.603895
2759	10.603895
2760	10.603895
2761	10.603895
2762	10.603895
2763	10.603895
2764	10.603895
2765	10.603895
2766	10.603895
2767	10.603895
2768	10.603895
2769	10.603895
2770	10.603895
2771	10.603895
2772	10.603895
2773	10.603895
2774	10.603895
2775	10.603895
2776	10.603895
2777	10.603895
2778	10.603895
2779	10.603895
2780	10.603895
2781	10.603895
2782	10.603895
2783	10.603895
2784	10.603895
2785	10.603895
2786	10.603895
2787	10.603895
2788	10.603895
2789	10.603895
2790	10.603895
2791	10.603895
2792	10.603895
2793	10.603895
2794	10.603895
2795	10.603895
2796	10.603895
2797	10.603895
2798	10.603895
2799	10.603895
2800	10.603895
2801	10.603895
2802	10.603895
2803	10.603895
2804	10.603895
2805	10.603895
2806	10.603895
2807	10.603895
2808	10.603895
2809	10.603895
2810	10.603895
2811	10.603895
2812	10.603895
2813	10.603895
2814	10.603895
2815	10.603895
2816	10.603895
2817	10.603895
2818	10.603895
2819	10.603895
2820	10.603895
2821	10.603895
2822	10.603895
2823	10.603895
2824	10.603895
2825	10.603895
2826	10.603895
2827	10.603895
2828	10.603895
2829	10.603895
2830	10.603895
2831	10.603895
2832	10.603895
2833	10.603895
2834	10.603895
2835	10.603895
2836	10.603895
2837	10.603895
2838	10.603895
2839	10.603895
2840	10.603895
2841	10.603895
2842	10.603895
2843	10.603895
2844	10.603895
2845	10.603895
2846	10.603895
2847	10.603895
2848	10.603895
2849	10.603895
2850	10.603895
2851	10.603895
2852	10.603895
2853	10.603895
2854	10.603895
2855	10.603895
2856	10.603895
2857	10.603895
2858	10.603895
2859	10.603895
2860	10.603895
2861	10.603895
2862	10.603895
2863	10.603895
2864	10.603895
2865	10.603895
2866	10.603895
2867	10.603895
2868	10.603895
2869	10.603895
2870	10.603895
2871	10.603895
2872	10.603895
2873	10.603895
2874	10.603895
2875	10.603895
2876	10.603895
2877	10.603895
2878	10.603895
2879	10.603895
2880	10.603895
2881	10.603895
2882	10.603895
2883	10.603895
2884	10.603895
2885	10.603895
2886	10.603895
2887	10.603895
2888	10.603895
2889	10.603895
2890	10.603895
2891	10.603895
2892	10.603895
2893	10.603895
2894	10.603895
2895	10.603895
2896	10.603895
2897	10.603895
2898	10.603895
2899	10.603895
2900	10.603895
2901	10.603895
2902	10.603895
2903	10.603895
2904	10.603895
2905	10.603895
2906	10.603895
2907	10.603895
2908	10.603895
2909	10.603895
2910	10.603895
2911	10.603895
2912	10.603895
2913	10.603895
2914	10.603895
2915	10.603895
2916	10.603895
2917	10.603895
2918	10.603895
2919	10.603895
2920	10.603895
2921	10.603895
2922	10.603895
2923	10.603895
2924	10.603895
2925	10.603895
2926	10.603895
2927	10.603895
2928	10.603895
2929	10.603895
2930	10.603895
2931	10.603895
2932	10.603895
2933	10.603895
2934	10.603895
2935	10.603895
2936	10.603895
2937	10.603895
2938	10.603895
2939	10.603895
2940	10.603895
2941	10.603895
2942	10.603895
2943	10.603895
2944	10.603895
2945	10.603895
2946	10.603895
2947	10.603895
2948	10.603895
2949	10.603895
2950	10.603895
2951	10.603895
2952	10.603895
2953	10.603895
2954	10.603895
2955	10.603895
2956	10.603895
2957	10.603895
2958	10.603895
2959	10.603895
2960	10.603895
2961	10.603895
2962	10.603895
2963	10.603895
2964	10.603895
2965	10.603895
2966	10.603895
2967	10.603895
2968	10.603895
2969	10.603895
2970	10.603895
2971	10.603895
2972	10.603895
2973	10.603895
2974	10.603895
2975	10.603895
2976	10.603895
2977	10.603895
2978	10.603895
2979	10.603895
2980	10.603895
2981	10.603895
2982	10.603895
2983	10.603895
2984	10.603895
2985	10.603895
2986	10.603895
2987	10.603895
2988	10.603895
2989	10.603895
2990	10.603895
2991	10.603895
2992	10.603895
2993	10.603895
2994	10.603895
2995	10.603895
2996	10.603895
2997	10.603895
2998	10.603895
2999	10.603895
3000	10.603895
3001	10.603895
3002	10.603895
3003	10.603895
3004	10.603895
3005	10.603895
3006	10.603895
3007	10.603895
3008	10.603895
3009	10.603895
3010	10.603895
3011	10.603895
3012	10.603895
3013	10.603895
3014	10.603895
3015	10.603895
3016	10.603895
3017	10.603895
3018	10.603895
3019	10.603895
3020	10.603895
3021	10.603895
3022	10.603895
3023	10.603895
3024	10.603895
3025	10.603895
3026	10.603895
3027	10.603895
3028	10.603895
3029	10.603895
3030	10.603895
3031	10.603895
3032	10.603895
3033	10.603895
3034	10.603895
3035	10.603895
3036	10.603895
3037	10.603895
3038	10.603895
3039	10.603895
3040	10.603895
3041	10.603895
3042	10.603895
3043	10.603895
3044	10.603895
3045	10.603895
3046	10.603895
3047	10.603895
3048	10.603895
3049	10.603895
3050	10.603895
3051	10.603895
3052	10.603895
3053	10.603895
3054	10.603895
3055	10.603895
3056	10.603895
3057	10.603895
3058	10.603895
3059	10.603895
3060	10.603895
3061	10.603895
3062	10.603895
3063	10.603895
3064	10.603895
3065	10.603895
3066	10.603895
3067	10.603895
3068	10.603895
3069	10.603895
3070	10.603895
3071	10.603895
3072	10.603895
3073	10.603895
3074	10.603895
3075	10.603895
3076	10.603895
3077	10.603895
3078	10.603895
3079	10.603895
3080	10.603895
3081	10.603895
3082	10.603895
3083	10.603895
3084	10.603895
3085	10.603895
3086	10.603895
3087	10.603895
3088	10.603895
3089	10.603895
3090	10.603895
3091	10.603895
3092	10.603895
3093	10.603895
3094	10.603895
3095	10.603895
3096	10.603895
3097	10.603895
3098	10.603895
3099	10.603895
3100	10.603895
3101	10.603895
3102	10.603895
3103	10.603895
3104	10.603895
3105	10.603895
3106	10.603895
3107	10.603895
3108	10.603895
3109	10.603895
3110	10.603895
3111	10.603895
3112	10.603895
3113	10.603895
3114	10.603895
3115	10.603895
3116	10.603895
3117	10.603895
3118	10.603895
3119	10.603895
3120	10.603895
3121	10.603895
3122	10.603895
3123	10.603895
3124	10.603895
3125	10.603895
3126	10.603895
3127	10.603895
3128	10.603895
3129	10.603895
3130	10.603895
3131	10.603895
3132	10.603895
3133	10.603895
3134	10.603895
3135	10.603895
3136	10.603895
3137	10.603895
3138	10.603895
3139	10.603895
3140	10.603895
3141	10.603895
3142	10.603895
3143	10.603895
3144	10.603895
3145	10.603895
3146	10.603895
3147	10.603895
3148	10.603895
3149	10.603895
3150	10.603895
3151	10.603895
3152	10.603895
3153	10.603895
3154	10.603895
3155	10.603895
3156	10.603895
3157	10.603895
3158	10.603895
3159	10.603895
3160	10.603895
3161	10.603895
3162	10.603895
3163	10.603895
3164	10.603895
3165	10.603895
3166	10.603895
3167	10.603895
3168	10.603895
3169	10.603895
3170	10.603895
3171	10.603895
3172	10.603895
3173	10.603895
3174	10.603895
3175	10.603895
3176	10.603895
3177	10.603895
3178	10.603895
3179	10.603895
3180	10.603895
3181	10.603895
3182	10.603895
3183	10.603895
3184	10.603895
3185	10.603895
3186	10.603895
3187	10.603895
3188	10.603895
3189	10.603895
3190	10.603895
3191	10.603895
3192	10.603895
3193	10.603895
3194	10.603895
3195	10.603895
3196	10.603895
3197	10.603895
3198	10.603895
3199	10.603895
3200	10.603895
3201	10.603895
3202	10.603895
3203	10.603895
3204	10.603895
3205	10.603895
3206	10.603895
3207	10.603895
3208	10.603895
3209	10.603895
3210	10.603895
3211	10.603895
3212	10.603895
3213	10.603895
3214	10.603895
3215	10.603895
3216	10.603895
3217	10.603895
3218	10.603895
3219	10.603895
3220	10.603895
3221	10.603895
3222	10.603895
3223	10.603895
3224	10.603895
3225	10.603895
3226	10.603895
3227	10.603895
3228	10.603895
3229	10.603895
3230	10.603895
3231	10.603895
3232	10.603895
3233	10.603895
3234	10.603895
3235	10.603895
3236	10.603895
3237	10.603895
3238	10.603895
3239	10.603895
3240	10.603895
3241	10.603895
3242	10.603895
3243	10.603895
3244	10.603895
3245	10.603895
3246	10.603895
3247	10.603895
3248	10.603895
3249	10.603895
3250	10.603895
3251	10.603895
3252	10.603895
3253	10.603895
3254	10.603895
3255	10.603895
3256	10.603895
3257	10.603895
3258	10.603895
3259	10.603895
3260	10.603895
3261	10.603895
3262	10.603895
3263	10.603895
3264	10.603895
3265	10.603895
3266	10.603895
3267	10.603895
3268	10.603895
3269	10.603895
3270	10.603895
3271	10.603895
3272	10.603895
3273	10.603895
3274	10.603895
3275	10.603895
3276	10.603895
3277	10.603895
3278	10.603895
3279	10.603895
3280	10.603895
3281	10.603895
3282	10.603895
3283	10.603895
3284	10.603895
3285	10.603895
3286	10.603895
3287	10.603895
3288	10.603895
3289	10.603895
3290	10.603895
3291	10.603895
3292	10.603895
3293	10.603895
3294	10.603895
3295	10.603895
3296	10.603895
3297	10.603895
3298	10.603895
3299	10.603895
3300	10.603895
3301	10.603895
3302	10.603895
3303	10.603895
3304	10.603895
3305	10.603895
3306	10.603895
3307	10.603895
3308	10.603895
3309	10.603895
3310	10.603895
3311	10.603895
3312	10.603895
3313	10.603895
3314	10.603895
3315	10.603895
3316	10.603895
3317	10.603895
3318	10.603895
3319	10.603895
3320	10.603895
3321	10.603895
3322	10.603895
3323	10.603895
3324	10.603895
3325	10.603895
3326	10.603895
3327	10.603895
3328	10.603895
3329	10.603895
3330	10.603895
3331	10.603895
3332	10.603895
3333	10.603895
3334	10.603895
3335	10.603895
3336	10.603895
3337	10.603895
3338	10.603895
3339	10.603895
3340	10.603895
3341	10.603895
3342	10.603895
3343	10.603895
3344	10.603895
3345	10.603895
3346	10.603895
3347	10.603895
3348	10.603895
3349	10.603895
3350	10.603895
3351	10.603895
3352	10.603895
3353	10.603895
3354	10.603895
3355	10.603895
3356	10.603895
3357	10.603895
3358	10.603895
3359	10.603895
3360	10.603895
3361	10.603895
3362	10.603895
3363	10.603895
3364	10.603895
3365	10.603895
3366	10.603895
3367	10.603895
3368	10.603895
3369	10.603895
3370	10.603895
3371	10.603895
3372	10.603895
3373	10.603895
3374	10.603895
3375	10.603895
3376	10.603895
3377	10.603895
3378	10.603895
3379	10.603895
3380	10.603895
3381	10.603895
3382	10.603895
3383	10.603895
3384	10.603895
3385	10.603895
3386	10.603895
3387	10.603895
3388	10.603895
3389	10.603895
3390	10.603895
3391	10.603895
3392	10.603895
3393	10.603895
3394	10.603895
3395	10.603895
3396	10.603895
3397	10.603895
3398	10.603895
3399	10.603895
3400	10.603895
3401	10.603895
3402	10.603895
3403	10.603895
3404	10.603895
3405	10.603895
3406	10.603895
3407	10.603895
3408	10.603895
3409	10.603895
3410	10.603895
3411	10.603895
3412	10.603895
3413	10.603895
3414	10.603895
3415	10.603895
3416	10.603895
3417	10.603895
3418	10.603895
3419	10.603895
3420	10.603895
3421	10.603895
3422	10.603895
3423	10.603895
3424	10.603895
3425	10.603895
3426	10.603895
3427	10.603895
3428	10.603895
3429	10.603895
3430	10.603895
3431	10.603895
3432	10.603895
3433	10.603895
3434	10.603895
3435	10.603895
3436	10.603895
3437	10.603895
3438	10.603895
3439	10.603895
3440	10.603895
3441	10.603895
3442	10.603895
3443	10.603895
3444	10.603895
3445	10.603895
3446	10.603895
3447	10.603895
3448	10.603895
3449	10.603895
3450	10.603895
3451	10.603895
3452	10.603895
3453	10.603895
3454	10.603895
3455	10.603895
3456	10.603895
3457	10.603895
3458	10.603895
3459	10.603895
3460	10.603895
3461	10.603895
3462	10.603895
3463	10.603895
3464	10.603895
3465	10.603895
3466	10.603895
3467	10.603895
3468	10.603895
3469	10.603895
3470	10.603895
3471	10.603895
3472	10.603895
3473	10.603895
3474	10.603895
3475	10.603895
3476	10.603895
3477	10.603895
3478	10.603895
3479	10.603895
3480	10.603895
3481	10.603895
3482	10.603895
3483	10.603895
3484	10.603895
3485	10.603895
3486	10.603895
3487	10.603895
3488	10.603895
3489	10.603895
3490	10.603895
3491	10.603895
3492	10.603895
3493	10.603895
3494	10.603895
3495	10.603895
3496	10.603895
3497	10.603895
3498	10.603895
3499	10.603895
3500	10.603895
3501	10.603895
3502	10.603895
3503	10.603895
3504	10.603895
3505	10.603895
3506	10.603895
3507	10.603895
3508	10.603895
3509	10.603895
3510	10.603895
3511	10.603895
3512	10.603895
3513	10.603895
3514	10.603895
3515	10.603895
3516	10.603895
3517	10.603895
3518	10.603895
3519	10.603895
3520	10.603895
3521	10.603895
3522	10.603895
3523	10.603895
3524	10.603895
3525	10.603895
3526	10.603895
3527	10.603895
3528	10.603895
3529	10.603895
3530	10.603895
3531	10.603895
3532	10.603895
3533	10.603895
3534	10.603895
3535	10.603895
3536	10.603895
3537	10.603895
3538	10.603895
3539	10.603895
3540	10.603895
3541	10.603895
3542	10.603895
3543	10.603895
3544	10.603895
3545	10.603895
3546	10.603895
3547	10.603895
3548	10.603895
3549	10.603895
3550	10.603895
3551	10.603895
3552	10.603895
3553	10.603895
3554	10.603895
3555	10.603895
3556	10.603895
3557	10.603895
3558	10.603895
3559	10.603895
3560	10.603895
3561	10.603895
3562	10.603895
3563	10.603895
3564	10.603895
3565	10.603895
3566	10.603895
3567	10.603895
3568	10.603895
3569	10.603895
3570	10.603895
3571	10.603895
3572	10.603895
3573	10.603895
3574	10.603895
3575	10.603895
3576	10.603895
3577	10.603895
3578	10.603895
3579	10.603895
3580	10.603895
3581	10.603895
3582	10.603895
3583	10.603895
3584	10.603895
3585	10.603895
3586	10.603895
3587	10.603895
3588	10.603895
3589	10.603895
3590	10.603895
3591	10.603895
3592	10.603895
3593	10.603895
3594	10.603895
3595	10.603895
3596	10.603895
3597	10.603895
3598	10.603895
3599	10.603895
3600	10.603895
3601	10.603895
3602	10.603895
3603	10.603895
3604	10.603895
3605	10.603895
3606	10.603895
3607	10.603895
3608	10.603895
3609	10.603895
3610	10.603895
3611	10.603895
3612	10.603895
3613	10.603895
3614	10.603895
3615	10.603895
3616	10.603895
3617	10.603895
3618	10.603895
3619	10.603895
3620	10.603895
3621	10.603895
3622	10.603895
3623	10.603895
3624	10.603895
3625	10.603895
3626	10.603895
3627	10.603895
3628	10.603895
3629	10.603895
3630	10.603895
3631	10.603895
3632	10.603895
3633	10.603895
3634	10.603895
3635	10.603895
3636	10.603895
3637	10.603895
3638	10.603895
3639	10.603895
3640	10.603895
3641	10.603895
3642	10.603895
3643	10.603895
3644	10.603895
3645	10.603895
3646	10.603895
3647	10.603895
3648	10.603895
3649	10.603895
3650	10.603895
3651	10.603895
3652	10.603895
3653	10.603895
3654	10.603895
3655	10.603895
3656	10.603895
3657	10.603895
3658	10.603895
3659	10.603895
3660	10.603895
3661	10.603895
3662	10.603895
3663	10.603895
3664	10.603895
3665	10.603895
3666	10.603895
3667	10.603895
3668	10.603895
3669	10.603895
3670	10.603895
3671	10.603895
3672	10.603895
3673	10.603895
3674	10.603895
3675	10.603895
3676	10.603895
3677	10.603895
3678	10.603895
3679	10.603895
3680	10.603895
3681	10.603895
3682	10.603895
3683	10.603895
3684	10.603895
3685	10.603895
3686	10.603895
3687	10.603895
3688	10.603895
3689	10.603895
3690	10.603895
3691	10.603895
3692	10.603895
3693	10.603895
3694	10.603895
3695	10.603895
3696	10.603895
3697	10.603895
3698	10.603895
3699	10.603895
3700	10.603895
3701	10.603895
3702	10.603895
3703	10.603895
3704	10.603895
3705	10.603895
3706	10.603895
3707	10.603895
3708	10.603895
3709	10.603895
3710	10.603895
3711	10.603895
3712	10.603895
3713	10.603895
3714	10.603895
3715	10.603895
3716	10.603895
3717	10.603895
3718	10.603895
3719	10.603895
3720	10.603895
3721	10.603895
3722	10.603895
3723	10.603895
3724	10.603895
3725	10.603895
3726	10.603895
3727	10.603895
3728	10.603895
3729	10.603895
3730	10.603895
3731	10.603895
3732	10.603895
3733	10.603895
3734	10.603895
3735	10.603895
3736	10.603895
3737	10.603895
3738	10.603895
3739	10.603895
3740	10.603895
3741	10.603895
3742	10.603895
3743	10.603895
3744	10.603895
3745	10.603895
3746	10.603895
3747	10.603895
3748	10.603895
3749	10.603895
3750	10.603895
3751	10.603895
3752	10.603895
3753	10.603895
3754	10.603895
3755	10.603895
3756	10.603895
3757	10.603895
3758	10.603895
3759	10.603895
3760	10.603895
3761	10.603895
3762	10.603895
3763	10.603895
3764	10.603895
3765	10.603895
3766	10.603895
3767	10.603895
3768	10.603895
3769	10.603895
3770	10.603895
3771	10.603895
3772	10.603895
3773	10.603895
3774	10.603895
3775	10.603895
3776	10.603895
3777	10.603895
3778	10.603895
3779	10.603895
3780	10.603895
3781	10.603895
3782	10.603895
3783	10.603895
3784	10.603895
3785	10.603895
3786	10.603895
3787	10.603895
3788	10.603895
3789	10.603895
3790	10.603895
3791	10.603895
3792	10.603895
3793	10.603895
3794	10.603895
3795	10.603895
3796	10.603895
3797	10.603895
3798	10.603895
3799	10.603895
3800	10.603895
3801	10.603895
3802	10.603895
3803	10.603895
3804	10.603895
3805	10.603895
3806	10.603895
3807	10.603895
3808	10.603895
3809	10.603895
3810	10.603895
3811	10.603895
3812	10.603895
3813	10.603895
3814	10.603895
3815	10.603895
3816	10.603895
3817	10.603895
3818	10.603895
3819	10.603895
3820	10.603895
3821	10.603895
3822	10.603895
3823	10.603895
3824	10.603895
3825	10.603895
3826	10.603895
3827	10.603895
3828	10.603895
3829	10.603895
3830	10.603895
3831	10.603895
3832	10.603895
3833	10.603895
3834	10.603895
3835	10.603895
3836	10.603895
3837	10.603895
3838	10.603895
3839	10.603895
3840	10.603895
3841	10.603895
3842	10.603895
3843	10.603895
3844	10.603895
3845	10.603895
3846	10.603895
3847	10.603895
3848	10.603895
3849	10.603895
3850	10.603895
3851	10.603895
3852	10.603895
3853	10.603895
3854	10.603895
3855	10.603895
3856	10.603895
3857	10.603895
3858	10.603895
3859	10.603895
3860	10.603895
3861	10.603895
3862	10.603895
3863	10.603895
3864	10.603895
3865	10.603895
3866	10.603895
3867	10.603895
3868	10.603895
3869	10.603895
3870	10.603895
3871	10.603895
3872	10.603895
3873	10.603895
3874	10.603895
3875	10.603895
3876	10.603895
3877	10.603895
3878	10.603895
3879	10.603895
3880	10.603895
3881	10.603895
3882	10.603895
3883	10.603895
3884	10.603895
3885	10.603895
3886	10.603895
3887	10.603895
3888	10.603895
3889	10.603895
3890	10.603895
3891	10.603895
3892	10.603895
3893	10.603895
3894	10.603895
3895	10.603895
3896	10.603895
3897	10.603895
3898	10.603895
3899	10.603895
3900	10.603895
3901	10.603895
3902	10.603895
3903	10.603895
3904	10.603895
3905	10.603895
3906	10.603895
3907	10.603895
3908	10.603895
3909	10.603895
3910	10.603895
3911	10.603895
3912	10.603895
3913	10.603895
3914	10.603895
3915	10.603895
3916	10.603895
3917	10.603895
3918	10.603895
3919	10.603895
3920	10.603895
3921	10.603895
3922	10.603895
3923	10.603895
3924	10.603895
3925	10.603895
3926	10.603895
3927	10.603895
3928	10.603895
3929	10.603895
3930	10.603895
3931	10.603895
3932	10.603895
3933	10.603895
3934	10.603895
3935	10.603895
3936	10.603895
3937	10.603895
3938	10.603895
3939	10.603895
3940	10.603895
3941	10.603895
3942	10.603895
3943	10.603895
3944	10.603895
3945	10.603895
3946	10.603895
3947	10.603895
3948	10.603895
3949	10.603895
3950	10.603895
3951	10.603895
3952	10.603895
3953	10.603895
3954	10.603895
3955	10.603895
3956	10.603895
3957	10.603895
3958	10.603895
3959	10.603895
3960	10.603895
3961	10.603895
3962	10.603895
3963	10.603895
3964	10.603895
3965	10.603895
3966	10.603895
3967	10.603895
3968	10.603895
3969	10.603895
3970	10.603895
3971	10.603895
3972	10.603895
3973	10.603895
3974	10.603895
3975	10.603895
3976	10.603895
3977	10.603895
3978	10.603895
3979	10.603895
3980	10.603895
3981	10.603895
3982	10.603895
3983	10.603895
3984	10.603895
3985	10.603895
3986	10.603895
3987	10.603895
3988	10.603895
3989	10.603895
3990	10.603895
3991	10.603895
3992	10.603895
3993	10.603895
3994	10.603895
3995	10.603895
3996	10.603895
3997	10.603895
3998	10.603895
3999	10.603895
4000	10.603895
4001	10.603895
4002	10.603895
4003	10.603895
4004	10.603895
4005	10.603895
4006	10.603895
4007	10.603895
4008	10.603895
4009	10.603895
4010	10.603895
4011	10.603895
4012	10.603895
4013	10.603895
4014	10.603895
4015	10.603895
4016	10.603895
4017	10.603895
4018	10.603895
4019	10.603895
4020	10.603895
4021	10.603895
4022	10.603895
4023	10.603895
4024	10.603895
4025	10.603895
4026	10.603895
4027	10.603895
4028	10.603895
4029	10.603895
4030	10.603895
4031	10.603895
4032	10.603895
4033	10.603895
4034	10.603895
4035	10.603895
4036	10.603895
4037	10.603895
4038	10.603895
4039	10.603895
4040	10.603895
4041	10.603895
4042	10.603895
4043	10.603895
4044	10.603895
4045	10.603895
4046	10.603895
4047	10.603895
4048	10.603895
4049	10.603895
4050	10.603895
4051	10.603895
4052	10.603895
4053	10.603895
4054	10.603895
4055	10.603895
4056	10.603895
4057	10.603895
4058	10.603895
4059	10.603895
4060	10.603895
4061	10.603895
4062	10.603895
