1	7972567.0
2	7982287.0
3	8001163.0
4	8063760.0
5	8064898.0
6	7902356.0
7	7904657.0
8	7908192.0
9	7971134.0
10	7994938.0
11	8079567.0
12	8166069.0
13	8288424.0
14	7987661.0
15	8071921.0
16	8073075.0
17	7814409.0
18	7911937.0
19	7966116.0
20	7984060.0
21	8035390.0
22	8004521.0
23	8004878.0
24	7490978.0
25	7605178.0
26	7660636.0
27	7476116.0
28	7443923.0
29	7644265.0
30	7268567.0
31	7696776.0
32	7713501.0
33	7722387.0
34	7342847.0
35	6838786.0
36	6813394.0
37	6784795.0
38	6920119.0
39	6836035.0
40	6837550.0
41	6498501.0
42	6609345.0
43	6586815.0
44	6823147.0
45	6429822.0
46	6358650.0
47	6352060.0
48	6455033.0
49	6341573.0
50	6280250.0
51	6316748.0
52	6319436.0
53	6537522.0
54	6408134.0
55	6684244.0
56	6702016.0
57	6573420.0
58	6573420.0
59	6357332.0
60	6445172.0
61	6724252.0
62	5996151.0
63	6072151.0
64	6039850.0
65	6046642.0
66	6056740.0
67	6255167.0
68	6280787.0
69	7041206.0
70	6982119.0
71	6444258.0
72	6451998.0
73	7103470.0
74	7008710.0
75	7019420.0
76	6895491.0
77	7011380.0
78	7084891.0
79	6565353.0
80	6570078.0
81	6666625.0
82	6963159.0
83	6680726.0
84	6566351.0
85	6424937.0
86	6543980.0
87	7016600.0
88	6877393.0
89	6911456.0
90	6929610.0
91	6988403.0
92	6665530.0
93	6696431.0
94	6710703.0
95	6705301.0
96	6736411.0
97	7051208.0
98	7225264.0
99	7440782.0
100	7550530.0
101	7644505.0
102	7990702.0
103	8146067.0
104	8182091.0
105	8392608.0
106	8355900.0
107	8205656.0
108	8218704.0
109	8019378.0
110	8119095.0
111	8247942.0
112	8210841.0
113	8249387.0
114	8269396.0
115	7930318.0
116	7945522.0
117	7684277.0
118	7586966.0
119	7372482.0
120	7189206.0
121	7060359.0
122	7177144.0
123	7275394.0
124	6896627.0
125	7575908.0
126	7051979.0
127	7374700.0
128	7245583.0
129	6938754.0
130	7099081.0
131	7602008.0
132	7599468.0
133	7757281.0
134	7417755.0
135	7163780.0
136	7165876.0
137	6845325.0
138	6587779.0
139	7140845.0
140	7208935.0
141	7050298.0
142	7103482.0
143	7000454.0
144	7393937.0
145	6973125.0
146	7106057.0
147	7054331.0
148	7226586.0
149	7315461.0
150	7316771.0
151	7320251.0
152	7262399.0
153	7275110.0
154	7230176.0
155	7042821.0
156	7075625.0
157	7160489.0
158	6893572.0
159	7140288.0
160	7072422.0
161	7323342.0
162	7438202.0
163	7487342.0
164	7168291.0
165	6826157.0
166	6777017.0
167	6825834.0
168	7115776.0
169	7164432.0
170	7256368.0
171	7575419.0
172	7691704.0
173	7387015.0
174	7270730.0
175	7045232.0
176	7084532.0
177	7595667.0
178	7838469.0
179	7669104.0
180	7573222.0
181	7595405.0
182	7181815.0
183	7253095.0
184	7113553.0
185	7212605.0
186	6770250.0
187	6870071.0
188	6377148.0
189	6372044.0
190	6386964.0
191	6396716.0
192	6141147.0
193	6300368.0
194	6278645.0
195	6323536.0
196	6302386.0
197	6451907.0
198	6195802.0
199	5883842.0
200	6170924.0
201	6274967.0
202	6354650.0
203	6257137.0
204	5986708.0
205	6289752.0
206	5894932.0
207	5908327.0
208	5787025.0
209	6104650.0
210	6168697.0
211	6140527.0
212	6241873.0
213	6269109.0
214	6319131.0
215	6300003.0
216	6389440.0
217	6265498.0
218	6173024.0
219	6402465.0
220	6387660.0
221	6411285.0
222	6576363.0
223	6618354.0
224	6619764.0
225	6573185.0
226	6510500.0
227	6507378.0
228	6279282.0
229	6323634.0
230	6357100.0
231	6184587.0
232	5754961.0
233	5643744.0
234	5669742.0
235	5647988.0
236	6303224.0
237	6629465.0
238	6644459.0
239	6576202.0
240	6365371.0
241	6411811.0
242	6586051.0
243	6481933.0
244	6534125.0
245	6516998.0
246	6847645.0
247	6662277.0
248	6661309.0
249	6896686.0
250	7142288.0
251	7181936.0
252	7162216.0
253	7184576.0
254	7130364.0
255	6809734.0
256	6392091.0
257	6300382.0
258	6915930.0
259	7027875.0
260	6938265.0
261	7065390.0
262	7165159.0
263	7313226.0
264	7189445.0
265	7186993.0
266	7046499.0
267	6825392.0
268	6741812.0
269	7586032.0
270	7717614.0
271	7325862.0
272	7255674.0
273	7356742.0
274	7308343.0
275	7210438.0
276	7397721.0
277	6798346.0
278	6647101.0
279	6647101.0
280	6561910.0
281	6170875.0
282	5999500.0
283	6089873.0
284	6169101.0
285	6149283.0
286	6273226.0
287	6154199.0
288	6258390.0
289	6050042.0
290	6054294.0
291	6185084.0
292	6254282.0
293	6457850.0
294	7020797.0
295	7049453.0
296	7170744.0
297	7364292.0
298	7368893.0
299	7921827.0
300	7354703.0
301	7785367.0
302	7760795.0
303	7780590.0
304	8049269.0
305	8049542.0
306	8122427.0
307	8236203.0
308	8180043.0
309	8364661.0
310	8421441.0
311	8140968.0
312	8118792.0
313	8483161.0
314	8543307.0
315	8602874.0
316	8567834.0
317	8580098.0
318	8429907.0
319	8461203.0
320	8541786.0
321	8066196.0
322	8029316.0
323	8250803.0
324	8542716.0
325	8488441.0
326	8347766.0
327	8456209.0
328	8429595.0
329	8373567.0
330	8312453.0
331	7992465.0
332	8069939.0
333	8172053.0
334	8018624.0
335	8064124.0
336	8068150.0
337	7814335.0
338	7625695.0
339	7852592.0
340	8280333.0
341	8207715.0
342	8238873.0
343	8467248.0
344	8410256.0
345	8240771.0
346	7864860.0
347	7840465.0
348	7555037.0
349	7354772.0
350	8157231.0
351	7310822.0
352	7128695.0
353	6991476.0
354	6637602.0
355	6784463.0
356	6856793.0
357	6760043.0
358	7161239.0
359	7186244.0
360	7230980.0
361	7707838.0
362	7663102.0
363	7665398.0
364	7866613.0
365	7992125.0
366	7864413.0
367	7390053.0
368	7029121.0
369	7036861.0
370	7141173.0
371	7247253.0
372	7291989.0
373	7448449.0
374	7462600.0
375	7490482.0
376	7579732.0
377	7476629.0
378	7328987.0
379	7458466.0
380	7017222.0
381	6983734.0
382	6472241.0
383	6394401.0
384	6414417.0
385	6686513.0
386	6864096.0
387	7270035.0
388	7373138.0
389	7382598.0
390	7409942.0
391	7426622.0
392	7179805.0
393	7238603.0
394	7160656.0
395	7210046.0
396	7238543.0
397	7333053.0
398	7322236.0
399	7319250.0
400	7798865.0
401	7698501.0
402	7284077.0
403	7708942.0
404	7503408.0
405	7393611.0
406	7789529.0
407	7718246.0
408	7263080.0
409	7897337.0
410	8115015.0
411	8189895.0
412	8264819.0
413	7995244.0
414	7447795.0
415	7603452.0
416	8192842.0
417	7723202.0
418	7640613.0
419	7645981.0
420	7441974.0
421	7357751.0
422	7318481.0
423	7230900.0
424	7968988.0
425	8494456.0
426	8439589.0
427	8158470.0
428	8190742.0
429	7786197.0
430	7712322.0
431	7851260.0
432	7883251.0
433	7979911.0
434	7522279.0
435	7548081.0
436	7577758.0
437	7138907.0
438	7161891.0
439	7229949.0
440	7714728.0
441	7788756.0
442	7926534.0
443	8006206.0
444	7900262.0
445	7820590.0
446	7651042.0
447	7704322.0
448	7667742.0
449	7302462.0
450	7264453.0
451	7273040.0
452	7614122.0
453	7703024.0
454	8029410.0
455	7375516.0
456	7408222.0
457	7319320.0
458	7312797.0
459	7245409.0
460	7502818.0
461	7363880.0
462	7518428.0
463	7416420.0
464	7534117.0
465	7138229.0
466	7203615.0
467	7186053.0
468	7201965.0
469	6890268.0
470	6929538.0
471	7085365.0
472	7047953.0
473	7101734.0
474	7194941.0
475	7319771.0
476	7547825.0
477	7393588.0
478	7315510.0
479	7276837.0
480	7300385.0
481	8048598.0
482	8188573.0
483	8083844.0
484	8349633.0
485	8580151.0
486	8686705.0
487	8645033.0
488	8453302.0
489	8511022.0
490	8501994.0
491	8553357.0
492	8664677.0
493	8581571.0
494	8257798.0
495	7967230.0
496	7491516.0
497	7570812.0
498	7468320.0
499	7435036.0
500	7224126.0
501	6889295.0
502	6951053.0
503	7036937.0
504	6888261.0
505	6745153.0
506	6430795.0
507	6488848.0
508	6781233.0
509	6889363.0
510	6774540.0
511	7043733.0
512	7140904.0
513	7083266.0
514	7218973.0
515	7337453.0
516	7164125.0
517	7255938.0
518	7307976.0
519	7638581.0
520	7234558.0
521	7332866.0
522	7388393.0
523	7127864.0
524	7202976.0
525	7001265.0
526	7029103.0
527	6910623.0
528	6855096.0
529	6979926.0
530	7080421.0
531	7144259.0
532	6921630.0
533	7151150.0
534	7828186.0
535	7822216.0
536	7975948.0
537	7856098.0
538	7699260.0
539	7179575.0
540	7256311.0
541	7344590.0
542	7482140.0
543	7492923.0
544	7455337.0
545	7516273.0
546	7600673.0
547	7596295.0
548	7696193.0
549	7739173.0
550	7600271.0
551	7386616.0
552	7778702.0
553	8221477.0
554	8457705.0
555	8545773.0
556	8586813.0
557	8273913.0
558	7944441.0
559	7934491.0
560	7934491.0
561	7975458.0
562	7175597.0
563	7134557.0
564	7147661.0
565	7147661.0
566	7388231.0
567	7250829.0
568	7133253.0
569	6999509.0
570	6791771.0
571	6436755.0
572	6291345.0
573	6174597.0
574	6106053.0
575	6172061.0
576	6288184.0
577	6212290.0
578	6383293.0
579	6422581.0
580	6525287.0
581	6208885.0
582	6314662.0
583	6339058.0
584	6402528.0
585	6363240.0
586	6554669.0
587	6398879.0
588	6575054.0
589	6725371.0
590	6817071.0
591	6745567.0
592	6780799.0
593	7547662.0
594	7378777.0
595	6841933.0
596	6887703.0
597	6878657.0
598	6894065.0
599	6770208.0
600	6887784.0
601	6862247.0
602	6770842.0
603	6446870.0
604	6478285.0
605	6678589.0
606	6816525.0
607	6818545.0
608	6707901.0
609	6745341.0
610	6962845.0
611	7015579.0
612	7055971.0
613	7256343.0
614	6884163.0
615	7441530.0
616	7466316.0
617	7468816.0
618	6814972.0
619	6821056.0
620	6825096.0
621	7548979.0
622	7875737.0
623	7879073.0
624	7902992.0
625	7615712.0
626	7572669.0
627	7978757.0
628	8057809.0
629	7743353.0
630	7705913.0
631	7819745.0
632	7688528.0
633	7725968.0
634	7358614.0
635	7348158.0
636	8118738.0
637	8227002.0
638	8150206.0
639	7849765.0
640	7741501.0
641	7961175.0
642	7768748.0
643	8338507.0
644	8240201.0
645	8193887.0
646	8222405.0
647	8566100.0
648	8457084.0
649	8589015.0
650	8130621.0
651	8102103.0
652	7548138.0
653	7572781.0
654	8217939.0
655	8158239.0
656	7835904.0
657	7762008.0
658	7769517.0
659	7991876.0
660	8075036.0
661	8103255.0
662	8233017.0
663	8325104.0
664	7941522.0
665	7760421.0
666	7799508.0
667	7762068.0
668	7662050.0
669	7588394.0
670	7373787.0
671	7552737.0
672	7682037.0
673	7599863.0
674	7637303.0
675	7641488.0
676	7259438.0
677	7098090.0
678	6717368.0
679	6510092.0
680	6529852.0
681	6732802.0
682	6793600.0
683	6531318.0
684	6572297.0
685	6102625.0
686	5828145.0
687	5769558.0
688	5748054.0
689	5636813.0
690	5775807.0
691	6049607.0
692	6080332.0
693	6340372.0
694	6635091.0
695	6659625.0
696	6512115.0
697	6758855.0
698	6345763.0
699	6533870.0
700	6714125.0
701	6593177.0
702	6444342.0
703	6463158.0
704	6418013.0
705	6094193.0
706	6244682.0
707	6276200.0
708	6244682.0
709	6637963.0
710	6792894.0
711	6873254.0
712	7025489.0
713	6981255.0
714	6975194.0
715	6811736.0
716	7065552.0
717	7228649.0
718	7538480.0
719	7563005.0
720	7490507.0
721	7281362.0
722	6891322.0
723	6766202.0
724	6557391.0
725	6698609.0
726	6871704.0
727	6950104.0
728	7030301.0
729	7128857.0
730	7091417.0
731	7038541.0
732	7428189.0
733	7383953.0
734	7329283.0
735	7657570.0
736	7470113.0
737	7514133.0
738	7390052.0
739	7494726.0
740	7310072.0
741	6862799.0
742	6740847.0
743	6659017.0
744	6822859.0
745	7297322.0
746	7440303.0
747	7260303.0
748	7779006.0
749	7730644.0
750	7768084.0
751	7580596.0
752	7543156.0
753	7596031.0
754	7660453.0
755	7283560.0
756	7227616.0
757	7031910.0
758	6819453.0
759	6823485.0
760	7063496.0
761	7483312.0
762	7560469.0
763	7480272.0
764	7520772.0
765	7175541.0
766	7056827.0
767	6888995.0
768	7298060.0
769	7432348.0
770	7187807.0
771	6870154.0
772	7335547.0
773	7564028.0
774	7701647.0
775	7629647.0
776	7414479.0
777	7530895.0
778	7414844.0
779	7335559.0
780	7129736.0
781	7090845.0
782	7125720.0
783	6998559.0
784	7018727.0
785	7055852.0
786	6745968.0
787	6743889.0
788	6587938.0
789	6449036.0
790	6476544.0
791	6905575.0
792	7320727.0
793	7184602.0
794	7521394.0
795	7441404.0
796	7318359.0
797	7172540.0
798	7261040.0
799	6662821.0
800	6168522.0
801	6700847.0
802	6765597.0
803	6927765.0
804	7050031.0
805	7363846.0
806	7406647.0
807	7111027.0
808	7121767.0
809	7048276.0
810	7058946.0
811	6979105.0
812	7007025.0
813	7023910.0
814	7050670.0
815	6740149.0
816	6482429.0
817	5746351.0
818	5705113.0
819	6334458.0
820	6679838.0
821	6733518.0
822	7273186.0
823	7714568.0
824	7833571.0
825	7557636.0
826	7289966.0
827	7224338.0
828	6716120.0
829	6527514.0
830	6962614.0
831	7088274.0
832	6921113.0
833	6691042.0
834	6580640.0
835	6416170.0
836	6383368.0
837	6210450.0
838	6390766.0
839	6216138.0
840	6436531.0
841	6910804.0
842	6419551.0
843	6476251.0
844	6614761.0
845	6593064.0
846	7275974.0
847	7316054.0
848	7581800.0
849	7490911.0
850	7063812.0
851	7240930.0
852	7304159.0
853	7514139.0
854	7530816.0
855	7743348.0
856	7488695.0
857	7602921.0
858	7823797.0
859	7925749.0
860	7826191.0
861	7823793.0
862	7807543.0
863	7786072.0
864	7736720.0
865	7693425.0
866	7854615.0
867	7663323.0
868	7736891.0
869	7743919.0
870	7885350.0
871	8058173.0
872	7905938.0
873	8329159.0
874	7731087.0
875	7279782.0
876	7138351.0
877	7144252.0
878	7137923.0
879	6986571.0
880	7533768.0
881	7402123.0
882	7540638.0
883	7403998.0
884	6995934.0
885	6237825.0
886	6457919.0
887	6615709.0
888	6801409.0
889	6678101.0
890	6550940.0
891	6580100.0
892	6338918.0
893	6345002.0
894	6060026.0
895	6343255.0
896	6435910.0
897	6482110.0
898	6359027.0
899	6506027.0
900	7043473.0
901	7029362.0
902	7253622.0
903	7218855.0
904	7288325.0
905	6751521.0
906	6420686.0
907	6686952.0
908	6573709.0
909	6836190.0
910	6876648.0
911	6654191.0
912	6899723.0
913	6310484.0
914	6497493.0
915	6663558.0
916	7078131.0
917	6950970.0
918	7267750.0
919	7344573.0
920	7427643.0
921	6902372.0
922	7237949.0
923	7154879.0
924	7233359.0
925	7196617.0
926	7166914.0
927	7433170.0
928	7247482.0
929	7607075.0
930	7687589.0
931	7734236.0
932	8069949.0
933	7738717.0
934	8327956.0
935	8191642.0
936	7960777.0
937	7792853.0
938	7905397.0
939	7639369.0
940	7641977.0
941	7464189.0
942	7345993.0
943	7291608.0
944	7209994.0
945	7476022.0
946	7439804.0
947	7166852.0
948	7257721.0
949	7047741.0
950	6983569.0
951	6975756.0
952	6995391.0
953	7170111.0
954	7553181.0
955	7983811.0
956	7877040.0
957	8044112.0
958	8129387.0
959	8344414.0
960	8133347.0
961	8235099.0
962	8158916.0
963	8153984.0
964	8039161.0
965	7713398.0
966	7285894.0
967	7285894.0
968	7398847.0
969	7611657.0
970	7733928.0
971	7408165.0
972	7526578.0
973	7448098.0
974	7486234.0
975	7838066.0
976	8320546.0
977	8345101.0
978	8276161.0
979	8143031.0
980	8589123.0
981	8131244.0
982	8068080.0
983	7863133.0
984	7761381.0
985	7442251.0
986	7669019.0
987	7156691.0
988	7379928.0
989	7208994.0
990	6948364.0
991	6948364.0
992	6962564.0
993	7060227.0
994	7301409.0
995	7372487.0
996	7454781.0
997	7362154.0
998	7236700.0
999	6634725.0
1000	6289744.0
1001	6275544.0
1002	6247519.0
1003	5834826.0
1004	5779968.0
1005	5995596.0
1006	6215938.0
1007	6514393.0
1008	7116368.0
1009	7482097.0
1010	7491848.0
1011	7503723.0
1012	7553421.0
1013	7541781.0
1014	7816167.0
1015	7722592.0
1016	8296074.0
1017	8030567.0
1018	8031677.0
1019	7903006.0
1020	7917129.0
1021	7849985.0
1022	7838673.0
1023	7818489.0
1024	7829801.0
1025	8264378.0
1026	8328634.0
1027	8351380.0
1028	8279344.0
1029	7973481.0
1030	7322062.0
1031	7332320.0
1032	7578800.0
1033	7598984.0
1034	7256735.0
1035	7110638.0
1036	6841572.0
1037	6264410.0
1038	6264410.0
1039	6384317.0
1040	6397697.0
1041	6401747.0
1042	6426432.0
1043	6397064.0
1044	6640185.0
1045	6661279.0
1046	6608995.0
1047	6430473.0
1048	6532225.0
1049	6512041.0
1050	6289375.0
1051	6662013.0
1052	6747288.0
1053	6862992.0
1054	6773303.0
1055	6992054.0
1056	6867053.0
1057	6821662.0
1058	6408750.0
1059	6538450.0
1060	6319176.0
1061	6322212.0
1062	6510058.0
1063	6544878.0
1064	6814934.0
1065	6793801.0
1066	6592985.0
1067	6699233.0
1068	6935425.0
1069	7035055.0
1070	6928807.0
1071	7026118.0
1072	7194868.0
1073	7391429.0
1074	7299093.0
1075	7194493.0
1076	7409197.0
1077	7485547.0
1078	6995878.0
1079	6366739.0
1080	6416140.0
1081	6112010.0
1082	6298274.0
1083	6205829.0
1084	6231349.0
1085	6216027.0
1086	6673282.0
1087	6673282.0
1088	6918633.0
1089	7084809.0
1090	7080759.0
1091	7046133.0
1092	7050183.0
1093	6816671.0
1094	7056249.0
1095	7135958.0
1096	7212175.0
1097	6950275.0
1098	6907043.0
1099	7046053.0
1100	6823479.0
1101	7187734.0
1102	6958393.0
1103	6820057.0
1104	6544002.0
1105	6548018.0
1106	6315286.0
1107	6238936.0
1108	6203412.0
1109	5469589.0
1110	5497623.0
1111	5514177.0
1112	5521667.0
1113	6388242.0
1114	5755173.0
1115	5766446.0
1116	5985842.0
1117	6147682.0
1118	6363796.0
1119	6164945.0
1120	6361560.0
1121	6458496.0
1122	6490875.0
1123	6326884.0
1124	6367734.0
1125	6351689.0
1126	6474614.0
1127	6263862.0
1128	6297328.0
1129	6925874.0
1130	6638921.0
1131	6673548.0
1132	6679468.0
1133	6397507.0
1134	6348332.0
1135	6468732.0
1136	6482636.0
1137	6362236.0
1138	6591577.0
1139	6924996.0
1140	6891916.0
1141	6875159.0
1142	7076084.0
1143	7056449.0
1144	7241821.0
1145	7532953.0
1146	7623828.0
1147	7883565.0
1148	7729027.0
1149	7417173.0
1150	7523421.0
1151	7661097.0
1152	7644393.0
1153	7695543.0
1154	7661207.0
1155	7689410.0
1156	8013628.0
1157	7962478.0
1158	8206054.0
1159	7980926.0
1160	7874678.0
1161	7982000.0
1162	8106489.0
1163	8212737.0
1164	8413768.0
1165	8484450.0
1166	8577114.0
1167	8376083.0
1168	8431645.0
1169	8447995.0
1170	8377135.0
1171	8578166.0
1172	8624134.0
1173	8714150.0
1174	8315764.0
1175	8136208.0
1176	7973400.0
1177	7486822.0
1178	7597400.0
1179	7860926.0
1180	8080695.0
1181	7906597.0
1182	7485192.0
1183	7688022.0
1184	7588134.0
1185	7625064.0
1186	7696030.0
1187	7680206.0
1188	7641702.0
1189	7732634.0
1190	7753718.0
1191	7839287.0
1192	7704251.0
1193	8036699.0
1194	8064745.0
1195	7950975.0
1196	8122115.0
1197	7806103.0
1198	7853463.0
1199	8340393.0
1200	8335412.0
1201	7988596.0
1202	7764331.0
1203	7045465.0
1204	7158701.0
1205	7309946.0
1206	7391301.0
1207	7363098.0
1208	7425715.0
1209	7641562.0
1210	7556323.0
1211	7068809.0
1212	7455767.0
1213	7691929.0
1214	7162965.0
1215	7025034.0
1216	7999998.0
1217	8274220.0
1218	8281613.0
1219	8292360.0
1220	7469890.0
1221	7386297.0
1222	7052052.0
1223	7138684.0
1224	6951517.0
1225	7112615.0
1226	7140818.0
1227	7146068.0
1228	7089838.0
1229	7061635.0
1230	7061676.0
1231	7089879.0
1232	6633308.0
1233	6436980.0
1234	5929801.0
1235	6204034.0
1236	6808232.0
1237	6595767.0
1238	6890750.0
1239	7149918.0
1240	6768785.0
1241	6841792.0
1242	6813187.0
1243	6928806.0
1244	6656130.0
1245	6725000.0
1246	6821493.0
1247	6493169.0
1248	6361109.0
1249	6474563.0
1250	6823221.0
1251	6657077.0
1252	6597151.0
1253	6606591.0
1254	6913599.0
1255	6946149.0
1256	7123792.0
1257	7213606.0
1258	7378313.0
1259	7603246.0
1260	7345740.0
1261	7495764.0
1262	7619335.0
1263	6983257.0
1264	7280818.0
1265	7371319.0
1266	7085895.0
1267	7309167.0
1268	7195646.0
1269	7152308.0
1270	7294434.0
1271	7770044.0
1272	7996697.0
1273	8198321.0
1274	7643236.0
1275	7556290.0
1276	7768584.0
1277	7484892.0
1278	7553895.0
1279	7709408.0
1280	8131686.0
1281	8105084.0
1282	8202752.0
1283	8233694.0
1284	7958576.0
1285	7786576.0
1286	7574587.0
1287	7542461.0
1288	7765166.0
1289	7845041.0
1290	7726781.0
1291	7632138.0
1292	7662515.0
1293	7610775.0
1294	7656407.0
1295	7522337.0
1296	7610139.0
1297	7624123.0
1298	7260034.0
1299	7162778.0
1300	7205414.0
1301	7417150.0
1302	7408565.0
1303	7534119.0
1304	7563914.0
1305	7222321.0
1306	7496991.0
1307	7484079.0
1308	7538799.0
1309	7508402.0
1310	7521545.0
1311	7888235.0
1312	8042051.0
1313	8099230.0
1314	8209822.0
1315	8280178.0
1316	8005508.0
1317	8139860.0
1318	7867628.0
1319	7778344.0
1320	7491606.0
1321	7236485.0
1322	7395798.0
1323	7216072.0
1324	7191747.0
1325	7035909.0
1326	6852628.0
1327	6985070.0
1328	7659572.0
1329	7693818.0
1330	7560485.0
1331	7525809.0
1332	7562296.0
1333	7734044.0
1334	7734044.0
1335	7918915.0
1336	7918915.0
1337	8046040.0
1338	7720741.0
1339	7826989.0
1340	8579010.0
1341	8035011.0
1342	7828461.0
1343	7887861.0
1344	7908516.0
1345	7392310.0
1346	7320262.0
1347	7330155.0
1348	7615757.0
1349	7781353.0
1350	7794150.0
1351	8544013.0
1352	7979220.0
1353	7902228.0
1354	7916983.0
1355	7959569.0
1356	7577028.0
1357	8044929.0
1358	7717644.0
1359	7737048.0
1360	7917664.0
1361	7703899.0
1362	7681381.0
1363	7710639.0
1364	7465199.0
1365	7556633.0
1366	7500494.0
1367	7505449.0
1368	7459723.0
1369	7636995.0
1370	7554520.0
1371	7785559.0
1372	6987110.0
1373	6912880.0
1374	6917440.0
1375	7057182.0
1376	7164640.0
1377	6848578.0
1378	6689912.0
1379	7098588.0
1380	7135383.0
1381	6657930.0
1382	6451769.0
1383	6345779.0
1384	6364976.0
1385	6309516.0
1386	6290853.0
1387	6271656.0
1388	6179008.0
1389	6223027.0
1390	5988247.0
1391	6503908.0
1392	6548764.0
1393	6542204.0
1394	6788268.0
1395	6721751.0
1396	6201021.0
1397	6220218.0
1398	5631778.0
1399	5780498.0
1400	6249332.0
1401	6091748.0
1402	6051282.0
1403	6286923.0
1404	6289617.0
1405	6294769.0
1406	6063040.0
1407	6449467.0
1408	6722523.0
1409	6728543.0
1410	6869228.0
1411	7000110.0
1412	7155690.0
1413	7119857.0
1414	6932292.0
1415	6758940.0
1416	6645550.0
1417	6591843.0
1418	6703844.0
1419	6696680.0
1420	6607295.0
1421	6070243.0
1422	5949288.0
1423	5951742.0
1424	5959470.0
1425	6147294.0
1426	6178678.0
1427	6079707.0
1428	6176457.0
1429	6029109.0
1430	5899413.0
1431	5778819.0
1432	6051721.0
1433	6084427.0
1434	5927748.0
1435	6539773.0
1436	6679849.0
1437	6965750.0
1438	7119566.0
1439	6902874.0
1440	7168396.0
1441	7431858.0
1442	7220475.0
1443	6642419.0
1444	6663855.0
1445	6881108.0
1446	6820018.0
1447	6627969.0
1448	6720894.0
1449	6763889.0
1450	6761195.0
1451	7007259.0
1452	7023363.0
1453	7493724.0
1454	7555456.0
1455	7558150.0
1456	7551583.0
1457	7525065.0
1458	7528647.0
1459	7875161.0
1460	7889045.0
1461	7373362.0
1462	7191874.0
1463	7102216.0
1464	7264084.0
1465	6944833.0
1466	6776412.0
1467	7500772.0
1468	7251904.0
1469	6959585.0
1470	6706243.0
1471	6655417.0
1472	6813730.0
1473	6766306.0
1474	6907201.0
1475	6742879.0
1476	6762031.0
1477	7397783.0
1478	7368413.0
1479	7264884.0
1480	7221108.0
1481	7295502.0
1482	7279793.0
1483	7403441.0
1484	7153987.0
1485	7151293.0
1486	7399037.0
1487	7381245.0
1488	7334745.0
1489	6921584.0
1490	7364758.0
1491	7350145.0
1492	7352839.0
1493	7492831.0
1494	7421788.0
1495	7290971.0
1496	7306081.0
1497	7448769.0
1498	7483041.0
1499	7448769.0
1500	7384273.0
1501	7456321.0
1502	7385581.0
1503	7220328.0
1504	7312772.0
1505	7197348.0
1506	7139632.0
1507	7114486.0
1508	7271190.0
1509	6963583.0
1510	6921883.0
1511	6771773.0
1512	7310736.0
1513	7529256.0
1514	7795869.0
1515	7656678.0
1516	7684478.0
1517	7048726.0
1518	7075084.0
1519	6967669.0
1520	6764040.0
1521	6812913.0
1522	6705348.0
1523	6656475.0
1524	6693240.0
1525	6496215.0
1526	6645417.0
1527	6678123.0
1528	6553151.0
1529	7240735.0
1530	6769831.0
1531	6972163.0
1532	6692971.0
1533	6601715.0
1534	6838255.0
1535	6810000.0
1536	6607668.0
1537	6464176.0
1538	6553240.0
1539	6813682.0
1540	6778777.0
1541	6318305.0
1542	6310396.0
1543	6442690.0
1544	6670098.0
1545	6702583.0
1546	6842347.0
1547	6890731.0
1548	6787501.0
1549	6955705.0
1550	7234395.0
1551	7183245.0
1552	7245102.0
1553	7413611.0
1554	7345127.0
1555	7361897.0
1556	7692783.0
1557	7675397.0
1558	7475852.0
1559	7698926.0
1560	7716764.0
1561	7499673.0
1562	7666141.0
1563	7733425.0
1564	7837529.0
1565	7976039.0
1566	7777126.0
1567	7780072.0
1568	7838747.0
1569	7899485.0
1570	7974062.0
1571	8062696.0
1572	8209000.0
1573	8327420.0
1574	8167871.0
1575	8099839.0
1576	7842996.0
1577	8115851.0
1578	7625096.0
1579	7507598.0
1580	7519271.0
1581	7520939.0
1582	7569899.0
1583	7368175.0
1584	7376679.0
1585	7189688.0
1586	7328684.0
1587	7205954.0
1588	7620334.0
1589	7671406.0
1590	7764090.0
1591	7626468.0
1592	7312443.0
1593	7295176.0
1594	7319356.0
1595	7425604.0
1596	7610207.0
1597	7936371.0
1598	7966647.0
1599	8003672.0
1600	7789946.0
1601	7562545.0
1602	7574956.0
1603	7489654.0
1604	7261003.0
1605	7175530.0
1606	6836685.0
1607	6856035.0
1608	6744075.0
1609	7091943.0
1610	6884084.0
1611	7314808.0
1612	7494833.0
1613	7175147.0
1614	7238991.0
1615	6972111.0
1616	7193001.0
1617	6945821.0
1618	7120316.0
1619	7104378.0
1620	6934781.0
1621	6069557.0
1622	5713148.0
1623	5747980.0
1624	5796421.0
1625	5892548.0
1626	6087767.0
1627	6530304.0
1628	6312564.0
1629	6683447.0
1630	6861287.0
1631	6787688.0
1632	6794248.0
1633	6900986.0
1634	6968054.0
1635	7500909.0
1636	7373003.0
1637	7329343.0
1638	7422015.0
1639	7775496.0
1640	7597254.0
1641	7643816.0
1642	7106536.0
1643	7158106.0
1644	7259068.0
1645	7668769.0
1646	7855163.0
1647	8044033.0
1648	8343696.0
1649	8003525.0
1650	7742184.0
1651	8099309.0
1652	7996344.0
1653	7680177.0
1654	7718385.0
1655	7919974.0
1656	8061835.0
1657	8065119.0
1658	8100353.0
1659	7295793.0
1660	6942000.0
1661	7166244.0
1662	7366648.0
1663	7514743.0
1664	7536495.0
1665	7126206.0
1666	7249581.0
1667	7126206.0
1668	7420958.0
1669	7441789.0
1670	7594813.0
1671	7350898.0
1672	7466566.0
1673	7582162.0
1674	7600762.0
1675	7525938.0
1676	7257318.0
1677	7132598.0
1678	7100075.0
1679	7078323.0
1680	7026753.0
1681	6592207.0
1682	6444168.0
1683	6502077.0
1684	6615531.0
1685	6796147.0
1686	7114570.0
1687	7066960.0
1688	6960862.0
1689	6987013.0
1690	6841893.0
1691	6985007.0
1692	7108127.0
1693	7000007.0
1694	7075157.0
1695	7048135.0
1696	7245639.0
1697	7306920.0
1698	7561945.0
1699	7502836.0
1700	7727875.0
1701	7792361.0
1702	7779895.0
1703	7652734.0
1704	7441745.0
1705	7173370.0
1706	7236821.0
1707	7086363.0
1708	7141485.0
1709	7308199.0
1710	7253077.0
1711	7528255.0
1712	7377895.0
1713	7505056.0
1714	7568598.0
1715	7808791.0
1716	7762225.0
1717	7849586.0
1718	7635996.0
1719	7522505.0
1720	7384335.0
1721	7767012.0
1722	7774074.0
1723	7541530.0
1724	8324537.0
1725	8261220.0
1726	7685314.0
1727	7528507.0
1728	7689737.0
1729	7219699.0
1730	7047285.0
1731	7042858.0
1732	7046088.0
1733	7183992.0
1734	7327240.0
1735	7267587.0
1736	7522702.0
1737	7365184.0
1738	7446550.0
1739	7450729.0
1740	7533137.0
1741	8093020.0
1742	7756126.0
1743	7722405.0
1744	8212585.0
1745	8407317.0
1746	8414197.0
1747	8436241.0
1748	8451278.0
1749	8520570.0
1750	8672490.0
1751	8480057.0
1752	8129545.0
1753	7997363.0
1754	7741800.0
1755	7582275.0
1756	7490727.0
1757	7295995.0
1758	6854544.0
1759	6661612.0
1760	6679819.0
1761	6693039.0
1762	6648319.0
1763	6562968.0
1764	6793679.0
1765	6666518.0
1766	6573322.0
1767	6882988.0
1768	6894500.0
1769	6901810.0
1770	6875308.0
1771	6195262.0
1772	6223114.0
1773	6182185.0
1774	6182841.0
1775	6388845.0
1776	6410775.0
1777	6334645.0
1778	6074644.0
1779	5982412.0
1780	6051379.0
1781	6099955.0
1782	6355220.0
1783	6777066.0
1784	6306644.0
1785	6314060.0
1786	6352976.0
1787	6485885.0
1788	6510077.0
1789	6572164.0
1790	6404204.0
1791	6304772.0
1792	6483295.0
1793	6494635.0
1794	6485986.0
1795	6979721.0
1796	6929353.0
1797	7143835.0
1798	7116619.0
1799	6952206.0
1800	6759802.0
1801	6756778.0
1802	6620068.0
1803	6561157.0
1804	6591397.0
1805	6553489.0
1806	6502837.0
1807	6353311.0
1808	6445684.0
1809	6228774.0
1810	6078339.0
1811	6242752.0
1812	6363949.0
1813	6829669.0
1814	6721341.0
1815	6679468.0
1816	6722284.0
1817	6866422.0
1818	7113382.0
1819	6584366.0
1820	6306008.0
1821	6449527.0
1822	6177295.0
1823	6194115.0
1824	6389561.0
1825	6444061.0
1826	6502240.0
1827	6201023.0
1828	5957591.0
1829	5699407.0
1830	5795455.0
1831	5798278.0
1832	5648178.0
1833	5459513.0
1834	5369024.0
