1	7.173627
2	7.323171
3	7.352594
4	7.36813
5	7.36813
6	7.419722
7	7.503602
8	7.57531
9	7.598908
10	7.598908
11	7.61056
12	7.618342
13	7.626665
14	7.633221
15	7.633221
16	7.633221
17	7.646027
18	7.566464
19	7.725584
20	7.718156
21	7.781156
22	7.847603
23	7.865453
24	7.871757
25	7.838376
26	7.836492
27	7.848504
28	7.896825
29	7.90938
30	7.935581
31	7.955453
32	8.013389
33	8.013389
34	8.034861
35	8.034861
36	8.034861
37	8.005804
38	8.005804
39	8.203986
40	8.233853
41	8.233853
42	8.263473
43	8.301212
44	8.330498
45	8.330498
46	8.340857
47	8.344289
48	8.331347
49	8.331985
50	8.359104
51	8.359104
52	8.375302
53	8.375302
54	8.197662
55	8.238474
56	8.318074
57	8.301876
58	8.388719
59	8.453712
60	8.60516
61	8.364732
62	8.364732
63	8.364732
64	8.345524
65	7.984907
66	7.954057
67	7.903615
68	7.882979
69	7.912202
70	7.912202
71	7.915568
72	7.949968
73	7.949968
74	8.066203
75	8.105347
76	8.310322
77	8.156889
78	8.411529
79	8.411529
80	8.411529
81	8.645327
82	8.679401
83	8.462807
84	8.430047
85	8.430047
86	8.429211
87	8.429211
88	8.429211
89	8.415387
90	8.533809
91	8.584392
92	8.584392
93	8.619893
94	8.608369
95	8.608369
96	8.629103
97	8.656522
98	8.452446
99	8.594214
100	8.625998
101	8.641145
102	8.611895
103	8.389163
104	8.389163
105	8.378616
106	8.378616
107	8.378616
108	8.412546
109	8.380762
110	8.495866
111	8.499241
112	8.502973
113	8.893043
114	8.924827
115	8.924827
116	8.924827
117	8.625623
118	8.625623
119	8.657294
120	8.62142
121	8.691368
122	8.724775
123	8.691052
124	8.705497
125	8.718093
126	8.560227
127	8.76839
128	8.97016
129	8.97016
130	8.963942
131	9.044139
132	9.094385
133	9.094385
134	9.09749
135	9.059481
136	9.059481
137	9.080608
138	9.099164
139	9.098075
140	8.923998
141	8.698622
142	8.373866
143	8.308892
144	8.500191
145	8.504349
146	8.752882
147	8.752882
148	8.752882
149	8.688961
150	8.723803
151	8.723803
152	8.723803
153	8.723803
154	8.723803
155	8.743316
156	8.743316
157	8.691836
158	8.775342
159	8.819951
160	8.860316
161	8.860316
162	8.876228
163	8.88278
164	8.88278
165	8.897966
166	8.859892
167	8.859892
168	8.865342
169	8.865342
170	8.865342
171	8.856072
172	8.907552
173	8.728028
174	8.835678
175	8.834738
176	8.931795
177	8.834738
178	8.862939
179	8.862939
180	8.873009
181	8.873009
182	8.873009
183	8.873009
184	8.876952
185	8.907301
186	9.000387
187	9.000387
188	9.000387
189	9.000387
190	9.062568
191	9.085748
192	9.196476
193	9.177288
194	9.177288
195	9.21951
196	9.243534
197	9.243534
198	9.220032
199	9.247536
200	9.016619
201	9.146964
202	9.142404
203	9.142404
204	9.183295
205	9.183295
206	9.118314
207	9.248822
208	9.375205
209	9.375205
210	9.375205
211	9.375205
212	9.30936
213	9.30936
214	9.264954
215	9.351178
216	9.351178
217	9.406582
218	9.513854
219	9.543374
220	9.490566
221	9.543374
222	9.543374
223	9.543374
224	9.543374
225	9.543374
226	9.543374
227	9.483032
228	9.481628
229	9.625928
230	9.650534
231	9.650534
232	9.650534
233	9.650534
234	9.650534
235	9.650534
236	9.611487
237	9.611487
238	9.611487
239	9.611487
240	9.586881
241	9.611487
242	9.583983
243	9.559377
244	9.630261
245	9.630261
246	9.630261
247	9.630261
248	9.630261
249	9.599386
250	9.599386
251	9.599386
252	9.599386
253	9.644202
254	9.644202
255	9.644202
256	9.501454
257	9.535773
258	9.5111
259	9.5111
260	9.552268
261	9.552268
262	9.394365
263	9.58242
264	9.533373
265	9.500293
266	9.500293
267	9.466551
268	9.485107
269	9.485107
270	9.485107
271	9.485107
272	9.485107
273	9.485107
274	9.485107
275	9.485107
276	9.472769
277	9.481672
278	9.481672
279	9.868688
280	9.89555
281	9.89555
282	9.91202
283	9.913478
284	9.961775
285	10.004162
286	9.870036
287	9.779556
288	9.779556
289	9.57876
290	9.599477
291	9.749353
292	9.813033
293	9.813033
294	9.813033
295	9.813033
296	9.813033
297	9.758372
298	9.787532
299	9.827955
300	9.827955
301	9.827955
302	9.86027
303	9.86027
304	9.86027
305	9.87161
306	9.975055
307	9.987097
308	10.003945
309	9.910284
310	9.910284
311	9.833918
312	9.787898
313	9.787898
314	9.787898
315	9.787898
316	9.787898
317	9.787898
318	9.787898
319	9.787898
320	9.787898
321	9.749891
322	9.749891
323	9.749891
324	9.749891
325	9.741533
326	9.725219
327	9.725219
328	9.777935
329	9.777935
330	9.844839
331	9.844839
332	9.849735
333	9.849735
334	9.849735
335	9.849735
336	9.711999
337	9.711999
338	9.854312
339	9.91004
340	9.91004
341	9.91004
342	9.753228
343	9.748332
344	9.748332
345	9.748332
346	9.755053
347	9.856805
348	9.856805
349	9.856805
350	9.856805
351	9.784229
352	9.784229
353	9.856805
354	9.856805
355	9.871332
356	9.871332
357	9.871332
358	10.116038
359	10.116038
360	10.116038
361	10.167417
362	10.167417
363	10.18974
364	10.18974
365	10.18974
366	10.18974
367	10.234146
368	10.163373
369	10.163373
370	10.163373
371	10.163373
372	10.163373
373	10.206973
374	10.206973
375	10.206973
376	10.206973
377	10.206973
378	10.206973
379	10.136726
380	10.136726
381	9.983499
382	9.983499
383	9.983499
384	9.983499
385	10.091491
386	10.244718
387	10.244718
388	10.22415
389	10.22415
390	10.221281
391	10.221281
392	10.148705
393	10.148705
394	10.148705
395	10.186145
396	10.148705
397	10.148705
398	10.148705
399	10.148705
400	10.148705
401	10.148705
402	10.148705
403	10.148705
404	10.148705
405	10.186145
406	10.186145
407	10.186145
408	10.186145
409	10.186145
410	10.212285
411	10.109682
412	10.017025
413	10.017025
414	10.017025
415	10.017025
416	10.017044
417	10.017044
418	10.017044
419	10.017044
420	10.017044
421	9.981379
422	9.98477
423	9.98477
424	9.98477
425	9.949928
426	9.907342
427	9.907342
428	9.907342
429	9.907342
430	9.919767
431	9.813762
432	9.813762
433	9.813762
434	9.813762
435	9.813762
436	9.67379
437	9.67379
438	9.67379
439	9.67379
440	9.675051
441	9.773607
442	9.773607
443	9.773607
444	9.861197
445	9.982089
446	9.982089
447	9.982089
448	9.982089
449	9.982089
450	10.086721
451	10.086721
452	10.086721
453	10.086721
454	10.086721
455	10.086721
456	10.086721
457	10.108681
458	10.280477
459	10.280477
460	10.280477
461	10.280477
462	10.280477
463	10.280477
464	10.280477
465	10.280477
466	10.283822
467	10.283822
468	10.248002
469	10.248002
470	10.248002
471	10.248002
472	10.226042
473	10.269948
474	10.383681
475	10.383681
476	10.383681
477	10.383681
478	10.383681
479	10.383681
480	10.383681
481	10.389324
482	10.398876
483	10.315608
484	10.315608
485	10.31211
486	10.31211
487	10.31211
488	10.31211
489	10.31211
490	10.31211
491	10.339821
492	10.339821
493	10.339821
494	10.339821
495	10.339821
496	10.339821
497	10.339821
498	10.339821
499	10.339821
500	10.339821
501	10.339821
502	10.339821
503	10.339821
504	10.339821
505	10.339821
506	10.339821
507	10.353596
508	10.353596
509	10.286153
510	10.286153
511	10.152624
512	10.152624
513	10.152624
514	10.144188
515	10.144188
516	10.144188
517	10.144188
518	10.143404
519	10.143404
520	10.143404
521	10.143404
522	10.143404
523	10.195586
524	9.99214
525	9.99214
526	9.950757
527	9.950757
528	9.950757
529	9.922897
530	9.949815
531	9.948107
532	9.948107
533	9.948107
534	9.948107
535	9.689499
536	9.730911
537	9.639954
538	9.639954
539	9.639954
540	9.639954
541	9.639954
542	9.639954
543	9.639954
544	9.659
545	9.659
546	9.693842
547	9.693842
548	9.693842
549	9.69555
550	9.69555
551	9.69555
552	9.69555
553	9.695125
554	9.695125
555	9.695125
556	9.695125
557	9.695125
558	9.738769
559	9.845142
560	9.845567
561	10.038702
562	10.038702
563	10.038702
564	10.038702
565	10.038702
566	10.038702
567	10.038702
568	10.038702
569	10.038702
570	10.016217
571	10.016217
572	10.073131
573	10.073131
574	10.073131
575	10.073131
576	10.073131
577	10.133362
578	10.133362
579	10.144404
580	10.172529
581	10.172529
582	10.172529
583	10.172529
584	10.172529
585	10.172529
586	10.172529
587	10.172529
588	10.172529
589	10.172529
590	10.172529
591	10.08153
592	10.08153
593	10.08153
594	10.08153
595	10.116127
596	10.116127
597	10.116127
598	10.116127
599	10.116127
600	10.116127
601	10.116127
602	10.116127
603	10.36006
604	10.36006
605	10.36006
606	10.36006
607	10.36006
608	10.36006
609	10.36006
610	10.36006
611	10.346421
612	10.346421
613	10.346421
614	10.346421
615	10.346421
616	10.346421
617	10.346421
618	10.346421
619	10.346421
620	10.346421
621	10.346421
622	10.346421
623	10.346421
624	10.346421
625	10.346421
626	10.346421
627	10.346421
628	10.346421
629	10.346421
630	10.293487
631	10.233787
632	10.233787
633	10.233787
634	10.233787
635	10.233787
636	10.233787
637	10.233787
638	10.233787
639	10.231726
640	10.231726
641	10.231726
642	10.207168
643	10.207168
644	10.207168
645	10.191843
646	10.191843
647	10.203864
648	10.203864
649	10.203864
650	10.175739
651	10.175739
652	10.175739
653	10.175739
654	10.175739
655	10.175739
656	10.175739
657	10.175739
658	10.175739
659	10.175739
660	10.1778
661	10.1778
662	10.1778
663	10.1778
664	10.1778
665	10.1778
666	10.1778
667	10.1778
668	10.1778
669	10.142816
670	10.142816
671	10.192012
672	10.192012
673	10.192012
674	10.192012
675	10.173014
676	10.173014
677	10.187975
678	10.187975
679	10.187975
680	10.187975
681	10.187975
682	10.187975
683	10.187975
684	10.187975
685	10.205793
686	10.205793
687	10.205793
688	10.205793
689	10.205793
690	10.205793
691	10.205793
692	10.205793
693	10.205793
694	10.205793
695	10.205793
696	10.205793
697	10.205793
698	10.205793
699	10.213461
700	10.213461
701	10.213461
702	10.222222
703	10.222222
704	10.222222
705	10.214554
706	10.260964
707	10.234497
708	10.234497
709	10.234497
710	10.242855
711	10.318156
712	10.318156
713	10.318156
714	10.318156
715	10.318156
716	10.318156
717	10.318156
718	10.318156
719	10.318156
720	10.318156
721	10.318156
722	10.254721
723	10.254721
724	10.254721
725	10.254721
726	10.224671
727	10.224671
728	10.224671
729	10.224671
730	10.224671
731	10.224671
732	10.224671
733	10.183677
734	10.183677
735	10.183677
736	10.183677
737	10.183677
738	10.299445
739	10.299445
740	10.293802
741	10.306936
742	10.306936
743	10.306936
744	10.306936
745	10.279898
746	10.279898
747	10.279898
748	10.279898
749	10.279898
750	10.268077
751	10.24121
752	10.243821
753	10.243821
754	10.243821
755	10.243821
756	10.251561
757	10.251561
758	10.251561
759	10.436727
760	10.436727
761	10.436727
762	10.424417
763	10.424417
764	10.424417
765	10.424417
766	10.378007
767	10.378007
768	10.378007
769	10.378007
770	10.378007
771	10.387706
772	10.393349
773	10.393349
774	10.393349
775	10.393349
776	10.393349
777	10.385609
778	10.385609
779	10.385609
780	10.385609
781	10.393349
782	10.393349
783	10.393349
784	10.393349
785	10.393349
786	10.393349
787	10.393349
788	10.393349
789	10.439759
790	10.439759
791	10.432019
792	10.432019
793	10.391821
794	10.391821
795	10.391821
796	10.391821
797	10.391821
798	10.391821
799	10.391821
800	10.391821
801	10.391821
802	10.337063
803	10.337063
804	10.344803
805	10.344803
806	10.337063
807	10.337063
808	10.337063
809	10.337063
810	10.337063
811	10.337063
812	10.337063
813	10.337063
814	10.337063
815	10.337063
816	10.337063
817	10.305223
818	10.312963
819	10.312963
820	10.312963
821	10.312963
822	10.312963
823	10.312963
824	10.312963
825	10.312963
826	10.312963
827	10.312963
828	10.312963
829	10.312963
830	10.312963
831	10.312963
832	10.312963
833	10.344803
834	10.344803
835	10.344803
836	10.344803
837	10.344803
838	10.344803
839	10.344803
840	10.344803
841	10.257796
842	10.250056
843	10.250056
844	10.257796
845	10.29879
846	10.29105
847	10.29105
848	10.29105
849	10.29105
850	10.29105
851	10.320303
852	10.320303
853	10.328043
854	10.328043
855	10.328043
856	10.328043
857	10.328043
858	10.328043
859	10.328043
860	10.328043
861	10.328043
862	10.328043
863	10.328043
864	10.328043
865	10.328043
866	10.328043
867	10.328043
868	10.328043
869	10.328043
870	10.328043
871	10.328043
872	10.328043
873	10.296203
874	10.289682
875	10.219399
876	10.251402
877	10.243662
878	10.243662
879	10.243662
880	10.248392
881	10.248392
882	10.248392
883	10.262359
884	10.265369
885	10.265369
886	10.24672
887	10.24672
888	10.24672
889	10.24672
890	10.24672
891	10.362706
892	10.362706
893	10.362706
894	10.362706
895	10.362706
896	10.362706
897	10.362706
898	10.359696
899	10.362706
900	10.359696
901	10.359696
902	10.359696
903	10.359696
904	10.28896
905	10.29197
906	10.29197
907	10.24556
908	10.24556
909	10.24556
910	10.24556
911	10.24556
912	10.24556
913	10.24255
914	10.24255
915	10.24255
916	10.24255
917	10.24255
918	10.24255
919	10.24255
920	10.24255
921	10.28896
922	10.28896
923	10.28896
924	10.28896
925	10.29197
926	10.29197
927	10.29197
928	10.29197
929	10.29197
930	10.29197
931	10.29197
932	10.29197
933	10.29197
934	10.29197
935	10.29197
936	10.29197
937	10.257344
938	10.257344
939	10.257344
940	10.257344
941	10.257344
942	10.257344
943	10.257344
944	10.257344
945	10.257344
946	10.257344
947	10.257344
948	10.257344
949	10.254334
950	10.254334
951	10.254334
952	10.234279
953	10.234279
954	10.234279
955	10.304562
956	10.304562
957	10.304562
958	10.304562
959	10.304562
960	10.304562
961	10.304562
962	10.304562
963	10.290595
964	10.290595
965	10.290595
966	10.290595
967	10.290595
968	10.290595
969	10.290595
970	10.290595
971	10.290595
972	10.290595
973	10.290595
974	10.290595
975	10.290595
976	10.290595
977	10.290595
978	10.290595
979	10.289802
980	10.289802
981	10.289802
982	10.289802
983	10.289802
984	10.289802
985	10.289802
986	10.289802
987	10.289802
988	10.289802
989	10.289802
990	10.302558
991	10.301871
992	10.363244
993	10.363244
994	10.363244
995	10.363244
996	10.363244
997	10.351149
998	10.351149
999	10.351149
1000	10.351149
1001	10.351149
1002	10.351149
1003	10.351149
1004	10.351149
1005	10.380004
1006	10.380004
1007	10.380004
1008	10.381994
1009	10.381994
1010	10.369238
1011	10.401169
1012	10.401169
1013	10.401169
1014	10.401169
1015	10.401169
1016	10.401169
1017	10.410899
1018	10.410899
1019	10.410899
1020	10.410899
1021	10.410899
1022	10.410899
1023	10.410899
1024	10.410899
1025	10.410899
1026	10.410899
1027	10.439091
1028	10.439091
1029	10.439091
1030	10.439091
1031	10.4536
1032	10.500693
1033	10.500693
1034	10.500693
1035	10.513449
1036	10.513449
1037	10.513449
1038	10.513449
1039	10.513449
1040	10.513449
1041	10.497927
1042	10.497927
1043	10.497927
1044	10.497927
1045	10.497927
1046	10.497927
1047	10.497927
1048	10.497927
1049	10.497927
1050	10.497927
1051	10.497927
1052	10.497927
1053	10.497927
1054	10.497927
1055	10.497927
1056	10.497927
1057	10.497927
1058	10.497927
1059	10.497927
1060	10.497927
1061	10.497927
1062	10.495141
1063	10.495141
1064	10.507236
1065	10.507236
1066	10.507236
1067	10.507236
1068	10.507236
1069	10.507236
1070	10.507236
1071	10.507236
1072	10.507236
1073	10.507236
1074	10.507236
1075	10.507236
1076	10.507236
1077	10.507236
1078	10.507236
1079	10.49448
1080	10.49448
1081	10.49448
1082	10.49448
1083	10.49448
1084	10.49448
1085	10.49448
1086	10.495369
1087	10.495369
1088	10.495369
1089	10.495369
1090	10.495369
1091	10.495369
1092	10.495369
1093	10.495369
1094	10.495369
1095	10.495369
1096	10.495369
1097	10.495369
1098	10.495369
1099	10.495369
1100	10.495369
1101	10.495369
1102	10.541537
1103	10.541537
1104	10.541537
1105	10.540648
1106	10.540648
1107	10.540648
1108	10.553404
1109	10.540648
1110	10.540648
1111	10.540648
1112	10.540648
1113	10.540648
1114	10.543434
1115	10.543434
1116	10.543434
1117	10.543434
1118	10.543434
1119	10.543434
1120	10.543434
1121	10.543434
1122	10.543434
1123	10.543434
1124	10.543434
1125	10.543434
1126	10.543434
1127	10.543434
1128	10.543434
1129	10.543434
1130	10.543434
1131	10.543434
1132	10.528925
1133	10.479729
1134	10.492485
1135	10.492485
1136	10.56445
1137	10.56445
1138	10.56445
1139	10.56445
1140	10.56445
1141	10.56445
1142	10.566292
1143	10.580801
1144	10.580801
1145	10.580801
1146	10.580801
1147	10.580801
1148	10.580801
1149	10.580801
1150	10.580801
1151	10.580801
1152	10.583162
1153	10.571067
1154	10.571067
1155	10.571067
1156	10.571067
1157	10.556558
1158	10.556558
1159	10.556558
1160	10.556558
1161	10.556558
1162	10.556558
1163	10.559063
1164	10.559063
1165	10.559063
1166	10.573572
1167	10.573572
1168	10.573572
1169	10.573572
1170	10.573572
1171	10.573572
1172	10.573572
1173	10.573572
1174	10.573572
1175	10.573572
1176	10.573572
1177	10.573572
1178	10.589094
1179	10.589094
1180	10.589094
1181	10.589094
1182	10.589094
1183	10.589094
1184	10.589094
1185	10.589094
1186	10.589094
1187	10.589094
1188	10.589094
1189	10.589094
1190	10.589094
1191	10.589094
1192	10.589094
1193	10.589094
1194	10.589094
1195	10.589094
1196	10.589094
1197	10.589094
1198	10.589094
1199	10.589094
1200	10.589094
1201	10.589094
1202	10.589094
1203	10.589094
1204	10.589094
1205	10.589094
1206	10.589094
1207	10.589094
1208	10.589094
1209	10.589094
1210	10.589094
1211	10.589094
1212	10.589094
1213	10.574585
1214	10.589094
1215	10.589094
1216	10.589094
1217	10.589094
1218	10.589094
1219	10.589094
1220	10.589094
1221	10.589094
1222	10.589094
1223	10.589094
1224	10.589094
1225	10.601189
1226	10.601189
1227	10.601189
1228	10.601189
1229	10.601189
1230	10.601189
1231	10.601189
1232	10.601189
1233	10.601189
1234	10.601189
1235	10.589094
1236	10.573572
1237	10.573572
1238	10.573572
1239	10.573572
1240	10.573572
1241	10.573572
1242	10.573572
1243	10.573572
1244	10.573572
1245	10.573572
1246	10.573572
1247	10.573572
1248	10.573572
1249	10.573572
1250	10.573572
1251	10.573572
1252	10.573572
1253	10.573572
1254	10.573572
1255	10.594358
1256	10.594358
1257	10.594358
1258	10.646345
1259	10.646345
1260	10.646345
1261	10.646345
1262	10.646345
1263	10.646345
1264	10.646345
1265	10.646345
1266	10.65844
1267	10.65844
1268	10.65844
1269	10.65844
1270	10.65844
1271	10.65844
1272	10.643931
1273	10.643931
1274	10.65844
1275	10.65844
1276	10.65844
1277	10.65844
1278	10.65844
1279	10.65844
1280	10.65844
1281	10.65844
1282	10.65844
1283	10.65844
1284	10.65844
1285	10.65844
1286	10.65844
1287	10.65844
1288	10.775305
1289	10.775305
1290	10.775305
1291	10.788837
1292	10.788837
1293	10.788837
1294	10.788837
1295	10.788837
1296	10.788837
1297	10.788837
1298	10.788837
1299	10.788837
1300	10.788837
1301	10.788837
1302	10.788837
1303	10.788837
1304	10.788837
1305	10.788837
1306	10.788837
1307	10.788837
1308	10.788837
1309	10.788837
1310	10.788837
1311	10.788837
1312	10.788837
1313	10.788837
1314	10.788837
1315	10.788837
1316	10.788837
1317	10.788837
1318	10.788837
1319	10.786051
1320	10.786051
1321	10.786051
1322	10.786051
1323	10.786051
1324	10.78694
1325	10.78694
1326	10.78694
1327	10.78694
1328	10.78694
1329	10.78694
1330	10.78694
1331	10.78694
1332	10.78694
1333	10.78694
1334	10.78694
1335	10.78694
1336	10.78694
1337	10.78694
1338	10.78694
1339	10.78694
1340	10.78694
1341	10.78694
1342	10.78694
1343	10.78694
1344	10.78694
1345	10.78694
1346	10.78694
1347	10.78694
1348	10.78694
1349	10.78694
1350	10.78694
1351	10.78694
1352	10.78694
1353	10.78694
1354	10.78694
1355	10.78694
1356	10.78694
1357	10.78694
1358	10.78694
1359	10.78694
1360	10.78694
1361	10.78694
1362	10.78694
1363	10.78694
1364	10.78694
1365	10.78694
1366	10.78694
1367	10.78694
1368	10.78694
1369	10.78694
1370	10.78694
1371	10.78694
1372	10.78694
1373	10.78694
1374	10.78694
1375	10.78694
1376	10.78694
1377	10.78694
1378	10.78694
1379	10.78694
1380	10.78694
1381	10.78694
1382	10.78694
1383	10.78694
1384	10.78694
1385	10.78694
1386	10.78694
1387	10.78694
1388	10.78694
1389	10.78694
1390	10.78694
1391	10.78694
1392	10.78694
1393	10.78694
1394	10.78694
1395	10.78694
1396	10.78694
1397	10.78694
1398	10.757289
1399	10.757289
1400	10.757289
1401	10.757289
1402	10.757289
1403	10.757289
1404	10.757289
1405	10.757289
1406	10.757289
1407	10.757289
1408	10.757289
1409	10.757289
1410	10.757289
1411	10.7564
1412	10.7564
1413	10.7564
1414	10.7564
1415	10.7564
1416	10.7564
1417	10.7564
1418	10.7564
1419	10.7564
1420	10.7564
1421	10.7564
1422	10.7564
1423	10.7564
1424	10.7564
1425	10.7564
1426	10.757289
1427	10.757289
1428	10.757289
1429	10.757289
1430	10.757289
1431	10.757289
1432	10.757289
1433	10.757289
1434	10.757289
1435	10.757289
1436	10.757289
1437	10.757289
1438	10.757289
1439	10.757289
1440	10.757289
1441	10.757289
1442	10.757289
1443	10.757289
1444	10.757289
1445	10.757289
1446	10.757289
1447	10.78694
1448	10.78694
1449	10.78694
1450	10.78694
1451	10.78694
1452	10.78694
1453	10.78694
1454	10.78694
1455	10.78694
1456	10.78694
1457	10.78694
1458	10.78694
1459	10.78694
1460	10.78694
1461	10.78694
1462	10.78694
1463	10.78694
1464	10.78694
1465	10.78694
1466	10.78694
1467	10.78694
1468	10.78694
1469	10.78694
1470	10.78694
1471	10.78694
1472	10.78694
1473	10.78694
1474	10.78694
1475	10.78694
1476	10.78694
1477	10.78694
1478	10.78694
1479	10.78694
1480	10.78694
1481	10.78694
1482	10.78694
1483	10.78694
1484	10.78694
1485	10.78694
1486	10.78694
1487	10.78694
1488	10.78694
1489	10.78694
1490	10.78694
1491	10.78694
1492	10.772431
1493	10.772431
1494	10.772431
1495	10.772431
1496	10.772431
1497	10.772431
1498	10.772431
1499	10.772431
1500	10.772431
1501	10.78694
1502	10.78694
1503	10.78694
1504	10.78694
1505	10.78694
1506	10.78694
1507	10.78694
1508	10.78694
1509	10.78694
1510	10.78694
1511	10.78694
1512	10.78694
1513	10.78694
1514	10.78694
1515	10.78694
1516	10.78694
1517	10.78694
1518	10.78694
1519	10.78694
1520	10.78694
1521	10.78694
1522	10.78694
1523	10.78694
1524	10.78694
1525	10.78694
1526	10.78694
1527	10.78694
1528	10.78694
1529	10.78694
1530	10.78694
1531	10.78694
1532	10.78694
1533	10.78694
1534	10.78694
1535	10.78694
1536	10.78694
1537	10.78694
1538	10.78694
1539	10.78694
1540	10.78694
1541	10.78694
1542	10.78694
1543	10.78694
1544	10.78694
1545	10.78694
1546	10.78694
1547	10.78694
1548	10.78694
1549	10.78694
1550	10.78694
1551	10.78694
1552	10.78694
1553	10.78694
1554	10.78694
1555	10.78694
1556	10.78694
1557	10.78694
1558	10.78694
1559	10.78694
1560	10.78694
1561	10.78694
1562	10.78694
1563	10.78694
1564	10.78694
1565	10.78694
1566	10.78694
1567	10.78694
1568	10.78694
1569	10.78694
1570	10.78694
1571	10.78694
1572	10.78694
1573	10.78694
1574	10.78694
1575	10.78694
1576	10.78694
1577	10.78694
1578	10.78694
1579	10.78694
1580	10.78694
1581	10.78694
1582	10.78694
1583	10.78694
1584	10.78694
1585	10.78694
1586	10.836136
1587	10.836136
1588	10.836136
1589	10.836136
1590	10.836136
1591	10.836136
1592	10.836136
1593	10.836136
1594	10.836136
1595	10.836136
1596	10.836136
1597	10.836136
1598	10.836136
1599	10.836136
1600	10.836136
1601	10.836136
1602	10.836136
1603	10.836136
1604	10.836136
1605	10.836136
1606	10.821627
1607	10.821627
1608	10.821627
1609	10.821627
1610	10.821627
1611	10.821627
1612	10.821627
1613	10.821627
1614	10.821627
1615	10.821627
1616	10.821627
1617	10.821627
1618	10.821627
1619	10.821627
1620	10.821627
1621	10.821627
1622	10.821627
1623	10.821627
1624	10.821627
1625	10.821627
1626	10.821627
1627	10.821627
1628	10.821627
1629	10.821627
1630	10.821627
1631	10.821627
1632	10.821627
1633	10.821627
1634	10.821627
1635	10.819637
1636	10.819637
1637	10.819637
1638	10.819637
1639	10.819637
1640	10.906644
1641	10.921153
1642	10.921153
1643	10.921153
1644	10.921153
1645	10.921153
1646	10.921153
1647	10.921153
1648	10.921153
1649	10.921153
1650	10.921153
1651	10.921153
1652	10.921153
1653	10.931103
1654	10.931103
1655	10.931103
1656	10.931103
1657	10.931103
1658	10.931103
1659	10.931103
1660	10.931103
1661	10.931103
1662	10.931103
1663	10.931103
1664	10.931103
1665	10.931103
1666	10.931103
1667	10.931103
1668	10.931103
1669	10.931103
1670	10.931103
1671	10.933
1672	10.933
1673	10.933
1674	10.933
1675	10.933
1676	10.933
1677	10.933
1678	10.933
1679	10.933
1680	10.933
1681	10.933
1682	10.933
1683	10.933
1684	10.933
1685	10.933
1686	10.933
1687	10.933
1688	10.933
1689	10.933
1690	10.933
1691	10.933
1692	10.933
1693	10.933
1694	10.933
1695	10.933
1696	10.933
1697	10.933
1698	10.933
1699	10.933
1700	10.933
1701	10.933
1702	10.933
1703	10.933
1704	10.933
1705	10.933
1706	10.933
1707	10.933
1708	10.933
1709	10.933
1710	10.933
1711	10.933
1712	10.933
1713	10.933
1714	10.933
1715	10.933
1716	10.933
1717	10.933
1718	10.933
1719	10.933
1720	10.933
1721	10.933
1722	10.933
1723	10.933
1724	10.933
1725	10.933
1726	10.933
1727	10.933
1728	10.933
1729	10.933
1730	10.918491
1731	10.918491
1732	10.918491
1733	10.918491
1734	10.918491
1735	10.918491
1736	10.918491
1737	10.915705
1738	10.915705
1739	10.915705
1740	10.930214
1741	10.930214
1742	10.930214
1743	10.930214
1744	10.930214
1745	10.930214
1746	10.930214
1747	10.930214
1748	10.930214
1749	10.930214
1750	10.930214
1751	10.930214
1752	10.930214
1753	10.930214
1754	10.930214
1755	10.930214
1756	10.930214
1757	10.930214
1758	10.930214
1759	10.930214
1760	10.930214
1761	10.930214
1762	10.930214
1763	10.930214
1764	10.930214
1765	10.930214
1766	10.930214
1767	10.930214
1768	10.930214
1769	10.921856
1770	10.921856
1771	10.921856
1772	10.921856
1773	10.921856
1774	10.921856
1775	10.921856
1776	10.921856
1777	10.921856
1778	10.921856
1779	10.921856
1780	10.921856
1781	10.921856
1782	10.921856
1783	10.921856
1784	10.921856
1785	10.921856
1786	10.921856
1787	10.921856
1788	10.921856
1789	10.921856
1790	10.921856
1791	10.921856
1792	10.921856
1793	10.921856
1794	10.921856
1795	10.921856
1796	10.921856
1797	10.921856
1798	10.921856
1799	10.921856
1800	10.921856
1801	10.921856
1802	10.921856
1803	10.921856
1804	10.921856
1805	10.921856
1806	10.921856
1807	10.921856
1808	10.921856
1809	10.921856
1810	10.921856
1811	10.921856
1812	10.921856
1813	10.921856
1814	10.921856
1815	10.921856
1816	10.921856
1817	10.921856
1818	10.921856
1819	10.921856
1820	10.921856
1821	10.921856
1822	10.921856
1823	10.921856
1824	10.921856
1825	10.921856
1826	10.921856
1827	10.921856
1828	10.921856
1829	10.921856
1830	10.921856
1831	10.921856
1832	10.921856
1833	10.921856
1834	10.921856
1835	10.921856
1836	10.921856
1837	10.921856
1838	10.921856
1839	10.921856
1840	10.921856
1841	10.921856
1842	10.921856
1843	10.921856
1844	10.921856
1845	10.921856
1846	10.921856
1847	10.921856
1848	10.908324
1849	10.908324
1850	10.908324
1851	10.908324
1852	10.908324
1853	10.908324
1854	10.908324
1855	10.908324
1856	10.908324
1857	10.908324
1858	10.908324
1859	10.908324
1860	10.908324
1861	10.908324
1862	10.908324
1863	10.908324
1864	10.908324
1865	10.908324
1866	10.908324
1867	10.908324
1868	10.908324
1869	10.916682
1870	10.916682
1871	10.916682
1872	10.916682
1873	10.916682
1874	10.916682
1875	10.916682
1876	10.916682
1877	10.917571
1878	10.917571
1879	10.917571
1880	10.917571
1881	10.917571
1882	10.917571
1883	10.917571
1884	10.917571
1885	10.917571
1886	10.917571
1887	10.917571
1888	10.917571
1889	10.917571
1890	10.917571
1891	10.917571
1892	10.917571
1893	10.917571
1894	10.917571
1895	10.917571
1896	10.917571
1897	10.917571
1898	10.917571
1899	10.917571
1900	10.917571
1901	10.917571
1902	10.917571
1903	10.917571
1904	10.917571
1905	10.917173
1906	10.917173
1907	10.917173
1908	10.917173
1909	10.917173
1910	10.917173
1911	10.917173
1912	10.917173
1913	10.917173
1914	10.917173
1915	10.917173
1916	10.917173
1917	10.917173
1918	10.917173
1919	10.917173
1920	10.917173
1921	10.917173
1922	10.917173
1923	10.91907
1924	10.91907
1925	10.91907
1926	10.91907
1927	10.91907
1928	10.91907
1929	10.91907
1930	10.91907
1931	10.91907
1932	10.91907
1933	10.91907
1934	10.91907
1935	10.91907
1936	10.91907
1937	10.91907
1938	10.91907
1939	10.91907
1940	10.91907
1941	10.91907
1942	10.91907
1943	10.91907
1944	10.91907
1945	10.91907
1946	10.91907
1947	10.91907
1948	10.91907
1949	10.91907
1950	10.91907
1951	10.91907
1952	10.91907
1953	10.91907
1954	10.91907
1955	10.91907
1956	10.91907
1957	10.91907
1958	10.91907
1959	10.91907
1960	10.91907
1961	10.91907
1962	10.91907
1963	10.91907
1964	10.91907
1965	10.91907
1966	10.91907
1967	10.919468
1968	10.919468
1969	10.919468
1970	10.919468
1971	10.919468
1972	10.919468
1973	10.919468
1974	10.919468
1975	10.919468
1976	10.919468
1977	10.919468
1978	10.919468
1979	10.919468
1980	10.919468
1981	10.919468
1982	10.919468
1983	10.919468
1984	10.919468
1985	10.919468
1986	10.919468
1987	10.919468
1988	10.919468
1989	10.919468
1990	10.919468
1991	10.919468
1992	10.919468
1993	10.919468
1994	10.919468
1995	10.919468
1996	10.919468
1997	10.919468
1998	10.919468
1999	10.919468
2000	10.919468
2001	10.919468
2002	10.919468
2003	10.919468
2004	10.919468
2005	10.919468
2006	10.919468
2007	10.919468
2008	10.919468
2009	10.919468
2010	10.919468
2011	10.919468
2012	10.919468
2013	10.919468
2014	10.919468
2015	10.919468
2016	10.919468
2017	10.919468
2018	10.919468
2019	10.919468
2020	10.919468
2021	10.919468
2022	10.919468
2023	10.919468
2024	10.919468
2025	10.919468
2026	10.919468
2027	10.919468
2028	10.919468
2029	10.919468
2030	10.919468
2031	10.919468
2032	10.919468
2033	10.919468
2034	10.919468
2035	10.919468
2036	10.919468
2037	10.919468
2038	10.919468
2039	10.919468
2040	10.919468
2041	10.919468
2042	10.919468
2043	10.919468
2044	10.919468
2045	10.919468
2046	10.919468
2047	10.919468
2048	10.919468
2049	10.919468
2050	10.919468
2051	10.919468
2052	10.919468
2053	10.919468
2054	10.919468
2055	10.919468
2056	10.919468
2057	10.919468
2058	10.919468
2059	10.919468
2060	10.919468
2061	10.919468
2062	10.919468
2063	10.919468
2064	10.919468
2065	10.919468
2066	10.919468
2067	10.919468
2068	10.919468
2069	10.919468
2070	10.919468
2071	10.933
2072	10.933
2073	10.933
2074	10.933
2075	10.933
2076	10.933
2077	10.933
2078	10.933
2079	10.933
2080	10.933
2081	10.933
2082	10.933
2083	10.933
2084	10.931103
2085	10.931103
2086	10.931103
2087	10.931103
2088	10.931103
2089	10.931103
2090	10.931103
2091	10.931103
2092	10.931103
2093	10.931103
2094	10.931103
2095	10.931103
2096	10.931103
2097	10.931103
2098	10.931103
2099	10.931103
2100	10.931103
2101	10.931103
2102	10.931103
2103	10.931103
2104	10.931103
2105	10.931103
2106	10.931103
2107	10.931103
2108	10.931103
2109	10.931103
2110	10.931103
2111	10.931103
2112	10.931103
2113	10.931103
2114	10.931103
2115	10.931103
2116	10.931103
2117	10.931103
2118	10.931103
2119	10.931103
2120	10.931103
2121	10.931103
2122	10.931103
2123	10.931103
2124	10.931103
2125	10.931103
2126	10.931103
2127	10.931103
2128	10.931103
2129	10.931103
2130	10.931103
2131	10.931103
2132	10.931103
2133	10.931103
2134	10.931103
2135	10.931103
2136	10.931103
2137	10.931103
2138	10.931103
2139	10.931103
2140	10.931103
2141	10.931103
2142	10.931103
2143	10.931103
2144	10.931103
2145	10.931103
2146	10.931103
2147	10.931103
2148	10.931103
2149	10.931103
2150	10.931103
2151	10.931103
2152	10.931103
2153	10.931103
2154	10.931103
2155	10.931103
2156	10.931103
2157	10.931103
2158	10.931103
2159	10.931103
2160	10.931103
2161	10.931103
2162	10.931103
2163	10.931103
2164	10.931103
2165	10.931103
2166	10.931103
2167	10.931103
2168	10.931103
2169	10.931103
2170	10.931103
2171	10.931103
2172	10.931103
2173	10.931103
2174	10.931103
2175	10.931103
2176	10.931103
2177	10.931103
2178	10.931103
2179	10.931103
2180	10.931103
2181	10.931103
2182	10.931103
2183	10.931103
2184	10.931103
2185	10.931103
2186	10.931103
2187	10.931103
2188	10.931103
2189	10.931103
2190	10.931103
2191	10.931103
2192	10.931103
2193	10.931103
2194	10.931103
2195	10.931103
2196	10.931103
2197	10.931103
2198	10.931103
2199	10.931103
2200	10.931103
2201	10.931103
2202	10.931103
2203	10.931103
2204	10.931103
2205	10.931103
2206	10.931103
2207	10.931103
2208	10.931103
2209	10.931103
2210	10.931103
2211	10.931103
2212	10.931103
2213	10.931103
2214	10.931103
2215	10.931103
2216	10.931103
2217	10.931103
2218	10.931103
2219	10.931103
2220	10.931103
2221	10.931103
2222	10.931103
2223	10.931103
2224	10.931103
2225	10.931103
2226	10.931103
2227	10.931103
2228	10.931103
2229	10.931103
2230	10.931103
2231	10.931103
2232	10.931103
2233	10.931103
2234	10.931103
2235	10.931103
2236	10.931103
2237	10.931103
2238	10.931103
2239	10.931103
2240	10.931103
2241	10.931103
2242	10.931103
2243	10.931103
2244	10.931103
2245	10.931103
2246	10.931103
2247	10.931103
2248	10.931103
2249	10.931103
2250	10.931103
2251	10.931103
2252	10.931103
2253	10.931103
2254	10.931103
2255	10.931103
2256	10.931103
2257	10.931103
2258	10.931103
2259	10.931103
2260	10.931103
2261	10.931103
2262	10.931103
2263	10.931103
2264	10.931103
2265	10.931103
2266	10.931103
2267	10.931103
2268	10.931103
2269	10.931103
2270	10.931103
2271	10.931103
2272	10.931103
2273	10.931103
2274	10.931103
2275	10.931103
2276	10.931103
2277	10.931103
2278	10.931103
2279	10.931103
2280	10.931103
2281	10.931103
2282	10.931103
2283	10.931103
2284	10.931103
2285	10.931103
2286	10.931103
2287	10.931103
2288	10.931103
2289	10.931103
2290	10.931103
2291	10.931103
2292	10.931103
2293	10.931103
2294	10.931103
2295	10.931103
2296	10.931103
2297	10.931103
2298	10.931103
2299	10.931103
2300	10.931103
2301	10.931103
2302	10.931103
2303	10.931103
2304	10.931103
2305	10.931103
2306	10.931103
2307	10.931103
2308	10.931103
2309	10.931103
2310	10.931103
2311	10.931103
2312	10.931103
2313	10.931103
2314	10.931103
2315	10.931103
2316	10.931103
2317	10.931103
2318	10.931103
2319	10.931103
2320	10.931103
2321	10.931103
2322	10.931103
2323	10.931103
2324	10.931103
2325	10.931103
2326	10.931103
2327	10.931103
2328	10.931103
2329	10.931103
2330	10.931103
2331	10.931103
2332	10.931103
2333	10.931103
2334	10.931103
2335	10.931103
2336	10.931103
2337	10.931103
2338	10.931103
2339	10.931103
2340	10.931103
2341	10.931103
2342	10.931103
2343	10.931103
2344	10.931103
2345	10.931103
2346	10.931103
2347	10.931103
2348	10.931103
2349	10.931103
2350	10.931103
2351	10.931103
2352	10.931103
2353	10.931103
2354	10.931103
2355	10.931103
2356	10.931103
2357	10.931103
2358	10.931103
2359	10.931103
2360	10.931103
2361	10.931103
2362	10.931103
2363	10.931103
2364	10.931103
2365	10.931103
2366	10.931103
2367	10.931103
2368	10.931103
2369	10.931103
2370	10.931103
2371	10.931103
2372	10.931103
2373	10.931103
2374	10.931103
2375	10.931103
2376	10.931103
2377	10.931103
2378	10.931103
2379	10.931103
2380	10.931103
2381	10.931103
2382	10.931103
2383	10.931103
2384	10.931103
2385	10.931103
2386	10.931103
2387	10.931103
2388	10.931103
2389	10.931103
2390	10.931103
2391	10.931103
2392	10.931103
2393	10.931103
2394	10.931103
2395	10.931103
2396	10.931103
2397	10.931103
2398	10.931103
2399	10.931103
2400	10.931103
2401	10.931103
2402	10.931103
2403	10.931103
2404	10.931103
2405	10.931103
2406	10.931103
2407	10.931103
2408	10.931103
2409	10.931103
2410	10.931103
2411	10.931103
2412	10.931103
2413	10.931103
2414	10.931103
2415	10.931103
2416	10.931103
2417	10.931103
2418	10.931103
2419	10.931103
2420	10.931103
2421	10.931103
2422	10.931103
2423	10.931103
2424	10.931103
2425	10.931103
2426	10.931103
2427	10.931103
2428	10.931103
2429	10.931103
2430	10.931103
2431	10.931103
2432	10.931103
2433	10.931103
2434	10.931103
2435	10.931103
2436	10.931103
2437	10.931103
2438	10.931103
2439	10.931103
2440	10.931103
2441	10.931103
2442	10.931103
2443	10.931103
2444	10.931103
2445	10.931103
2446	10.931103
2447	10.931103
2448	10.931103
2449	10.931103
2450	10.931103
2451	10.931103
2452	10.931103
2453	10.931103
2454	10.931103
2455	10.931103
2456	10.931103
2457	10.931103
2458	10.931103
2459	10.931103
2460	10.931103
2461	10.931103
2462	10.931103
2463	10.931103
2464	10.931103
2465	10.931103
2466	10.931103
2467	10.931103
2468	10.931103
2469	10.931103
2470	10.931103
2471	10.931103
2472	10.931103
2473	10.931103
2474	10.931103
2475	10.931103
2476	10.931103
2477	10.931103
2478	10.931103
2479	10.931103
2480	10.931103
2481	10.931103
2482	10.931103
2483	10.931103
2484	10.931103
2485	10.931103
2486	10.931103
2487	10.931103
2488	10.931103
2489	10.931103
2490	10.931103
2491	10.931103
2492	10.931103
2493	10.931103
2494	10.931103
2495	10.931103
2496	10.931103
2497	10.931103
2498	10.931103
2499	10.931103
2500	10.931103
2501	10.931103
2502	10.931103
2503	10.931103
2504	10.931103
2505	10.931103
2506	10.931103
2507	10.931103
2508	10.931103
2509	10.931103
2510	10.931103
2511	10.931103
2512	10.931103
2513	10.931103
2514	10.931103
2515	10.931103
2516	10.931103
2517	10.931103
2518	10.931103
2519	10.931103
2520	10.931103
2521	10.931103
2522	10.931103
2523	10.931103
2524	10.931103
2525	10.931103
2526	10.931103
2527	10.931103
2528	10.931103
2529	10.931103
2530	10.931103
2531	10.931103
2532	10.931103
2533	10.931103
2534	10.931103
2535	10.931103
2536	10.931103
2537	10.931103
2538	10.931103
2539	10.931103
2540	10.931103
2541	10.931103
2542	10.931103
2543	10.931103
2544	10.931103
2545	10.931103
2546	10.931103
2547	10.931103
2548	10.931103
2549	10.931103
2550	10.931103
2551	10.931103
2552	10.931103
2553	10.931103
2554	10.931103
2555	10.931103
2556	10.931103
2557	10.931103
2558	10.931103
2559	10.931103
2560	10.931103
2561	10.931103
2562	10.931103
2563	10.931103
2564	10.931103
2565	10.931103
2566	10.931103
2567	10.931103
2568	10.931103
2569	10.931103
2570	10.931103
2571	10.931103
2572	10.931103
2573	10.931103
2574	10.931103
2575	10.931103
2576	10.931103
2577	10.931103
2578	10.931103
2579	10.931103
2580	10.931103
2581	10.931103
2582	10.931103
2583	10.931103
2584	10.931103
2585	10.931103
2586	10.931103
2587	10.931103
2588	10.931103
2589	10.931103
2590	10.931103
2591	10.931103
2592	10.931103
2593	10.931103
2594	10.931103
2595	10.931103
2596	10.931103
2597	10.931103
2598	10.931103
2599	10.931103
2600	10.931103
2601	10.931103
2602	10.931103
2603	10.931103
2604	10.931103
2605	10.931103
2606	10.931103
2607	10.931103
2608	10.931103
2609	10.931103
2610	10.931103
2611	10.931103
2612	10.931103
2613	10.931103
2614	10.931103
2615	10.931103
2616	10.931103
2617	10.931103
2618	10.931103
2619	10.931103
2620	10.931103
2621	10.931103
2622	10.931103
2623	10.931103
2624	10.931103
2625	10.931103
2626	10.931103
2627	10.931103
2628	10.931103
2629	10.931103
2630	10.931103
2631	10.931103
2632	10.931103
2633	10.931103
2634	10.931103
2635	10.931103
2636	10.931103
2637	10.931103
2638	10.931103
2639	10.931103
2640	10.931103
2641	10.931103
2642	10.931103
2643	10.931103
2644	10.931103
2645	10.931103
2646	10.931103
2647	10.931103
2648	10.931103
2649	10.931103
2650	10.931103
2651	10.931103
2652	10.931103
2653	10.931103
2654	10.931103
2655	10.931103
2656	10.931103
2657	10.931103
2658	10.931103
2659	10.931103
2660	10.931103
2661	10.931103
2662	10.931103
2663	10.931103
2664	10.931103
2665	10.931103
2666	10.931103
2667	10.931103
2668	10.931103
2669	10.931103
2670	10.931103
2671	10.931103
2672	10.931103
2673	10.931103
2674	10.931103
2675	10.931103
2676	10.931103
2677	10.931103
2678	10.931103
2679	10.931103
2680	10.931103
2681	10.931103
2682	10.931103
2683	10.931103
2684	10.931103
2685	10.931103
2686	10.933
2687	10.933
2688	10.933
2689	10.933
2690	10.933
2691	10.933
2692	10.933
2693	10.933
2694	10.933
2695	10.933
2696	10.933
2697	10.933
2698	10.933
2699	10.933
2700	10.933
2701	10.933
2702	10.933
2703	10.933
2704	10.933
2705	10.933
2706	10.933
2707	10.933
2708	10.933
2709	10.933
2710	10.933
2711	10.933
2712	10.933
2713	10.933
2714	10.933
2715	10.933
2716	10.933
2717	10.933
2718	10.933
2719	10.933
2720	10.933
2721	10.933
2722	10.933
2723	10.933
2724	10.933
2725	10.933
2726	10.933
2727	10.933
2728	10.933
2729	10.933
2730	10.933
2731	10.933
2732	10.933
2733	10.933
2734	10.933
2735	10.933
2736	10.933
2737	10.933
2738	10.933
2739	10.933
2740	10.933
2741	10.933
2742	10.933
2743	10.933
2744	10.933
2745	10.933
2746	10.933
2747	10.933
2748	10.933
2749	10.933
2750	10.933
2751	10.933
2752	10.933
2753	10.933
2754	10.933
2755	10.933
2756	10.933
2757	10.933
2758	10.933
2759	10.933
2760	10.933
2761	10.933
2762	10.933
2763	10.933
2764	10.933
2765	10.933
2766	10.933
2767	10.933
2768	10.933
2769	10.933
2770	10.933
2771	10.933
2772	10.933
2773	10.933
2774	10.933
2775	10.933
2776	10.933
2777	10.933
2778	10.933
2779	10.933
2780	10.933
2781	10.933
2782	10.933
2783	10.933
2784	10.933
2785	10.933
2786	10.933
2787	10.933
2788	10.933
2789	10.933
2790	10.933
2791	10.933
2792	10.933
2793	10.933
2794	10.933
2795	10.933
2796	10.933
2797	10.933
2798	10.933
2799	10.933
2800	10.933
2801	10.933
2802	10.933
2803	10.933
2804	10.933
2805	10.933
2806	10.933
2807	10.933
2808	10.933
2809	10.933
2810	10.933
2811	10.933
2812	10.933
2813	10.933
2814	10.933
2815	10.933
2816	10.933
2817	10.933
2818	10.933
2819	10.933
2820	10.933
2821	10.933
2822	10.933
2823	10.933
2824	10.933
2825	10.933
2826	10.933
2827	10.933
2828	10.933
2829	10.933
2830	10.933
2831	10.933
2832	10.933
2833	10.933
2834	10.933
2835	10.933
2836	10.933
2837	10.933
2838	10.933
2839	10.933
2840	10.933
2841	10.933
2842	10.933
2843	10.933
2844	10.933
2845	10.933
2846	10.933
2847	10.933
2848	10.933
2849	10.933
2850	10.933
2851	10.933
2852	10.933
2853	10.933
2854	10.933
2855	10.933
2856	10.933
2857	10.933
2858	10.933
2859	10.933
2860	10.933
2861	10.933
2862	10.933
2863	10.933
2864	10.933
2865	10.933
2866	10.933
2867	10.933
2868	10.933
2869	10.933
2870	10.933
2871	10.933
2872	10.933
2873	10.933
2874	10.933
2875	10.933
2876	10.933
2877	10.933
2878	10.933
2879	10.933
2880	10.933
2881	10.933
2882	10.933
2883	10.933
2884	10.933
2885	10.933
2886	10.933
2887	10.933
2888	10.933
2889	10.933
2890	10.933
2891	10.933
2892	10.933
2893	10.933
2894	10.933
2895	10.933
2896	10.933
2897	10.933
2898	10.933
2899	10.933
2900	10.933
2901	10.933
2902	10.933
2903	10.933
2904	10.933
2905	10.933
2906	10.933
2907	10.933
2908	10.933
2909	10.933
2910	10.933
2911	10.933
2912	10.933
2913	10.933
2914	10.933
2915	10.933
2916	10.933
2917	10.933
2918	10.933
2919	10.933
2920	10.933
2921	10.933
2922	10.933
2923	10.933
2924	10.933
2925	10.933
2926	10.933
2927	10.933
2928	10.933
2929	10.933
2930	10.933
2931	10.933
2932	10.933
2933	10.933
2934	10.933
2935	10.933
2936	10.933
2937	10.933
2938	10.933
2939	10.933
2940	10.933
2941	10.933
2942	10.933
2943	10.933
2944	10.933
2945	10.933
2946	10.933
2947	10.933
2948	10.933
2949	10.933
2950	10.933
2951	10.933
2952	10.933
2953	10.933
2954	10.933
2955	10.933
2956	10.933
2957	10.933
2958	10.933
2959	10.933
2960	10.933
2961	10.933
2962	10.933
2963	10.933
2964	10.933
2965	10.933
2966	10.933
2967	10.933
2968	10.933
2969	10.933
2970	10.933
2971	10.933
2972	10.933
2973	10.933
2974	10.933
2975	10.933
2976	10.933
2977	10.933
2978	10.933
2979	10.933
2980	10.933
2981	10.933
2982	10.933
2983	10.933
2984	10.933
2985	10.933
2986	10.933
2987	10.933
2988	10.933
2989	10.933
2990	10.933
2991	10.933
2992	10.933
2993	10.933
2994	10.933
2995	10.933
2996	10.933
2997	10.933
2998	10.933
2999	10.933
3000	10.933
3001	10.933
3002	10.933
3003	10.933
3004	10.933
3005	10.933
3006	10.933
3007	10.933
3008	10.933
3009	10.933
3010	10.933
3011	10.933
3012	10.933
3013	10.933
3014	10.933
3015	10.933
3016	10.933
3017	10.933
3018	10.933
3019	10.933
3020	10.933
3021	10.933
3022	10.933
3023	10.933
3024	10.933
3025	10.933
3026	10.933
3027	10.933
3028	10.933
3029	10.933
3030	10.933
3031	10.933
3032	10.933
3033	10.933
3034	10.933
3035	10.933
3036	10.933
3037	10.933
3038	10.933
3039	10.933
3040	10.933
3041	10.933
3042	10.933
3043	10.933
3044	10.933
3045	10.933
3046	10.933
3047	10.933
3048	10.933
3049	10.933
3050	10.933
3051	10.933
3052	10.933
3053	10.933
3054	10.933
3055	10.933
3056	10.933
3057	10.933
3058	10.933
3059	10.933
3060	10.933
3061	10.933
3062	10.933
3063	10.933
3064	10.933
3065	10.933
3066	10.933
3067	10.933
3068	10.933
3069	10.933
3070	10.933
3071	10.933
3072	10.933
3073	10.933
3074	10.933
3075	10.933
3076	10.933
3077	10.933
3078	10.933
3079	10.933
3080	10.933
3081	10.933
3082	10.933
3083	10.933
3084	10.933
3085	10.933
3086	10.933
3087	10.933
3088	10.933
3089	10.933
3090	10.933
3091	10.933
3092	10.933
3093	10.933
3094	10.933
3095	10.933
3096	10.933
3097	10.933
3098	10.933
3099	10.933
3100	10.933
3101	10.933
3102	10.933
3103	10.933
3104	10.933
3105	10.933
3106	10.933
3107	10.933
3108	10.933
3109	10.933
3110	10.933
3111	10.933
3112	10.933
3113	10.933
3114	10.933
3115	10.933
3116	10.933
3117	10.933
3118	10.933
3119	10.933
3120	10.933
3121	10.933
3122	10.933
3123	10.933
3124	10.933
3125	10.933
3126	10.933
3127	10.933
3128	10.933
3129	10.933
3130	10.933
3131	10.933
3132	10.933
3133	10.933
3134	10.933
3135	10.933
3136	10.933
3137	10.933
3138	10.933
3139	10.933
3140	10.933
3141	10.933
3142	10.933
3143	10.933
3144	10.933
3145	10.933
3146	10.933
3147	10.933
3148	10.933
3149	10.933
3150	10.933
3151	10.933
3152	10.933
3153	10.933
3154	10.933
3155	10.933
3156	10.933
3157	10.933
3158	10.933
3159	10.933
3160	10.933
3161	10.933
3162	10.933
3163	10.933
3164	10.933
3165	10.933
3166	10.933
3167	10.933
3168	10.933
3169	10.933
3170	10.933
3171	10.933
3172	10.933
3173	10.933
3174	10.933
3175	10.933
3176	10.933
3177	10.933
3178	10.933
3179	10.933
3180	10.933
3181	10.933
3182	10.933
3183	10.933
3184	10.933
3185	10.933
3186	10.933
3187	10.933
3188	10.933
3189	10.933
3190	10.933
3191	10.933
3192	10.933
3193	10.933
3194	10.933
3195	10.933
3196	10.933
3197	10.933
3198	10.933
3199	10.933
3200	10.933
3201	10.933
3202	10.933
3203	10.933
3204	10.933
3205	10.933
3206	10.933
3207	10.933
3208	10.933
3209	10.933
3210	10.933
3211	10.933
3212	10.933
3213	10.933
3214	10.933
3215	10.933
3216	10.933
3217	10.933
3218	10.933
3219	10.933
3220	10.933
3221	10.933
3222	10.933
3223	10.933
3224	10.933
3225	10.933
3226	10.933
3227	10.933
3228	10.933
3229	10.933
3230	10.933
3231	10.933
3232	10.933
3233	10.933
3234	10.933
3235	10.933
3236	10.933
3237	10.933
3238	10.933
3239	10.933
3240	10.933
3241	10.933
3242	10.933
3243	10.933
3244	10.933
3245	10.933
3246	10.933
3247	10.933
3248	10.933
3249	10.933
3250	10.933
3251	10.933
3252	10.933
3253	10.933
3254	10.933
3255	10.933
3256	10.933
3257	10.933
3258	10.933
3259	10.933
3260	10.933
3261	10.933
3262	10.933
3263	10.933
3264	10.933
3265	10.933
3266	10.933
3267	10.933
3268	10.933
3269	10.933
3270	10.933
3271	10.933
3272	10.933
3273	10.933
3274	10.933
3275	10.933
3276	10.933
3277	10.933
3278	10.933
3279	10.933
3280	10.933
3281	10.933
3282	10.933
3283	10.933
3284	10.933
3285	10.933
3286	10.933
3287	10.933
3288	10.933
3289	10.933
3290	10.933
3291	10.933
3292	10.933
3293	10.933
3294	10.933
3295	10.933
3296	10.933
3297	10.933
3298	10.933
3299	10.933
3300	10.933
3301	10.933
3302	10.933
3303	10.933
3304	10.933
3305	10.933
3306	10.933
3307	10.933
3308	10.933
3309	10.933
3310	10.933
3311	10.933
3312	10.933
3313	10.933
3314	10.933
3315	10.933
3316	10.933
3317	10.933
3318	10.933
3319	10.933
3320	10.933
3321	10.933
3322	10.933
3323	10.933
3324	10.933
3325	10.933
3326	10.933
3327	10.933
3328	10.933
3329	10.933
3330	10.933
3331	10.933
3332	10.933
3333	10.933
3334	10.933
3335	10.933
3336	10.933
3337	10.933
3338	10.933
3339	10.933
3340	10.933
3341	10.933
3342	10.933
3343	10.933
3344	10.933
3345	10.933
3346	10.933
3347	10.933
3348	10.933
3349	10.933
3350	10.933
3351	10.933
3352	10.933
3353	10.933
3354	10.933
3355	10.933
3356	10.933
3357	10.933
3358	10.933
3359	10.933
3360	10.933
3361	10.933
3362	10.933
3363	10.933
3364	10.933
3365	10.933
3366	10.933
3367	10.933
3368	10.933
3369	10.933
3370	10.933
3371	10.933
3372	10.933
3373	10.933
3374	10.933
3375	10.933
3376	10.933
3377	10.933
3378	10.933
3379	10.933
3380	10.933
3381	10.933
3382	10.933
3383	10.933
3384	10.933
3385	10.933
3386	10.933
3387	10.933
3388	10.933
3389	10.933
3390	10.933
3391	10.933
3392	10.933
3393	10.933
3394	10.933
3395	10.933
3396	10.933
3397	10.933
3398	10.933
3399	10.933
3400	10.933
3401	10.933
3402	10.933
3403	10.933
3404	10.933
3405	10.933
3406	10.933
3407	10.933
3408	10.933
3409	10.933
3410	10.933
3411	10.933
3412	10.933
3413	10.933
3414	10.933
3415	10.933
3416	10.933
3417	10.933
3418	10.933
3419	10.933
3420	10.933
3421	10.933
3422	10.933
3423	10.933
3424	10.933
3425	10.933
3426	10.933
3427	10.933
3428	10.933
3429	10.933
3430	10.933
3431	10.933
3432	10.933
3433	10.933
3434	10.933
3435	10.933
3436	10.933
3437	10.933
3438	10.933
3439	10.933
3440	10.933
3441	10.933
3442	10.933
3443	10.933
3444	10.933
3445	10.933
3446	10.933
3447	10.933
3448	10.933
3449	10.933
3450	10.933
3451	10.933
3452	10.933
3453	10.933
3454	10.933
3455	10.933
3456	10.933
3457	10.933
3458	10.933
3459	10.933
3460	10.933
3461	10.933
3462	10.933
3463	10.933
3464	10.933
3465	10.933
3466	10.933
3467	10.933
3468	10.933
3469	10.933
3470	10.933
3471	10.933
3472	10.933
3473	10.933
3474	10.933
3475	10.933
3476	10.933
3477	10.933
3478	10.933
3479	10.933
3480	10.933
3481	10.933
3482	10.933
3483	10.933
3484	10.933
3485	10.933
3486	10.933
3487	10.933
3488	10.933
3489	10.933
3490	10.933
3491	10.933
3492	10.933
3493	10.933
3494	10.933
3495	10.933
3496	10.933
3497	10.933
3498	10.933
3499	10.933
3500	10.933
3501	10.933
3502	10.933
3503	10.933
3504	10.933
3505	10.933
3506	10.933
3507	10.933
3508	10.933
3509	10.933
3510	10.933
3511	10.933
3512	10.933
3513	10.933
3514	10.933
3515	10.933
3516	10.933
3517	10.933
3518	10.933
3519	10.933
3520	10.933
3521	10.933
3522	10.933
3523	10.933
3524	10.933
3525	10.933
3526	10.933
3527	10.933
3528	10.933
3529	10.933
3530	10.933
3531	10.933
3532	10.933
3533	10.933
3534	10.933
3535	10.933
3536	10.933
3537	10.933
3538	10.933
3539	10.933
3540	10.933
3541	10.933
3542	10.933
3543	10.933
3544	10.933
3545	10.933
3546	10.933
3547	10.933
3548	10.933
3549	10.933
3550	10.933
3551	10.933
3552	10.933
3553	10.933
3554	10.933
3555	10.933
3556	10.933
3557	10.933
3558	10.933
3559	10.933
3560	10.933
3561	10.933
3562	10.933
3563	10.933
3564	10.933
3565	10.933
3566	10.933
3567	10.933
3568	10.933
3569	10.933
3570	10.933
3571	10.933
3572	10.933
3573	10.933
3574	10.933
3575	10.933
3576	10.933
3577	10.933
3578	10.933
3579	10.933
3580	10.933
3581	10.933
3582	10.933
3583	10.933
3584	10.933
3585	10.933
3586	10.933
3587	10.933
3588	10.933
3589	10.933
3590	10.933
3591	10.933
3592	10.933
3593	10.933
3594	10.933
3595	10.933
3596	10.933
3597	10.933
3598	10.933
3599	10.933
3600	10.933
3601	10.933
3602	10.933
3603	10.933
3604	10.933
3605	10.933
3606	10.933
3607	10.933
3608	10.933
3609	10.933
3610	10.933
3611	10.933
3612	10.933
3613	10.933
3614	10.933
3615	10.933
3616	10.933
3617	10.933
3618	10.933
3619	10.933
3620	10.933
3621	10.933
3622	10.933
3623	10.933
3624	10.933
3625	10.933
3626	10.933
3627	10.933
3628	10.933
3629	10.933
3630	10.933
3631	10.933
3632	10.933
3633	10.933
3634	10.933
3635	10.933
3636	10.933
3637	10.933
3638	10.933
3639	10.933
3640	10.933
3641	10.933
3642	10.933
3643	10.933
3644	10.933
3645	10.933
3646	10.933
3647	10.933
3648	10.933
3649	10.933
3650	10.933
3651	10.933
3652	10.933
3653	10.933
3654	10.933
3655	10.933
3656	10.933
3657	10.933
3658	10.933
3659	10.933
3660	10.933
3661	10.933
3662	10.933
3663	10.933
3664	10.933
3665	10.933
3666	10.933
3667	10.933
3668	10.933
3669	10.933
3670	10.933
3671	10.933
3672	10.933
3673	10.933
3674	10.933
3675	10.933
3676	10.933
3677	10.933
3678	10.933
3679	10.933
3680	10.933
3681	10.933
3682	10.933
3683	10.933
3684	10.933
3685	10.933
3686	10.933
3687	10.933
3688	10.933
3689	10.933
3690	10.933
3691	10.933
3692	10.933
3693	10.933
3694	10.933
3695	10.933
3696	10.933
3697	10.933
3698	10.933
3699	10.933
3700	10.933
3701	10.933
3702	10.933
3703	10.933
3704	10.933
3705	10.933
3706	10.933
3707	10.933
3708	10.933
3709	10.933
3710	10.933
3711	10.933
3712	10.933
3713	10.933
3714	10.933
3715	10.933
3716	10.933
3717	10.933
3718	10.933
3719	10.933
3720	10.933
3721	10.933
3722	10.933
3723	10.933
3724	10.933
3725	10.933
3726	10.933
3727	10.933
3728	10.933
3729	10.933
3730	10.933
3731	10.933
3732	10.933
3733	10.933
3734	10.933
3735	10.933
3736	10.933
3737	10.933
3738	10.933
3739	10.933
3740	10.933
3741	10.933
3742	10.933
3743	10.933
3744	10.933
3745	10.933
3746	10.933
3747	10.933
3748	10.933
3749	10.933
3750	10.933
3751	10.933
3752	10.933
3753	10.933
3754	10.933
3755	10.933
3756	10.933
3757	10.933
3758	10.933
3759	10.933
3760	10.933
3761	10.933
3762	10.933
3763	10.933
3764	10.933
3765	10.933
3766	10.933
3767	10.933
3768	10.933
3769	10.933
3770	10.933
3771	10.933
3772	10.933
3773	10.933
3774	10.933
3775	10.933
3776	10.933
3777	10.933
3778	10.933
3779	10.933
3780	10.933
3781	10.933
3782	10.933
3783	10.933
3784	10.933
3785	10.933
3786	10.933
3787	10.933
3788	10.933
3789	10.933
3790	10.933
3791	10.933
3792	10.933
3793	10.933
3794	10.933
3795	10.933
3796	10.933
3797	10.933
3798	10.933
3799	10.933
3800	10.933
3801	10.933
3802	10.933
3803	10.933
3804	10.933
3805	10.933
3806	10.933
3807	10.933
3808	10.933
3809	10.933
3810	10.933
3811	10.933
3812	10.933
3813	10.933
3814	10.933
3815	10.933
3816	10.933
3817	10.933
3818	10.933
3819	10.933
3820	10.933
3821	10.933
3822	10.933
3823	10.933
3824	10.933
3825	10.933
3826	10.933
3827	10.933
3828	10.933
3829	10.933
3830	10.933
3831	10.933
3832	10.933
3833	10.933
3834	10.933
3835	10.933
3836	10.933
3837	10.933
3838	10.933
3839	10.933
3840	10.933
3841	10.933
3842	10.933
3843	10.933
3844	10.933
3845	10.933
3846	10.933
3847	10.933
3848	10.933
3849	10.933
3850	10.933
3851	10.933
3852	10.933
3853	10.933
3854	10.933
3855	10.933
3856	10.933
3857	10.933
3858	10.933
3859	10.933
3860	10.933
3861	10.933
3862	10.933
3863	10.933
3864	10.933
3865	10.933
3866	10.933
3867	10.933
3868	10.933
3869	10.933
3870	10.933
3871	10.933
3872	10.933
3873	10.933
3874	10.933
3875	10.933
3876	10.933
3877	10.933
3878	10.933
3879	10.933
3880	10.933
3881	10.933
3882	10.933
3883	10.933
3884	10.933
3885	10.933
3886	10.933
3887	10.933
3888	10.933
3889	10.933
3890	10.933
3891	10.933
3892	10.933
3893	10.933
3894	10.933
3895	10.933
3896	10.933
3897	10.933
3898	10.933
3899	10.933
3900	10.933
3901	10.933
3902	10.933
3903	10.933
3904	10.933
3905	10.933
3906	10.933
3907	10.933
3908	10.933
3909	10.933
3910	10.933
3911	10.933
3912	10.933
3913	10.933
3914	10.933
3915	10.933
3916	10.933
3917	10.933
3918	10.933
3919	10.933
3920	10.933
3921	10.933
3922	10.933
3923	10.933
3924	10.933
3925	10.933
3926	10.933
3927	10.933
3928	10.933
3929	10.933
3930	10.933
3931	10.933
3932	10.933
3933	10.933
3934	10.933
3935	10.933
3936	10.933
3937	10.933
3938	10.933
3939	10.933
3940	10.933
3941	10.933
3942	10.933
3943	10.933
3944	10.933
3945	10.933
3946	10.933
3947	10.933
3948	10.933
3949	10.933
3950	10.933
3951	10.933
3952	10.933
3953	10.933
3954	10.933
3955	10.933
3956	10.933
3957	10.933
3958	10.933
3959	10.933
3960	10.933
3961	10.933
3962	10.933
3963	10.933
3964	10.933
3965	10.933
3966	10.933
3967	10.933
3968	10.933
3969	10.933
3970	10.933
3971	10.933
3972	10.933
3973	10.933
3974	10.933
3975	10.933
3976	10.933
3977	10.933
3978	10.933
3979	10.933
3980	10.933
3981	10.933
3982	10.933
3983	10.933
3984	10.933
3985	10.933
3986	10.933
3987	10.933
3988	10.933
3989	10.933
3990	10.933
3991	10.933
3992	10.933
3993	10.933
3994	10.933
3995	10.933
3996	10.933
3997	10.933
3998	10.933
3999	10.933
4000	10.933
4001	10.933
4002	10.933
4003	10.933
4004	10.933
4005	10.933
4006	10.933
4007	10.933
4008	10.933
4009	10.933
4010	10.933
4011	10.933
4012	10.933
4013	10.933
4014	10.933
4015	10.933
4016	10.933
4017	10.933
4018	10.933
4019	10.933
4020	10.933
4021	10.933
4022	10.933
4023	10.933
4024	10.933
4025	10.933
4026	10.933
4027	10.933
4028	10.933
4029	10.933
4030	10.933
4031	10.933
4032	10.933
4033	10.933
4034	10.933
4035	10.933
4036	10.933
4037	10.933
4038	10.933
4039	10.933
4040	10.933
4041	10.933
4042	10.933
4043	10.933
4044	10.933
4045	10.933
4046	10.933
4047	10.933
4048	10.933
4049	10.933
4050	10.933
4051	10.933
4052	10.933
4053	10.933
4054	10.933
4055	10.933
4056	10.933
4057	10.933
4058	10.933
4059	10.933
4060	10.933
4061	10.933
4062	10.933
4063	10.933
4064	10.933
4065	10.933
4066	10.933
4067	10.933
4068	10.933
4069	10.933
4070	10.933
4071	10.933
4072	10.933
4073	10.933
4074	10.933
4075	10.933
4076	10.933
4077	10.933
4078	10.933
4079	10.933
4080	10.933
4081	10.933
4082	10.933
4083	10.933
4084	10.933
4085	10.933
4086	10.933
4087	10.933
4088	10.933
4089	10.933
4090	10.933
4091	10.933
4092	10.933
4093	10.933
4094	10.933
4095	10.933
4096	10.933
4097	10.933
4098	10.933
4099	10.933
4100	10.933
4101	10.933
4102	10.933
4103	10.933
4104	10.933
4105	10.933
4106	10.933
4107	10.933
4108	10.933
4109	10.933
4110	10.933
4111	10.933
4112	10.933
4113	10.933
4114	10.933
4115	10.933
4116	10.933
4117	10.933
4118	10.933
4119	10.933
4120	10.933
4121	10.933
4122	10.933
4123	10.933
4124	10.933
4125	10.933
4126	10.933
4127	10.933
4128	10.933
4129	10.933
4130	10.933
4131	10.933
4132	10.933
4133	10.933
4134	10.933
4135	10.933
4136	10.933
4137	10.933
4138	10.933
4139	10.933
4140	10.933
4141	10.933
4142	10.933
4143	10.933
4144	10.933
4145	10.933
4146	10.933
4147	10.933
4148	10.933
4149	10.933
4150	10.933
4151	10.933
4152	10.933
4153	10.933
4154	10.933
4155	10.933
4156	10.933
4157	10.933
4158	10.933
4159	10.933
4160	10.933
4161	10.933
4162	10.933
4163	10.933
4164	10.933
4165	10.933
4166	10.933
4167	10.933
4168	10.933
4169	10.933
4170	10.933
4171	10.933
4172	10.933
4173	10.933
4174	10.933
4175	10.933
4176	10.933
4177	10.933
4178	10.933
4179	10.933
4180	10.933
4181	10.933
4182	10.933
4183	10.933
4184	10.933
4185	10.933
4186	10.933
4187	10.933
4188	10.933
4189	10.933
4190	10.933
4191	10.933
4192	10.933
4193	10.933
4194	10.933
4195	10.933
4196	10.933
4197	10.933
4198	10.933
4199	10.933
4200	10.933
4201	10.933
4202	10.933
4203	10.933
4204	10.933
4205	10.933
4206	10.933
4207	10.933
4208	10.933
4209	10.933
4210	10.933
4211	10.933
4212	10.933
4213	10.933
4214	10.933
4215	10.933
4216	10.933
4217	10.933
4218	10.933
4219	10.933
4220	10.933
4221	10.933
4222	10.933
4223	10.933
4224	10.933
4225	10.933
4226	10.933
4227	10.933
4228	10.933
4229	10.933
4230	10.933
4231	10.933
4232	10.933
4233	10.933
4234	10.933
4235	10.933
4236	10.933
4237	10.933
4238	10.933
4239	10.933
4240	10.933
4241	10.933
4242	10.933
4243	10.933
4244	10.933
4245	10.933
4246	10.933
4247	10.933
4248	10.933
4249	10.933
4250	10.933
4251	10.933
4252	10.933
4253	10.933
4254	10.933
4255	10.933
4256	10.933
4257	10.933
4258	10.933
4259	10.933
4260	10.933
4261	10.933
4262	10.933
4263	10.933
4264	10.933
4265	10.933
4266	10.933
4267	10.933
4268	10.933
4269	10.933
4270	10.933
4271	10.933
4272	10.933
4273	10.933
4274	10.933
4275	10.933
4276	10.933
4277	10.933
4278	10.933
4279	10.933
4280	10.933
4281	10.933
4282	10.933
4283	10.933
4284	10.933
4285	10.933
4286	10.933
4287	10.933
4288	10.933
4289	10.933
4290	10.933
4291	10.933
4292	10.933
4293	10.933
4294	10.933
4295	10.933
4296	10.933
4297	10.933
4298	10.933
4299	10.933
4300	10.933
4301	10.933
4302	10.933
4303	10.933
4304	10.933
4305	10.933
4306	10.933
4307	10.933
4308	10.933
4309	10.933
4310	10.933
4311	10.933
4312	10.933
4313	10.933
4314	10.933
4315	10.933
4316	10.933
4317	10.933
4318	10.933
4319	10.933
4320	10.933
4321	10.933
4322	10.933
4323	10.933
4324	10.933
4325	10.933
4326	10.933
4327	10.933
4328	10.933
4329	10.933
4330	10.933
4331	10.933
4332	10.933
4333	10.933
4334	10.933
4335	10.933
4336	10.933
4337	10.933
4338	10.933
4339	10.933
4340	10.933
4341	10.933
4342	10.933
4343	10.933
4344	10.933
4345	10.933
4346	10.933
4347	10.933
4348	10.933
4349	10.933
4350	10.933
4351	10.933
4352	10.933
4353	10.933
4354	10.933
4355	10.933
4356	10.933
4357	10.933
4358	10.933
4359	10.933
4360	10.933
4361	10.933
4362	10.933
4363	10.933
4364	10.933
4365	10.933
4366	10.933
4367	10.933
4368	10.933
4369	10.933
4370	10.933
4371	10.933
4372	10.933
4373	10.933
4374	10.933
4375	10.933
4376	10.933
4377	10.933
4378	10.933
4379	10.933
4380	10.933
4381	10.933
4382	10.933
4383	10.933
4384	10.933
4385	10.933
4386	10.933
4387	10.933
4388	10.933
4389	10.933
4390	10.933
4391	10.933
4392	10.933
4393	10.933
4394	10.933
4395	10.933
4396	10.933
4397	10.933
4398	10.933
4399	10.933
4400	10.933
4401	10.933
4402	10.933
4403	10.933
4404	10.933
4405	10.933
4406	10.933
4407	10.933
4408	10.933
4409	10.933
4410	10.933
4411	10.933
4412	10.933
4413	10.933
4414	10.933
4415	10.933
4416	10.933
4417	10.933
4418	10.933
4419	10.933
4420	10.933
4421	10.933
4422	10.933
4423	10.933
4424	10.933
4425	10.933
4426	10.933
4427	10.933
4428	10.933
4429	10.933
4430	10.933
4431	10.933
4432	10.933
4433	10.933
4434	10.933
4435	10.933
4436	10.933
4437	10.933
4438	10.933
4439	10.933
4440	10.933
4441	10.933
4442	10.933
4443	10.933
4444	10.933
4445	10.933
4446	10.933
4447	10.933
4448	10.933
4449	10.933
4450	10.933
4451	10.933
4452	10.933
4453	10.933
4454	10.933
4455	10.933
4456	10.933
4457	10.933
4458	10.933
4459	10.933
4460	10.933
4461	10.933
4462	10.933
4463	10.933
4464	10.933
4465	10.933
4466	10.933
4467	10.933
4468	10.933
4469	10.933
4470	10.933
4471	10.933
4472	10.933
4473	10.933
4474	10.933
4475	10.933
4476	10.933
4477	10.933
4478	10.933
4479	10.933
4480	10.933
4481	10.933
4482	10.933
4483	10.933
4484	10.933
4485	10.933
4486	10.933
4487	10.933
4488	10.933
4489	10.933
4490	10.933
4491	10.933
4492	10.933
4493	10.933
4494	10.933
4495	10.933
4496	10.933
4497	10.933
4498	10.933
4499	10.933
4500	10.933
4501	10.933
4502	10.933
4503	10.933
4504	10.933
4505	10.933
4506	10.933
4507	10.933
4508	10.933
4509	10.933
4510	10.933
4511	10.933
4512	10.933
4513	10.933
4514	10.933
4515	10.933
4516	10.933
4517	10.933
4518	10.933
4519	10.933
4520	10.933
4521	10.933
4522	10.933
4523	10.933
4524	10.933
4525	10.933
4526	10.933
4527	10.933
4528	10.933
4529	10.933
4530	10.933
4531	10.933
4532	10.933
4533	10.933
4534	10.933
4535	10.933
4536	10.933
4537	10.933
4538	10.933
4539	10.933
4540	10.933
4541	10.933
4542	10.933
4543	10.933
4544	10.933
4545	10.933
4546	10.933
4547	10.933
4548	10.933
4549	10.933
4550	10.933
4551	10.933
4552	10.933
4553	10.933
4554	10.933
4555	10.933
4556	10.933
4557	10.933
4558	10.933
4559	10.933
4560	10.933
4561	10.933
4562	10.933
4563	10.933
4564	10.933
4565	10.933
4566	10.933
4567	10.933
4568	10.933
4569	10.933
4570	10.933
4571	10.933
4572	10.933
4573	10.933
4574	10.933
4575	10.933
4576	10.933
4577	10.933
4578	10.933
4579	10.933
4580	10.933
4581	10.933
4582	10.933
4583	10.933
4584	10.933
4585	10.933
4586	10.933
4587	10.933
4588	10.933
4589	10.933
4590	10.933
4591	10.933
4592	10.933
4593	10.933
4594	10.933
4595	10.933
4596	10.933
4597	10.933
4598	10.933
4599	10.933
4600	10.933
4601	10.933
4602	10.933
4603	10.933
4604	10.933
4605	10.933
4606	10.933
4607	10.933
4608	10.933
4609	10.933
4610	10.933
4611	10.933
4612	10.933
4613	10.933
4614	10.933
4615	10.933
4616	10.933
4617	10.933
4618	10.933
4619	10.933
4620	10.933
4621	10.933
4622	10.933
4623	10.933
4624	10.933
4625	10.933
4626	10.933
4627	10.933
4628	10.933
4629	10.933
4630	10.933
4631	10.933
4632	10.933
4633	10.933
4634	10.933
4635	10.933
4636	10.933
4637	10.933
4638	10.933
4639	10.933
4640	10.933
4641	10.933
4642	10.933
4643	10.933
4644	10.933
4645	10.933
4646	10.933
4647	10.933
4648	10.933
4649	10.933
4650	10.933
4651	10.933
4652	10.933
4653	10.933
4654	10.933
4655	10.933
4656	10.933
4657	10.933
4658	10.933
4659	10.933
4660	10.933
4661	10.933
4662	10.933
4663	10.933
4664	10.933
4665	10.933
4666	10.933
4667	10.933
4668	10.933
4669	10.933
4670	10.933
4671	10.933
4672	10.933
4673	10.933
4674	10.933
4675	10.933
4676	10.933
4677	10.933
4678	10.933
4679	10.933
4680	10.933
4681	10.933
4682	10.933
4683	10.933
4684	10.933
4685	10.933
4686	10.933
4687	10.933
4688	10.933
4689	10.933
4690	10.933
4691	10.933
4692	10.933
4693	10.933
4694	10.933
4695	10.933
4696	10.933
4697	10.933
4698	10.933
4699	10.933
4700	10.933
4701	10.933
4702	10.933
4703	10.933
4704	10.933
4705	10.933
4706	10.933
4707	10.933
4708	10.933
4709	10.933
4710	10.933
4711	10.933
4712	10.933
4713	10.933
4714	10.933
4715	10.933
4716	10.933
4717	10.933
4718	10.933
4719	10.933
4720	10.933
4721	10.933
4722	10.933
4723	10.933
4724	10.933
4725	10.933
4726	10.933
4727	10.933
4728	10.933
4729	10.933
4730	10.933
4731	10.933
4732	10.933
4733	10.933
4734	10.933
4735	10.933
4736	10.933
4737	10.933
4738	10.933
4739	10.933
4740	10.933
4741	10.933
4742	10.933
4743	10.933
4744	10.933
4745	10.933
4746	10.933
4747	10.933
4748	10.933
4749	10.933
4750	10.933
4751	10.933
4752	10.933
4753	10.933
4754	10.933
4755	10.933
4756	10.933
4757	10.933
4758	10.933
4759	10.933
4760	10.933
4761	10.933
4762	10.933
4763	10.933
4764	10.933
4765	10.933
4766	10.933
4767	10.933
4768	10.933
4769	10.933
4770	10.933
4771	10.933
4772	10.933
4773	10.933
4774	10.933
4775	10.933
4776	10.933
4777	10.933
4778	10.933
4779	10.933
4780	10.933
4781	10.933
4782	10.933
4783	10.933
4784	10.933
4785	10.933
4786	10.933
4787	10.933
4788	10.933
4789	10.933
4790	10.933
4791	10.933
4792	10.933
4793	10.933
4794	10.933
4795	10.933
4796	10.933
4797	10.933
4798	10.933
4799	10.933
4800	10.933
4801	10.933
4802	10.933
4803	10.933
4804	10.933
4805	10.933
4806	10.933
4807	10.933
4808	10.933
4809	10.933
4810	10.933
4811	10.933
4812	10.933
4813	10.933
4814	10.933
4815	10.933
4816	10.933
4817	10.933
4818	10.933
4819	10.933
4820	10.933
4821	10.933
4822	10.933
4823	10.933
4824	10.933
4825	10.933
4826	10.933
4827	10.933
4828	10.933
4829	10.933
4830	10.933
4831	10.933
4832	10.933
4833	10.933
4834	10.933
4835	10.933
4836	10.933
4837	10.933
4838	10.933
4839	10.933
4840	10.933
4841	10.933
4842	10.933
4843	10.933
4844	10.933
4845	10.933
4846	10.933
4847	10.933
4848	10.933
4849	10.933
4850	10.933
4851	10.933
4852	10.933
4853	10.933
4854	10.933
4855	10.933
4856	10.933
4857	10.933
4858	10.933
4859	10.933
4860	10.933
4861	10.933
4862	10.933
4863	10.933
4864	10.933
4865	10.933
4866	10.933
4867	10.933
4868	10.933
4869	10.933
4870	10.933
4871	10.933
4872	10.933
4873	10.933
4874	10.933
4875	10.933
4876	10.933
4877	10.933
4878	10.933
4879	10.933
4880	10.933
4881	10.933
4882	10.933
4883	10.933
4884	10.933
4885	10.933
4886	10.933
4887	10.933
4888	10.933
4889	10.933
4890	10.933
4891	10.933
4892	10.933
4893	10.933
4894	10.933
4895	10.933
4896	10.933
4897	10.933
4898	10.933
4899	10.933
4900	10.933
4901	10.933
4902	10.933
4903	10.933
4904	10.933
4905	10.933
4906	10.933
4907	10.933
4908	10.933
4909	10.933
4910	10.933
4911	10.933
4912	10.933
4913	10.933
4914	10.933
4915	10.933
4916	10.933
4917	10.933
4918	10.933
4919	10.933
4920	10.933
4921	10.933
4922	10.933
4923	10.933
4924	10.933
4925	10.933
4926	10.933
4927	10.933
4928	10.933
4929	10.933
4930	10.933
4931	10.933
4932	10.933
4933	10.933
4934	10.933
4935	10.933
4936	10.933
4937	10.933
4938	10.933
4939	10.933
4940	10.933
4941	10.933
4942	10.933
4943	10.933
4944	10.933
4945	10.933
4946	10.933
4947	10.933
4948	10.933
4949	10.933
4950	10.933
4951	10.933
4952	10.933
4953	10.933
4954	10.933
4955	10.933
4956	10.933
4957	10.933
4958	10.933
4959	10.933
4960	10.933
4961	10.933
4962	10.933
4963	10.933
4964	10.933
4965	10.933
4966	10.933
4967	10.933
4968	10.933
4969	10.933
4970	10.933
4971	10.933
4972	10.933
4973	10.933
4974	10.933
4975	10.933
4976	10.933
4977	10.933
4978	10.933
4979	10.933
4980	10.933
4981	10.933
4982	10.933
4983	10.933
4984	10.933
4985	10.933
4986	10.933
4987	10.933
4988	10.933
4989	10.933
4990	10.933
4991	10.933
4992	10.933
4993	10.933
4994	10.933
4995	10.933
4996	10.933
4997	10.933
4998	10.933
4999	10.933
5000	10.933
5001	10.933
5002	10.933
5003	10.933
5004	10.933
5005	10.933
5006	10.933
5007	10.933
5008	10.933
5009	10.933
5010	10.933
5011	10.933
5012	10.933
5013	10.933
5014	10.933
5015	10.933
5016	10.933
5017	10.933
5018	10.933
5019	10.933
5020	10.933
5021	10.933
5022	10.933
5023	10.933
5024	10.933
5025	10.933
5026	10.933
5027	10.933
5028	10.933
5029	10.933
5030	10.933
5031	10.933
5032	10.933
5033	10.933
5034	10.933
5035	10.933
5036	10.933
5037	10.933
5038	10.933
5039	10.933
5040	10.933
5041	10.933
5042	10.933
5043	10.933
5044	10.933
5045	10.933
5046	10.933
5047	10.933
5048	10.933
5049	10.933
5050	10.933
5051	10.933
5052	10.933
5053	10.933
5054	10.933
5055	10.933
5056	10.933
5057	10.933
5058	10.933
5059	10.933
5060	10.933
5061	10.933
5062	10.933
5063	10.933
5064	10.933
5065	10.933
5066	10.933
5067	10.933
5068	10.933
5069	10.933
5070	10.933
5071	10.933
5072	10.933
5073	10.933
5074	10.933
5075	10.933
5076	10.933
5077	10.933
5078	10.933
5079	10.933
5080	10.933
5081	10.933
5082	10.933
5083	10.933
5084	10.933
5085	10.933
5086	10.933
5087	10.933
5088	10.933
5089	10.933
5090	10.933
5091	10.933
5092	10.933
5093	10.933
5094	10.933
5095	10.933
5096	10.933
5097	10.933
5098	10.933
5099	10.933
5100	10.933
5101	10.933
5102	10.933
5103	10.933
5104	10.933
5105	10.933
5106	10.933
5107	10.933
5108	10.933
5109	10.933
5110	10.933
5111	10.933
5112	10.933
5113	10.933
5114	10.933
5115	10.933
5116	10.933
5117	10.933
5118	10.933
5119	10.933
5120	10.933
5121	10.933
5122	10.933
5123	10.933
5124	10.933
5125	10.933
5126	10.933
5127	10.933
5128	10.933
5129	10.933
5130	10.933
5131	10.933
5132	10.933
5133	10.933
5134	10.933
5135	10.933
5136	10.933
5137	10.933
5138	10.933
5139	10.933
5140	10.933
5141	10.933
5142	10.933
5143	10.933
5144	10.933
5145	10.933
5146	10.933
5147	10.933
5148	10.933
5149	10.933
5150	10.933
5151	10.933
5152	10.933
5153	10.933
5154	10.933
5155	10.933
5156	10.933
5157	10.933
5158	10.933
5159	10.933
5160	10.933
5161	10.933
5162	10.933
5163	10.933
5164	10.933
5165	10.933
5166	10.933
5167	10.933
5168	10.933
5169	10.933
5170	10.933
5171	10.933
5172	10.933
5173	10.933
5174	10.933
5175	10.933
5176	10.933
5177	10.933
5178	10.933
5179	10.933
5180	10.933
5181	10.933
5182	10.933
5183	10.933
5184	10.933
5185	10.933
5186	10.933
5187	10.933
5188	10.933
5189	10.933
5190	10.933
5191	10.933
5192	10.933
5193	10.933
5194	10.933
5195	10.933
5196	10.933
5197	10.933
5198	10.933
5199	10.933
5200	10.933
5201	10.933
5202	10.933
5203	10.933
5204	10.933
5205	10.933
5206	10.933
5207	10.933
5208	10.933
5209	10.933
5210	10.933
5211	10.933
5212	10.933
5213	10.933
5214	10.933
5215	10.933
5216	10.933
5217	10.933
5218	10.933
5219	10.933
5220	10.933
5221	10.933
5222	10.933
5223	10.933
5224	10.933
5225	10.933
5226	10.933
5227	10.933
5228	10.933
5229	10.933
5230	10.933
5231	10.933
5232	10.933
5233	10.933
5234	10.933
5235	10.933
5236	10.933
5237	10.933
5238	10.933
5239	10.933
5240	10.933
5241	10.933
5242	10.933
5243	10.933
5244	10.933
5245	10.933
5246	10.933
5247	10.933
5248	10.933
5249	10.933
5250	10.933
5251	10.933
5252	10.933
5253	10.933
5254	10.933
5255	10.933
5256	10.933
5257	10.933
5258	10.933
5259	10.933
5260	10.933
5261	10.933
5262	10.933
5263	10.933
5264	10.933
5265	10.933
5266	10.933
5267	10.933
5268	10.933
5269	10.933
5270	10.933
5271	10.933
5272	10.933
5273	10.933
5274	10.933
5275	10.933
5276	10.933
5277	10.933
5278	10.933
5279	10.933
5280	10.933
5281	10.933
5282	10.933
5283	10.933
5284	10.933
5285	10.933
5286	10.933
5287	10.933
5288	10.933
5289	10.933
5290	10.933
5291	10.933
5292	10.933
5293	10.933
5294	10.933
5295	10.933
5296	10.933
5297	10.933
5298	10.933
5299	10.933
5300	10.933
