1	7.199413
2	7.243991
3	7.220946
4	7.338313
5	7.348975
6	7.419413
7	7.443229
8	7.382991
9	7.405347
10	7.559371
11	7.830955
12	7.832818
13	7.902824
14	8.007848
15	8.018951
16	8.025836
17	8.073356
18	8.202236
19	8.202236
20	8.207992
21	8.249277
22	8.248755
23	8.458211
24	8.458211
25	8.450373
26	8.566467
27	8.556517
28	8.252631
29	8.258526
30	8.258526
31	8.303957
32	8.22562
33	8.223213
34	8.223541
35	8.2371
36	8.23531
37	8.23531
38	8.23531
39	8.400206
40	8.424003
41	8.436912
42	8.481342
43	8.485718
44	8.479947
45	8.623838
46	8.626048
47	8.658704
48	8.667943
49	8.758609
50	8.829591
51	8.826211
52	8.911961
53	8.950398
54	8.955923
55	8.980783
56	8.980783
57	8.980783
58	9.001797
59	9.001797
60	8.985665
61	8.985665
62	8.985665
63	8.690537
64	8.801659
65	8.808479
66	8.884467
67	8.899937
68	8.785979
69	8.974268
70	8.974268
71	9.06496
72	9.06496
73	9.007175
74	8.951306
75	8.951306
76	9.048239
77	9.048239
78	9.048321
79	9.048321
80	9.141521
81	9.271006
82	9.271006
83	9.352626
84	9.359316
85	9.359316
86	9.382729
87	9.489829
88	9.54171
89	9.514378
90	9.52401
91	9.596706
92	9.629011
93	9.562818
94	9.570983
95	9.570983
96	9.570983
97	9.570983
98	9.570983
99	9.650459
100	9.688773
101	9.688773
102	9.688773
103	9.514025
104	9.514025
105	9.514025
106	9.622679
107	9.621577
108	9.633545
109	9.633545
110	9.536632
111	9.544514
112	9.719262
113	9.719262
114	9.719262
115	9.719262
116	9.719262
117	9.728988
118	9.728988
119	9.728988
120	9.728988
121	9.745134
122	9.663903
123	9.663903
124	9.663903
125	9.663903
126	9.687719
127	9.687719
128	9.687719
129	9.687719
130	9.338243
131	9.21023
132	9.21023
133	9.290025
134	9.454033
135	9.403775
136	9.587091
137	9.587091
138	9.587091
139	9.678874
140	9.598666
141	9.598666
142	9.651291
143	9.651291
144	9.651291
145	9.653593
146	9.653593
147	9.637455
148	9.540579
149	9.540579
150	9.449867
151	9.564218
152	9.543342
153	9.543342
154	9.543342
155	9.543342
156	9.474356
157	9.299608
158	9.299608
159	9.299608
160	9.396016
161	9.291767
162	9.291767
163	9.290713
164	9.290713
165	9.306807
166	9.306807
167	9.306807
168	9.30904
169	9.330397
170	9.330397
171	9.421109
172	9.548574
173	9.548574
174	9.28666
175	9.345909
176	9.469289
177	9.467884
178	9.384985
179	9.693435
180	9.693435
181	9.693435
182	9.691202
183	9.691202
184	9.693696
185	9.717786
186	9.717786
187	9.277377
188	9.277377
189	9.277377
190	9.201409
191	9.195213
192	9.195213
193	9.110353
194	9.110353
195	9.111775
196	9.111775
197	9.117971
198	9.11895
199	9.191883
200	9.439972
201	9.402513
202	9.402513
203	9.529361
204	9.529361
205	9.529361
206	9.355786
207	9.355786
208	9.356312
209	9.356312
210	9.356312
211	9.467436
212	9.467436
213	9.467436
214	9.467436
215	9.467436
216	9.52606
217	9.575448
218	9.575448
219	9.576069
220	9.526681
221	9.526681
222	9.635529
223	9.608496
224	9.670584
225	9.670584
226	9.76044
227	9.761238
228	9.741904
229	9.777049
230	9.827842
231	9.910074
232	9.910074
233	9.910074
234	9.910074
235	9.910074
236	9.910074
237	9.910074
238	9.813865
239	9.714085
240	9.750873
241	9.750873
242	9.849975
243	9.849975
244	9.770129
245	9.770129
246	9.770129
247	9.770129
248	9.786314
249	9.786314
250	9.760295
251	9.83764
252	9.83764
253	9.83764
254	9.83764
255	9.902805
256	9.91953
257	9.91953
258	9.763579
259	9.726791
260	9.710066
261	9.710066
262	9.710066
263	9.849167
264	9.849167
265	9.849167
266	9.849167
267	9.849167
268	9.865892
269	9.865892
270	9.865892
271	9.865892
272	9.865892
273	9.865892
274	9.865892
275	9.865892
276	9.865892
277	9.865892
278	9.865892
279	9.424756
280	9.424756
281	9.394309
282	9.394309
283	9.394309
284	9.394309
285	9.697453
286	9.697453
287	9.697453
288	9.680728
289	9.680728
290	9.721722
291	9.721722
292	9.739433
293	9.877613
294	9.877613
295	9.819126
296	9.819126
297	9.819126
298	9.8404
299	9.8404
300	9.8404
301	9.8404
302	9.8404
303	9.8404
304	9.8404
305	9.647171
306	9.647171
307	9.647171
308	9.6866
309	9.6866
310	9.6866
311	9.6866
312	9.6866
313	9.6866
314	9.6866
315	9.6866
316	9.6866
317	9.6866
318	9.6866
319	9.55714
320	9.445135
321	9.445135
322	9.445135
323	9.445135
324	9.445135
325	9.639133
326	9.639133
327	9.639133
328	9.639133
329	9.639133
330	9.541822
331	9.541822
332	9.544127
333	9.544127
334	9.544127
335	9.394905
336	9.394905
337	9.394905
338	9.394905
339	9.41163
340	9.333285
341	9.448578
342	9.437886
343	9.498366
344	9.500836
345	9.418604
346	9.3722
347	9.3722
348	9.482564
349	9.482564
350	9.482564
351	9.482564
352	9.482564
353	9.3722
354	9.35981
355	9.399212
356	9.399212
357	9.512024
358	9.512024
359	9.524414
360	9.524414
361	9.524414
362	9.498467
363	9.499916
364	9.499916
365	9.499916
366	9.645518
367	9.645518
368	9.635524
369	9.635524
370	9.635524
371	9.635524
372	9.697123
373	9.697123
374	9.697123
375	9.706065
376	9.707117
377	9.729188
378	9.566078
379	9.566078
380	9.64708
381	9.64708
382	9.705403
383	9.705403
384	9.705403
385	9.705403
386	9.705403
387	9.832501
388	9.832501
389	9.832501
390	9.832501
391	9.832501
392	9.513527
393	9.557037
394	9.699909
395	9.656399
396	9.699909
397	9.699909
398	9.748128
399	9.886292
400	9.886292
401	9.886292
402	9.886292
403	10.046342
404	10.046342
405	10.046342
406	10.046342
407	9.818488
408	9.883494
409	9.883494
410	9.886194
411	9.886194
412	10.020158
413	9.994603
414	9.994603
415	9.994603
416	9.994603
417	9.994603
418	9.994603
419	9.994603
420	9.835784
421	9.835784
422	9.835784
423	9.835784
424	9.636814
425	9.636814
426	9.588595
427	9.840052
428	9.842639
429	9.842639
430	9.842639
431	9.842639
432	9.842639
433	9.836072
434	9.839256
435	9.986166
436	9.986166
437	9.986166
438	9.986166
439	10.021986
440	10.021986
441	10.021986
442	10.036073
443	10.047333
444	9.974248
445	9.455057
446	9.455057
447	9.455057
448	9.455057
449	9.921024
450	9.921024
451	9.921024
452	9.921024
453	9.921024
454	9.921024
455	9.982714
456	9.982714
457	9.982714
458	9.968627
459	10.011611
460	10.011611
461	10.011611
462	10.011611
463	10.011611
464	10.011611
465	10.084696
466	10.084696
467	10.084696
468	10.084696
469	10.084696
470	10.084696
471	10.084696
472	10.107979
473	10.107979
474	10.107979
475	10.107979
476	10.107979
477	10.107979
478	10.107979
479	10.175975
480	10.175975
481	10.175975
482	10.175975
483	10.175975
484	10.175975
485	10.175975
486	10.175975
487	10.175975
488	10.175975
489	10.175975
490	10.132991
491	10.132991
492	10.132991
493	10.10869
494	10.10869
495	10.10869
496	10.10869
497	10.10869
498	10.003419
499	10.003419
500	10.003419
501	10.046403
502	10.087208
503	10.087208
504	10.087208
505	10.087208
506	10.087208
507	10.087208
508	10.01052
509	10.01052
510	9.906443
511	9.906443
512	9.906443
513	9.906443
514	9.906443
515	10.01524
516	10.01524
517	10.01524
518	10.01524
519	9.932626
520	9.932626
521	9.932626
522	9.932626
523	9.853176
524	9.968816
525	10.031636
526	10.031636
527	10.031636
528	10.26181
529	10.26181
530	9.870553
531	9.870553
532	9.870553
533	9.870553
534	9.870553
535	9.640379
536	9.640379
537	9.640379
538	9.640379
539	9.640379
540	9.640379
541	9.49038
542	9.49038
543	9.49038
544	9.49038
545	9.49038
546	9.89895
547	9.89895
548	9.89895
549	10.008966
550	10.070351
551	10.070351
552	10.070351
553	10.070351
554	10.070351
555	9.939259
556	10.212685
557	10.323727
558	10.290768
559	10.290768
560	10.290768
561	10.290768
562	10.290768
563	10.155249
564	10.155249
565	10.155249
566	10.155249
567	10.155249
568	10.113049
569	10.113049
570	10.155635
571	10.155635
572	10.165004
573	10.165004
574	10.165004
575	10.165004
576	10.165004
577	10.165004
578	10.186932
579	10.177563
580	10.177563
581	10.177563
582	10.177563
583	10.177563
584	10.177563
585	10.177563
586	10.177563
587	10.087245
588	10.087245
589	10.169895
590	10.169895
591	10.169895
592	10.169895
593	10.169895
594	10.169895
595	10.169895
596	10.169895
597	10.169895
598	10.459122
599	10.459122
600	10.459122
601	10.459122
602	10.459122
603	10.459122
604	10.240946
605	10.251095
606	10.251095
607	10.251095
608	10.251095
609	10.251095
610	10.251095
611	10.251095
612	10.251095
613	10.251095
614	10.251095
615	10.251095
616	10.251095
617	10.354037
618	10.354037
619	10.354037
620	10.354037
621	10.354037
622	10.354037
623	10.354037
624	10.354037
625	10.354037
626	10.354037
627	10.354037
628	10.354037
629	10.354037
630	10.354037
631	10.363406
632	10.354037
633	10.354037
634	10.358113
635	10.358113
636	10.358113
637	10.393825
638	10.393825
639	10.393825
640	10.393825
641	10.393825
642	10.393825
643	10.393825
644	10.241027
645	10.241027
646	10.241027
647	10.191476
648	10.191476
649	10.233676
650	10.233676
651	10.19109
652	10.19109
653	10.19109
654	10.174057
655	10.174057
656	10.174057
657	10.120347
658	10.120347
659	10.148985
660	10.148985
661	10.023018
662	10.023018
663	10.07652
664	10.07652
665	10.07652
666	10.07652
667	10.07652
668	10.07652
669	10.07652
670	10.07652
671	10.015135
672	10.015135
673	10.045927
674	10.045927
675	10.045927
676	10.078886
677	10.078886
678	10.078886
679	10.045203
680	10.045203
681	10.045203
682	10.045203
683	10.045203
684	10.045203
685	10.045203
686	10.039885
687	10.039885
688	10.039885
689	10.039885
690	10.039885
691	10.039885
692	10.056918
693	10.056918
694	10.116421
695	10.156439
696	10.156439
697	10.151457
698	10.122381
699	10.122381
700	10.183766
701	10.183766
702	10.183766
703	10.183766
704	10.183766
705	10.183766
706	10.211992
707	10.211992
708	10.211992
709	10.176831
710	10.176831
711	10.211992
712	10.211992
713	10.211992
714	10.211992
715	10.211992
716	10.211992
717	10.211992
718	10.279464
719	10.279464
720	10.284446
721	10.284446
722	10.284446
723	10.26909
724	10.278071
725	10.278071
726	10.227232
727	10.227232
728	10.227232
729	10.227232
730	10.236618
731	10.236618
732	10.236618
733	10.236618
734	10.236618
735	10.236618
736	10.350862
737	10.350862
738	10.34729
739	10.34729
740	10.34729
741	10.270806
742	10.270806
743	10.294089
744	10.294089
745	10.294089
746	10.294089
747	10.270806
748	10.270806
749	10.270806
750	10.270806
751	10.270806
752	10.270806
753	10.270806
754	10.337659
755	10.337659
756	10.337659
757	10.337659
758	10.337659
759	10.349779
760	10.349779
761	10.349779
762	10.349779
763	10.349779
764	10.349779
765	10.349779
766	10.349779
767	10.349779
768	10.349779
769	10.373062
770	10.373062
771	10.373062
772	10.373062
773	10.373062
774	10.347045
775	10.426844
776	10.426844
777	10.426844
778	10.426844
779	10.445254
780	10.445254
781	10.445254
782	10.445254
783	10.445254
784	10.445254
785	10.445254
786	10.445254
787	10.455044
788	10.455044
789	10.455044
790	10.455044
791	10.455044
792	10.488672
793	10.495797
794	10.495797
795	10.495797
796	10.495797
797	10.488672
798	10.488672
799	10.519517
800	10.519517
801	10.519517
802	10.519517
803	10.519517
804	10.519517
805	10.519517
806	10.577919
807	10.577919
808	10.577919
809	10.577919
810	10.577919
811	10.577919
812	10.577919
813	10.577919
814	10.577919
815	10.577919
816	10.577919
817	10.577919
818	10.577919
819	10.577919
820	10.577919
821	10.577919
822	10.577919
823	10.525582
824	10.525582
825	10.525582
826	10.525582
827	10.525582
828	10.525582
829	10.525582
830	10.525582
831	10.538171
832	10.538171
833	10.525582
834	10.525582
835	10.525582
836	10.525582
837	10.525582
838	10.525582
839	10.569107
840	10.569107
841	10.569107
842	10.569107
843	10.569107
844	10.61524
845	10.61524
846	10.61524
847	10.61524
848	10.61524
849	10.61524
850	10.698572
851	10.698572
852	10.698572
853	10.698572
854	10.698572
855	10.698572
856	10.698572
857	10.698572
858	10.698572
859	10.698572
860	10.698572
861	10.698572
862	10.698572
863	10.698572
864	10.698572
865	10.698572
866	10.698572
867	10.698572
868	10.698572
869	10.698572
870	10.698572
871	10.698572
872	10.733051
873	10.733051
874	10.733051
875	10.733051
876	10.733051
877	10.733051
878	10.733051
879	10.733051
880	10.733051
881	10.733051
882	10.733051
883	10.733051
884	10.733051
885	10.733051
886	10.733051
887	10.733051
888	10.733051
889	10.733051
890	10.733051
891	10.733051
892	10.733051
893	10.733051
894	10.733051
895	10.733051
896	10.733051
897	10.733051
898	10.733051
899	10.733051
900	10.733051
901	10.733051
902	10.733051
903	10.733051
904	10.733051
905	10.733051
906	10.733051
907	10.733051
908	10.733051
909	10.733051
910	10.733051
911	10.733051
912	10.733051
913	10.733051
914	10.733051
915	10.654066
916	10.654066
917	10.654066
918	10.654066
919	10.654066
920	10.654066
921	10.654066
922	10.654066
923	10.654066
924	10.654066
925	10.654066
926	10.648295
927	10.648295
928	10.648295
929	10.648295
930	10.648295
931	10.648295
932	10.648295
933	10.648295
934	10.648295
935	10.648295
936	10.648295
937	10.648295
938	10.648295
939	10.648295
940	10.667974
941	10.667974
942	10.667974
943	10.667974
944	10.667974
945	10.667974
946	10.667974
947	10.667974
948	10.667974
949	10.667974
950	10.667974
951	10.667974
952	10.667974
953	10.667974
954	10.667974
955	10.667974
956	10.667974
957	10.699814
958	10.699814
959	10.699814
960	10.699814
961	10.699814
962	10.699814
963	10.651936
964	10.651936
965	10.651936
966	10.651936
967	10.651936
968	10.632257
969	10.637232
970	10.637232
971	10.637232
972	10.649688
973	10.649688
974	10.649688
975	10.649688
976	10.649688
977	10.649688
978	10.649688
979	10.649688
980	10.649688
981	10.68511
982	10.68511
983	10.68511
984	10.68511
985	10.68511
986	10.68511
987	10.68511
988	10.68511
989	10.68511
990	10.68511
991	10.68511
992	10.68511
993	10.68511
994	10.68511
995	10.68511
996	10.68511
997	10.68511
998	10.68511
999	10.68511
1000	10.619764
1001	10.619764
1002	10.619764
1003	10.619764
1004	10.619764
1005	10.619764
1006	10.619764
1007	10.619764
1008	10.619764
1009	10.619764
1010	10.619764
1011	10.619764
1012	10.619764
1013	10.619764
1014	10.710291
1015	10.710291
1016	10.710291
1017	10.710291
1018	10.710291
1019	10.710291
1020	10.710291
1021	10.710291
1022	10.710291
1023	10.710291
1024	10.710291
1025	10.710291
1026	10.710291
1027	10.710291
1028	10.710291
1029	10.710291
1030	10.710291
1031	10.710291
1032	10.710291
1033	10.710291
1034	10.710291
1035	10.710291
1036	10.710291
1037	10.674869
1038	10.674869
1039	10.674869
1040	10.674869
1041	10.674869
1042	10.656959
1043	10.656959
1044	10.656959
1045	10.656959
1046	10.656959
1047	10.656959
1048	10.656959
1049	10.656959
1050	10.656959
1051	10.656959
1052	10.656959
1053	10.656959
1054	10.656959
1055	10.656959
1056	10.692381
1057	10.692381
1058	10.692381
1059	10.692381
1060	10.692381
1061	10.692381
1062	10.692381
1063	10.692381
1064	10.692381
1065	10.692381
1066	10.692381
1067	10.692381
1068	10.692381
1069	10.692381
1070	10.692381
1071	10.692381
1072	10.692381
1073	10.698152
1074	10.698152
1075	10.698152
1076	10.698152
1077	10.698152
1078	10.698152
1079	10.698152
1080	10.698152
1081	10.698152
1082	10.698152
1083	10.698152
1084	10.698152
1085	10.698152
1086	10.698152
1087	10.698152
1088	10.698152
1089	10.698152
1090	10.698152
1091	10.698152
1092	10.698152
1093	10.698152
1094	10.698152
1095	10.698152
1096	10.797328
1097	10.797328
1098	10.797328
1099	10.797328
1100	10.797328
1101	10.797328
1102	10.797328
1103	10.797328
1104	10.797328
1105	10.797328
1106	10.797328
1107	10.797328
1108	10.797328
1109	10.797328
1110	10.797328
1111	10.797328
1112	10.797328
1113	10.797328
1114	10.797328
1115	10.815238
1116	10.815238
1117	10.815238
1118	10.815238
1119	10.815238
1120	10.815238
1121	10.815238
1122	10.815238
1123	10.815238
1124	10.815238
1125	10.815238
1126	10.815238
1127	10.815238
1128	10.815238
1129	10.815238
1130	10.813845
1131	10.813845
1132	10.813845
1133	10.813845
1134	10.813845
1135	10.813845
1136	10.813845
1137	10.813845
1138	10.813845
1139	10.813845
1140	10.813845
1141	10.813845
1142	10.813845
1143	10.813845
1144	10.813845
1145	10.813845
1146	10.813845
1147	10.813845
1148	10.813845
1149	10.813845
1150	10.813845
1151	10.813845
1152	10.813845
1153	10.813845
1154	10.813845
1155	10.813845
1156	10.813845
1157	10.813845
1158	10.813845
1159	10.813845
1160	10.813845
1161	10.813845
1162	10.813845
1163	10.813845
1164	10.813845
1165	10.813845
1166	10.813845
1167	10.813845
1168	10.813845
1169	10.80887
1170	10.80887
1171	10.80887
1172	10.80887
1173	10.80887
1174	10.80887
1175	10.80887
1176	10.80887
1177	10.80887
1178	10.80887
1179	10.80887
1180	10.80887
1181	10.80887
1182	10.827885
1183	10.827885
1184	10.827885
1185	10.827885
1186	10.827885
1187	10.827885
1188	10.827885
1189	10.827885
1190	10.827885
1191	10.827885
1192	10.827885
1193	10.827885
1194	10.827885
1195	10.827885
1196	10.827885
1197	10.827885
1198	10.827885
1199	10.827885
1200	10.827885
1201	10.827885
1202	10.827885
1203	10.827885
1204	10.827885
1205	10.827885
1206	10.827885
1207	10.827885
1208	10.827885
1209	10.827885
1210	10.827885
1211	10.827885
1212	10.827885
1213	10.827885
1214	10.827885
1215	10.827885
1216	10.827885
1217	10.827885
1218	10.827885
1219	10.827885
1220	10.827885
1221	10.827885
1222	10.827885
1223	10.830707
1224	10.830707
1225	10.830707
1226	10.830707
1227	10.830707
1228	10.830707
1229	10.830707
1230	10.830707
1231	10.798867
1232	10.798867
1233	10.798867
1234	10.807822
1235	10.807822
1236	10.807026
1237	10.807026
1238	10.807026
1239	10.807026
1240	10.759148
1241	10.759148
1242	10.759148
1243	10.759148
1244	10.759148
1245	10.759148
1246	10.759148
1247	10.759148
1248	10.759148
1249	10.759148
1250	10.759148
1251	10.759148
1252	10.759148
1253	10.759148
1254	10.759148
1255	10.759148
1256	10.759148
1257	10.759148
1258	10.759148
1259	10.759148
1260	10.785932
1261	10.785932
1262	10.785932
1263	10.785932
1264	10.785932
1265	10.785932
1266	10.785932
1267	10.785932
1268	10.785932
1269	10.785932
1270	10.785932
1271	10.785932
1272	10.785932
1273	10.786596
1274	10.786596
1275	10.786596
1276	10.786596
1277	10.786596
1278	10.786596
1279	10.786596
1280	10.786596
1281	10.786596
1282	10.786596
1283	10.850077
1284	10.850077
1285	10.850077
1286	10.850077
1287	10.850077
1288	10.850077
1289	10.849413
1290	10.849413
1291	10.849413
1292	10.849413
1293	10.849413
1294	10.849413
1295	10.849413
1296	10.849413
1297	10.849413
1298	10.849413
1299	10.849413
1300	10.849413
1301	10.849413
1302	10.849413
1303	10.849413
1304	10.849413
1305	10.849413
1306	10.849413
1307	10.849413
1308	10.849413
1309	10.849413
1310	10.849413
1311	10.849413
1312	10.849413
1313	10.849413
1314	10.849413
1315	10.849413
1316	10.849413
1317	10.849413
1318	10.849413
1319	10.849413
1320	10.849413
1321	10.849413
1322	10.849413
1323	10.849413
1324	10.849413
1325	10.849413
1326	10.849413
1327	10.849413
1328	10.849413
1329	10.849413
1330	10.849413
1331	10.849413
1332	10.849413
1333	10.849413
1334	10.849413
1335	10.849413
1336	10.849413
1337	10.849413
1338	10.849413
1339	10.849413
1340	10.849413
1341	10.849413
1342	10.849413
1343	10.849413
1344	10.849413
1345	10.849413
1346	10.849413
1347	10.849413
1348	10.849413
1349	10.849413
1350	10.849413
1351	10.849413
1352	10.849413
1353	10.849413
1354	10.849413
1355	10.849413
1356	10.849413
1357	10.849413
1358	10.849413
1359	10.849413
1360	10.849413
1361	10.849413
1362	10.849413
1363	10.849413
1364	10.849413
1365	10.849413
1366	10.849413
1367	10.849413
1368	10.849413
1369	10.849413
1370	10.849413
1371	10.849413
1372	10.849413
1373	10.849413
1374	10.849413
1375	10.849413
1376	10.849413
1377	10.849413
1378	10.849413
1379	10.849413
1380	10.849413
1381	10.849413
1382	10.849413
1383	10.849413
1384	10.849413
1385	10.849413
1386	10.849413
1387	10.849413
1388	10.849413
1389	10.849413
1390	10.849413
1391	10.849413
1392	10.850077
1393	10.850077
1394	10.850077
1395	10.850077
1396	10.850077
1397	10.850077
1398	10.850077
1399	10.850077
1400	10.850077
1401	10.850077
1402	10.850077
1403	10.850077
1404	10.850077
1405	10.850077
1406	10.850077
1407	10.850077
1408	10.850077
1409	10.850077
1410	10.850077
1411	10.850077
1412	10.850077
1413	10.850077
1414	10.850077
1415	10.850077
1416	10.850077
1417	10.850077
1418	10.850077
1419	10.850077
1420	10.850077
1421	10.850077
1422	10.850077
1423	10.850077
1424	10.850077
1425	10.850077
1426	10.850077
1427	10.850077
1428	10.850077
1429	10.850077
1430	10.850077
1431	10.850077
1432	10.850077
1433	10.850077
1434	10.850077
1435	10.850077
1436	10.850077
1437	10.850077
1438	10.850077
1439	10.850077
1440	10.826794
1441	10.826794
1442	10.866196
1443	10.866196
1444	10.866196
1445	10.866196
1446	10.866196
1447	10.866196
1448	10.866395
1449	10.866395
1450	10.866395
1451	10.866395
1452	10.866395
1453	10.866395
1454	10.866395
1455	10.866395
1456	10.866395
1457	10.866395
1458	10.866395
1459	10.866395
1460	10.866395
1461	10.866395
1462	10.866395
1463	10.866395
1464	10.866395
1465	10.866395
1466	10.866395
1467	10.87137
1468	10.87137
1469	10.87137
1470	10.87137
1471	10.87137
1472	10.87137
1473	10.87137
1474	10.87137
1475	10.87137
1476	10.87137
1477	10.87137
1478	10.881519
1479	10.881519
1480	10.881519
1481	10.881519
1482	10.881519
1483	10.881519
1484	10.881519
1485	10.881519
1486	10.881519
1487	10.881519
1488	10.881519
1489	10.881519
1490	10.881519
1491	10.881519
1492	10.881519
1493	10.881519
1494	10.881519
1495	10.881519
1496	10.881519
1497	10.881519
1498	10.881519
1499	10.881519
1500	10.881519
1501	10.881519
1502	10.881519
1503	10.881519
1504	10.881519
1505	10.881519
1506	10.881519
1507	10.881519
1508	10.881519
1509	10.881519
1510	10.881519
1511	10.881519
1512	10.881519
1513	10.881519
1514	10.881519
1515	10.881519
1516	10.881519
1517	10.881519
1518	10.881519
1519	10.881519
1520	10.881519
1521	10.881519
1522	10.881519
1523	10.881519
1524	10.881519
1525	10.881519
1526	10.881519
1527	10.881519
1528	10.881519
1529	10.881519
1530	10.881519
1531	10.881519
1532	10.881519
1533	10.881519
1534	10.881519
1535	10.881519
1536	10.881519
1537	10.881519
1538	10.881519
1539	10.881519
1540	10.881519
1541	10.881519
1542	10.881519
1543	10.881519
1544	10.881519
1545	10.881519
1546	10.881519
1547	10.881519
1548	10.881519
1549	10.881519
1550	10.881519
1551	10.881519
1552	10.880855
1553	10.880855
1554	10.880855
1555	10.880855
1556	10.880855
1557	10.880855
1558	10.880855
1559	10.87588
1560	10.87588
1561	10.87588
1562	10.87588
1563	10.87588
1564	10.87588
1565	10.87588
1566	10.87588
1567	10.87588
1568	10.87588
1569	10.87588
1570	10.87588
1571	10.87588
1572	10.87588
1573	10.87588
1574	10.861522
1575	10.861522
1576	10.861522
1577	10.861522
1578	10.861522
1579	10.861522
1580	10.861522
1581	10.861522
1582	10.861522
1583	10.861522
1584	10.861522
1585	10.861522
1586	10.861522
1587	10.861522
1588	10.861522
1589	10.861522
1590	10.861522
1591	10.861522
1592	10.861522
1593	10.861522
1594	10.861522
1595	10.861522
1596	10.861522
1597	10.8587
1598	10.8587
1599	10.8587
1600	10.8587
1601	10.8587
1602	10.8587
1603	10.8587
1604	10.8587
1605	10.8587
1606	10.8587
1607	10.8587
1608	10.8587
1609	10.8587
1610	10.852308
1611	10.852308
1612	10.852308
1613	10.852308
1614	10.852308
1615	10.852308
1616	10.85762
1617	10.85762
1618	10.85762
1619	10.85762
1620	10.85762
1621	10.85762
1622	10.85762
1623	10.85762
1624	10.85762
1625	10.85762
1626	10.85762
1627	10.85762
1628	10.85762
1629	10.85762
1630	10.85762
1631	10.85762
1632	10.85762
1633	10.85762
1634	10.85762
1635	10.85762
1636	10.852308
1637	10.852308
1638	10.852308
1639	10.852308
1640	10.852308
1641	10.852308
1642	10.852109
1643	10.852109
1644	10.852109
1645	10.852109
1646	10.853502
1647	10.835592
1648	10.835592
1649	10.835592
1650	10.835592
1651	10.835592
1652	10.835592
1653	10.835592
1654	10.835592
1655	10.835592
1656	10.835592
1657	10.835592
1658	10.835592
1659	10.835592
1660	10.835592
1661	10.835592
1662	10.835592
1663	10.835592
1664	10.835592
1665	10.835592
1666	10.835592
1667	10.835592
1668	10.835592
1669	10.835592
1670	10.835592
1671	10.835592
1672	10.835592
1673	10.835592
1674	10.835592
1675	10.835592
1676	10.835791
1677	10.835791
1678	10.835791
1679	10.835791
1680	10.835791
1681	10.835791
1682	10.835791
1683	10.835791
1684	10.835791
1685	10.835791
1686	10.835791
1687	10.835791
1688	10.835791
1689	10.835791
1690	10.835791
1691	10.835791
1692	10.835592
1693	10.835592
1694	10.835592
1695	10.835592
1696	10.835592
1697	10.835592
1698	10.835592
1699	10.835592
1700	10.835592
1701	10.835592
1702	10.835592
1703	10.834199
1704	10.834199
1705	10.834199
1706	10.837021
1707	10.837021
1708	10.837021
1709	10.84319
1710	10.84319
1711	10.84319
1712	10.84319
1713	10.84319
1714	10.84319
1715	10.84319
1716	10.84319
1717	10.84319
1718	10.84319
1719	10.84319
1720	10.84319
1721	10.84319
1722	10.84319
1723	10.84319
1724	10.84319
1725	10.84319
1726	10.84319
1727	10.84319
1728	10.84319
1729	10.84319
1730	10.84319
1731	10.84319
1732	10.84319
1733	10.84319
1734	10.84319
1735	10.84319
1736	10.84319
1737	10.84319
1738	10.84319
1739	10.84319
1740	10.84319
1741	10.84319
1742	10.84319
1743	10.84319
1744	10.84319
1745	10.84319
1746	10.84319
1747	10.84319
1748	10.84319
1749	10.84319
1750	10.84319
1751	10.84319
1752	10.84319
1753	10.84319
1754	10.84319
1755	10.84319
1756	10.84319
1757	10.84319
1758	10.84319
1759	10.84319
1760	10.84319
1761	10.84319
1762	10.84319
1763	10.84319
1764	10.84319
1765	10.84319
1766	10.84319
1767	10.84319
1768	10.84319
1769	10.84319
1770	10.84319
1771	10.84319
1772	10.84319
1773	10.840368
1774	10.840368
1775	10.840368
1776	10.840368
1777	10.840368
1778	10.840368
1779	10.840368
1780	10.840368
1781	10.840368
1782	10.840368
1783	10.840368
1784	10.840368
1785	10.840368
1786	10.840368
1787	10.858278
1788	10.858278
1789	10.858278
1790	10.885342
1791	10.885342
1792	10.885342
1793	10.885342
1794	10.885342
1795	10.885342
1796	10.885342
1797	10.885342
1798	10.885342
1799	10.885342
1800	10.885342
1801	10.885342
1802	10.885342
1803	10.885342
1804	10.885342
1805	10.885342
1806	10.885342
1807	10.885342
1808	10.885342
1809	10.886735
1810	10.886735
1811	10.886735
1812	10.886735
1813	10.886735
1814	10.886735
1815	10.886735
1816	10.886735
1817	10.886735
1818	10.886735
1819	10.886735
1820	10.886735
1821	10.892047
1822	10.892047
1823	10.892047
1824	10.892047
1825	10.892047
1826	10.892047
1827	10.892047
1828	10.892047
1829	10.892047
1830	10.892047
1831	10.892047
1832	10.892047
1833	10.892047
1834	10.892047
1835	10.892047
1836	10.892047
1837	10.892047
1838	10.892047
1839	10.892047
1840	10.892047
1841	10.892047
1842	10.892047
1843	10.892047
1844	10.892047
1845	10.892047
1846	10.892047
1847	10.892047
1848	10.892047
1849	10.892047
1850	10.892047
1851	10.892047
1852	10.892047
1853	10.892047
1854	10.892047
1855	10.892047
1856	10.892047
1857	10.892047
1858	10.892047
1859	10.892047
1860	10.892047
1861	10.892047
1862	10.892047
1863	10.892047
1864	10.892047
1865	10.892047
1866	10.892047
1867	10.892047
1868	10.892047
1869	10.892047
1870	10.892047
1871	10.892047
1872	10.892047
1873	10.892047
1874	10.892047
1875	10.892047
1876	10.892047
1877	10.892047
1878	10.892047
1879	10.892047
1880	10.892047
1881	10.892047
1882	10.892047
1883	10.892047
1884	10.892047
1885	10.892047
1886	10.892047
1887	10.892047
1888	10.892047
1889	10.892047
1890	10.892047
1891	10.892047
1892	10.892047
1893	10.892047
1894	10.892047
1895	10.892047
1896	10.892047
1897	10.892047
1898	10.892047
1899	10.892047
1900	10.892047
1901	10.892047
1902	10.892047
1903	10.892047
1904	10.892047
1905	10.892047
1906	10.892047
1907	10.892047
1908	10.892047
1909	10.892047
1910	10.892047
1911	10.892047
1912	10.892047
1913	10.892047
1914	10.892047
1915	10.892047
1916	10.892047
1917	10.892047
1918	10.892047
1919	10.892047
1920	10.892047
1921	10.892047
1922	10.892047
1923	10.892047
1924	10.892047
1925	10.892047
1926	10.892047
1927	10.892047
1928	10.892047
1929	10.892047
1930	10.892047
1931	10.892047
1932	10.892047
1933	10.892047
1934	10.892047
1935	10.892047
1936	10.892047
1937	10.892047
1938	10.892047
1939	10.892047
1940	10.892047
1941	10.892047
1942	10.892047
1943	10.892047
1944	10.892047
1945	10.892047
1946	10.892047
1947	10.892047
1948	10.892047
1949	10.892047
1950	10.892047
1951	10.892047
1952	10.892047
1953	10.892047
1954	10.892047
1955	10.892047
1956	10.892047
1957	10.892047
1958	10.892047
1959	10.892047
1960	10.892047
1961	10.892047
1962	10.892047
1963	10.892047
1964	10.892047
1965	10.892047
1966	10.892047
1967	10.892047
1968	10.892047
1969	10.892047
1970	10.892047
1971	10.892047
1972	10.892047
1973	10.892047
1974	10.892047
1975	10.892047
1976	10.892047
1977	10.892047
1978	10.892047
1979	10.892047
1980	10.892047
1981	10.892047
1982	10.892047
1983	10.892047
1984	10.892047
1985	10.892047
1986	10.892047
1987	10.892047
1988	10.892047
1989	10.892047
1990	10.892047
1991	10.892047
1992	10.892047
1993	10.892047
1994	10.892047
1995	10.892047
1996	10.892047
1997	10.892047
1998	10.892047
1999	10.892047
2000	10.892047
2001	10.892047
2002	10.892047
2003	10.892047
2004	10.892047
2005	10.892047
2006	10.892047
2007	10.892047
2008	10.892047
2009	10.892047
2010	10.892047
2011	10.892047
2012	10.892047
2013	10.892047
2014	10.892047
2015	10.892047
2016	10.892047
2017	10.892047
2018	10.892047
2019	10.892047
2020	10.892047
2021	10.892047
2022	10.892047
2023	10.892047
2024	10.892047
2025	10.892047
2026	10.892047
2027	10.892047
2028	10.892047
2029	10.892047
2030	10.892047
2031	10.892047
2032	10.892047
2033	10.892047
2034	10.892047
2035	10.892047
2036	10.892047
2037	10.892047
2038	10.892047
2039	10.892047
2040	10.892047
2041	10.892047
2042	10.892047
2043	10.892047
2044	10.890654
2045	10.890654
2046	10.890654
2047	10.890654
2048	10.890654
2049	10.890654
2050	10.890654
2051	10.890654
2052	10.890654
2053	10.890654
2054	10.890654
2055	10.890654
2056	10.890654
2057	10.890654
2058	10.890654
2059	10.890654
2060	10.890654
2061	10.890654
2062	10.890654
2063	10.890654
2064	10.890654
2065	10.890654
2066	10.890654
2067	10.885342
2068	10.885342
2069	10.885342
2070	10.885342
2071	10.885342
2072	10.885342
2073	10.885342
2074	10.885342
2075	10.885342
2076	10.885342
2077	10.885342
2078	10.885342
2079	10.885342
2080	10.885342
2081	10.885342
2082	10.885342
2083	10.885342
2084	10.885342
2085	10.885342
2086	10.885342
2087	10.885342
2088	10.885342
2089	10.885342
2090	10.885342
2091	10.885342
2092	10.885342
2093	10.885342
2094	10.885342
2095	10.885342
2096	10.885342
2097	10.891734
2098	10.891933
2099	10.891933
2100	10.891933
2101	10.891933
2102	10.891933
2103	10.891933
2104	10.891933
2105	10.891933
2106	10.891933
2107	10.891933
2108	10.891933
2109	10.891933
2110	10.891933
2111	10.891933
2112	10.891933
2113	10.891933
2114	10.906291
2115	10.906291
2116	10.906291
2117	10.906291
2118	10.906291
2119	10.906291
2120	10.906291
2121	10.906291
2122	10.906291
2123	10.906291
2124	10.906291
2125	10.906291
2126	10.906291
2127	10.906291
2128	10.906291
2129	10.906291
2130	10.906291
2131	10.906291
2132	10.906291
2133	10.906291
2134	10.906955
2135	10.906955
2136	10.906955
2137	10.906955
2138	10.906955
2139	10.906955
2140	10.906955
2141	10.906955
2142	10.906955
2143	10.906955
2144	10.906955
2145	10.906955
2146	10.906955
2147	10.906955
2148	10.906955
2149	10.906955
2150	10.906955
2151	10.906955
2152	10.906955
2153	10.906955
2154	10.906955
2155	10.906955
2156	10.906955
2157	10.906955
2158	10.906955
2159	10.906955
2160	10.906955
2161	10.906955
2162	10.906955
2163	10.906955
2164	10.906955
2165	10.906955
2166	10.906955
2167	10.906955
2168	10.906955
2169	10.906756
2170	10.906756
2171	10.906756
2172	10.906756
2173	10.906756
2174	10.906756
2175	10.906756
2176	10.906756
2177	10.906756
2178	10.906756
2179	10.906756
2180	10.906756
2181	10.906756
2182	10.906756
2183	10.906756
2184	10.906756
2185	10.906756
2186	10.906756
2187	10.906756
2188	10.906756
2189	10.909578
2190	10.909578
2191	10.909578
2192	10.909578
2193	10.909578
2194	10.909578
2195	10.909578
2196	10.909578
2197	10.909578
2198	10.909578
2199	10.909578
2200	10.909578
2201	10.909578
2202	10.909578
2203	10.909578
2204	10.909578
2205	10.909578
2206	10.909578
2207	10.909578
2208	10.909578
2209	10.909578
2210	10.909578
2211	10.909578
2212	10.909578
2213	10.909578
2214	10.909578
2215	10.909578
2216	10.909578
2217	10.909578
2218	10.909578
2219	10.909578
2220	10.909578
2221	10.909578
2222	10.909578
2223	10.909578
2224	10.909578
2225	10.909578
2226	10.909578
2227	10.909578
2228	10.909578
2229	10.909578
2230	10.909578
2231	10.909578
2232	10.909578
2233	10.909578
2234	10.909578
2235	10.909578
2236	10.909578
2237	10.909578
2238	10.909578
2239	10.909246
2240	10.909246
2241	10.909246
2242	10.909246
2243	10.909246
2244	10.909246
2245	10.909246
2246	10.909246
2247	10.909246
2248	10.909246
2249	10.909246
2250	10.909246
2251	10.909246
2252	10.909246
2253	10.909246
2254	10.909246
2255	10.909246
2256	10.909246
2257	10.909246
2258	10.909246
2259	10.909246
2260	10.909246
2261	10.909246
2262	10.909246
2263	10.909246
2264	10.909246
2265	10.909246
2266	10.909246
2267	10.909246
2268	10.909246
2269	10.909246
2270	10.909246
2271	10.909246
2272	10.909246
2273	10.909246
2274	10.909246
2275	10.909246
2276	10.909246
2277	10.909246
2278	10.909246
2279	10.909578
2280	10.909578
2281	10.909578
2282	10.909578
2283	10.909578
2284	10.909578
2285	10.909578
2286	10.909578
2287	10.909578
2288	10.909578
2289	10.909578
2290	10.909578
2291	10.909578
2292	10.909578
2293	10.909578
2294	10.909578
2295	10.909578
2296	10.909578
2297	10.909578
2298	10.909578
2299	10.909578
2300	10.909578
2301	10.909578
2302	10.909578
2303	10.909578
2304	10.909578
2305	10.909578
2306	10.909777
2307	10.909777
2308	10.909777
2309	10.909777
2310	10.909777
2311	10.909777
2312	10.909777
2313	10.909777
2314	10.909777
2315	10.909777
2316	10.909777
2317	10.909777
2318	10.909777
2319	10.909777
2320	10.909777
2321	10.909777
2322	10.909777
2323	10.909777
2324	10.909777
2325	10.909777
2326	10.909777
2327	10.909777
2328	10.909777
2329	10.909777
2330	10.909777
2331	10.909777
2332	10.909777
2333	10.909777
2334	10.909777
2335	10.909777
2336	10.909777
2337	10.909777
2338	10.909777
2339	10.909777
2340	10.909777
2341	10.909777
2342	10.909777
2343	10.909777
2344	10.909777
2345	10.909777
2346	10.909777
2347	10.909777
2348	10.909777
2349	10.909777
2350	10.909777
2351	10.909777
2352	10.909777
2353	10.909777
2354	10.909777
2355	10.909777
2356	10.909777
2357	10.909777
2358	10.909777
2359	10.909777
2360	10.909777
2361	10.909777
2362	10.909777
2363	10.909777
2364	10.909578
2365	10.909578
2366	10.909578
2367	10.909578
2368	10.909578
2369	10.909578
2370	10.909578
2371	10.909578
2372	10.909578
2373	10.909578
2374	10.909578
2375	10.909578
2376	10.909578
2377	10.909578
2378	10.909578
2379	10.909578
2380	10.909578
2381	10.909578
2382	10.909578
2383	10.909578
2384	10.909578
2385	10.909578
2386	10.909578
2387	10.909578
2388	10.909578
2389	10.909578
2390	10.909578
2391	10.909578
2392	10.909578
2393	10.909578
2394	10.909578
2395	10.909578
2396	10.909777
2397	10.909777
2398	10.909777
2399	10.909777
2400	10.909777
2401	10.909777
2402	10.909777
2403	10.909777
2404	10.909777
2405	10.909777
2406	10.909777
2407	10.909777
2408	10.909777
2409	10.909777
2410	10.909777
2411	10.909777
2412	10.909777
2413	10.909777
2414	10.909777
2415	10.909777
2416	10.909777
2417	10.909777
2418	10.909777
2419	10.909777
2420	10.909777
2421	10.909777
2422	10.909777
2423	10.909777
2424	10.909777
2425	10.909777
2426	10.909777
2427	10.909777
2428	10.909777
2429	10.909777
2430	10.909777
2431	10.909777
2432	10.909777
2433	10.909777
2434	10.909777
2435	10.909777
2436	10.909777
2437	10.909777
2438	10.909777
2439	10.909777
2440	10.909777
2441	10.909777
2442	10.909777
2443	10.909777
2444	10.909777
2445	10.909777
2446	10.909777
2447	10.909777
2448	10.909777
2449	10.909777
2450	10.909777
2451	10.909777
2452	10.909777
2453	10.909777
2454	10.909777
2455	10.909777
2456	10.909777
2457	10.909777
2458	10.909777
2459	10.909777
2460	10.909777
2461	10.909777
2462	10.909777
2463	10.909777
2464	10.909777
2465	10.909777
2466	10.909777
2467	10.909777
2468	10.909777
2469	10.909777
2470	10.909777
2471	10.909777
2472	10.909777
2473	10.909777
2474	10.909777
2475	10.909777
2476	10.909777
2477	10.909777
2478	10.909777
2479	10.909777
2480	10.909777
2481	10.909777
2482	10.909777
2483	10.909777
2484	10.909777
2485	10.909777
2486	10.909777
2487	10.909777
2488	10.909777
2489	10.909777
2490	10.909777
2491	10.909777
2492	10.909777
2493	10.909777
2494	10.909777
2495	10.909777
2496	10.909777
2497	10.909777
2498	10.909777
2499	10.909777
2500	10.909777
2501	10.909777
2502	10.909777
2503	10.909777
2504	10.909777
2505	10.909777
2506	10.909777
2507	10.909777
2508	10.909777
2509	10.909777
2510	10.909777
2511	10.909777
2512	10.909777
2513	10.909777
2514	10.909777
2515	10.909777
2516	10.909777
2517	10.909777
2518	10.909777
2519	10.909777
2520	10.909777
2521	10.909777
2522	10.909777
2523	10.909777
2524	10.909777
2525	10.909777
2526	10.909777
2527	10.909777
2528	10.909777
2529	10.909777
2530	10.909777
2531	10.909777
2532	10.909777
2533	10.909777
2534	10.909777
2535	10.909777
2536	10.909777
2537	10.909777
2538	10.909777
2539	10.909777
2540	10.909777
2541	10.909777
2542	10.909777
2543	10.909777
2544	10.909777
2545	10.909777
2546	10.909777
2547	10.909777
2548	10.909777
2549	10.91117
2550	10.91117
2551	10.91117
2552	10.91117
2553	10.91117
2554	10.91117
2555	10.91117
2556	10.91117
2557	10.91117
2558	10.91117
2559	10.910838
2560	10.910838
2561	10.910838
2562	10.910838
2563	10.910838
2564	10.910838
2565	10.910838
2566	10.910838
2567	10.910838
2568	10.910838
2569	10.910838
2570	10.910838
2571	10.910838
2572	10.910838
2573	10.910506
2574	10.910506
2575	10.910506
2576	10.910506
2577	10.910506
2578	10.910506
2579	10.910506
2580	10.910506
2581	10.910506
2582	10.910506
2583	10.910506
2584	10.910506
2585	10.910506
2586	10.910506
2587	10.910506
2588	10.910506
2589	10.910506
2590	10.910506
2591	10.910506
2592	10.910506
2593	10.910506
2594	10.910506
2595	10.910506
2596	10.910506
2597	10.910506
2598	10.910506
2599	10.910506
2600	10.910506
2601	10.910506
2602	10.910506
2603	10.910506
2604	10.910506
2605	10.910506
2606	10.910506
2607	10.910506
2608	10.910506
2609	10.910506
2610	10.910506
2611	10.910506
2612	10.910506
2613	10.910506
2614	10.910506
2615	10.910506
2616	10.910506
2617	10.910506
2618	10.910506
2619	10.910506
2620	10.910506
2621	10.910506
2622	10.910506
2623	10.910506
2624	10.910506
2625	10.910506
2626	10.910506
2627	10.910506
2628	10.910506
2629	10.910506
2630	10.910506
2631	10.910506
2632	10.910506
2633	10.910506
2634	10.910506
2635	10.910506
2636	10.910506
2637	10.910506
2638	10.910506
2639	10.910506
2640	10.910506
2641	10.910506
2642	10.910506
2643	10.910506
2644	10.910506
2645	10.910506
2646	10.910506
2647	10.910506
2648	10.910506
2649	10.910506
2650	10.910506
2651	10.910506
2652	10.910506
2653	10.910506
2654	10.910506
2655	10.910506
2656	10.910506
2657	10.910506
2658	10.910506
2659	10.910506
2660	10.910506
2661	10.910506
2662	10.910506
2663	10.910506
2664	10.910506
2665	10.910506
2666	10.910506
2667	10.910506
2668	10.910506
2669	10.910506
2670	10.910506
2671	10.910506
2672	10.910506
2673	10.910506
2674	10.910506
2675	10.910506
2676	10.910506
2677	10.910506
2678	10.910506
2679	10.910506
2680	10.910506
2681	10.910506
2682	10.910506
2683	10.910506
2684	10.910506
2685	10.910506
2686	10.910506
2687	10.910506
2688	10.910506
2689	10.910506
2690	10.910506
2691	10.910506
2692	10.910506
2693	10.910506
2694	10.910506
2695	10.910506
2696	10.910506
2697	10.910506
2698	10.910506
2699	10.910506
2700	10.910506
2701	10.910506
2702	10.910506
2703	10.910506
2704	10.910506
2705	10.910506
2706	10.910506
2707	10.910506
2708	10.910506
2709	10.910506
2710	10.910506
2711	10.910506
2712	10.910506
2713	10.910506
2714	10.910506
2715	10.910506
2716	10.910506
2717	10.910506
2718	10.910506
2719	10.910506
2720	10.911004
2721	10.911004
2722	10.911004
2723	10.911004
2724	10.911004
2725	10.911004
2726	10.911004
2727	10.911004
2728	10.911004
2729	10.911004
2730	10.911004
2731	10.911004
2732	10.911004
2733	10.911004
2734	10.911004
2735	10.911004
2736	10.911004
2737	10.911004
2738	10.911004
2739	10.911004
2740	10.911004
2741	10.911004
2742	10.911004
2743	10.911004
2744	10.911004
2745	10.911004
2746	10.911004
2747	10.911004
2748	10.911004
2749	10.911004
2750	10.910838
2751	10.910838
2752	10.910838
2753	10.910838
2754	10.910838
2755	10.910838
2756	10.910838
2757	10.910838
2758	10.910838
2759	10.910838
2760	10.910838
2761	10.91117
2762	10.91117
2763	10.91117
2764	10.91117
2765	10.91117
2766	10.91117
2767	10.91117
2768	10.91117
2769	10.91117
2770	10.91117
2771	10.91117
2772	10.91117
2773	10.91117
2774	10.91117
2775	10.91117
2776	10.91117
2777	10.91117
2778	10.91117
2779	10.91117
2780	10.91117
2781	10.91117
2782	10.91117
2783	10.91117
2784	10.91117
2785	10.91117
2786	10.91117
2787	10.91117
2788	10.91117
2789	10.91117
2790	10.91117
2791	10.91117
2792	10.91117
2793	10.91117
2794	10.91117
2795	10.91117
2796	10.91117
2797	10.91117
2798	10.91117
2799	10.91117
2800	10.91117
2801	10.91117
2802	10.91117
2803	10.91117
2804	10.91117
2805	10.91117
2806	10.91117
2807	10.91117
2808	10.91117
2809	10.91117
2810	10.91117
2811	10.91117
2812	10.91117
2813	10.91117
2814	10.91117
2815	10.91117
2816	10.91117
2817	10.91117
2818	10.91117
2819	10.91117
2820	10.91117
2821	10.91117
2822	10.91117
2823	10.91117
2824	10.91117
2825	10.91117
2826	10.91117
2827	10.91117
2828	10.91117
2829	10.91117
2830	10.91117
2831	10.91117
2832	10.91117
2833	10.91117
2834	10.91117
2835	10.91117
2836	10.91117
2837	10.91117
2838	10.91117
2839	10.91117
2840	10.91117
2841	10.91117
2842	10.91117
2843	10.91117
2844	10.91117
2845	10.91117
2846	10.91117
2847	10.91117
2848	10.91117
2849	10.91117
2850	10.91117
2851	10.91117
2852	10.91117
2853	10.91117
2854	10.91117
2855	10.91117
2856	10.91117
2857	10.91117
2858	10.91117
2859	10.91117
2860	10.91117
2861	10.91117
2862	10.91117
2863	10.91117
2864	10.91117
2865	10.91117
2866	10.91117
2867	10.91117
2868	10.91117
2869	10.91117
2870	10.91117
2871	10.91117
2872	10.91117
2873	10.91117
2874	10.91117
2875	10.91117
2876	10.91117
2877	10.91117
2878	10.91117
2879	10.91117
2880	10.91117
2881	10.91117
2882	10.91117
2883	10.91117
2884	10.91117
2885	10.91117
2886	10.91117
2887	10.91117
2888	10.91117
2889	10.91117
2890	10.91117
2891	10.91117
2892	10.91117
2893	10.91117
2894	10.91117
2895	10.91117
2896	10.91117
2897	10.91117
2898	10.91117
2899	10.91117
2900	10.91117
2901	10.91117
2902	10.91117
2903	10.91117
2904	10.91117
2905	10.91117
2906	10.91117
2907	10.91117
2908	10.91117
2909	10.91117
2910	10.91117
2911	10.91117
2912	10.91117
2913	10.91117
2914	10.91117
2915	10.91117
2916	10.91117
2917	10.91117
2918	10.91117
2919	10.91117
2920	10.91117
2921	10.91117
2922	10.91117
2923	10.91117
2924	10.91117
2925	10.91117
2926	10.91117
2927	10.91117
2928	10.91117
2929	10.91117
2930	10.91117
2931	10.91117
2932	10.91117
2933	10.91117
2934	10.91117
2935	10.91117
2936	10.91117
2937	10.91117
2938	10.91117
2939	10.91117
2940	10.91117
2941	10.91117
2942	10.91117
2943	10.91117
2944	10.91117
2945	10.91117
2946	10.91117
2947	10.91117
2948	10.91117
2949	10.91117
2950	10.91117
2951	10.91117
2952	10.91117
2953	10.91117
2954	10.91117
2955	10.91117
2956	10.91117
2957	10.91117
2958	10.91117
2959	10.91117
2960	10.91117
2961	10.91117
2962	10.91117
2963	10.91117
2964	10.91117
2965	10.91117
2966	10.91117
2967	10.91117
2968	10.91117
2969	10.91117
2970	10.91117
2971	10.91117
2972	10.91117
2973	10.91117
2974	10.91117
2975	10.91117
2976	10.91117
2977	10.91117
2978	10.91117
2979	10.91117
2980	10.91117
2981	10.91117
2982	10.91117
2983	10.91117
2984	10.91117
2985	10.91117
2986	10.91117
2987	10.91117
2988	10.91117
2989	10.91117
2990	10.91117
2991	10.91117
2992	10.91117
2993	10.91117
2994	10.91117
2995	10.91117
2996	10.91117
2997	10.91117
2998	10.91117
2999	10.91117
3000	10.91117
3001	10.91117
3002	10.91117
3003	10.91117
3004	10.91117
3005	10.91117
3006	10.91117
3007	10.91117
3008	10.91117
3009	10.91117
3010	10.91117
3011	10.91117
3012	10.91117
3013	10.91117
3014	10.91117
3015	10.91117
3016	10.91117
3017	10.91117
3018	10.91117
3019	10.91117
3020	10.91117
3021	10.910971
3022	10.910971
3023	10.910971
3024	10.910971
3025	10.910971
3026	10.910971
3027	10.910971
3028	10.910971
3029	10.910971
3030	10.910971
3031	10.910971
3032	10.910971
3033	10.910971
3034	10.910971
3035	10.910971
3036	10.910971
3037	10.910971
3038	10.910971
3039	10.910971
3040	10.910971
3041	10.910971
3042	10.910971
3043	10.910971
3044	10.910971
3045	10.910971
3046	10.910971
3047	10.910971
3048	10.910971
3049	10.910971
3050	10.910971
3051	10.910971
3052	10.910971
3053	10.910971
3054	10.910971
3055	10.910971
3056	10.910971
3057	10.910971
3058	10.910971
3059	10.910971
3060	10.910971
3061	10.910971
3062	10.910971
3063	10.910971
3064	10.910971
3065	10.910971
3066	10.910971
3067	10.910971
3068	10.910971
3069	10.910971
3070	10.910971
3071	10.910971
3072	10.910971
3073	10.910971
3074	10.910971
3075	10.910971
3076	10.910971
3077	10.910971
3078	10.910971
3079	10.910971
3080	10.910971
3081	10.910971
3082	10.910971
3083	10.910971
3084	10.910971
3085	10.910971
3086	10.910971
3087	10.910971
3088	10.910971
3089	10.910971
3090	10.910971
3091	10.910971
3092	10.910971
3093	10.910971
3094	10.910971
3095	10.910971
3096	10.910971
3097	10.910971
3098	10.910971
3099	10.910971
3100	10.910971
3101	10.910971
3102	10.910971
3103	10.910971
3104	10.910971
3105	10.910971
3106	10.910971
3107	10.910971
3108	10.910971
3109	10.910971
3110	10.910971
3111	10.910971
3112	10.910971
3113	10.910971
3114	10.910971
3115	10.910971
3116	10.910971
3117	10.910971
3118	10.910971
3119	10.910971
3120	10.910971
3121	10.910971
3122	10.910971
3123	10.910971
3124	10.910971
3125	10.910971
3126	10.910971
3127	10.91117
3128	10.91117
3129	10.91117
3130	10.91117
3131	10.91117
3132	10.91117
3133	10.91117
3134	10.91117
3135	10.91117
3136	10.91117
3137	10.91117
3138	10.91117
3139	10.91117
3140	10.91117
3141	10.91117
3142	10.91117
3143	10.91117
3144	10.91117
3145	10.91117
3146	10.91117
3147	10.91117
3148	10.91117
3149	10.91117
3150	10.91117
3151	10.91117
3152	10.91117
3153	10.91117
3154	10.91117
3155	10.91117
3156	10.91117
3157	10.91117
3158	10.91117
3159	10.91117
3160	10.91117
3161	10.91117
3162	10.91117
3163	10.91117
3164	10.91117
3165	10.91117
3166	10.91117
3167	10.91117
3168	10.91117
3169	10.91117
3170	10.91117
3171	10.91117
3172	10.91117
3173	10.91117
3174	10.91117
3175	10.91117
3176	10.91117
3177	10.91117
3178	10.91117
3179	10.91117
3180	10.91117
3181	10.91117
3182	10.91117
3183	10.91117
3184	10.91117
3185	10.91117
3186	10.91117
3187	10.91117
3188	10.91117
3189	10.91117
3190	10.91117
3191	10.91117
3192	10.91117
3193	10.91117
3194	10.91117
3195	10.91117
3196	10.91117
3197	10.91117
3198	10.91117
3199	10.91117
3200	10.91117
3201	10.91117
3202	10.91117
3203	10.91117
3204	10.91117
3205	10.91117
3206	10.91117
3207	10.91117
3208	10.91117
3209	10.91117
3210	10.91117
3211	10.91117
3212	10.91117
3213	10.91117
3214	10.91117
3215	10.91117
3216	10.91117
3217	10.91117
3218	10.91117
3219	10.91117
3220	10.91117
3221	10.91117
3222	10.91117
3223	10.91117
3224	10.91117
3225	10.91117
3226	10.91117
3227	10.91117
3228	10.91117
3229	10.91117
3230	10.91117
3231	10.91117
3232	10.91117
3233	10.91117
3234	10.91117
3235	10.91117
3236	10.91117
3237	10.91117
3238	10.91117
3239	10.91117
3240	10.91117
3241	10.91117
3242	10.91117
3243	10.91117
3244	10.91117
3245	10.91117
3246	10.91117
3247	10.91117
3248	10.91117
3249	10.91117
3250	10.91117
3251	10.91117
3252	10.91117
3253	10.91117
3254	10.91117
3255	10.91117
3256	10.91117
3257	10.91117
3258	10.91117
3259	10.91117
3260	10.91117
3261	10.91117
3262	10.91117
3263	10.91117
3264	10.91117
3265	10.91117
3266	10.91117
3267	10.91117
3268	10.91117
3269	10.91117
3270	10.91117
3271	10.91117
3272	10.91117
3273	10.91117
3274	10.91117
3275	10.91117
3276	10.91117
3277	10.91117
3278	10.91117
3279	10.91117
3280	10.91117
3281	10.91117
3282	10.91117
3283	10.91117
3284	10.91117
3285	10.91117
3286	10.91117
3287	10.91117
3288	10.91117
3289	10.91117
3290	10.91117
3291	10.91117
3292	10.91117
3293	10.91117
3294	10.91117
3295	10.91117
3296	10.91117
3297	10.91117
3298	10.91117
3299	10.91117
3300	10.91117
3301	10.91117
3302	10.91117
3303	10.91117
3304	10.91117
3305	10.91117
3306	10.91117
3307	10.91117
3308	10.91117
3309	10.91117
3310	10.91117
3311	10.91117
3312	10.91117
3313	10.91117
3314	10.91117
3315	10.91117
3316	10.91117
3317	10.91117
3318	10.91117
3319	10.91117
3320	10.91117
3321	10.91117
3322	10.91117
3323	10.91117
3324	10.91117
3325	10.91117
3326	10.91117
3327	10.91117
3328	10.91117
3329	10.91117
3330	10.91117
3331	10.91117
3332	10.91117
3333	10.91117
3334	10.91117
3335	10.91117
3336	10.91117
3337	10.91117
3338	10.91117
3339	10.91117
3340	10.91117
3341	10.91117
3342	10.91117
3343	10.91117
3344	10.91117
3345	10.91117
3346	10.91117
3347	10.91117
3348	10.91117
3349	10.91117
3350	10.91117
3351	10.91117
3352	10.91117
3353	10.91117
3354	10.91117
3355	10.91117
3356	10.91117
3357	10.91117
3358	10.91117
3359	10.91117
3360	10.91117
3361	10.91117
3362	10.91117
3363	10.91117
3364	10.91117
3365	10.91117
3366	10.91117
3367	10.91117
3368	10.910838
3369	10.910838
3370	10.910838
3371	10.910838
3372	10.910838
3373	10.910838
3374	10.910838
3375	10.910838
3376	10.910838
3377	10.910838
3378	10.910838
3379	10.910838
3380	10.910838
3381	10.910838
3382	10.910838
3383	10.910838
3384	10.910838
3385	10.910838
3386	10.910838
3387	10.910838
3388	10.910838
3389	10.910838
3390	10.910838
3391	10.910838
3392	10.910838
3393	10.910838
3394	10.910838
3395	10.910838
3396	10.910838
3397	10.910838
3398	10.910838
3399	10.910838
3400	10.910838
3401	10.910838
3402	10.910838
3403	10.910838
3404	10.910838
3405	10.910838
3406	10.91117
3407	10.91117
3408	10.91117
3409	10.91117
3410	10.91117
3411	10.91117
3412	10.91117
3413	10.91117
3414	10.91117
3415	10.91117
3416	10.91117
3417	10.91117
3418	10.91117
3419	10.91117
3420	10.91117
3421	10.91117
3422	10.91117
3423	10.91117
3424	10.91117
3425	10.91117
3426	10.91117
3427	10.91117
3428	10.91117
3429	10.91117
3430	10.91117
3431	10.91117
3432	10.91117
3433	10.91117
3434	10.91117
3435	10.91117
3436	10.91117
3437	10.91117
3438	10.91117
3439	10.91117
3440	10.91117
3441	10.91117
3442	10.91117
3443	10.91117
3444	10.91117
3445	10.91117
3446	10.91117
3447	10.91117
3448	10.91117
3449	10.91117
3450	10.91117
3451	10.91117
3452	10.91117
3453	10.91117
3454	10.91117
3455	10.91117
3456	10.91117
3457	10.91117
3458	10.91117
3459	10.91117
3460	10.91117
3461	10.91117
3462	10.91117
3463	10.91117
3464	10.91117
3465	10.91117
3466	10.91117
3467	10.91117
3468	10.91117
3469	10.91117
3470	10.91117
3471	10.91117
3472	10.91117
3473	10.91117
3474	10.91117
3475	10.91117
3476	10.91117
3477	10.91117
3478	10.91117
3479	10.91117
3480	10.91117
3481	10.91117
3482	10.91117
3483	10.91117
3484	10.91117
3485	10.91117
3486	10.91117
3487	10.91117
3488	10.91117
3489	10.91117
3490	10.91117
3491	10.91117
3492	10.91117
3493	10.91117
3494	10.91117
3495	10.91117
3496	10.91117
3497	10.91117
3498	10.91117
3499	10.91117
3500	10.91117
3501	10.91117
3502	10.91117
3503	10.91117
3504	10.91117
3505	10.91117
3506	10.91117
3507	10.91117
3508	10.91117
3509	10.91117
3510	10.91117
3511	10.91117
3512	10.91117
3513	10.91117
3514	10.91117
3515	10.91117
3516	10.91117
3517	10.91117
3518	10.91117
3519	10.91117
3520	10.91117
3521	10.91117
3522	10.91117
3523	10.91117
3524	10.91117
3525	10.91117
3526	10.91117
3527	10.91117
3528	10.91117
3529	10.91117
3530	10.91117
3531	10.91117
3532	10.91117
3533	10.91117
3534	10.91117
3535	10.91117
3536	10.91117
3537	10.91117
3538	10.91117
3539	10.91117
3540	10.91117
3541	10.91117
3542	10.91117
3543	10.91117
3544	10.91117
3545	10.91117
3546	10.91117
3547	10.91117
3548	10.91117
3549	10.91117
3550	10.91117
3551	10.91117
3552	10.91117
3553	10.91117
3554	10.91117
3555	10.91117
3556	10.91117
3557	10.91117
3558	10.91117
3559	10.91117
3560	10.91117
3561	10.91117
3562	10.91117
3563	10.91117
3564	10.91117
3565	10.91117
3566	10.91117
3567	10.91117
3568	10.91117
3569	10.91117
3570	10.91117
3571	10.91117
3572	10.91117
3573	10.91117
3574	10.91117
3575	10.91117
3576	10.91117
3577	10.91117
3578	10.91117
3579	10.91117
3580	10.91117
3581	10.91117
3582	10.91117
3583	10.91117
3584	10.91117
3585	10.91117
3586	10.91117
3587	10.91117
3588	10.91117
3589	10.91117
3590	10.91117
3591	10.91117
3592	10.91117
3593	10.91117
3594	10.91117
3595	10.91117
3596	10.91117
3597	10.91117
3598	10.91117
3599	10.91117
3600	10.91117
3601	10.91117
3602	10.91117
3603	10.91117
3604	10.91117
3605	10.91117
3606	10.91117
3607	10.91117
3608	10.91117
3609	10.91117
3610	10.91117
3611	10.91117
3612	10.91117
3613	10.91117
3614	10.91117
3615	10.91117
3616	10.91117
3617	10.91117
3618	10.91117
3619	10.91117
3620	10.91117
3621	10.91117
3622	10.91117
3623	10.91117
3624	10.91117
3625	10.91117
3626	10.91117
3627	10.91117
3628	10.91117
3629	10.91117
3630	10.91117
3631	10.91117
3632	10.91117
3633	10.91117
3634	10.91117
3635	10.91117
3636	10.91117
3637	10.91117
3638	10.91117
3639	10.91117
3640	10.91117
3641	10.91117
3642	10.91117
3643	10.91117
3644	10.91117
3645	10.91117
3646	10.91117
3647	10.91117
3648	10.91117
3649	10.91117
3650	10.91117
3651	10.91117
3652	10.91117
3653	10.91117
3654	10.91117
3655	10.91117
3656	10.91117
3657	10.91117
3658	10.91117
3659	10.91117
3660	10.91117
3661	10.91117
3662	10.91117
3663	10.91117
3664	10.91117
3665	10.91117
3666	10.91117
3667	10.91117
3668	10.91117
3669	10.91117
3670	10.91117
3671	10.91117
3672	10.91117
3673	10.91117
3674	10.91117
3675	10.91117
3676	10.91117
3677	10.91117
3678	10.91117
3679	10.91117
3680	10.91117
3681	10.91117
3682	10.91117
3683	10.91117
3684	10.91117
3685	10.91117
3686	10.91117
3687	10.91117
3688	10.91117
3689	10.91117
3690	10.91117
3691	10.91117
3692	10.91117
3693	10.91117
3694	10.91117
3695	10.91117
3696	10.91117
3697	10.91117
3698	10.91117
3699	10.91117
3700	10.91117
3701	10.91117
3702	10.91117
3703	10.91117
3704	10.91117
3705	10.91117
3706	10.91117
3707	10.91117
3708	10.91117
3709	10.91117
3710	10.91117
3711	10.91117
3712	10.91117
3713	10.91117
3714	10.91117
3715	10.91117
3716	10.91117
3717	10.91117
3718	10.91117
3719	10.91117
3720	10.91117
3721	10.91117
3722	10.91117
3723	10.91117
3724	10.91117
3725	10.91117
3726	10.91117
3727	10.91117
3728	10.91117
3729	10.91117
3730	10.91117
3731	10.91117
3732	10.91117
3733	10.91117
3734	10.91117
3735	10.91117
3736	10.91117
3737	10.91117
3738	10.91117
3739	10.91117
3740	10.91117
3741	10.91117
3742	10.91117
3743	10.91117
3744	10.91117
3745	10.91117
3746	10.91117
3747	10.91117
3748	10.91117
3749	10.91117
3750	10.91117
3751	10.91117
3752	10.91117
3753	10.91117
3754	10.91117
3755	10.91117
3756	10.91117
3757	10.91117
3758	10.91117
3759	10.91117
3760	10.91117
3761	10.91117
3762	10.91117
3763	10.91117
3764	10.91117
3765	10.91117
3766	10.91117
3767	10.91117
3768	10.91117
3769	10.91117
3770	10.91117
3771	10.91117
3772	10.91117
3773	10.91117
3774	10.91117
3775	10.91117
3776	10.91117
3777	10.91117
3778	10.91117
3779	10.91117
3780	10.91117
3781	10.91117
3782	10.91117
3783	10.91117
3784	10.91117
3785	10.91117
3786	10.91117
3787	10.91117
3788	10.91117
3789	10.91117
3790	10.91117
3791	10.91117
3792	10.91117
3793	10.91117
3794	10.91117
3795	10.91117
3796	10.91117
3797	10.91117
3798	10.91117
3799	10.91117
3800	10.91117
3801	10.91117
3802	10.91117
3803	10.91117
3804	10.91117
3805	10.91117
3806	10.91117
3807	10.91117
3808	10.91117
3809	10.91117
3810	10.91117
3811	10.91117
3812	10.91117
3813	10.91117
3814	10.91117
3815	10.91117
3816	10.91117
3817	10.91117
3818	10.91117
3819	10.91117
3820	10.91117
3821	10.91117
3822	10.91117
3823	10.91117
3824	10.91117
3825	10.91117
3826	10.91117
3827	10.91117
3828	10.91117
3829	10.91117
3830	10.91117
3831	10.91117
3832	10.91117
3833	10.91117
3834	10.91117
3835	10.91117
3836	10.91117
3837	10.91117
3838	10.91117
3839	10.91117
3840	10.91117
3841	10.91117
3842	10.91117
3843	10.91117
3844	10.91117
3845	10.91117
3846	10.91117
3847	10.91117
3848	10.91117
3849	10.91117
3850	10.91117
3851	10.91117
3852	10.91117
3853	10.91117
3854	10.91117
3855	10.91117
3856	10.91117
3857	10.91117
3858	10.91117
3859	10.91117
3860	10.91117
3861	10.91117
3862	10.91117
3863	10.91117
3864	10.91117
3865	10.91117
3866	10.91117
3867	10.91117
3868	10.91117
3869	10.91117
3870	10.91117
3871	10.91117
3872	10.91117
3873	10.91117
3874	10.91117
3875	10.91117
3876	10.91117
3877	10.91117
3878	10.91117
3879	10.91117
3880	10.91117
3881	10.91117
3882	10.91117
3883	10.91117
3884	10.91117
3885	10.91117
3886	10.91117
3887	10.91117
3888	10.91117
3889	10.91117
3890	10.91117
3891	10.91117
3892	10.91117
3893	10.91117
3894	10.91117
3895	10.91117
3896	10.91117
3897	10.91117
3898	10.91117
3899	10.91117
3900	10.91117
3901	10.91117
3902	10.91117
3903	10.91117
3904	10.91117
3905	10.91117
3906	10.91117
3907	10.91117
3908	10.91117
3909	10.91117
3910	10.91117
3911	10.91117
3912	10.91117
3913	10.91117
3914	10.91117
3915	10.91117
3916	10.91117
3917	10.91117
3918	10.91117
3919	10.91117
3920	10.91117
3921	10.91117
3922	10.91117
3923	10.91117
3924	10.91117
3925	10.91117
3926	10.91117
3927	10.91117
3928	10.91117
3929	10.91117
3930	10.91117
3931	10.91117
3932	10.91117
3933	10.91117
3934	10.91117
3935	10.91117
3936	10.91117
3937	10.91117
3938	10.91117
3939	10.91117
3940	10.91117
3941	10.91117
3942	10.91117
3943	10.91117
3944	10.91117
3945	10.91117
3946	10.91117
3947	10.91117
3948	10.91117
3949	10.91117
3950	10.91117
3951	10.91117
3952	10.91117
3953	10.91117
3954	10.91117
3955	10.91117
3956	10.91117
3957	10.91117
3958	10.91117
3959	10.91117
3960	10.91117
3961	10.91117
3962	10.91117
3963	10.91117
3964	10.91117
3965	10.91117
3966	10.91117
3967	10.91117
3968	10.91117
3969	10.91117
3970	10.91117
3971	10.91117
3972	10.91117
3973	10.91117
3974	10.91117
3975	10.91117
3976	10.91117
3977	10.91117
3978	10.91117
3979	10.91117
3980	10.91117
3981	10.91117
3982	10.91117
3983	10.91117
3984	10.91117
3985	10.91117
3986	10.91117
3987	10.91117
3988	10.91117
3989	10.91117
3990	10.91117
3991	10.91117
3992	10.91117
3993	10.91117
3994	10.91117
3995	10.91117
3996	10.91117
3997	10.91117
3998	10.91117
3999	10.91117
4000	10.91117
4001	10.91117
4002	10.91117
4003	10.91117
4004	10.91117
4005	10.91117
4006	10.91117
4007	10.91117
4008	10.91117
4009	10.91117
4010	10.91117
4011	10.91117
4012	10.91117
4013	10.91117
4014	10.91117
4015	10.91117
4016	10.91117
4017	10.91117
4018	10.91117
4019	10.91117
4020	10.91117
4021	10.91117
4022	10.91117
4023	10.91117
4024	10.91117
4025	10.91117
4026	10.91117
4027	10.91117
4028	10.91117
4029	10.91117
4030	10.91117
4031	10.91117
4032	10.91117
4033	10.91117
4034	10.91117
4035	10.91117
4036	10.91117
4037	10.91117
4038	10.91117
4039	10.91117
4040	10.91117
4041	10.91117
4042	10.91117
4043	10.91117
4044	10.91117
4045	10.91117
4046	10.91117
4047	10.91117
4048	10.91117
4049	10.91117
4050	10.91117
4051	10.91117
4052	10.91117
4053	10.91117
4054	10.91117
4055	10.91117
4056	10.91117
4057	10.91117
4058	10.91117
4059	10.91117
4060	10.91117
4061	10.91117
4062	10.91117
4063	10.91117
4064	10.91117
4065	10.91117
4066	10.91117
4067	10.91117
4068	10.91117
4069	10.91117
4070	10.91117
4071	10.91117
4072	10.91117
4073	10.91117
4074	10.91117
4075	10.91117
4076	10.91117
4077	10.91117
4078	10.91117
4079	10.91117
4080	10.91117
4081	10.91117
4082	10.91117
4083	10.91117
4084	10.91117
4085	10.91117
4086	10.91117
4087	10.91117
4088	10.91117
4089	10.91117
4090	10.91117
4091	10.91117
4092	10.91117
4093	10.91117
4094	10.91117
4095	10.91117
4096	10.91117
4097	10.91117
4098	10.91117
4099	10.91117
4100	10.91117
4101	10.91117
4102	10.91117
4103	10.91117
4104	10.91117
4105	10.91117
4106	10.91117
4107	10.91117
4108	10.91117
4109	10.91117
4110	10.91117
4111	10.91117
4112	10.91117
4113	10.91117
4114	10.91117
4115	10.91117
4116	10.91117
4117	10.91117
4118	10.91117
4119	10.91117
4120	10.91117
4121	10.91117
4122	10.91117
4123	10.91117
4124	10.91117
4125	10.91117
4126	10.91117
4127	10.91117
4128	10.91117
4129	10.91117
4130	10.91117
4131	10.91117
4132	10.91117
4133	10.91117
4134	10.91117
4135	10.91117
4136	10.91117
4137	10.91117
4138	10.91117
4139	10.91117
4140	10.91117
4141	10.91117
4142	10.91117
4143	10.91117
4144	10.91117
4145	10.91117
4146	10.91117
4147	10.91117
4148	10.91117
4149	10.91117
4150	10.91117
4151	10.91117
4152	10.91117
4153	10.91117
4154	10.91117
4155	10.91117
4156	10.91117
4157	10.91117
4158	10.91117
4159	10.91117
4160	10.91117
4161	10.91117
4162	10.91117
4163	10.91117
4164	10.91117
4165	10.91117
4166	10.91117
4167	10.91117
4168	10.91117
4169	10.91117
4170	10.91117
4171	10.91117
4172	10.91117
4173	10.91117
4174	10.91117
4175	10.91117
4176	10.91117
4177	10.91117
4178	10.91117
4179	10.91117
4180	10.91117
4181	10.91117
4182	10.91117
4183	10.91117
4184	10.91117
4185	10.91117
4186	10.91117
4187	10.91117
4188	10.91117
4189	10.91117
4190	10.91117
4191	10.91117
4192	10.91117
4193	10.91117
4194	10.91117
4195	10.91117
4196	10.91117
4197	10.91117
4198	10.91117
4199	10.91117
4200	10.91117
4201	10.91117
4202	10.91117
4203	10.91117
4204	10.91117
4205	10.91117
4206	10.91117
4207	10.91117
4208	10.91117
4209	10.91117
4210	10.91117
4211	10.91117
4212	10.91117
4213	10.91117
4214	10.91117
4215	10.91117
4216	10.91117
4217	10.91117
4218	10.91117
4219	10.91117
4220	10.91117
4221	10.91117
4222	10.91117
4223	10.91117
4224	10.91117
4225	10.91117
4226	10.91117
4227	10.91117
4228	10.91117
4229	10.91117
4230	10.91117
4231	10.91117
4232	10.91117
4233	10.91117
4234	10.91117
4235	10.91117
4236	10.91117
4237	10.91117
4238	10.91117
4239	10.91117
4240	10.91117
4241	10.91117
4242	10.91117
4243	10.91117
4244	10.91117
4245	10.91117
4246	10.91117
4247	10.91117
4248	10.91117
4249	10.91117
4250	10.91117
4251	10.91117
4252	10.91117
4253	10.91117
4254	10.91117
4255	10.91117
4256	10.91117
4257	10.91117
4258	10.91117
4259	10.91117
4260	10.91117
4261	10.91117
4262	10.91117
4263	10.91117
4264	10.91117
4265	10.91117
4266	10.91117
4267	10.91117
4268	10.91117
4269	10.91117
4270	10.91117
4271	10.91117
4272	10.91117
4273	10.91117
4274	10.91117
4275	10.91117
4276	10.91117
4277	10.91117
4278	10.91117
4279	10.91117
4280	10.91117
4281	10.91117
4282	10.91117
4283	10.91117
4284	10.91117
4285	10.91117
4286	10.91117
4287	10.91117
4288	10.91117
4289	10.91117
4290	10.91117
4291	10.91117
4292	10.91117
4293	10.91117
4294	10.91117
4295	10.91117
4296	10.91117
4297	10.91117
4298	10.91117
4299	10.91117
4300	10.91117
4301	10.91117
4302	10.91117
4303	10.91117
4304	10.91117
4305	10.91117
4306	10.91117
4307	10.91117
4308	10.91117
4309	10.91117
4310	10.91117
4311	10.91117
4312	10.91117
4313	10.91117
4314	10.91117
4315	10.91117
4316	10.91117
4317	10.91117
4318	10.91117
4319	10.91117
4320	10.91117
4321	10.91117
4322	10.91117
4323	10.91117
4324	10.91117
4325	10.91117
4326	10.91117
4327	10.91117
4328	10.91117
4329	10.91117
4330	10.91117
4331	10.91117
4332	10.91117
4333	10.91117
4334	10.91117
4335	10.91117
4336	10.91117
4337	10.91117
4338	10.91117
4339	10.91117
4340	10.91117
4341	10.91117
4342	10.91117
4343	10.91117
4344	10.91117
4345	10.91117
4346	10.91117
4347	10.91117
4348	10.91117
4349	10.91117
4350	10.91117
4351	10.91117
4352	10.91117
4353	10.91117
4354	10.91117
4355	10.91117
4356	10.91117
4357	10.91117
4358	10.91117
4359	10.91117
4360	10.91117
4361	10.91117
4362	10.91117
4363	10.91117
4364	10.91117
4365	10.91117
4366	10.91117
4367	10.91117
4368	10.91117
4369	10.91117
4370	10.91117
4371	10.91117
4372	10.91117
4373	10.91117
4374	10.91117
4375	10.91117
4376	10.91117
4377	10.91117
4378	10.91117
4379	10.91117
4380	10.91117
4381	10.91117
4382	10.91117
4383	10.91117
4384	10.91117
4385	10.91117
4386	10.91117
4387	10.91117
4388	10.91117
4389	10.91117
4390	10.91117
4391	10.91117
4392	10.91117
4393	10.91117
4394	10.91117
4395	10.91117
4396	10.91117
4397	10.91117
4398	10.91117
4399	10.91117
4400	10.91117
4401	10.91117
4402	10.91117
4403	10.91117
4404	10.91117
4405	10.91117
4406	10.91117
4407	10.91117
4408	10.91117
4409	10.91117
4410	10.91117
4411	10.91117
4412	10.91117
4413	10.91117
4414	10.91117
4415	10.91117
4416	10.91117
4417	10.91117
4418	10.91117
4419	10.91117
4420	10.91117
4421	10.91117
4422	10.91117
4423	10.91117
4424	10.91117
4425	10.91117
4426	10.91117
4427	10.91117
4428	10.91117
4429	10.91117
4430	10.91117
4431	10.91117
4432	10.91117
4433	10.91117
4434	10.91117
4435	10.91117
4436	10.91117
4437	10.91117
4438	10.91117
4439	10.91117
4440	10.91117
4441	10.91117
4442	10.91117
4443	10.91117
4444	10.91117
4445	10.91117
4446	10.91117
4447	10.91117
4448	10.91117
4449	10.91117
4450	10.91117
4451	10.91117
4452	10.91117
4453	10.91117
4454	10.91117
4455	10.91117
4456	10.91117
4457	10.91117
4458	10.91117
4459	10.91117
4460	10.91117
4461	10.91117
4462	10.91117
4463	10.91117
4464	10.91117
4465	10.91117
4466	10.91117
4467	10.91117
4468	10.91117
4469	10.91117
4470	10.91117
4471	10.91117
4472	10.91117
4473	10.91117
4474	10.91117
4475	10.91117
4476	10.91117
4477	10.91117
4478	10.91117
4479	10.91117
4480	10.91117
4481	10.91117
4482	10.91117
4483	10.91117
4484	10.91117
4485	10.91117
4486	10.91117
4487	10.91117
4488	10.91117
4489	10.91117
4490	10.91117
4491	10.91117
4492	10.91117
4493	10.91117
4494	10.91117
4495	10.91117
4496	10.91117
4497	10.91117
4498	10.91117
4499	10.91117
4500	10.91117
4501	10.91117
4502	10.91117
4503	10.91117
4504	10.91117
4505	10.91117
4506	10.91117
4507	10.91117
4508	10.91117
4509	10.91117
4510	10.91117
4511	10.91117
4512	10.91117
4513	10.91117
4514	10.91117
4515	10.91117
4516	10.91117
4517	10.91117
4518	10.91117
4519	10.91117
4520	10.91117
4521	10.91117
4522	10.91117
4523	10.91117
4524	10.91117
4525	10.91117
4526	10.91117
4527	10.91117
4528	10.91117
4529	10.91117
4530	10.91117
4531	10.91117
4532	10.91117
4533	10.91117
4534	10.91117
4535	10.91117
4536	10.91117
4537	10.91117
4538	10.91117
4539	10.91117
4540	10.91117
4541	10.91117
4542	10.91117
4543	10.91117
4544	10.91117
4545	10.91117
4546	10.91117
4547	10.91117
4548	10.91117
4549	10.91117
4550	10.91117
4551	10.91117
4552	10.91117
4553	10.91117
4554	10.91117
4555	10.91117
4556	10.91117
4557	10.91117
4558	10.91117
4559	10.91117
4560	10.91117
4561	10.91117
4562	10.91117
4563	10.91117
4564	10.91117
4565	10.91117
4566	10.91117
4567	10.91117
4568	10.91117
4569	10.91117
4570	10.91117
4571	10.91117
4572	10.91117
4573	10.91117
4574	10.91117
4575	10.91117
4576	10.91117
4577	10.91117
4578	10.91117
4579	10.91117
4580	10.91117
4581	10.91117
4582	10.91117
4583	10.91117
4584	10.91117
4585	10.91117
4586	10.91117
4587	10.91117
4588	10.91117
4589	10.91117
4590	10.91117
4591	10.91117
4592	10.91117
4593	10.91117
4594	10.91117
4595	10.91117
4596	10.91117
4597	10.91117
4598	10.91117
4599	10.91117
4600	10.91117
4601	10.91117
4602	10.91117
4603	10.91117
4604	10.91117
4605	10.91117
4606	10.91117
4607	10.91117
4608	10.91117
4609	10.91117
4610	10.91117
4611	10.91117
4612	10.91117
4613	10.91117
4614	10.91117
4615	10.91117
4616	10.91117
4617	10.91117
4618	10.91117
4619	10.91117
4620	10.91117
4621	10.91117
4622	10.91117
4623	10.91117
4624	10.91117
4625	10.91117
4626	10.91117
4627	10.91117
4628	10.91117
4629	10.91117
4630	10.91117
4631	10.91117
4632	10.91117
4633	10.91117
4634	10.91117
4635	10.91117
4636	10.91117
4637	10.91117
4638	10.91117
4639	10.91117
4640	10.91117
4641	10.91117
4642	10.91117
4643	10.91117
4644	10.91117
4645	10.91117
4646	10.91117
4647	10.91117
4648	10.91117
4649	10.91117
4650	10.91117
4651	10.91117
4652	10.91117
4653	10.91117
4654	10.91117
4655	10.91117
4656	10.91117
4657	10.91117
4658	10.91117
4659	10.91117
4660	10.91117
4661	10.91117
4662	10.91117
4663	10.91117
4664	10.91117
4665	10.91117
4666	10.91117
4667	10.91117
4668	10.91117
4669	10.91117
4670	10.91117
4671	10.91117
4672	10.91117
4673	10.91117
4674	10.91117
4675	10.91117
4676	10.91117
4677	10.91117
4678	10.91117
4679	10.91117
4680	10.91117
4681	10.91117
4682	10.91117
4683	10.91117
4684	10.91117
4685	10.91117
4686	10.91117
4687	10.91117
4688	10.91117
4689	10.91117
4690	10.91117
4691	10.91117
4692	10.91117
4693	10.91117
4694	10.91117
4695	10.91117
4696	10.91117
4697	10.91117
4698	10.91117
4699	10.91117
4700	10.91117
4701	10.91117
4702	10.91117
4703	10.91117
4704	10.91117
4705	10.91117
4706	10.91117
4707	10.91117
4708	10.91117
4709	10.91117
4710	10.91117
4711	10.91117
4712	10.91117
4713	10.91117
4714	10.91117
4715	10.91117
4716	10.91117
4717	10.91117
4718	10.91117
4719	10.91117
4720	10.91117
4721	10.91117
4722	10.91117
4723	10.91117
4724	10.91117
4725	10.91117
4726	10.91117
4727	10.91117
4728	10.91117
4729	10.91117
4730	10.91117
4731	10.91117
4732	10.91117
4733	10.91117
4734	10.91117
4735	10.91117
4736	10.91117
4737	10.91117
4738	10.91117
4739	10.91117
4740	10.91117
4741	10.91117
4742	10.91117
4743	10.91117
4744	10.91117
4745	10.91117
4746	10.91117
4747	10.91117
4748	10.91117
4749	10.91117
4750	10.91117
4751	10.91117
4752	10.91117
4753	10.91117
4754	10.91117
4755	10.91117
4756	10.91117
4757	10.91117
4758	10.91117
4759	10.91117
4760	10.91117
4761	10.91117
4762	10.91117
4763	10.91117
4764	10.91117
4765	10.91117
4766	10.91117
4767	10.91117
4768	10.91117
4769	10.91117
4770	10.91117
4771	10.91117
4772	10.91117
4773	10.91117
4774	10.91117
4775	10.91117
4776	10.91117
4777	10.91117
4778	10.91117
4779	10.91117
4780	10.91117
4781	10.91117
4782	10.91117
4783	10.91117
4784	10.91117
4785	10.91117
4786	10.91117
4787	10.91117
4788	10.91117
4789	10.91117
4790	10.91117
4791	10.91117
4792	10.91117
4793	10.91117
4794	10.91117
4795	10.91117
4796	10.91117
4797	10.91117
4798	10.91117
4799	10.91117
4800	10.91117
4801	10.91117
4802	10.91117
4803	10.91117
4804	10.91117
4805	10.91117
4806	10.91117
4807	10.91117
4808	10.91117
4809	10.91117
4810	10.91117
4811	10.91117
4812	10.91117
4813	10.91117
4814	10.91117
4815	10.91117
4816	10.91117
4817	10.91117
4818	10.91117
4819	10.91117
4820	10.91117
4821	10.91117
4822	10.91117
4823	10.91117
4824	10.91117
4825	10.91117
4826	10.91117
4827	10.91117
4828	10.91117
4829	10.91117
4830	10.91117
4831	10.91117
4832	10.91117
4833	10.91117
4834	10.91117
4835	10.91117
4836	10.91117
4837	10.91117
4838	10.91117
4839	10.91117
4840	10.91117
4841	10.91117
4842	10.91117
4843	10.91117
4844	10.91117
4845	10.91117
4846	10.91117
4847	10.91117
4848	10.91117
4849	10.91117
4850	10.91117
4851	10.91117
4852	10.91117
4853	10.91117
4854	10.91117
4855	10.91117
4856	10.91117
4857	10.91117
4858	10.91117
4859	10.91117
4860	10.91117
4861	10.91117
4862	10.91117
4863	10.91117
4864	10.91117
4865	10.91117
4866	10.91117
4867	10.91117
4868	10.91117
4869	10.91117
4870	10.91117
4871	10.91117
4872	10.91117
4873	10.91117
4874	10.91117
4875	10.91117
4876	10.91117
4877	10.91117
4878	10.91117
4879	10.91117
4880	10.91117
4881	10.91117
4882	10.91117
4883	10.91117
4884	10.91117
4885	10.91117
4886	10.91117
4887	10.91117
4888	10.91117
4889	10.91117
4890	10.91117
4891	10.91117
4892	10.91117
4893	10.91117
4894	10.91117
4895	10.91117
4896	10.91117
4897	10.91117
4898	10.91117
4899	10.91117
4900	10.91117
4901	10.91117
4902	10.91117
4903	10.91117
4904	10.91117
4905	10.91117
4906	10.91117
4907	10.91117
4908	10.91117
4909	10.91117
4910	10.91117
4911	10.91117
4912	10.91117
4913	10.91117
4914	10.91117
4915	10.91117
4916	10.91117
4917	10.91117
4918	10.91117
4919	10.91117
4920	10.91117
4921	10.91117
4922	10.91117
4923	10.91117
4924	10.91117
4925	10.91117
4926	10.91117
4927	10.91117
4928	10.91117
4929	10.91117
4930	10.91117
4931	10.91117
4932	10.91117
4933	10.91117
4934	10.91117
4935	10.91117
4936	10.91117
4937	10.91117
4938	10.91117
4939	10.91117
4940	10.91117
4941	10.91117
4942	10.91117
4943	10.91117
4944	10.91117
4945	10.91117
4946	10.91117
4947	10.91117
4948	10.91117
4949	10.91117
4950	10.91117
4951	10.91117
4952	10.91117
4953	10.91117
4954	10.91117
4955	10.91117
4956	10.91117
4957	10.91117
4958	10.91117
4959	10.91117
4960	10.91117
4961	10.91117
4962	10.91117
4963	10.91117
4964	10.91117
4965	10.91117
4966	10.91117
4967	10.91117
4968	10.91117
4969	10.91117
4970	10.91117
4971	10.91117
4972	10.91117
4973	10.91117
4974	10.91117
4975	10.91117
4976	10.91117
4977	10.91117
4978	10.91117
4979	10.91117
4980	10.91117
4981	10.91117
4982	10.91117
4983	10.91117
4984	10.91117
4985	10.91117
4986	10.91117
4987	10.91117
4988	10.91117
4989	10.91117
4990	10.91117
4991	10.91117
4992	10.91117
4993	10.91117
4994	10.91117
4995	10.91117
4996	10.91117
4997	10.91117
4998	10.91117
4999	10.91117
5000	10.91117
5001	10.91117
5002	10.91117
5003	10.91117
5004	10.91117
5005	10.91117
5006	10.91117
5007	10.91117
5008	10.91117
5009	10.91117
5010	10.91117
5011	10.91117
5012	10.91117
5013	10.91117
5014	10.91117
5015	10.91117
5016	10.91117
5017	10.91117
5018	10.91117
5019	10.91117
5020	10.91117
5021	10.91117
5022	10.91117
5023	10.91117
5024	10.91117
5025	10.91117
5026	10.91117
5027	10.91117
5028	10.91117
5029	10.91117
5030	10.91117
5031	10.91117
5032	10.91117
5033	10.91117
5034	10.91117
5035	10.91117
5036	10.91117
5037	10.91117
5038	10.91117
5039	10.91117
5040	10.91117
5041	10.91117
5042	10.91117
5043	10.91117
5044	10.91117
5045	10.91117
5046	10.91117
5047	10.91117
5048	10.91117
5049	10.91117
5050	10.91117
5051	10.91117
5052	10.91117
5053	10.91117
5054	10.91117
5055	10.91117
5056	10.91117
5057	10.91117
5058	10.91117
5059	10.91117
5060	10.91117
5061	10.91117
5062	10.91117
5063	10.91117
5064	10.91117
5065	10.91117
5066	10.91117
5067	10.91117
5068	10.91117
5069	10.91117
5070	10.91117
5071	10.91117
5072	10.91117
5073	10.91117
5074	10.91117
5075	10.91117
5076	10.91117
5077	10.91117
5078	10.91117
5079	10.91117
5080	10.91117
5081	10.91117
5082	10.91117
5083	10.91117
5084	10.91117
5085	10.91117
5086	10.91117
5087	10.91117
5088	10.91117
5089	10.91117
5090	10.91117
5091	10.91117
5092	10.91117
5093	10.91117
5094	10.91117
5095	10.91117
5096	10.91117
5097	10.91117
5098	10.91117
5099	10.91117
5100	10.91117
5101	10.91117
5102	10.91117
5103	10.91117
5104	10.91117
5105	10.91117
5106	10.91117
5107	10.91117
5108	10.91117
5109	10.91117
5110	10.91117
5111	10.91117
5112	10.91117
5113	10.91117
5114	10.91117
5115	10.91117
5116	10.91117
5117	10.91117
5118	10.91117
5119	10.91117
5120	10.91117
5121	10.91117
5122	10.91117
5123	10.91117
5124	10.91117
5125	10.91117
5126	10.91117
5127	10.91117
5128	10.91117
5129	10.91117
5130	10.91117
5131	10.91117
5132	10.91117
5133	10.91117
5134	10.91117
5135	10.91117
5136	10.91117
5137	10.91117
5138	10.91117
5139	10.91117
5140	10.91117
5141	10.91117
5142	10.91117
5143	10.91117
5144	10.91117
5145	10.91117
5146	10.91117
5147	10.91117
5148	10.91117
5149	10.91117
5150	10.91117
5151	10.91117
5152	10.91117
5153	10.91117
5154	10.91117
5155	10.91117
5156	10.91117
5157	10.91117
5158	10.91117
5159	10.91117
5160	10.91117
5161	10.91117
5162	10.91117
5163	10.91117
5164	10.91117
5165	10.91117
5166	10.91117
5167	10.91117
5168	10.91117
5169	10.91117
5170	10.91117
5171	10.91117
5172	10.91117
5173	10.91117
5174	10.91117
5175	10.91117
5176	10.91117
5177	10.91117
5178	10.91117
5179	10.91117
5180	10.91117
5181	10.91117
5182	10.91117
5183	10.91117
5184	10.91117
5185	10.91117
5186	10.91117
5187	10.91117
5188	10.91117
5189	10.91117
5190	10.91117
5191	10.91117
5192	10.91117
5193	10.91117
5194	10.91117
5195	10.91117
5196	10.91117
5197	10.91117
5198	10.91117
5199	10.91117
5200	10.91117
5201	10.91117
5202	10.91117
5203	10.91117
5204	10.91117
5205	10.91117
5206	10.91117
5207	10.91117
5208	10.91117
5209	10.91117
5210	10.91117
5211	10.91117
5212	10.91117
5213	10.91117
5214	10.91117
5215	10.91117
5216	10.91117
5217	10.91117
5218	10.91117
5219	10.91117
5220	10.91117
5221	10.91117
5222	10.91117
5223	10.91117
5224	10.91117
5225	10.91117
5226	10.91117
5227	10.91117
5228	10.91117
5229	10.91117
5230	10.91117
5231	10.91117
5232	10.91117
5233	10.91117
5234	10.91117
5235	10.91117
5236	10.91117
5237	10.91117
5238	10.91117
5239	10.91117
5240	10.91117
5241	10.91117
5242	10.91117
5243	10.91117
5244	10.91117
5245	10.91117
5246	10.91117
5247	10.91117
5248	10.91117
5249	10.91117
5250	10.91117
5251	10.91117
5252	10.91117
5253	10.91117
5254	10.91117
5255	10.91117
5256	10.91117
5257	10.91117
5258	10.91117
5259	10.91117
5260	10.91117
5261	10.91117
5262	10.91117
5263	10.91117
5264	10.91117
5265	10.91117
5266	10.91117
5267	10.91117
5268	10.91117
5269	10.91117
5270	10.91117
5271	10.91117
5272	10.91117
5273	10.91117
5274	10.91117
5275	10.91117
5276	10.91117
5277	10.91117
5278	10.91117
5279	10.91117
5280	10.91117
5281	10.91117
5282	10.91117
5283	10.91117
5284	10.91117
5285	10.91117
5286	10.91117
5287	10.91117
5288	10.91117
5289	10.91117
5290	10.91117
5291	10.91117
5292	10.91117
5293	10.91117
5294	10.91117
5295	10.91117
5296	10.91117
5297	10.91117
5298	10.91117
5299	10.91117
5300	10.91117
5301	10.91117
5302	10.91117
5303	10.91117
5304	10.91117
5305	10.91117
5306	10.91117
5307	10.91117
5308	10.91117
5309	10.91117
5310	10.91117
5311	10.91117
5312	10.91117
5313	10.91117
5314	10.91117
5315	10.91117
5316	10.91117
5317	10.91117
5318	10.91117
5319	10.91117
5320	10.91117
5321	10.91117
5322	10.91117
5323	10.91117
5324	10.91117
5325	10.91117
5326	10.91117
5327	10.91117
5328	10.91117
5329	10.91117
5330	10.91117
5331	10.91117
5332	10.91117
5333	10.91117
5334	10.91117
5335	10.91117
5336	10.91117
5337	10.91117
5338	10.91117
5339	10.91117
5340	10.91117
5341	10.91117
5342	10.91117
5343	10.91117
5344	10.91117
5345	10.91117
5346	10.91117
5347	10.91117
5348	10.91117
5349	10.91117
5350	10.91117
5351	10.91117
5352	10.91117
5353	10.91117
5354	10.91117
5355	10.91117
5356	10.91117
5357	10.91117
5358	10.91117
5359	10.91117
5360	10.91117
5361	10.91117
5362	10.91117
5363	10.91117
5364	10.91117
5365	10.91117
5366	10.91117
5367	10.91117
5368	10.91117
5369	10.91117
5370	10.91117
5371	10.91117
5372	10.91117
5373	10.91117
5374	10.91117
5375	10.91117
5376	10.91117
5377	10.91117
5378	10.91117
5379	10.91117
5380	10.91117
5381	10.91117
5382	10.91117
5383	10.91117
5384	10.91117
5385	10.91117
5386	10.91117
5387	10.91117
5388	10.91117
5389	10.91117
5390	10.91117
5391	10.91117
5392	10.91117
5393	10.91117
5394	10.91117
5395	10.91117
5396	10.91117
5397	10.91117
5398	10.91117
5399	10.91117
5400	10.91117
5401	10.91117
5402	10.91117
5403	10.91117
5404	10.91117
5405	10.91117
5406	10.91117
5407	10.91117
5408	10.91117
5409	10.91117
5410	10.91117
5411	10.91117
5412	10.91117
5413	10.91117
5414	10.91117
5415	10.91117
5416	10.91117
5417	10.91117
5418	10.91117
5419	10.91117
5420	10.91117
5421	10.91117
5422	10.91117
5423	10.91117
5424	10.91117
5425	10.91117
5426	10.91117
5427	10.91117
5428	10.91117
5429	10.91117
5430	10.91117
5431	10.91117
5432	10.91117
5433	10.91117
5434	10.91117
5435	10.91117
5436	10.91117
5437	10.91117
5438	10.91117
5439	10.91117
5440	10.91117
5441	10.91117
5442	10.91117
5443	10.91117
5444	10.91117
5445	10.91117
5446	10.91117
5447	10.91117
5448	10.91117
5449	10.91117
5450	10.91117
5451	10.91117
5452	10.91117
5453	10.91117
5454	10.91117
5455	10.91117
5456	10.91117
5457	10.91117
5458	10.91117
5459	10.91117
5460	10.91117
5461	10.91117
5462	10.91117
5463	10.91117
5464	10.91117
5465	10.91117
5466	10.91117
5467	10.91117
5468	10.91117
5469	10.91117
5470	10.91117
5471	10.91117
5472	10.91117
5473	10.91117
5474	10.91117
5475	10.91117
5476	10.91117
5477	10.91117
5478	10.91117
5479	10.91117
5480	10.91117
5481	10.91117
5482	10.91117
5483	10.91117
5484	10.91117
5485	10.91117
5486	10.91117
5487	10.91117
5488	10.91117
5489	10.91117
5490	10.91117
5491	10.91117
5492	10.91117
5493	10.91117
5494	10.91117
5495	10.91117
5496	10.91117
5497	10.91117
5498	10.91117
5499	10.91117
5500	10.91117
5501	10.91117
5502	10.91117
5503	10.91117
5504	10.91117
5505	10.91117
5506	10.91117
5507	10.91117
5508	10.91117
5509	10.91117
5510	10.91117
5511	10.91117
5512	10.91117
5513	10.91117
5514	10.91117
5515	10.91117
5516	10.91117
5517	10.91117
5518	10.91117
5519	10.91117
5520	10.91117
5521	10.91117
5522	10.91117
5523	10.91117
5524	10.91117
5525	10.91117
5526	10.91117
5527	10.91117
5528	10.91117
5529	10.91117
5530	10.91117
5531	10.91117
5532	10.91117
5533	10.91117
5534	10.91117
5535	10.91117
5536	10.91117
5537	10.91117
5538	10.91117
5539	10.91117
5540	10.91117
5541	10.91117
5542	10.91117
5543	10.91117
5544	10.91117
5545	10.91117
5546	10.91117
5547	10.91117
5548	10.91117
5549	10.91117
5550	10.91117
5551	10.91117
5552	10.91117
5553	10.91117
5554	10.91117
5555	10.91117
5556	10.91117
5557	10.91117
5558	10.91117
5559	10.91117
5560	10.91117
5561	10.91117
5562	10.91117
5563	10.91117
5564	10.91117
5565	10.91117
5566	10.91117
5567	10.91117
5568	10.91117
5569	10.91117
5570	10.91117
5571	10.91117
5572	10.91117
5573	10.91117
5574	10.91117
5575	10.91117
5576	10.91117
5577	10.91117
5578	10.91117
5579	10.91117
5580	10.91117
5581	10.91117
5582	10.91117
5583	10.91117
5584	10.91117
5585	10.91117
5586	10.91117
5587	10.91117
5588	10.91117
5589	10.91117
5590	10.91117
5591	10.91117
5592	10.91117
5593	10.91117
5594	10.91117
5595	10.91117
5596	10.91117
5597	10.91117
5598	10.91117
5599	10.91117
5600	10.91117
5601	10.91117
5602	10.91117
5603	10.91117
5604	10.91117
5605	10.91117
5606	10.91117
5607	10.91117
5608	10.91117
5609	10.91117
5610	10.91117
5611	10.91117
5612	10.91117
5613	10.91117
5614	10.91117
5615	10.91117
5616	10.91117
5617	10.91117
5618	10.91117
5619	10.91117
5620	10.91117
5621	10.91117
5622	10.91117
5623	10.91117
5624	10.91117
5625	10.91117
5626	10.91117
5627	10.91117
5628	10.91117
5629	10.91117
5630	10.91117
5631	10.91117
5632	10.91117
5633	10.91117
5634	10.91117
5635	10.91117
5636	10.91117
5637	10.91117
5638	10.91117
5639	10.91117
5640	10.91117
5641	10.91117
5642	10.91117
5643	10.91117
5644	10.91117
5645	10.91117
5646	10.91117
5647	10.91117
5648	10.91117
5649	10.91117
5650	10.91117
5651	10.91117
5652	10.91117
5653	10.91117
5654	10.91117
5655	10.91117
5656	10.91117
5657	10.91117
5658	10.91117
5659	10.91117
5660	10.91117
5661	10.91117
5662	10.91117
5663	10.91117
5664	10.91117
5665	10.91117
5666	10.91117
5667	10.91117
5668	10.91117
5669	10.91117
5670	10.91117
5671	10.91117
5672	10.91117
5673	10.91117
5674	10.91117
5675	10.91117
5676	10.91117
5677	10.91117
5678	10.91117
5679	10.91117
5680	10.91117
5681	10.91117
5682	10.91117
5683	10.91117
5684	10.91117
5685	10.91117
5686	10.91117
5687	10.91117
5688	10.91117
5689	10.91117
5690	10.91117
5691	10.91117
5692	10.91117
5693	10.91117
5694	10.91117
5695	10.91117
5696	10.91117
5697	10.91117
5698	10.91117
5699	10.91117
5700	10.91117
5701	10.91117
5702	10.91117
5703	10.91117
5704	10.91117
5705	10.91117
5706	10.91117
5707	10.91117
5708	10.91117
5709	10.91117
5710	10.91117
5711	10.91117
5712	10.91117
5713	10.91117
5714	10.91117
5715	10.91117
5716	10.91117
5717	10.91117
5718	10.91117
5719	10.91117
5720	10.91117
5721	10.91117
5722	10.91117
5723	10.91117
5724	10.91117
5725	10.91117
5726	10.91117
5727	10.91117
5728	10.91117
5729	10.91117
5730	10.91117
5731	10.91117
5732	10.91117
5733	10.91117
5734	10.91117
5735	10.91117
5736	10.91117
5737	10.91117
5738	10.91117
5739	10.91117
5740	10.91117
5741	10.91117
5742	10.91117
5743	10.91117
5744	10.91117
5745	10.91117
5746	10.91117
5747	10.91117
5748	10.91117
5749	10.91117
5750	10.91117
5751	10.91117
5752	10.91117
5753	10.91117
5754	10.91117
5755	10.91117
5756	10.91117
5757	10.91117
5758	10.91117
5759	10.91117
5760	10.91117
5761	10.91117
5762	10.91117
5763	10.91117
5764	10.91117
5765	10.91117
5766	10.91117
5767	10.91117
5768	10.91117
5769	10.91117
5770	10.91117
5771	10.91117
5772	10.91117
5773	10.91117
5774	10.91117
5775	10.91117
5776	10.91117
5777	10.91117
5778	10.91117
5779	10.91117
5780	10.91117
5781	10.91117
5782	10.91117
5783	10.91117
5784	10.91117
5785	10.91117
5786	10.91117
5787	10.91117
5788	10.91117
5789	10.91117
5790	10.91117
5791	10.91117
5792	10.91117
5793	10.91117
5794	10.91117
5795	10.91117
5796	10.91117
5797	10.91117
5798	10.91117
5799	10.91117
5800	10.91117
5801	10.91117
5802	10.91117
5803	10.91117
5804	10.91117
5805	10.91117
5806	10.91117
5807	10.91117
5808	10.91117
5809	10.91117
5810	10.91117
5811	10.91117
5812	10.91117
5813	10.91117
5814	10.91117
5815	10.91117
5816	10.91117
5817	10.91117
5818	10.91117
5819	10.91117
5820	10.91117
5821	10.91117
5822	10.91117
5823	10.91117
5824	10.91117
5825	10.91117
5826	10.91117
5827	10.91117
5828	10.91117
5829	10.91117
5830	10.91117
5831	10.91117
5832	10.91117
5833	10.91117
5834	10.91117
5835	10.91117
5836	10.91117
5837	10.91117
5838	10.91117
5839	10.91117
5840	10.91117
5841	10.91117
5842	10.91117
5843	10.91117
5844	10.91117
5845	10.91117
5846	10.91117
5847	10.91117
5848	10.91117
5849	10.91117
5850	10.91117
5851	10.91117
5852	10.91117
5853	10.91117
5854	10.91117
5855	10.91117
5856	10.91117
5857	10.91117
5858	10.91117
5859	10.91117
5860	10.91117
5861	10.91117
5862	10.91117
5863	10.91117
5864	10.91117
5865	10.91117
5866	10.91117
5867	10.91117
5868	10.91117
5869	10.91117
5870	10.91117
5871	10.91117
5872	10.91117
5873	10.91117
5874	10.91117
5875	10.91117
5876	10.91117
5877	10.91117
5878	10.91117
5879	10.91117
5880	10.91117
5881	10.91117
5882	10.91117
5883	10.91117
5884	10.91117
5885	10.91117
5886	10.91117
5887	10.91117
5888	10.91117
5889	10.91117
5890	10.91117
5891	10.91117
5892	10.91117
5893	10.91117
5894	10.91117
5895	10.91117
5896	10.91117
5897	10.91117
5898	10.91117
5899	10.91117
5900	10.91117
5901	10.91117
5902	10.91117
5903	10.91117
5904	10.91117
5905	10.91117
5906	10.91117
5907	10.91117
5908	10.91117
5909	10.91117
5910	10.91117
5911	10.91117
5912	10.91117
5913	10.91117
5914	10.91117
5915	10.91117
5916	10.91117
5917	10.91117
5918	10.91117
5919	10.91117
5920	10.91117
5921	10.91117
5922	10.91117
5923	10.91117
5924	10.91117
5925	10.91117
5926	10.91117
5927	10.91117
5928	10.91117
5929	10.91117
5930	10.91117
5931	10.91117
5932	10.91117
5933	10.91117
5934	10.91117
5935	10.91117
5936	10.91117
5937	10.91117
5938	10.91117
5939	10.91117
5940	10.91117
5941	10.91117
5942	10.91117
5943	10.91117
5944	10.91117
5945	10.91117
5946	10.91117
5947	10.91117
5948	10.91117
5949	10.91117
5950	10.91117
5951	10.91117
5952	10.91117
5953	10.91117
5954	10.91117
5955	10.91117
5956	10.91117
5957	10.91117
5958	10.91117
5959	10.91117
5960	10.91117
5961	10.91117
5962	10.91117
5963	10.91117
5964	10.91117
5965	10.91117
5966	10.91117
5967	10.91117
5968	10.91117
5969	10.91117
5970	10.91117
5971	10.91117
5972	10.91117
5973	10.91117
5974	10.91117
5975	10.91117
5976	10.91117
5977	10.91117
5978	10.91117
5979	10.91117
5980	10.91117
5981	10.91117
5982	10.91117
5983	10.91117
5984	10.91117
5985	10.91117
5986	10.91117
5987	10.91117
5988	10.91117
5989	10.91117
5990	10.91117
5991	10.91117
5992	10.91117
5993	10.91117
5994	10.91117
5995	10.91117
5996	10.91117
5997	10.91117
5998	10.91117
5999	10.91117
6000	10.91117
6001	10.91117
6002	10.91117
6003	10.91117
6004	10.91117
6005	10.91117
6006	10.91117
6007	10.91117
6008	10.91117
6009	10.91117
6010	10.91117
6011	10.91117
6012	10.91117
6013	10.91117
6014	10.91117
6015	10.91117
6016	10.91117
6017	10.91117
6018	10.91117
6019	10.91117
6020	10.91117
6021	10.91117
6022	10.91117
6023	10.91117
6024	10.91117
6025	10.91117
6026	10.91117
6027	10.91117
6028	10.91117
6029	10.91117
6030	10.91117
6031	10.91117
6032	10.91117
6033	10.91117
6034	10.91117
6035	10.91117
6036	10.91117
6037	10.91117
6038	10.91117
6039	10.91117
6040	10.91117
6041	10.91117
6042	10.91117
6043	10.91117
6044	10.91117
6045	10.91117
6046	10.91117
6047	10.91117
6048	10.91117
6049	10.91117
6050	10.91117
6051	10.91117
6052	10.91117
6053	10.91117
6054	10.91117
6055	10.91117
6056	10.91117
6057	10.91117
6058	10.91117
6059	10.91117
6060	10.91117
6061	10.91117
6062	10.91117
6063	10.91117
6064	10.91117
6065	10.91117
6066	10.91117
6067	10.91117
6068	10.91117
6069	10.91117
6070	10.91117
6071	10.91117
6072	10.91117
6073	10.91117
6074	10.91117
6075	10.91117
6076	10.91117
6077	10.91117
6078	10.91117
6079	10.91117
6080	10.91117
6081	10.91117
6082	10.91117
6083	10.91117
6084	10.91117
6085	10.91117
6086	10.91117
6087	10.91117
6088	10.91117
6089	10.91117
6090	10.91117
6091	10.91117
6092	10.91117
6093	10.91117
6094	10.91117
6095	10.91117
6096	10.91117
