1	6.491041
2	6.520565
3	6.57383
4	6.895162
5	6.909442
6	6.84994
7	6.8827
8	6.8827
9	7.01712
10	7.008114
11	6.993906
12	7.063557
13	7.082835
14	7.142577
15	7.082483
16	7.211317
17	7.025163
18	7.067023
19	7.04614
20	7.14054
21	7.14054
22	7.186124
23	7.186124
24	7.236039
25	7.236039
26	7.21941
27	7.210434
28	7.546013
29	7.546013
30	7.304534
31	7.3079
32	7.33115
33	7.451382
34	7.490478
35	7.501599
36	7.588224
37	7.626877
38	7.687707
39	7.691733
40	7.695965
41	7.635135
42	7.639638
43	7.664458
44	7.667528
45	7.735544
46	7.844666
47	7.887538
48	7.887538
49	8.051928
50	8.059503
51	8.115119
52	8.239438
53	8.308498
54	8.308498
55	8.350358
56	8.359571
57	8.534617
58	8.534617
59	8.534617
60	8.559397
61	8.566267
62	8.575661
63	8.431869
64	8.431481
65	8.281425
66	8.288349
67	8.353249
68	8.396753
69	8.524059
70	8.698434
71	8.698434
72	8.699339
73	8.712467
74	8.712467
75	8.712467
76	8.724131
77	8.8068
78	8.8068
79	8.839547
80	8.879941
81	8.975241
82	8.975241
83	8.86833
84	8.86833
85	9.018898
86	9.035754
87	9.035754
88	9.072649
89	9.25915
90	9.2142
91	9.235027
92	9.235027
93	9.235027
94	9.274221
95	9.274221
96	9.093466
97	9.080338
98	9.080338
99	9.075322
100	9.245477
101	9.245477
102	9.245477
103	9.245477
104	9.245477
105	9.245477
106	9.236281
107	9.026932
108	9.386118
109	9.386118
110	9.386118
111	9.372648
112	9.355338
113	9.355338
114	9.190973
115	9.168837
116	9.186414
117	9.188547
118	9.166511
119	9.166511
120	9.175443
121	9.164265
122	9.18237
123	9.195474
124	9.19662
125	9.246176
126	8.926184
127	8.926184
128	8.926184
129	8.951264
130	8.951264
131	8.964392
132	9.015944
133	9.023725
134	9.027069
135	8.852498
136	8.735198
137	8.735198
138	8.735198
139	8.735198
140	8.735198
141	8.735198
142	9.263145
143	9.263145
144	9.262905
145	9.262905
146	9.355355
147	9.355355
148	9.355355
149	9.355355
150	9.355355
151	9.31839
152	9.246182
153	9.337338
154	9.381646
155	9.408555
156	9.408555
157	9.408555
158	9.260096
159	9.16894
160	9.155812
161	9.155812
162	9.157534
163	9.261198
164	9.193737
165	9.193737
166	9.193737
167	9.193737
168	9.096393
169	9.163421
170	9.163421
171	9.163421
172	9.188442
173	9.188442
174	9.207347
175	9.242239
176	8.994753
177	8.994753
178	8.994753
179	9.064533
180	9.064533
181	9.011577
182	8.948295
183	9.031308
184	9.031308
185	9.031308
186	9.044436
187	9.044436
188	9.044436
189	9.137034
190	9.277518
191	9.271394
192	9.258266
193	9.258266
194	9.258266
195	9.17387
196	9.179794
197	9.156498
198	9.156498
199	9.156498
200	9.156498
201	9.156498
202	9.203202
203	9.170696
204	9.170696
205	9.170696
206	9.092471
207	9.092471
208	9.092471
209	9.092471
210	9.092471
211	9.121995
212	9.121995
213	9.161379
214	9.212703
215	9.212703
216	9.212703
217	9.212703
218	9.232521
219	9.296949
220	9.296949
221	9.234406
222	9.234406
223	9.251967
224	9.212583
225	9.216299
226	9.207815
227	9.207815
228	9.207815
229	9.207815
230	9.207815
231	9.207815
232	9.207815
233	9.258165
234	9.207815
235	9.207815
236	9.207815
237	9.257071
238	9.257071
239	9.257071
240	9.257071
241	9.316484
242	9.370048
243	9.370048
244	9.415771
245	9.564891
246	9.564891
247	9.564891
248	9.564891
249	9.564891
250	9.50135
251	9.504034
252	9.504034
253	9.380761
254	9.287448
255	9.287448
256	9.287448
257	9.301648
258	9.301648
259	9.301648
260	9.301648
261	9.301648
262	9.301648
263	9.301648
264	9.301648
265	9.200001
266	9.202291
267	9.206447
268	9.206447
269	9.273908
270	9.215004
271	9.215004
272	9.419418
273	9.419418
274	9.36237
275	9.377156
276	9.374974
277	9.374974
278	9.221346
279	9.26472
280	9.26472
281	9.26472
282	9.26472
283	9.26472
284	9.209715
285	9.404974
286	9.404974
287	9.404974
288	9.404974
289	9.404974
290	9.404974
291	9.404974
292	9.404974
293	9.200842
294	9.192285
295	9.192285
296	9.192285
297	9.322379
298	9.341512
299	9.338972
300	9.338972
301	9.44006
302	9.44006
303	9.44006
304	9.574805
305	9.576779
306	9.602444
307	9.602444
308	9.602444
309	9.602444
310	9.71246
311	9.71246
312	9.571966
313	9.571966
314	9.571966
315	9.348688
316	9.348688
317	9.348688
318	9.602837
319	9.442744
320	9.442744
321	9.442744
322	9.442744
323	9.442744
324	9.442744
325	9.506026
326	9.506026
327	9.506026
328	9.506026
329	9.506026
330	9.506026
331	9.506026
332	9.430137
333	9.470942
334	9.470942
335	9.470942
336	9.470942
337	9.470942
338	9.488664
339	9.488664
340	9.488664
341	9.6952
342	9.872509
343	9.872509
344	9.629472
345	9.629472
346	9.629472
347	9.629472
348	9.629472
349	9.629472
350	9.62764
351	9.62764
352	9.62764
353	9.741854
354	9.695411
355	9.653024
356	9.653024
357	9.653024
358	9.653024
359	9.692408
360	9.692408
361	9.813908
362	9.813908
363	9.813908
364	9.813908
365	9.813908
366	9.813908
367	9.813908
368	9.81931
369	9.590858
370	9.590858
371	9.610559
372	9.610559
373	9.610559
374	9.610559
375	9.571175
376	9.571175
377	9.606277
378	9.606277
379	9.571986
380	9.571986
381	9.552285
382	9.559438
383	9.559438
384	9.559438
385	9.559438
386	9.559438
387	9.489939
388	9.688632
389	9.728016
390	9.728016
391	9.728016
392	9.800294
393	9.800294
394	9.725307
395	9.725307
396	9.725307
397	9.737315
398	9.802731
399	9.797756
400	9.797756
401	9.797756
402	9.797756
403	9.797756
404	9.797756
405	9.797756
406	9.797756
407	9.797756
408	9.797756
409	9.797756
410	9.856138
411	9.816754
412	9.816754
413	10.124869
414	10.124869
415	10.124869
416	10.124869
417	10.124869
418	10.098898
419	10.098898
420	10.098898
421	10.088538
422	10.088538
423	10.088538
424	10.088538
425	10.075063
426	10.075063
427	10.075063
428	10.075063
429	10.075063
430	10.075063
431	9.976359
432	9.910166
433	9.910166
434	9.910166
435	9.910166
436	9.791018
437	9.93987
438	9.93987
439	9.93987
440	9.93987
441	9.93987
442	9.93987
443	9.93987
444	9.916554
445	9.64064
446	9.642348
447	9.642348
448	9.642348
449	9.642348
450	9.642348
451	9.642348
452	9.642348
453	9.642348
454	9.642348
455	9.918262
456	9.918262
457	9.918262
458	9.918262
459	9.918262
460	9.918262
461	9.918262
462	9.918262
463	9.876694
464	9.876694
465	9.876694
466	9.876694
467	9.876694
468	9.876694
469	9.876694
470	9.876694
471	9.876694
472	9.876694
473	9.79693
474	9.79693
475	9.79693
476	9.79693
477	9.842056
478	9.842056
479	9.842056
480	9.842056
481	9.911142
482	9.911142
483	9.995682
484	9.995682
485	9.99028
486	9.99028
487	9.99028
488	9.99028
489	9.99028
490	9.92216
491	9.92216
492	9.913226
493	9.899791
494	9.921063
495	9.921063
496	9.827571
497	9.827571
498	9.827571
499	9.827571
500	9.827571
501	9.827571
502	9.969141
503	9.969141
504	9.969141
505	9.969141
506	9.969141
507	9.893256
508	9.893256
509	9.910777
510	9.928667
511	9.928667
512	9.928667
513	9.928667
514	9.928667
515	9.928667
516	9.928667
517	9.928667
518	9.87778
519	9.87778
520	9.87778
521	9.87778
522	10.060064
523	10.211264
524	10.203105
525	10.203105
526	10.203105
527	10.203105
528	10.106789
529	10.106789
530	10.106789
531	10.106789
532	10.114948
533	10.114948
534	10.112808
535	10.249551
536	10.249551
537	10.249551
538	10.249551
539	10.249551
540	10.249551
541	10.249551
542	10.249551
543	10.249551
544	10.249551
545	10.249551
546	10.249551
547	10.249551
548	10.330274
549	10.330274
550	10.330274
551	10.330274
552	10.330274
553	10.330274
554	10.325436
555	10.325436
556	10.325436
557	10.325436
558	10.325436
559	10.325436
560	10.325436
561	10.325436
562	10.325436
563	10.325436
564	10.325436
565	10.325436
566	10.325436
567	10.325436
568	10.219008
569	10.219008
570	10.2799
571	10.2799
572	10.2799
573	10.2799
574	10.2799
575	10.2799
576	10.2799
577	10.2799
578	10.2799
579	10.400494
580	10.400494
581	10.400494
582	10.400494
583	10.400494
584	10.400494
585	10.400494
586	10.555281
587	10.555281
588	10.555281
589	10.58883
590	10.58883
591	10.58883
592	10.58883
593	10.58883
594	10.58883
595	10.58883
596	10.58883
597	10.58883
598	10.58883
599	10.58883
600	10.58883
601	10.58883
602	10.58883
603	10.58883
604	10.58883
605	10.58883
606	10.58883
607	10.58883
608	10.58883
609	10.58883
610	10.58883
611	10.599129
612	10.599129
613	10.599129
614	10.599129
615	10.599129
616	10.560213
617	10.560213
618	10.560213
619	10.560213
620	10.560213
621	10.560213
622	10.560213
623	10.560213
624	10.560275
625	10.560275
626	10.567517
627	10.567517
628	10.567517
629	10.567517
630	10.567517
631	10.567517
632	10.567517
633	10.567517
634	10.567517
635	10.567517
636	10.567517
637	10.567517
638	10.567517
639	10.567517
640	10.567517
641	10.497135
642	10.509143
643	10.509143
644	10.509143
645	10.509143
646	10.509143
647	10.509143
648	10.509143
649	10.509143
650	10.505679
651	10.505679
652	10.505679
653	10.505679
654	10.505679
655	10.505679
656	10.505679
657	10.505679
658	10.505679
659	10.505679
660	10.505679
661	10.505679
662	10.505679
663	10.505679
664	10.505679
665	10.505679
666	10.505679
667	10.52936
668	10.52936
669	10.516104
670	10.516104
671	10.516104
672	10.516104
673	10.516104
674	10.516104
675	10.516104
676	10.516104
677	10.516104
678	10.568276
679	10.603833
680	10.603833
681	10.603833
682	10.603833
683	10.548374
684	10.630988
685	10.630988
686	10.630988
687	10.630988
688	10.630988
689	10.630988
690	10.630988
691	10.630988
692	10.630988
693	10.630988
694	10.630988
695	10.73805
696	10.73805
697	10.786805
698	10.786805
699	10.786805
700	10.740406
701	10.657622
702	10.657622
703	10.657622
704	10.657622
705	10.668287
706	10.668287
707	10.668287
708	10.668287
709	10.668287
710	10.668287
711	10.668287
712	10.668287
713	10.668287
714	10.668287
715	10.668287
716	10.668287
717	10.668287
718	10.668287
719	10.668287
720	10.668287
721	10.668287
722	10.668287
723	10.668287
724	10.668287
725	10.668287
726	10.668287
727	10.668287
728	10.668287
729	10.668287
730	10.668287
731	10.668287
732	10.668287
733	10.668287
734	10.668287
735	10.668287
736	10.668287
737	10.668287
738	10.668287
739	10.668287
740	10.668287
741	10.668287
742	10.670021
743	10.670021
744	10.670021
745	10.670021
746	10.670021
747	10.670021
748	10.8046
749	10.8046
750	10.8046
751	10.8046
752	10.8046
753	10.8046
754	10.8046
755	10.8046
756	10.8046
757	10.8046
758	10.8046
759	10.831915
760	10.831915
761	10.831915
762	10.831915
763	10.831915
764	10.831915
765	10.831915
766	10.831915
767	10.831915
768	10.831915
769	10.831915
770	10.831915
771	10.729776
772	10.729776
773	10.729776
774	10.729776
775	10.735986
776	10.735986
777	10.995958
778	10.995958
779	10.980038
780	10.980038
781	10.980038
782	10.980038
783	10.980038
784	10.980038
785	10.980038
786	10.980038
787	10.980038
788	10.980038
789	10.980038
790	10.918198
791	10.918198
792	10.918198
793	10.918198
794	10.918198
795	10.918198
796	10.918198
797	10.918198
798	10.918198
799	10.918198
800	10.918198
801	10.918198
802	10.918198
803	10.918198
804	10.918198
805	10.918198
806	10.918198
807	10.918198
808	10.918198
809	10.918198
810	10.918198
811	10.959192
812	10.959192
813	10.959192
814	10.959192
815	10.959192
816	10.959192
817	10.959192
818	10.959192
819	10.959192
820	10.959192
821	10.959192
822	10.959192
823	10.959192
824	10.959192
825	10.959192
826	10.959192
827	10.927949
828	10.927949
829	10.927949
830	10.927949
831	10.927949
832	10.927949
833	10.927949
834	10.927949
835	10.927949
836	10.927949
837	10.927949
838	10.927949
839	10.927949
840	10.927949
841	10.919392
842	10.919392
843	10.919392
844	10.919392
845	10.919392
846	10.919392
847	10.919392
848	10.919392
849	10.919392
850	10.919392
851	10.919392
852	10.919392
853	10.919392
854	10.919392
855	10.919392
856	10.919392
857	10.919392
858	10.919392
859	10.919392
860	10.919392
861	10.919392
862	10.919392
863	10.919392
864	10.919392
865	10.919392
866	10.919392
867	10.919392
868	10.919392
869	10.919392
870	10.919392
871	10.919392
872	10.919392
873	10.919392
874	10.919392
875	10.919392
876	10.919392
877	10.919392
878	10.919392
879	10.919392
880	10.919392
881	10.919392
882	10.950635
883	10.950635
884	10.950635
885	10.927551
886	10.927551
887	10.927551
888	10.927551
889	10.927551
890	10.927551
891	10.927551
892	10.927551
893	10.927551
894	10.927551
895	10.927551
896	10.927551
897	10.927551
898	10.927551
899	10.927551
900	10.927551
901	10.927551
902	10.927551
903	10.927551
904	10.988964
905	10.988964
906	10.988964
907	10.988964
908	10.988964
909	10.988964
910	10.988964
911	10.988964
912	10.988964
913	10.965482
914	10.934239
915	10.934239
916	10.934239
917	10.934239
918	10.934239
919	10.934239
920	10.934239
921	10.934239
922	10.934239
923	10.934239
924	10.934239
925	10.934239
926	10.934239
927	10.934239
928	10.934239
929	10.934239
930	10.934239
931	10.934239
932	10.934239
933	10.934239
934	10.934239
935	10.934239
936	10.934239
937	10.934239
938	10.934239
939	10.934239
940	10.934239
941	10.934239
942	10.934239
943	10.934239
944	10.934239
945	10.934239
946	10.934239
947	10.934239
948	10.934239
949	10.934239
950	10.934239
951	10.934239
952	10.934239
953	10.934239
954	10.934239
955	10.934239
956	10.934239
957	10.934239
958	10.934239
959	10.934239
960	10.934239
961	10.934239
962	10.934239
963	10.934239
964	10.934239
965	10.934239
966	10.934239
967	10.934239
968	10.934239
969	10.934239
970	10.934239
971	10.934239
972	10.934239
973	10.934239
974	10.934239
975	10.934239
976	10.934239
977	10.934239
978	10.934239
979	10.934239
980	10.934239
981	10.934239
982	10.934239
983	10.934239
984	10.934239
985	10.934239
986	10.934239
987	10.934239
988	10.934239
989	10.934239
990	10.934239
991	10.934239
992	10.934239
993	10.934239
994	10.934239
995	10.934239
996	10.934239
997	10.934239
998	11.02627
999	11.02627
1000	11.02627
1001	11.02627
1002	11.02627
1003	11.02627
1004	11.02627
1005	11.02627
1006	11.02627
1007	11.02627
1008	11.02627
1009	11.02627
1010	11.02627
1011	11.02627
1012	11.02627
1013	11.02627
1014	11.02627
1015	11.02627
1016	11.02627
1017	11.02627
1018	11.02627
1019	11.02627
1020	11.02627
1021	11.02627
1022	11.02627
1023	11.02627
1024	11.02627
1025	11.02627
1026	11.02627
1027	11.02627
1028	11.02627
1029	11.02627
1030	11.02627
1031	11.02627
1032	11.02627
1033	11.02627
1034	11.049354
1035	11.049354
1036	11.049354
1037	11.049354
1038	11.049354
1039	11.049354
1040	11.049354
1041	11.059136
1042	11.059136
1043	11.059136
1044	11.059136
1045	11.059136
1046	11.059136
1047	11.059136
1048	11.059136
1049	11.059136
1050	11.059136
1051	11.059136
1052	11.059136
1053	11.059136
1054	11.059136
1055	11.059136
1056	11.059136
1057	11.059136
1058	11.059136
1059	11.059136
1060	11.059136
1061	11.059136
1062	11.059136
1063	11.059136
1064	11.059136
1065	11.059136
1066	11.059136
1067	11.059136
1068	11.059136
1069	11.059136
1070	11.059136
1071	11.059136
1072	11.059136
1073	11.059136
1074	11.059136
1075	11.059136
1076	11.059136
1077	11.059136
1078	11.059136
1079	11.059136
1080	11.059136
1081	11.059136
1082	11.059136
1083	11.059136
1084	11.059136
1085	11.059136
1086	11.059136
1087	11.059136
1088	11.059136
1089	11.059136
1090	11.059136
1091	11.059136
1092	11.059136
1093	11.059136
1094	11.059136
1095	11.059136
1096	11.059136
1097	11.059136
1098	11.059136
1099	11.059136
1100	11.059136
1101	11.059136
1102	11.059136
1103	11.059136
1104	11.059136
1105	11.059136
1106	11.067693
1107	11.067693
1108	11.067693
1109	11.067693
1110	11.067693
1111	11.067693
1112	11.067693
1113	11.067693
1114	11.067693
1115	11.067693
1116	11.067693
1117	11.067693
1118	11.067693
1119	11.067693
1120	11.067693
1121	11.067693
1122	11.067693
1123	11.067693
1124	11.067693
1125	11.067693
1126	11.067693
1127	11.067693
1128	11.067693
1129	11.067693
1130	11.067693
1131	11.067693
1132	11.067693
1133	11.067693
1134	11.067693
1135	11.067693
1136	11.067693
1137	11.067693
1138	11.067693
1139	11.067693
1140	11.067693
1141	11.067693
1142	11.067693
1143	11.067693
1144	11.067693
1145	11.067693
1146	11.067693
1147	11.067693
1148	11.067693
1149	11.067693
1150	11.067693
1151	11.067693
1152	11.067693
1153	11.067693
1154	11.067693
1155	11.067693
1156	11.063713
1157	11.063713
1158	11.063713
1159	11.063713
1160	11.063713
1161	11.063713
1162	11.063713
1163	11.063713
1164	11.063713
1165	11.063713
1166	11.063713
1167	11.063713
1168	11.063713
1169	11.063713
1170	11.063713
1171	11.063713
1172	11.063713
1173	11.063713
1174	11.063713
1175	11.063713
1176	11.063713
1177	11.063713
1178	11.063713
1179	11.063713
1180	11.063713
1181	11.063713
1182	11.063713
1183	11.063713
1184	11.063713
1185	11.063713
1186	11.063713
1187	11.063713
1188	11.063713
1189	11.063713
1190	11.063713
1191	11.063713
1192	11.063713
1193	11.063713
1194	11.063713
1195	11.063713
1196	11.063713
1197	11.063713
1198	11.063713
1199	11.063713
1200	11.063713
1201	11.063713
1202	11.063713
1203	11.063713
1204	11.063713
1205	11.063713
1206	11.063713
1207	11.063713
1208	11.063713
1209	11.063713
1210	11.063713
1211	11.063713
1212	11.063713
1213	11.063713
1214	11.063713
1215	11.063713
1216	11.063713
1217	11.063713
1218	11.063713
1219	11.063713
1220	11.063713
1221	11.063713
1222	11.063713
1223	11.063713
1224	11.063713
1225	11.063713
1226	11.063713
1227	11.063713
1228	11.063713
1229	11.063713
1230	11.063713
1231	11.063713
1232	11.063713
1233	11.063713
1234	11.063713
1235	11.063713
1236	11.063713
1237	11.063713
1238	11.063713
1239	11.063713
1240	11.063713
1241	11.063713
1242	11.063713
1243	11.063713
1244	11.063713
1245	11.063713
1246	11.063713
1247	11.063713
1248	11.063713
1249	11.063713
1250	11.063713
1251	11.063713
1252	11.063713
1253	11.063713
1254	11.063713
1255	11.063713
1256	11.063713
1257	11.063713
1258	11.063713
1259	11.063713
1260	11.063713
1261	11.063713
1262	11.063713
1263	11.063713
1264	11.063713
1265	11.063713
1266	11.063713
1267	11.109109
1268	11.109109
1269	11.109109
1270	11.109109
1271	11.109109
1272	11.109109
1273	11.109109
1274	11.109109
1275	11.109109
1276	11.109109
1277	11.109109
1278	11.109109
1279	11.109109
1280	11.109109
1281	11.109109
1282	11.109109
1283	11.109109
1284	11.109109
1285	11.109109
1286	11.086025
1287	11.086025
1288	11.086025
1289	11.086025
1290	11.086025
1291	11.086025
1292	11.086025
1293	11.086025
1294	11.086025
1295	11.086025
1296	11.086025
1297	11.086025
1298	11.086025
1299	11.086025
1300	11.086025
1301	11.086025
1302	11.086025
1303	11.086025
1304	11.086025
1305	11.086025
1306	11.086025
1307	11.086025
1308	11.086025
1309	11.086025
1310	11.086025
1311	11.086025
1312	11.086025
1313	11.086025
1314	11.086025
1315	11.086025
1316	11.086025
1317	11.086025
1318	11.086025
1319	11.086025
1320	11.086025
1321	11.086025
1322	11.086025
1323	11.086025
1324	11.086025
1325	11.086025
1326	11.086025
1327	11.086025
1328	11.086025
1329	11.086025
1330	11.086025
1331	11.086025
1332	11.086025
1333	11.090005
1334	11.090005
1335	11.090005
1336	11.090005
1337	11.090005
1338	11.090005
1339	11.090005
1340	11.090005
1341	11.090005
1342	11.090005
1343	11.090005
1344	11.090005
1345	11.090005
1346	11.090005
1347	11.090005
1348	11.090005
1349	11.090005
1350	11.090005
1351	11.090005
1352	11.090005
1353	11.090005
1354	11.090005
1355	11.090005
1356	11.090005
1357	11.090005
1358	11.090005
1359	11.090005
1360	11.090005
1361	11.090005
1362	11.090005
1363	11.090005
1364	11.090005
1365	11.090005
1366	11.090005
1367	11.090005
1368	11.090005
1369	11.090005
1370	11.090005
1371	11.121248
1372	11.121248
1373	11.121248
1374	11.121248
1375	11.121248
1376	11.121248
1377	11.121248
1378	11.121248
1379	11.121248
1380	11.121248
1381	11.121248
1382	11.121248
1383	11.121248
1384	11.121248
1385	11.121248
1386	11.121248
1387	11.121248
1388	11.121248
1389	11.121248
1390	11.121248
1391	11.121248
1392	11.121248
1393	11.121248
1394	11.121248
1395	11.121248
1396	11.121248
1397	11.121248
1398	11.121248
1399	11.121248
1400	11.121248
1401	11.121248
1402	11.121248
1403	11.121248
1404	11.121248
1405	11.121248
1406	11.121248
1407	11.121248
1408	11.121248
1409	11.121248
1410	11.121248
1411	11.121248
1412	11.121248
1413	11.121248
1414	11.121248
1415	11.121248
1416	11.121248
1417	11.121248
1418	11.121248
1419	11.121248
1420	11.121248
1421	11.121248
1422	11.121248
1423	11.121248
1424	11.121248
1425	11.121248
1426	11.121248
1427	11.121248
1428	11.121248
1429	11.121248
1430	11.121248
1431	11.121248
1432	11.121248
1433	11.121248
1434	11.121248
1435	11.121248
1436	11.121248
1437	11.121248
1438	11.144332
1439	11.144332
1440	11.144332
1441	11.144332
1442	11.144332
1443	11.144332
1444	11.144332
1445	11.144332
1446	11.144332
1447	11.144332
1448	11.144332
1449	11.144332
1450	11.144332
1451	11.144332
1452	11.144332
1453	11.144332
1454	11.144332
1455	11.144332
1456	11.144332
1457	11.144332
1458	11.144332
1459	11.144332
1460	11.144332
1461	11.144332
1462	11.144332
1463	11.144332
1464	11.144332
1465	11.144332
1466	11.144332
1467	11.144332
1468	11.144332
1469	11.144332
1470	11.144332
1471	11.144332
1472	11.144332
1473	11.144332
1474	11.144332
1475	11.144332
1476	11.144332
1477	11.144332
1478	11.144332
1479	11.144332
1480	11.144332
1481	11.144332
1482	11.144332
1483	11.144332
1484	11.144332
1485	11.144332
1486	11.144332
1487	11.144332
1488	11.144332
1489	11.144332
1490	11.144332
1491	11.144332
1492	11.144332
1493	11.144332
1494	11.144332
1495	11.144332
1496	11.144332
1497	11.144332
1498	11.144332
1499	11.144332
1500	11.144332
1501	11.144332
1502	11.144332
1503	11.144332
1504	11.144332
1505	11.144332
1506	11.144332
1507	11.144332
1508	11.144332
1509	11.144332
1510	11.144332
1511	11.144332
1512	11.144332
1513	11.144332
1514	11.144332
1515	11.144332
1516	11.144332
1517	11.144332
1518	11.144332
1519	11.144332
1520	11.144332
1521	11.144332
1522	11.144332
1523	11.144332
1524	11.144332
1525	11.144332
1526	11.144332
1527	11.144332
1528	11.144332
1529	11.144332
1530	11.144332
1531	11.144332
1532	11.144332
1533	11.144332
1534	11.144332
1535	11.144332
1536	11.144332
1537	11.144332
1538	11.144332
1539	11.144332
1540	11.144332
1541	11.144332
1542	11.144332
1543	11.144332
1544	11.144332
1545	11.144332
1546	11.144332
1547	11.144332
1548	11.144332
1549	11.144332
1550	11.144332
1551	11.144332
1552	11.144332
1553	11.144332
1554	11.144332
1555	11.144332
1556	11.144332
1557	11.144332
1558	11.144332
1559	11.144332
1560	11.144332
1561	11.144332
1562	11.144332
1563	11.144332
1564	11.144332
1565	11.144332
1566	11.144332
1567	11.144332
1568	11.144332
1569	11.144332
1570	11.144332
1571	11.144332
1572	11.144332
1573	11.144332
1574	11.144332
1575	11.144332
1576	11.144332
1577	11.144332
1578	11.144332
1579	11.144332
1580	11.144332
1581	11.144332
1582	11.144332
1583	11.144332
1584	11.144332
1585	11.144332
1586	11.144332
1587	11.144332
1588	11.144332
1589	11.144332
1590	11.144332
1591	11.144332
1592	11.144332
1593	11.144332
1594	11.144332
1595	11.144332
1596	11.144332
1597	11.144332
1598	11.144332
1599	11.144332
1600	11.144332
1601	11.144332
1602	11.144332
1603	11.144332
1604	11.144332
1605	11.144332
1606	11.144332
1607	11.144332
1608	11.144332
1609	11.144332
1610	11.144332
1611	11.144332
1612	11.144332
1613	11.144332
1614	11.144332
1615	11.144332
1616	11.144332
1617	11.144332
1618	11.144332
1619	11.144332
1620	11.144332
1621	11.144332
1622	11.144332
1623	11.144332
1624	11.144332
1625	11.144332
1626	11.144332
1627	11.144332
1628	11.144332
1629	11.144332
1630	11.144332
1631	11.144332
1632	11.144332
1633	11.144332
1634	11.144332
1635	11.144332
1636	11.144332
1637	11.144332
1638	11.144332
1639	11.144332
1640	11.144332
1641	11.144332
1642	11.144332
1643	11.144332
1644	11.144332
1645	11.144332
1646	11.144332
1647	11.144332
1648	11.144332
1649	11.144332
1650	11.144332
1651	11.144332
1652	11.144332
1653	11.144332
1654	11.144332
1655	11.144332
1656	11.144332
1657	11.144332
1658	11.144332
1659	11.144332
1660	11.144332
1661	11.144332
1662	11.144332
1663	11.144332
1664	11.144332
1665	11.144332
1666	11.144332
1667	11.144332
1668	11.144332
1669	11.144332
1670	11.144332
1671	11.144332
1672	11.144332
1673	11.144332
1674	11.144332
1675	11.144332
1676	11.144332
1677	11.144332
1678	11.144332
1679	11.144332
1680	11.144332
1681	11.144332
1682	11.144332
1683	11.144332
1684	11.144332
1685	11.144332
1686	11.144332
1687	11.144332
1688	11.144332
1689	11.144332
1690	11.144332
1691	11.144332
1692	11.144332
1693	11.144332
1694	11.144332
1695	11.144332
1696	11.140352
1697	11.140352
1698	11.140352
1699	11.140352
1700	11.140352
1701	11.140352
1702	11.140352
1703	11.140352
1704	11.140352
1705	11.140352
1706	11.140352
1707	11.140352
1708	11.140352
1709	11.144332
1710	11.144332
1711	11.144332
1712	11.144332
1713	11.144332
1714	11.144332
1715	11.144332
1716	11.135775
1717	11.135775
1718	11.135775
1719	11.135775
1720	11.135775
1721	11.135775
1722	11.135775
1723	11.135775
1724	11.135775
1725	11.135775
1726	11.135775
1727	11.135775
1728	11.135775
1729	11.135775
1730	11.135775
1731	11.135775
1732	11.135775
1733	11.135775
1734	11.135775
1735	11.135775
1736	11.135775
1737	11.135775
1738	11.135775
1739	11.135775
1740	11.135775
1741	11.135775
1742	11.135775
1743	11.135775
1744	11.135775
1745	11.135775
1746	11.135775
1747	11.135775
1748	11.135775
1749	11.135775
1750	11.135775
1751	11.135775
1752	11.135775
1753	11.135775
1754	11.135775
1755	11.135775
1756	11.135775
1757	11.135775
1758	11.135775
1759	11.135775
1760	11.135775
1761	11.135775
1762	11.135775
1763	11.135775
1764	11.135775
1765	11.135775
1766	11.135775
1767	11.135775
1768	11.135775
1769	11.135775
1770	11.135775
1771	11.135775
1772	11.135775
1773	11.135775
1774	11.135775
1775	11.135775
1776	11.135775
1777	11.135775
1778	11.135775
1779	11.135775
1780	11.135775
1781	11.135775
1782	11.135775
1783	11.135775
1784	11.135775
1785	11.135775
1786	11.135775
1787	11.135775
1788	11.135775
1789	11.135775
1790	11.135775
1791	11.135775
1792	11.135775
1793	11.135775
1794	11.135775
1795	11.135775
1796	11.135775
1797	11.135775
1798	11.135775
1799	11.135775
1800	11.135775
1801	11.135775
1802	11.135775
1803	11.144332
1804	11.144332
1805	11.144332
1806	11.144332
1807	11.144332
1808	11.144332
1809	11.144332
1810	11.144332
1811	11.144332
1812	11.144332
1813	11.144332
1814	11.144332
1815	11.144332
1816	11.144332
1817	11.144332
1818	11.144332
1819	11.144332
1820	11.144332
1821	11.144332
1822	11.144332
1823	11.144332
1824	11.144332
1825	11.144332
1826	11.144332
1827	11.144332
1828	11.144332
1829	11.144332
1830	11.144332
1831	11.144332
1832	11.144332
1833	11.144332
1834	11.144332
1835	11.144332
1836	11.144332
1837	11.144332
1838	11.144332
1839	11.144332
1840	11.144332
1841	11.144332
1842	11.144332
1843	11.144332
1844	11.144332
1845	11.144332
1846	11.144332
1847	11.144332
1848	11.144332
1849	11.144332
1850	11.144332
1851	11.144332
1852	11.144332
1853	11.144332
1854	11.144332
1855	11.144332
1856	11.144332
1857	11.144332
1858	11.144332
1859	11.144332
1860	11.144332
1861	11.144332
1862	11.144332
1863	11.144332
1864	11.144332
1865	11.144332
1866	11.144332
1867	11.144332
1868	11.144332
1869	11.144332
1870	11.144332
1871	11.144332
1872	11.144332
1873	11.144332
1874	11.144332
1875	11.144332
1876	11.144332
1877	11.144332
1878	11.144332
1879	11.144332
1880	11.144332
1881	11.144332
1882	11.144332
1883	11.144332
1884	11.144332
1885	11.144332
1886	11.144332
1887	11.144332
1888	11.144332
1889	11.144332
1890	11.144332
1891	11.144332
1892	11.144332
1893	11.144332
1894	11.144332
1895	11.144332
1896	11.144332
1897	11.144332
1898	11.144332
1899	11.144332
1900	11.144332
1901	11.144332
1902	11.144332
1903	11.144332
1904	11.144332
1905	11.144332
1906	11.144332
1907	11.144332
1908	11.144332
1909	11.144332
1910	11.144332
1911	11.144332
1912	11.144332
1913	11.144332
1914	11.144332
1915	11.144332
1916	11.144332
1917	11.144332
1918	11.144332
1919	11.144332
1920	11.144332
1921	11.144332
1922	11.144332
1923	11.144332
1924	11.144332
1925	11.144332
1926	11.144332
1927	11.144332
1928	11.144332
1929	11.144332
1930	11.144332
1931	11.144332
1932	11.144332
1933	11.144332
1934	11.144332
1935	11.144332
1936	11.144332
1937	11.144332
1938	11.144332
1939	11.144332
1940	11.144332
1941	11.144332
1942	11.144332
1943	11.144332
1944	11.144332
1945	11.144332
1946	11.144332
1947	11.144332
1948	11.144332
1949	11.144332
1950	11.144332
1951	11.144332
1952	11.144332
1953	11.144332
1954	11.144332
1955	11.144332
1956	11.144332
1957	11.144332
1958	11.144332
1959	11.144332
1960	11.144332
1961	11.144332
1962	11.144332
1963	11.144332
1964	11.144332
1965	11.144332
1966	11.144332
1967	11.144332
1968	11.144332
1969	11.144332
1970	11.144332
1971	11.144332
1972	11.144332
1973	11.144332
1974	11.144332
1975	11.144332
1976	11.144332
1977	11.144332
1978	11.144332
1979	11.144332
1980	11.144332
1981	11.144332
1982	11.144332
1983	11.144332
1984	11.144332
1985	11.144332
1986	11.144332
1987	11.144332
1988	11.144332
1989	11.144332
1990	11.144332
1991	11.144332
1992	11.144332
1993	11.144332
1994	11.144332
1995	11.144332
1996	11.144332
1997	11.144332
1998	11.144332
1999	11.144332
2000	11.144332
2001	11.144332
2002	11.144332
2003	11.144332
2004	11.144332
2005	11.144332
2006	11.144332
2007	11.144332
2008	11.144332
2009	11.144332
2010	11.144332
2011	11.144332
2012	11.144332
2013	11.144332
2014	11.144332
2015	11.144332
2016	11.144332
2017	11.144332
2018	11.144332
2019	11.144332
2020	11.144332
2021	11.144332
2022	11.144332
2023	11.144332
2024	11.144332
2025	11.144332
2026	11.144332
2027	11.144332
2028	11.144332
2029	11.144332
2030	11.144332
2031	11.144332
2032	11.144332
2033	11.144332
2034	11.144332
2035	11.144332
2036	11.144332
2037	11.144332
2038	11.144332
2039	11.144332
2040	11.144332
2041	11.144332
2042	11.144332
2043	11.144332
2044	11.144332
2045	11.144332
2046	11.144332
2047	11.144332
2048	11.144332
2049	11.144332
2050	11.144332
2051	11.144332
2052	11.144332
2053	11.144332
2054	11.144332
2055	11.144332
2056	11.144332
2057	11.144332
2058	11.144332
2059	11.144332
2060	11.144332
2061	11.144332
2062	11.144332
2063	11.144332
2064	11.144332
2065	11.144332
2066	11.144332
2067	11.144332
2068	11.144332
2069	11.144332
2070	11.144332
2071	11.144332
2072	11.144332
2073	11.144332
2074	11.144332
2075	11.144332
2076	11.144332
2077	11.144332
2078	11.144332
2079	11.144332
2080	11.144332
2081	11.144332
2082	11.144332
2083	11.144332
2084	11.144332
2085	11.144332
2086	11.144332
2087	11.144332
2088	11.144332
2089	11.144332
2090	11.144332
2091	11.144332
2092	11.144332
2093	11.144332
2094	11.144332
2095	11.144332
2096	11.144332
2097	11.144332
2098	11.144332
2099	11.144332
2100	11.144332
2101	11.144332
2102	11.144332
2103	11.144332
2104	11.144332
2105	11.144332
2106	11.144332
2107	11.144332
2108	11.144332
2109	11.144332
2110	11.144332
2111	11.144332
2112	11.144332
2113	11.144332
2114	11.144332
2115	11.144332
2116	11.144332
2117	11.144332
2118	11.144332
2119	11.144332
2120	11.144332
2121	11.144332
2122	11.144332
2123	11.144332
2124	11.144332
2125	11.144332
2126	11.144332
2127	11.144332
2128	11.144332
2129	11.144332
2130	11.144332
2131	11.144332
2132	11.144332
2133	11.144332
2134	11.144332
2135	11.144332
2136	11.144332
2137	11.144332
2138	11.144332
2139	11.144332
2140	11.144332
2141	11.144332
2142	11.144332
2143	11.144332
2144	11.144332
2145	11.144332
2146	11.144332
2147	11.144332
2148	11.144332
2149	11.144332
2150	11.144332
2151	11.144332
2152	11.144332
2153	11.144332
2154	11.144332
2155	11.144332
2156	11.144332
2157	11.144332
2158	11.144332
2159	11.144332
2160	11.144332
2161	11.144332
2162	11.144332
2163	11.144332
2164	11.144332
2165	11.144332
2166	11.144332
2167	11.144332
2168	11.144332
2169	11.144332
2170	11.144332
2171	11.144332
2172	11.144332
2173	11.144332
2174	11.144332
2175	11.144332
2176	11.144332
2177	11.144332
2178	11.144332
2179	11.144332
2180	11.144332
2181	11.144332
2182	11.144332
2183	11.144332
2184	11.144332
2185	11.144332
2186	11.144332
2187	11.144332
2188	11.144332
2189	11.144332
2190	11.144332
2191	11.144332
2192	11.144332
2193	11.144332
2194	11.144332
2195	11.144332
2196	11.144332
2197	11.144332
2198	11.144332
2199	11.144332
2200	11.144332
2201	11.144332
2202	11.144332
2203	11.144332
2204	11.144332
2205	11.144332
2206	11.144332
2207	11.144332
2208	11.144332
2209	11.144332
2210	11.144332
2211	11.144332
2212	11.144332
2213	11.144332
2214	11.144332
2215	11.144332
2216	11.144332
2217	11.144332
2218	11.144332
2219	11.144332
2220	11.144332
2221	11.144332
2222	11.144332
2223	11.144332
2224	11.144332
2225	11.144332
2226	11.144332
2227	11.144332
2228	11.144332
2229	11.144332
2230	11.144332
2231	11.144332
2232	11.144332
2233	11.144332
2234	11.144332
2235	11.144332
2236	11.144332
2237	11.144332
2238	11.144332
2239	11.144332
2240	11.144332
2241	11.144332
2242	11.144332
2243	11.144332
2244	11.144332
2245	11.144332
2246	11.144332
2247	11.144332
2248	11.144332
2249	11.144332
2250	11.144332
2251	11.144332
2252	11.144332
2253	11.144332
2254	11.144332
2255	11.144332
2256	11.144332
2257	11.144332
2258	11.144332
2259	11.144332
2260	11.144332
2261	11.144332
2262	11.144332
2263	11.144332
2264	11.144332
2265	11.144332
2266	11.144332
2267	11.144332
2268	11.144332
2269	11.144332
2270	11.144332
2271	11.144332
2272	11.144332
2273	11.144332
2274	11.144332
2275	11.144332
2276	11.144332
2277	11.144332
2278	11.144332
2279	11.144332
2280	11.144332
2281	11.144332
2282	11.144332
2283	11.144332
2284	11.144332
2285	11.144332
2286	11.144332
2287	11.144332
2288	11.144332
2289	11.144332
2290	11.144332
2291	11.144332
2292	11.144332
2293	11.144332
2294	11.144332
2295	11.144332
2296	11.144332
2297	11.144332
2298	11.144332
2299	11.144332
2300	11.144332
2301	11.144332
2302	11.144332
2303	11.144332
2304	11.144332
2305	11.144332
2306	11.144332
2307	11.144332
2308	11.144332
2309	11.144332
2310	11.144332
2311	11.144332
2312	11.144332
2313	11.144332
2314	11.144332
2315	11.144332
2316	11.144332
2317	11.144332
2318	11.144332
2319	11.144332
2320	11.144332
2321	11.144332
2322	11.144332
2323	11.144332
2324	11.144332
2325	11.144332
2326	11.144332
2327	11.144332
2328	11.144332
2329	11.144332
2330	11.144332
2331	11.144332
2332	11.144332
2333	11.144332
2334	11.144332
2335	11.144332
2336	11.144332
2337	11.144332
2338	11.144332
2339	11.144332
2340	11.144332
2341	11.144332
2342	11.144332
2343	11.144332
2344	11.144332
2345	11.144332
2346	11.144332
2347	11.144332
2348	11.144332
2349	11.144332
2350	11.144332
2351	11.144332
2352	11.144332
2353	11.144332
2354	11.144332
2355	11.144332
2356	11.144332
2357	11.144332
2358	11.144332
2359	11.144332
2360	11.144332
2361	11.144332
2362	11.144332
2363	11.144332
2364	11.144332
2365	11.144332
2366	11.144332
2367	11.144332
2368	11.144332
2369	11.144332
2370	11.144332
2371	11.144332
2372	11.144332
2373	11.144332
2374	11.144332
2375	11.144332
2376	11.144332
2377	11.144332
2378	11.144332
2379	11.144332
2380	11.144332
2381	11.144332
2382	11.144332
2383	11.144332
2384	11.144332
2385	11.144332
2386	11.144332
2387	11.144332
2388	11.144332
2389	11.144332
2390	11.144332
2391	11.144332
2392	11.144332
2393	11.144332
2394	11.144332
2395	11.144332
2396	11.144332
2397	11.144332
2398	11.144332
2399	11.144332
2400	11.144332
2401	11.144332
2402	11.144332
2403	11.144332
2404	11.144332
2405	11.144332
2406	11.144332
2407	11.144332
2408	11.144332
2409	11.144332
2410	11.144332
2411	11.144332
2412	11.144332
2413	11.144332
2414	11.144332
2415	11.144332
2416	11.144332
2417	11.144332
2418	11.144332
2419	11.144332
2420	11.144332
2421	11.144332
2422	11.144332
2423	11.144332
2424	11.144332
2425	11.144332
2426	11.144332
2427	11.144332
2428	11.144332
2429	11.144332
2430	11.144332
2431	11.144332
2432	11.144332
2433	11.144332
2434	11.144332
2435	11.144332
2436	11.144332
2437	11.144332
2438	11.144332
2439	11.144332
2440	11.144332
2441	11.144332
2442	11.144332
2443	11.144332
2444	11.144332
2445	11.144332
2446	11.144332
2447	11.144332
2448	11.144332
2449	11.144332
2450	11.144332
2451	11.144332
2452	11.144332
2453	11.144332
2454	11.144332
2455	11.144332
2456	11.144332
2457	11.144332
2458	11.144332
2459	11.144332
2460	11.144332
2461	11.144332
2462	11.144332
2463	11.144332
2464	11.144332
2465	11.144332
2466	11.144332
2467	11.144332
2468	11.144332
2469	11.144332
2470	11.144332
2471	11.144332
2472	11.144332
2473	11.144332
2474	11.144332
2475	11.144332
2476	11.144332
2477	11.144332
2478	11.144332
2479	11.144332
2480	11.144332
2481	11.144332
2482	11.144332
2483	11.144332
2484	11.144332
2485	11.144332
2486	11.144332
2487	11.144332
2488	11.144332
2489	11.144332
2490	11.144332
2491	11.144332
2492	11.144332
2493	11.144332
2494	11.144332
2495	11.144332
2496	11.144332
2497	11.144332
2498	11.144332
2499	11.144332
2500	11.144332
2501	11.144332
2502	11.144332
2503	11.144332
2504	11.144332
2505	11.144332
2506	11.144332
2507	11.144332
2508	11.144332
2509	11.144332
2510	11.144332
2511	11.144332
2512	11.144332
2513	11.144332
2514	11.144332
2515	11.144332
2516	11.144332
2517	11.144332
2518	11.144332
2519	11.144332
2520	11.144332
2521	11.144332
2522	11.144332
2523	11.144332
2524	11.144332
2525	11.144332
2526	11.144332
2527	11.144332
2528	11.144332
2529	11.144332
2530	11.144332
2531	11.144332
2532	11.144332
2533	11.144332
2534	11.144332
2535	11.144332
2536	11.144332
2537	11.144332
2538	11.144332
2539	11.144332
2540	11.144332
2541	11.144332
2542	11.144332
2543	11.144332
2544	11.144332
2545	11.144332
2546	11.144332
2547	11.144332
2548	11.144332
2549	11.144332
2550	11.144332
2551	11.144332
2552	11.144332
2553	11.144332
2554	11.144332
2555	11.144332
2556	11.144332
2557	11.144332
2558	11.144332
2559	11.144332
2560	11.144332
2561	11.144332
2562	11.144332
2563	11.144332
2564	11.144332
2565	11.144332
2566	11.144332
2567	11.144332
2568	11.144332
2569	11.144332
2570	11.144332
2571	11.144332
2572	11.144332
2573	11.144332
2574	11.144332
2575	11.144332
2576	11.144332
2577	11.144332
2578	11.144332
2579	11.144332
2580	11.144332
2581	11.144332
2582	11.144332
2583	11.144332
2584	11.144332
2585	11.144332
2586	11.144332
2587	11.144332
2588	11.144332
2589	11.144332
2590	11.144332
2591	11.144332
2592	11.144332
2593	11.144332
2594	11.144332
2595	11.144332
2596	11.144332
2597	11.144332
2598	11.144332
2599	11.144332
2600	11.144332
2601	11.144332
2602	11.144332
2603	11.144332
2604	11.144332
2605	11.144332
2606	11.144332
2607	11.144332
2608	11.144332
2609	11.144332
2610	11.144332
2611	11.144332
2612	11.144332
2613	11.144332
2614	11.144332
2615	11.144332
2616	11.144332
2617	11.144332
2618	11.144332
2619	11.144332
2620	11.144332
2621	11.144332
2622	11.144332
2623	11.144332
2624	11.144332
2625	11.144332
2626	11.144332
2627	11.144332
2628	11.144332
2629	11.144332
2630	11.144332
2631	11.144332
2632	11.144332
2633	11.144332
2634	11.144332
2635	11.144332
2636	11.144332
2637	11.144332
2638	11.144332
2639	11.144332
2640	11.144332
2641	11.144332
2642	11.144332
2643	11.144332
2644	11.144332
2645	11.144332
2646	11.144332
2647	11.144332
2648	11.144332
2649	11.144332
2650	11.144332
2651	11.144332
2652	11.144332
2653	11.144332
2654	11.144332
2655	11.144332
2656	11.144332
2657	11.144332
2658	11.144332
2659	11.144332
2660	11.144332
2661	11.144332
2662	11.144332
2663	11.144332
2664	11.144332
2665	11.144332
2666	11.144332
2667	11.144332
2668	11.144332
2669	11.144332
2670	11.144332
2671	11.144332
2672	11.144332
2673	11.144332
2674	11.144332
2675	11.144332
2676	11.144332
2677	11.144332
2678	11.144332
2679	11.144332
2680	11.144332
2681	11.144332
2682	11.144332
2683	11.144332
2684	11.144332
2685	11.144332
2686	11.144332
2687	11.144332
2688	11.144332
2689	11.144332
2690	11.144332
2691	11.144332
2692	11.144332
2693	11.144332
2694	11.144332
2695	11.144332
2696	11.144332
2697	11.144332
2698	11.144332
2699	11.144332
2700	11.144332
2701	11.144332
2702	11.144332
2703	11.144332
2704	11.144332
2705	11.144332
2706	11.144332
2707	11.144332
2708	11.144332
2709	11.144332
2710	11.144332
2711	11.144332
2712	11.144332
2713	11.144332
2714	11.144332
2715	11.144332
2716	11.144332
2717	11.144332
2718	11.144332
2719	11.144332
2720	11.144332
2721	11.144332
2722	11.144332
2723	11.144332
2724	11.144332
2725	11.144332
2726	11.144332
2727	11.144332
2728	11.144332
2729	11.144332
2730	11.144332
2731	11.144332
2732	11.144332
2733	11.144332
2734	11.144332
2735	11.144332
2736	11.144332
2737	11.144332
2738	11.144332
2739	11.144332
2740	11.144332
2741	11.144332
2742	11.144332
2743	11.144332
2744	11.144332
2745	11.144332
2746	11.144332
2747	11.144332
2748	11.144332
2749	11.144332
2750	11.144332
2751	11.144332
2752	11.144332
2753	11.144332
2754	11.144332
2755	11.144332
2756	11.144332
2757	11.144332
2758	11.144332
2759	11.144332
2760	11.144332
2761	11.144332
2762	11.144332
2763	11.144332
2764	11.144332
2765	11.144332
2766	11.144332
2767	11.144332
2768	11.144332
2769	11.144332
2770	11.144332
2771	11.144332
2772	11.144332
2773	11.144332
2774	11.144332
2775	11.144332
2776	11.144332
2777	11.144332
2778	11.144332
2779	11.144332
2780	11.144332
2781	11.144332
2782	11.144332
2783	11.144332
2784	11.144332
2785	11.144332
2786	11.144332
2787	11.144332
2788	11.144332
2789	11.144332
2790	11.144332
2791	11.144332
2792	11.144332
2793	11.144332
2794	11.144332
2795	11.144332
2796	11.144332
2797	11.144332
2798	11.144332
2799	11.144332
2800	11.144332
2801	11.144332
2802	11.144332
2803	11.144332
2804	11.144332
2805	11.144332
2806	11.144332
2807	11.144332
2808	11.144332
2809	11.144332
2810	11.144332
2811	11.144332
2812	11.144332
2813	11.144332
2814	11.144332
2815	11.144332
2816	11.144332
2817	11.144332
2818	11.144332
2819	11.144332
2820	11.144332
2821	11.144332
2822	11.144332
2823	11.144332
2824	11.144332
2825	11.144332
2826	11.144332
2827	11.144332
2828	11.144332
2829	11.144332
2830	11.144332
2831	11.144332
2832	11.144332
2833	11.144332
2834	11.144332
2835	11.144332
2836	11.144332
2837	11.144332
2838	11.144332
2839	11.144332
2840	11.144332
2841	11.144332
2842	11.144332
2843	11.144332
2844	11.144332
2845	11.144332
2846	11.144332
2847	11.144332
2848	11.144332
2849	11.144332
2850	11.144332
2851	11.144332
2852	11.144332
2853	11.144332
2854	11.144332
2855	11.144332
2856	11.144332
2857	11.144332
2858	11.144332
2859	11.144332
2860	11.144332
2861	11.144332
2862	11.144332
2863	11.144332
2864	11.144332
2865	11.144332
2866	11.144332
2867	11.144332
2868	11.144332
2869	11.144332
2870	11.144332
2871	11.144332
2872	11.144332
2873	11.144332
2874	11.144332
2875	11.144332
2876	11.144332
2877	11.144332
2878	11.144332
2879	11.144332
2880	11.144332
2881	11.144332
2882	11.144332
2883	11.144332
2884	11.144332
2885	11.144332
2886	11.144332
2887	11.144332
2888	11.144332
2889	11.144332
2890	11.144332
2891	11.144332
2892	11.144332
2893	11.144332
2894	11.144332
2895	11.144332
2896	11.144332
2897	11.144332
2898	11.144332
2899	11.144332
2900	11.144332
2901	11.144332
2902	11.144332
2903	11.144332
2904	11.144332
2905	11.144332
2906	11.144332
2907	11.144332
2908	11.144332
2909	11.144332
2910	11.144332
2911	11.144332
2912	11.144332
2913	11.144332
2914	11.144332
2915	11.144332
2916	11.144332
2917	11.144332
2918	11.144332
2919	11.144332
2920	11.144332
2921	11.144332
2922	11.144332
2923	11.144332
2924	11.144332
2925	11.144332
2926	11.144332
2927	11.144332
2928	11.144332
2929	11.144332
2930	11.144332
2931	11.144332
2932	11.144332
2933	11.144332
2934	11.144332
2935	11.144332
2936	11.144332
2937	11.144332
2938	11.144332
2939	11.144332
2940	11.144332
2941	11.144332
2942	11.144332
2943	11.144332
2944	11.144332
2945	11.144332
2946	11.144332
2947	11.144332
2948	11.144332
2949	11.144332
2950	11.144332
2951	11.144332
2952	11.144332
2953	11.144332
2954	11.144332
2955	11.144332
2956	11.144332
2957	11.144332
2958	11.144332
2959	11.144332
2960	11.144332
2961	11.144332
2962	11.144332
2963	11.144332
2964	11.144332
2965	11.144332
2966	11.144332
2967	11.144332
2968	11.144332
2969	11.144332
2970	11.144332
2971	11.144332
2972	11.144332
2973	11.144332
2974	11.144332
2975	11.144332
2976	11.144332
2977	11.144332
2978	11.144332
2979	11.144332
2980	11.144332
2981	11.144332
2982	11.144332
2983	11.144332
2984	11.144332
2985	11.144332
2986	11.144332
2987	11.144332
2988	11.144332
2989	11.144332
2990	11.144332
2991	11.144332
2992	11.144332
2993	11.144332
2994	11.144332
2995	11.144332
2996	11.144332
2997	11.144332
2998	11.144332
2999	11.144332
3000	11.144332
3001	11.144332
3002	11.144332
3003	11.144332
3004	11.144332
3005	11.144332
3006	11.144332
3007	11.144332
3008	11.144332
3009	11.144332
3010	11.144332
3011	11.144332
3012	11.144332
3013	11.144332
3014	11.144332
3015	11.144332
3016	11.144332
3017	11.144332
3018	11.144332
3019	11.144332
3020	11.144332
3021	11.144332
3022	11.144332
3023	11.144332
3024	11.144332
3025	11.144332
3026	11.144332
3027	11.144332
3028	11.144332
3029	11.144332
3030	11.144332
3031	11.144332
3032	11.144332
3033	11.144332
3034	11.144332
3035	11.144332
3036	11.144332
3037	11.144332
3038	11.144332
3039	11.144332
3040	11.144332
3041	11.144332
3042	11.144332
3043	11.144332
3044	11.144332
3045	11.144332
3046	11.144332
3047	11.144332
3048	11.144332
3049	11.144332
3050	11.144332
3051	11.144332
3052	11.144332
3053	11.144332
3054	11.144332
3055	11.144332
3056	11.144332
3057	11.144332
3058	11.144332
3059	11.144332
3060	11.144332
3061	11.144332
3062	11.144332
3063	11.144332
3064	11.144332
3065	11.144332
3066	11.144332
3067	11.144332
3068	11.144332
3069	11.144332
3070	11.144332
3071	11.144332
3072	11.144332
3073	11.144332
3074	11.144332
3075	11.144332
3076	11.144332
3077	11.144332
3078	11.144332
3079	11.144332
3080	11.144332
3081	11.144332
3082	11.144332
3083	11.144332
3084	11.144332
3085	11.144332
3086	11.144332
3087	11.144332
3088	11.144332
3089	11.144332
3090	11.144332
3091	11.144332
3092	11.144332
3093	11.144332
3094	11.144332
3095	11.144332
3096	11.144332
3097	11.144332
3098	11.144332
3099	11.144332
3100	11.144332
3101	11.144332
3102	11.144332
3103	11.144332
3104	11.144332
3105	11.144332
3106	11.144332
3107	11.144332
3108	11.144332
3109	11.144332
3110	11.144332
3111	11.144332
3112	11.144332
3113	11.144332
3114	11.144332
3115	11.144332
3116	11.144332
3117	11.144332
3118	11.144332
3119	11.144332
3120	11.144332
3121	11.144332
3122	11.144332
3123	11.144332
3124	11.144332
3125	11.144332
3126	11.144332
3127	11.144332
3128	11.144332
3129	11.144332
3130	11.144332
3131	11.144332
3132	11.144332
3133	11.144332
3134	11.144332
3135	11.144332
3136	11.144332
3137	11.144332
3138	11.144332
3139	11.144332
3140	11.144332
3141	11.144332
3142	11.144332
3143	11.144332
3144	11.144332
3145	11.144332
3146	11.144332
3147	11.144332
3148	11.144332
3149	11.144332
3150	11.144332
3151	11.144332
3152	11.144332
3153	11.144332
3154	11.144332
3155	11.144332
3156	11.144332
3157	11.144332
3158	11.144332
3159	11.144332
3160	11.144332
3161	11.144332
3162	11.144332
3163	11.144332
3164	11.144332
3165	11.144332
3166	11.144332
3167	11.144332
3168	11.144332
3169	11.144332
3170	11.144332
3171	11.144332
3172	11.144332
3173	11.144332
3174	11.144332
3175	11.144332
3176	11.144332
3177	11.144332
3178	11.144332
3179	11.144332
3180	11.144332
3181	11.144332
3182	11.144332
3183	11.144332
3184	11.144332
3185	11.144332
3186	11.144332
3187	11.144332
3188	11.144332
3189	11.144332
3190	11.144332
3191	11.144332
3192	11.144332
3193	11.144332
3194	11.144332
3195	11.144332
3196	11.144332
3197	11.144332
3198	11.144332
3199	11.144332
3200	11.144332
3201	11.144332
3202	11.144332
3203	11.144332
3204	11.144332
3205	11.144332
3206	11.144332
3207	11.144332
3208	11.144332
3209	11.144332
3210	11.144332
3211	11.144332
3212	11.144332
3213	11.144332
3214	11.144332
3215	11.144332
3216	11.144332
3217	11.144332
3218	11.144332
3219	11.144332
3220	11.144332
3221	11.144332
3222	11.144332
3223	11.144332
3224	11.144332
3225	11.144332
3226	11.144332
3227	11.144332
3228	11.144332
3229	11.144332
3230	11.144332
3231	11.144332
3232	11.144332
3233	11.144332
3234	11.144332
3235	11.144332
3236	11.144332
3237	11.144332
3238	11.144332
3239	11.144332
3240	11.144332
3241	11.144332
3242	11.144332
3243	11.144332
3244	11.144332
3245	11.144332
3246	11.144332
3247	11.144332
3248	11.144332
3249	11.144332
3250	11.144332
3251	11.144332
3252	11.144332
3253	11.144332
3254	11.144332
3255	11.144332
3256	11.144332
3257	11.144332
3258	11.144332
3259	11.144332
3260	11.144332
3261	11.144332
3262	11.144332
3263	11.144332
3264	11.144332
3265	11.144332
3266	11.144332
3267	11.144332
3268	11.144332
3269	11.144332
3270	11.144332
3271	11.144332
3272	11.144332
3273	11.144332
3274	11.144332
3275	11.144332
3276	11.144332
3277	11.144332
3278	11.144332
3279	11.144332
3280	11.144332
3281	11.144332
3282	11.144332
3283	11.144332
3284	11.144332
3285	11.144332
3286	11.144332
3287	11.144332
3288	11.144332
3289	11.144332
3290	11.144332
3291	11.144332
3292	11.144332
3293	11.144332
3294	11.144332
3295	11.144332
3296	11.144332
3297	11.144332
3298	11.144332
3299	11.144332
3300	11.144332
3301	11.144332
3302	11.144332
3303	11.144332
3304	11.144332
3305	11.144332
3306	11.144332
3307	11.144332
3308	11.144332
3309	11.144332
3310	11.144332
3311	11.144332
3312	11.144332
3313	11.144332
3314	11.144332
3315	11.144332
3316	11.144332
3317	11.144332
3318	11.144332
3319	11.144332
3320	11.144332
3321	11.144332
3322	11.144332
3323	11.144332
3324	11.144332
3325	11.144332
3326	11.144332
3327	11.144332
3328	11.144332
3329	11.144332
3330	11.144332
3331	11.144332
3332	11.144332
3333	11.144332
3334	11.144332
3335	11.144332
3336	11.144332
3337	11.144332
3338	11.144332
3339	11.144332
3340	11.144332
3341	11.144332
3342	11.144332
3343	11.144332
3344	11.144332
3345	11.144332
3346	11.144332
3347	11.144332
3348	11.144332
3349	11.144332
3350	11.144332
3351	11.144332
3352	11.144332
3353	11.144332
3354	11.144332
3355	11.144332
3356	11.144332
3357	11.144332
3358	11.144332
3359	11.144332
3360	11.144332
3361	11.144332
3362	11.144332
3363	11.144332
3364	11.144332
3365	11.144332
3366	11.144332
3367	11.144332
3368	11.144332
3369	11.144332
3370	11.144332
3371	11.144332
3372	11.144332
3373	11.144332
3374	11.144332
3375	11.144332
3376	11.144332
3377	11.144332
3378	11.144332
3379	11.144332
3380	11.144332
3381	11.144332
3382	11.144332
3383	11.144332
3384	11.144332
3385	11.144332
3386	11.144332
3387	11.144332
3388	11.144332
3389	11.144332
3390	11.144332
3391	11.144332
3392	11.144332
3393	11.144332
3394	11.144332
3395	11.144332
3396	11.144332
3397	11.144332
3398	11.144332
3399	11.144332
3400	11.144332
3401	11.144332
3402	11.144332
3403	11.144332
3404	11.144332
3405	11.144332
3406	11.144332
3407	11.144332
3408	11.144332
3409	11.144332
3410	11.144332
3411	11.144332
3412	11.144332
3413	11.144332
3414	11.144332
3415	11.144332
3416	11.144332
3417	11.144332
3418	11.144332
3419	11.144332
3420	11.144332
3421	11.144332
3422	11.144332
3423	11.144332
3424	11.144332
3425	11.144332
3426	11.144332
3427	11.144332
3428	11.144332
3429	11.144332
3430	11.144332
3431	11.144332
3432	11.144332
3433	11.144332
3434	11.144332
3435	11.144332
3436	11.144332
3437	11.144332
3438	11.144332
3439	11.144332
3440	11.144332
3441	11.144332
3442	11.144332
3443	11.144332
3444	11.144332
3445	11.144332
3446	11.144332
3447	11.144332
3448	11.144332
3449	11.144332
3450	11.144332
3451	11.144332
3452	11.144332
3453	11.144332
3454	11.144332
3455	11.144332
3456	11.144332
3457	11.144332
3458	11.144332
3459	11.144332
3460	11.144332
3461	11.144332
3462	11.144332
3463	11.144332
3464	11.144332
3465	11.144332
3466	11.144332
3467	11.144332
3468	11.144332
3469	11.144332
3470	11.144332
3471	11.144332
3472	11.144332
3473	11.144332
3474	11.144332
3475	11.144332
3476	11.144332
3477	11.144332
3478	11.144332
3479	11.144332
3480	11.144332
3481	11.144332
3482	11.144332
3483	11.144332
3484	11.144332
3485	11.144332
3486	11.144332
3487	11.144332
3488	11.144332
3489	11.144332
3490	11.144332
3491	11.144332
3492	11.144332
3493	11.144332
3494	11.144332
3495	11.144332
3496	11.144332
3497	11.144332
3498	11.144332
3499	11.144332
3500	11.144332
3501	11.144332
3502	11.144332
3503	11.144332
3504	11.144332
3505	11.144332
3506	11.144332
3507	11.144332
3508	11.144332
3509	11.144332
3510	11.144332
3511	11.144332
3512	11.144332
3513	11.144332
3514	11.144332
3515	11.144332
3516	11.144332
3517	11.144332
3518	11.144332
3519	11.144332
3520	11.144332
3521	11.144332
3522	11.144332
3523	11.144332
3524	11.144332
3525	11.144332
3526	11.144332
3527	11.144332
3528	11.144332
3529	11.144332
3530	11.144332
3531	11.144332
3532	11.144332
3533	11.144332
3534	11.144332
3535	11.144332
3536	11.144332
3537	11.144332
3538	11.144332
3539	11.144332
3540	11.144332
3541	11.144332
3542	11.144332
3543	11.144332
3544	11.144332
3545	11.144332
3546	11.144332
3547	11.144332
3548	11.144332
3549	11.144332
3550	11.144332
3551	11.144332
3552	11.144332
3553	11.144332
3554	11.144332
3555	11.144332
3556	11.144332
3557	11.144332
3558	11.144332
3559	11.144332
3560	11.144332
3561	11.144332
3562	11.144332
3563	11.144332
3564	11.144332
3565	11.144332
3566	11.144332
3567	11.144332
3568	11.144332
3569	11.144332
3570	11.144332
3571	11.144332
3572	11.144332
3573	11.144332
3574	11.144332
3575	11.144332
3576	11.144332
3577	11.144332
3578	11.144332
3579	11.144332
3580	11.144332
3581	11.144332
3582	11.144332
3583	11.144332
3584	11.144332
3585	11.144332
3586	11.144332
3587	11.144332
3588	11.144332
3589	11.144332
3590	11.144332
3591	11.144332
3592	11.144332
3593	11.144332
3594	11.144332
3595	11.144332
3596	11.144332
3597	11.144332
3598	11.144332
3599	11.144332
3600	11.144332
3601	11.144332
3602	11.144332
3603	11.144332
3604	11.144332
3605	11.144332
3606	11.144332
3607	11.144332
3608	11.144332
3609	11.144332
3610	11.144332
3611	11.144332
3612	11.144332
3613	11.144332
3614	11.144332
3615	11.144332
3616	11.144332
3617	11.144332
3618	11.144332
3619	11.144332
3620	11.144332
3621	11.144332
3622	11.144332
3623	11.144332
3624	11.144332
3625	11.144332
3626	11.144332
3627	11.144332
3628	11.144332
3629	11.144332
3630	11.144332
3631	11.144332
3632	11.144332
3633	11.144332
3634	11.144332
3635	11.144332
3636	11.144332
3637	11.144332
3638	11.144332
3639	11.144332
3640	11.144332
3641	11.144332
3642	11.144332
3643	11.144332
3644	11.144332
3645	11.144332
3646	11.144332
3647	11.144332
3648	11.144332
3649	11.144332
3650	11.144332
3651	11.144332
3652	11.144332
3653	11.144332
3654	11.144332
3655	11.144332
3656	11.144332
3657	11.144332
3658	11.144332
3659	11.144332
3660	11.144332
3661	11.144332
3662	11.144332
3663	11.144332
3664	11.144332
3665	11.144332
3666	11.144332
3667	11.144332
3668	11.144332
3669	11.144332
3670	11.144332
3671	11.144332
3672	11.144332
3673	11.144332
3674	11.144332
3675	11.144332
3676	11.144332
3677	11.144332
3678	11.144332
3679	11.144332
3680	11.144332
3681	11.144332
3682	11.144332
3683	11.144332
3684	11.144332
3685	11.144332
3686	11.144332
3687	11.144332
3688	11.144332
3689	11.144332
3690	11.144332
3691	11.144332
3692	11.144332
3693	11.144332
3694	11.144332
3695	11.144332
3696	11.144332
3697	11.144332
3698	11.144332
3699	11.144332
3700	11.144332
3701	11.144332
3702	11.144332
3703	11.144332
3704	11.144332
3705	11.144332
3706	11.144332
3707	11.144332
3708	11.144332
3709	11.144332
3710	11.144332
3711	11.144332
3712	11.144332
3713	11.144332
3714	11.144332
3715	11.144332
3716	11.144332
3717	11.144332
3718	11.144332
3719	11.144332
3720	11.144332
3721	11.144332
3722	11.144332
3723	11.144332
3724	11.144332
3725	11.144332
3726	11.144332
3727	11.144332
3728	11.144332
3729	11.144332
3730	11.144332
3731	11.144332
3732	11.144332
3733	11.144332
3734	11.144332
3735	11.144332
3736	11.144332
3737	11.144332
3738	11.144332
3739	11.144332
3740	11.144332
3741	11.144332
3742	11.144332
3743	11.144332
3744	11.144332
3745	11.144332
3746	11.144332
3747	11.144332
3748	11.144332
3749	11.144332
3750	11.144332
3751	11.144332
3752	11.144332
3753	11.144332
3754	11.144332
3755	11.144332
3756	11.144332
3757	11.144332
3758	11.144332
3759	11.144332
3760	11.144332
3761	11.144332
3762	11.144332
3763	11.144332
3764	11.144332
3765	11.144332
3766	11.144332
3767	11.144332
3768	11.144332
3769	11.144332
3770	11.144332
3771	11.144332
3772	11.144332
3773	11.144332
3774	11.144332
3775	11.144332
3776	11.144332
3777	11.144332
3778	11.144332
3779	11.144332
3780	11.144332
3781	11.144332
3782	11.144332
3783	11.144332
3784	11.144332
3785	11.144332
3786	11.144332
3787	11.144332
3788	11.144332
3789	11.144332
3790	11.144332
3791	11.144332
3792	11.144332
3793	11.144332
3794	11.144332
3795	11.144332
3796	11.144332
3797	11.144332
3798	11.144332
3799	11.144332
3800	11.144332
3801	11.144332
3802	11.144332
3803	11.144332
3804	11.144332
3805	11.144332
3806	11.144332
3807	11.144332
3808	11.144332
3809	11.144332
3810	11.144332
3811	11.144332
3812	11.144332
3813	11.144332
3814	11.144332
3815	11.144332
3816	11.144332
3817	11.144332
3818	11.144332
3819	11.144332
3820	11.144332
3821	11.144332
3822	11.144332
3823	11.144332
3824	11.144332
3825	11.144332
3826	11.144332
3827	11.144332
3828	11.144332
3829	11.144332
3830	11.144332
3831	11.144332
3832	11.144332
3833	11.144332
3834	11.144332
3835	11.144332
3836	11.144332
3837	11.144332
3838	11.144332
3839	11.144332
3840	11.144332
3841	11.144332
3842	11.144332
3843	11.144332
3844	11.144332
3845	11.144332
3846	11.144332
3847	11.144332
3848	11.144332
3849	11.144332
3850	11.144332
3851	11.144332
3852	11.144332
3853	11.144332
3854	11.144332
3855	11.144332
3856	11.144332
3857	11.144332
3858	11.144332
3859	11.144332
3860	11.144332
3861	11.144332
3862	11.144332
3863	11.144332
3864	11.144332
3865	11.144332
3866	11.144332
3867	11.144332
3868	11.144332
3869	11.144332
3870	11.144332
3871	11.144332
3872	11.144332
3873	11.144332
3874	11.144332
3875	11.144332
3876	11.144332
3877	11.144332
3878	11.144332
3879	11.144332
3880	11.144332
3881	11.144332
3882	11.144332
3883	11.144332
3884	11.144332
3885	11.144332
3886	11.144332
3887	11.144332
3888	11.144332
3889	11.144332
3890	11.144332
3891	11.144332
3892	11.144332
3893	11.144332
3894	11.144332
3895	11.144332
3896	11.144332
3897	11.144332
3898	11.144332
3899	11.144332
3900	11.144332
3901	11.144332
3902	11.144332
3903	11.144332
3904	11.144332
3905	11.144332
3906	11.144332
3907	11.144332
3908	11.144332
3909	11.144332
3910	11.144332
3911	11.144332
3912	11.144332
3913	11.144332
3914	11.144332
3915	11.144332
3916	11.144332
3917	11.144332
3918	11.144332
3919	11.144332
3920	11.144332
3921	11.144332
3922	11.144332
3923	11.144332
3924	11.144332
3925	11.144332
3926	11.144332
3927	11.144332
3928	11.144332
3929	11.144332
3930	11.144332
3931	11.144332
3932	11.144332
3933	11.144332
3934	11.144332
3935	11.144332
3936	11.144332
3937	11.144332
3938	11.144332
3939	11.144332
3940	11.144332
3941	11.144332
3942	11.144332
3943	11.144332
3944	11.144332
3945	11.144332
3946	11.144332
3947	11.144332
3948	11.144332
3949	11.144332
3950	11.144332
3951	11.144332
3952	11.144332
3953	11.144332
3954	11.144332
3955	11.144332
3956	11.144332
3957	11.144332
3958	11.144332
3959	11.144332
3960	11.144332
3961	11.144332
3962	11.144332
3963	11.144332
3964	11.144332
3965	11.144332
3966	11.144332
3967	11.144332
3968	11.144332
3969	11.144332
3970	11.144332
3971	11.144332
3972	11.144332
3973	11.144332
3974	11.144332
3975	11.144332
3976	11.144332
3977	11.144332
3978	11.144332
3979	11.144332
3980	11.144332
3981	11.144332
3982	11.144332
3983	11.144332
3984	11.144332
3985	11.144332
3986	11.144332
3987	11.144332
3988	11.144332
3989	11.144332
3990	11.144332
3991	11.144332
3992	11.144332
3993	11.144332
3994	11.144332
3995	11.144332
3996	11.144332
3997	11.144332
3998	11.144332
3999	11.144332
4000	11.144332
4001	11.144332
4002	11.144332
4003	11.144332
4004	11.144332
4005	11.144332
4006	11.144332
4007	11.144332
4008	11.144332
4009	11.144332
4010	11.144332
4011	11.144332
4012	11.144332
4013	11.144332
4014	11.144332
4015	11.144332
4016	11.144332
4017	11.144332
4018	11.144332
4019	11.144332
4020	11.144332
4021	11.144332
4022	11.144332
4023	11.144332
4024	11.144332
4025	11.144332
4026	11.144332
4027	11.144332
4028	11.144332
4029	11.144332
4030	11.144332
4031	11.144332
4032	11.144332
4033	11.144332
4034	11.144332
4035	11.144332
4036	11.144332
4037	11.144332
4038	11.144332
4039	11.144332
4040	11.144332
4041	11.144332
4042	11.144332
4043	11.144332
4044	11.144332
4045	11.144332
4046	11.144332
4047	11.144332
4048	11.144332
4049	11.144332
4050	11.144332
4051	11.144332
4052	11.144332
4053	11.144332
4054	11.144332
4055	11.144332
4056	11.144332
4057	11.144332
4058	11.144332
4059	11.144332
4060	11.144332
4061	11.144332
4062	11.144332
4063	11.144332
4064	11.144332
4065	11.144332
4066	11.144332
4067	11.144332
4068	11.144332
4069	11.144332
4070	11.144332
4071	11.144332
4072	11.144332
4073	11.144332
4074	11.144332
4075	11.144332
4076	11.144332
4077	11.144332
4078	11.144332
4079	11.144332
4080	11.144332
4081	11.144332
4082	11.144332
4083	11.144332
4084	11.144332
4085	11.144332
4086	11.144332
4087	11.144332
4088	11.144332
4089	11.144332
4090	11.144332
4091	11.144332
4092	11.144332
4093	11.144332
4094	11.144332
4095	11.144332
4096	11.144332
4097	11.144332
4098	11.144332
4099	11.144332
4100	11.144332
4101	11.144332
4102	11.144332
4103	11.144332
4104	11.144332
4105	11.144332
4106	11.144332
4107	11.144332
4108	11.144332
4109	11.144332
4110	11.144332
4111	11.144332
4112	11.144332
4113	11.144332
4114	11.144332
4115	11.144332
4116	11.144332
4117	11.144332
4118	11.144332
4119	11.144332
4120	11.144332
4121	11.144332
4122	11.144332
4123	11.144332
4124	11.144332
4125	11.144332
4126	11.144332
4127	11.144332
4128	11.144332
4129	11.144332
4130	11.144332
4131	11.144332
4132	11.144332
4133	11.144332
4134	11.144332
4135	11.144332
4136	11.144332
4137	11.144332
4138	11.144332
4139	11.144332
4140	11.144332
4141	11.144332
4142	11.144332
4143	11.144332
4144	11.144332
4145	11.144332
4146	11.144332
4147	11.144332
4148	11.144332
4149	11.144332
4150	11.144332
4151	11.144332
4152	11.144332
4153	11.144332
4154	11.144332
4155	11.144332
4156	11.144332
4157	11.144332
4158	11.144332
4159	11.144332
4160	11.144332
4161	11.144332
4162	11.144332
4163	11.144332
4164	11.144332
4165	11.144332
4166	11.144332
4167	11.144332
4168	11.144332
4169	11.144332
4170	11.144332
4171	11.144332
4172	11.144332
4173	11.144332
4174	11.144332
4175	11.144332
4176	11.144332
4177	11.144332
4178	11.144332
4179	11.144332
4180	11.144332
4181	11.144332
4182	11.144332
4183	11.144332
4184	11.144332
4185	11.144332
4186	11.144332
4187	11.144332
4188	11.144332
4189	11.144332
4190	11.144332
4191	11.144332
4192	11.144332
4193	11.144332
4194	11.144332
4195	11.144332
4196	11.144332
4197	11.144332
4198	11.144332
4199	11.144332
4200	11.144332
4201	11.144332
4202	11.144332
4203	11.144332
4204	11.144332
4205	11.144332
4206	11.144332
4207	11.144332
4208	11.144332
4209	11.144332
4210	11.144332
4211	11.144332
4212	11.144332
4213	11.144332
4214	11.144332
4215	11.144332
4216	11.144332
4217	11.144332
4218	11.144332
4219	11.144332
4220	11.144332
4221	11.144332
4222	11.144332
4223	11.144332
4224	11.144332
4225	11.144332
4226	11.144332
4227	11.144332
4228	11.144332
4229	11.144332
4230	11.144332
4231	11.144332
4232	11.144332
4233	11.144332
4234	11.144332
4235	11.144332
4236	11.144332
4237	11.144332
4238	11.144332
4239	11.144332
4240	11.144332
4241	11.144332
4242	11.144332
4243	11.144332
4244	11.144332
4245	11.144332
4246	11.144332
4247	11.144332
4248	11.144332
4249	11.144332
4250	11.144332
4251	11.144332
4252	11.144332
4253	11.144332
4254	11.144332
4255	11.144332
4256	11.144332
4257	11.144332
4258	11.144332
4259	11.144332
4260	11.144332
4261	11.144332
4262	11.144332
4263	11.144332
4264	11.144332
4265	11.144332
4266	11.144332
4267	11.144332
4268	11.144332
4269	11.144332
4270	11.144332
4271	11.144332
4272	11.144332
4273	11.144332
4274	11.144332
4275	11.144332
4276	11.144332
4277	11.144332
4278	11.144332
4279	11.144332
4280	11.144332
4281	11.144332
4282	11.144332
4283	11.144332
4284	11.144332
4285	11.144332
4286	11.144332
4287	11.144332
4288	11.144332
4289	11.144332
4290	11.144332
4291	11.144332
4292	11.144332
4293	11.144332
4294	11.144332
4295	11.144332
4296	11.144332
4297	11.144332
4298	11.144332
4299	11.144332
4300	11.144332
4301	11.144332
4302	11.144332
4303	11.144332
4304	11.144332
4305	11.144332
4306	11.144332
4307	11.144332
4308	11.144332
4309	11.144332
4310	11.144332
4311	11.144332
4312	11.144332
4313	11.144332
4314	11.144332
4315	11.144332
4316	11.144332
4317	11.144332
4318	11.144332
4319	11.144332
4320	11.144332
4321	11.144332
4322	11.144332
4323	11.144332
4324	11.144332
4325	11.144332
4326	11.144332
4327	11.144332
4328	11.144332
4329	11.144332
4330	11.144332
4331	11.144332
4332	11.144332
4333	11.144332
4334	11.144332
4335	11.144332
4336	11.144332
4337	11.144332
4338	11.144332
4339	11.144332
4340	11.144332
4341	11.144332
4342	11.144332
4343	11.144332
4344	11.144332
4345	11.144332
4346	11.144332
4347	11.144332
4348	11.144332
4349	11.144332
4350	11.144332
4351	11.144332
4352	11.144332
4353	11.144332
4354	11.144332
4355	11.144332
4356	11.144332
4357	11.144332
4358	11.144332
4359	11.144332
4360	11.144332
4361	11.144332
4362	11.144332
4363	11.144332
4364	11.144332
4365	11.144332
4366	11.144332
4367	11.144332
4368	11.144332
4369	11.144332
4370	11.144332
4371	11.144332
4372	11.144332
4373	11.144332
4374	11.144332
4375	11.144332
4376	11.144332
4377	11.144332
4378	11.144332
4379	11.144332
4380	11.144332
4381	11.144332
4382	11.144332
4383	11.144332
4384	11.144332
4385	11.144332
4386	11.144332
4387	11.144332
4388	11.144332
4389	11.144332
4390	11.144332
4391	11.144332
4392	11.144332
4393	11.144332
4394	11.144332
4395	11.144332
4396	11.144332
4397	11.144332
4398	11.144332
4399	11.144332
4400	11.144332
4401	11.144332
4402	11.144332
4403	11.144332
4404	11.144332
4405	11.144332
4406	11.144332
4407	11.144332
4408	11.144332
4409	11.144332
4410	11.144332
4411	11.144332
4412	11.144332
4413	11.144332
4414	11.144332
4415	11.144332
4416	11.144332
4417	11.144332
4418	11.144332
4419	11.144332
4420	11.144332
4421	11.144332
4422	11.144332
4423	11.144332
4424	11.144332
4425	11.144332
4426	11.144332
4427	11.144332
4428	11.144332
4429	11.144332
4430	11.144332
4431	11.144332
4432	11.144332
4433	11.144332
4434	11.144332
4435	11.144332
4436	11.144332
4437	11.144332
4438	11.144332
4439	11.144332
4440	11.144332
4441	11.144332
4442	11.144332
4443	11.144332
4444	11.144332
4445	11.144332
4446	11.144332
4447	11.144332
4448	11.144332
4449	11.144332
4450	11.144332
4451	11.144332
4452	11.144332
4453	11.144332
4454	11.144332
4455	11.144332
4456	11.144332
4457	11.144332
4458	11.144332
4459	11.144332
4460	11.144332
4461	11.144332
4462	11.144332
4463	11.144332
4464	11.144332
4465	11.144332
4466	11.144332
4467	11.144332
4468	11.144332
4469	11.144332
4470	11.144332
4471	11.144332
4472	11.144332
4473	11.144332
4474	11.144332
4475	11.144332
4476	11.144332
4477	11.144332
4478	11.144332
4479	11.144332
4480	11.144332
4481	11.144332
4482	11.144332
4483	11.144332
4484	11.144332
4485	11.144332
4486	11.144332
4487	11.144332
4488	11.144332
4489	11.144332
4490	11.144332
4491	11.144332
4492	11.144332
4493	11.144332
4494	11.144332
4495	11.144332
4496	11.144332
4497	11.144332
4498	11.144332
4499	11.144332
4500	11.144332
4501	11.144332
4502	11.144332
4503	11.144332
4504	11.144332
4505	11.144332
4506	11.144332
4507	11.144332
4508	11.144332
4509	11.144332
4510	11.144332
4511	11.144332
4512	11.144332
4513	11.144332
4514	11.144332
4515	11.144332
4516	11.144332
4517	11.144332
4518	11.144332
4519	11.144332
4520	11.144332
4521	11.144332
4522	11.144332
4523	11.144332
4524	11.144332
4525	11.144332
4526	11.144332
4527	11.144332
4528	11.144332
4529	11.144332
4530	11.144332
4531	11.144332
4532	11.144332
4533	11.144332
4534	11.144332
4535	11.144332
4536	11.144332
4537	11.144332
4538	11.144332
4539	11.144332
4540	11.144332
4541	11.144332
4542	11.144332
4543	11.144332
4544	11.144332
4545	11.144332
4546	11.144332
4547	11.144332
4548	11.144332
4549	11.144332
4550	11.144332
4551	11.144332
4552	11.144332
4553	11.144332
4554	11.144332
4555	11.144332
4556	11.144332
4557	11.144332
4558	11.144332
4559	11.144332
4560	11.144332
4561	11.144332
4562	11.144332
4563	11.144332
4564	11.144332
4565	11.144332
4566	11.144332
4567	11.144332
4568	11.144332
4569	11.144332
4570	11.144332
4571	11.144332
4572	11.144332
4573	11.144332
4574	11.144332
4575	11.144332
4576	11.144332
4577	11.144332
4578	11.144332
4579	11.144332
4580	11.144332
4581	11.144332
4582	11.144332
4583	11.144332
4584	11.144332
4585	11.144332
4586	11.144332
4587	11.144332
4588	11.144332
4589	11.144332
4590	11.144332
4591	11.144332
4592	11.144332
4593	11.144332
4594	11.144332
4595	11.144332
4596	11.144332
4597	11.144332
4598	11.144332
4599	11.144332
4600	11.144332
4601	11.144332
4602	11.144332
4603	11.144332
4604	11.144332
4605	11.144332
4606	11.144332
4607	11.144332
4608	11.144332
4609	11.144332
4610	11.144332
4611	11.144332
4612	11.144332
4613	11.144332
4614	11.144332
4615	11.144332
4616	11.144332
4617	11.144332
4618	11.144332
4619	11.144332
4620	11.144332
4621	11.144332
4622	11.144332
4623	11.144332
4624	11.144332
4625	11.144332
4626	11.144332
4627	11.144332
4628	11.144332
4629	11.144332
4630	11.144332
4631	11.144332
4632	11.144332
4633	11.144332
4634	11.144332
4635	11.144332
4636	11.144332
4637	11.144332
4638	11.144332
4639	11.144332
4640	11.144332
4641	11.144332
4642	11.144332
4643	11.144332
4644	11.144332
4645	11.144332
4646	11.144332
4647	11.144332
4648	11.144332
4649	11.144332
4650	11.144332
4651	11.144332
4652	11.144332
4653	11.144332
4654	11.144332
4655	11.144332
4656	11.144332
4657	11.144332
4658	11.144332
4659	11.144332
4660	11.144332
4661	11.144332
4662	11.144332
4663	11.144332
4664	11.144332
4665	11.144332
4666	11.144332
4667	11.144332
4668	11.144332
4669	11.144332
4670	11.144332
4671	11.144332
4672	11.144332
4673	11.144332
4674	11.144332
4675	11.144332
4676	11.144332
4677	11.144332
4678	11.144332
4679	11.144332
4680	11.144332
4681	11.144332
4682	11.144332
4683	11.144332
4684	11.144332
4685	11.144332
4686	11.144332
4687	11.144332
4688	11.144332
4689	11.144332
4690	11.144332
4691	11.144332
4692	11.144332
4693	11.144332
4694	11.144332
4695	11.144332
4696	11.144332
4697	11.144332
4698	11.144332
4699	11.144332
4700	11.144332
4701	11.144332
4702	11.144332
4703	11.144332
4704	11.144332
4705	11.144332
4706	11.144332
4707	11.144332
4708	11.144332
4709	11.144332
4710	11.144332
4711	11.144332
4712	11.144332
4713	11.144332
4714	11.144332
4715	11.144332
4716	11.144332
4717	11.144332
4718	11.144332
4719	11.144332
4720	11.144332
4721	11.144332
4722	11.144332
4723	11.144332
4724	11.144332
4725	11.144332
4726	11.144332
4727	11.144332
4728	11.144332
4729	11.144332
4730	11.144332
4731	11.144332
4732	11.144332
4733	11.144332
4734	11.144332
4735	11.144332
4736	11.144332
4737	11.144332
4738	11.144332
4739	11.144332
4740	11.144332
4741	11.144332
4742	11.144332
4743	11.144332
4744	11.144332
4745	11.144332
4746	11.144332
4747	11.144332
4748	11.144332
4749	11.144332
4750	11.144332
4751	11.144332
4752	11.144332
4753	11.144332
4754	11.144332
4755	11.144332
4756	11.144332
4757	11.144332
4758	11.144332
4759	11.144332
4760	11.144332
4761	11.144332
4762	11.144332
4763	11.144332
4764	11.144332
4765	11.144332
4766	11.144332
4767	11.144332
4768	11.144332
4769	11.144332
4770	11.144332
4771	11.144332
4772	11.144332
4773	11.144332
4774	11.144332
4775	11.144332
4776	11.144332
4777	11.144332
4778	11.144332
4779	11.144332
4780	11.144332
4781	11.144332
4782	11.144332
4783	11.144332
4784	11.144332
4785	11.144332
4786	11.144332
4787	11.144332
4788	11.144332
4789	11.144332
4790	11.144332
4791	11.144332
4792	11.144332
4793	11.144332
4794	11.144332
4795	11.144332
4796	11.144332
4797	11.144332
4798	11.144332
4799	11.144332
4800	11.144332
4801	11.144332
4802	11.144332
4803	11.144332
4804	11.144332
4805	11.144332
4806	11.144332
4807	11.144332
4808	11.144332
4809	11.144332
4810	11.144332
4811	11.144332
4812	11.144332
4813	11.144332
4814	11.144332
4815	11.144332
4816	11.144332
4817	11.144332
4818	11.144332
4819	11.144332
4820	11.144332
4821	11.144332
4822	11.144332
4823	11.144332
4824	11.144332
4825	11.144332
4826	11.144332
4827	11.144332
4828	11.144332
4829	11.144332
4830	11.144332
4831	11.144332
4832	11.144332
4833	11.144332
4834	11.144332
4835	11.144332
4836	11.144332
4837	11.144332
4838	11.144332
4839	11.144332
4840	11.144332
4841	11.144332
4842	11.144332
4843	11.144332
4844	11.144332
4845	11.144332
4846	11.144332
4847	11.144332
4848	11.144332
4849	11.144332
4850	11.144332
4851	11.144332
4852	11.144332
4853	11.144332
4854	11.144332
4855	11.144332
4856	11.144332
4857	11.144332
4858	11.144332
4859	11.144332
4860	11.144332
4861	11.144332
4862	11.144332
4863	11.144332
4864	11.144332
4865	11.144332
4866	11.144332
4867	11.144332
4868	11.144332
4869	11.144332
4870	11.144332
4871	11.144332
4872	11.144332
4873	11.144332
4874	11.144332
4875	11.144332
4876	11.144332
4877	11.144332
4878	11.144332
4879	11.144332
4880	11.144332
4881	11.144332
4882	11.144332
4883	11.144332
4884	11.144332
4885	11.144332
4886	11.144332
4887	11.144332
4888	11.144332
4889	11.144332
4890	11.144332
4891	11.144332
4892	11.144332
4893	11.144332
4894	11.144332
4895	11.144332
4896	11.144332
4897	11.144332
4898	11.144332
4899	11.144332
4900	11.144332
4901	11.144332
4902	11.144332
4903	11.144332
4904	11.144332
4905	11.144332
4906	11.144332
4907	11.144332
4908	11.144332
4909	11.144332
4910	11.144332
4911	11.144332
4912	11.144332
4913	11.144332
4914	11.144332
4915	11.144332
4916	11.144332
4917	11.144332
4918	11.144332
4919	11.144332
4920	11.144332
4921	11.144332
4922	11.144332
4923	11.144332
4924	11.144332
4925	11.144332
4926	11.144332
4927	11.144332
4928	11.144332
4929	11.144332
4930	11.144332
4931	11.144332
4932	11.144332
4933	11.144332
4934	11.144332
4935	11.144332
4936	11.144332
4937	11.144332
4938	11.144332
4939	11.144332
4940	11.144332
4941	11.144332
4942	11.144332
4943	11.144332
4944	11.144332
4945	11.144332
4946	11.144332
4947	11.144332
4948	11.144332
4949	11.144332
4950	11.144332
4951	11.144332
4952	11.144332
4953	11.144332
4954	11.144332
4955	11.144332
4956	11.144332
4957	11.144332
4958	11.144332
4959	11.144332
4960	11.144332
4961	11.144332
4962	11.144332
4963	11.144332
4964	11.144332
4965	11.144332
4966	11.144332
4967	11.144332
4968	11.144332
4969	11.144332
4970	11.144332
4971	11.144332
4972	11.144332
4973	11.144332
4974	11.144332
4975	11.144332
4976	11.144332
4977	11.144332
4978	11.144332
4979	11.144332
4980	11.144332
4981	11.144332
4982	11.144332
4983	11.144332
4984	11.144332
4985	11.144332
4986	11.144332
4987	11.144332
4988	11.144332
4989	11.144332
4990	11.144332
4991	11.144332
4992	11.144332
4993	11.144332
4994	11.144332
4995	11.144332
4996	11.144332
4997	11.144332
4998	11.144332
4999	11.144332
5000	11.144332
5001	11.144332
5002	11.144332
5003	11.144332
5004	11.144332
5005	11.144332
5006	11.144332
5007	11.144332
5008	11.144332
5009	11.144332
5010	11.144332
5011	11.144332
5012	11.144332
5013	11.144332
5014	11.144332
5015	11.144332
5016	11.144332
5017	11.144332
5018	11.144332
5019	11.144332
5020	11.144332
5021	11.144332
5022	11.144332
5023	11.144332
5024	11.144332
5025	11.144332
5026	11.144332
5027	11.144332
5028	11.144332
5029	11.144332
5030	11.144332
5031	11.144332
5032	11.144332
5033	11.144332
5034	11.144332
5035	11.144332
5036	11.144332
5037	11.144332
5038	11.144332
5039	11.144332
5040	11.144332
5041	11.144332
5042	11.144332
5043	11.144332
5044	11.144332
5045	11.144332
5046	11.144332
5047	11.144332
5048	11.144332
5049	11.144332
5050	11.144332
5051	11.144332
5052	11.144332
5053	11.144332
5054	11.144332
5055	11.144332
5056	11.144332
5057	11.144332
5058	11.144332
5059	11.144332
5060	11.144332
5061	11.144332
5062	11.144332
5063	11.144332
5064	11.144332
5065	11.144332
5066	11.144332
5067	11.144332
5068	11.144332
5069	11.144332
5070	11.144332
5071	11.144332
5072	11.144332
5073	11.144332
5074	11.144332
5075	11.144332
5076	11.144332
5077	11.144332
5078	11.144332
5079	11.144332
5080	11.144332
5081	11.144332
5082	11.144332
5083	11.144332
5084	11.144332
5085	11.144332
5086	11.144332
5087	11.144332
5088	11.144332
5089	11.144332
5090	11.144332
5091	11.144332
5092	11.144332
5093	11.144332
5094	11.144332
5095	11.144332
5096	11.144332
5097	11.144332
5098	11.144332
5099	11.144332
5100	11.144332
5101	11.144332
5102	11.144332
5103	11.144332
5104	11.144332
5105	11.144332
5106	11.144332
5107	11.144332
5108	11.144332
5109	11.144332
5110	11.144332
5111	11.144332
5112	11.144332
5113	11.144332
5114	11.144332
5115	11.144332
5116	11.144332
5117	11.144332
5118	11.144332
5119	11.144332
5120	11.144332
5121	11.144332
5122	11.144332
5123	11.144332
5124	11.144332
5125	11.144332
5126	11.144332
5127	11.144332
5128	11.144332
5129	11.144332
5130	11.144332
5131	11.144332
5132	11.144332
5133	11.144332
5134	11.144332
5135	11.144332
5136	11.144332
5137	11.144332
5138	11.144332
5139	11.144332
5140	11.144332
5141	11.144332
5142	11.144332
5143	11.144332
5144	11.144332
5145	11.144332
5146	11.144332
5147	11.144332
5148	11.144332
5149	11.144332
5150	11.144332
5151	11.144332
5152	11.144332
5153	11.144332
5154	11.144332
5155	11.144332
5156	11.144332
5157	11.144332
5158	11.144332
5159	11.144332
5160	11.144332
5161	11.144332
5162	11.144332
5163	11.144332
5164	11.144332
5165	11.144332
5166	11.144332
5167	11.144332
5168	11.144332
5169	11.144332
5170	11.144332
5171	11.144332
5172	11.144332
5173	11.144332
5174	11.144332
5175	11.144332
5176	11.144332
5177	11.144332
5178	11.144332
5179	11.144332
5180	11.144332
5181	11.144332
5182	11.144332
5183	11.144332
5184	11.144332
5185	11.144332
5186	11.144332
5187	11.144332
5188	11.144332
5189	11.144332
5190	11.144332
5191	11.144332
5192	11.144332
5193	11.144332
5194	11.144332
5195	11.144332
5196	11.144332
5197	11.144332
5198	11.144332
5199	11.144332
5200	11.144332
5201	11.144332
5202	11.144332
5203	11.144332
5204	11.144332
5205	11.144332
5206	11.144332
5207	11.144332
5208	11.144332
5209	11.144332
5210	11.144332
5211	11.144332
5212	11.144332
5213	11.144332
5214	11.144332
5215	11.144332
5216	11.144332
5217	11.144332
5218	11.144332
5219	11.144332
5220	11.144332
5221	11.144332
5222	11.144332
5223	11.144332
5224	11.144332
5225	11.144332
5226	11.144332
5227	11.144332
5228	11.144332
5229	11.144332
5230	11.144332
5231	11.144332
5232	11.144332
5233	11.144332
5234	11.144332
5235	11.144332
5236	11.144332
5237	11.144332
5238	11.144332
5239	11.144332
5240	11.144332
5241	11.144332
5242	11.144332
5243	11.144332
5244	11.144332
5245	11.144332
5246	11.144332
5247	11.144332
5248	11.144332
5249	11.144332
5250	11.144332
5251	11.144332
5252	11.144332
5253	11.144332
5254	11.144332
5255	11.144332
5256	11.144332
5257	11.144332
5258	11.144332
5259	11.144332
5260	11.144332
5261	11.144332
5262	11.144332
5263	11.144332
5264	11.144332
5265	11.144332
5266	11.144332
5267	11.144332
5268	11.144332
5269	11.144332
5270	11.144332
5271	11.144332
5272	11.144332
5273	11.144332
5274	11.144332
5275	11.144332
5276	11.144332
5277	11.144332
5278	11.144332
5279	11.144332
5280	11.144332
5281	11.144332
5282	11.144332
5283	11.144332
5284	11.144332
5285	11.144332
5286	11.144332
5287	11.144332
5288	11.144332
5289	11.144332
5290	11.144332
5291	11.144332
5292	11.144332
5293	11.144332
5294	11.144332
5295	11.144332
5296	11.144332
5297	11.144332
5298	11.144332
5299	11.144332
5300	11.144332
