1	6.754879
2	6.756388
3	6.829426
4	6.829426
5	6.819931
6	6.844702
7	6.844702
8	6.868243
9	6.939853
10	6.965092
11	6.965092
12	6.965092
13	6.929466
14	6.929466
15	7.057761
16	7.061897
17	7.055957
18	7.060987
19	7.067543
20	7.046795
21	7.148355
22	7.155831
23	7.189297
24	7.189297
25	7.196872
26	7.193704
27	7.225168
28	7.245255
29	7.392755
30	7.497223
31	7.406029
32	7.410619
33	7.420349
34	7.427552
35	7.432582
36	7.432296
37	7.432296
38	7.432296
39	7.418195
40	7.516729
41	7.435528
42	7.425468
43	7.425468
44	7.487724
45	7.541189
46	7.729033
47	7.729033
48	7.729033
49	7.755347
50	7.743545
51	7.76027
52	7.682921
53	7.698953
54	7.727813
55	7.774037
56	7.644914
57	7.732918
58	7.587968
59	7.689363
60	7.765865
61	7.803109
62	7.888389
63	8.060099
64	8.061253
65	8.039217
66	8.062097
67	7.985595
68	7.985595
69	8.003361
70	8.003647
71	7.852062
72	7.889112
73	7.890331
74	7.89109
75	7.944766
76	7.942746
77	7.948279
78	7.948279
79	7.948279
80	7.948279
81	7.948279
82	8.049298
83	8.049298
84	8.172999
85	8.187627
86	8.187627
87	8.139578
88	8.140942
89	8.122401
90	8.122401
91	8.11851
92	8.309553
93	8.440084
94	8.440084
95	8.432769
96	8.426577
97	8.427611
98	8.434167
99	8.53573
100	8.53763
101	8.5477
102	8.674384
103	8.674384
104	8.710479
105	8.710479
106	8.714217
107	8.714217
108	8.772368
109	8.772368
110	8.539474
111	8.551997
112	8.545441
113	8.545441
114	8.619697
115	8.619697
116	8.545441
117	8.545441
118	8.563531
119	8.390909
120	8.390909
121	8.258096
122	8.408195
123	8.497097
124	8.503653
125	8.610186
126	8.584766
127	8.584766
128	8.568745
129	8.681897
130	8.689786
131	8.695855
132	8.70223
133	8.718862
134	8.483504
135	8.483504
136	8.570069
137	8.570069
138	8.553437
139	8.546881
140	8.59219
141	8.59219
142	8.59219
143	8.604198
144	8.846182
145	8.866322
146	8.893042
147	8.900896
148	8.900896
149	8.907606
150	8.907606
151	8.926254
152	8.934482
153	8.934482
154	9.002809
155	8.942021
156	8.934132
157	8.948212
158	8.948212
159	8.956101
160	8.956101
161	8.856701
162	8.856701
163	8.862205
164	8.631483
165	8.631483
166	8.529006
167	8.632945
168	8.637759
169	8.810839
170	8.810839
171	8.810839
172	8.810839
173	8.75094
174	8.75094
175	8.626739
176	8.626739
177	8.626739
178	8.718023
179	8.777922
180	8.784059
181	8.773097
182	8.87129
183	8.858943
184	8.722156
185	8.706743
186	9.112607
187	9.112607
188	9.112607
189	9.340013
190	9.365485
191	9.365485
192	9.365485
193	9.378979
194	9.378979
195	9.188436
196	9.169471
197	9.169471
198	9.399714
199	9.397219
200	9.397219
201	9.397219
202	9.397219
203	9.427207
204	9.428457
205	9.325176
206	9.546613
207	9.581989
208	9.621877
209	9.621877
210	9.621877
211	9.594697
212	9.526484
213	9.526484
214	9.542416
215	9.542416
216	9.542416
217	9.542416
218	9.542416
219	9.681343
220	9.721483
221	9.721483
222	9.721483
223	9.724642
224	9.724642
225	9.496628
226	9.496628
227	9.550032
228	9.550032
229	9.550032
230	9.550032
231	9.550032
232	9.550032
233	9.588872
234	9.588872
235	9.588872
236	9.588872
237	9.588872
238	9.588872
239	9.588872
240	9.588872
241	9.662074
242	9.662074
243	9.662074
244	9.662074
245	9.662074
246	9.662074
247	9.662074
248	9.662074
249	9.662074
250	9.662297
251	9.666842
252	9.647634
253	9.647634
254	9.647634
255	9.647634
256	9.647634
257	9.567426
258	9.579774
259	9.579774
260	9.594199
261	9.555359
262	9.562219
263	9.588385
264	9.588385
265	9.594743
266	9.594743
267	9.594743
268	9.646829
269	9.677849
270	9.698158
271	9.698158
272	9.66817
273	9.754438
274	9.767705
275	9.767705
276	9.842585
277	9.842585
278	9.842585
279	9.842585
280	9.842585
281	9.866882
282	9.866882
283	9.841745
284	9.757751
285	9.796591
286	9.796591
287	9.796591
288	9.798376
289	9.821874
290	9.783034
291	9.783631
292	9.720626
293	9.696531
294	9.696531
295	9.723123
296	9.723123
297	9.730248
298	9.730248
299	9.731293
300	9.819635
301	9.819635
302	9.819635
303	9.819635
304	9.79856
305	9.822655
306	9.692269
307	9.692269
308	9.532253
309	9.568179
310	9.568179
311	9.568179
312	9.576935
313	9.668012
314	9.668012
315	9.684428
316	9.751292
317	9.750457
318	9.806973
319	9.98265
320	9.98265
321	9.98265
322	9.98265
323	9.98265
324	10.012638
325	10.012638
326	10.012638
327	9.98265
328	10.012638
329	10.03316
330	10.03316
331	10.032563
332	10.071403
333	10.071403
334	10.155381
335	10.155381
336	10.155381
337	10.155381
338	10.155381
339	10.156806
340	10.156806
341	10.108975
342	10.108975
343	10.108975
344	10.033882
345	10.033882
346	10.087997
347	10.049157
348	9.995042
349	9.90467
350	9.90467
351	9.90467
352	9.908053
353	9.908053
354	9.908053
355	9.908053
356	9.801501
357	9.801501
358	9.801501
359	9.801501
360	9.801501
361	9.801501
362	9.801501
363	9.681112
364	9.681112
365	9.681112
366	9.681112
367	9.804583
368	9.804583
369	9.804583
370	9.886431
371	9.886431
372	9.851102
373	9.851102
374	9.851102
375	9.851102
376	9.821114
377	9.821114
378	9.821114
379	9.950767
380	9.950767
381	9.950767
382	9.989607
383	9.989607
384	9.989607
385	9.989607
386	9.994437
387	9.994437
388	9.994437
389	9.994437
390	9.994437
391	9.994437
392	9.994437
393	9.994437
394	9.994437
395	9.994437
396	10.063527
397	10.063527
398	10.093515
399	10.088685
400	10.088685
401	10.088685
402	10.088685
403	10.088685
404	10.088685
405	10.093515
406	10.093515
407	10.093515
408	10.063527
409	10.063527
410	10.088483
411	10.088483
412	10.049643
413	10.137332
414	10.137332
415	10.137332
416	10.16732
417	10.16732
418	10.16732
419	10.16732
420	10.16732
421	10.09823
422	10.14599
423	10.14599
424	10.144239
425	10.144239
426	10.144239
427	10.183079
428	10.252169
429	10.252169
430	10.252169
431	10.161689
432	10.161689
433	10.161689
434	10.161689
435	10.161689
436	10.161689
437	10.161689
438	10.161689
439	10.224623
440	10.224225
441	10.224225
442	10.224225
443	10.224225
444	10.224225
445	10.224225
446	10.298391
447	10.305985
448	10.330969
449	10.330969
450	10.330969
451	10.330969
452	10.330969
453	10.330969
454	10.330969
455	10.29296
456	10.29296
457	10.29296
458	10.29296
459	10.317292
460	10.179636
461	10.183206
462	10.183206
463	10.183206
464	10.183206
465	10.183206
466	10.112163
467	10.112163
468	10.108593
469	10.108593
470	10.108593
471	10.108593
472	10.094066
473	10.094066
474	10.094066
475	10.094066
476	10.094066
477	10.136901
478	10.136901
479	10.277594
480	10.277594
481	10.277594
482	10.277594
483	10.277594
484	10.277594
485	10.277594
486	10.277594
487	10.277594
488	10.277594
489	10.277594
490	10.277594
491	10.324558
492	10.324558
493	10.324558
494	10.324558
495	10.324558
496	10.359081
497	10.383381
498	10.383381
499	10.383381
500	10.383381
501	10.383381
502	10.383381
503	10.383381
504	10.383381
505	10.383381
506	10.383381
507	10.383381
508	10.383381
509	10.383381
510	10.353393
511	10.353393
512	10.383381
513	10.383381
514	10.383381
515	10.383381
516	10.383381
517	10.383381
518	10.383381
519	10.379998
520	10.379998
521	10.379998
522	10.355698
523	10.355698
524	10.355698
525	10.355698
526	10.355698
527	10.355698
528	10.355698
529	10.380573
530	10.380573
531	10.380573
532	10.380573
533	10.380573
534	10.404873
535	10.404873
536	10.404873
537	10.404873
538	10.404873
539	10.404873
540	10.404873
541	10.404873
542	10.373232
543	10.373232
544	10.373232
545	10.373232
546	10.373232
547	10.373232
548	10.373232
549	10.373232
550	10.373232
551	10.373232
552	10.373232
553	10.373232
554	10.373232
555	10.373232
556	10.447458
557	10.447458
558	10.304961
559	10.304961
560	10.304961
561	10.304961
562	10.304961
563	10.304961
564	10.304961
565	10.30317
566	10.30317
567	10.30317
568	10.445667
569	10.445667
570	10.445667
571	10.445667
572	10.445667
573	10.445667
574	10.445667
575	10.445667
576	10.445667
577	10.445667
578	10.445667
579	10.445667
580	10.445667
581	10.445667
582	10.445667
583	10.445667
584	10.445667
585	10.445667
586	10.445667
587	10.445667
588	10.445667
589	10.445667
590	10.470247
591	10.470247
592	10.470247
593	10.470247
594	10.470247
595	10.425121
596	10.425121
597	10.425121
598	10.425121
599	10.428504
600	10.428504
601	10.428504
602	10.428504
603	10.428504
604	10.428504
605	10.428504
606	10.428504
607	10.428504
608	10.428504
609	10.428504
610	10.428504
611	10.428504
612	10.428504
613	10.433346
614	10.433346
615	10.434636
616	10.434636
617	10.434636
618	10.434636
619	10.434636
620	10.434636
621	10.434636
622	10.434636
623	10.434636
624	10.434636
625	10.434636
626	10.434636
627	10.434636
628	10.434636
629	10.434636
630	10.434636
631	10.434636
632	10.434636
633	10.434636
634	10.434636
635	10.434636
636	10.434636
637	10.434636
638	10.434636
639	10.434636
640	10.434636
641	10.434636
642	10.431253
643	10.431253
644	10.431253
645	10.431253
646	10.476379
647	10.476379
648	10.476379
649	10.452079
650	10.452079
651	10.452079
652	10.471075
653	10.471075
654	10.471075
655	10.500211
656	10.500211
657	10.524511
658	10.524511
659	10.524511
660	10.524511
661	10.477912
662	10.477912
663	10.477912
664	10.477912
665	10.477912
666	10.477912
667	10.477912
668	10.477912
669	10.477912
670	10.477912
671	10.477912
672	10.477912
673	10.477912
674	10.477912
675	10.477912
676	10.477912
677	10.477912
678	10.477912
679	10.477912
680	10.499931
681	10.499931
682	10.499931
683	10.499931
684	10.499931
685	10.499931
686	10.499931
687	10.499931
688	10.499931
689	10.499931
690	10.499931
691	10.499931
692	10.499931
693	10.499931
694	10.499931
695	10.475631
696	10.475631
697	10.475631
698	10.475631
699	10.475631
700	10.475631
701	10.475631
702	10.624175
703	10.614026
704	10.614026
705	10.614026
706	10.614026
707	10.614026
708	10.614026
709	10.614026
710	10.638326
711	10.638326
712	10.638326
713	10.638326
714	10.638326
715	10.638326
716	10.638326
717	10.632952
718	10.632952
719	10.632952
720	10.632952
721	10.632952
722	10.632952
723	10.632952
724	10.632952
725	10.632952
726	10.632952
727	10.632952
728	10.632952
729	10.632952
730	10.632952
731	10.632952
732	10.632952
733	10.632952
734	10.632952
735	10.632952
736	10.608652
737	10.608652
738	10.608652
739	10.608652
740	10.608652
741	10.608652
742	10.608652
743	10.608652
744	10.608652
745	10.608652
746	10.608652
747	10.608652
748	10.608652
749	10.608652
750	10.632952
751	10.632952
752	10.632952
753	10.632952
754	10.632952
755	10.632952
756	10.632952
757	10.632952
758	10.632952
759	10.632952
760	10.632952
761	10.632952
762	10.632952
763	10.632952
764	10.632952
765	10.632952
766	10.632952
767	10.632952
768	10.632952
769	10.632952
770	10.632952
771	10.632952
772	10.632952
773	10.632952
774	10.632952
775	10.632952
776	10.632952
777	10.632952
778	10.634743
779	10.634743
780	10.634743
781	10.634743
782	10.634743
783	10.634743
784	10.634743
785	10.634743
786	10.634743
787	10.634743
788	10.634743
789	10.634743
790	10.634743
791	10.610443
792	10.610443
793	10.610443
794	10.610443
795	10.610443
796	10.610443
797	10.610443
798	10.610443
799	10.610443
800	10.610443
801	10.610443
802	10.610443
803	10.610443
804	10.610443
805	10.610443
806	10.610443
807	10.610443
808	10.610443
809	10.610443
810	10.610443
811	10.610443
812	10.610443
813	10.579106
814	10.579106
815	10.579106
816	10.579106
817	10.579106
818	10.579106
819	10.604777
820	10.604777
821	10.604777
822	10.604777
823	10.629077
824	10.629077
825	10.629077
826	10.629077
827	10.629077
828	10.629077
829	10.629077
830	10.629077
831	10.629077
832	10.629077
833	10.629077
834	10.633337
835	10.633337
836	10.633337
837	10.633337
838	10.633337
839	10.633337
840	10.633337
841	10.633337
842	10.633337
843	10.633337
844	10.633337
845	10.633337
846	10.609037
847	10.609037
848	10.609037
849	10.603465
850	10.603465
851	10.603465
852	10.627765
853	10.627765
854	10.627765
855	10.627765
856	10.627765
857	10.627765
858	10.627765
859	10.603465
860	10.627765
861	10.627765
862	10.627765
863	10.627765
864	10.627765
865	10.627765
866	10.627765
867	10.627765
868	10.627765
869	10.627765
870	10.603465
871	10.603465
872	10.599684
873	10.599684
874	10.599684
875	10.599684
876	10.599684
877	10.599684
878	10.599684
879	10.599684
880	10.599684
881	10.599684
882	10.599684
883	10.599684
884	10.599684
885	10.599684
886	10.599684
887	10.599684
888	10.599684
889	10.599684
890	10.599684
891	10.599684
892	10.599684
893	10.623984
894	10.623984
895	10.623984
896	10.623984
897	10.623984
898	10.623984
899	10.623984
900	10.623984
901	10.635123
902	10.635123
903	10.635123
904	10.635123
905	10.635123
906	10.635123
907	10.635123
908	10.635123
909	10.635123
910	10.635123
911	10.635123
912	10.635123
913	10.6338
914	10.6338
915	10.6338
916	10.642611
917	10.654047
918	10.654047
919	10.654047
920	10.654047
921	10.654047
922	10.654047
923	10.654047
924	10.654047
925	10.654047
926	10.654047
927	10.654047
928	10.654047
929	10.654047
930	10.654047
931	10.654047
932	10.654047
933	10.654047
934	10.654047
935	10.654047
936	10.654047
937	10.654047
938	10.654047
939	10.651261
940	10.651261
941	10.651261
942	10.651261
943	10.651261
944	10.651261
945	10.651261
946	10.651261
947	10.651261
948	10.651261
949	10.651261
950	10.651261
951	10.651261
952	10.651261
953	10.651261
954	10.656833
955	10.656833
956	10.656833
957	10.656833
958	10.656833
959	10.656833
960	10.656833
961	10.656833
962	10.656833
963	10.656833
964	10.656833
965	10.656833
966	10.656833
967	10.666982
968	10.666982
969	10.666982
970	10.666982
971	10.666982
972	10.666982
973	10.666982
974	10.666982
975	10.66141
976	10.66141
977	10.66141
978	10.66141
979	10.66141
980	10.66141
981	10.66141
982	10.66141
983	10.66141
984	10.66141
985	10.66141
986	10.66141
987	10.66141
988	10.66141
989	10.66141
990	10.66141
991	10.66141
992	10.66141
993	10.66141
994	10.66141
995	10.66141
996	10.66141
997	10.66141
998	10.66141
999	10.66141
1000	10.66141
1001	10.66141
1002	10.66141
1003	10.66141
1004	10.66141
1005	10.66141
1006	10.66141
1007	10.66141
1008	10.66141
1009	10.66141
1010	10.66141
1011	10.66141
1012	10.66141
1013	10.66141
1014	10.66141
1015	10.66141
1016	10.66141
1017	10.66141
1018	10.66141
1019	10.66141
1020	10.66141
1021	10.66141
1022	10.66141
1023	10.66141
1024	10.66141
1025	10.66141
1026	10.66141
1027	10.66141
1028	10.66141
1029	10.66141
1030	10.66141
1031	10.665191
1032	10.665191
1033	10.665191
1034	10.665191
1035	10.665191
1036	10.665191
1037	10.665191
1038	10.665191
1039	10.665191
1040	10.665191
1041	10.665191
1042	10.665191
1043	10.665191
1044	10.665191
1045	10.665191
1046	10.665191
1047	10.665191
1048	10.665191
1049	10.665191
1050	10.665191
1051	10.665191
1052	10.665191
1053	10.665191
1054	10.665191
1055	10.665191
1056	10.665191
1057	10.665191
1058	10.665191
1059	10.665191
1060	10.665191
1061	10.665191
1062	10.665191
1063	10.665191
1064	10.665191
1065	10.665191
1066	10.665191
1067	10.665191
1068	10.665191
1069	10.665191
1070	10.665191
1071	10.665191
1072	10.665191
1073	10.665191
1074	10.665191
1075	10.665191
1076	10.6634
1077	10.6634
1078	10.6634
1079	10.6634
1080	10.6634
1081	10.68798
1082	10.68798
1083	10.68798
1084	10.68798
1085	10.68798
1086	10.68798
1087	10.68798
1088	10.68798
1089	10.68798
1090	10.697134
1091	10.697134
1092	10.697134
1093	10.697134
1094	10.697134
1095	10.699323
1096	10.699323
1097	10.699323
1098	10.699323
1099	10.699323
1100	10.699323
1101	10.699323
1102	10.699323
1103	10.699323
1104	10.699323
1105	10.671065
1106	10.671065
1107	10.671065
1108	10.671065
1109	10.671065
1110	10.671065
1111	10.671065
1112	10.671065
1113	10.671065
1114	10.671065
1115	10.671065
1116	10.671065
1117	10.671065
1118	10.671065
1119	10.671065
1120	10.671065
1121	10.671065
1122	10.671065
1123	10.671065
1124	10.671065
1125	10.671065
1126	10.671065
1127	10.671065
1128	10.671065
1129	10.671065
1130	10.671065
1131	10.671065
1132	10.671065
1133	10.671065
1134	10.671065
1135	10.671065
1136	10.671065
1137	10.671065
1138	10.671065
1139	10.671065
1140	10.671065
1141	10.671065
1142	10.671065
1143	10.671065
1144	10.671065
1145	10.671065
1146	10.671065
1147	10.671065
1148	10.671065
1149	10.671065
1150	10.671065
1151	10.671065
1152	10.671065
1153	10.671065
1154	10.671065
1155	10.671065
1156	10.671065
1157	10.671065
1158	10.671065
1159	10.671065
1160	10.671065
1161	10.671065
1162	10.671065
1163	10.671065
1164	10.671065
1165	10.639822
1166	10.639822
1167	10.639822
1168	10.639822
1169	10.639822
1170	10.639822
1171	10.639822
1172	10.639822
1173	10.639822
1174	10.639822
1175	10.639822
1176	10.639822
1177	10.639822
1178	10.639822
1179	10.639822
1180	10.639822
1181	10.639822
1182	10.639822
1183	10.639822
1184	10.639822
1185	10.639822
1186	10.639822
1187	10.639822
1188	10.639822
1189	10.639822
1190	10.639822
1191	10.639822
1192	10.639822
1193	10.639822
1194	10.639822
1195	10.639822
1196	10.639822
1197	10.643424
1198	10.643424
1199	10.643424
1200	10.643424
1201	10.693373
1202	10.693373
1203	10.693373
1204	10.693373
1205	10.693373
1206	10.693373
1207	10.693373
1208	10.693373
1209	10.693373
1210	10.693373
1211	10.693373
1212	10.693373
1213	10.693373
1214	10.693373
1215	10.693373
1216	10.693373
1217	10.693373
1218	10.693373
1219	10.693373
1220	10.693373
1221	10.693373
1222	10.693373
1223	10.693373
1224	10.693373
1225	10.693373
1226	10.693373
1227	10.693373
1228	10.693373
1229	10.693373
1230	10.693373
1231	10.693373
1232	10.695164
1233	10.695164
1234	10.695164
1235	10.695164
1236	10.695164
1237	10.695164
1238	10.695164
1239	10.695164
1240	10.695164
1241	10.695164
1242	10.695164
1243	10.695164
1244	10.695164
1245	10.695164
1246	10.695164
1247	10.695164
1248	10.695164
1249	10.695164
1250	10.695164
1251	10.695164
1252	10.695164
1253	10.695164
1254	10.695164
1255	10.695164
1256	10.695164
1257	10.695164
1258	10.695164
1259	10.695164
1260	10.695164
1261	10.695164
1262	10.695164
1263	10.695164
1264	10.695164
1265	10.695164
1266	10.695164
1267	10.695164
1268	10.695164
1269	10.695164
1270	10.695164
1271	10.695164
1272	10.695164
1273	10.695164
1274	10.695164
1275	10.695164
1276	10.695164
1277	10.695164
1278	10.695164
1279	10.695164
1280	10.695164
1281	10.695164
1282	10.695164
1283	10.695164
1284	10.695164
1285	10.695164
1286	10.695164
1287	10.695164
1288	10.695164
1289	10.695164
1290	10.695164
1291	10.695164
1292	10.695164
1293	10.695164
1294	10.695164
1295	10.695164
1296	10.695164
1297	10.695164
1298	10.695164
1299	10.695164
1300	10.695164
1301	10.695164
1302	10.695164
1303	10.695164
1304	10.695164
1305	10.695164
1306	10.695164
1307	10.695164
1308	10.695164
1309	10.695164
1310	10.723422
1311	10.723422
1312	10.723422
1313	10.723422
1314	10.723422
1315	10.723422
1316	10.723422
1317	10.723422
1318	10.723422
1319	10.723422
1320	10.723422
1321	10.723422
1322	10.723422
1323	10.723422
1324	10.723422
1325	10.723422
1326	10.723422
1327	10.723422
1328	10.723422
1329	10.723422
1330	10.723422
1331	10.723422
1332	10.723422
1333	10.723422
1334	10.723422
1335	10.723422
1336	10.723422
1337	10.723422
1338	10.723422
1339	10.723422
1340	10.723422
1341	10.723422
1342	10.723422
1343	10.723422
1344	10.723422
1345	10.723422
1346	10.723422
1347	10.723422
1348	10.723422
1349	10.723422
1350	10.723422
1351	10.723422
1352	10.723422
1353	10.723422
1354	10.723422
1355	10.723422
1356	10.723422
1357	10.723422
1358	10.723422
1359	10.723422
1360	10.723422
1361	10.723422
1362	10.721631
1363	10.721631
1364	10.721631
1365	10.721631
1366	10.721631
1367	10.721631
1368	10.721631
1369	10.721631
1370	10.721631
1371	10.721631
1372	10.721631
1373	10.721631
1374	10.721631
1375	10.721631
1376	10.721631
1377	10.721631
1378	10.721631
1379	10.721631
1380	10.721631
1381	10.721631
1382	10.721631
1383	10.721631
1384	10.721631
1385	10.721631
1386	10.721631
1387	10.721631
1388	10.721631
1389	10.721631
1390	10.721631
1391	10.721631
1392	10.721631
1393	10.721631
1394	10.721631
1395	10.721631
1396	10.721631
1397	10.721631
1398	10.721631
1399	10.721631
1400	10.721631
1401	10.721631
1402	10.721631
1403	10.721631
1404	10.721631
1405	10.721631
1406	10.721631
1407	10.721631
1408	10.721631
1409	10.721631
1410	10.721631
1411	10.721631
1412	10.721631
1413	10.721631
1414	10.721631
1415	10.721631
1416	10.721631
1417	10.721631
1418	10.721631
1419	10.721631
1420	10.721631
1421	10.721631
1422	10.721631
1423	10.721631
1424	10.721631
1425	10.721631
1426	10.721631
1427	10.721631
1428	10.721631
1429	10.721631
1430	10.721631
1431	10.718029
1432	10.718029
1433	10.718029
1434	10.718029
1435	10.718029
1436	10.718029
1437	10.723601
1438	10.723601
1439	10.723601
1440	10.723601
1441	10.723601
1442	10.723601
1443	10.723601
1444	10.723601
1445	10.723601
1446	10.723601
1447	10.723601
1448	10.723601
1449	10.723601
1450	10.723601
1451	10.723601
1452	10.723601
1453	10.723601
1454	10.723601
1455	10.723601
1456	10.723601
1457	10.766784
1458	10.766784
1459	10.766784
1460	10.766784
1461	10.766784
1462	10.766784
1463	10.766784
1464	10.766784
1465	10.766784
1466	10.766784
1467	10.766784
1468	10.766784
1469	10.766784
1470	10.766784
1471	10.766784
1472	10.766784
1473	10.766784
1474	10.766784
1475	10.766784
1476	10.766784
1477	10.766784
1478	10.766784
1479	10.766784
1480	10.766784
1481	10.766784
1482	10.766784
1483	10.766784
1484	10.766784
1485	10.766784
1486	10.766784
1487	10.766784
1488	10.766784
1489	10.766784
1490	10.766784
1491	10.766784
1492	10.766784
1493	10.766784
1494	10.766784
1495	10.766784
1496	10.766784
1497	10.766784
1498	10.766784
1499	10.766784
1500	10.766784
1501	10.766784
1502	10.766784
1503	10.766784
1504	10.766784
1505	10.766784
1506	10.766784
1507	10.766784
1508	10.766784
1509	10.766784
1510	10.766784
1511	10.766784
1512	10.766784
1513	10.766784
1514	10.766784
1515	10.766784
1516	10.766784
1517	10.766784
1518	10.766784
1519	10.766784
1520	10.766784
1521	10.766784
1522	10.766784
1523	10.766784
1524	10.766784
1525	10.766784
1526	10.766784
1527	10.766784
1528	10.766784
1529	10.766784
1530	10.766784
1531	10.766784
1532	10.766784
1533	10.766784
1534	10.766784
1535	10.766784
1536	10.766784
1537	10.766784
1538	10.766784
1539	10.766784
1540	10.766784
1541	10.766784
1542	10.766784
1543	10.766784
1544	10.766784
1545	10.766784
1546	10.766784
1547	10.766784
1548	10.766784
1549	10.766784
1550	10.766784
1551	10.766784
1552	10.766784
1553	10.766784
1554	10.766784
1555	10.766784
1556	10.766784
1557	10.766784
1558	10.766784
1559	10.766784
1560	10.766784
1561	10.766784
1562	10.766784
1563	10.766784
1564	10.766784
1565	10.766784
1566	10.766784
1567	10.766784
1568	10.766784
1569	10.766784
1570	10.766784
1571	10.766784
1572	10.766784
1573	10.766784
1574	10.766784
1575	10.766784
1576	10.766784
1577	10.766784
1578	10.766784
1579	10.766784
1580	10.766784
1581	10.766784
1582	10.766784
1583	10.766784
1584	10.766784
1585	10.766784
1586	10.766784
1587	10.766784
1588	10.766784
1589	10.766784
1590	10.766784
1591	10.766784
1592	10.766784
1593	10.766784
1594	10.766784
1595	10.766784
1596	10.766784
1597	10.766784
1598	10.766784
1599	10.766784
1600	10.766784
1601	10.766784
1602	10.766784
1603	10.766784
1604	10.766784
1605	10.766784
1606	10.766784
1607	10.766784
1608	10.766784
1609	10.766784
1610	10.766784
1611	10.766784
1612	10.766784
1613	10.766784
1614	10.766784
1615	10.766784
1616	10.766784
1617	10.766784
1618	10.766784
1619	10.766784
1620	10.766784
1621	10.766784
1622	10.766784
1623	10.766784
1624	10.766784
1625	10.766784
1626	10.766784
1627	10.766784
1628	10.766784
1629	10.766784
1630	10.766784
1631	10.766784
1632	10.766784
1633	10.766784
1634	10.766784
1635	10.766784
1636	10.766784
1637	10.766784
1638	10.766784
1639	10.766784
1640	10.766784
1641	10.766784
1642	10.766784
1643	10.766784
1644	10.766784
1645	10.766784
1646	10.766784
1647	10.766784
1648	10.766784
1649	10.766784
1650	10.766784
1651	10.766784
1652	10.766784
1653	10.766784
1654	10.766784
1655	10.766784
1656	10.766784
1657	10.766784
1658	10.766784
1659	10.766784
1660	10.766784
1661	10.766784
1662	10.766784
1663	10.766784
1664	10.766784
1665	10.766784
1666	10.766784
1667	10.766784
1668	10.766784
1669	10.766784
1670	10.766784
1671	10.766784
1672	10.766784
1673	10.766784
1674	10.766784
1675	10.766784
1676	10.766784
1677	10.766784
1678	10.766784
1679	10.766784
1680	10.766784
1681	10.766784
1682	10.766784
1683	10.766784
1684	10.766784
1685	10.766784
1686	10.766784
1687	10.766784
1688	10.766784
1689	10.766784
1690	10.766784
1691	10.766784
1692	10.766784
1693	10.766784
1694	10.766784
1695	10.766784
1696	10.766784
1697	10.766784
1698	10.766784
1699	10.766784
1700	10.766784
1701	10.766784
1702	10.766784
1703	10.766784
1704	10.766784
1705	10.768575
1706	10.768575
1707	10.768575
1708	10.768575
1709	10.768575
1710	10.768575
1711	10.768575
1712	10.768575
1713	10.768575
1714	10.768575
1715	10.768575
1716	10.768575
1717	10.768575
1718	10.768575
1719	10.768575
1720	10.768575
1721	10.768575
1722	10.768575
1723	10.768575
1724	10.768575
1725	10.768575
1726	10.768575
1727	10.768575
1728	10.768575
1729	10.768575
1730	10.768575
1731	10.768575
1732	10.768575
1733	10.768575
1734	10.768575
1735	10.768575
1736	10.768575
1737	10.768575
1738	10.768575
1739	10.768575
1740	10.768575
1741	10.768575
1742	10.768575
1743	10.768575
1744	10.768575
1745	10.768575
1746	10.768575
1747	10.768575
1748	10.768575
1749	10.768575
1750	10.768575
1751	10.768575
1752	10.768575
1753	10.768575
1754	10.768575
1755	10.768575
1756	10.768575
1757	10.768575
1758	10.768575
1759	10.768575
1760	10.768575
1761	10.768575
1762	10.768575
1763	10.768575
1764	10.768575
1765	10.768575
1766	10.768575
1767	10.768575
1768	10.768575
1769	10.768575
1770	10.768575
1771	10.768575
1772	10.768575
1773	10.768575
1774	10.768575
1775	10.768575
1776	10.768575
1777	10.768575
1778	10.768575
1779	10.768575
1780	10.768575
1781	10.768575
1782	10.768575
1783	10.768575
1784	10.768575
1785	10.768575
1786	10.768575
1787	10.768575
1788	10.768575
1789	10.768575
1790	10.768575
1791	10.768575
1792	10.768575
1793	10.768575
1794	10.768575
1795	10.768575
1796	10.768575
1797	10.768575
1798	10.768575
1799	10.768575
1800	10.768575
1801	10.768575
1802	10.768575
1803	10.768575
1804	10.768575
1805	10.768575
1806	10.768575
1807	10.768575
1808	10.768575
1809	10.768575
1810	10.768575
1811	10.768575
1812	10.768575
1813	10.768575
1814	10.768575
1815	10.768575
1816	10.768575
1817	10.768575
1818	10.768575
1819	10.768575
1820	10.768575
1821	10.768575
1822	10.768575
1823	10.768575
1824	10.768575
1825	10.768575
1826	10.768575
1827	10.768575
1828	10.768575
1829	10.768575
1830	10.768575
1831	10.768575
1832	10.768575
1833	10.768575
1834	10.768575
1835	10.768575
1836	10.768575
1837	10.768575
1838	10.768575
1839	10.768575
1840	10.768575
1841	10.768575
1842	10.768575
1843	10.768575
1844	10.768575
1845	10.768575
1846	10.768575
1847	10.768575
1848	10.768575
1849	10.768575
1850	10.768575
1851	10.768575
1852	10.768575
1853	10.768575
1854	10.768575
1855	10.768575
1856	10.768575
1857	10.768575
1858	10.768575
1859	10.768575
1860	10.768575
1861	10.768575
1862	10.768575
1863	10.768575
1864	10.768575
1865	10.768575
1866	10.768575
1867	10.768575
1868	10.768575
1869	10.768575
1870	10.768575
1871	10.768575
1872	10.768575
1873	10.768575
1874	10.768575
1875	10.768575
1876	10.768575
1877	10.768575
1878	10.768575
1879	10.768575
1880	10.768575
1881	10.768575
1882	10.768575
1883	10.768575
1884	10.768575
1885	10.768575
1886	10.768575
1887	10.768575
1888	10.768575
1889	10.768575
1890	10.768575
1891	10.768575
1892	10.768575
1893	10.768575
1894	10.768575
1895	10.768575
1896	10.768575
1897	10.768575
1898	10.768575
1899	10.768575
1900	10.772177
1901	10.772177
1902	10.772177
1903	10.772177
1904	10.772177
1905	10.772177
1906	10.772177
1907	10.772177
1908	10.772177
1909	10.772177
1910	10.772177
1911	10.772177
1912	10.772177
1913	10.772177
1914	10.772177
1915	10.772177
1916	10.772177
1917	10.772177
1918	10.772177
1919	10.772177
1920	10.772177
1921	10.772177
1922	10.772177
1923	10.772177
1924	10.772177
1925	10.772177
1926	10.772177
1927	10.772177
1928	10.772177
1929	10.772177
1930	10.772177
1931	10.772177
1932	10.772177
1933	10.772177
1934	10.772177
1935	10.772177
1936	10.772177
1937	10.772177
1938	10.772177
1939	10.772177
1940	10.772177
1941	10.772177
1942	10.772177
1943	10.772177
1944	10.772177
1945	10.772177
1946	10.772177
1947	10.772177
1948	10.772177
1949	10.772177
1950	10.772177
1951	10.772177
1952	10.772177
1953	10.772177
1954	10.772177
1955	10.772177
1956	10.772177
1957	10.772177
1958	10.772177
1959	10.772177
1960	10.772177
1961	10.772177
1962	10.772177
1963	10.772177
1964	10.772177
1965	10.772177
1966	10.772177
1967	10.772177
1968	10.772177
1969	10.772177
1970	10.772177
1971	10.772177
1972	10.772177
1973	10.772177
1974	10.772177
1975	10.772177
1976	10.772177
1977	10.772177
1978	10.772177
1979	10.772177
1980	10.772177
1981	10.772177
1982	10.772177
1983	10.772177
1984	10.772177
1985	10.772177
1986	10.772177
1987	10.772177
1988	10.772177
1989	10.772177
1990	10.772177
1991	10.772177
1992	10.772177
1993	10.772177
1994	10.772177
1995	10.772177
1996	10.772177
1997	10.772177
1998	10.772177
1999	10.772177
2000	10.772177
2001	10.772177
2002	10.772177
2003	10.772177
2004	10.772177
2005	10.772177
2006	10.772177
2007	10.772177
2008	10.772177
2009	10.772177
2010	10.772177
2011	10.772177
2012	10.772177
2013	10.772177
2014	10.772177
2015	10.772177
2016	10.772177
2017	10.772177
2018	10.772177
2019	10.772177
2020	10.772177
2021	10.772177
2022	10.772177
2023	10.772177
2024	10.772177
2025	10.772177
2026	10.772177
2027	10.772177
2028	10.772177
2029	10.772177
2030	10.772177
2031	10.772177
2032	10.772177
2033	10.772177
2034	10.772177
2035	10.772177
2036	10.772177
2037	10.772177
2038	10.772177
2039	10.772177
2040	10.772177
2041	10.772177
2042	10.772177
2043	10.772177
2044	10.772177
2045	10.772177
2046	10.772177
2047	10.772177
2048	10.772177
2049	10.772177
2050	10.772177
2051	10.772177
2052	10.772177
2053	10.772177
2054	10.772177
2055	10.772177
2056	10.772177
2057	10.772177
2058	10.772177
2059	10.772177
2060	10.772177
2061	10.772177
2062	10.772177
2063	10.772177
2064	10.772177
2065	10.772177
2066	10.772177
2067	10.772177
2068	10.772177
2069	10.772177
2070	10.772177
2071	10.772177
2072	10.772177
2073	10.772177
2074	10.772177
2075	10.772177
2076	10.772177
2077	10.772177
2078	10.772177
2079	10.772177
2080	10.772177
2081	10.772177
2082	10.772177
2083	10.772177
2084	10.772177
2085	10.772177
2086	10.772177
2087	10.772177
2088	10.772177
2089	10.772177
2090	10.772177
2091	10.772177
2092	10.772177
2093	10.772177
2094	10.772177
2095	10.772177
2096	10.772177
2097	10.772177
2098	10.772177
2099	10.772177
2100	10.772177
2101	10.772177
2102	10.772177
2103	10.772177
2104	10.772177
2105	10.772177
2106	10.772177
2107	10.772177
2108	10.772177
2109	10.772177
2110	10.772177
2111	10.772177
2112	10.772177
2113	10.772177
2114	10.772177
2115	10.772177
2116	10.772177
2117	10.772177
2118	10.772177
2119	10.772177
2120	10.772177
2121	10.772177
2122	10.772177
2123	10.772177
2124	10.772177
2125	10.772177
2126	10.772177
2127	10.772177
2128	10.772177
2129	10.772177
2130	10.772177
2131	10.772177
2132	10.772177
2133	10.772177
2134	10.772177
2135	10.772177
2136	10.772177
2137	10.772177
2138	10.772177
2139	10.772177
2140	10.772177
2141	10.772177
2142	10.772177
2143	10.772177
2144	10.772177
2145	10.772177
2146	10.772177
2147	10.772177
2148	10.772177
2149	10.772177
2150	10.772177
2151	10.772177
2152	10.772177
2153	10.772177
2154	10.772177
2155	10.772177
2156	10.772177
2157	10.772177
2158	10.772177
2159	10.772177
2160	10.772177
2161	10.772177
2162	10.772177
2163	10.772177
2164	10.772177
2165	10.772177
2166	10.772177
2167	10.772177
2168	10.772177
2169	10.772177
2170	10.772177
2171	10.772177
2172	10.772177
2173	10.772177
2174	10.772177
2175	10.772177
2176	10.772177
2177	10.772177
2178	10.772177
2179	10.772177
2180	10.772177
2181	10.772177
2182	10.772177
2183	10.772177
2184	10.772177
2185	10.772177
2186	10.772177
2187	10.772177
2188	10.772177
2189	10.772177
2190	10.772177
2191	10.772177
2192	10.772177
2193	10.772177
2194	10.772177
2195	10.772177
2196	10.772177
2197	10.772177
2198	10.772177
2199	10.772177
2200	10.772177
2201	10.772177
2202	10.772177
2203	10.772177
2204	10.772177
2205	10.772177
2206	10.772177
2207	10.772177
2208	10.772177
2209	10.772177
2210	10.772177
2211	10.772177
2212	10.772177
2213	10.772177
2214	10.772177
2215	10.772177
2216	10.772177
2217	10.772177
2218	10.772177
2219	10.772177
2220	10.772177
2221	10.772177
2222	10.772177
2223	10.772177
2224	10.772177
2225	10.772177
2226	10.772177
2227	10.772177
2228	10.772177
2229	10.772177
2230	10.772177
2231	10.772177
2232	10.772177
2233	10.772177
2234	10.772177
2235	10.772177
2236	10.772177
2237	10.772177
2238	10.772177
2239	10.772177
2240	10.772177
2241	10.772177
2242	10.772177
2243	10.772177
2244	10.772177
2245	10.772177
2246	10.772177
2247	10.772177
2248	10.772177
2249	10.772177
2250	10.772177
2251	10.772177
2252	10.772177
2253	10.772177
2254	10.772177
2255	10.772177
2256	10.772177
2257	10.772177
2258	10.772177
2259	10.772177
2260	10.772177
2261	10.772177
2262	10.772177
2263	10.772177
2264	10.772177
2265	10.772177
2266	10.772177
2267	10.772177
2268	10.772177
2269	10.772177
2270	10.772177
2271	10.772177
2272	10.772177
2273	10.772177
2274	10.772177
2275	10.772177
2276	10.772177
2277	10.772177
2278	10.772177
2279	10.772177
2280	10.772177
2281	10.772177
2282	10.772177
2283	10.772177
2284	10.772177
2285	10.772177
2286	10.772177
2287	10.772177
2288	10.772177
2289	10.772177
2290	10.772177
2291	10.772177
2292	10.772177
2293	10.772177
2294	10.772177
2295	10.772177
2296	10.772177
2297	10.772177
2298	10.772177
2299	10.772177
2300	10.772177
2301	10.772177
2302	10.772177
2303	10.772177
2304	10.772177
2305	10.772177
2306	10.772177
2307	10.772177
2308	10.772177
2309	10.772177
2310	10.772177
2311	10.772177
2312	10.772177
2313	10.772177
2314	10.772177
2315	10.772177
2316	10.772177
2317	10.772177
2318	10.772177
2319	10.772177
2320	10.772177
2321	10.772177
2322	10.772177
2323	10.772177
2324	10.772177
2325	10.772177
2326	10.772177
2327	10.772177
2328	10.772177
2329	10.772177
2330	10.772177
2331	10.772177
2332	10.772177
2333	10.772177
2334	10.772177
2335	10.772177
2336	10.772177
2337	10.772177
2338	10.772177
2339	10.772177
2340	10.772177
2341	10.772177
2342	10.772177
2343	10.772177
2344	10.772177
2345	10.772177
2346	10.772177
2347	10.772177
2348	10.772177
2349	10.772177
2350	10.772177
2351	10.772177
2352	10.772177
2353	10.772177
2354	10.772177
2355	10.772177
2356	10.772177
2357	10.772177
2358	10.772177
2359	10.772177
2360	10.772177
2361	10.772177
2362	10.772177
2363	10.772177
2364	10.772177
2365	10.772177
2366	10.772177
2367	10.772177
2368	10.772177
2369	10.772177
2370	10.772177
2371	10.772177
2372	10.772177
2373	10.772177
2374	10.772177
2375	10.772177
2376	10.772177
2377	10.772177
2378	10.772177
2379	10.772177
2380	10.772177
2381	10.772177
2382	10.772177
2383	10.772177
2384	10.772177
2385	10.772177
2386	10.772177
2387	10.772177
2388	10.772177
2389	10.772177
2390	10.772177
2391	10.772177
2392	10.772177
2393	10.772177
2394	10.772177
2395	10.772177
2396	10.772177
2397	10.772177
2398	10.772177
2399	10.772177
2400	10.772177
2401	10.772177
2402	10.772177
2403	10.772177
2404	10.772177
2405	10.772177
2406	10.772177
2407	10.772177
2408	10.772177
2409	10.772177
2410	10.772177
2411	10.772177
2412	10.772177
2413	10.772177
2414	10.772177
2415	10.772177
2416	10.772177
2417	10.772177
2418	10.772177
2419	10.772177
2420	10.772177
2421	10.772177
2422	10.772177
2423	10.772177
2424	10.772177
2425	10.772177
2426	10.772177
2427	10.772177
2428	10.772177
2429	10.772177
2430	10.772177
2431	10.772177
2432	10.772177
2433	10.772177
2434	10.772177
2435	10.772177
2436	10.772177
2437	10.772177
2438	10.772177
2439	10.772177
2440	10.772177
2441	10.772177
2442	10.772177
2443	10.772177
2444	10.772177
2445	10.772177
2446	10.772177
2447	10.772177
2448	10.772177
2449	10.772177
2450	10.772177
2451	10.772177
2452	10.772177
2453	10.772177
2454	10.772177
2455	10.772177
2456	10.772177
2457	10.772177
2458	10.772177
2459	10.772177
2460	10.772177
2461	10.772177
2462	10.772177
2463	10.772177
2464	10.772177
2465	10.772177
2466	10.772177
2467	10.772177
2468	10.772177
2469	10.772177
2470	10.772177
2471	10.772177
2472	10.772177
2473	10.772177
2474	10.772177
2475	10.772177
2476	10.772177
2477	10.772177
2478	10.772177
2479	10.772177
2480	10.772177
2481	10.772177
2482	10.772177
2483	10.772177
2484	10.772177
2485	10.772177
2486	10.772177
2487	10.772177
2488	10.772177
2489	10.772177
2490	10.772177
2491	10.772177
2492	10.772177
2493	10.772177
2494	10.772177
2495	10.772177
2496	10.772177
2497	10.772177
2498	10.772177
2499	10.772177
2500	10.772177
2501	10.772177
2502	10.772177
2503	10.772177
2504	10.772177
2505	10.772177
2506	10.772177
2507	10.772177
2508	10.772177
2509	10.772177
2510	10.772177
2511	10.772177
2512	10.772177
2513	10.772177
2514	10.772177
2515	10.772177
2516	10.772177
2517	10.772177
2518	10.772177
2519	10.772177
2520	10.772177
2521	10.772177
2522	10.772177
2523	10.772177
2524	10.772177
2525	10.772177
2526	10.772177
2527	10.772177
2528	10.772177
2529	10.772177
2530	10.772177
2531	10.772177
2532	10.772177
2533	10.772177
2534	10.772177
2535	10.772177
2536	10.772177
2537	10.772177
2538	10.772177
2539	10.772177
2540	10.772177
2541	10.772177
2542	10.772177
2543	10.772177
2544	10.772177
2545	10.772177
2546	10.772177
2547	10.772177
2548	10.772177
2549	10.772177
2550	10.772177
2551	10.772177
2552	10.772177
2553	10.772177
2554	10.772177
2555	10.772177
2556	10.772177
2557	10.772177
2558	10.772177
2559	10.772177
2560	10.772177
2561	10.772177
2562	10.772177
2563	10.772177
2564	10.772177
2565	10.772177
2566	10.772177
2567	10.772177
2568	10.772177
2569	10.772177
2570	10.772177
2571	10.772177
2572	10.772177
2573	10.772177
2574	10.772177
2575	10.772177
2576	10.772177
2577	10.772177
2578	10.772177
2579	10.772177
2580	10.772177
2581	10.772177
2582	10.772177
2583	10.772177
2584	10.772177
2585	10.772177
2586	10.772177
2587	10.772177
2588	10.772177
2589	10.772177
2590	10.772177
2591	10.772177
2592	10.772177
2593	10.772177
2594	10.772177
2595	10.772177
2596	10.772177
2597	10.772177
2598	10.772177
2599	10.772177
2600	10.772177
2601	10.772177
2602	10.772177
2603	10.772177
2604	10.772177
2605	10.772177
2606	10.772177
2607	10.772177
2608	10.772177
2609	10.772177
2610	10.772177
2611	10.772177
2612	10.772177
2613	10.772177
2614	10.772177
2615	10.772177
2616	10.772177
2617	10.772177
2618	10.772177
2619	10.772177
2620	10.772177
2621	10.772177
2622	10.772177
2623	10.772177
2624	10.772177
2625	10.772177
2626	10.772177
2627	10.772177
2628	10.772177
2629	10.772177
2630	10.772177
2631	10.772177
2632	10.772177
2633	10.772177
2634	10.772177
2635	10.772177
2636	10.772177
2637	10.772177
2638	10.772177
2639	10.772177
2640	10.772177
2641	10.772177
2642	10.772177
2643	10.772177
2644	10.772177
2645	10.772177
2646	10.772177
2647	10.772177
2648	10.772177
2649	10.772177
2650	10.772177
2651	10.772177
2652	10.772177
2653	10.772177
2654	10.772177
2655	10.772177
2656	10.772177
2657	10.772177
2658	10.772177
2659	10.772177
2660	10.772177
2661	10.772177
2662	10.772177
2663	10.772177
2664	10.772177
2665	10.772177
2666	10.772177
2667	10.772177
2668	10.772177
2669	10.772177
2670	10.772177
2671	10.772177
2672	10.772177
2673	10.772177
2674	10.772177
2675	10.772177
2676	10.772177
2677	10.772177
2678	10.772177
2679	10.772177
2680	10.772177
2681	10.772177
2682	10.772177
2683	10.772177
2684	10.772177
2685	10.772177
2686	10.772177
2687	10.772177
2688	10.772177
2689	10.772177
2690	10.772177
2691	10.772177
2692	10.772177
2693	10.772177
2694	10.772177
2695	10.772177
2696	10.772177
2697	10.772177
2698	10.772177
2699	10.772177
2700	10.772177
2701	10.772177
2702	10.772177
2703	10.772177
2704	10.772177
2705	10.772177
2706	10.772177
2707	10.772177
2708	10.772177
2709	10.772177
2710	10.772177
2711	10.772177
2712	10.772177
2713	10.772177
2714	10.772177
2715	10.772177
2716	10.772177
2717	10.772177
2718	10.772177
2719	10.772177
2720	10.772177
2721	10.772177
2722	10.772177
2723	10.772177
2724	10.772177
2725	10.772177
2726	10.772177
2727	10.772177
2728	10.772177
2729	10.772177
2730	10.772177
2731	10.772177
2732	10.772177
2733	10.772177
2734	10.772177
2735	10.772177
2736	10.772177
2737	10.772177
2738	10.772177
2739	10.772177
2740	10.772177
2741	10.772177
2742	10.772177
2743	10.772177
2744	10.772177
2745	10.772177
2746	10.772177
2747	10.772177
2748	10.772177
2749	10.772177
2750	10.772177
2751	10.772177
2752	10.772177
2753	10.772177
2754	10.772177
2755	10.772177
2756	10.772177
2757	10.772177
2758	10.772177
2759	10.772177
2760	10.772177
2761	10.772177
2762	10.772177
2763	10.772177
2764	10.772177
2765	10.772177
2766	10.772177
2767	10.772177
2768	10.772177
2769	10.772177
2770	10.772177
2771	10.772177
2772	10.772177
2773	10.772177
2774	10.772177
2775	10.772177
2776	10.772177
2777	10.772177
2778	10.772177
2779	10.772177
2780	10.772177
2781	10.772177
2782	10.772177
2783	10.772177
2784	10.772177
2785	10.772177
2786	10.772177
2787	10.772177
2788	10.772177
2789	10.772177
2790	10.772177
2791	10.772177
2792	10.772177
2793	10.772177
2794	10.772177
2795	10.772177
2796	10.772177
2797	10.772177
2798	10.772177
2799	10.772177
2800	10.772177
2801	10.772177
2802	10.772177
2803	10.772177
2804	10.772177
2805	10.772177
2806	10.772177
2807	10.772177
2808	10.772177
2809	10.772177
2810	10.772177
2811	10.772177
2812	10.772177
2813	10.772177
2814	10.772177
2815	10.772177
2816	10.772177
2817	10.772177
2818	10.772177
2819	10.772177
2820	10.772177
2821	10.772177
2822	10.772177
2823	10.772177
2824	10.772177
2825	10.772177
2826	10.772177
2827	10.772177
2828	10.772177
2829	10.772177
2830	10.772177
2831	10.772177
2832	10.772177
2833	10.772177
2834	10.772177
2835	10.772177
2836	10.772177
2837	10.772177
2838	10.772177
2839	10.772177
2840	10.772177
2841	10.772177
2842	10.772177
2843	10.772177
2844	10.772177
2845	10.772177
2846	10.772177
2847	10.772177
2848	10.772177
2849	10.772177
2850	10.772177
2851	10.772177
2852	10.772177
2853	10.772177
2854	10.772177
2855	10.772177
2856	10.772177
2857	10.772177
2858	10.772177
2859	10.772177
2860	10.772177
2861	10.772177
2862	10.772177
2863	10.772177
2864	10.772177
2865	10.772177
2866	10.772177
2867	10.772177
2868	10.772177
2869	10.772177
2870	10.772177
2871	10.772177
2872	10.772177
2873	10.772177
2874	10.772177
2875	10.772177
2876	10.772177
2877	10.772177
2878	10.772177
2879	10.772177
2880	10.772177
2881	10.772177
2882	10.772177
2883	10.772177
2884	10.772177
2885	10.772177
2886	10.772177
2887	10.772177
2888	10.772177
2889	10.772177
2890	10.772177
2891	10.772177
2892	10.772177
2893	10.772177
2894	10.772177
2895	10.772177
2896	10.772177
2897	10.772177
2898	10.772177
2899	10.772177
2900	10.772177
2901	10.772177
2902	10.772177
2903	10.772177
2904	10.772177
2905	10.772177
2906	10.772177
2907	10.772177
2908	10.772177
2909	10.772177
2910	10.772177
2911	10.772177
2912	10.772177
2913	10.772177
2914	10.772177
2915	10.772177
2916	10.772177
2917	10.772177
2918	10.772177
2919	10.772177
2920	10.772177
2921	10.772177
2922	10.772177
2923	10.772177
2924	10.772177
2925	10.772177
2926	10.772177
2927	10.772177
2928	10.772177
2929	10.772177
2930	10.772177
2931	10.772177
2932	10.772177
2933	10.772177
2934	10.772177
2935	10.772177
2936	10.772177
2937	10.772177
2938	10.772177
2939	10.772177
2940	10.772177
2941	10.772177
2942	10.772177
2943	10.772177
2944	10.772177
2945	10.772177
2946	10.772177
2947	10.772177
2948	10.772177
2949	10.772177
2950	10.772177
2951	10.772177
2952	10.772177
2953	10.772177
2954	10.772177
2955	10.772177
2956	10.772177
2957	10.772177
2958	10.772177
2959	10.772177
2960	10.772177
2961	10.772177
2962	10.772177
2963	10.772177
2964	10.772177
2965	10.772177
2966	10.772177
2967	10.772177
2968	10.772177
2969	10.772177
2970	10.772177
2971	10.772177
2972	10.772177
2973	10.772177
2974	10.772177
2975	10.772177
2976	10.772177
2977	10.772177
2978	10.772177
2979	10.772177
2980	10.772177
2981	10.772177
2982	10.772177
2983	10.772177
2984	10.772177
2985	10.772177
2986	10.772177
2987	10.772177
2988	10.772177
2989	10.772177
2990	10.772177
2991	10.772177
2992	10.772177
2993	10.772177
2994	10.772177
2995	10.772177
2996	10.772177
2997	10.772177
2998	10.772177
2999	10.772177
3000	10.772177
3001	10.772177
3002	10.772177
3003	10.772177
3004	10.772177
3005	10.772177
3006	10.772177
3007	10.772177
3008	10.772177
3009	10.772177
3010	10.772177
3011	10.772177
3012	10.772177
3013	10.772177
3014	10.772177
3015	10.772177
3016	10.772177
3017	10.772177
3018	10.772177
3019	10.772177
3020	10.772177
3021	10.772177
3022	10.772177
3023	10.772177
3024	10.772177
3025	10.772177
3026	10.772177
3027	10.772177
3028	10.772177
3029	10.772177
3030	10.772177
3031	10.772177
3032	10.772177
3033	10.772177
3034	10.772177
3035	10.772177
3036	10.772177
3037	10.772177
3038	10.772177
3039	10.772177
3040	10.772177
3041	10.772177
3042	10.772177
3043	10.772177
3044	10.772177
3045	10.772177
3046	10.772177
3047	10.772177
3048	10.772177
3049	10.772177
3050	10.772177
3051	10.772177
3052	10.772177
3053	10.772177
3054	10.772177
3055	10.772177
3056	10.772177
3057	10.772177
3058	10.772177
3059	10.772177
3060	10.772177
3061	10.772177
3062	10.772177
3063	10.772177
3064	10.772177
3065	10.772177
3066	10.772177
3067	10.772177
3068	10.772177
3069	10.772177
3070	10.772177
3071	10.772177
3072	10.772177
3073	10.772177
3074	10.772177
3075	10.772177
3076	10.772177
3077	10.772177
3078	10.772177
3079	10.772177
3080	10.772177
3081	10.772177
3082	10.772177
3083	10.772177
3084	10.772177
3085	10.772177
3086	10.772177
3087	10.772177
3088	10.772177
3089	10.772177
3090	10.772177
3091	10.772177
3092	10.772177
3093	10.772177
3094	10.772177
3095	10.772177
3096	10.772177
3097	10.772177
3098	10.772177
3099	10.772177
3100	10.772177
3101	10.772177
3102	10.772177
3103	10.772177
3104	10.772177
3105	10.772177
3106	10.772177
3107	10.772177
3108	10.772177
3109	10.772177
3110	10.772177
3111	10.772177
3112	10.772177
3113	10.772177
3114	10.772177
3115	10.772177
3116	10.772177
3117	10.772177
3118	10.772177
3119	10.772177
3120	10.772177
3121	10.772177
3122	10.772177
3123	10.772177
3124	10.772177
3125	10.772177
3126	10.772177
3127	10.772177
3128	10.772177
3129	10.772177
3130	10.772177
3131	10.772177
3132	10.772177
3133	10.772177
3134	10.772177
3135	10.772177
3136	10.772177
3137	10.772177
3138	10.772177
3139	10.772177
3140	10.772177
3141	10.772177
3142	10.772177
3143	10.772177
3144	10.772177
3145	10.772177
3146	10.772177
3147	10.772177
3148	10.772177
3149	10.772177
3150	10.772177
3151	10.772177
3152	10.772177
3153	10.772177
3154	10.772177
3155	10.772177
3156	10.772177
3157	10.772177
3158	10.772177
3159	10.772177
3160	10.772177
3161	10.772177
3162	10.772177
3163	10.772177
3164	10.772177
3165	10.772177
3166	10.772177
3167	10.772177
3168	10.772177
3169	10.772177
3170	10.772177
3171	10.772177
3172	10.772177
3173	10.772177
3174	10.772177
3175	10.772177
3176	10.772177
3177	10.772177
3178	10.772177
3179	10.772177
3180	10.772177
3181	10.772177
3182	10.772177
3183	10.772177
3184	10.772177
3185	10.772177
3186	10.772177
3187	10.772177
3188	10.772177
3189	10.772177
3190	10.772177
3191	10.772177
3192	10.772177
3193	10.772177
3194	10.772177
3195	10.772177
3196	10.772177
3197	10.772177
3198	10.772177
3199	10.772177
3200	10.772177
3201	10.772177
3202	10.772177
3203	10.772177
3204	10.772177
3205	10.772177
3206	10.772177
3207	10.772177
3208	10.772177
3209	10.772177
3210	10.772177
3211	10.772177
3212	10.772177
3213	10.772177
3214	10.772177
3215	10.772177
3216	10.772177
3217	10.772177
3218	10.772177
3219	10.772177
3220	10.772177
3221	10.772177
3222	10.772177
3223	10.772177
3224	10.772177
3225	10.772177
3226	10.772177
3227	10.772177
3228	10.772177
3229	10.772177
3230	10.772177
3231	10.772177
3232	10.772177
3233	10.772177
3234	10.772177
3235	10.772177
3236	10.772177
3237	10.772177
3238	10.772177
3239	10.772177
3240	10.772177
3241	10.772177
3242	10.772177
3243	10.772177
3244	10.772177
3245	10.772177
3246	10.772177
3247	10.772177
3248	10.772177
3249	10.772177
3250	10.772177
3251	10.772177
3252	10.772177
3253	10.772177
3254	10.772177
3255	10.772177
3256	10.772177
3257	10.772177
3258	10.772177
3259	10.772177
3260	10.772177
3261	10.772177
3262	10.772177
3263	10.772177
3264	10.772177
3265	10.772177
3266	10.772177
3267	10.772177
3268	10.772177
3269	10.772177
3270	10.772177
3271	10.772177
3272	10.772177
3273	10.772177
3274	10.772177
3275	10.772177
3276	10.772177
3277	10.772177
3278	10.772177
3279	10.772177
3280	10.772177
3281	10.772177
3282	10.772177
3283	10.772177
3284	10.772177
3285	10.772177
3286	10.772177
3287	10.772177
3288	10.772177
3289	10.772177
3290	10.772177
3291	10.772177
3292	10.772177
3293	10.772177
3294	10.772177
3295	10.772177
3296	10.772177
3297	10.772177
3298	10.772177
3299	10.772177
3300	10.772177
3301	10.772177
3302	10.772177
3303	10.772177
3304	10.772177
3305	10.772177
3306	10.772177
3307	10.772177
3308	10.772177
3309	10.772177
3310	10.772177
3311	10.772177
3312	10.772177
3313	10.772177
3314	10.772177
3315	10.772177
3316	10.772177
3317	10.772177
3318	10.772177
3319	10.772177
3320	10.772177
3321	10.772177
3322	10.772177
3323	10.772177
3324	10.772177
3325	10.772177
3326	10.772177
3327	10.772177
3328	10.772177
3329	10.772177
3330	10.772177
3331	10.772177
3332	10.772177
3333	10.772177
3334	10.772177
3335	10.772177
3336	10.772177
3337	10.772177
3338	10.772177
3339	10.772177
3340	10.772177
3341	10.772177
3342	10.772177
3343	10.772177
3344	10.772177
3345	10.772177
3346	10.772177
3347	10.772177
3348	10.772177
3349	10.772177
3350	10.772177
3351	10.772177
3352	10.772177
3353	10.772177
3354	10.772177
3355	10.772177
3356	10.772177
3357	10.772177
3358	10.772177
3359	10.772177
3360	10.772177
3361	10.772177
3362	10.772177
3363	10.772177
3364	10.772177
3365	10.772177
3366	10.772177
3367	10.772177
3368	10.772177
3369	10.772177
3370	10.772177
3371	10.772177
3372	10.772177
3373	10.772177
3374	10.772177
3375	10.772177
3376	10.772177
3377	10.772177
3378	10.772177
3379	10.772177
3380	10.772177
3381	10.772177
3382	10.772177
3383	10.772177
3384	10.772177
3385	10.772177
3386	10.772177
3387	10.772177
3388	10.772177
3389	10.772177
3390	10.772177
3391	10.772177
3392	10.772177
3393	10.772177
3394	10.772177
3395	10.772177
3396	10.772177
3397	10.772177
3398	10.772177
3399	10.772177
3400	10.772177
3401	10.772177
3402	10.772177
3403	10.772177
3404	10.772177
3405	10.772177
3406	10.772177
3407	10.772177
3408	10.772177
3409	10.772177
3410	10.772177
3411	10.772177
3412	10.772177
3413	10.772177
3414	10.772177
3415	10.772177
3416	10.772177
3417	10.772177
3418	10.772177
3419	10.772177
3420	10.772177
3421	10.772177
3422	10.772177
3423	10.772177
3424	10.772177
3425	10.772177
3426	10.772177
3427	10.772177
3428	10.772177
3429	10.772177
3430	10.772177
3431	10.772177
3432	10.772177
3433	10.772177
3434	10.772177
3435	10.772177
3436	10.772177
3437	10.772177
3438	10.772177
3439	10.772177
3440	10.772177
3441	10.772177
3442	10.772177
3443	10.772177
3444	10.772177
3445	10.772177
3446	10.772177
3447	10.772177
3448	10.772177
3449	10.772177
3450	10.772177
3451	10.772177
3452	10.772177
3453	10.772177
3454	10.772177
3455	10.772177
3456	10.772177
3457	10.772177
3458	10.772177
3459	10.772177
3460	10.772177
3461	10.772177
3462	10.772177
3463	10.772177
3464	10.772177
3465	10.772177
3466	10.772177
3467	10.772177
3468	10.772177
3469	10.772177
3470	10.772177
3471	10.772177
3472	10.772177
3473	10.772177
3474	10.772177
3475	10.772177
3476	10.772177
3477	10.772177
3478	10.772177
3479	10.772177
3480	10.772177
3481	10.772177
3482	10.772177
3483	10.772177
3484	10.772177
3485	10.772177
3486	10.772177
3487	10.772177
3488	10.772177
3489	10.772177
3490	10.772177
3491	10.772177
3492	10.772177
3493	10.772177
3494	10.772177
3495	10.772177
3496	10.772177
3497	10.772177
3498	10.772177
3499	10.772177
3500	10.772177
3501	10.772177
3502	10.772177
3503	10.772177
3504	10.772177
3505	10.772177
3506	10.772177
3507	10.772177
3508	10.772177
3509	10.772177
3510	10.772177
3511	10.772177
3512	10.772177
3513	10.772177
3514	10.772177
3515	10.772177
3516	10.772177
3517	10.772177
3518	10.772177
3519	10.772177
3520	10.772177
3521	10.772177
3522	10.772177
3523	10.772177
3524	10.772177
3525	10.772177
3526	10.772177
3527	10.772177
3528	10.772177
3529	10.772177
3530	10.772177
3531	10.772177
3532	10.772177
3533	10.772177
3534	10.772177
3535	10.772177
3536	10.772177
3537	10.772177
3538	10.772177
3539	10.772177
3540	10.772177
3541	10.772177
3542	10.772177
3543	10.772177
3544	10.772177
3545	10.772177
3546	10.772177
3547	10.772177
3548	10.772177
3549	10.772177
3550	10.772177
3551	10.772177
3552	10.772177
3553	10.772177
3554	10.772177
3555	10.772177
3556	10.772177
3557	10.772177
3558	10.772177
3559	10.772177
3560	10.772177
3561	10.772177
3562	10.772177
3563	10.772177
3564	10.772177
3565	10.772177
3566	10.772177
3567	10.772177
3568	10.772177
3569	10.772177
3570	10.772177
3571	10.772177
3572	10.772177
3573	10.772177
3574	10.772177
3575	10.772177
3576	10.772177
3577	10.772177
3578	10.772177
3579	10.772177
3580	10.772177
3581	10.772177
3582	10.772177
3583	10.772177
3584	10.772177
3585	10.772177
3586	10.772177
3587	10.772177
3588	10.772177
3589	10.772177
3590	10.772177
3591	10.772177
3592	10.772177
3593	10.772177
3594	10.772177
3595	10.772177
3596	10.772177
3597	10.772177
3598	10.772177
3599	10.772177
3600	10.772177
3601	10.772177
3602	10.772177
3603	10.772177
3604	10.772177
3605	10.772177
3606	10.772177
3607	10.772177
3608	10.772177
3609	10.772177
3610	10.772177
3611	10.772177
3612	10.772177
3613	10.772177
3614	10.772177
3615	10.772177
3616	10.772177
3617	10.772177
3618	10.772177
3619	10.772177
3620	10.772177
3621	10.772177
3622	10.772177
3623	10.772177
3624	10.772177
3625	10.772177
3626	10.772177
3627	10.772177
3628	10.772177
3629	10.772177
3630	10.772177
3631	10.772177
3632	10.772177
3633	10.772177
3634	10.772177
3635	10.772177
3636	10.772177
3637	10.772177
3638	10.772177
3639	10.772177
3640	10.772177
3641	10.772177
3642	10.772177
3643	10.772177
3644	10.772177
3645	10.772177
3646	10.772177
3647	10.772177
3648	10.772177
3649	10.772177
3650	10.772177
3651	10.772177
3652	10.772177
3653	10.772177
3654	10.772177
3655	10.772177
3656	10.772177
3657	10.772177
3658	10.772177
3659	10.772177
3660	10.772177
3661	10.772177
3662	10.772177
3663	10.772177
3664	10.772177
3665	10.772177
3666	10.772177
3667	10.772177
3668	10.772177
3669	10.772177
3670	10.772177
3671	10.772177
3672	10.772177
3673	10.772177
3674	10.772177
3675	10.772177
3676	10.772177
3677	10.772177
3678	10.772177
3679	10.772177
3680	10.772177
3681	10.772177
3682	10.772177
3683	10.772177
3684	10.772177
3685	10.772177
3686	10.772177
3687	10.772177
3688	10.772177
3689	10.772177
3690	10.772177
3691	10.772177
3692	10.772177
3693	10.772177
3694	10.772177
3695	10.772177
3696	10.772177
3697	10.772177
3698	10.772177
3699	10.772177
3700	10.772177
3701	10.772177
3702	10.772177
3703	10.772177
3704	10.772177
3705	10.772177
3706	10.772177
3707	10.772177
3708	10.772177
3709	10.772177
3710	10.772177
3711	10.772177
3712	10.772177
3713	10.772177
3714	10.772177
3715	10.772177
3716	10.772177
3717	10.772177
3718	10.772177
3719	10.772177
3720	10.772177
3721	10.772177
3722	10.772177
3723	10.772177
3724	10.772177
3725	10.772177
3726	10.772177
3727	10.772177
3728	10.772177
3729	10.772177
3730	10.772177
3731	10.772177
3732	10.772177
3733	10.772177
3734	10.772177
3735	10.772177
3736	10.772177
3737	10.772177
3738	10.772177
3739	10.772177
3740	10.772177
3741	10.772177
3742	10.772177
3743	10.772177
3744	10.772177
3745	10.772177
3746	10.772177
3747	10.772177
3748	10.772177
3749	10.772177
3750	10.772177
3751	10.772177
3752	10.772177
3753	10.772177
3754	10.772177
3755	10.772177
3756	10.772177
3757	10.772177
3758	10.772177
3759	10.772177
3760	10.772177
3761	10.772177
3762	10.772177
3763	10.772177
3764	10.772177
3765	10.772177
3766	10.772177
3767	10.772177
3768	10.772177
3769	10.772177
3770	10.772177
3771	10.772177
3772	10.772177
3773	10.772177
3774	10.772177
3775	10.772177
3776	10.772177
3777	10.772177
3778	10.772177
3779	10.772177
3780	10.772177
3781	10.772177
3782	10.772177
3783	10.772177
3784	10.772177
3785	10.772177
3786	10.772177
3787	10.772177
3788	10.772177
3789	10.772177
3790	10.772177
3791	10.772177
3792	10.772177
3793	10.772177
3794	10.772177
3795	10.772177
3796	10.772177
3797	10.772177
3798	10.772177
3799	10.772177
3800	10.772177
3801	10.772177
3802	10.772177
3803	10.772177
3804	10.772177
3805	10.772177
3806	10.772177
3807	10.772177
3808	10.772177
3809	10.772177
3810	10.772177
3811	10.772177
3812	10.772177
3813	10.772177
3814	10.772177
3815	10.772177
3816	10.772177
3817	10.772177
3818	10.772177
3819	10.772177
3820	10.772177
3821	10.772177
3822	10.772177
3823	10.772177
3824	10.772177
3825	10.772177
3826	10.772177
3827	10.772177
3828	10.772177
3829	10.772177
3830	10.772177
3831	10.772177
3832	10.772177
3833	10.772177
3834	10.772177
3835	10.772177
3836	10.772177
3837	10.772177
3838	10.772177
3839	10.772177
3840	10.772177
3841	10.772177
3842	10.772177
3843	10.772177
3844	10.772177
3845	10.772177
3846	10.772177
3847	10.772177
3848	10.772177
3849	10.772177
3850	10.772177
3851	10.772177
3852	10.772177
3853	10.772177
3854	10.772177
3855	10.772177
3856	10.772177
3857	10.772177
3858	10.772177
3859	10.772177
3860	10.772177
3861	10.772177
3862	10.772177
3863	10.772177
3864	10.772177
3865	10.772177
3866	10.772177
3867	10.772177
3868	10.772177
3869	10.772177
3870	10.772177
3871	10.772177
3872	10.772177
3873	10.772177
3874	10.772177
3875	10.772177
3876	10.772177
3877	10.772177
3878	10.772177
3879	10.772177
3880	10.772177
3881	10.772177
3882	10.772177
3883	10.772177
3884	10.772177
3885	10.772177
3886	10.772177
3887	10.772177
3888	10.772177
3889	10.772177
3890	10.772177
3891	10.772177
3892	10.772177
3893	10.772177
3894	10.772177
3895	10.772177
3896	10.772177
3897	10.772177
3898	10.772177
3899	10.772177
3900	10.772177
3901	10.772177
3902	10.772177
3903	10.772177
3904	10.772177
3905	10.772177
3906	10.772177
3907	10.772177
3908	10.772177
3909	10.772177
3910	10.772177
3911	10.772177
3912	10.772177
3913	10.772177
3914	10.772177
3915	10.772177
3916	10.772177
3917	10.772177
3918	10.772177
3919	10.772177
3920	10.772177
3921	10.772177
3922	10.772177
3923	10.772177
3924	10.772177
3925	10.772177
3926	10.772177
3927	10.772177
3928	10.772177
3929	10.772177
3930	10.772177
3931	10.772177
3932	10.772177
3933	10.772177
3934	10.772177
3935	10.772177
3936	10.772177
3937	10.772177
3938	10.772177
3939	10.772177
3940	10.772177
3941	10.772177
3942	10.772177
3943	10.772177
3944	10.772177
3945	10.772177
3946	10.772177
3947	10.772177
3948	10.772177
3949	10.772177
3950	10.772177
3951	10.772177
3952	10.772177
3953	10.772177
3954	10.772177
3955	10.772177
3956	10.772177
3957	10.772177
3958	10.772177
3959	10.772177
3960	10.772177
3961	10.772177
3962	10.772177
3963	10.772177
3964	10.772177
3965	10.772177
3966	10.772177
3967	10.772177
3968	10.772177
3969	10.772177
3970	10.772177
3971	10.772177
3972	10.772177
3973	10.772177
3974	10.772177
3975	10.772177
3976	10.772177
3977	10.772177
3978	10.772177
3979	10.772177
3980	10.772177
3981	10.772177
3982	10.772177
3983	10.772177
3984	10.772177
3985	10.772177
3986	10.772177
3987	10.772177
3988	10.772177
3989	10.772177
3990	10.772177
3991	10.772177
3992	10.772177
3993	10.772177
3994	10.772177
3995	10.772177
3996	10.772177
3997	10.772177
3998	10.772177
3999	10.772177
4000	10.772177
4001	10.772177
4002	10.772177
4003	10.772177
4004	10.772177
4005	10.772177
4006	10.772177
4007	10.772177
4008	10.772177
4009	10.772177
4010	10.772177
4011	10.772177
4012	10.772177
4013	10.772177
4014	10.772177
4015	10.772177
4016	10.772177
4017	10.772177
4018	10.772177
4019	10.772177
4020	10.772177
4021	10.772177
4022	10.772177
4023	10.772177
4024	10.772177
4025	10.772177
4026	10.772177
4027	10.772177
4028	10.772177
4029	10.772177
4030	10.772177
4031	10.772177
4032	10.772177
4033	10.772177
4034	10.772177
4035	10.772177
4036	10.772177
4037	10.772177
4038	10.772177
4039	10.772177
4040	10.772177
4041	10.772177
4042	10.772177
4043	10.772177
4044	10.772177
4045	10.772177
4046	10.772177
4047	10.772177
4048	10.772177
4049	10.772177
4050	10.772177
4051	10.772177
4052	10.772177
4053	10.772177
4054	10.772177
4055	10.772177
4056	10.772177
4057	10.772177
4058	10.772177
4059	10.772177
4060	10.772177
4061	10.772177
4062	10.772177
