1	7.396012
2	7.399042
3	7.433303
4	7.419765
5	7.455539
6	7.465549
7	7.424391
8	7.441161
9	7.441664
10	7.441664
11	7.447376
12	7.507024
13	7.51858
14	7.567453
15	7.572103
16	7.605397
17	7.936489
18	8.067399
19	8.024155
20	7.826025
21	7.685439
22	7.734297
23	7.734297
24	7.856102
25	7.776748
26	7.777158
27	7.843635
28	7.825879
29	7.836109
30	7.606477
31	7.611381
32	7.794777
33	7.757229
34	7.766359
35	7.777303
36	7.779664
37	7.779664
38	7.779664
39	7.873939
40	8.005114
41	8.025238
42	8.025238
43	7.796654
44	7.793104
45	7.632033
46	7.633323
47	7.634477
48	7.576837
49	7.576837
50	7.780387
51	7.802618
52	7.805184
53	7.82133
54	7.82133
55	7.856722
56	7.866361
57	7.846453
58	7.862722
59	7.891882
60	7.902517
61	7.904301
62	7.817226
63	7.892862
64	8.022914
65	8.022914
66	8.066679
67	8.071627
68	8.074768
69	8.374653
70	8.374653
71	8.391645
72	8.391645
73	8.391645
74	8.511725
75	8.512472
76	8.524559
77	8.534198
78	8.521106
79	8.521106
80	8.540317
81	8.548477
82	8.553093
83	8.633313
84	8.547126
85	8.547768
86	8.574408
87	8.574408
88	8.582262
89	8.536102
90	8.511069
91	8.511069
92	8.515752
93	8.515752
94	8.434933
95	8.421454
96	8.421454
97	8.489442
98	8.489442
99	8.489442
100	8.490297
101	8.490297
102	8.422309
103	8.422309
104	8.422309
105	8.421184
106	8.447063
107	8.447063
108	8.447063
109	8.471747
110	8.486419
111	8.474332
112	8.499316
113	8.504564
114	8.506701
115	8.506701
116	8.519217
117	8.409032
118	8.400032
119	8.402276
120	8.314725
121	8.325903
122	8.399615
123	8.399615
124	8.399615
125	8.311126
126	8.311126
127	8.311126
128	8.311126
129	8.311126
130	8.294967
131	8.295395
132	8.318625
133	8.318625
134	8.318625
135	8.378862
136	8.378862
137	8.401017
138	8.401017
139	8.385851
140	8.389724
141	8.419189
142	8.445865
143	8.445865
144	8.446877
145	8.446877
146	8.446877
147	8.446877
148	8.446877
149	8.663401
150	8.764176
151	9.098291
152	9.098291
153	9.098291
154	9.098291
155	9.098291
156	9.098291
157	9.156086
158	9.254788
159	9.254788
160	9.272267
161	9.321343
162	9.321343
163	9.321343
164	9.389611
165	9.455131
166	9.451597
167	9.339207
168	9.290131
169	9.290131
170	9.155487
171	9.317667
172	9.317667
173	9.446051
174	9.446051
175	9.446051
176	9.446051
177	9.450667
178	9.450667
179	9.463855
180	9.530825
181	9.481179
182	9.481179
183	9.481179
184	9.544997
185	9.619619
186	9.622103
187	9.634231
188	9.651187
189	9.651187
190	9.651187
191	9.651187
192	9.651187
193	9.651187
194	9.655377
195	9.687201
196	9.687201
197	9.687201
198	9.687201
199	9.687201
200	9.679347
201	9.675157
202	9.697783
203	9.697783
204	9.697783
205	9.489841
206	9.489841
207	9.489841
208	9.489841
209	9.508021
210	9.508021
211	9.508021
212	9.477877
213	9.477877
214	9.59384
215	9.610565
216	9.610565
217	9.610565
218	9.610565
219	9.613122
220	9.308363
221	9.483477
222	9.484602
223	9.484602
224	9.484602
225	9.552378
226	9.551253
227	9.551253
228	9.51057
229	9.621501
230	9.57877
231	9.57877
232	9.57877
233	9.57877
234	9.633606
235	9.609791
236	9.609791
237	9.596033
238	9.689364
239	9.704232
240	9.707376
241	9.635466
242	9.825585
243	9.825585
244	9.866657
245	9.87402
246	9.859692
247	9.837066
248	9.837066
249	9.837066
250	9.859692
251	9.942598
252	9.851865
253	9.851865
254	9.851865
255	9.792299
256	9.792299
257	9.792299
258	9.801803
259	9.801803
260	9.823179
261	9.823179
262	9.823179
263	9.823179
264	9.823179
265	9.527038
266	9.389016
267	9.438523
268	9.438523
269	9.417927
270	9.423295
271	9.423295
272	9.646966
273	9.667752
274	9.667752
275	9.704585
276	9.704585
277	9.704585
278	9.704585
279	9.704585
280	9.692844
281	9.692844
282	9.703192
283	9.703192
284	9.703192
285	9.692844
286	9.692844
287	9.692844
288	9.712775
289	9.741085
290	9.741085
291	9.815029
292	9.719096
293	9.719096
294	9.719096
295	9.690786
296	9.690786
297	9.620141
298	9.513857
299	9.620141
300	9.620141
301	9.620141
302	9.620141
303	9.620141
304	9.513548
305	9.513548
306	9.172673
307	9.351176
308	9.399932
309	9.740807
310	9.740807
311	9.769117
312	9.779465
313	9.79899
314	9.79899
315	9.77068
316	9.77068
317	9.749894
318	9.749894
319	9.778204
320	9.778204
321	9.749894
322	9.749894
323	9.749894
324	9.749894
325	9.782909
326	9.782909
327	9.782909
328	9.782909
329	9.782909
330	10.011115
331	10.011115
332	10.011115
333	10.011115
334	10.011115
335	10.011115
336	10.011115
337	9.968749
338	9.989535
339	10.00125
340	10.093639
341	10.093639
342	10.088063
343	10.031949
344	9.588473
345	9.588473
346	9.765886
347	9.7451
348	9.7451
349	9.765886
350	9.695596
351	9.575599
352	9.575599
353	9.554813
354	9.619477
355	9.619477
356	9.619477
357	9.619477
358	9.685862
359	9.706648
360	9.706648
361	9.543076
362	9.543076
363	9.543076
364	9.762567
365	9.697892
366	9.697892
367	9.677106
368	9.590666
369	9.611452
370	9.667566
371	9.667566
372	9.667566
373	9.667566
374	9.667566
375	9.667566
376	9.667566
377	9.667566
378	9.723783
379	9.723783
380	9.664465
381	9.827588
382	9.827588
383	9.827588
384	9.82922
385	9.82922
386	9.82922
387	9.82922
388	9.82922
389	9.82922
390	9.82922
391	9.82922
392	9.82922
393	9.82922
394	9.82922
395	9.82922
396	9.82922
397	9.82922
398	9.808434
399	9.808434
400	9.888795
401	9.888795
402	9.888795
403	9.888795
404	9.888795
405	9.888795
406	9.888795
407	9.888795
408	9.888795
409	9.753405
410	9.753405
411	9.753405
412	9.753405
413	9.753405
414	9.753405
415	9.753405
416	9.753405
417	9.753405
418	9.753405
419	9.597128
420	9.631555
421	9.631555
422	9.631555
423	9.631555
424	9.647467
425	9.647467
426	9.729055
427	9.729055
428	9.729055
429	9.995129
430	9.995129
431	9.995129
432	9.995129
433	9.995129
434	9.995129
435	9.995129
436	9.995129
437	9.995129
438	9.995129
439	9.995129
440	9.986174
441	9.986174
442	9.986174
443	9.96886
444	9.952948
445	9.952948
446	9.952948
447	9.952948
448	9.952948
449	9.952948
450	9.952948
451	9.952948
452	9.952948
453	9.989736
454	9.989736
455	9.989736
456	9.989736
457	9.989736
458	9.989736
459	9.989736
460	9.989736
461	9.989736
462	9.989736
463	9.989736
464	9.964264
465	9.964264
466	9.964264
467	9.964264
468	9.964264
469	10.078435
470	10.078435
471	10.078435
472	10.078435
473	10.078435
474	10.041647
475	10.078435
476	10.078435
477	10.078435
478	10.078435
479	10.078435
480	10.041647
481	10.041647
482	10.041647
483	10.041647
484	10.041647
485	10.041647
486	10.041647
487	10.041647
488	10.041647
489	10.067119
490	10.020354
491	10.020354
492	10.020354
493	10.020354
494	10.057142
495	10.03167
496	10.07791
497	10.07791
498	10.021991
499	10.021991
500	10.202086
501	10.202086
502	10.177262
503	10.177262
504	10.177262
505	10.177262
506	10.177262
507	10.177262
508	10.177262
509	10.177262
510	10.189548
511	10.189548
512	10.15276
513	10.15276
514	10.15276
515	10.15276
516	10.142297
517	10.142297
518	10.142297
519	10.142297
520	10.142297
521	10.142297
522	10.142297
523	10.096543
524	10.133331
525	10.068821
526	10.068821
527	10.068821
528	10.107799
529	10.107799
530	10.107799
531	10.092046
532	10.092046
533	10.057223
534	10.057223
535	10.057223
536	9.970241
537	10.046243
538	10.046243
539	10.046243
540	10.046243
541	10.046243
542	10.129403
543	10.099951
544	10.082649
545	10.095549
546	10.095549
547	10.095549
548	10.095549
549	10.095549
550	10.095549
551	10.095549
552	10.054356
553	10.054356
554	10.054356
555	10.054356
556	10.119031
557	10.119031
558	10.119031
559	10.119031
560	10.119031
561	10.119031
562	10.119031
563	10.119031
564	10.119031
565	10.119031
566	10.115021
567	10.115021
568	10.115021
569	10.115021
570	10.115021
571	10.249943
572	10.249943
573	10.249943
574	10.265696
575	10.265696
576	10.265696
577	10.265696
578	10.265696
579	10.265696
580	10.265696
581	10.265696
582	10.265696
583	10.265696
584	10.265696
585	10.265696
586	10.265696
587	10.265696
588	10.265696
589	10.265696
590	10.265696
591	10.265696
592	10.265696
593	10.291437
594	10.291437
595	10.291437
596	10.29482
597	10.29482
598	10.29482
599	10.29482
600	10.29482
601	10.298274
602	10.298274
603	10.298274
604	10.298274
605	10.298274
606	10.298274
607	10.298274
608	10.298274
609	10.298274
610	10.298274
611	10.298274
612	10.298274
613	10.225983
614	10.225983
615	10.219814
616	10.22912
617	10.22912
618	10.22912
619	10.338769
620	10.338769
621	10.338769
622	10.338769
623	10.338769
624	10.344909
625	10.344909
626	10.396381
627	10.396381
628	10.396381
629	10.396381
630	10.396381
631	10.396381
632	10.396381
633	10.396381
634	10.396381
635	10.396381
636	10.396381
637	10.396381
638	10.396381
639	10.420987
640	10.420987
641	10.420987
642	10.420987
643	10.420987
644	10.420987
645	10.420987
646	10.420987
647	10.420987
648	10.420987
649	10.420987
650	10.420987
651	10.420987
652	10.420987
653	10.420987
654	10.420987
655	10.420987
656	10.420987
657	10.420987
658	10.420987
659	10.420987
660	10.420987
661	10.420987
662	10.420987
663	10.420987
664	10.420987
665	10.352929
666	10.352929
667	10.352929
668	10.352929
669	10.335113
670	10.335113
671	10.335113
672	10.335113
673	10.291639
674	10.291639
675	10.291639
676	10.309455
677	10.309455
678	10.335173
679	10.335173
680	10.335173
681	10.335173
682	10.335173
683	10.335173
684	10.335173
685	10.335173
686	10.335173
687	10.335173
688	10.335173
689	10.335173
690	10.335173
691	10.335173
692	10.335173
693	10.335173
694	10.335173
695	10.335173
696	10.335173
697	10.335173
698	10.335173
699	10.335173
700	10.335173
701	10.335173
702	10.335173
703	10.335173
704	10.335173
705	10.336055
706	10.336055
707	10.341833
708	10.341833
709	10.341833
710	10.341833
711	10.341833
712	10.341833
713	10.341833
714	10.341833
715	10.341833
716	10.341833
717	10.341833
718	10.341833
719	10.341833
720	10.341833
721	10.348025
722	10.348025
723	10.348025
724	10.348025
725	10.348025
726	10.382848
727	10.382848
728	10.382848
729	10.382848
730	10.382848
731	10.382848
732	10.382848
733	10.49141
734	10.486008
735	10.486008
736	10.486008
737	10.486008
738	10.486008
739	10.486008
740	10.486008
741	10.486008
742	10.486008
743	10.486008
744	10.486008
745	10.486008
746	10.486008
747	10.486008
748	10.486008
749	10.486008
750	10.486008
751	10.486008
752	10.486008
753	10.486008
754	10.486008
755	10.486008
756	10.486008
757	10.486008
758	10.486008
759	10.486008
760	10.486008
761	10.486008
762	10.486008
763	10.486008
764	10.486008
765	10.486008
766	10.486008
767	10.486008
768	10.486008
769	10.486008
770	10.486008
771	10.486008
772	10.486008
773	10.470255
774	10.470255
775	10.470255
776	10.470255
777	10.470255
778	10.470255
779	10.470255
780	10.470255
781	10.470255
782	10.470255
783	10.470255
784	10.470255
785	10.470255
786	10.470255
787	10.470255
788	10.470255
789	10.470255
790	10.470255
791	10.470255
792	10.470255
793	10.470255
794	10.470255
795	10.538313
796	10.538313
797	10.52896
798	10.52896
799	10.52896
800	10.52896
801	10.52896
802	10.52896
803	10.52896
804	10.52896
805	10.52896
806	10.52896
807	10.521291
808	10.521291
809	10.521291
810	10.521291
811	10.403682
812	10.403682
813	10.403682
814	10.403682
815	10.403682
816	10.404876
817	10.404876
818	10.404876
819	10.439692
820	10.452325
821	10.456941
822	10.456941
823	10.456941
824	10.456941
825	10.35826
826	10.35826
827	10.363662
828	10.363662
829	10.363662
830	10.363662
831	10.363662
832	10.363662
833	10.363662
834	10.414171
835	10.414171
836	10.414171
837	10.419556
838	10.419556
839	10.419556
840	10.419556
841	10.419556
842	10.419556
843	10.421347
844	10.421347
845	10.421347
846	10.421347
847	10.421347
848	10.421347
849	10.421347
850	10.421347
851	10.421347
852	10.421347
853	10.421347
854	10.44001
855	10.44001
856	10.44001
857	10.44001
858	10.44001
859	10.44001
860	10.44001
861	10.444833
862	10.444833
863	10.444833
864	10.444833
865	10.444833
866	10.444833
867	10.444833
868	10.477071
869	10.477071
870	10.477071
871	10.477071
872	10.477071
873	10.477071
874	10.511077
875	10.511077
876	10.511077
877	10.511077
878	10.511077
879	10.478839
880	10.478839
881	10.478839
882	10.492769
883	10.492769
884	10.492769
885	10.508522
886	10.508522
887	10.508522
888	10.508522
889	10.508522
890	10.508522
891	10.508522
892	10.508522
893	10.508522
894	10.508522
895	10.50312
896	10.50312
897	10.50312
898	10.50312
899	10.50312
900	10.50312
901	10.50312
902	10.50312
903	10.50312
904	10.50312
905	10.498297
906	10.498297
907	10.425861
908	10.425861
909	10.425861
910	10.497537
911	10.497537
912	10.497537
913	10.497537
914	10.497537
915	10.501119
916	10.501119
917	10.501119
918	10.501119
919	10.501119
920	10.501119
921	10.501119
922	10.517259
923	10.517259
924	10.517259
925	10.492386
926	10.492386
927	10.476246
928	10.476246
929	10.476246
930	10.48285
931	10.48285
932	10.48285
933	10.48285
934	10.481656
935	10.481656
936	10.481656
937	10.481656
938	10.481656
939	10.481656
940	10.481656
941	10.481656
942	10.481656
943	10.481656
944	10.481656
945	10.481656
946	10.481656
947	10.481656
948	10.484405
949	10.484405
950	10.484405
951	10.484405
952	10.484405
953	10.484405
954	10.484405
955	10.484405
956	10.484405
957	10.484405
958	10.484405
959	10.484405
960	10.484405
961	10.484405
962	10.484405
963	10.484405
964	10.484405
965	10.484405
966	10.499105
967	10.499105
968	10.499105
969	10.499105
970	10.499105
971	10.499105
972	10.520995
973	10.520995
974	10.520995
975	10.520995
976	10.520995
977	10.520995
978	10.520995
979	10.520995
980	10.520995
981	10.520995
982	10.520995
983	10.520995
984	10.520995
985	10.520995
986	10.520995
987	10.520995
988	10.520995
989	10.520995
990	10.520995
991	10.520995
992	10.520995
993	10.520995
994	10.520995
995	10.520995
996	10.520995
997	10.558584
998	10.558584
999	10.555835
1000	10.555835
1001	10.555835
1002	10.557029
1003	10.557029
1004	10.557029
1005	10.557029
1006	10.557029
1007	10.557029
1008	10.557029
1009	10.651753
1010	10.651753
1011	10.651753
1012	10.651753
1013	10.651753
1014	10.651753
1015	10.651753
1016	10.651753
1017	10.651753
1018	10.651753
1019	10.651753
1020	10.651753
1021	10.651753
1022	10.651753
1023	10.651753
1024	10.651753
1025	10.651753
1026	10.651753
1027	10.651753
1028	10.647574
1029	10.647574
1030	10.647574
1031	10.647574
1032	10.647574
1033	10.647574
1034	10.647574
1035	10.647574
1036	10.647574
1037	10.647574
1038	10.647574
1039	10.647574
1040	10.647574
1041	10.647574
1042	10.647574
1043	10.647574
1044	10.647574
1045	10.647574
1046	10.647574
1047	10.647574
1048	10.653784
1049	10.653784
1050	10.653784
1051	10.653784
1052	10.653784
1053	10.653784
1054	10.653784
1055	10.653784
1056	10.741145
1057	10.741145
1058	10.741145
1059	10.741145
1060	10.741145
1061	10.741145
1062	10.741145
1063	10.741145
1064	10.741145
1065	10.750299
1066	10.750299
1067	10.750299
1068	10.750299
1069	10.750299
1070	10.750299
1071	10.750299
1072	10.750299
1073	10.750299
1074	10.750299
1075	10.750299
1076	10.750299
1077	10.750299
1078	10.743695
1079	10.743695
1080	10.743695
1081	10.743695
1082	10.743695
1083	10.743695
1084	10.743695
1085	10.743695
1086	10.743695
1087	10.765784
1088	10.762401
1089	10.762401
1090	10.762401
1091	10.762401
1092	10.762401
1093	10.762401
1094	10.762401
1095	10.762401
1096	10.762401
1097	10.762401
1098	10.762401
1099	10.762401
1100	10.762401
1101	10.762401
1102	10.762401
1103	10.762401
1104	10.762401
1105	10.762401
1106	10.753247
1107	10.753247
1108	10.753247
1109	10.753247
1110	10.753247
1111	10.753247
1112	10.753247
1113	10.753247
1114	10.753247
1115	10.753247
1116	10.753247
1117	10.753247
1118	10.753247
1119	10.753247
1120	10.753247
1121	10.753247
1122	10.753247
1123	10.753247
1124	10.753247
1125	10.753247
1126	10.753247
1127	10.753247
1128	10.753247
1129	10.753247
1130	10.753247
1131	10.753247
1132	10.753247
1133	10.753247
1134	10.753247
1135	10.753247
1136	10.753247
1137	10.753247
1138	10.753247
1139	10.753247
1140	10.753247
1141	10.753247
1142	10.753247
1143	10.782689
1144	10.782689
1145	10.782689
1146	10.782689
1147	10.782689
1148	10.782689
1149	10.782689
1150	10.782689
1151	10.786868
1152	10.786868
1153	10.786868
1154	10.786868
1155	10.786868
1156	10.786868
1157	10.786868
1158	10.786868
1159	10.786868
1160	10.786868
1161	10.786868
1162	10.786868
1163	10.786868
1164	10.786868
1165	10.786868
1166	10.786868
1167	10.786868
1168	10.786868
1169	10.786868
1170	10.786868
1171	10.786868
1172	10.786868
1173	10.786868
1174	10.786868
1175	10.786868
1176	10.786868
1177	10.786868
1178	10.786868
1179	10.786868
1180	10.786868
1181	10.786868
1182	10.786868
1183	10.786868
1184	10.851543
1185	10.851543
1186	10.851543
1187	10.851543
1188	10.851543
1189	10.851543
1190	10.851543
1191	10.851543
1192	10.851543
1193	10.851543
1194	10.851543
1195	10.851543
1196	10.851543
1197	10.851543
1198	10.851543
1199	10.851543
1200	10.865473
1201	10.865473
1202	10.865473
1203	10.865473
1204	10.865473
1205	10.865473
1206	10.865473
1207	10.865473
1208	10.865473
1209	10.865473
1210	10.865473
1211	10.887363
1212	10.887363
1213	10.887363
1214	10.887363
1215	10.887363
1216	10.887363
1217	10.887363
1218	10.887363
1219	10.887363
1220	10.887363
1221	10.887363
1222	10.887363
1223	10.887363
1224	10.887363
1225	10.887363
1226	10.887363
1227	10.887363
1228	10.887363
1229	10.887363
1230	10.887363
1231	10.887363
1232	10.887363
1233	10.887363
1234	10.887363
1235	10.887363
1236	10.887363
1237	10.887363
1238	10.887363
1239	10.887363
1240	10.887363
1241	10.887363
1242	10.887363
1243	10.887363
1244	10.887363
1245	10.887363
1246	10.887363
1247	10.887363
1248	10.887363
1249	10.887363
1250	10.887363
1251	10.887363
1252	10.887363
1253	10.887363
1254	10.887363
1255	10.887363
1256	10.887363
1257	10.887363
1258	10.887363
1259	10.887363
1260	10.887363
1261	10.887363
1262	10.887363
1263	10.887363
1264	10.887363
1265	10.887363
1266	10.887363
1267	10.887363
1268	10.887363
1269	10.887363
1270	10.887363
1271	10.887363
1272	10.887363
1273	10.887363
1274	10.887363
1275	10.887363
1276	10.887363
1277	10.887363
1278	10.887363
1279	10.887363
1280	10.887363
1281	10.887363
1282	10.887363
1283	10.887363
1284	10.887363
1285	10.887363
1286	10.887363
1287	10.887363
1288	10.887363
1289	10.887363
1290	10.887363
1291	10.887363
1292	10.887363
1293	10.887363
1294	10.87161
1295	10.87161
1296	10.87161
1297	10.87161
1298	10.87161
1299	10.87161
1300	10.87161
1301	10.87161
1302	10.87161
1303	10.87161
1304	10.87161
1305	10.87161
1306	10.87161
1307	10.87161
1308	10.87161
1309	10.87161
1310	10.87161
1311	10.87161
1312	10.87161
1313	10.87161
1314	10.87161
1315	10.87161
1316	10.87161
1317	10.87161
1318	10.87161
1319	10.87161
1320	10.87161
1321	10.87161
1322	10.87161
1323	10.87161
1324	10.87161
1325	10.87161
1326	10.87161
1327	10.87161
1328	10.87161
1329	10.87161
1330	10.87161
1331	10.87161
1332	10.87161
1333	10.87161
1334	10.87161
1335	10.87161
1336	10.87161
1337	10.87161
1338	10.87161
1339	10.87161
1340	10.87161
1341	10.87161
1342	10.87161
1343	10.87161
1344	10.87161
1345	10.87161
1346	10.87161
1347	10.87161
1348	10.87161
1349	10.87161
1350	10.87161
1351	10.87161
1352	10.87161
1353	10.87161
1354	10.87161
1355	10.87161
1356	10.87161
1357	10.87161
1358	10.87161
1359	10.87161
1360	10.87161
1361	10.87161
1362	10.87161
1363	10.87161
1364	10.87161
1365	10.87161
1366	10.87161
1367	10.87161
1368	10.87161
1369	10.87161
1370	10.87161
1371	10.87161
1372	10.87161
1373	10.87161
1374	10.87161
1375	10.87161
1376	10.87161
1377	10.87161
1378	10.87161
1379	10.87161
1380	10.87161
1381	10.87161
1382	10.87161
1383	10.87161
1384	10.87161
1385	10.87161
1386	10.87161
1387	10.87161
1388	10.87161
1389	10.87161
1390	10.87161
1391	10.87161
1392	10.87161
1393	10.87161
1394	10.87161
1395	10.87161
1396	10.907629
1397	10.907629
1398	10.907629
1399	10.907629
1400	10.907629
1401	10.907629
1402	10.907629
1403	10.907629
1404	10.907629
1405	10.907629
1406	10.907629
1407	10.907629
1408	10.907629
1409	10.907629
1410	10.907629
1411	10.907629
1412	10.907629
1413	10.907629
1414	10.907629
1415	10.907629
1416	10.907629
1417	10.907629
1418	10.907629
1419	10.907629
1420	10.907629
1421	10.907629
1422	10.907629
1423	10.907629
1424	10.907629
1425	10.907629
1426	10.907629
1427	10.907629
1428	10.907629
1429	10.907629
1430	10.907629
1431	10.907629
1432	10.907629
1433	10.907629
1434	10.907629
1435	10.907629
1436	10.907629
1437	10.907629
1438	10.907629
1439	10.907629
1440	10.907629
1441	10.907629
1442	10.907629
1443	10.907629
1444	10.907629
1445	10.907629
1446	10.907629
1447	10.907629
1448	10.907629
1449	10.907629
1450	10.907629
1451	10.907629
1452	10.907629
1453	10.907629
1454	10.907629
1455	10.907629
1456	10.907629
1457	10.907629
1458	10.907629
1459	10.907629
1460	10.907629
1461	10.907629
1462	10.907629
1463	10.907629
1464	10.907629
1465	10.907629
1466	10.907629
1467	10.907629
1468	10.907629
1469	10.907629
1470	10.907629
1471	10.907629
1472	10.907629
1473	10.907629
1474	10.907629
1475	10.907629
1476	10.907629
1477	10.907629
1478	10.907629
1479	10.907629
1480	10.907629
1481	10.907629
1482	10.907629
1483	10.907629
1484	10.907629
1485	10.907629
1486	10.907629
1487	10.907629
1488	10.907629
1489	10.907629
1490	10.907629
1491	10.907629
1492	10.907629
1493	10.907629
1494	10.907629
1495	10.907629
1496	10.907629
1497	10.907629
1498	10.907629
1499	10.907629
1500	10.907629
1501	10.907629
1502	10.907629
1503	10.907629
1504	10.907629
1505	10.907629
1506	10.907629
1507	10.907629
1508	10.907629
1509	10.907629
1510	10.907629
1511	10.907629
1512	10.907629
1513	10.907629
1514	10.907629
1515	10.907629
1516	10.907629
1517	10.907629
1518	10.907629
1519	10.907629
1520	10.907629
1521	10.907629
1522	10.907629
1523	10.907629
1524	10.907629
1525	10.907629
1526	10.907629
1527	10.907629
1528	10.907629
1529	10.907629
1530	10.907629
1531	10.907629
1532	10.907629
1533	10.907629
1534	10.907629
1535	10.907629
1536	10.907629
1537	10.907629
1538	10.907629
1539	10.907629
1540	10.907629
1541	10.907629
1542	10.907629
1543	10.907629
1544	10.907629
1545	10.907629
1546	10.907629
1547	10.907629
1548	10.907629
1549	10.907629
1550	10.907629
1551	10.907629
1552	10.907629
1553	10.907629
1554	10.907629
1555	10.907629
1556	10.907629
1557	10.907629
1558	10.907629
1559	10.907629
1560	10.907629
1561	10.907629
1562	10.907629
1563	10.907629
1564	10.907629
1565	10.907629
1566	10.907629
1567	10.907629
1568	10.907629
1569	10.907629
1570	10.907629
1571	10.907629
1572	10.907629
1573	10.907629
1574	10.907629
1575	10.907629
1576	10.907629
1577	10.907629
1578	10.907629
1579	10.907629
1580	10.907629
1581	10.907629
1582	10.907629
1583	10.907629
1584	10.907629
1585	10.907629
1586	10.907629
1587	10.907629
1588	10.907629
1589	10.907629
1590	10.907629
1591	10.907629
1592	10.907629
1593	10.907629
1594	10.907629
1595	10.907629
1596	10.907629
1597	10.907629
1598	10.907629
1599	10.907629
1600	10.907629
1601	10.907629
1602	10.907629
1603	10.907629
1604	10.907629
1605	10.907629
1606	10.907629
1607	10.907629
1608	10.907629
1609	10.907629
1610	10.907629
1611	10.907629
1612	10.907629
1613	10.907629
1614	10.907629
1615	10.907629
1616	10.907629
1617	10.907629
1618	10.907629
1619	10.907629
1620	10.907629
1621	10.907629
1622	10.907629
1623	10.907629
1624	10.907629
1625	10.907629
1626	10.907629
1627	10.907629
1628	10.907629
1629	10.907629
1630	10.907629
1631	10.907629
1632	10.907629
1633	10.907629
1634	10.907629
1635	10.907629
1636	10.907629
1637	10.907629
1638	10.907629
1639	10.907629
1640	10.907629
1641	10.907629
1642	10.907629
1643	10.907629
1644	10.907629
1645	10.907629
1646	10.907629
1647	10.907629
1648	10.907629
1649	10.907629
1650	10.907629
1651	10.907629
1652	10.907629
1653	10.907629
1654	10.907629
1655	10.907629
1656	10.907629
1657	10.907629
1658	10.907629
1659	10.907629
1660	10.907629
1661	10.907629
1662	10.907629
1663	10.907629
1664	10.907629
1665	10.907629
1666	10.907629
1667	10.907629
1668	10.907629
1669	10.907629
1670	10.907629
1671	10.907629
1672	10.907629
1673	10.907629
1674	10.907629
1675	10.907629
1676	10.907629
1677	10.907629
1678	10.907629
1679	10.907629
1680	10.907629
1681	10.907629
1682	10.907629
1683	10.907629
1684	10.907629
1685	10.907629
1686	10.907629
1687	10.907629
1688	10.907629
1689	10.907629
1690	10.907629
1691	10.907629
1692	10.907629
1693	10.907629
1694	10.907629
1695	10.907629
1696	10.907629
1697	10.907629
1698	10.907629
1699	10.911012
1700	10.911012
1701	10.911012
1702	10.911012
1703	10.911012
1704	10.911012
1705	10.911012
1706	10.911012
1707	10.911012
1708	10.911012
1709	10.911012
1710	10.911012
1711	10.911012
1712	10.911012
1713	10.911012
1714	10.911012
1715	10.911012
1716	10.911012
1717	10.911012
1718	10.911012
1719	10.911012
1720	10.911012
1721	10.911012
1722	10.911012
1723	10.911012
1724	10.911012
1725	10.911012
1726	10.911012
1727	10.911012
1728	10.911012
1729	10.911012
1730	10.911012
1731	10.911012
1732	10.911012
1733	10.911012
1734	10.911012
1735	10.911012
1736	10.911012
1737	10.911012
1738	10.911012
1739	10.911012
1740	10.911012
1741	10.911012
1742	10.911012
1743	10.911012
1744	10.911012
1745	10.911012
1746	10.911012
1747	10.911012
1748	10.911012
1749	10.911012
1750	10.911012
1751	10.911012
1752	10.911012
1753	10.911012
1754	10.911012
1755	10.911012
1756	10.911012
1757	10.911012
1758	10.911012
1759	10.911012
1760	10.911012
1761	10.911012
1762	10.911012
1763	10.911012
1764	10.911012
1765	10.911012
1766	10.911012
1767	10.911012
1768	10.911012
1769	10.911012
1770	10.911012
1771	10.911012
1772	10.911012
1773	10.911012
1774	10.911012
1775	10.911012
1776	10.911012
1777	10.911012
1778	10.911012
1779	10.911012
1780	10.911012
1781	10.911012
1782	10.911012
1783	10.922952
1784	10.922952
1785	10.922952
1786	10.922952
1787	10.922952
1788	10.922952
1789	10.922952
1790	10.922952
1791	10.922952
1792	10.922952
1793	10.922952
1794	10.922952
1795	10.922952
1796	10.922952
1797	10.922952
1798	10.922952
1799	10.922952
1800	10.922952
1801	10.922952
1802	10.922952
1803	10.922952
1804	10.922952
1805	10.922952
1806	10.922952
1807	10.922952
1808	10.922952
1809	10.922952
1810	10.922952
1811	10.922952
1812	10.922952
1813	10.922952
1814	10.922952
1815	10.922952
1816	10.922952
1817	10.922952
1818	10.922952
1819	10.922952
1820	10.922952
1821	10.922952
1822	10.922952
1823	10.922952
1824	10.922952
1825	10.922952
1826	10.922952
1827	10.922952
1828	10.922952
1829	10.922952
1830	10.922952
1831	10.922952
1832	10.922952
1833	10.922952
1834	10.922952
1835	10.922952
1836	10.922952
1837	10.922952
1838	10.922952
1839	10.922952
1840	10.931561
1841	10.931561
1842	10.931561
1843	10.931561
1844	10.931561
1845	10.931561
1846	10.931561
1847	10.931561
1848	10.931561
1849	10.931561
1850	10.931561
1851	10.931561
1852	10.931561
1853	10.931561
1854	10.931561
1855	10.931561
1856	10.931561
1857	10.931561
1858	10.931561
1859	10.931561
1860	10.931561
1861	10.931561
1862	10.931561
1863	10.931561
1864	10.931561
1865	10.931561
1866	10.931561
1867	10.931561
1868	10.931561
1869	10.931561
1870	10.931561
1871	10.931561
1872	10.931561
1873	10.931561
1874	10.931561
1875	10.931561
1876	10.931561
1877	10.931561
1878	10.931561
1879	10.931561
1880	10.931561
1881	10.931561
1882	10.931561
1883	10.931561
1884	10.931561
1885	10.931561
1886	10.931561
1887	10.931561
1888	10.931561
1889	10.931561
1890	10.931561
1891	10.931561
1892	10.931561
1893	10.931561
1894	10.931561
1895	10.931561
1896	10.931561
1897	10.931561
1898	10.931561
1899	10.931561
1900	10.931561
1901	10.931561
1902	10.931561
1903	10.931561
1904	10.931561
1905	10.931561
1906	10.931561
1907	10.931561
1908	10.931561
1909	10.931561
1910	10.931561
1911	10.931561
1912	10.931561
1913	10.931561
1914	10.931561
1915	10.931561
1916	10.931561
1917	10.931561
1918	10.931561
1919	10.931561
1920	10.931561
1921	10.931561
1922	10.931561
1923	10.931561
1924	10.931561
1925	10.931561
1926	10.931561
1927	10.931561
1928	10.931561
1929	10.931561
1930	10.931561
1931	10.931561
1932	10.931561
1933	10.931561
1934	10.931561
1935	10.931561
1936	10.931561
1937	10.931561
1938	10.931561
1939	10.931561
1940	10.931561
1941	10.931561
1942	10.931561
1943	10.931561
1944	10.931561
1945	10.931561
1946	10.931561
1947	10.931561
1948	10.931561
1949	10.931561
1950	10.931561
1951	10.931561
1952	10.931561
1953	10.931561
1954	10.931561
1955	10.931561
1956	10.931561
1957	10.931561
1958	10.931561
1959	10.931561
1960	10.931561
1961	10.931561
1962	10.931561
1963	10.931561
1964	10.931561
1965	10.931561
1966	10.931561
1967	10.931561
1968	10.931561
1969	10.931561
1970	10.931561
1971	10.931561
1972	10.931561
1973	10.931561
1974	10.931561
1975	10.931561
1976	10.931561
1977	10.931561
1978	10.931561
1979	10.931561
1980	10.931561
1981	10.931561
1982	10.931561
1983	10.931561
1984	10.931561
1985	10.931561
1986	10.931561
1987	10.931561
1988	10.931561
1989	10.931561
1990	10.931561
1991	10.931561
1992	10.931561
1993	10.931561
1994	10.931561
1995	10.931561
1996	10.931561
1997	10.931561
1998	10.931561
1999	10.931561
2000	10.931561
2001	10.931561
2002	10.931561
2003	10.931561
2004	10.931561
2005	10.931561
2006	10.931561
2007	10.931561
2008	10.931561
2009	10.931561
2010	10.931561
2011	10.931561
2012	10.931561
2013	10.931561
2014	10.931561
2015	10.931561
2016	10.931561
2017	10.931561
2018	10.931561
2019	10.931561
2020	10.931561
2021	10.931561
2022	10.931561
2023	10.931561
2024	10.931561
2025	10.931561
2026	10.931561
2027	10.931561
2028	10.931561
2029	10.931561
2030	10.931561
2031	10.931561
2032	10.931561
2033	10.931561
2034	10.931561
2035	10.931561
2036	10.931561
2037	10.931561
2038	10.931561
2039	10.931561
2040	10.931561
2041	10.931561
2042	10.931561
2043	10.931561
2044	10.931561
2045	10.931561
2046	10.931561
2047	10.931561
2048	10.931561
2049	10.931561
2050	10.931561
2051	10.931561
2052	10.931561
2053	10.931561
2054	10.931561
2055	10.931561
2056	10.931561
2057	10.931561
2058	10.931561
2059	10.931561
2060	10.931561
2061	10.931561
2062	10.931561
2063	10.931561
2064	10.931561
2065	10.931561
2066	10.931561
2067	10.931561
2068	10.931561
2069	10.931561
2070	10.931561
2071	10.931561
2072	10.931561
2073	10.931561
2074	10.931561
2075	10.931561
2076	10.931561
2077	10.931561
2078	10.931561
2079	10.931561
2080	10.931561
2081	10.931561
2082	10.931561
2083	10.931561
2084	10.931561
2085	10.931561
2086	10.931561
2087	10.931561
2088	10.931561
2089	10.931561
2090	10.931561
2091	10.931561
2092	10.931561
2093	10.931561
2094	10.931561
2095	10.931561
2096	10.931561
2097	10.931561
2098	10.931561
2099	10.931561
2100	10.931561
2101	10.931561
2102	10.931561
2103	10.931561
2104	10.931561
2105	10.931561
2106	10.931561
2107	10.931561
2108	10.931561
2109	10.931561
2110	10.931561
2111	10.931561
2112	10.931561
2113	10.931561
2114	10.931561
2115	10.931561
2116	10.931561
2117	10.931561
2118	10.931561
2119	10.931561
2120	10.931561
2121	10.931561
2122	10.931561
2123	10.931561
2124	10.931561
2125	10.931561
2126	10.931561
2127	10.931561
2128	10.931561
2129	10.931561
2130	10.931561
2131	10.931561
2132	10.931561
2133	10.931561
2134	10.931561
2135	10.931561
2136	10.931561
2137	10.931561
2138	10.931561
2139	10.931561
2140	10.931561
2141	10.931561
2142	10.931561
2143	10.931561
2144	10.931561
2145	10.931561
2146	10.931561
2147	10.931561
2148	10.931561
2149	10.931561
2150	10.931561
2151	10.931561
2152	10.931561
2153	10.931561
2154	10.931561
2155	10.931561
2156	10.931561
2157	10.931561
2158	10.931561
2159	10.931561
2160	10.931561
2161	10.931561
2162	10.931561
2163	10.931561
2164	10.931561
2165	10.931561
2166	10.931561
2167	10.931561
2168	10.931561
2169	10.931561
2170	10.931561
2171	10.931561
2172	10.931561
2173	10.931561
2174	10.931561
2175	10.931561
2176	10.931561
2177	10.931561
2178	10.931561
2179	10.931561
2180	10.931561
2181	10.931561
2182	10.931561
2183	10.931561
2184	10.931561
2185	10.931561
2186	10.931561
2187	10.931561
2188	10.931561
2189	10.931561
2190	10.931561
2191	10.931561
2192	10.931561
2193	10.931561
2194	10.931561
2195	10.931561
2196	10.931561
2197	10.931561
2198	10.931561
2199	10.931561
2200	10.931561
2201	10.931561
2202	10.931561
2203	10.931561
2204	10.931561
2205	10.931561
2206	10.931561
2207	10.931561
2208	10.931561
2209	10.931561
2210	10.931561
2211	10.931561
2212	10.931561
2213	10.931561
2214	10.931561
2215	10.931561
2216	10.931561
2217	10.931561
2218	10.931561
2219	10.931561
2220	10.931561
2221	10.931561
2222	10.931561
2223	10.931561
2224	10.931561
2225	10.931561
2226	10.931561
2227	10.931561
2228	10.931561
2229	10.931561
2230	10.931561
2231	10.931561
2232	10.931561
2233	10.931561
2234	10.931561
2235	10.931561
2236	10.931561
2237	10.931561
2238	10.931561
2239	10.931561
2240	10.931561
2241	10.931561
2242	10.931561
2243	10.931561
2244	10.931561
2245	10.931561
2246	10.931561
2247	10.931561
2248	10.931561
2249	10.931561
2250	10.931561
2251	10.931561
2252	10.931561
2253	10.931561
2254	10.931561
2255	10.931561
2256	10.931561
2257	10.931561
2258	10.931561
2259	10.931561
2260	10.931561
2261	10.931561
2262	10.931561
2263	10.931561
2264	10.931561
2265	10.931561
2266	10.931561
2267	10.931561
2268	10.931561
2269	10.931561
2270	10.931561
2271	10.931561
2272	10.931561
2273	10.931561
2274	10.931561
2275	10.931561
2276	10.931561
2277	10.931561
2278	10.931561
2279	10.931561
2280	10.931561
2281	10.931561
2282	10.931561
2283	10.931561
2284	10.931561
2285	10.931561
2286	10.931561
2287	10.931561
2288	10.931561
2289	10.931561
2290	10.931561
2291	10.931561
2292	10.931561
2293	10.931561
2294	10.931561
2295	10.931561
2296	10.931561
2297	10.931561
2298	10.931561
2299	10.931561
2300	10.931561
2301	10.931561
2302	10.931561
2303	10.931561
2304	10.931561
2305	10.931561
2306	10.931561
2307	10.931561
2308	10.931561
2309	10.931561
2310	10.931561
2311	10.931561
2312	10.931561
2313	10.931561
2314	10.931561
2315	10.931561
2316	10.931561
2317	10.931561
2318	10.931561
2319	10.931561
2320	10.931561
2321	10.931561
2322	10.931561
2323	10.931561
2324	10.931561
2325	10.931561
2326	10.931561
2327	10.931561
2328	10.931561
2329	10.931561
2330	10.931561
2331	10.931561
2332	10.931561
2333	10.931561
2334	10.931561
2335	10.931561
2336	10.931561
2337	10.931561
2338	10.931561
2339	10.931561
2340	10.931561
2341	10.931561
2342	10.931561
2343	10.931561
2344	10.931561
2345	10.931561
2346	10.931561
2347	10.931561
2348	10.931561
2349	10.931561
2350	10.931561
2351	10.931561
2352	10.931561
2353	10.931561
2354	10.931561
2355	10.931561
2356	10.931561
2357	10.931561
2358	10.931561
2359	10.931561
2360	10.931561
2361	10.931561
2362	10.931561
2363	10.931561
2364	10.931561
2365	10.931561
2366	10.931561
2367	10.931561
2368	10.931561
2369	10.931561
2370	10.931561
2371	10.931561
2372	10.931561
2373	10.931561
2374	10.931561
2375	10.931561
2376	10.931561
2377	10.931561
2378	10.931561
2379	10.931561
2380	10.931561
2381	10.931561
2382	10.931561
2383	10.931561
2384	10.931561
2385	10.931561
2386	10.931561
2387	10.931561
2388	10.931561
2389	10.931561
2390	10.931561
2391	10.931561
2392	10.931561
2393	10.931561
2394	10.931561
2395	10.931561
2396	10.931561
2397	10.931561
2398	10.931561
2399	10.931561
2400	10.931561
2401	10.931561
2402	10.931561
2403	10.931561
2404	10.931561
2405	10.931561
2406	10.931561
2407	10.931561
2408	10.931561
2409	10.931561
2410	10.931561
2411	10.931561
2412	10.931561
2413	10.931561
2414	10.931561
2415	10.931561
2416	10.931561
2417	10.931561
2418	10.931561
2419	10.931561
2420	10.931561
2421	10.931561
2422	10.931561
2423	10.931561
2424	10.931561
2425	10.931561
2426	10.931561
2427	10.931561
2428	10.931561
2429	10.931561
2430	10.931561
2431	10.931561
2432	10.931561
2433	10.931561
2434	10.931561
2435	10.931561
2436	10.931561
2437	10.931561
2438	10.931561
2439	10.931561
2440	10.931561
2441	10.931561
2442	10.931561
2443	10.931561
2444	10.931561
2445	10.931561
2446	10.931561
2447	10.931561
2448	10.931561
2449	10.931561
2450	10.931561
2451	10.931561
2452	10.931561
2453	10.931561
2454	10.931561
2455	10.931561
2456	10.931561
2457	10.931561
2458	10.931561
2459	10.931561
2460	10.931561
2461	10.931561
2462	10.931561
2463	10.931561
2464	10.931561
2465	10.931561
2466	10.931561
2467	10.931561
2468	10.931561
2469	10.931561
2470	10.931561
2471	10.931561
2472	10.931561
2473	10.931561
2474	10.931561
2475	10.931561
2476	10.931561
2477	10.931561
2478	10.931561
2479	10.931561
2480	10.931561
2481	10.931561
2482	10.931561
2483	10.931561
2484	10.931561
2485	10.931561
2486	10.931561
2487	10.931561
2488	10.931561
2489	10.931561
2490	10.931561
2491	10.931561
2492	10.931561
2493	10.931561
2494	10.931561
2495	10.931561
2496	10.931561
2497	10.931561
2498	10.931561
2499	10.931561
2500	10.931561
2501	10.931561
2502	10.931561
2503	10.931561
2504	10.931561
2505	10.931561
2506	10.931561
2507	10.931561
2508	10.931561
2509	10.931561
2510	10.931561
2511	10.931561
2512	10.931561
2513	10.931561
2514	10.931561
2515	10.931561
2516	10.931561
2517	10.931561
2518	10.931561
2519	10.931561
2520	10.931561
2521	10.931561
2522	10.931561
2523	10.931561
2524	10.931561
2525	10.931561
2526	10.931561
2527	10.931561
2528	10.931561
2529	10.931561
2530	10.931561
2531	10.931561
2532	10.931561
2533	10.931561
2534	10.931561
2535	10.931561
2536	10.931561
2537	10.931561
2538	10.931561
2539	10.931561
2540	10.931561
2541	10.931561
2542	10.931561
2543	10.931561
2544	10.931561
2545	10.931561
2546	10.931561
2547	10.931561
2548	10.931561
2549	10.931561
2550	10.931561
2551	10.931561
2552	10.931561
2553	10.931561
2554	10.931561
2555	10.931561
2556	10.931561
2557	10.931561
2558	10.931561
2559	10.931561
2560	10.931561
2561	10.931561
2562	10.931561
2563	10.931561
2564	10.931561
2565	10.931561
2566	10.931561
2567	10.931561
2568	10.931561
2569	10.931561
2570	10.931561
2571	10.931561
2572	10.931561
2573	10.931561
2574	10.931561
2575	10.931561
2576	10.931561
2577	10.931561
2578	10.931561
2579	10.931561
2580	10.931561
2581	10.931561
2582	10.931561
2583	10.931561
2584	10.931561
2585	10.931561
2586	10.931561
2587	10.931561
2588	10.931561
2589	10.931561
2590	10.931561
2591	10.931561
2592	10.931561
2593	10.931561
2594	10.931561
2595	10.931561
2596	10.931561
2597	10.931561
2598	10.931561
2599	10.931561
2600	10.931561
2601	10.931561
2602	10.931561
2603	10.931561
2604	10.931561
2605	10.931561
2606	10.931561
2607	10.931561
2608	10.931561
2609	10.931561
2610	10.931561
2611	10.931561
2612	10.931561
2613	10.931561
2614	10.931561
2615	10.931561
2616	10.931561
2617	10.931561
2618	10.931561
2619	10.931561
2620	10.931561
2621	10.931561
2622	10.931561
2623	10.931561
2624	10.931561
2625	10.931561
2626	10.931561
2627	10.931561
2628	10.931561
2629	10.931561
2630	10.931561
2631	10.931561
2632	10.931561
2633	10.931561
2634	10.931561
2635	10.931561
2636	10.931561
2637	10.931561
2638	10.931561
2639	10.931561
2640	10.931561
2641	10.931561
2642	10.931561
2643	10.931561
2644	10.931561
2645	10.931561
2646	10.931561
2647	10.931561
2648	10.931561
2649	10.931561
2650	10.931561
2651	10.931561
2652	10.931561
2653	10.931561
2654	10.931561
2655	10.931561
2656	10.931561
2657	10.931561
2658	10.931561
2659	10.931561
2660	10.931561
2661	10.931561
2662	10.931561
2663	10.931561
2664	10.931561
2665	10.931561
2666	10.931561
2667	10.931561
2668	10.931561
2669	10.931561
2670	10.931561
2671	10.931561
2672	10.931561
2673	10.931561
2674	10.931561
2675	10.931561
2676	10.931561
2677	10.931561
2678	10.931561
2679	10.931561
2680	10.931561
2681	10.931561
2682	10.931561
2683	10.931561
2684	10.931561
2685	10.931561
2686	10.931561
2687	10.931561
2688	10.931561
2689	10.931561
2690	10.931561
2691	10.931561
2692	10.931561
2693	10.931561
2694	10.931561
2695	10.931561
2696	10.931561
2697	10.931561
2698	10.931561
2699	10.931561
2700	10.931561
2701	10.931561
2702	10.931561
2703	10.931561
2704	10.931561
2705	10.931561
2706	10.931561
2707	10.931561
2708	10.931561
2709	10.931561
2710	10.931561
2711	10.931561
2712	10.931561
2713	10.931561
2714	10.931561
2715	10.931561
2716	10.931561
2717	10.931561
2718	10.931561
2719	10.931561
2720	10.931561
2721	10.931561
2722	10.931561
2723	10.931561
2724	10.931561
2725	10.931561
2726	10.931561
2727	10.931561
2728	10.931561
2729	10.931561
2730	10.931561
2731	10.931561
2732	10.931561
2733	10.931561
2734	10.931561
2735	10.931561
2736	10.931561
2737	10.931561
2738	10.931561
2739	10.931561
2740	10.931561
2741	10.931561
2742	10.931561
2743	10.931561
2744	10.931561
2745	10.931561
2746	10.931561
2747	10.931561
2748	10.931561
2749	10.931561
2750	10.931561
2751	10.931561
2752	10.931561
2753	10.931561
2754	10.931561
2755	10.931561
2756	10.931561
2757	10.931561
2758	10.931561
2759	10.931561
2760	10.931561
2761	10.931561
2762	10.931561
2763	10.931561
2764	10.931561
2765	10.931561
2766	10.931561
2767	10.931561
2768	10.931561
2769	10.931561
2770	10.931561
2771	10.931561
2772	10.931561
2773	10.931561
2774	10.931561
2775	10.931561
2776	10.931561
2777	10.931561
2778	10.931561
2779	10.931561
2780	10.931561
2781	10.931561
2782	10.931561
2783	10.931561
2784	10.931561
2785	10.931561
2786	10.931561
2787	10.931561
2788	10.931561
2789	10.931561
2790	10.931561
2791	10.931561
2792	10.931561
2793	10.931561
2794	10.931561
2795	10.931561
2796	10.931561
2797	10.931561
2798	10.931561
2799	10.931561
2800	10.931561
2801	10.931561
2802	10.931561
2803	10.931561
2804	10.931561
2805	10.931561
2806	10.931561
2807	10.931561
2808	10.931561
2809	10.931561
2810	10.931561
2811	10.931561
2812	10.931561
2813	10.931561
2814	10.931561
2815	10.931561
2816	10.931561
2817	10.931561
2818	10.931561
2819	10.931561
2820	10.931561
2821	10.931561
2822	10.931561
2823	10.931561
2824	10.931561
2825	10.931561
2826	10.931561
2827	10.931561
2828	10.931561
2829	10.931561
2830	10.931561
2831	10.931561
2832	10.931561
2833	10.931561
2834	10.931561
2835	10.931561
2836	10.931561
2837	10.931561
2838	10.931561
2839	10.931561
2840	10.931561
2841	10.931561
2842	10.931561
2843	10.931561
2844	10.931561
2845	10.931561
2846	10.931561
2847	10.931561
2848	10.931561
2849	10.931561
2850	10.931561
2851	10.931561
2852	10.931561
2853	10.931561
2854	10.931561
2855	10.931561
2856	10.931561
2857	10.931561
2858	10.931561
2859	10.931561
2860	10.931561
2861	10.931561
2862	10.931561
2863	10.931561
2864	10.931561
2865	10.931561
2866	10.931561
2867	10.931561
2868	10.931561
2869	10.931561
2870	10.931561
2871	10.931561
2872	10.931561
2873	10.931561
2874	10.931561
2875	10.931561
2876	10.931561
2877	10.931561
2878	10.931561
2879	10.931561
2880	10.931561
2881	10.931561
2882	10.931561
2883	10.931561
2884	10.931561
2885	10.931561
2886	10.931561
2887	10.931561
2888	10.931561
2889	10.931561
2890	10.931561
2891	10.931561
2892	10.931561
2893	10.931561
2894	10.931561
2895	10.931561
2896	10.931561
2897	10.931561
2898	10.931561
2899	10.931561
2900	10.931561
2901	10.931561
2902	10.931561
2903	10.931561
2904	10.931561
2905	10.931561
2906	10.931561
2907	10.931561
2908	10.931561
2909	10.931561
2910	10.931561
2911	10.931561
2912	10.931561
2913	10.931561
2914	10.931561
2915	10.931561
2916	10.931561
2917	10.931561
2918	10.931561
2919	10.931561
2920	10.931561
2921	10.931561
2922	10.931561
2923	10.931561
2924	10.931561
2925	10.931561
2926	10.931561
2927	10.931561
2928	10.931561
2929	10.931561
2930	10.931561
2931	10.931561
2932	10.931561
2933	10.931561
2934	10.931561
2935	10.931561
2936	10.931561
2937	10.931561
2938	10.931561
2939	10.931561
2940	10.931561
2941	10.931561
2942	10.931561
2943	10.931561
2944	10.931561
2945	10.931561
2946	10.931561
2947	10.931561
2948	10.931561
2949	10.931561
2950	10.931561
2951	10.931561
2952	10.931561
2953	10.931561
2954	10.931561
2955	10.931561
2956	10.931561
2957	10.931561
2958	10.931561
2959	10.931561
2960	10.931561
2961	10.931561
2962	10.931561
2963	10.931561
2964	10.931561
2965	10.931561
2966	10.931561
2967	10.931561
2968	10.931561
2969	10.931561
2970	10.931561
2971	10.931561
2972	10.931561
2973	10.931561
2974	10.931561
2975	10.931561
2976	10.931561
2977	10.931561
2978	10.931561
2979	10.931561
2980	10.931561
2981	10.931561
2982	10.931561
2983	10.931561
2984	10.931561
2985	10.931561
2986	10.931561
2987	10.931561
2988	10.931561
2989	10.931561
2990	10.931561
2991	10.931561
2992	10.931561
2993	10.931561
2994	10.931561
2995	10.931561
2996	10.931561
2997	10.931561
2998	10.931561
2999	10.931561
3000	10.931561
3001	10.931561
3002	10.931561
3003	10.931561
3004	10.931561
3005	10.931561
3006	10.931561
3007	10.931561
3008	10.931561
3009	10.931561
3010	10.931561
3011	10.931561
3012	10.931561
3013	10.931561
3014	10.931561
3015	10.931561
3016	10.931561
3017	10.931561
3018	10.931561
3019	10.931561
3020	10.931561
3021	10.931561
3022	10.931561
3023	10.931561
3024	10.931561
3025	10.931561
3026	10.931561
3027	10.931561
3028	10.931561
3029	10.931561
3030	10.931561
3031	10.931561
3032	10.931561
3033	10.931561
3034	10.931561
3035	10.931561
3036	10.931561
3037	10.931561
3038	10.931561
3039	10.931561
3040	10.931561
3041	10.931561
3042	10.931561
3043	10.931561
3044	10.931561
3045	10.931561
3046	10.931561
3047	10.931561
3048	10.931561
3049	10.931561
3050	10.931561
3051	10.931561
3052	10.931561
3053	10.931561
3054	10.931561
3055	10.931561
3056	10.931561
3057	10.931561
3058	10.931561
3059	10.931561
3060	10.931561
3061	10.931561
3062	10.931561
3063	10.931561
3064	10.931561
3065	10.931561
3066	10.931561
3067	10.931561
3068	10.931561
3069	10.931561
3070	10.931561
3071	10.931561
3072	10.931561
3073	10.931561
3074	10.931561
3075	10.931561
3076	10.931561
3077	10.931561
3078	10.931561
3079	10.931561
3080	10.931561
3081	10.931561
3082	10.931561
3083	10.931561
3084	10.931561
3085	10.931561
3086	10.931561
3087	10.931561
3088	10.931561
3089	10.931561
3090	10.931561
3091	10.931561
3092	10.931561
3093	10.931561
3094	10.931561
3095	10.931561
3096	10.931561
3097	10.931561
3098	10.931561
3099	10.931561
3100	10.931561
3101	10.931561
3102	10.931561
3103	10.931561
3104	10.931561
3105	10.931561
3106	10.931561
3107	10.931561
3108	10.931561
3109	10.931561
3110	10.931561
3111	10.931561
3112	10.931561
3113	10.931561
3114	10.931561
3115	10.931561
3116	10.931561
3117	10.931561
3118	10.931561
3119	10.931561
3120	10.931561
3121	10.931561
3122	10.931561
3123	10.931561
3124	10.931561
3125	10.931561
3126	10.931561
3127	10.931561
3128	10.931561
3129	10.931561
3130	10.931561
3131	10.931561
3132	10.931561
3133	10.931561
3134	10.931561
3135	10.931561
3136	10.931561
3137	10.931561
3138	10.931561
3139	10.931561
3140	10.931561
3141	10.931561
3142	10.931561
3143	10.931561
3144	10.931561
3145	10.931561
3146	10.931561
3147	10.931561
3148	10.931561
3149	10.931561
3150	10.931561
3151	10.931561
3152	10.931561
3153	10.931561
3154	10.931561
3155	10.931561
3156	10.931561
3157	10.931561
3158	10.931561
3159	10.931561
3160	10.931561
3161	10.931561
3162	10.931561
3163	10.931561
3164	10.931561
3165	10.931561
3166	10.931561
3167	10.931561
3168	10.931561
3169	10.931561
3170	10.931561
3171	10.931561
3172	10.931561
3173	10.931561
3174	10.931561
3175	10.931561
3176	10.931561
3177	10.931561
3178	10.931561
3179	10.931561
3180	10.931561
3181	10.931561
3182	10.931561
3183	10.931561
3184	10.931561
3185	10.931561
3186	10.931561
3187	10.931561
3188	10.931561
3189	10.931561
3190	10.931561
3191	10.931561
3192	10.931561
3193	10.931561
3194	10.931561
3195	10.931561
3196	10.931561
3197	10.931561
3198	10.931561
3199	10.931561
3200	10.931561
3201	10.931561
3202	10.931561
3203	10.931561
3204	10.931561
3205	10.931561
3206	10.931561
3207	10.931561
3208	10.931561
3209	10.931561
3210	10.931561
3211	10.931561
3212	10.931561
3213	10.931561
3214	10.931561
3215	10.931561
3216	10.931561
3217	10.931561
3218	10.931561
3219	10.931561
3220	10.931561
3221	10.931561
3222	10.931561
3223	10.931561
3224	10.931561
3225	10.931561
3226	10.931561
3227	10.931561
3228	10.931561
3229	10.931561
3230	10.931561
3231	10.931561
3232	10.931561
3233	10.931561
3234	10.931561
3235	10.931561
3236	10.931561
3237	10.931561
3238	10.931561
3239	10.931561
3240	10.931561
3241	10.931561
3242	10.931561
3243	10.931561
3244	10.931561
3245	10.931561
3246	10.931561
3247	10.931561
3248	10.931561
3249	10.931561
3250	10.931561
3251	10.931561
3252	10.931561
3253	10.931561
3254	10.931561
3255	10.931561
3256	10.931561
3257	10.931561
3258	10.931561
3259	10.931561
3260	10.931561
3261	10.931561
3262	10.931561
3263	10.931561
3264	10.931561
3265	10.931561
3266	10.931561
3267	10.931561
3268	10.931561
3269	10.931561
3270	10.931561
3271	10.931561
3272	10.931561
3273	10.931561
3274	10.931561
3275	10.931561
3276	10.931561
3277	10.931561
3278	10.931561
3279	10.931561
3280	10.931561
3281	10.931561
3282	10.931561
3283	10.931561
3284	10.931561
3285	10.931561
3286	10.931561
3287	10.931561
3288	10.931561
3289	10.931561
3290	10.931561
3291	10.931561
3292	10.931561
3293	10.931561
3294	10.931561
3295	10.931561
3296	10.931561
3297	10.931561
3298	10.931561
3299	10.931561
3300	10.931561
3301	10.931561
3302	10.931561
3303	10.931561
3304	10.931561
3305	10.931561
3306	10.931561
3307	10.931561
3308	10.931561
3309	10.931561
3310	10.931561
3311	10.931561
3312	10.931561
3313	10.931561
3314	10.931561
3315	10.931561
3316	10.931561
3317	10.931561
3318	10.931561
3319	10.931561
3320	10.931561
3321	10.931561
3322	10.931561
3323	10.931561
3324	10.931561
3325	10.931561
3326	10.931561
3327	10.931561
3328	10.931561
3329	10.931561
3330	10.931561
3331	10.931561
3332	10.931561
3333	10.931561
3334	10.931561
3335	10.931561
3336	10.931561
3337	10.931561
3338	10.931561
3339	10.931561
3340	10.931561
3341	10.931561
3342	10.931561
3343	10.931561
3344	10.931561
3345	10.931561
3346	10.931561
3347	10.931561
3348	10.931561
3349	10.931561
3350	10.931561
3351	10.931561
3352	10.931561
3353	10.931561
3354	10.931561
3355	10.931561
3356	10.931561
3357	10.931561
3358	10.931561
3359	10.931561
3360	10.931561
3361	10.931561
3362	10.931561
3363	10.931561
3364	10.931561
3365	10.931561
3366	10.931561
3367	10.931561
3368	10.931561
3369	10.931561
3370	10.931561
3371	10.931561
3372	10.931561
3373	10.931561
3374	10.931561
3375	10.931561
3376	10.931561
3377	10.931561
3378	10.931561
3379	10.931561
3380	10.931561
3381	10.931561
3382	10.931561
3383	10.931561
3384	10.931561
3385	10.931561
3386	10.931561
3387	10.931561
3388	10.931561
3389	10.931561
3390	10.931561
3391	10.931561
3392	10.931561
3393	10.931561
3394	10.931561
3395	10.931561
3396	10.931561
3397	10.931561
3398	10.931561
3399	10.931561
3400	10.931561
3401	10.931561
3402	10.931561
3403	10.931561
3404	10.931561
3405	10.931561
3406	10.931561
3407	10.931561
3408	10.931561
3409	10.931561
3410	10.931561
3411	10.931561
3412	10.931561
3413	10.931561
3414	10.931561
3415	10.931561
3416	10.931561
3417	10.931561
3418	10.931561
3419	10.931561
3420	10.931561
3421	10.931561
3422	10.931561
3423	10.931561
3424	10.931561
3425	10.931561
3426	10.931561
3427	10.931561
3428	10.931561
3429	10.931561
3430	10.931561
3431	10.931561
3432	10.931561
3433	10.931561
3434	10.931561
3435	10.931561
3436	10.931561
3437	10.931561
3438	10.931561
3439	10.931561
3440	10.931561
3441	10.931561
3442	10.931561
3443	10.931561
3444	10.931561
3445	10.931561
3446	10.931561
3447	10.931561
3448	10.931561
3449	10.931561
3450	10.931561
3451	10.931561
3452	10.931561
3453	10.931561
3454	10.931561
3455	10.931561
3456	10.931561
3457	10.931561
3458	10.931561
3459	10.931561
3460	10.931561
3461	10.931561
3462	10.931561
3463	10.931561
3464	10.931561
3465	10.931561
3466	10.931561
3467	10.931561
3468	10.931561
3469	10.931561
3470	10.931561
3471	10.931561
3472	10.931561
3473	10.931561
3474	10.931561
3475	10.931561
3476	10.931561
3477	10.931561
3478	10.931561
3479	10.931561
3480	10.931561
3481	10.931561
3482	10.931561
3483	10.931561
3484	10.931561
3485	10.931561
3486	10.931561
3487	10.931561
3488	10.931561
3489	10.931561
3490	10.931561
3491	10.931561
3492	10.931561
3493	10.931561
3494	10.931561
3495	10.931561
3496	10.931561
3497	10.931561
3498	10.931561
3499	10.931561
3500	10.931561
3501	10.931561
3502	10.931561
3503	10.931561
3504	10.931561
3505	10.931561
3506	10.931561
3507	10.931561
3508	10.931561
3509	10.931561
3510	10.931561
3511	10.931561
3512	10.931561
3513	10.931561
3514	10.931561
3515	10.931561
3516	10.931561
3517	10.931561
3518	10.931561
3519	10.931561
3520	10.931561
3521	10.931561
3522	10.931561
3523	10.931561
3524	10.931561
3525	10.931561
3526	10.931561
3527	10.931561
3528	10.931561
3529	10.931561
3530	10.931561
3531	10.931561
3532	10.931561
3533	10.931561
3534	10.931561
3535	10.931561
3536	10.931561
3537	10.931561
3538	10.931561
3539	10.931561
3540	10.931561
3541	10.931561
3542	10.931561
3543	10.931561
3544	10.931561
3545	10.931561
3546	10.931561
3547	10.931561
3548	10.931561
3549	10.931561
3550	10.931561
3551	10.931561
3552	10.931561
3553	10.931561
3554	10.931561
3555	10.931561
3556	10.931561
3557	10.931561
3558	10.931561
3559	10.931561
3560	10.931561
3561	10.931561
3562	10.931561
3563	10.931561
3564	10.931561
3565	10.931561
3566	10.931561
3567	10.931561
3568	10.931561
3569	10.931561
3570	10.931561
3571	10.931561
3572	10.931561
3573	10.931561
3574	10.931561
3575	10.931561
3576	10.931561
3577	10.931561
3578	10.931561
3579	10.931561
3580	10.931561
3581	10.931561
3582	10.931561
3583	10.931561
3584	10.931561
3585	10.931561
3586	10.931561
3587	10.931561
3588	10.931561
3589	10.931561
3590	10.931561
3591	10.931561
3592	10.931561
3593	10.931561
3594	10.931561
3595	10.931561
3596	10.931561
3597	10.931561
3598	10.931561
3599	10.931561
3600	10.931561
3601	10.931561
3602	10.931561
3603	10.931561
3604	10.931561
3605	10.931561
3606	10.931561
3607	10.931561
3608	10.931561
3609	10.931561
3610	10.931561
3611	10.931561
3612	10.931561
3613	10.931561
3614	10.931561
3615	10.931561
3616	10.931561
3617	10.931561
3618	10.931561
3619	10.931561
3620	10.931561
3621	10.931561
3622	10.931561
3623	10.931561
3624	10.931561
3625	10.931561
3626	10.931561
3627	10.931561
3628	10.931561
3629	10.931561
3630	10.931561
3631	10.931561
3632	10.931561
3633	10.931561
3634	10.931561
3635	10.931561
3636	10.931561
3637	10.931561
3638	10.931561
3639	10.931561
3640	10.931561
3641	10.931561
3642	10.931561
3643	10.931561
3644	10.931561
3645	10.931561
3646	10.931561
3647	10.931561
3648	10.931561
3649	10.931561
3650	10.931561
3651	10.931561
3652	10.931561
3653	10.931561
3654	10.931561
3655	10.931561
3656	10.931561
3657	10.931561
3658	10.931561
3659	10.931561
3660	10.931561
3661	10.931561
3662	10.931561
3663	10.931561
3664	10.931561
3665	10.931561
3666	10.931561
3667	10.931561
3668	10.931561
3669	10.931561
3670	10.931561
3671	10.931561
3672	10.931561
3673	10.931561
3674	10.931561
3675	10.931561
3676	10.931561
3677	10.931561
3678	10.931561
3679	10.931561
3680	10.931561
3681	10.931561
3682	10.931561
3683	10.931561
3684	10.931561
3685	10.931561
3686	10.931561
3687	10.931561
3688	10.931561
3689	10.931561
3690	10.931561
3691	10.931561
3692	10.931561
3693	10.931561
3694	10.931561
3695	10.931561
3696	10.931561
3697	10.931561
3698	10.931561
3699	10.931561
3700	10.931561
3701	10.931561
3702	10.931561
3703	10.931561
3704	10.931561
3705	10.931561
3706	10.931561
3707	10.931561
3708	10.931561
3709	10.931561
3710	10.931561
3711	10.931561
3712	10.931561
3713	10.931561
3714	10.931561
3715	10.931561
3716	10.931561
3717	10.931561
3718	10.931561
3719	10.931561
3720	10.931561
3721	10.931561
3722	10.931561
3723	10.931561
3724	10.931561
3725	10.931561
3726	10.931561
3727	10.931561
3728	10.931561
3729	10.931561
3730	10.931561
3731	10.931561
3732	10.931561
3733	10.931561
3734	10.931561
3735	10.931561
3736	10.931561
3737	10.931561
3738	10.931561
3739	10.931561
3740	10.931561
3741	10.931561
3742	10.931561
3743	10.931561
3744	10.931561
3745	10.931561
3746	10.931561
3747	10.931561
3748	10.931561
3749	10.931561
3750	10.931561
3751	10.931561
3752	10.931561
3753	10.931561
3754	10.931561
3755	10.931561
3756	10.931561
3757	10.931561
3758	10.931561
3759	10.931561
3760	10.931561
3761	10.931561
3762	10.931561
3763	10.931561
3764	10.931561
3765	10.931561
3766	10.931561
3767	10.931561
3768	10.931561
3769	10.931561
3770	10.931561
3771	10.931561
3772	10.931561
3773	10.931561
3774	10.931561
3775	10.931561
3776	10.931561
3777	10.931561
3778	10.931561
3779	10.931561
3780	10.931561
3781	10.931561
3782	10.931561
3783	10.931561
3784	10.931561
3785	10.931561
3786	10.931561
3787	10.931561
3788	10.931561
3789	10.931561
3790	10.931561
3791	10.931561
3792	10.931561
3793	10.931561
3794	10.931561
3795	10.931561
3796	10.931561
3797	10.931561
3798	10.931561
3799	10.931561
3800	10.931561
3801	10.931561
3802	10.931561
3803	10.931561
3804	10.931561
3805	10.931561
3806	10.931561
3807	10.931561
3808	10.931561
3809	10.931561
3810	10.931561
3811	10.931561
3812	10.931561
3813	10.931561
3814	10.931561
3815	10.931561
3816	10.931561
3817	10.931561
3818	10.931561
3819	10.931561
3820	10.931561
3821	10.931561
3822	10.931561
3823	10.931561
3824	10.931561
3825	10.931561
3826	10.931561
3827	10.931561
3828	10.931561
3829	10.931561
3830	10.931561
3831	10.931561
3832	10.931561
3833	10.931561
3834	10.931561
3835	10.931561
3836	10.931561
3837	10.931561
3838	10.931561
3839	10.931561
3840	10.931561
3841	10.931561
3842	10.931561
3843	10.931561
3844	10.931561
3845	10.931561
3846	10.931561
3847	10.931561
3848	10.931561
3849	10.931561
3850	10.931561
3851	10.931561
3852	10.931561
3853	10.931561
3854	10.931561
3855	10.931561
3856	10.931561
3857	10.931561
3858	10.931561
3859	10.931561
3860	10.931561
3861	10.931561
3862	10.931561
3863	10.931561
3864	10.931561
3865	10.931561
3866	10.931561
3867	10.931561
3868	10.931561
3869	10.931561
3870	10.931561
3871	10.931561
3872	10.931561
3873	10.931561
3874	10.931561
3875	10.931561
3876	10.931561
3877	10.931561
3878	10.931561
3879	10.931561
3880	10.931561
3881	10.931561
3882	10.931561
3883	10.931561
3884	10.931561
3885	10.931561
3886	10.931561
3887	10.931561
3888	10.931561
3889	10.931561
3890	10.931561
3891	10.931561
3892	10.931561
3893	10.931561
3894	10.931561
3895	10.931561
3896	10.931561
3897	10.931561
3898	10.931561
3899	10.931561
3900	10.931561
3901	10.931561
3902	10.931561
3903	10.931561
3904	10.931561
3905	10.931561
3906	10.931561
3907	10.931561
3908	10.931561
3909	10.931561
3910	10.931561
3911	10.931561
3912	10.931561
3913	10.931561
3914	10.931561
3915	10.931561
3916	10.931561
3917	10.931561
3918	10.931561
3919	10.931561
3920	10.931561
3921	10.931561
3922	10.931561
3923	10.931561
3924	10.931561
3925	10.931561
3926	10.931561
3927	10.931561
3928	10.931561
3929	10.931561
3930	10.931561
3931	10.931561
3932	10.931561
3933	10.931561
3934	10.931561
3935	10.931561
3936	10.931561
3937	10.931561
3938	10.931561
3939	10.931561
3940	10.931561
3941	10.931561
3942	10.931561
3943	10.931561
3944	10.931561
3945	10.931561
3946	10.931561
3947	10.931561
3948	10.931561
3949	10.931561
3950	10.931561
3951	10.931561
3952	10.931561
3953	10.931561
3954	10.931561
3955	10.931561
3956	10.931561
3957	10.931561
3958	10.931561
3959	10.931561
3960	10.931561
3961	10.931561
3962	10.931561
3963	10.931561
3964	10.931561
3965	10.931561
3966	10.931561
3967	10.931561
3968	10.931561
3969	10.931561
3970	10.931561
3971	10.931561
3972	10.931561
3973	10.931561
3974	10.931561
3975	10.931561
3976	10.931561
3977	10.931561
3978	10.931561
3979	10.931561
3980	10.931561
3981	10.931561
3982	10.931561
3983	10.931561
3984	10.931561
3985	10.931561
3986	10.931561
3987	10.931561
3988	10.931561
3989	10.931561
3990	10.931561
3991	10.931561
3992	10.931561
3993	10.931561
3994	10.931561
3995	10.931561
3996	10.931561
3997	10.931561
3998	10.931561
3999	10.931561
4000	10.931561
4001	10.931561
4002	10.931561
4003	10.931561
4004	10.931561
4005	10.931561
4006	10.931561
4007	10.931561
4008	10.931561
4009	10.931561
4010	10.931561
4011	10.931561
4012	10.931561
4013	10.931561
4014	10.931561
4015	10.931561
4016	10.931561
4017	10.931561
4018	10.931561
4019	10.931561
4020	10.931561
4021	10.931561
4022	10.931561
4023	10.931561
4024	10.931561
4025	10.931561
4026	10.931561
4027	10.931561
4028	10.931561
4029	10.931561
4030	10.931561
4031	10.931561
4032	10.931561
4033	10.931561
4034	10.931561
4035	10.931561
4036	10.931561
4037	10.931561
4038	10.931561
4039	10.931561
4040	10.931561
4041	10.931561
4042	10.931561
4043	10.931561
4044	10.931561
4045	10.931561
4046	10.931561
4047	10.931561
4048	10.931561
4049	10.931561
4050	10.931561
4051	10.931561
4052	10.931561
4053	10.931561
4054	10.931561
4055	10.931561
4056	10.931561
4057	10.931561
4058	10.931561
4059	10.931561
4060	10.931561
4061	10.931561
4062	10.931561
4063	10.931561
4064	10.931561
4065	10.931561
4066	10.931561
4067	10.931561
4068	10.931561
4069	10.931561
4070	10.931561
4071	10.931561
4072	10.931561
4073	10.931561
4074	10.931561
4075	10.931561
4076	10.931561
4077	10.931561
4078	10.931561
4079	10.931561
4080	10.931561
4081	10.931561
4082	10.931561
4083	10.931561
4084	10.931561
4085	10.931561
4086	10.931561
4087	10.931561
4088	10.931561
4089	10.931561
4090	10.931561
4091	10.931561
4092	10.931561
4093	10.931561
4094	10.931561
4095	10.931561
4096	10.931561
4097	10.931561
4098	10.931561
4099	10.931561
4100	10.931561
4101	10.931561
4102	10.931561
4103	10.931561
4104	10.931561
4105	10.931561
4106	10.931561
4107	10.931561
4108	10.931561
4109	10.931561
4110	10.931561
4111	10.931561
4112	10.931561
4113	10.931561
4114	10.931561
4115	10.931561
4116	10.931561
4117	10.931561
4118	10.931561
4119	10.931561
4120	10.931561
4121	10.931561
4122	10.931561
4123	10.931561
4124	10.931561
4125	10.931561
4126	10.931561
4127	10.931561
4128	10.931561
4129	10.931561
4130	10.931561
4131	10.931561
4132	10.931561
4133	10.931561
4134	10.931561
4135	10.931561
4136	10.931561
4137	10.931561
4138	10.931561
4139	10.931561
4140	10.931561
4141	10.931561
4142	10.931561
4143	10.931561
4144	10.931561
4145	10.931561
4146	10.931561
4147	10.931561
4148	10.931561
4149	10.931561
4150	10.931561
4151	10.931561
4152	10.931561
4153	10.931561
4154	10.931561
4155	10.931561
4156	10.931561
4157	10.931561
4158	10.931561
4159	10.931561
4160	10.931561
4161	10.931561
4162	10.931561
4163	10.931561
4164	10.931561
4165	10.931561
4166	10.931561
4167	10.931561
4168	10.931561
4169	10.931561
4170	10.931561
4171	10.931561
4172	10.931561
4173	10.931561
4174	10.931561
4175	10.931561
4176	10.931561
4177	10.931561
4178	10.931561
4179	10.931561
4180	10.931561
4181	10.931561
4182	10.931561
4183	10.931561
4184	10.931561
4185	10.931561
4186	10.931561
4187	10.931561
4188	10.931561
4189	10.931561
4190	10.931561
4191	10.931561
4192	10.931561
4193	10.931561
4194	10.931561
4195	10.931561
4196	10.931561
4197	10.931561
4198	10.931561
4199	10.931561
4200	10.931561
4201	10.931561
4202	10.931561
4203	10.931561
4204	10.931561
4205	10.931561
4206	10.931561
4207	10.931561
4208	10.931561
4209	10.931561
4210	10.931561
4211	10.931561
4212	10.931561
4213	10.931561
4214	10.931561
4215	10.931561
4216	10.931561
4217	10.931561
4218	10.931561
4219	10.931561
4220	10.931561
4221	10.931561
4222	10.931561
4223	10.931561
4224	10.931561
4225	10.931561
4226	10.931561
4227	10.931561
4228	10.931561
4229	10.931561
4230	10.931561
4231	10.931561
4232	10.931561
4233	10.931561
4234	10.931561
4235	10.931561
4236	10.931561
4237	10.931561
4238	10.931561
4239	10.931561
4240	10.931561
4241	10.931561
4242	10.931561
4243	10.931561
4244	10.931561
4245	10.931561
4246	10.931561
4247	10.931561
4248	10.931561
4249	10.931561
4250	10.931561
4251	10.931561
4252	10.931561
4253	10.931561
4254	10.931561
4255	10.931561
4256	10.931561
4257	10.931561
4258	10.931561
4259	10.931561
4260	10.931561
4261	10.931561
4262	10.931561
4263	10.931561
4264	10.931561
4265	10.931561
4266	10.931561
4267	10.931561
4268	10.931561
4269	10.931561
4270	10.931561
4271	10.931561
4272	10.931561
4273	10.931561
4274	10.931561
4275	10.931561
4276	10.931561
4277	10.931561
4278	10.931561
4279	10.931561
4280	10.931561
4281	10.931561
4282	10.931561
4283	10.931561
4284	10.931561
4285	10.931561
4286	10.931561
4287	10.931561
4288	10.931561
4289	10.931561
4290	10.931561
4291	10.931561
4292	10.931561
4293	10.931561
4294	10.931561
4295	10.931561
4296	10.931561
4297	10.931561
4298	10.931561
4299	10.931561
4300	10.931561
4301	10.931561
4302	10.931561
4303	10.931561
4304	10.931561
4305	10.931561
4306	10.931561
4307	10.931561
4308	10.931561
4309	10.931561
4310	10.931561
4311	10.931561
4312	10.931561
4313	10.931561
4314	10.931561
4315	10.931561
4316	10.931561
4317	10.931561
4318	10.931561
4319	10.931561
4320	10.931561
4321	10.931561
4322	10.931561
4323	10.931561
4324	10.931561
4325	10.931561
4326	10.931561
4327	10.931561
4328	10.931561
4329	10.931561
4330	10.931561
4331	10.931561
4332	10.931561
4333	10.931561
4334	10.931561
4335	10.931561
4336	10.931561
4337	10.931561
4338	10.931561
4339	10.931561
4340	10.931561
4341	10.931561
4342	10.931561
4343	10.931561
4344	10.931561
4345	10.931561
4346	10.931561
4347	10.931561
4348	10.931561
4349	10.931561
4350	10.931561
4351	10.931561
4352	10.931561
4353	10.931561
4354	10.931561
4355	10.931561
4356	10.931561
4357	10.931561
4358	10.931561
4359	10.931561
4360	10.931561
4361	10.931561
4362	10.931561
4363	10.931561
4364	10.931561
4365	10.931561
4366	10.931561
4367	10.931561
4368	10.931561
4369	10.931561
4370	10.931561
4371	10.931561
4372	10.931561
4373	10.931561
4374	10.931561
4375	10.931561
4376	10.931561
4377	10.931561
4378	10.931561
4379	10.931561
4380	10.931561
4381	10.931561
4382	10.931561
4383	10.931561
4384	10.931561
4385	10.931561
4386	10.931561
4387	10.931561
4388	10.931561
4389	10.931561
4390	10.931561
4391	10.931561
4392	10.931561
4393	10.931561
4394	10.931561
4395	10.931561
4396	10.931561
4397	10.931561
4398	10.931561
4399	10.931561
4400	10.931561
4401	10.931561
4402	10.931561
4403	10.931561
4404	10.931561
4405	10.931561
4406	10.931561
4407	10.931561
4408	10.931561
4409	10.931561
4410	10.931561
4411	10.931561
4412	10.931561
4413	10.931561
4414	10.931561
4415	10.931561
4416	10.931561
4417	10.931561
4418	10.931561
4419	10.931561
4420	10.931561
4421	10.931561
4422	10.931561
4423	10.931561
4424	10.931561
4425	10.931561
4426	10.931561
4427	10.931561
4428	10.931561
4429	10.931561
4430	10.931561
4431	10.931561
4432	10.931561
4433	10.931561
4434	10.931561
4435	10.931561
4436	10.931561
4437	10.931561
4438	10.931561
4439	10.931561
4440	10.931561
4441	10.931561
4442	10.931561
4443	10.931561
4444	10.931561
4445	10.931561
4446	10.931561
4447	10.931561
4448	10.931561
4449	10.931561
4450	10.931561
4451	10.931561
4452	10.931561
4453	10.931561
4454	10.931561
4455	10.931561
4456	10.931561
4457	10.931561
4458	10.931561
4459	10.931561
4460	10.931561
4461	10.931561
4462	10.931561
4463	10.931561
4464	10.931561
4465	10.931561
4466	10.931561
4467	10.931561
4468	10.931561
4469	10.931561
4470	10.931561
4471	10.931561
4472	10.931561
4473	10.931561
4474	10.931561
4475	10.931561
4476	10.931561
4477	10.931561
4478	10.931561
4479	10.931561
4480	10.931561
4481	10.931561
4482	10.931561
4483	10.931561
4484	10.931561
4485	10.931561
4486	10.931561
4487	10.931561
4488	10.931561
4489	10.931561
4490	10.931561
4491	10.931561
4492	10.931561
4493	10.931561
4494	10.931561
4495	10.931561
4496	10.931561
4497	10.931561
4498	10.931561
4499	10.931561
4500	10.931561
4501	10.931561
4502	10.931561
4503	10.931561
4504	10.931561
4505	10.931561
4506	10.931561
4507	10.931561
4508	10.931561
4509	10.931561
4510	10.931561
4511	10.931561
4512	10.931561
4513	10.931561
4514	10.931561
4515	10.931561
4516	10.931561
4517	10.931561
4518	10.931561
4519	10.931561
4520	10.931561
4521	10.931561
4522	10.931561
4523	10.931561
4524	10.931561
4525	10.931561
4526	10.931561
4527	10.931561
4528	10.931561
4529	10.931561
4530	10.931561
4531	10.931561
4532	10.931561
4533	10.931561
4534	10.931561
4535	10.931561
4536	10.931561
4537	10.931561
4538	10.931561
4539	10.931561
4540	10.931561
4541	10.931561
4542	10.931561
4543	10.931561
4544	10.931561
4545	10.931561
4546	10.931561
4547	10.931561
4548	10.931561
4549	10.931561
4550	10.931561
4551	10.931561
4552	10.931561
4553	10.931561
4554	10.931561
4555	10.931561
4556	10.931561
4557	10.931561
4558	10.931561
4559	10.931561
4560	10.931561
4561	10.931561
4562	10.931561
4563	10.931561
4564	10.931561
4565	10.931561
4566	10.931561
4567	10.931561
4568	10.931561
4569	10.931561
4570	10.931561
4571	10.931561
4572	10.931561
4573	10.931561
4574	10.931561
4575	10.931561
4576	10.931561
4577	10.931561
4578	10.931561
4579	10.931561
4580	10.931561
4581	10.931561
4582	10.931561
4583	10.931561
4584	10.931561
4585	10.931561
4586	10.931561
4587	10.931561
4588	10.931561
4589	10.931561
4590	10.931561
4591	10.931561
4592	10.931561
4593	10.931561
4594	10.931561
4595	10.931561
4596	10.931561
4597	10.931561
4598	10.931561
4599	10.931561
4600	10.931561
4601	10.931561
4602	10.931561
4603	10.931561
4604	10.931561
4605	10.931561
4606	10.931561
4607	10.931561
4608	10.931561
4609	10.931561
4610	10.931561
4611	10.931561
4612	10.931561
4613	10.931561
4614	10.931561
4615	10.931561
4616	10.931561
4617	10.931561
4618	10.931561
4619	10.931561
4620	10.931561
4621	10.931561
4622	10.931561
4623	10.931561
4624	10.931561
4625	10.931561
4626	10.931561
4627	10.931561
4628	10.931561
4629	10.931561
4630	10.931561
4631	10.931561
4632	10.931561
4633	10.931561
4634	10.931561
4635	10.931561
4636	10.931561
4637	10.931561
4638	10.931561
4639	10.931561
4640	10.931561
4641	10.931561
4642	10.931561
4643	10.931561
4644	10.931561
4645	10.931561
4646	10.931561
4647	10.931561
4648	10.931561
4649	10.931561
4650	10.931561
4651	10.931561
4652	10.931561
4653	10.931561
4654	10.931561
4655	10.931561
4656	10.931561
4657	10.931561
4658	10.931561
4659	10.931561
4660	10.931561
4661	10.931561
4662	10.931561
4663	10.931561
4664	10.931561
4665	10.931561
4666	10.931561
4667	10.931561
4668	10.931561
4669	10.931561
4670	10.931561
4671	10.931561
4672	10.931561
4673	10.931561
4674	10.931561
4675	10.931561
4676	10.931561
4677	10.931561
4678	10.931561
4679	10.931561
4680	10.931561
4681	10.931561
4682	10.931561
4683	10.931561
4684	10.931561
4685	10.931561
4686	10.931561
4687	10.931561
4688	10.931561
4689	10.931561
4690	10.931561
4691	10.931561
4692	10.931561
4693	10.931561
4694	10.931561
4695	10.931561
4696	10.931561
4697	10.931561
4698	10.931561
4699	10.931561
4700	10.931561
4701	10.931561
4702	10.931561
4703	10.931561
4704	10.931561
4705	10.931561
4706	10.931561
4707	10.931561
4708	10.931561
4709	10.931561
4710	10.931561
4711	10.931561
4712	10.931561
4713	10.931561
4714	10.931561
4715	10.931561
4716	10.931561
4717	10.931561
4718	10.931561
4719	10.931561
4720	10.931561
4721	10.931561
4722	10.931561
4723	10.931561
4724	10.931561
4725	10.931561
4726	10.931561
4727	10.931561
4728	10.931561
4729	10.931561
4730	10.931561
4731	10.931561
4732	10.931561
4733	10.931561
4734	10.931561
4735	10.931561
4736	10.931561
4737	10.931561
4738	10.931561
4739	10.931561
4740	10.931561
4741	10.931561
4742	10.931561
4743	10.931561
4744	10.931561
4745	10.931561
4746	10.931561
4747	10.931561
4748	10.931561
4749	10.931561
4750	10.931561
4751	10.931561
4752	10.931561
4753	10.931561
4754	10.931561
4755	10.931561
4756	10.931561
4757	10.931561
4758	10.931561
4759	10.931561
4760	10.931561
4761	10.931561
4762	10.931561
4763	10.931561
4764	10.931561
4765	10.931561
4766	10.931561
4767	10.931561
4768	10.931561
4769	10.931561
4770	10.931561
4771	10.931561
4772	10.931561
4773	10.931561
4774	10.931561
4775	10.931561
4776	10.931561
4777	10.931561
4778	10.931561
4779	10.931561
4780	10.931561
4781	10.931561
4782	10.931561
4783	10.931561
4784	10.931561
4785	10.931561
4786	10.931561
4787	10.931561
4788	10.931561
4789	10.931561
4790	10.931561
4791	10.931561
4792	10.931561
4793	10.931561
4794	10.931561
4795	10.931561
4796	10.931561
4797	10.931561
4798	10.931561
4799	10.931561
4800	10.931561
4801	10.931561
4802	10.931561
4803	10.931561
4804	10.931561
4805	10.931561
4806	10.931561
4807	10.931561
4808	10.931561
4809	10.931561
4810	10.931561
4811	10.931561
4812	10.931561
4813	10.931561
4814	10.931561
4815	10.931561
4816	10.931561
4817	10.931561
4818	10.931561
4819	10.931561
4820	10.931561
4821	10.931561
4822	10.931561
4823	10.931561
4824	10.931561
4825	10.931561
4826	10.931561
4827	10.931561
4828	10.931561
4829	10.931561
4830	10.931561
4831	10.931561
4832	10.931561
4833	10.931561
4834	10.931561
4835	10.931561
4836	10.931561
4837	10.931561
4838	10.931561
4839	10.931561
4840	10.931561
4841	10.931561
4842	10.931561
4843	10.931561
4844	10.931561
4845	10.931561
4846	10.931561
4847	10.931561
4848	10.931561
4849	10.931561
4850	10.931561
4851	10.931561
4852	10.931561
4853	10.931561
4854	10.931561
4855	10.931561
4856	10.931561
4857	10.931561
4858	10.931561
4859	10.931561
4860	10.931561
4861	10.931561
4862	10.931561
4863	10.931561
4864	10.931561
4865	10.931561
4866	10.931561
4867	10.931561
4868	10.931561
4869	10.931561
4870	10.931561
4871	10.931561
4872	10.931561
4873	10.931561
4874	10.931561
4875	10.931561
4876	10.931561
