1	7.166585
2	7.21124
3	7.233496
4	7.238221
5	7.249561
6	7.260886
7	7.29271
8	7.303092
9	7.315012
10	7.447065
11	7.460169
12	7.595164
13	7.647676
14	7.651086
15	7.68975
16	7.691175
17	7.694729
18	7.834479
19	7.848159
20	7.859823
21	8.038427
22	8.044979
23	8.157701
24	8.167142
25	8.171132
26	8.171132
27	7.885437
28	7.885437
29	8.078915
30	8.070622
31	7.900412
32	7.917182
33	7.927016
34	7.908581
35	7.90538
36	7.913462
37	7.996226
38	7.996226
39	8.006876
40	8.10585
41	8.098581
42	8.098581
43	8.098581
44	8.109765
45	8.109765
46	8.456976
47	8.461272
48	8.511152
49	8.511152
50	8.512642
51	8.508889
52	8.522929
53	8.535088
54	8.655207
55	8.655207
56	8.684562
57	8.732194
58	8.625688
59	8.625688
60	8.793103
61	8.802589
62	8.802589
63	8.802589
64	8.821921
65	8.638553
66	8.460804
67	8.480985
68	8.490794
69	8.569534
70	8.569534
71	8.689763
72	8.689763
73	8.689763
74	8.748483
75	8.759427
76	8.902397
77	8.873221
78	8.873221
79	8.894952
80	8.922588
81	8.922588
82	8.922904
83	8.959756
84	8.843007
85	8.847141
86	8.897102
87	8.901478
88	8.901478
89	8.892341
90	8.937053
91	8.955617
92	8.685012
93	8.660944
94	8.711852
95	8.327351
96	8.261849
97	8.261849
98	8.268061
99	8.294152
100	8.282032
101	8.287732
102	8.300008
103	8.300008
104	8.302369
105	8.329825
106	8.329825
107	8.254163
108	8.254163
109	8.260085
110	8.309581
111	8.25829
112	8.25829
113	8.253716
114	8.282075
115	8.292779
116	8.348003
117	8.416895
118	8.88963
119	9.018906
120	9.018906
121	9.018906
122	9.019389
123	9.015662
124	9.045592
125	9.045592
126	9.046583
127	9.110478
128	9.110478
129	9.425762
130	9.426473
131	9.326774
132	9.456474
133	9.54539
134	9.473153
135	9.401764
136	9.430534
137	9.325396
138	9.326194
139	9.331426
140	9.331426
141	9.331426
142	9.331426
143	9.33252
144	9.404715
145	9.404715
146	9.403853
147	9.403853
148	9.403853
149	9.460369
150	9.460369
151	9.678586
152	9.619416
153	9.892121
154	9.892121
155	9.892121
156	9.892121
157	9.892121
158	9.955296
159	9.855969
160	9.77898
161	9.707378
162	9.707378
163	9.664195
164	9.491722
165	9.491722
166	9.491722
167	9.491722
168	9.372578
169	9.421535
170	9.396063
171	9.521632
172	9.515945
173	9.515945
174	9.548445
175	9.383071
176	9.462733
177	9.31651
178	9.31651
179	9.386103
180	9.386103
181	9.386103
182	9.458373
183	9.458373
184	9.458373
185	9.513714
186	9.513714
187	9.632858
188	9.632858
189	9.652688
190	9.515106
191	9.515536
192	9.515536
193	9.515536
194	9.653118
195	9.262404
196	9.134793
197	9.262404
198	9.262404
199	9.266238
200	9.15433
201	9.15433
202	9.049258
203	9.049258
204	9.026324
205	9.026324
206	9.029525
207	9.029525
208	9.029525
209	9.16747
210	9.16747
211	9.160045
212	9.160045
213	9.334369
214	9.334369
215	9.411232
216	9.411232
217	9.411232
218	9.422447
219	9.512019
220	9.424107
221	9.424107
222	9.424107
223	9.424107
224	9.68681
225	9.68681
226	9.613379
227	9.749258
228	9.749258
229	9.749258
230	9.749258
231	9.749258
232	9.749258
233	9.655702
234	9.655702
235	9.655702
236	9.673646
237	9.673646
238	9.673646
239	9.478497
240	9.171966
241	9.06154
242	9.06154
243	9.06154
244	9.112448
245	9.113231
246	9.113231
247	9.23762
248	9.23762
249	9.23762
250	9.23762
251	9.23762
252	9.23762
253	9.23762
254	9.244848
255	9.35706
256	9.35706
257	9.35706
258	9.35706
259	9.33517
260	9.413137
261	9.558249
262	9.558249
263	9.558249
264	9.495379
265	9.495379
266	9.495379
267	9.435028
268	9.435028
269	9.286773
270	9.25865
271	9.207742
272	9.133983
273	9.133983
274	9.133983
275	9.091243
276	9.091243
277	9.106964
278	9.189711
279	9.278863
280	9.284435
281	9.284435
282	9.201458
283	9.248794
284	9.228394
285	9.183594
286	9.06402
287	9.003682
288	8.937216
289	9.007521
290	8.916052
291	8.906905
292	8.986491
293	8.986491
294	9.037399
295	9.011888
296	9.011888
297	9.062589
298	9.062589
299	9.067653
300	9.067653
301	9.067653
302	9.114273
303	9.114273
304	9.061214
305	9.061214
306	9.061214
307	9.061214
308	9.061214
309	9.061214
310	9.150163
311	9.150163
312	9.219756
313	9.219756
314	9.219756
315	9.219756
316	9.22771
317	9.22771
318	9.22771
319	9.22771
320	9.22771
321	9.22771
322	9.2524
323	9.2524
324	9.2524
325	9.2524
326	9.328482
327	9.303792
328	9.181618
329	9.171076
330	9.118284
331	9.15754
332	9.15754
333	9.15754
334	9.231966
335	9.23394
336	9.254935
337	9.254935
338	9.287641
339	9.287641
340	9.287641
341	9.291095
342	9.291095
343	9.291095
344	9.141762
345	9.211002
346	9.211002
347	9.211002
348	9.21915
349	9.21915
350	9.21915
351	9.215852
352	9.215852
353	9.098676
354	9.211535
355	9.211535
356	9.211535
357	9.206471
358	9.206471
359	9.206471
360	9.191339
361	9.229427
362	9.065166
363	9.065166
364	9.065166
365	9.065166
366	9.225973
367	9.25273
368	9.258604
369	9.241237
370	9.254968
371	9.389214
372	9.362457
373	9.399869
374	9.399869
375	9.399869
376	9.170401
377	9.204721
378	9.231478
379	9.229447
380	9.229447
381	9.400586
382	9.447559
383	9.447559
384	9.447559
385	9.447559
386	9.447559
387	9.530119
388	9.404251
389	9.404251
390	9.365666
391	9.365666
392	9.31313
393	9.31313
394	9.31313
395	9.201157
396	9.381729
397	9.387939
398	9.387939
399	9.387939
400	9.412908
401	9.278855
402	9.317311
403	9.337179
404	9.337179
405	9.337179
406	9.298723
407	9.298723
408	9.298723
409	9.360551
410	9.395264
411	9.395264
412	9.395264
413	9.360551
414	9.238816
415	9.301389
416	9.301389
417	9.301389
418	9.339845
419	9.339845
420	9.339845
421	9.35661
422	9.373367
423	9.334911
424	9.438391
425	9.420417
426	9.420417
427	9.420417
428	9.420417
429	9.420417
430	9.420417
431	9.391339
432	9.391339
433	9.522009
434	9.522009
435	9.522009
436	9.522009
437	9.522009
438	9.522009
439	9.542409
440	9.542409
441	9.542409
442	9.542409
443	9.542409
444	9.542409
445	9.62081
446	9.598669
447	9.642798
448	9.642798
449	9.661627
450	9.661627
451	9.667967
452	9.668744
453	9.668744
454	9.668744
455	9.653251
456	9.653251
457	9.653251
458	9.653251
459	9.653251
460	9.653251
461	9.653251
462	9.653251
463	9.653251
464	9.654331
465	9.664241
466	9.581803
467	9.561208
468	9.561208
469	9.561208
470	9.561208
471	9.522222
472	9.522222
473	9.522222
474	9.522222
475	9.613834
476	9.613834
477	9.744624
478	9.792116
479	9.792116
480	9.792116
481	9.792116
482	9.792116
483	9.801019
484	9.801019
485	9.801019
486	9.801019
487	9.825709
488	9.825709
489	9.825709
490	9.801019
491	9.823645
492	9.910337
493	9.958663
494	9.958663
495	9.993483
496	9.993483
497	9.928739
498	9.918148
499	9.797949
500	9.818446
501	9.818446
502	9.88267
503	9.88267
504	9.88267
505	9.860044
506	9.860044
507	9.860044
508	9.860044
509	9.860044
510	9.860044
511	9.860044
512	9.860044
513	9.860044
514	9.860044
515	9.88267
516	9.860044
517	9.931862
518	9.931862
519	9.931862
520	9.931862
521	9.931862
522	9.934648
523	9.934648
524	9.983029
525	10.009993
526	9.965864
527	9.965864
528	9.965864
529	9.965864
530	9.965864
531	9.965864
532	9.9389
533	9.932307
534	10.025411
535	10.032004
536	10.032004
537	10.032004
538	10.058968
539	10.058968
540	10.058968
541	10.058968
542	10.058968
543	10.17615
544	10.232069
545	10.232069
546	10.229803
547	10.254493
548	10.254493
549	10.277119
550	10.277119
551	10.277119
552	10.277119
553	10.277119
554	10.277119
555	10.277119
556	10.277119
557	10.277119
558	10.277119
559	10.277119
560	10.277119
561	10.277119
562	10.277119
563	10.277119
564	10.204492
565	10.204492
566	10.204492
567	10.204492
568	10.148917
569	10.148917
570	10.129147
571	10.129147
572	10.129147
573	10.116013
574	10.076983
575	9.98876
576	9.908165
577	9.908165
578	9.908165
579	9.908165
580	9.8836
581	9.8836
582	9.8836
583	9.92845
584	9.92845
585	9.92845
586	9.92845
587	9.92845
588	9.92845
589	9.92845
590	10.008495
591	10.057663
592	10.057663
593	10.057663
594	10.057663
595	10.057663
596	10.057663
597	10.057663
598	10.057663
599	10.057663
600	10.057663
601	10.035176
602	10.035176
603	10.035176
604	10.035176
605	10.043136
606	10.043136
607	10.043136
608	10.043136
609	10.043136
610	10.043136
611	10.043136
612	10.043136
613	10.043136
614	10.043136
615	10.043136
616	10.043136
617	10.043136
618	10.043136
619	10.043136
620	10.043136
621	9.933885
622	9.933885
623	9.933885
624	9.933885
625	9.933885
626	9.933885
627	9.933885
628	9.933885
629	9.933885
630	9.933885
631	9.933885
632	9.933885
633	9.933885
634	9.933885
635	9.933885
636	9.933885
637	9.933885
638	9.807719
639	9.807719
640	9.807719
641	9.807719
642	9.807719
643	9.807719
644	9.807719
645	9.807719
646	9.807719
647	9.807719
648	9.807719
649	9.807719
650	9.807719
651	9.807719
652	9.879549
653	9.879549
654	9.879549
655	9.879549
656	9.987358
657	9.987358
658	9.987358
659	9.987358
660	9.987358
661	10.029511
662	9.920657
663	9.920657
664	9.920657
665	9.899364
666	9.903145
667	9.903145
668	10.018813
669	10.018813
670	10.018813
671	10.018813
672	9.911988
673	9.911988
674	9.911988
675	9.945821
676	9.945821
677	9.945821
678	9.945821
679	9.945821
680	9.945821
681	9.945821
682	9.945821
683	9.945821
684	9.945821
685	9.945821
686	9.959611
687	10.009909
688	10.009909
689	10.016874
690	10.016874
691	10.016874
692	10.016874
693	10.016874
694	10.016874
695	10.016874
696	10.016874
697	10.016874
698	10.016874
699	10.157529
700	10.157529
701	10.157529
702	10.157529
703	10.267145
704	10.267145
705	10.238489
706	10.238489
707	10.238489
708	10.238489
709	10.238489
710	10.238489
711	10.238489
712	10.285652
713	10.285652
714	10.285652
715	10.285652
716	10.285652
717	10.268391
718	10.268391
719	10.268391
720	10.268391
721	10.268391
722	10.268391
723	10.268391
724	10.268391
725	10.268391
726	10.207497
727	10.207497
728	10.207497
729	10.207497
730	10.207497
731	10.207497
732	10.207497
733	10.207497
734	10.311326
735	10.311326
736	10.311326
737	10.311326
738	10.393837
739	10.393837
740	10.393837
741	10.393837
742	10.35598
743	10.35598
744	10.35598
745	10.35598
746	10.35598
747	10.35598
748	10.35598
749	10.35598
750	10.35598
751	10.35598
752	10.302099
753	10.302099
754	10.302099
755	10.302099
756	10.302099
757	10.302099
758	10.302099
759	10.302099
760	10.302099
761	10.302099
762	10.302099
763	10.302099
764	10.302099
765	10.302099
766	10.302099
767	10.302099
768	10.302099
769	10.302099
770	10.302099
771	10.362993
772	10.362993
773	10.362993
774	10.362993
775	10.314238
776	10.314238
777	10.314238
778	10.314238
779	10.314238
780	10.314238
781	10.314238
782	10.314238
783	10.281005
784	10.281005
785	10.281005
786	10.281005
787	10.281005
788	10.281005
789	10.281005
790	10.281005
791	10.281005
792	10.281005
793	10.281005
794	10.281005
795	10.281005
796	10.281005
797	10.281005
798	10.303346
799	10.303346
800	10.303346
801	10.303346
802	10.303346
803	10.303346
804	10.303346
805	10.303346
806	10.303346
807	10.303346
808	10.303346
809	10.303346
810	10.303346
811	10.303346
812	10.303346
813	10.3324
814	10.3324
815	10.3324
816	10.3324
817	10.3324
818	10.3324
819	10.3324
820	10.36105
821	10.36105
822	10.36105
823	10.36105
824	10.36105
825	10.36105
826	10.36105
827	10.36105
828	10.36105
829	10.36105
830	10.36105
831	10.36105
832	10.36105
833	10.36105
834	10.3324
835	10.3324
836	10.3324
837	10.3324
838	10.3324
839	10.3324
840	10.3324
841	10.3324
842	10.3324
843	10.3324
844	10.3324
845	10.3324
846	10.3324
847	10.3324
848	10.3324
849	10.3324
850	10.387523
851	10.387523
852	10.387523
853	10.387523
854	10.378966
855	10.378966
856	10.378966
857	10.378966
858	10.378966
859	10.331844
860	10.331844
861	10.331844
862	10.331844
863	10.331844
864	10.518235
865	10.518235
866	10.546891
867	10.546891
868	10.546891
869	10.546891
870	10.546891
871	10.546891
872	10.546891
873	10.546891
874	10.546891
875	10.546891
876	10.546891
877	10.546891
878	10.546891
879	10.546891
880	10.546891
881	10.546891
882	10.546891
883	10.546891
884	10.546891
885	10.546891
886	10.546891
887	10.546891
888	10.546891
889	10.546891
890	10.546891
891	10.546891
892	10.546891
893	10.546891
894	10.546891
895	10.546891
896	10.546891
897	10.568184
898	10.601417
899	10.601417
900	10.601417
901	10.598233
902	10.598233
903	10.598233
904	10.598233
905	10.598233
906	10.601417
907	10.601417
908	10.601417
909	10.601417
910	10.601417
911	10.601417
912	10.601417
913	10.601417
914	10.601417
915	10.601417
916	10.601417
917	10.601417
918	10.601417
919	10.601417
920	10.601417
921	10.601417
922	10.601417
923	10.601417
924	10.601417
925	10.601417
926	10.601417
927	10.601417
928	10.601417
929	10.601417
930	10.601417
931	10.601417
932	10.601417
933	10.601417
934	10.601417
935	10.601417
936	10.601417
937	10.601417
938	10.601417
939	10.601417
940	10.601417
941	10.601417
942	10.601417
943	10.601417
944	10.603606
945	10.603606
946	10.571766
947	10.571766
948	10.571766
949	10.571766
950	10.571766
951	10.571766
952	10.571766
953	10.571766
954	10.571766
955	10.571766
956	10.571766
957	10.571766
958	10.571766
959	10.571766
960	10.571766
961	10.571766
962	10.603606
963	10.603606
964	10.603606
965	10.603606
966	10.603606
967	10.603606
968	10.603606
969	10.603606
970	10.603606
971	10.603606
972	10.603606
973	10.603606
974	10.603606
975	10.603606
976	10.603606
977	10.603606
978	10.603606
979	10.603606
980	10.603606
981	10.603606
982	10.603606
983	10.603606
984	10.603606
985	10.603606
986	10.603606
987	10.603606
988	10.603606
989	10.603606
990	10.603606
991	10.603606
992	10.603606
993	10.603606
994	10.603606
995	10.603606
996	10.603606
997	10.603606
998	10.603606
999	10.603606
1000	10.603606
1001	10.603606
1002	10.603606
1003	10.603606
1004	10.603606
1005	10.613357
1006	10.613357
1007	10.613357
1008	10.613357
1009	10.613357
1010	10.613357
1011	10.613357
1012	10.613357
1013	10.613357
1014	10.613357
1015	10.613357
1016	10.613357
1017	10.613357
1018	10.613357
1019	10.613357
1020	10.613357
1021	10.613357
1022	10.613357
1023	10.613357
1024	10.613357
1025	10.613357
1026	10.613357
1027	10.613357
1028	10.613357
1029	10.613357
1030	10.613357
1031	10.613357
1032	10.578731
1033	10.578731
1034	10.578731
1035	10.578731
1036	10.578731
1037	10.578731
1038	10.578731
1039	10.578731
1040	10.578731
1041	10.578731
1042	10.578731
1043	10.578731
1044	10.578731
1045	10.578731
1046	10.578731
1047	10.578731
1048	10.578731
1049	10.578731
1050	10.578731
1051	10.578731
1052	10.578731
1053	10.578731
1054	10.578731
1055	10.578731
1056	10.578731
1057	10.578731
1058	10.578731
1059	10.578731
1060	10.578731
1061	10.578731
1062	10.578731
1063	10.578731
1064	10.578731
1065	10.578731
1066	10.578731
1067	10.578731
1068	10.578731
1069	10.578731
1070	10.578731
1071	10.578731
1072	10.578731
1073	10.578731
1074	10.578731
1075	10.578731
1076	10.578731
1077	10.578731
1078	10.578731
1079	10.578731
1080	10.578731
1081	10.578731
1082	10.578731
1083	10.578731
1084	10.578731
1085	10.578731
1086	10.578731
1087	10.578731
1088	10.578731
1089	10.578731
1090	10.578731
1091	10.578731
1092	10.578731
1093	10.578731
1094	10.578731
1095	10.578731
1096	10.578731
1097	10.578731
1098	10.578731
1099	10.578731
1100	10.578731
1101	10.578731
1102	10.578731
1103	10.578731
1104	10.578731
1105	10.578731
1106	10.578731
1107	10.578731
1108	10.578731
1109	10.578731
1110	10.578731
1111	10.578731
1112	10.578731
1113	10.578731
1114	10.578731
1115	10.578731
1116	10.578731
1117	10.578731
1118	10.578731
1119	10.578731
1120	10.531568
1121	10.531568
1122	10.531568
1123	10.531568
1124	10.531568
1125	10.531568
1126	10.531568
1127	10.531568
1128	10.531568
1129	10.531568
1130	10.531568
1131	10.531568
1132	10.531568
1133	10.531568
1134	10.531568
1135	10.531568
1136	10.531568
1137	10.531568
1138	10.531568
1139	10.531568
1140	10.531568
1141	10.540125
1142	10.540125
1143	10.540125
1144	10.557386
1145	10.557386
1146	10.557386
1147	10.557386
1148	10.555794
1149	10.555794
1150	10.555794
1151	10.555794
1152	10.555794
1153	10.555794
1154	10.555794
1155	10.555794
1156	10.555794
1157	10.555794
1158	10.555794
1159	10.51305
1160	10.51305
1161	10.51305
1162	10.51305
1163	10.51305
1164	10.561912
1165	10.561912
1166	10.561912
1167	10.561912
1168	10.561912
1169	10.561912
1170	10.561912
1171	10.561912
1172	10.561912
1173	10.561912
1174	10.561912
1175	10.561912
1176	10.561912
1177	10.561912
1178	10.561912
1179	10.561912
1180	10.561912
1181	10.561912
1182	10.561912
1183	10.530271
1184	10.530271
1185	10.530271
1186	10.530271
1187	10.530271
1188	10.530271
1189	10.530271
1190	10.530271
1191	10.530271
1192	10.531494
1193	10.531494
1194	10.531494
1195	10.531494
1196	10.531494
1197	10.531494
1198	10.531494
1199	10.531494
1200	10.531494
1201	10.531494
1202	10.531494
1203	10.531494
1204	10.531494
1205	10.531494
1206	10.531494
1207	10.531494
1208	10.531494
1209	10.531494
1210	10.531494
1211	10.531494
1212	10.531494
1213	10.531494
1214	10.531494
1215	10.531494
1216	10.531494
1217	10.531494
1218	10.531494
1219	10.531494
1220	10.531494
1221	10.531494
1222	10.531494
1223	10.531494
1224	10.531494
1225	10.531494
1226	10.531494
1227	10.531494
1228	10.531494
1229	10.531494
1230	10.531494
1231	10.531494
1232	10.531494
1233	10.531494
1234	10.531494
1235	10.531494
1236	10.531494
1237	10.531494
1238	10.531494
1239	10.531494
1240	10.531494
1241	10.531494
1242	10.531494
1243	10.531494
1244	10.531494
1245	10.531494
1246	10.531494
1247	10.531494
1248	10.531494
1249	10.531494
1250	10.531494
1251	10.531494
1252	10.531494
1253	10.531494
1254	10.531494
1255	10.531494
1256	10.531494
1257	10.531494
1258	10.531494
1259	10.531494
1260	10.531494
1261	10.531494
1262	10.531494
1263	10.531494
1264	10.531494
1265	10.531494
1266	10.531494
1267	10.531494
1268	10.531494
1269	10.531494
1270	10.531494
1271	10.531494
1272	10.531494
1273	10.531494
1274	10.531494
1275	10.531494
1276	10.531494
1277	10.531494
1278	10.531494
1279	10.531494
1280	10.531494
1281	10.531494
1282	10.531494
1283	10.531494
1284	10.531494
1285	10.531494
1286	10.531494
1287	10.531494
1288	10.607641
1289	10.607641
1290	10.607641
1291	10.607641
1292	10.607641
1293	10.607641
1294	10.607641
1295	10.607641
1296	10.607641
1297	10.607641
1298	10.607641
1299	10.607641
1300	10.607641
1301	10.607641
1302	10.607641
1303	10.607641
1304	10.607641
1305	10.607641
1306	10.607641
1307	10.607641
1308	10.607641
1309	10.607641
1310	10.607641
1311	10.607641
1312	10.607641
1313	10.600982
1314	10.600982
1315	10.600982
1316	10.600982
1317	10.600982
1318	10.600982
1319	10.600982
1320	10.598793
1321	10.598793
1322	10.598793
1323	10.598793
1324	10.598793
1325	10.598793
1326	10.598793
1327	10.598793
1328	10.598793
1329	10.598793
1330	10.598793
1331	10.598793
1332	10.598793
1333	10.598793
1334	10.598793
1335	10.598793
1336	10.598793
1337	10.598793
1338	10.598793
1339	10.598793
1340	10.598793
1341	10.598793
1342	10.598793
1343	10.598793
1344	10.598793
1345	10.598793
1346	10.598793
1347	10.598793
1348	10.598793
1349	10.598793
1350	10.598793
1351	10.598793
1352	10.598793
1353	10.598793
1354	10.598793
1355	10.598793
1356	10.598793
1357	10.598793
1358	10.598793
1359	10.598793
1360	10.598793
1361	10.598793
1362	10.598793
1363	10.598793
1364	10.598793
1365	10.598793
1366	10.598793
1367	10.598793
1368	10.598793
1369	10.598793
1370	10.598793
1371	10.598793
1372	10.598793
1373	10.598793
1374	10.598793
1375	10.598793
1376	10.598793
1377	10.598793
1378	10.598793
1379	10.598793
1380	10.598793
1381	10.598793
1382	10.598793
1383	10.598793
1384	10.598793
1385	10.598793
1386	10.598793
1387	10.598793
1388	10.598793
1389	10.598793
1390	10.598793
1391	10.598793
1392	10.598793
1393	10.598793
1394	10.598793
1395	10.598793
1396	10.598793
1397	10.598793
1398	10.598793
1399	10.598793
1400	10.598793
1401	10.598793
1402	10.598793
1403	10.598793
1404	10.598793
1405	10.598793
1406	10.598793
1407	10.598793
1408	10.598793
1409	10.598793
1410	10.598793
1411	10.598793
1412	10.598793
1413	10.598793
1414	10.598793
1415	10.598793
1416	10.598793
1417	10.598793
1418	10.598793
1419	10.598793
1420	10.598793
1421	10.598793
1422	10.598793
1423	10.598793
1424	10.598793
1425	10.598793
1426	10.598793
1427	10.598793
1428	10.598793
1429	10.598793
1430	10.598793
1431	10.598793
1432	10.598793
1433	10.598793
1434	10.598793
1435	10.598793
1436	10.598793
1437	10.598793
1438	10.598793
1439	10.566862
1440	10.566862
1441	10.566862
1442	10.566862
1443	10.566862
1444	10.566862
1445	10.566862
1446	10.566862
1447	10.566862
1448	10.566862
1449	10.566862
1450	10.566862
1451	10.566862
1452	10.566862
1453	10.566862
1454	10.566862
1455	10.566862
1456	10.566862
1457	10.566862
1458	10.566862
1459	10.566862
1460	10.566862
1461	10.566862
1462	10.566862
1463	10.566862
1464	10.566862
1465	10.566862
1466	10.566862
1467	10.566862
1468	10.566862
1469	10.598793
1470	10.598793
1471	10.598793
1472	10.598793
1473	10.598793
1474	10.598793
1475	10.598793
1476	10.598793
1477	10.598793
1478	10.598793
1479	10.598793
1480	10.598793
1481	10.598793
1482	10.598793
1483	10.598793
1484	10.598793
1485	10.598793
1486	10.598793
1487	10.598793
1488	10.598793
1489	10.598793
1490	10.598793
1491	10.598793
1492	10.598793
1493	10.598793
1494	10.598793
1495	10.598793
1496	10.598793
1497	10.598793
1498	10.598793
1499	10.598793
1500	10.598793
1501	10.598793
1502	10.598793
1503	10.598793
1504	10.598793
1505	10.598793
1506	10.598793
1507	10.598793
1508	10.598793
1509	10.598793
1510	10.598793
1511	10.598793
1512	10.598793
1513	10.598793
1514	10.598793
1515	10.598793
1516	10.598793
1517	10.598793
1518	10.598793
1519	10.598793
1520	10.598793
1521	10.600982
1522	10.600982
1523	10.600982
1524	10.600982
1525	10.600982
1526	10.600982
1527	10.600982
1528	10.600982
1529	10.600982
1530	10.600982
1531	10.600982
1532	10.600982
1533	10.600982
1534	10.600982
1535	10.600982
1536	10.600982
1537	10.600982
1538	10.600982
1539	10.600982
1540	10.600982
1541	10.600982
1542	10.600982
1543	10.600982
1544	10.600982
1545	10.600982
1546	10.600982
1547	10.600982
1548	10.600982
1549	10.600982
1550	10.600982
1551	10.600982
1552	10.600982
1553	10.600982
1554	10.600982
1555	10.600982
1556	10.600982
1557	10.600982
1558	10.600982
1559	10.600982
1560	10.600982
1561	10.600982
1562	10.600982
1563	10.600982
1564	10.600982
1565	10.600982
1566	10.600982
1567	10.600982
1568	10.600982
1569	10.570137
1570	10.570137
1571	10.570137
1572	10.570137
1573	10.570137
1574	10.570137
1575	10.570137
1576	10.570137
1577	10.570137
1578	10.570137
1579	10.570137
1580	10.570137
1581	10.570137
1582	10.570137
1583	10.570137
1584	10.570137
1585	10.570137
1586	10.570137
1587	10.570137
1588	10.570137
1589	10.570137
1590	10.570137
1591	10.570137
1592	10.570137
1593	10.570137
1594	10.570137
1595	10.570137
1596	10.570137
1597	10.570137
1598	10.570137
1599	10.570137
1600	10.570137
1601	10.570137
1602	10.570137
1603	10.570137
1604	10.570137
1605	10.570137
1606	10.570137
1607	10.570137
1608	10.570137
1609	10.570137
1610	10.570137
1611	10.570137
1612	10.570137
1613	10.570137
1614	10.570137
1615	10.570137
1616	10.570137
1617	10.570137
1618	10.570137
1619	10.570137
1620	10.570137
1621	10.570137
1622	10.570137
1623	10.570137
1624	10.570137
1625	10.570137
1626	10.570137
1627	10.570137
1628	10.570137
1629	10.570137
1630	10.570137
1631	10.570137
1632	10.570137
1633	10.570137
1634	10.570137
1635	10.570137
1636	10.570137
1637	10.570137
1638	10.570137
1639	10.570137
1640	10.570137
1641	10.570137
1642	10.570137
1643	10.606049
1644	10.606049
1645	10.606049
1646	10.606049
1647	10.606049
1648	10.606049
1649	10.606049
1650	10.606049
1651	10.606049
1652	10.611011
1653	10.611011
1654	10.611011
1655	10.611011
1656	10.611011
1657	10.611011
1658	10.611011
1659	10.611011
1660	10.611011
1661	10.611011
1662	10.611011
1663	10.611011
1664	10.611011
1665	10.611011
1666	10.611011
1667	10.611011
1668	10.611011
1669	10.611011
1670	10.611011
1671	10.611011
1672	10.611011
1673	10.611011
1674	10.611011
1675	10.611011
1676	10.611011
1677	10.611011
1678	10.611011
1679	10.611011
1680	10.611011
1681	10.611011
1682	10.611011
1683	10.611011
1684	10.611011
1685	10.611011
1686	10.611011
1687	10.611011
1688	10.611011
1689	10.611011
1690	10.611011
1691	10.611011
1692	10.611011
1693	10.611011
1694	10.611011
1695	10.611011
1696	10.611011
1697	10.611011
1698	10.611011
1699	10.611011
1700	10.611011
1701	10.611011
1702	10.611011
1703	10.611011
1704	10.611011
1705	10.611011
1706	10.611011
1707	10.611011
1708	10.611011
1709	10.611011
1710	10.611011
1711	10.611011
1712	10.611011
1713	10.611011
1714	10.611011
1715	10.611011
1716	10.611011
1717	10.611011
1718	10.611011
1719	10.611011
1720	10.611011
1721	10.611011
1722	10.611011
1723	10.611011
1724	10.611011
1725	10.604046
1726	10.604046
1727	10.604046
1728	10.604046
1729	10.604046
1730	10.604046
1731	10.604046
1732	10.604046
1733	10.604046
1734	10.604046
1735	10.604046
1736	10.604046
1737	10.604046
1738	10.604046
1739	10.604046
1740	10.604046
1741	10.604046
1742	10.604046
1743	10.604046
1744	10.604046
1745	10.604046
1746	10.604046
1747	10.604046
1748	10.604046
1749	10.604046
1750	10.604046
1751	10.604046
1752	10.604046
1753	10.604046
1754	10.604046
1755	10.604046
1756	10.604046
1757	10.604046
1758	10.604046
1759	10.604046
1760	10.604046
1761	10.604046
1762	10.604046
1763	10.604046
1764	10.604046
1765	10.604046
1766	10.604046
1767	10.604046
1768	10.604046
1769	10.604046
1770	10.604046
1771	10.604046
1772	10.604046
1773	10.604046
1774	10.604046
1775	10.604046
1776	10.604046
1777	10.604046
1778	10.604046
1779	10.604046
1780	10.604046
1781	10.604046
1782	10.604046
1783	10.604046
1784	10.604046
1785	10.604046
1786	10.604046
1787	10.604046
1788	10.604046
1789	10.604046
1790	10.604046
1791	10.604046
1792	10.604046
1793	10.604046
1794	10.604046
1795	10.604046
1796	10.604046
1797	10.604046
1798	10.604046
1799	10.604046
1800	10.604046
1801	10.604046
1802	10.604046
1803	10.604046
1804	10.604046
1805	10.599084
1806	10.599084
1807	10.599084
1808	10.599084
1809	10.599084
1810	10.599084
1811	10.599084
1812	10.599084
1813	10.599084
1814	10.599084
1815	10.599084
1816	10.599084
1817	10.599084
1818	10.599084
1819	10.599084
1820	10.599084
1821	10.59988
1822	10.59988
1823	10.59988
1824	10.59988
1825	10.59988
1826	10.59988
1827	10.59988
1828	10.59988
1829	10.59988
1830	10.59988
1831	10.59988
1832	10.59988
1833	10.59988
1834	10.59988
1835	10.59988
1836	10.59988
1837	10.59988
1838	10.59988
1839	10.59988
1840	10.59988
1841	10.59988
1842	10.59988
1843	10.59988
1844	10.59988
1845	10.59988
1846	10.59988
1847	10.59988
1848	10.59988
1849	10.59988
1850	10.59988
1851	10.59988
1852	10.59988
1853	10.59988
1854	10.59988
1855	10.59988
1856	10.59988
1857	10.599084
1858	10.599084
1859	10.599084
1860	10.599084
1861	10.599084
1862	10.599084
1863	10.599084
1864	10.599084
1865	10.599084
1866	10.599084
1867	10.599084
1868	10.599084
1869	10.599084
1870	10.599084
1871	10.599084
1872	10.599084
1873	10.599084
1874	10.599084
1875	10.599084
1876	10.599084
1877	10.599084
1878	10.599084
1879	10.599084
1880	10.599084
1881	10.599084
1882	10.599084
1883	10.599084
1884	10.599084
1885	10.599084
1886	10.599084
1887	10.599084
1888	10.599084
1889	10.599084
1890	10.599084
1891	10.599084
1892	10.599084
1893	10.599084
1894	10.599084
1895	10.599084
1896	10.599084
1897	10.599084
1898	10.599084
1899	10.599084
1900	10.599084
1901	10.599084
1902	10.599084
1903	10.598482
1904	10.598482
1905	10.598482
1906	10.598482
1907	10.598482
1908	10.598482
1909	10.598482
1910	10.598482
1911	10.598482
1912	10.605141
1913	10.605141
1914	10.605141
1915	10.605141
1916	10.605141
1917	10.605141
1918	10.605141
1919	10.605141
1920	10.605141
1921	10.605141
1922	10.605141
1923	10.605141
1924	10.605141
1925	10.605141
1926	10.605141
1927	10.605141
1928	10.605141
1929	10.605141
1930	10.605141
1931	10.605141
1932	10.605141
1933	10.605141
1934	10.605141
1935	10.605141
1936	10.605141
1937	10.605141
1938	10.605141
1939	10.605141
1940	10.605141
1941	10.605141
1942	10.605141
1943	10.605141
1944	10.605141
1945	10.636782
1946	10.636782
1947	10.636782
1948	10.636782
1949	10.636782
1950	10.636782
1951	10.636782
1952	10.636782
1953	10.636782
1954	10.636782
1955	10.636782
1956	10.636782
1957	10.636782
1958	10.636782
1959	10.636782
1960	10.636782
1961	10.636782
1962	10.636782
1963	10.636782
1964	10.636782
1965	10.636782
1966	10.636782
1967	10.636782
1968	10.636782
1969	10.636782
1970	10.636782
1971	10.636782
1972	10.636782
1973	10.636782
1974	10.636782
1975	10.636782
1976	10.636782
1977	10.636782
1978	10.636782
1979	10.636782
1980	10.636782
1981	10.636782
1982	10.636782
1983	10.636782
1984	10.637384
1985	10.637384
1986	10.637384
1987	10.637384
1988	10.637384
1989	10.637384
1990	10.637384
1991	10.637384
1992	10.637384
1993	10.637384
1994	10.637384
1995	10.637384
1996	10.637384
1997	10.637384
1998	10.637384
1999	10.637384
2000	10.637384
2001	10.637384
2002	10.637384
2003	10.637384
2004	10.637384
2005	10.637384
2006	10.637384
2007	10.637384
2008	10.637384
2009	10.637384
2010	10.637384
2011	10.637384
2012	10.637384
2013	10.637384
2014	10.637384
2015	10.637384
2016	10.637384
2017	10.637384
2018	10.637384
2019	10.637384
2020	10.637384
2021	10.637384
2022	10.637384
2023	10.637384
2024	10.637384
2025	10.637384
2026	10.637384
2027	10.637384
2028	10.637384
2029	10.637384
2030	10.637384
2031	10.637384
2032	10.637384
2033	10.637384
2034	10.637384
2035	10.637384
2036	10.637384
2037	10.637384
2038	10.637384
2039	10.637384
2040	10.637384
2041	10.637384
2042	10.637384
2043	10.637384
2044	10.637384
2045	10.637384
2046	10.637384
2047	10.637384
2048	10.637384
2049	10.637384
2050	10.637384
2051	10.637384
2052	10.637384
2053	10.637384
2054	10.637384
2055	10.637384
2056	10.637384
2057	10.637384
2058	10.637384
2059	10.637384
2060	10.637384
2061	10.637384
2062	10.637384
2063	10.637384
2064	10.637384
2065	10.637384
2066	10.637384
2067	10.637384
2068	10.637384
2069	10.637384
2070	10.637384
2071	10.637384
2072	10.637384
2073	10.637384
2074	10.637384
2075	10.637384
2076	10.637384
2077	10.637384
2078	10.637384
2079	10.637384
2080	10.637384
2081	10.637384
2082	10.637384
2083	10.637384
2084	10.637384
2085	10.637384
2086	10.637384
2087	10.637384
2088	10.637384
2089	10.637384
2090	10.684547
2091	10.684547
2092	10.684547
2093	10.684547
2094	10.684547
2095	10.684547
2096	10.684547
2097	10.684547
2098	10.684547
2099	10.684547
2100	10.684547
2101	10.684547
2102	10.684547
2103	10.684547
2104	10.684547
2105	10.684547
2106	10.684547
2107	10.684547
2108	10.684547
2109	10.684547
2110	10.684547
2111	10.684547
2112	10.684547
2113	10.684547
2114	10.684547
2115	10.684547
2116	10.684547
2117	10.684547
2118	10.684547
2119	10.684547
2120	10.684547
2121	10.684547
2122	10.684547
2123	10.684547
2124	10.684547
2125	10.684547
2126	10.684547
2127	10.684547
2128	10.684547
2129	10.684547
2130	10.684547
2131	10.684547
2132	10.684547
2133	10.684547
2134	10.684547
2135	10.684547
2136	10.684547
2137	10.684547
2138	10.684547
2139	10.684547
2140	10.684547
2141	10.684547
2142	10.684547
2143	10.684547
2144	10.684547
2145	10.684547
2146	10.684547
2147	10.684547
2148	10.684547
2149	10.684547
2150	10.684547
2151	10.684547
2152	10.684547
2153	10.684547
2154	10.684547
2155	10.684547
2156	10.684547
2157	10.684547
2158	10.684547
2159	10.684547
2160	10.684547
2161	10.684547
2162	10.691512
2163	10.691512
2164	10.691512
2165	10.691512
2166	10.691512
2167	10.691512
2168	10.691512
2169	10.691512
2170	10.691512
2171	10.691512
2172	10.691512
2173	10.691512
2174	10.691512
2175	10.691512
2176	10.691512
2177	10.691512
2178	10.691512
2179	10.691512
2180	10.691512
2181	10.691512
2182	10.691512
2183	10.691512
2184	10.691512
2185	10.691512
2186	10.691512
2187	10.691512
2188	10.691512
2189	10.691512
2190	10.691512
2191	10.691512
2192	10.691512
2193	10.691512
2194	10.691512
2195	10.691512
2196	10.691512
2197	10.691512
2198	10.691512
2199	10.691512
2200	10.691512
2201	10.691512
2202	10.691512
2203	10.691512
2204	10.691512
2205	10.691512
2206	10.691512
2207	10.691512
2208	10.722357
2209	10.722357
2210	10.722357
2211	10.722357
2212	10.722357
2213	10.722357
2214	10.722357
2215	10.733501
2216	10.733501
2217	10.733501
2218	10.733501
2219	10.733501
2220	10.733501
2221	10.733501
2222	10.733501
2223	10.733501
2224	10.733501
2225	10.733501
2226	10.733501
2227	10.733501
2228	10.733501
2229	10.733501
2230	10.733501
2231	10.733501
2232	10.733501
2233	10.733501
2234	10.733501
2235	10.733501
2236	10.733501
2237	10.733501
2238	10.733501
2239	10.733501
2240	10.733501
2241	10.733501
2242	10.733501
2243	10.733501
2244	10.733501
2245	10.733501
2246	10.733501
2247	10.733501
2248	10.733501
2249	10.733501
2250	10.733501
2251	10.733501
2252	10.733501
2253	10.733501
2254	10.733501
2255	10.733501
2256	10.733501
2257	10.733501
2258	10.733501
2259	10.733501
2260	10.733501
2261	10.733501
2262	10.733501
2263	10.733501
2264	10.733501
2265	10.733501
2266	10.733501
2267	10.733501
2268	10.733501
2269	10.733501
2270	10.733501
2271	10.733501
2272	10.733501
2273	10.733501
2274	10.733501
2275	10.733501
2276	10.733501
2277	10.733501
2278	10.733501
2279	10.733501
2280	10.733501
2281	10.733501
2282	10.733501
2283	10.733501
2284	10.733501
2285	10.733501
2286	10.733501
2287	10.733501
2288	10.733501
2289	10.733501
2290	10.733501
2291	10.733501
2292	10.733501
2293	10.733501
2294	10.733501
2295	10.733501
2296	10.733501
2297	10.733501
2298	10.733501
2299	10.733501
2300	10.733501
2301	10.733501
2302	10.733501
2303	10.733501
2304	10.733501
2305	10.733501
2306	10.733501
2307	10.733501
2308	10.733501
2309	10.733501
2310	10.734297
2311	10.734297
2312	10.734297
2313	10.734297
2314	10.734297
2315	10.734297
2316	10.734297
2317	10.734297
2318	10.734297
2319	10.734297
2320	10.734297
2321	10.734297
2322	10.734297
2323	10.734297
2324	10.734297
2325	10.776302
2326	10.776302
2327	10.776302
2328	10.776302
2329	10.776302
2330	10.776302
2331	10.776302
2332	10.776302
2333	10.776302
2334	10.776302
2335	10.776302
2336	10.776302
2337	10.776302
2338	10.776302
2339	10.776302
2340	10.776302
2341	10.776302
2342	10.776302
2343	10.776302
2344	10.776302
2345	10.776302
2346	10.776302
2347	10.776302
2348	10.776302
2349	10.776302
2350	10.776302
2351	10.776302
2352	10.776302
2353	10.776302
2354	10.776302
2355	10.776302
2356	10.776302
2357	10.776302
2358	10.776302
2359	10.776302
2360	10.776302
2361	10.776302
2362	10.776302
2363	10.776302
2364	10.776302
2365	10.776302
2366	10.776302
2367	10.776302
2368	10.776302
2369	10.776302
2370	10.776302
2371	10.776302
2372	10.776302
2373	10.776302
2374	10.776302
2375	10.776302
2376	10.776302
2377	10.776302
2378	10.776302
2379	10.776302
2380	10.776302
2381	10.776302
2382	10.776302
2383	10.776302
2384	10.776302
2385	10.776302
2386	10.776302
2387	10.776302
2388	10.776302
2389	10.776302
2390	10.776302
2391	10.776302
2392	10.776302
2393	10.776302
2394	10.776302
2395	10.776302
2396	10.776302
2397	10.776302
2398	10.776302
2399	10.776302
2400	10.776302
2401	10.776302
2402	10.776302
2403	10.776302
2404	10.776302
2405	10.776302
2406	10.776302
2407	10.776302
2408	10.776302
2409	10.776302
2410	10.776302
2411	10.776302
2412	10.776302
2413	10.776302
2414	10.776302
2415	10.776302
2416	10.776302
2417	10.776302
2418	10.776302
2419	10.776302
2420	10.776302
2421	10.776302
2422	10.776302
2423	10.776302
2424	10.776302
2425	10.776302
2426	10.776302
2427	10.776302
2428	10.776302
2429	10.776302
2430	10.776302
2431	10.776302
2432	10.776302
2433	10.776302
2434	10.776302
2435	10.776302
2436	10.776302
2437	10.776302
2438	10.776302
2439	10.776302
2440	10.776302
2441	10.776302
2442	10.776302
2443	10.776302
2444	10.776302
2445	10.776302
2446	10.776302
2447	10.776302
2448	10.776302
2449	10.776302
2450	10.776302
2451	10.776302
2452	10.776302
2453	10.776302
2454	10.776302
2455	10.776302
2456	10.776302
2457	10.776302
2458	10.776302
2459	10.776302
2460	10.776302
2461	10.776302
2462	10.776302
2463	10.776302
2464	10.776302
2465	10.776302
2466	10.776302
2467	10.776302
2468	10.776302
2469	10.776302
2470	10.776302
2471	10.776302
2472	10.776302
2473	10.776302
2474	10.776302
2475	10.776302
2476	10.776302
2477	10.776302
2478	10.776302
2479	10.776302
2480	10.776302
2481	10.776302
2482	10.776302
2483	10.776302
2484	10.776302
2485	10.776302
2486	10.776302
2487	10.776302
2488	10.776302
2489	10.776302
2490	10.776302
2491	10.776302
2492	10.776302
2493	10.776302
2494	10.776302
2495	10.776302
2496	10.776302
2497	10.776302
2498	10.776302
2499	10.776302
2500	10.776302
2501	10.776302
2502	10.776302
2503	10.776302
2504	10.776302
2505	10.776302
2506	10.776302
2507	10.776302
2508	10.776302
2509	10.776302
2510	10.776302
2511	10.776302
2512	10.776302
2513	10.776302
2514	10.776302
2515	10.776302
2516	10.776302
2517	10.776302
2518	10.776302
2519	10.776302
2520	10.776302
2521	10.776302
2522	10.776302
2523	10.776302
2524	10.776302
2525	10.776302
2526	10.776302
2527	10.776302
2528	10.776302
2529	10.776302
2530	10.776302
2531	10.776302
2532	10.776302
2533	10.776302
2534	10.776302
2535	10.776302
2536	10.776302
2537	10.776302
2538	10.776302
2539	10.776302
2540	10.776302
2541	10.776302
2542	10.776302
2543	10.776302
2544	10.776302
2545	10.776302
2546	10.776302
2547	10.776302
2548	10.776302
2549	10.776302
2550	10.776302
2551	10.776302
2552	10.776302
2553	10.776302
2554	10.776302
2555	10.776302
2556	10.776302
2557	10.776302
2558	10.776302
2559	10.776302
2560	10.776302
2561	10.776302
2562	10.776302
2563	10.776302
2564	10.776302
2565	10.776302
2566	10.776302
2567	10.776302
2568	10.776302
2569	10.776302
2570	10.776302
2571	10.776302
2572	10.776302
2573	10.776302
2574	10.776302
2575	10.776302
2576	10.776302
2577	10.776302
2578	10.776302
2579	10.776302
2580	10.776302
2581	10.776302
2582	10.776302
2583	10.776302
2584	10.776302
2585	10.776302
2586	10.776302
2587	10.776302
2588	10.776302
2589	10.776302
2590	10.776302
2591	10.776302
2592	10.776302
2593	10.776302
2594	10.776302
2595	10.776302
2596	10.776302
2597	10.776302
2598	10.776302
2599	10.776302
2600	10.776302
2601	10.776302
2602	10.776302
2603	10.776302
2604	10.776302
2605	10.776302
2606	10.776302
2607	10.776302
2608	10.776302
2609	10.776302
2610	10.776302
2611	10.776302
2612	10.776302
2613	10.776302
2614	10.776302
2615	10.776302
2616	10.776302
2617	10.776302
2618	10.776302
2619	10.776302
2620	10.776302
2621	10.776302
2622	10.776302
2623	10.776302
2624	10.776302
2625	10.776302
2626	10.776302
2627	10.776302
2628	10.776302
2629	10.776302
2630	10.776302
2631	10.776302
2632	10.776302
2633	10.776302
2634	10.776302
2635	10.776302
2636	10.776302
2637	10.776302
2638	10.776302
2639	10.776302
2640	10.776302
2641	10.776302
2642	10.776302
2643	10.776302
2644	10.776302
2645	10.776302
2646	10.776302
2647	10.776302
2648	10.776302
2649	10.776302
2650	10.776302
2651	10.776302
2652	10.776302
2653	10.776302
2654	10.776302
2655	10.776302
2656	10.776302
2657	10.776302
2658	10.776302
2659	10.776302
2660	10.776302
2661	10.776302
2662	10.776302
2663	10.776302
2664	10.776302
2665	10.776302
2666	10.776302
2667	10.776302
2668	10.776302
2669	10.776302
2670	10.776302
2671	10.776302
2672	10.776302
2673	10.776302
2674	10.776302
2675	10.776302
2676	10.776302
2677	10.776302
2678	10.776302
2679	10.776302
2680	10.776302
2681	10.776302
2682	10.776302
2683	10.776302
2684	10.776302
2685	10.776302
2686	10.776302
2687	10.776302
2688	10.776302
2689	10.776302
2690	10.776302
2691	10.776302
2692	10.776302
2693	10.776302
2694	10.776302
2695	10.776302
2696	10.776302
2697	10.776302
2698	10.776302
2699	10.776302
2700	10.776302
2701	10.776302
2702	10.776302
2703	10.776302
2704	10.775506
2705	10.775506
2706	10.775506
2707	10.775506
2708	10.775506
2709	10.775506
2710	10.775506
2711	10.775506
2712	10.775506
2713	10.775506
2714	10.775506
2715	10.775506
2716	10.775506
2717	10.775506
2718	10.775506
2719	10.775506
2720	10.775506
2721	10.775506
2722	10.775506
2723	10.775506
2724	10.775506
2725	10.775506
2726	10.775506
2727	10.775506
2728	10.775506
2729	10.775506
2730	10.775506
2731	10.775506
2732	10.775506
2733	10.775506
2734	10.775506
2735	10.775506
2736	10.775506
2737	10.775506
2738	10.775506
2739	10.775506
2740	10.775506
2741	10.775506
2742	10.775506
2743	10.775506
2744	10.775506
2745	10.775506
2746	10.775506
2747	10.775506
2748	10.775506
2749	10.775506
2750	10.775506
2751	10.775506
2752	10.775506
2753	10.775506
2754	10.775506
2755	10.775506
2756	10.775506
2757	10.775506
2758	10.775506
2759	10.775506
2760	10.775506
2761	10.775506
2762	10.775506
2763	10.775506
2764	10.775506
2765	10.775506
2766	10.775506
2767	10.775506
2768	10.775506
2769	10.775506
2770	10.775506
2771	10.775506
2772	10.775506
2773	10.775506
2774	10.775506
2775	10.775506
2776	10.775506
2777	10.775506
2778	10.775506
2779	10.775506
2780	10.775506
2781	10.775506
2782	10.775506
2783	10.775506
2784	10.775506
2785	10.775506
2786	10.775506
2787	10.775506
2788	10.775506
2789	10.775506
2790	10.775506
2791	10.775506
2792	10.775506
2793	10.775506
2794	10.775506
2795	10.775506
2796	10.775506
2797	10.775506
2798	10.775506
2799	10.775506
2800	10.775506
2801	10.775506
2802	10.775506
2803	10.775506
2804	10.775506
2805	10.775506
2806	10.775506
2807	10.775506
2808	10.775506
2809	10.775506
2810	10.775506
2811	10.775506
2812	10.775506
2813	10.775506
2814	10.775506
2815	10.775506
2816	10.775506
2817	10.775506
2818	10.775506
2819	10.775506
2820	10.775506
2821	10.775506
2822	10.775506
2823	10.775506
2824	10.775506
2825	10.775506
2826	10.775506
2827	10.775506
2828	10.775506
2829	10.775506
2830	10.775506
2831	10.775506
2832	10.775506
2833	10.775506
2834	10.776302
2835	10.776302
2836	10.776302
2837	10.776302
2838	10.776302
2839	10.776302
2840	10.776302
2841	10.776302
2842	10.776302
2843	10.776302
2844	10.776302
2845	10.776302
2846	10.776302
2847	10.776302
2848	10.776302
2849	10.776302
2850	10.776302
2851	10.776302
2852	10.776302
2853	10.776302
2854	10.776302
2855	10.776302
2856	10.776302
2857	10.776302
2858	10.776302
2859	10.776302
2860	10.776302
2861	10.776302
2862	10.776302
2863	10.776302
2864	10.776302
2865	10.776302
2866	10.776302
2867	10.776302
2868	10.776302
2869	10.776302
2870	10.776302
2871	10.776302
2872	10.776302
2873	10.776302
2874	10.776302
2875	10.776302
2876	10.776302
2877	10.776302
2878	10.776302
2879	10.776302
2880	10.776302
2881	10.776302
2882	10.776302
2883	10.776302
2884	10.776302
2885	10.776302
2886	10.776302
2887	10.776302
2888	10.776302
2889	10.776302
2890	10.776302
2891	10.776302
2892	10.776302
2893	10.776302
2894	10.776302
2895	10.776302
2896	10.776302
2897	10.776302
2898	10.776302
2899	10.776302
2900	10.776302
2901	10.776302
2902	10.776302
2903	10.776302
2904	10.776302
2905	10.776302
2906	10.776302
2907	10.776302
2908	10.776302
2909	10.776302
2910	10.776302
2911	10.776302
2912	10.776302
2913	10.776302
2914	10.776302
2915	10.776302
2916	10.776302
2917	10.776302
2918	10.776302
2919	10.776302
2920	10.776302
2921	10.776302
2922	10.776302
2923	10.776302
2924	10.776302
2925	10.776302
2926	10.776302
2927	10.776302
2928	10.776302
2929	10.776302
2930	10.776302
2931	10.776302
2932	10.776302
2933	10.776302
2934	10.776302
2935	10.776302
2936	10.776302
2937	10.776302
2938	10.776302
2939	10.776302
2940	10.776302
2941	10.776302
2942	10.776302
2943	10.776302
2944	10.776302
2945	10.776302
2946	10.776302
2947	10.776302
2948	10.776302
2949	10.776302
2950	10.776302
2951	10.776302
2952	10.776302
2953	10.776302
2954	10.776302
2955	10.776302
2956	10.776302
2957	10.776302
2958	10.776302
2959	10.776302
2960	10.776302
2961	10.776302
2962	10.776302
2963	10.776302
2964	10.776302
2965	10.776302
2966	10.776302
2967	10.776302
2968	10.776302
2969	10.776302
2970	10.776302
2971	10.776302
2972	10.776302
2973	10.776302
2974	10.776302
2975	10.776302
2976	10.776302
2977	10.776302
2978	10.776302
2979	10.776302
2980	10.776302
2981	10.776302
2982	10.776302
2983	10.776302
2984	10.776302
2985	10.776302
2986	10.776302
2987	10.776302
2988	10.776302
2989	10.776302
2990	10.776302
2991	10.776302
2992	10.776302
2993	10.776302
2994	10.776302
2995	10.776302
2996	10.776302
2997	10.776302
2998	10.776302
2999	10.776302
3000	10.776302
3001	10.776302
3002	10.776302
3003	10.776302
3004	10.776302
3005	10.776302
3006	10.776302
3007	10.776302
3008	10.776302
3009	10.776302
3010	10.776302
3011	10.776302
3012	10.776302
3013	10.776302
3014	10.776302
3015	10.776302
3016	10.776302
3017	10.776302
3018	10.776302
3019	10.776302
3020	10.776302
3021	10.776302
3022	10.776302
3023	10.776302
3024	10.776302
3025	10.776302
3026	10.776302
3027	10.776302
3028	10.776302
3029	10.776302
3030	10.776302
3031	10.776302
3032	10.776302
3033	10.776302
3034	10.776302
3035	10.776302
3036	10.776302
3037	10.776302
3038	10.776302
3039	10.776302
3040	10.776302
3041	10.776302
3042	10.776302
3043	10.776302
3044	10.776302
3045	10.776302
3046	10.776302
3047	10.776302
3048	10.776302
3049	10.776302
3050	10.776302
3051	10.776302
3052	10.776302
3053	10.776302
3054	10.776302
3055	10.776302
3056	10.776302
3057	10.776302
3058	10.776302
3059	10.776302
3060	10.776302
3061	10.776302
3062	10.776302
3063	10.776302
3064	10.776302
3065	10.776302
3066	10.776302
3067	10.776302
3068	10.776302
3069	10.776302
3070	10.776302
3071	10.776302
3072	10.776302
3073	10.776302
3074	10.776302
3075	10.776302
3076	10.776302
3077	10.776302
3078	10.776302
3079	10.776302
3080	10.776302
3081	10.776302
3082	10.776302
3083	10.776302
3084	10.776302
3085	10.776302
3086	10.776302
3087	10.776302
3088	10.776302
3089	10.776302
3090	10.776302
3091	10.776302
3092	10.776302
3093	10.776302
3094	10.776302
3095	10.776302
3096	10.776302
3097	10.776302
3098	10.776302
3099	10.776302
3100	10.776302
3101	10.776302
3102	10.776302
3103	10.776302
3104	10.776302
3105	10.776302
3106	10.776302
3107	10.776302
3108	10.776302
3109	10.776302
3110	10.776302
3111	10.776302
3112	10.776302
3113	10.776302
3114	10.776302
3115	10.776302
3116	10.776302
3117	10.776302
3118	10.776302
3119	10.776302
3120	10.776302
3121	10.776302
3122	10.776302
3123	10.776302
3124	10.776302
3125	10.776302
3126	10.776302
3127	10.776302
3128	10.776302
3129	10.776302
3130	10.776302
3131	10.776302
3132	10.776302
3133	10.776302
3134	10.776302
3135	10.776302
3136	10.776302
3137	10.776302
3138	10.776302
3139	10.776302
3140	10.776302
3141	10.776302
3142	10.776302
3143	10.776302
3144	10.776302
3145	10.776302
3146	10.776302
3147	10.776302
3148	10.776302
3149	10.776302
3150	10.776302
3151	10.776302
3152	10.776302
3153	10.776302
3154	10.776302
3155	10.776302
3156	10.776302
3157	10.776302
3158	10.776302
3159	10.776302
3160	10.776302
3161	10.776302
3162	10.776302
3163	10.776302
3164	10.776302
3165	10.776302
3166	10.776302
3167	10.776302
3168	10.776302
3169	10.776302
3170	10.776302
3171	10.776302
3172	10.776302
3173	10.776302
3174	10.776302
3175	10.776302
3176	10.776302
3177	10.776302
3178	10.776302
3179	10.776302
3180	10.776302
3181	10.776302
3182	10.776302
3183	10.776302
3184	10.776302
3185	10.776302
3186	10.776302
3187	10.776302
3188	10.776302
3189	10.776302
3190	10.776302
3191	10.776302
3192	10.776302
3193	10.776302
3194	10.776302
3195	10.776302
3196	10.776302
3197	10.776302
3198	10.776302
3199	10.776302
3200	10.776302
3201	10.776302
3202	10.776302
3203	10.776302
3204	10.776302
3205	10.776302
3206	10.776302
3207	10.776302
3208	10.776302
3209	10.776302
3210	10.776302
3211	10.776302
3212	10.776302
3213	10.776302
3214	10.776302
3215	10.776302
3216	10.776302
3217	10.776302
3218	10.776302
3219	10.776302
3220	10.776302
3221	10.776302
3222	10.776302
3223	10.776302
3224	10.776302
3225	10.776302
3226	10.776302
3227	10.776302
3228	10.776302
3229	10.776302
3230	10.776302
3231	10.776302
3232	10.776302
3233	10.776302
3234	10.776302
3235	10.776302
3236	10.776302
3237	10.776302
3238	10.776302
3239	10.776302
3240	10.776302
3241	10.776302
3242	10.776302
3243	10.776302
3244	10.776302
3245	10.776302
3246	10.776302
3247	10.776302
3248	10.776302
3249	10.776302
3250	10.776302
3251	10.776302
3252	10.776302
3253	10.776302
3254	10.776302
3255	10.776302
3256	10.776302
3257	10.776302
3258	10.776302
3259	10.776302
3260	10.776302
3261	10.776302
3262	10.776302
3263	10.776302
3264	10.776302
3265	10.776302
3266	10.776302
3267	10.776302
3268	10.776302
3269	10.776302
3270	10.776302
3271	10.776302
3272	10.776302
3273	10.776302
3274	10.776302
3275	10.776302
3276	10.776302
3277	10.776302
3278	10.776302
3279	10.776302
3280	10.776302
3281	10.776302
3282	10.776302
3283	10.776302
3284	10.776302
3285	10.776302
3286	10.776302
3287	10.776302
3288	10.776302
3289	10.776302
3290	10.776302
3291	10.776302
3292	10.776302
3293	10.776302
3294	10.776302
3295	10.776302
3296	10.776302
3297	10.776302
3298	10.776302
3299	10.776302
3300	10.776302
3301	10.776302
3302	10.776302
3303	10.776302
3304	10.776302
3305	10.776302
3306	10.776302
3307	10.776302
3308	10.776302
3309	10.776302
3310	10.776302
3311	10.776302
3312	10.776302
3313	10.776302
3314	10.776302
3315	10.776302
3316	10.776302
3317	10.776302
3318	10.776302
3319	10.776302
3320	10.776302
3321	10.776302
3322	10.776302
3323	10.776302
3324	10.776302
3325	10.776302
3326	10.776302
3327	10.776302
3328	10.776302
3329	10.776302
3330	10.776302
3331	10.776302
3332	10.776302
3333	10.776302
3334	10.776302
3335	10.776302
3336	10.776302
3337	10.776302
3338	10.776302
3339	10.776302
3340	10.776302
3341	10.776302
3342	10.776302
3343	10.776302
3344	10.776302
3345	10.776302
3346	10.776302
3347	10.776302
3348	10.776302
3349	10.776302
3350	10.776302
3351	10.776302
3352	10.776302
3353	10.776302
3354	10.776302
3355	10.776302
3356	10.776302
3357	10.776302
3358	10.776302
3359	10.776302
3360	10.776302
3361	10.776302
3362	10.776302
3363	10.776302
3364	10.776302
3365	10.776302
3366	10.776302
3367	10.776302
3368	10.776302
3369	10.776302
3370	10.776302
3371	10.776302
3372	10.776302
3373	10.776302
3374	10.776302
3375	10.776302
3376	10.776302
3377	10.776302
3378	10.776302
3379	10.776302
3380	10.776302
3381	10.776302
3382	10.776302
3383	10.776302
3384	10.776302
3385	10.776302
3386	10.776302
3387	10.776302
3388	10.776302
3389	10.776302
3390	10.776302
3391	10.776302
3392	10.776302
3393	10.776302
3394	10.776302
3395	10.776302
3396	10.776302
3397	10.776302
3398	10.776302
3399	10.776302
3400	10.776302
3401	10.776302
3402	10.776302
3403	10.776302
3404	10.776302
3405	10.776302
3406	10.776302
3407	10.776302
3408	10.776302
3409	10.776302
3410	10.776302
3411	10.776302
3412	10.776302
3413	10.776302
3414	10.776302
3415	10.776302
3416	10.776302
3417	10.776302
3418	10.776302
3419	10.776302
3420	10.776302
3421	10.776302
3422	10.776302
3423	10.776302
3424	10.776302
3425	10.776302
3426	10.776302
3427	10.776302
3428	10.776302
3429	10.776302
3430	10.776302
3431	10.776302
3432	10.776302
3433	10.776302
3434	10.776302
3435	10.776302
3436	10.776302
3437	10.776302
3438	10.776302
3439	10.776302
3440	10.776302
3441	10.776302
3442	10.776302
3443	10.776302
3444	10.776302
3445	10.776302
3446	10.776302
3447	10.776302
3448	10.776302
3449	10.776302
3450	10.776302
3451	10.776302
3452	10.776302
3453	10.776302
3454	10.776302
3455	10.776302
3456	10.776302
3457	10.776302
3458	10.776302
3459	10.776302
3460	10.776302
3461	10.776302
3462	10.776302
3463	10.776302
3464	10.776302
3465	10.776302
3466	10.776302
3467	10.776302
3468	10.776302
3469	10.776302
3470	10.776302
3471	10.776302
3472	10.776302
3473	10.776302
3474	10.776302
3475	10.776302
3476	10.776302
3477	10.776302
3478	10.776302
3479	10.776302
3480	10.776302
3481	10.776302
3482	10.776302
3483	10.776302
3484	10.776302
3485	10.776302
3486	10.776302
3487	10.776302
3488	10.776302
3489	10.776302
3490	10.776302
3491	10.776302
3492	10.776302
3493	10.776302
3494	10.776302
3495	10.776302
3496	10.776302
3497	10.776302
3498	10.776302
3499	10.776302
3500	10.776302
3501	10.776302
3502	10.776302
3503	10.776302
3504	10.776302
3505	10.776302
3506	10.776302
3507	10.776302
3508	10.776302
3509	10.776302
3510	10.776302
3511	10.776302
3512	10.776302
3513	10.776302
3514	10.776302
3515	10.776302
3516	10.776302
3517	10.776302
3518	10.776302
3519	10.776302
3520	10.776302
3521	10.776302
3522	10.776302
3523	10.776302
3524	10.776302
3525	10.776302
3526	10.776302
3527	10.776302
3528	10.776302
3529	10.776302
3530	10.776302
3531	10.776302
3532	10.776302
3533	10.776302
3534	10.776302
3535	10.776302
3536	10.776302
3537	10.776302
3538	10.776302
3539	10.776302
3540	10.776302
3541	10.776302
3542	10.776302
3543	10.776302
3544	10.776302
3545	10.776302
3546	10.776302
3547	10.776302
3548	10.776302
3549	10.776302
3550	10.776302
3551	10.776302
3552	10.776302
3553	10.776302
3554	10.776302
3555	10.776302
3556	10.776302
3557	10.776302
3558	10.776302
3559	10.776302
3560	10.776302
3561	10.776302
3562	10.776302
3563	10.776302
3564	10.776302
3565	10.776302
3566	10.776302
3567	10.776302
3568	10.776302
3569	10.776302
3570	10.776302
3571	10.776302
3572	10.776302
3573	10.776302
3574	10.776302
3575	10.776302
3576	10.776302
3577	10.776302
3578	10.776302
3579	10.776302
3580	10.776302
3581	10.776302
3582	10.776302
3583	10.776302
3584	10.776302
3585	10.776302
3586	10.776302
3587	10.776302
3588	10.776302
3589	10.776302
3590	10.776302
3591	10.776302
3592	10.776302
3593	10.776302
3594	10.776302
3595	10.776302
3596	10.776302
3597	10.776302
3598	10.776302
3599	10.776302
3600	10.776302
3601	10.776302
3602	10.776302
3603	10.776302
3604	10.776302
3605	10.776302
3606	10.776302
3607	10.776302
3608	10.776302
3609	10.776302
3610	10.776302
3611	10.776302
3612	10.776302
3613	10.776302
3614	10.776302
3615	10.776302
3616	10.776302
3617	10.776302
3618	10.776302
3619	10.776302
3620	10.776302
3621	10.776302
3622	10.776302
3623	10.776302
3624	10.776302
3625	10.776302
3626	10.776302
3627	10.776302
3628	10.776302
3629	10.776302
3630	10.776302
3631	10.776302
3632	10.776302
3633	10.776302
3634	10.776302
3635	10.776302
3636	10.776302
3637	10.776302
3638	10.776302
3639	10.776302
3640	10.776302
3641	10.776302
3642	10.776302
3643	10.776302
3644	10.776302
3645	10.776302
3646	10.776302
3647	10.776302
3648	10.776302
3649	10.776302
3650	10.776302
3651	10.776302
3652	10.776302
3653	10.776302
3654	10.776302
3655	10.776302
3656	10.776302
3657	10.776302
3658	10.776302
3659	10.776302
3660	10.776302
3661	10.776302
3662	10.776302
3663	10.776302
3664	10.776302
3665	10.776302
3666	10.776302
3667	10.776302
3668	10.776302
3669	10.776302
3670	10.776302
3671	10.776302
3672	10.776302
3673	10.776302
3674	10.776302
3675	10.776302
3676	10.776302
3677	10.776302
3678	10.776302
3679	10.776302
3680	10.776302
3681	10.776302
3682	10.776302
3683	10.776302
3684	10.776302
3685	10.776302
3686	10.776302
3687	10.776302
3688	10.776302
3689	10.776302
3690	10.776302
3691	10.776302
3692	10.776302
3693	10.776302
3694	10.776302
3695	10.776302
3696	10.776302
3697	10.776302
3698	10.776302
3699	10.776302
3700	10.776302
3701	10.776302
3702	10.776302
3703	10.776302
3704	10.776302
3705	10.776302
3706	10.776302
3707	10.776302
3708	10.776302
3709	10.776302
3710	10.776302
3711	10.776302
3712	10.776302
3713	10.776302
3714	10.776302
3715	10.776302
3716	10.776302
3717	10.776302
3718	10.776302
3719	10.776302
3720	10.776302
3721	10.776302
3722	10.776302
3723	10.776302
3724	10.776302
3725	10.776302
3726	10.776302
3727	10.776302
3728	10.776302
3729	10.776302
3730	10.776302
3731	10.776302
3732	10.776302
3733	10.776302
3734	10.776302
3735	10.776302
3736	10.776302
3737	10.776302
3738	10.776302
3739	10.776302
3740	10.776302
3741	10.776302
3742	10.776302
3743	10.776302
3744	10.776302
3745	10.776302
3746	10.776302
3747	10.776302
3748	10.776302
3749	10.776302
3750	10.776302
3751	10.776302
3752	10.776302
3753	10.776302
3754	10.776302
3755	10.776302
3756	10.776302
3757	10.776302
3758	10.776302
3759	10.776302
3760	10.776302
3761	10.776302
3762	10.776302
3763	10.776302
3764	10.776302
3765	10.776302
3766	10.776302
3767	10.776302
3768	10.776302
3769	10.776302
3770	10.776302
3771	10.776302
3772	10.776302
3773	10.776302
3774	10.776302
3775	10.776302
3776	10.776302
3777	10.776302
3778	10.776302
3779	10.776302
3780	10.776302
3781	10.776302
3782	10.776302
3783	10.776302
3784	10.776302
3785	10.776302
3786	10.776302
3787	10.776302
3788	10.776302
3789	10.776302
3790	10.776302
3791	10.776302
3792	10.776302
3793	10.776302
3794	10.776302
3795	10.776302
3796	10.776302
3797	10.776302
3798	10.776302
3799	10.776302
3800	10.776302
3801	10.776302
3802	10.776302
3803	10.776302
3804	10.776302
3805	10.776302
3806	10.776302
3807	10.776302
3808	10.776302
3809	10.776302
3810	10.776302
3811	10.776302
3812	10.776302
3813	10.776302
3814	10.776302
3815	10.776302
3816	10.776302
3817	10.776302
3818	10.776302
3819	10.776302
3820	10.776302
3821	10.776302
3822	10.776302
3823	10.776302
3824	10.776302
3825	10.776302
3826	10.776302
3827	10.776302
3828	10.776302
3829	10.776302
3830	10.776302
3831	10.776302
3832	10.776302
3833	10.776302
3834	10.776302
3835	10.776302
3836	10.776302
3837	10.776302
3838	10.776302
3839	10.776302
3840	10.776302
3841	10.776302
3842	10.776302
3843	10.776302
3844	10.776302
3845	10.776302
3846	10.776302
3847	10.776302
3848	10.776302
3849	10.776302
3850	10.776302
3851	10.776302
3852	10.776302
3853	10.776302
3854	10.776302
3855	10.776302
3856	10.776302
3857	10.776302
3858	10.776302
3859	10.776302
3860	10.776302
3861	10.776302
3862	10.776302
3863	10.776302
3864	10.776302
3865	10.776302
3866	10.776302
3867	10.776302
3868	10.776302
3869	10.776302
3870	10.776302
3871	10.776302
3872	10.776302
3873	10.776302
3874	10.776302
3875	10.776302
3876	10.776302
3877	10.776302
3878	10.776302
3879	10.776302
3880	10.776302
3881	10.776302
3882	10.776302
3883	10.776302
3884	10.776302
3885	10.776302
3886	10.776302
3887	10.776302
3888	10.776302
3889	10.776302
3890	10.776302
3891	10.776302
3892	10.776302
3893	10.776302
3894	10.776302
3895	10.776302
3896	10.776302
3897	10.776302
3898	10.776302
3899	10.776302
3900	10.776302
3901	10.776302
3902	10.776302
3903	10.776302
3904	10.776302
3905	10.776302
3906	10.776302
3907	10.776302
3908	10.776302
3909	10.776302
3910	10.776302
3911	10.776302
3912	10.776302
3913	10.776302
3914	10.776302
3915	10.776302
3916	10.776302
3917	10.776302
3918	10.776302
3919	10.776302
3920	10.776302
3921	10.776302
3922	10.776302
3923	10.776302
3924	10.776302
3925	10.776302
3926	10.776302
3927	10.776302
3928	10.776302
3929	10.776302
3930	10.776302
3931	10.776302
3932	10.776302
3933	10.776302
3934	10.776302
3935	10.776302
3936	10.776302
3937	10.776302
3938	10.776302
3939	10.776302
3940	10.776302
3941	10.776302
3942	10.776302
3943	10.776302
3944	10.776302
3945	10.776302
3946	10.776302
3947	10.776302
3948	10.776302
3949	10.776302
3950	10.776302
3951	10.776302
3952	10.776302
3953	10.776302
3954	10.776302
3955	10.776302
3956	10.776302
3957	10.776302
3958	10.776302
3959	10.776302
3960	10.776302
3961	10.776302
3962	10.776302
3963	10.776302
3964	10.776302
3965	10.776302
3966	10.776302
3967	10.776302
3968	10.776302
3969	10.776302
3970	10.776302
3971	10.776302
3972	10.776302
3973	10.776302
3974	10.776302
3975	10.776302
3976	10.776302
3977	10.776302
3978	10.776302
3979	10.776302
3980	10.776302
3981	10.776302
3982	10.776302
3983	10.776302
3984	10.776302
3985	10.776302
3986	10.776302
3987	10.776302
3988	10.776302
3989	10.776302
3990	10.776302
3991	10.776302
3992	10.776302
3993	10.776302
3994	10.776302
3995	10.776302
3996	10.776302
3997	10.776302
3998	10.776302
3999	10.776302
4000	10.776302
4001	10.776302
4002	10.776302
4003	10.776302
4004	10.776302
4005	10.776302
4006	10.776302
4007	10.776302
4008	10.776302
4009	10.776302
4010	10.776302
4011	10.776302
4012	10.776302
4013	10.776302
4014	10.776302
4015	10.776302
4016	10.776302
4017	10.776302
4018	10.776302
4019	10.776302
4020	10.776302
4021	10.776302
4022	10.776302
4023	10.776302
4024	10.776302
4025	10.776302
4026	10.776302
4027	10.776302
4028	10.776302
4029	10.776302
4030	10.776302
4031	10.776302
4032	10.776302
4033	10.776302
4034	10.776302
4035	10.776302
4036	10.776302
4037	10.776302
4038	10.776302
4039	10.776302
4040	10.776302
4041	10.776302
4042	10.776302
4043	10.776302
4044	10.776302
4045	10.776302
4046	10.776302
4047	10.776302
4048	10.776302
4049	10.776302
4050	10.776302
4051	10.776302
4052	10.776302
4053	10.776302
4054	10.776302
4055	10.776302
4056	10.776302
4057	10.776302
4058	10.776302
4059	10.776302
4060	10.776302
4061	10.776302
4062	10.776302
4063	10.776302
4064	10.776302
4065	10.776302
4066	10.776302
4067	10.776302
4068	10.776302
4069	10.776302
4070	10.776302
4071	10.776302
4072	10.776302
4073	10.776302
4074	10.776302
4075	10.776302
4076	10.776302
4077	10.776302
4078	10.776302
4079	10.776302
4080	10.776302
4081	10.776302
4082	10.776302
4083	10.776302
4084	10.776302
4085	10.776302
4086	10.776302
4087	10.776302
4088	10.776302
4089	10.776302
4090	10.776302
4091	10.776302
4092	10.776302
4093	10.776302
4094	10.776302
4095	10.776302
4096	10.776302
4097	10.776302
4098	10.776302
4099	10.776302
4100	10.776302
4101	10.776302
4102	10.776302
4103	10.776302
4104	10.776302
4105	10.776302
4106	10.776302
4107	10.776302
4108	10.776302
4109	10.776302
4110	10.776302
4111	10.776302
4112	10.776302
4113	10.776302
4114	10.776302
4115	10.776302
4116	10.776302
4117	10.776302
4118	10.776302
4119	10.776302
4120	10.776302
4121	10.776302
4122	10.776302
4123	10.776302
4124	10.776302
4125	10.776302
4126	10.776302
4127	10.776302
4128	10.776302
4129	10.776302
4130	10.776302
4131	10.776302
4132	10.776302
4133	10.776302
4134	10.776302
4135	10.776302
4136	10.776302
4137	10.776302
4138	10.776302
4139	10.776302
4140	10.776302
4141	10.776302
4142	10.776302
4143	10.776302
4144	10.776302
4145	10.776302
4146	10.776302
4147	10.776302
4148	10.776302
4149	10.776302
4150	10.776302
4151	10.776302
4152	10.776302
4153	10.776302
4154	10.776302
4155	10.776302
4156	10.776302
4157	10.776302
4158	10.776302
4159	10.776302
4160	10.776302
4161	10.776302
4162	10.776302
4163	10.776302
4164	10.776302
4165	10.776302
4166	10.776302
4167	10.776302
4168	10.776302
4169	10.776302
4170	10.776302
4171	10.776302
4172	10.776302
4173	10.776302
4174	10.776302
4175	10.776302
4176	10.776302
4177	10.776302
4178	10.776302
4179	10.776302
4180	10.776302
4181	10.776302
4182	10.776302
4183	10.776302
4184	10.776302
4185	10.776302
4186	10.776302
4187	10.776302
4188	10.776302
4189	10.776302
4190	10.776302
4191	10.776302
4192	10.776302
4193	10.776302
4194	10.776302
4195	10.776302
4196	10.776302
4197	10.776302
4198	10.776302
4199	10.776302
4200	10.776302
4201	10.776302
4202	10.776302
4203	10.776302
4204	10.776302
4205	10.776302
4206	10.776302
4207	10.776302
4208	10.776302
4209	10.776302
4210	10.776302
4211	10.776302
4212	10.776302
4213	10.776302
4214	10.776302
4215	10.776302
4216	10.776302
4217	10.776302
4218	10.776302
4219	10.776302
4220	10.776302
4221	10.776302
4222	10.776302
4223	10.776302
4224	10.776302
4225	10.776302
4226	10.776302
4227	10.776302
4228	10.776302
4229	10.776302
4230	10.776302
4231	10.776302
4232	10.776302
4233	10.776302
4234	10.776302
4235	10.776302
4236	10.776302
4237	10.776302
4238	10.776302
4239	10.776302
4240	10.776302
4241	10.776302
4242	10.776302
4243	10.776302
4244	10.776302
4245	10.776302
4246	10.776302
4247	10.776302
4248	10.776302
4249	10.776302
4250	10.776302
4251	10.776302
4252	10.776302
4253	10.776302
4254	10.776302
4255	10.776302
4256	10.776302
4257	10.776302
4258	10.776302
4259	10.776302
4260	10.776302
4261	10.776302
4262	10.776302
4263	10.776302
4264	10.776302
4265	10.776302
4266	10.776302
4267	10.776302
4268	10.776302
4269	10.776302
4270	10.776302
4271	10.776302
4272	10.776302
4273	10.776302
4274	10.776302
4275	10.776302
4276	10.776302
4277	10.776302
4278	10.776302
4279	10.776302
4280	10.776302
4281	10.776302
4282	10.776302
4283	10.776302
4284	10.776302
4285	10.776302
4286	10.776302
4287	10.776302
4288	10.776302
4289	10.776302
4290	10.776302
4291	10.776302
4292	10.776302
4293	10.776302
4294	10.776302
4295	10.776302
4296	10.776302
4297	10.776302
4298	10.776302
4299	10.776302
4300	10.776302
4301	10.776302
4302	10.776302
4303	10.776302
4304	10.776302
4305	10.776302
4306	10.776302
4307	10.776302
4308	10.776302
4309	10.776302
4310	10.776302
4311	10.776302
4312	10.776302
4313	10.776302
4314	10.776302
4315	10.776302
4316	10.776302
4317	10.776302
4318	10.776302
4319	10.776302
4320	10.776302
4321	10.776302
4322	10.776302
4323	10.776302
4324	10.776302
4325	10.776302
4326	10.776302
4327	10.776302
4328	10.776302
4329	10.776302
4330	10.776302
4331	10.776302
4332	10.776302
4333	10.776302
4334	10.776302
4335	10.776302
4336	10.776302
4337	10.776302
4338	10.776302
4339	10.776302
4340	10.776302
4341	10.776302
4342	10.776302
4343	10.776302
4344	10.776302
4345	10.776302
4346	10.776302
4347	10.776302
4348	10.776302
4349	10.776302
4350	10.776302
4351	10.776302
4352	10.776302
4353	10.776302
4354	10.776302
4355	10.776302
4356	10.776302
4357	10.776302
4358	10.776302
4359	10.776302
4360	10.776302
4361	10.776302
4362	10.776302
4363	10.776302
4364	10.776302
4365	10.776302
4366	10.776302
4367	10.776302
4368	10.776302
4369	10.776302
4370	10.776302
4371	10.776302
4372	10.776302
4373	10.776302
4374	10.776302
4375	10.776302
4376	10.776302
4377	10.776302
4378	10.776302
4379	10.776302
4380	10.776302
4381	10.776302
4382	10.776302
4383	10.776302
4384	10.776302
4385	10.776302
4386	10.776302
4387	10.776302
4388	10.776302
4389	10.776302
4390	10.776302
4391	10.776302
4392	10.776302
4393	10.776302
4394	10.776302
4395	10.776302
4396	10.776302
4397	10.776302
4398	10.776302
4399	10.776302
4400	10.776302
4401	10.776302
4402	10.776302
4403	10.776302
4404	10.776302
4405	10.776302
4406	10.776302
4407	10.776302
4408	10.776302
4409	10.776302
4410	10.776302
4411	10.776302
4412	10.776302
4413	10.776302
4414	10.776302
4415	10.776302
4416	10.776302
4417	10.776302
4418	10.776302
4419	10.776302
4420	10.776302
4421	10.776302
4422	10.776302
4423	10.776302
4424	10.776302
4425	10.776302
4426	10.776302
4427	10.776302
4428	10.776302
4429	10.776302
4430	10.776302
4431	10.776302
4432	10.776302
4433	10.776302
4434	10.776302
4435	10.776302
4436	10.776302
4437	10.776302
4438	10.776302
4439	10.776302
4440	10.776302
4441	10.776302
4442	10.776302
4443	10.776302
4444	10.776302
4445	10.776302
4446	10.776302
4447	10.776302
4448	10.776302
4449	10.776302
4450	10.776302
4451	10.776302
4452	10.776302
4453	10.776302
4454	10.776302
4455	10.776302
4456	10.776302
4457	10.776302
4458	10.776302
4459	10.776302
4460	10.776302
4461	10.776302
4462	10.776302
4463	10.776302
4464	10.776302
4465	10.776302
4466	10.776302
4467	10.776302
4468	10.776302
4469	10.776302
4470	10.776302
4471	10.776302
4472	10.776302
4473	10.776302
4474	10.776302
4475	10.776302
4476	10.776302
4477	10.776302
4478	10.776302
4479	10.776302
4480	10.776302
4481	10.776302
4482	10.776302
4483	10.776302
4484	10.776302
4485	10.776302
4486	10.776302
4487	10.776302
4488	10.776302
4489	10.776302
4490	10.776302
4491	10.776302
4492	10.776302
4493	10.776302
4494	10.776302
4495	10.776302
4496	10.776302
4497	10.776302
4498	10.776302
4499	10.776302
4500	10.776302
4501	10.776302
4502	10.776302
4503	10.776302
4504	10.776302
4505	10.776302
4506	10.776302
4507	10.776302
4508	10.776302
4509	10.776302
4510	10.776302
4511	10.776302
4512	10.776302
4513	10.776302
4514	10.776302
4515	10.776302
4516	10.776302
4517	10.776302
4518	10.776302
4519	10.776302
4520	10.776302
4521	10.776302
4522	10.776302
4523	10.776302
4524	10.776302
4525	10.776302
4526	10.776302
4527	10.776302
4528	10.776302
4529	10.776302
4530	10.776302
4531	10.776302
4532	10.776302
4533	10.776302
4534	10.776302
4535	10.776302
4536	10.776302
4537	10.776302
4538	10.776302
4539	10.776302
4540	10.776302
4541	10.776302
4542	10.776302
4543	10.776302
4544	10.776302
4545	10.776302
4546	10.776302
4547	10.776302
4548	10.776302
4549	10.776302
4550	10.776302
4551	10.776302
4552	10.776302
4553	10.776302
4554	10.776302
4555	10.776302
4556	10.776302
4557	10.776302
4558	10.776302
4559	10.776302
4560	10.776302
4561	10.776302
4562	10.776302
4563	10.776302
4564	10.776302
4565	10.776302
4566	10.776302
4567	10.776302
4568	10.776302
4569	10.776302
4570	10.776302
4571	10.776302
4572	10.776302
4573	10.776302
4574	10.776302
4575	10.776302
4576	10.776302
4577	10.776302
4578	10.776302
4579	10.776302
4580	10.776302
4581	10.776302
4582	10.776302
4583	10.776302
4584	10.776302
4585	10.776302
4586	10.776302
4587	10.776302
4588	10.776302
4589	10.776302
4590	10.776302
4591	10.776302
4592	10.776302
4593	10.776302
4594	10.776302
4595	10.776302
4596	10.776302
4597	10.776302
4598	10.776302
4599	10.776302
4600	10.776302
4601	10.776302
4602	10.776302
4603	10.776302
4604	10.776302
4605	10.776302
4606	10.776302
4607	10.776302
4608	10.776302
4609	10.776302
4610	10.776302
4611	10.776302
4612	10.776302
4613	10.776302
4614	10.776302
4615	10.776302
4616	10.776302
4617	10.776302
4618	10.776302
4619	10.776302
4620	10.776302
4621	10.776302
4622	10.776302
4623	10.776302
4624	10.776302
4625	10.776302
4626	10.776302
4627	10.776302
4628	10.776302
4629	10.776302
4630	10.776302
4631	10.776302
4632	10.776302
4633	10.776302
4634	10.776302
4635	10.776302
4636	10.776302
4637	10.776302
4638	10.776302
4639	10.776302
4640	10.776302
4641	10.776302
4642	10.776302
4643	10.776302
4644	10.776302
4645	10.776302
4646	10.776302
4647	10.776302
4648	10.776302
4649	10.776302
4650	10.776302
4651	10.776302
4652	10.776302
4653	10.776302
4654	10.776302
4655	10.776302
4656	10.776302
4657	10.776302
4658	10.776302
4659	10.776302
4660	10.776302
4661	10.776302
4662	10.776302
4663	10.776302
4664	10.776302
4665	10.776302
4666	10.776302
4667	10.776302
4668	10.776302
4669	10.776302
4670	10.776302
4671	10.776302
4672	10.776302
4673	10.776302
4674	10.776302
4675	10.776302
4676	10.776302
4677	10.776302
4678	10.776302
4679	10.776302
4680	10.776302
4681	10.776302
4682	10.776302
4683	10.776302
4684	10.776302
4685	10.776302
4686	10.776302
4687	10.776302
4688	10.776302
4689	10.776302
4690	10.776302
4691	10.776302
4692	10.776302
4693	10.776302
4694	10.776302
4695	10.776302
4696	10.776302
4697	10.776302
4698	10.776302
4699	10.776302
4700	10.776302
4701	10.776302
4702	10.776302
4703	10.776302
4704	10.776302
4705	10.776302
4706	10.776302
4707	10.776302
4708	10.776302
4709	10.776302
4710	10.776302
4711	10.776302
4712	10.776302
4713	10.776302
4714	10.776302
4715	10.776302
4716	10.776302
4717	10.776302
4718	10.776302
4719	10.776302
4720	10.776302
4721	10.776302
4722	10.776302
4723	10.776302
4724	10.776302
4725	10.776302
4726	10.776302
4727	10.776302
4728	10.776302
4729	10.776302
4730	10.776302
4731	10.776302
4732	10.776302
4733	10.776302
4734	10.776302
4735	10.776302
4736	10.776302
4737	10.776302
4738	10.776302
4739	10.776302
4740	10.776302
4741	10.776302
4742	10.776302
4743	10.776302
4744	10.776302
4745	10.776302
4746	10.776302
4747	10.776302
4748	10.776302
4749	10.776302
4750	10.776302
4751	10.776302
4752	10.776302
4753	10.776302
4754	10.776302
4755	10.776302
4756	10.776302
4757	10.776302
4758	10.776302
4759	10.776302
4760	10.776302
4761	10.776302
4762	10.776302
4763	10.776302
4764	10.776302
4765	10.776302
4766	10.776302
4767	10.776302
4768	10.776302
4769	10.776302
4770	10.776302
4771	10.776302
4772	10.776302
4773	10.776302
4774	10.776302
4775	10.776302
4776	10.776302
4777	10.776302
4778	10.776302
4779	10.776302
4780	10.776302
4781	10.776302
4782	10.776302
4783	10.776302
4784	10.776302
4785	10.776302
4786	10.776302
4787	10.776302
4788	10.776302
4789	10.776302
4790	10.776302
4791	10.776302
4792	10.776302
4793	10.776302
4794	10.776302
4795	10.776302
4796	10.776302
4797	10.776302
4798	10.776302
4799	10.776302
4800	10.776302
4801	10.776302
4802	10.776302
4803	10.776302
4804	10.776302
4805	10.776302
4806	10.776302
4807	10.776302
4808	10.776302
4809	10.776302
4810	10.776302
4811	10.776302
4812	10.776302
4813	10.776302
4814	10.776302
4815	10.776302
4816	10.776302
4817	10.776302
4818	10.776302
4819	10.776302
4820	10.776302
4821	10.776302
4822	10.776302
4823	10.776302
4824	10.776302
4825	10.776302
4826	10.776302
4827	10.776302
4828	10.776302
4829	10.776302
4830	10.776302
4831	10.776302
4832	10.776302
4833	10.776302
4834	10.776302
4835	10.776302
4836	10.776302
4837	10.776302
4838	10.776302
4839	10.776302
4840	10.776302
4841	10.776302
4842	10.776302
4843	10.776302
4844	10.776302
4845	10.776302
4846	10.776302
4847	10.776302
4848	10.776302
4849	10.776302
4850	10.776302
4851	10.776302
4852	10.776302
4853	10.776302
4854	10.776302
4855	10.776302
4856	10.776302
4857	10.776302
4858	10.776302
4859	10.776302
4860	10.776302
4861	10.776302
4862	10.776302
4863	10.776302
4864	10.776302
4865	10.776302
4866	10.776302
4867	10.776302
4868	10.776302
4869	10.776302
4870	10.776302
4871	10.776302
4872	10.776302
4873	10.776302
4874	10.776302
4875	10.776302
4876	10.776302
4877	10.776302
4878	10.776302
4879	10.776302
4880	10.776302
4881	10.776302
4882	10.776302
4883	10.776302
4884	10.776302
4885	10.776302
4886	10.776302
4887	10.776302
4888	10.776302
4889	10.776302
4890	10.776302
4891	10.776302
4892	10.776302
4893	10.776302
4894	10.776302
4895	10.776302
4896	10.776302
4897	10.776302
4898	10.776302
4899	10.776302
4900	10.776302
4901	10.776302
4902	10.776302
4903	10.776302
4904	10.776302
4905	10.776302
4906	10.776302
4907	10.776302
4908	10.776302
4909	10.776302
4910	10.776302
4911	10.776302
4912	10.776302
4913	10.776302
4914	10.776302
4915	10.776302
4916	10.776302
4917	10.776302
4918	10.776302
4919	10.776302
4920	10.776302
4921	10.776302
4922	10.776302
4923	10.776302
4924	10.776302
4925	10.776302
4926	10.776302
4927	10.776302
4928	10.776302
4929	10.776302
4930	10.776302
4931	10.776302
4932	10.776302
4933	10.776302
4934	10.776302
4935	10.776302
4936	10.776302
4937	10.776302
4938	10.776302
4939	10.776302
4940	10.776302
4941	10.776302
4942	10.776302
4943	10.776302
4944	10.776302
4945	10.776302
4946	10.776302
4947	10.776302
4948	10.776302
4949	10.776302
4950	10.776302
4951	10.776302
4952	10.776302
4953	10.776302
4954	10.776302
4955	10.776302
4956	10.776302
4957	10.776302
4958	10.776302
4959	10.776302
4960	10.776302
4961	10.776302
4962	10.776302
4963	10.776302
4964	10.776302
4965	10.776302
4966	10.776302
4967	10.776302
4968	10.776302
4969	10.776302
4970	10.776302
4971	10.776302
4972	10.776302
4973	10.776302
4974	10.776302
4975	10.776302
4976	10.776302
4977	10.776302
4978	10.776302
4979	10.776302
4980	10.776302
4981	10.776302
4982	10.776302
4983	10.776302
4984	10.776302
4985	10.776302
4986	10.776302
4987	10.776302
4988	10.776302
4989	10.776302
4990	10.776302
4991	10.776302
4992	10.776302
4993	10.776302
4994	10.776302
4995	10.776302
4996	10.776302
4997	10.776302
4998	10.776302
4999	10.776302
5000	10.776302
5001	10.776302
5002	10.776302
5003	10.776302
5004	10.776302
5005	10.776302
5006	10.776302
5007	10.776302
5008	10.776302
5009	10.776302
5010	10.776302
5011	10.776302
5012	10.776302
5013	10.776302
5014	10.776302
5015	10.776302
5016	10.776302
5017	10.776302
5018	10.776302
5019	10.776302
5020	10.776302
5021	10.776302
5022	10.776302
5023	10.776302
5024	10.776302
5025	10.776302
5026	10.776302
5027	10.776302
5028	10.776302
5029	10.776302
5030	10.776302
5031	10.776302
5032	10.776302
5033	10.776302
5034	10.776302
5035	10.776302
5036	10.776302
5037	10.776302
5038	10.776302
5039	10.776302
5040	10.776302
5041	10.776302
5042	10.776302
5043	10.776302
5044	10.776302
5045	10.776302
5046	10.776302
5047	10.776302
5048	10.776302
5049	10.776302
5050	10.776302
5051	10.776302
5052	10.776302
5053	10.776302
5054	10.776302
5055	10.776302
5056	10.776302
5057	10.776302
5058	10.776302
5059	10.776302
5060	10.776302
5061	10.776302
5062	10.776302
5063	10.776302
5064	10.776302
5065	10.776302
5066	10.776302
5067	10.776302
5068	10.776302
5069	10.776302
5070	10.776302
5071	10.776302
5072	10.776302
5073	10.776302
5074	10.776302
5075	10.776302
5076	10.776302
5077	10.776302
5078	10.776302
5079	10.776302
5080	10.776302
5081	10.776302
5082	10.776302
5083	10.776302
5084	10.776302
5085	10.776302
5086	10.776302
5087	10.776302
5088	10.776302
5089	10.776302
5090	10.776302
5091	10.776302
5092	10.776302
5093	10.776302
5094	10.776302
5095	10.776302
5096	10.776302
5097	10.776302
5098	10.776302
5099	10.776302
5100	10.776302
5101	10.776302
5102	10.776302
5103	10.776302
5104	10.776302
5105	10.776302
5106	10.776302
5107	10.776302
5108	10.776302
5109	10.776302
5110	10.776302
5111	10.776302
5112	10.776302
5113	10.776302
5114	10.776302
5115	10.776302
5116	10.776302
5117	10.776302
5118	10.776302
5119	10.776302
5120	10.776302
5121	10.776302
5122	10.776302
5123	10.776302
5124	10.776302
5125	10.776302
5126	10.776302
5127	10.776302
5128	10.776302
5129	10.776302
5130	10.776302
5131	10.776302
5132	10.776302
5133	10.776302
5134	10.776302
5135	10.776302
5136	10.776302
5137	10.776302
5138	10.776302
5139	10.776302
5140	10.776302
5141	10.776302
5142	10.776302
5143	10.776302
5144	10.776302
5145	10.776302
5146	10.776302
5147	10.776302
5148	10.776302
5149	10.776302
5150	10.776302
5151	10.776302
5152	10.776302
5153	10.776302
5154	10.776302
5155	10.776302
5156	10.776302
5157	10.776302
5158	10.776302
5159	10.776302
5160	10.776302
5161	10.776302
5162	10.776302
5163	10.776302
5164	10.776302
5165	10.776302
5166	10.776302
5167	10.776302
5168	10.776302
5169	10.776302
5170	10.776302
5171	10.776302
5172	10.776302
5173	10.776302
5174	10.776302
5175	10.776302
5176	10.776302
5177	10.776302
5178	10.776302
5179	10.776302
5180	10.776302
5181	10.776302
5182	10.776302
5183	10.776302
5184	10.776302
5185	10.776302
5186	10.776302
5187	10.776302
5188	10.776302
5189	10.776302
5190	10.776302
5191	10.776302
5192	10.776302
5193	10.776302
5194	10.776302
5195	10.776302
5196	10.776302
5197	10.776302
5198	10.776302
5199	10.776302
5200	10.776302
5201	10.776302
5202	10.776302
5203	10.776302
5204	10.776302
5205	10.776302
5206	10.776302
5207	10.776302
5208	10.776302
5209	10.776302
5210	10.776302
5211	10.776302
5212	10.776302
5213	10.776302
5214	10.776302
5215	10.776302
5216	10.776302
5217	10.776302
5218	10.776302
5219	10.776302
5220	10.776302
5221	10.776302
5222	10.776302
5223	10.776302
5224	10.776302
5225	10.776302
5226	10.776302
5227	10.776302
5228	10.776302
5229	10.776302
5230	10.776302
5231	10.776302
5232	10.776302
5233	10.776302
5234	10.776302
5235	10.776302
5236	10.776302
5237	10.776302
5238	10.776302
5239	10.776302
5240	10.776302
5241	10.776302
5242	10.776302
5243	10.776302
5244	10.776302
5245	10.776302
5246	10.776302
5247	10.776302
5248	10.776302
5249	10.776302
5250	10.776302
5251	10.776302
5252	10.776302
5253	10.776302
5254	10.776302
5255	10.776302
5256	10.776302
5257	10.776302
5258	10.776302
5259	10.776302
5260	10.776302
5261	10.776302
5262	10.776302
5263	10.776302
5264	10.776302
5265	10.776302
5266	10.776302
5267	10.776302
5268	10.776302
5269	10.776302
5270	10.776302
5271	10.776302
5272	10.776302
5273	10.776302
5274	10.776302
5275	10.776302
5276	10.776302
5277	10.776302
5278	10.776302
5279	10.776302
5280	10.776302
5281	10.776302
5282	10.776302
5283	10.776302
5284	10.776302
5285	10.776302
5286	10.776302
5287	10.776302
5288	10.776302
5289	10.776302
5290	10.776302
5291	10.776302
5292	10.776302
5293	10.776302
5294	10.776302
5295	10.776302
5296	10.776302
5297	10.776302
5298	10.776302
5299	10.776302
5300	10.776302
5301	10.776302
5302	10.776302
5303	10.776302
5304	10.776302
5305	10.776302
5306	10.776302
5307	10.776302
5308	10.776302
5309	10.776302
5310	10.776302
5311	10.776302
5312	10.776302
5313	10.776302
5314	10.776302
5315	10.776302
5316	10.776302
5317	10.776302
5318	10.776302
5319	10.776302
5320	10.776302
5321	10.776302
5322	10.776302
5323	10.776302
5324	10.776302
5325	10.776302
5326	10.776302
5327	10.776302
5328	10.776302
5329	10.776302
5330	10.776302
5331	10.776302
5332	10.776302
5333	10.776302
5334	10.776302
5335	10.776302
5336	10.776302
5337	10.776302
5338	10.776302
5339	10.776302
5340	10.776302
5341	10.776302
5342	10.776302
5343	10.776302
5344	10.776302
5345	10.776302
5346	10.776302
5347	10.776302
5348	10.776302
5349	10.776302
5350	10.776302
5351	10.776302
5352	10.776302
5353	10.776302
5354	10.776302
5355	10.776302
5356	10.776302
5357	10.776302
5358	10.776302
5359	10.776302
5360	10.776302
5361	10.776302
5362	10.776302
5363	10.776302
5364	10.776302
5365	10.776302
5366	10.776302
5367	10.776302
5368	10.776302
5369	10.776302
5370	10.776302
5371	10.776302
5372	10.776302
5373	10.776302
5374	10.776302
5375	10.776302
5376	10.776302
5377	10.776302
5378	10.776302
5379	10.776302
5380	10.776302
5381	10.776302
5382	10.776302
5383	10.776302
5384	10.776302
5385	10.776302
5386	10.776302
5387	10.776302
5388	10.776302
5389	10.776302
5390	10.776302
5391	10.776302
5392	10.776302
5393	10.776302
5394	10.776302
5395	10.776302
5396	10.776302
5397	10.776302
5398	10.776302
5399	10.776302
5400	10.776302
5401	10.776302
5402	10.776302
5403	10.776302
5404	10.776302
5405	10.776302
5406	10.776302
5407	10.776302
5408	10.776302
5409	10.776302
5410	10.776302
5411	10.776302
5412	10.776302
5413	10.776302
5414	10.776302
5415	10.776302
5416	10.776302
5417	10.776302
5418	10.776302
5419	10.776302
5420	10.776302
5421	10.776302
5422	10.776302
5423	10.776302
5424	10.776302
5425	10.776302
5426	10.776302
5427	10.776302
5428	10.776302
5429	10.776302
5430	10.776302
5431	10.776302
5432	10.776302
5433	10.776302
5434	10.776302
5435	10.776302
5436	10.776302
5437	10.776302
5438	10.776302
5439	10.776302
5440	10.776302
5441	10.776302
5442	10.776302
5443	10.776302
5444	10.776302
5445	10.776302
5446	10.776302
5447	10.776302
5448	10.776302
5449	10.776302
5450	10.776302
5451	10.776302
5452	10.776302
5453	10.776302
5454	10.776302
5455	10.776302
5456	10.776302
5457	10.776302
5458	10.776302
5459	10.776302
5460	10.776302
5461	10.776302
5462	10.776302
5463	10.776302
5464	10.776302
5465	10.776302
5466	10.776302
5467	10.776302
5468	10.776302
5469	10.776302
5470	10.776302
5471	10.776302
5472	10.776302
5473	10.776302
5474	10.776302
5475	10.776302
5476	10.776302
5477	10.776302
5478	10.776302
5479	10.776302
5480	10.776302
5481	10.776302
5482	10.776302
5483	10.776302
5484	10.776302
5485	10.776302
5486	10.776302
5487	10.776302
5488	10.776302
5489	10.776302
5490	10.776302
5491	10.776302
5492	10.776302
5493	10.776302
5494	10.776302
5495	10.776302
5496	10.776302
5497	10.776302
5498	10.776302
5499	10.776302
5500	10.776302
5501	10.776302
5502	10.776302
5503	10.776302
5504	10.776302
5505	10.776302
5506	10.776302
5507	10.776302
5508	10.776302
5509	10.776302
5510	10.776302
5511	10.776302
5512	10.776302
5513	10.776302
5514	10.776302
5515	10.776302
5516	10.776302
5517	10.776302
5518	10.776302
5519	10.776302
5520	10.776302
5521	10.776302
5522	10.776302
5523	10.776302
5524	10.776302
5525	10.776302
5526	10.776302
5527	10.776302
5528	10.776302
5529	10.776302
5530	10.776302
5531	10.776302
5532	10.776302
5533	10.776302
5534	10.776302
5535	10.776302
5536	10.776302
5537	10.776302
5538	10.776302
5539	10.776302
5540	10.776302
5541	10.776302
5542	10.776302
5543	10.776302
5544	10.776302
5545	10.776302
5546	10.776302
5547	10.776302
5548	10.776302
5549	10.776302
5550	10.776302
5551	10.776302
5552	10.776302
5553	10.776302
5554	10.776302
5555	10.776302
5556	10.776302
5557	10.776302
5558	10.776302
5559	10.776302
5560	10.776302
5561	10.776302
5562	10.776302
5563	10.776302
5564	10.776302
5565	10.776302
5566	10.776302
5567	10.776302
5568	10.776302
5569	10.776302
5570	10.776302
5571	10.776302
5572	10.776302
5573	10.776302
5574	10.776302
5575	10.776302
5576	10.776302
5577	10.776302
5578	10.776302
5579	10.776302
5580	10.776302
5581	10.776302
5582	10.776302
5583	10.776302
5584	10.776302
5585	10.776302
5586	10.776302
5587	10.776302
5588	10.776302
5589	10.776302
5590	10.776302
5591	10.776302
5592	10.776302
5593	10.776302
5594	10.776302
5595	10.776302
5596	10.776302
5597	10.776302
5598	10.776302
5599	10.776302
5600	10.776302
5601	10.776302
5602	10.776302
5603	10.776302
5604	10.776302
5605	10.776302
5606	10.776302
5607	10.776302
5608	10.776302
5609	10.776302
5610	10.776302
5611	10.776302
5612	10.776302
5613	10.776302
5614	10.776302
5615	10.776302
5616	10.776302
5617	10.776302
5618	10.776302
5619	10.776302
5620	10.776302
5621	10.776302
5622	10.776302
5623	10.776302
5624	10.776302
5625	10.776302
5626	10.776302
5627	10.776302
5628	10.776302
5629	10.776302
5630	10.776302
5631	10.776302
5632	10.776302
5633	10.776302
5634	10.776302
5635	10.776302
5636	10.776302
5637	10.776302
5638	10.776302
5639	10.776302
5640	10.776302
5641	10.776302
5642	10.776302
5643	10.776302
5644	10.776302
5645	10.776302
5646	10.776302
5647	10.776302
5648	10.776302
5649	10.776302
5650	10.776302
5651	10.776302
5652	10.776302
5653	10.776302
5654	10.776302
5655	10.776302
5656	10.776302
5657	10.776302
5658	10.776302
5659	10.776302
5660	10.776302
5661	10.776302
5662	10.776302
5663	10.776302
5664	10.776302
5665	10.776302
5666	10.776302
5667	10.776302
5668	10.776302
5669	10.776302
5670	10.776302
5671	10.776302
5672	10.776302
5673	10.776302
5674	10.776302
5675	10.776302
5676	10.776302
5677	10.776302
5678	10.776302
5679	10.776302
5680	10.776302
5681	10.776302
5682	10.776302
5683	10.776302
5684	10.776302
5685	10.776302
5686	10.776302
5687	10.776302
5688	10.776302
5689	10.776302
5690	10.776302
5691	10.776302
5692	10.776302
5693	10.776302
5694	10.776302
5695	10.776302
5696	10.776302
5697	10.776302
5698	10.776302
5699	10.776302
5700	10.776302
5701	10.776302
5702	10.776302
5703	10.776302
5704	10.776302
5705	10.776302
5706	10.776302
5707	10.776302
5708	10.776302
5709	10.776302
5710	10.776302
5711	10.776302
5712	10.776302
5713	10.776302
5714	10.776302
5715	10.776302
5716	10.776302
5717	10.776302
5718	10.776302
5719	10.776302
5720	10.776302
5721	10.776302
5722	10.776302
5723	10.776302
5724	10.776302
5725	10.776302
5726	10.776302
5727	10.776302
5728	10.776302
5729	10.776302
5730	10.776302
5731	10.776302
5732	10.776302
5733	10.776302
5734	10.776302
5735	10.776302
5736	10.776302
5737	10.776302
5738	10.776302
5739	10.776302
5740	10.776302
5741	10.776302
5742	10.776302
5743	10.776302
5744	10.776302
5745	10.776302
5746	10.776302
5747	10.776302
5748	10.776302
5749	10.776302
5750	10.776302
5751	10.776302
5752	10.776302
5753	10.776302
5754	10.776302
5755	10.776302
5756	10.776302
5757	10.776302
5758	10.776302
5759	10.776302
5760	10.776302
5761	10.776302
5762	10.776302
5763	10.776302
5764	10.776302
5765	10.776302
5766	10.776302
5767	10.776302
5768	10.776302
5769	10.776302
5770	10.776302
5771	10.776302
5772	10.776302
5773	10.776302
5774	10.776302
5775	10.776302
5776	10.776302
5777	10.776302
5778	10.776302
5779	10.776302
5780	10.776302
5781	10.776302
5782	10.776302
5783	10.776302
5784	10.776302
5785	10.776302
5786	10.776302
5787	10.776302
5788	10.776302
5789	10.776302
5790	10.776302
5791	10.776302
5792	10.776302
5793	10.776302
5794	10.776302
5795	10.776302
5796	10.776302
5797	10.776302
5798	10.776302
5799	10.776302
5800	10.776302
5801	10.776302
5802	10.776302
5803	10.776302
5804	10.776302
5805	10.776302
5806	10.776302
5807	10.776302
5808	10.776302
5809	10.776302
5810	10.776302
5811	10.776302
5812	10.776302
5813	10.776302
5814	10.776302
5815	10.776302
5816	10.776302
5817	10.776302
5818	10.776302
5819	10.776302
5820	10.776302
5821	10.776302
5822	10.776302
5823	10.776302
5824	10.776302
5825	10.776302
5826	10.776302
5827	10.776302
5828	10.776302
5829	10.776302
5830	10.776302
5831	10.776302
5832	10.776302
5833	10.776302
5834	10.776302
5835	10.776302
5836	10.776302
5837	10.776302
5838	10.776302
5839	10.776302
5840	10.776302
5841	10.776302
5842	10.776302
5843	10.776302
5844	10.776302
5845	10.776302
5846	10.776302
5847	10.776302
5848	10.776302
5849	10.776302
5850	10.776302
5851	10.776302
5852	10.776302
5853	10.776302
5854	10.776302
5855	10.776302
5856	10.776302
5857	10.776302
5858	10.776302
5859	10.776302
5860	10.776302
5861	10.776302
5862	10.776302
5863	10.776302
5864	10.776302
5865	10.776302
5866	10.776302
5867	10.776302
5868	10.776302
5869	10.776302
5870	10.776302
5871	10.776302
5872	10.776302
5873	10.776302
5874	10.776302
5875	10.776302
5876	10.776302
5877	10.776302
5878	10.776302
5879	10.776302
5880	10.776302
5881	10.776302
5882	10.776302
5883	10.776302
5884	10.776302
5885	10.776302
5886	10.776302
5887	10.776302
5888	10.776302
5889	10.776302
5890	10.776302
5891	10.776302
5892	10.776302
5893	10.776302
5894	10.776302
5895	10.776302
5896	10.776302
5897	10.776302
5898	10.776302
5899	10.776302
5900	10.776302
5901	10.776302
5902	10.776302
5903	10.776302
5904	10.776302
5905	10.776302
5906	10.776302
5907	10.776302
5908	10.776302
5909	10.776302
5910	10.776302
5911	10.776302
5912	10.776302
5913	10.776302
5914	10.776302
5915	10.776302
5916	10.776302
5917	10.776302
5918	10.776302
5919	10.776302
5920	10.776302
5921	10.776302
5922	10.776302
5923	10.776302
5924	10.776302
5925	10.776302
5926	10.776302
5927	10.776302
5928	10.776302
5929	10.776302
5930	10.776302
5931	10.776302
5932	10.776302
5933	10.776302
5934	10.776302
5935	10.776302
5936	10.776302
5937	10.776302
5938	10.776302
5939	10.776302
5940	10.776302
5941	10.776302
5942	10.776302
5943	10.776302
5944	10.776302
5945	10.776302
5946	10.776302
5947	10.776302
5948	10.776302
5949	10.776302
5950	10.776302
5951	10.776302
5952	10.776302
5953	10.776302
5954	10.776302
5955	10.776302
5956	10.776302
5957	10.776302
5958	10.776302
5959	10.776302
5960	10.776302
5961	10.776302
5962	10.776302
5963	10.776302
5964	10.776302
5965	10.776302
5966	10.776302
5967	10.776302
5968	10.776302
5969	10.776302
5970	10.776302
5971	10.776302
5972	10.776302
5973	10.776302
5974	10.776302
5975	10.776302
5976	10.776302
5977	10.776302
5978	10.776302
5979	10.776302
5980	10.776302
5981	10.776302
5982	10.776302
5983	10.776302
5984	10.776302
5985	10.776302
5986	10.776302
5987	10.776302
5988	10.776302
5989	10.776302
5990	10.776302
5991	10.776302
5992	10.776302
5993	10.776302
5994	10.776302
5995	10.776302
5996	10.776302
5997	10.776302
5998	10.776302
5999	10.776302
6000	10.776302
6001	10.776302
6002	10.776302
6003	10.776302
6004	10.776302
6005	10.776302
6006	10.776302
6007	10.776302
6008	10.776302
6009	10.776302
6010	10.776302
6011	10.776302
6012	10.776302
6013	10.776302
6014	10.776302
6015	10.776302
6016	10.776302
6017	10.776302
6018	10.776302
6019	10.776302
6020	10.776302
6021	10.776302
6022	10.776302
6023	10.776302
6024	10.776302
6025	10.776302
6026	10.776302
6027	10.776302
6028	10.776302
6029	10.776302
6030	10.776302
6031	10.776302
6032	10.776302
6033	10.776302
6034	10.776302
6035	10.776302
6036	10.776302
6037	10.776302
6038	10.776302
6039	10.776302
6040	10.776302
6041	10.776302
6042	10.776302
6043	10.776302
6044	10.776302
6045	10.776302
6046	10.776302
6047	10.776302
6048	10.776302
6049	10.776302
6050	10.776302
6051	10.776302
6052	10.776302
6053	10.776302
6054	10.776302
6055	10.776302
6056	10.776302
6057	10.776302
6058	10.776302
6059	10.776302
6060	10.776302
6061	10.776302
6062	10.776302
6063	10.776302
6064	10.776302
6065	10.776302
6066	10.776302
6067	10.776302
6068	10.776302
6069	10.776302
6070	10.776302
6071	10.776302
6072	10.776302
6073	10.776302
6074	10.776302
6075	10.776302
6076	10.776302
6077	10.776302
6078	10.776302
6079	10.776302
6080	10.776302
6081	10.776302
6082	10.776302
6083	10.776302
6084	10.776302
6085	10.776302
6086	10.776302
6087	10.776302
6088	10.776302
6089	10.776302
6090	10.776302
6091	10.776302
6092	10.776302
6093	10.776302
6094	10.776302
6095	10.776302
6096	10.776302
