1	7.107548
2	7.183298
3	7.162158
4	7.17744
5	7.182815
6	7.235168
7	7.235168
8	7.125861
9	7.132557
10	7.167157
11	7.173352
12	7.173352
13	7.192272
14	7.277668
15	7.288675
16	7.288675
17	7.355263
18	7.362239
19	7.391267
20	7.391267
21	7.391267
22	7.391267
23	7.391267
24	7.451244
25	7.451244
26	7.452036
27	7.452036
28	7.581757
29	7.581757
30	7.585511
31	7.585511
32	7.647335
33	7.647335
34	7.653168
35	7.806006
36	8.016706
37	8.016706
38	8.054575
39	8.054575
40	8.054575
41	8.023813
42	8.034939
43	8.031099
44	8.052909
45	8.056349
46	8.052987
47	8.0725
48	8.24799
49	8.355966
50	8.355966
51	8.362008
52	8.362008
53	8.362008
54	8.381787
55	8.406717
56	8.406717
57	8.408506
58	8.417391
59	8.432122
60	8.432122
61	8.432122
62	8.499526
63	8.450743
64	8.563403
65	8.576444
66	8.593276
67	8.613471
68	8.613471
69	8.614331
70	8.895287
71	8.937581
72	8.856833
73	8.94431
74	8.97957
75	8.965684
76	8.965684
77	8.965684
78	9.112964
79	9.134366
80	9.104286
81	9.130041
82	9.224893
83	9.224893
84	9.224893
85	9.223981
86	9.223981
87	9.250141
88	9.257149
89	9.257149
90	9.275563
91	9.363224
92	9.481475
93	9.481475
94	9.517068
95	9.521396
96	9.521396
97	9.447436
98	9.506971
99	9.506971
100	9.511558
101	9.517031
102	9.517031
103	9.458208
104	9.458208
105	9.458208
106	9.458208
107	9.458208
108	9.319587
109	9.336923
110	9.375149
111	9.302113
112	9.302113
113	9.245948
114	9.284715
115	9.28598
116	9.304724
117	9.347312
118	9.387024
119	9.449464
120	9.449464
121	9.49068
122	9.49068
123	9.513989
124	9.581037
125	9.564181
126	9.517461
127	9.525789
128	9.525789
129	9.473781
130	9.473781
131	9.487679
132	9.487679
133	9.548454
134	9.548454
135	9.548454
136	9.552662
137	9.55803
138	9.561462
139	9.572684
140	9.603596
141	9.676207
142	9.676207
143	9.667674
144	9.667674
145	9.667674
146	9.646816
147	9.652586
148	9.670222
149	9.671712
150	9.582459
151	9.582459
152	9.582459
153	9.582459
154	9.629179
155	9.568821
156	9.568821
157	9.568821
158	9.573168
159	9.565088
160	9.565088
161	9.589253
162	9.577819
163	9.58345
164	9.58345
165	9.622704
166	9.669204
167	9.669204
168	9.70095
169	9.70095
170	9.70095
171	9.713415
172	9.713415
173	9.84153
174	9.84153
175	9.841633
176	9.841633
177	9.795133
178	9.795133
179	9.801153
180	9.806631
181	9.559057
182	9.550988
183	9.526139
184	9.526139
185	9.526139
186	9.526139
187	9.526139
188	9.549509
189	9.540116
190	9.539346
191	9.492626
192	9.363098
193	9.363098
194	9.363098
195	9.363098
196	9.363098
197	9.488596
198	9.535316
199	9.535316
200	9.488596
201	9.496804
202	9.573865
203	9.573865
204	9.573865
205	9.626003
206	9.626003
207	9.71663
208	9.76335
209	9.666039
210	9.669049
211	9.711462
212	9.563755
213	9.429136
214	9.428156
215	9.428156
216	9.428156
217	9.338963
218	9.338963
219	9.338963
220	9.350973
221	9.350973
222	9.370285
223	9.364216
224	9.364216
225	9.359218
226	9.359218
227	9.673335
228	9.673335
229	9.673335
230	9.673335
231	9.673335
232	9.673335
233	9.626615
234	9.626615
235	9.673335
236	9.673335
237	9.673335
238	9.655823
239	9.591223
240	9.591223
241	9.591223
242	9.591223
243	9.591223
244	9.591223
245	9.528737
246	9.528737
247	9.337749
248	9.337749
249	9.38166
250	9.38166
251	9.391381
252	9.505365
253	9.34646
254	9.542157
255	9.542157
256	9.542157
257	9.502568
258	9.502568
259	9.502568
260	9.502568
261	9.806942
262	9.806942
263	9.806942
264	9.814831
265	9.814831
266	9.814831
267	9.814831
268	9.814831
269	9.797661
270	9.797661
271	9.797661
272	9.797661
273	9.797661
274	9.798375
275	9.798375
276	9.798375
277	9.798375
278	9.798375
279	9.798375
280	9.798375
281	9.798375
282	9.798375
283	9.798375
284	9.798375
285	9.798375
286	9.798375
287	9.798375
288	9.798375
289	9.798375
290	9.798375
291	9.726182
292	9.726182
293	9.726182
294	9.866706
295	9.881671
296	9.881671
297	9.881671
298	9.883535
299	9.84014
300	9.84014
301	9.84014
302	9.79342
303	9.79342
304	9.79342
305	9.642928
306	9.642928
307	9.655252
308	9.655252
309	9.655252
310	9.663915
311	9.663915
312	9.663915
313	9.663915
314	9.663915
315	9.692571
316	9.695427
317	9.710437
318	9.710437
319	9.707452
320	9.707452
321	9.707452
322	9.707452
323	9.707452
324	9.707452
325	9.707452
326	9.707452
327	9.80195
328	9.718413
329	9.685777
330	9.743329
331	9.743329
332	9.743329
333	9.731005
334	9.762845
335	9.762845
336	9.774934
337	9.69169
338	9.69169
339	9.69169
340	9.690367
341	9.690367
342	9.690367
343	9.690367
344	9.690367
345	9.713761
346	9.713761
347	9.713761
348	9.861524
349	9.861524
350	9.861524
351	10.021918
352	10.135931
353	10.135931
354	10.135931
355	10.135931
356	10.224217
357	10.224217
358	10.224217
359	10.360982
360	10.360982
361	10.345972
362	10.345972
363	10.346768
364	10.346768
365	10.265955
366	10.280965
367	10.280965
368	10.299577
369	10.299577
370	10.333407
371	10.333407
372	10.333407
373	10.333407
374	10.333407
375	10.333407
376	10.333407
377	10.333407
378	10.333407
379	10.320539
380	10.325537
381	10.325537
382	10.325537
383	10.325537
384	10.325537
385	10.325537
386	10.325537
387	10.207042
388	10.207042
389	10.207042
390	10.207042
391	10.207042
392	10.207042
393	10.224139
394	10.224139
395	10.224139
396	10.224139
397	10.224139
398	10.224139
399	10.224139
400	10.224139
401	10.224139
402	10.224139
403	10.176976
404	10.214383
405	10.214383
406	10.214383
407	10.127523
408	10.127523
409	10.210449
410	10.210449
411	10.210449
412	10.210449
413	10.210449
414	10.215681
415	10.136532
416	10.151976
417	10.18151
418	10.185263
419	10.185263
420	10.185263
421	10.185263
422	10.185263
423	10.185263
424	10.185263
425	10.185263
426	10.185263
427	10.185263
428	10.185263
429	10.185263
430	10.185263
431	10.185263
432	10.185263
433	10.185263
434	10.185263
435	10.185263
436	10.242864
437	10.242864
438	10.242864
439	10.21333
440	10.042969
441	10.042969
442	10.081125
443	10.081125
444	10.081125
445	10.081125
446	10.081125
447	10.081125
448	10.081125
449	10.081125
450	10.081125
451	10.160274
452	10.160274
453	10.160274
454	10.206994
455	10.206994
456	10.219374
457	10.104551
458	10.104551
459	10.104551
460	10.104551
461	10.057831
462	10.043157
463	9.962941
464	9.962941
465	10.049801
466	10.049801
467	10.049801
468	10.059553
469	10.048608
470	9.987714
471	9.987714
472	9.987714
473	9.987714
474	9.987714
475	9.987714
476	10.034877
477	10.034877
478	10.034877
479	10.034877
480	10.034877
481	10.034877
482	10.034877
483	10.291619
484	10.291619
485	10.226547
486	10.226547
487	10.226547
488	10.317291
489	10.317291
490	10.317291
491	10.328236
492	10.328236
493	10.294406
494	10.294406
495	10.294406
496	10.294406
497	10.284654
498	10.284654
499	10.284654
500	10.284654
501	10.284654
502	10.284654
503	10.341112
504	10.341112
505	10.341112
506	10.341112
507	10.341112
508	10.341112
509	10.341112
510	10.475192
511	10.525005
512	10.525005
513	10.426244
514	10.426244
515	10.426244
516	10.426244
517	10.426244
518	10.426244
519	10.426244
520	10.426244
521	10.426244
522	10.426244
523	10.426244
524	10.426244
525	10.426244
526	10.426244
527	10.426244
528	10.426244
529	10.426244
530	10.426244
531	10.426244
532	10.426244
533	10.426244
534	10.426244
535	10.426244
536	10.426244
537	10.426244
538	10.426244
539	10.426244
540	10.268263
541	10.268263
542	10.507057
543	10.507057
544	10.507057
545	10.507057
546	10.507057
547	10.507057
548	10.507057
549	10.507455
550	10.533898
551	10.533898
552	10.535092
553	10.535092
554	10.535092
555	10.535092
556	10.535092
557	10.535092
558	10.535092
559	10.535092
560	10.535092
561	10.535092
562	10.535092
563	10.535092
564	10.534694
565	10.534694
566	10.534694
567	10.534694
568	10.534694
569	10.534694
570	10.534694
571	10.534694
572	10.534694
573	10.534694
574	10.534694
575	10.534694
576	10.534694
577	10.534694
578	10.534694
579	10.534694
580	10.534694
581	10.534694
582	10.534694
583	10.534694
584	10.534694
585	10.52472
586	10.52472
587	10.52472
588	10.52472
589	10.52472
590	10.52472
591	10.52472
592	10.52472
593	10.52472
594	10.52472
595	10.52472
596	10.52472
597	10.52472
598	10.52472
599	10.534694
600	10.534694
601	10.534694
602	10.534694
603	10.534694
604	10.534694
605	10.534694
606	10.534694
607	10.534694
608	10.534694
609	10.534694
610	10.534694
611	10.534694
612	10.534694
613	10.534694
614	10.534694
615	10.534694
616	10.5335
617	10.5335
618	10.5335
619	10.5335
620	10.5335
621	10.5335
622	10.5335
623	10.5335
624	10.5335
625	10.5335
626	10.5335
627	10.5335
628	10.401037
629	10.401037
630	10.401037
631	10.401037
632	10.401037
633	10.401037
634	10.401037
635	10.384446
636	10.384446
637	10.384446
638	10.384446
639	10.384446
640	10.384446
641	10.384446
642	10.384446
643	10.384446
644	10.394993
645	10.394993
646	10.394993
647	10.394993
648	10.394993
649	10.394993
650	10.394993
651	10.394993
652	10.394993
653	10.394993
654	10.394993
655	10.394993
656	10.394993
657	10.394993
658	10.394993
659	10.394993
660	10.427629
661	10.427629
662	10.427629
663	10.427629
664	10.427629
665	10.427629
666	10.427629
667	10.427629
668	10.427629
669	10.427629
670	10.427629
671	10.427629
672	10.427629
673	10.427629
674	10.427629
675	10.427629
676	10.427629
677	10.427629
678	10.427629
679	10.427629
680	10.427629
681	10.427629
682	10.428425
683	10.428425
684	10.428425
685	10.428425
686	10.428425
687	10.428425
688	10.422057
689	10.422057
690	10.422057
691	10.422057
692	10.422057
693	10.422057
694	10.422057
695	10.422057
696	10.567202
697	10.567202
698	10.567202
699	10.567202
700	10.567202
701	10.567202
702	10.567202
703	10.567202
704	10.567202
705	10.567202
706	10.567202
707	10.567202
708	10.567202
709	10.567202
710	10.567202
711	10.567202
712	10.567202
713	10.567202
714	10.567202
715	10.567202
716	10.567202
717	10.567202
718	10.567202
719	10.567202
720	10.567202
721	10.589228
722	10.589228
723	10.589228
724	10.690296
725	10.690296
726	10.690296
727	10.718554
728	10.718554
729	10.718554
730	10.718554
731	10.718554
732	10.718554
733	10.718554
734	10.718554
735	10.718554
736	10.718554
737	10.718554
738	10.718554
739	10.718554
740	10.718554
741	10.718554
742	10.718554
743	10.718554
744	10.718554
745	10.718554
746	10.718554
747	10.718554
748	10.718554
749	10.718554
750	10.718554
751	10.718554
752	10.718554
753	10.752384
754	10.752384
755	10.752384
756	10.752384
757	10.752384
758	10.752384
759	10.752384
760	10.657886
761	10.657886
762	10.657886
763	10.657886
764	10.657886
765	10.657886
766	10.657886
767	10.657886
768	10.657886
769	10.657886
770	10.657886
771	10.657886
772	10.657886
773	10.657886
774	10.657886
775	10.657886
776	10.673917
777	10.673917
778	10.673917
779	10.673917
780	10.673917
781	10.673917
782	10.67133
783	10.67133
784	10.666355
785	10.666355
786	10.695382
787	10.695382
788	10.695382
789	10.695382
790	10.695382
791	10.695382
792	10.695382
793	10.695382
794	10.695382
795	10.695382
796	10.695382
797	10.695382
798	10.695382
799	10.695382
800	10.695382
801	10.695382
802	10.695382
803	10.695382
804	10.695382
805	10.695382
806	10.695382
807	10.695382
808	10.695382
809	10.695382
810	10.695382
811	10.695382
812	10.695382
813	10.695382
814	10.695382
815	10.695382
816	10.695382
817	10.736765
818	10.736765
819	10.736765
820	10.736765
821	10.736765
822	10.736765
823	10.736765
824	10.736765
825	10.736765
826	10.736765
827	10.751342
828	10.751342
829	10.751342
830	10.751342
831	10.751342
832	10.751342
833	10.776416
834	10.776416
835	10.776416
836	10.776416
837	10.776416
838	10.776416
839	10.776416
840	10.776416
841	10.776416
842	10.776416
843	10.776416
844	10.776416
845	10.776416
846	10.776416
847	10.714925
848	10.714925
849	10.714925
850	10.714925
851	10.714925
852	10.714925
853	10.714925
854	10.714925
855	10.692239
856	10.692239
857	10.692239
858	10.692239
859	10.692239
860	10.692239
861	10.692239
862	10.692239
863	10.692239
864	10.692239
865	10.692239
866	10.692239
867	10.692239
868	10.692239
869	10.692239
870	10.692239
871	10.692239
872	10.692239
873	10.692239
874	10.692239
875	10.692239
876	10.692239
877	10.74447
878	10.74447
879	10.74447
880	10.74447
881	10.74447
882	10.74447
883	10.74447
884	10.74447
885	10.74447
886	10.74447
887	10.74447
888	10.74447
889	10.74447
890	10.737505
891	10.737505
892	10.737505
893	10.737505
894	10.737505
895	10.737505
896	10.737505
897	10.737505
898	10.737505
899	10.737505
900	10.737505
901	10.737505
902	10.737505
903	10.728948
904	10.728948
905	10.728948
906	10.728948
907	10.728948
908	10.728948
909	10.728948
910	10.706063
911	10.706063
912	10.706063
913	10.706063
914	10.728749
915	10.728749
916	10.727953
917	10.727953
918	10.665865
919	10.665865
920	10.665865
921	10.665865
922	10.665865
923	10.665865
924	10.665865
925	10.665865
926	10.665865
927	10.665865
928	10.665865
929	10.665865
930	10.665865
931	10.665865
932	10.727953
933	10.727953
934	10.727953
935	10.727953
936	10.727953
937	10.727953
938	10.727953
939	10.727953
940	10.727953
941	10.727953
942	10.727953
943	10.727953
944	10.727953
945	10.727953
946	10.727953
947	10.761186
948	10.761186
949	10.761186
950	10.761186
951	10.761982
952	10.761982
953	10.761982
954	10.761982
955	10.761982
956	10.761982
957	10.761982
958	10.823473
959	10.789643
960	10.789643
961	10.789643
962	10.789643
963	10.789643
964	10.789643
965	10.789643
966	10.76934
967	10.76934
968	10.76934
969	10.76934
970	10.76934
971	10.76934
972	10.76934
973	10.76934
974	10.76934
975	10.76934
976	10.76934
977	10.76934
978	10.76934
979	10.76934
980	10.76934
981	10.76934
982	10.76934
983	10.76934
984	10.76934
985	10.76934
986	10.76934
987	10.76934
988	10.76934
989	10.76934
990	10.76934
991	10.76934
992	10.76934
993	10.76934
994	10.76934
995	10.76934
996	10.758992
997	10.758992
998	10.758992
999	10.758992
1000	10.758992
1001	10.758992
1002	10.758992
1003	10.758992
1004	10.758992
1005	10.758992
1006	10.758992
1007	10.758992
1008	10.758992
1009	10.758992
1010	10.758992
1011	10.758992
1012	10.758992
1013	10.736107
1014	10.736107
1015	10.736107
1016	10.736107
1017	10.736107
1018	10.736107
1019	10.736107
1020	10.736107
1021	10.736107
1022	10.736107
1023	10.736107
1024	10.736107
1025	10.736107
1026	10.736107
1027	10.723248
1028	10.723248
1029	10.723248
1030	10.723248
1031	10.723248
1032	10.723248
1033	10.723248
1034	10.723248
1035	10.723248
1036	10.723248
1037	10.723248
1038	10.723248
1039	10.723248
1040	10.723248
1041	10.723248
1042	10.723248
1043	10.723248
1044	10.723248
1045	10.723248
1046	10.723248
1047	10.723248
1048	10.723248
1049	10.723248
1050	10.723248
1051	10.723248
1052	10.723248
1053	10.723248
1054	10.723248
1055	10.723248
1056	10.723248
1057	10.723248
1058	10.723248
1059	10.723248
1060	10.723248
1061	10.723248
1062	10.723248
1063	10.723248
1064	10.723248
1065	10.723248
1066	10.723248
1067	10.723248
1068	10.723248
1069	10.723248
1070	10.723248
1071	10.723248
1072	10.723248
1073	10.723248
1074	10.702283
1075	10.702283
1076	10.702283
1077	10.702283
1078	10.702283
1079	10.702283
1080	10.702283
1081	10.702283
1082	10.702283
1083	10.702283
1084	10.702283
1085	10.702283
1086	10.702283
1087	10.702283
1088	10.702283
1089	10.702283
1090	10.702283
1091	10.702283
1092	10.702283
1093	10.702283
1094	10.702283
1095	10.702283
1096	10.702283
1097	10.702283
1098	10.702283
1099	10.702283
1100	10.702283
1101	10.702283
1102	10.702283
1103	10.702283
1104	10.702283
1105	10.702283
1106	10.702283
1107	10.702283
1108	10.702283
1109	10.702283
1110	10.702283
1111	10.702283
1112	10.702283
1113	10.710946
1114	10.710946
1115	10.710946
1116	10.710946
1117	10.710946
1118	10.710946
1119	10.710946
1120	10.713533
1121	10.713533
1122	10.713533
1123	10.713533
1124	10.713533
1125	10.713533
1126	10.713533
1127	10.713533
1128	10.713533
1129	10.713533
1130	10.713533
1131	10.713533
1132	10.713533
1133	10.714727
1134	10.714727
1135	10.714727
1136	10.714727
1137	10.714727
1138	10.714727
1139	10.714727
1140	10.714727
1141	10.714727
1142	10.714727
1143	10.714727
1144	10.714727
1145	10.714727
1146	10.714727
1147	10.714727
1148	10.714727
1149	10.714727
1150	10.714727
1151	10.714727
1152	10.714727
1153	10.716591
1154	10.716591
1155	10.716591
1156	10.716591
1157	10.716591
1158	10.716591
1159	10.716591
1160	10.716591
1161	10.716591
1162	10.716591
1163	10.716591
1164	10.716591
1165	10.716591
1166	10.716591
1167	10.716591
1168	10.716591
1169	10.716591
1170	10.716591
1171	10.716591
1172	10.716591
1173	10.716591
1174	10.716591
1175	10.716591
1176	10.716591
1177	10.716591
1178	10.716591
1179	10.716591
1180	10.716591
1181	10.716591
1182	10.716591
1183	10.716591
1184	10.716591
1185	10.716591
1186	10.716591
1187	10.716591
1188	10.716591
1189	10.716591
1190	10.716591
1191	10.716591
1192	10.716591
1193	10.716591
1194	10.716591
1195	10.716591
1196	10.716591
1197	10.716591
1198	10.716591
1199	10.716591
1200	10.716591
1201	10.716591
1202	10.716591
1203	10.716591
1204	10.716591
1205	10.716591
1206	10.716591
1207	10.716591
1208	10.716591
1209	10.716591
1210	10.716591
1211	10.716591
1212	10.716591
1213	10.716591
1214	10.716591
1215	10.716591
1216	10.716591
1217	10.716591
1218	10.716591
1219	10.716591
1220	10.716591
1221	10.716591
1222	10.716591
1223	10.716591
1224	10.725148
1225	10.725148
1226	10.725148
1227	10.725148
1228	10.725148
1229	10.725148
1230	10.725148
1231	10.725148
1232	10.725148
1233	10.725148
1234	10.725148
1235	10.725148
1236	10.725148
1237	10.725148
1238	10.737088
1239	10.737088
1240	10.737088
1241	10.737088
1242	10.737088
1243	10.737088
1244	10.737088
1245	10.737088
1246	10.737088
1247	10.737088
1248	10.737088
1249	10.737088
1250	10.737088
1251	10.716989
1252	10.716989
1253	10.716989
1254	10.716989
1255	10.750819
1256	10.750819
1257	10.750819
1258	10.750819
1259	10.750819
1260	10.750819
1261	10.750819
1262	10.750819
1263	10.750819
1264	10.750819
1265	10.750819
1266	10.750819
1267	10.818479
1268	10.818479
1269	10.818479
1270	10.818479
1271	10.818479
1272	10.818479
1273	10.818479
1274	10.818479
1275	10.818479
1276	10.818479
1277	10.818479
1278	10.825444
1279	10.825444
1280	10.825444
1281	10.825444
1282	10.825444
1283	10.825444
1284	10.825444
1285	10.825444
1286	10.825444
1287	10.825444
1288	10.825444
1289	10.825444
1290	10.825444
1291	10.825444
1292	10.825444
1293	10.825444
1294	10.825444
1295	10.834399
1296	10.834399
1297	10.833603
1298	10.833603
1299	10.833603
1300	10.833603
1301	10.833603
1302	10.833603
1303	10.833603
1304	10.833603
1305	10.833603
1306	10.833603
1307	10.833603
1308	10.833603
1309	10.833603
1310	10.833603
1311	10.833603
1312	10.833603
1313	10.833603
1314	10.833603
1315	10.833603
1316	10.833603
1317	10.833603
1318	10.833603
1319	10.833603
1320	10.833603
1321	10.847284
1322	10.847284
1323	10.847284
1324	10.847284
1325	10.847284
1326	10.847284
1327	10.847284
1328	10.847284
1329	10.847284
1330	10.847284
1331	10.847284
1332	10.847284
1333	10.847284
1334	10.847284
1335	10.847284
1336	10.847284
1337	10.847284
1338	10.847284
1339	10.847284
1340	10.866132
1341	10.866132
1342	10.866132
1343	10.866132
1344	10.866132
1345	10.866132
1346	10.866132
1347	10.866132
1348	10.866132
1349	10.862948
1350	10.862948
1351	10.862948
1352	10.862948
1353	10.862948
1354	10.862948
1355	10.862948
1356	10.862948
1357	10.862948
1358	10.862948
1359	10.862948
1360	10.862948
1361	10.862948
1362	10.862948
1363	10.862948
1364	10.862948
1365	10.862948
1366	10.862948
1367	10.862948
1368	10.862948
1369	10.862948
1370	10.862948
1371	10.862948
1372	10.862948
1373	10.862948
1374	10.862948
1375	10.862948
1376	10.862948
1377	10.862948
1378	10.862948
1379	10.862948
1380	10.881455
1381	10.881455
1382	10.881455
1383	10.881455
1384	10.881455
1385	10.881455
1386	10.881455
1387	10.881455
1388	10.881455
1389	10.881455
1390	10.881455
1391	10.881455
1392	10.881455
1393	10.879067
1394	10.879067
1395	10.879067
1396	10.895339
1397	10.895339
1398	10.895339
1399	10.895339
1400	10.895339
1401	10.895339
1402	10.895339
1403	10.895339
1404	10.895339
1405	10.895339
1406	10.895339
1407	10.896135
1408	10.896135
1409	10.896135
1410	10.896135
1411	10.896135
1412	10.896135
1413	10.896135
1414	10.896135
1415	10.896135
1416	10.896135
1417	10.896135
1418	10.896135
1419	10.896135
1420	10.896135
1421	10.896135
1422	10.896135
1423	10.896135
1424	10.914735
1425	10.914735
1426	10.914735
1427	10.914735
1428	10.914735
1429	10.914735
1430	10.914735
1431	10.914735
1432	10.914735
1433	10.914735
1434	10.914735
1435	10.914735
1436	10.914735
1437	10.914735
1438	10.914735
1439	10.914735
1440	10.914735
1441	10.914735
1442	10.914735
1443	10.914735
1444	10.914735
1445	10.914735
1446	10.914735
1447	10.914735
1448	10.914735
1449	10.914735
1450	10.914735
1451	10.914735
1452	10.914735
1453	10.914735
1454	10.914735
1455	10.914735
1456	10.914735
1457	10.914735
1458	10.914735
1459	10.914735
1460	10.914735
1461	10.914735
1462	10.914735
1463	10.914735
1464	10.914735
1465	10.914735
1466	10.914735
1467	10.914735
1468	10.914735
1469	10.914735
1470	10.914735
1471	10.914735
1472	10.914735
1473	10.914735
1474	10.914735
1475	10.914735
1476	10.914735
1477	10.933513
1478	10.933513
1479	10.933513
1480	10.933513
1481	10.933513
1482	10.933513
1483	10.933513
1484	10.933513
1485	10.933513
1486	10.933513
1487	10.933513
1488	10.933513
1489	10.933513
1490	10.933513
1491	10.933513
1492	10.933513
1493	10.933513
1494	10.933513
1495	10.933513
1496	10.933513
1497	10.933513
1498	10.933513
1499	10.933513
1500	10.933513
1501	10.933513
1502	10.933513
1503	10.933513
1504	10.933513
1505	10.933513
1506	10.933513
1507	10.933513
1508	10.933513
1509	10.933513
1510	10.933513
1511	10.933513
1512	10.95039
1513	10.95039
1514	10.95039
1515	10.95039
1516	10.95039
1517	10.95039
1518	10.95039
1519	10.95039
1520	10.95039
1521	10.95039
1522	10.95039
1523	10.95039
1524	10.95039
1525	10.95039
1526	10.95039
1527	10.949594
1528	10.949594
1529	10.949594
1530	10.949594
1531	10.949594
1532	10.949594
1533	10.949594
1534	10.949594
1535	10.949594
1536	10.949594
1537	10.949594
1538	10.949594
1539	10.949594
1540	10.949594
1541	10.949594
1542	10.949594
1543	10.949594
1544	10.949594
1545	10.949594
1546	10.949594
1547	10.949594
1548	10.949594
1549	10.949594
1550	10.949594
1551	10.949594
1552	10.949594
1553	10.949594
1554	10.949594
1555	10.949594
1556	10.949594
1557	10.949594
1558	10.949594
1559	10.949594
1560	10.949594
1561	10.949594
1562	10.949594
1563	10.949594
1564	10.949594
1565	10.949594
1566	10.949594
1567	10.949594
1568	10.949594
1569	10.949594
1570	10.949594
1571	10.949594
1572	10.949594
1573	10.949594
1574	10.949594
1575	10.949594
1576	10.949594
1577	10.949594
1578	10.949594
1579	10.949594
1580	10.949594
1581	10.949594
1582	10.949594
1583	10.949594
1584	10.949594
1585	10.949594
1586	10.949594
1587	10.949594
1588	10.949594
1589	10.949594
1590	10.949594
1591	10.949594
1592	10.949594
1593	10.949594
1594	10.949594
1595	10.949594
1596	10.949594
1597	10.949594
1598	10.949594
1599	10.949594
1600	10.949594
1601	10.949594
1602	10.949594
1603	10.949594
1604	10.949594
1605	10.949594
1606	10.949594
1607	10.949594
1608	10.949594
1609	10.949594
1610	10.949594
1611	10.949594
1612	10.949594
1613	10.949594
1614	10.949594
1615	10.949594
1616	10.949594
1617	10.949594
1618	10.949594
1619	10.949594
1620	10.949594
1621	10.949594
1622	10.949594
1623	10.949594
1624	10.949594
1625	10.949594
1626	10.949594
1627	10.949594
1628	10.949594
1629	10.949594
1630	10.949594
1631	10.938555
1632	10.938555
1633	10.938555
1634	10.938555
1635	10.938555
1636	10.938555
1637	10.938555
1638	10.938555
1639	10.941739
1640	10.941739
1641	10.941739
1642	10.941739
1643	10.941739
1644	10.941739
1645	10.941739
1646	10.941739
1647	10.941739
1648	10.941739
1649	10.941739
1650	10.941739
1651	10.941739
1652	10.941739
1653	10.941739
1654	10.941739
1655	10.941739
1656	10.941739
1657	10.941739
1658	10.941739
1659	10.941739
1660	10.941739
1661	10.941739
1662	10.941739
1663	10.941739
1664	10.941739
1665	10.942535
1666	10.942535
1667	10.942535
1668	10.945266
1669	10.945266
1670	10.945266
1671	10.945266
1672	10.945266
1673	10.945266
1674	10.945266
1675	10.945266
1676	10.945266
1677	10.945266
1678	10.945266
1679	10.945266
1680	10.945266
1681	10.945266
1682	10.945266
1683	10.945266
1684	10.945266
1685	10.945266
1686	10.945266
1687	10.945266
1688	10.945266
1689	10.945266
1690	10.945266
1691	10.945266
1692	10.945266
1693	10.945266
1694	10.945266
1695	10.945266
1696	10.945266
1697	10.945266
1698	10.945266
1699	10.945266
1700	10.945266
1701	10.945266
1702	10.945266
1703	10.945266
1704	10.945266
1705	10.945266
1706	10.945266
1707	10.945266
1708	10.945266
1709	10.945266
1710	10.945266
1711	10.945266
1712	10.945266
1713	10.945266
1714	10.945266
1715	10.945266
1716	10.945266
1717	10.945266
1718	10.945266
1719	10.945266
1720	10.945266
1721	10.945266
1722	10.94447
1723	10.94447
1724	10.94447
1725	10.94447
1726	10.94447
1727	10.959991
1728	10.959991
1729	10.959991
1730	10.947601
1731	10.947601
1732	10.947601
1733	10.947601
1734	10.947601
1735	10.947601
1736	10.947601
1737	10.947601
1738	10.947601
1739	10.947601
1740	10.947601
1741	10.947601
1742	10.947601
1743	10.947601
1744	10.947601
1745	10.947601
1746	10.947601
1747	10.947601
1748	10.947601
1749	10.948397
1750	10.948397
1751	10.948397
1752	10.948397
1753	10.948397
1754	10.948397
1755	10.948397
1756	10.948397
1757	10.948397
1758	10.948397
1759	10.948397
1760	10.948397
1761	10.948397
1762	10.948397
1763	10.948397
1764	10.948397
1765	10.948397
1766	10.948397
1767	10.948397
1768	10.948397
1769	10.948397
1770	10.948397
1771	10.948397
1772	10.948397
1773	10.948397
1774	10.948397
1775	10.948397
1776	10.948397
1777	10.948397
1778	10.948397
1779	10.948397
1780	10.948397
1781	10.948397
1782	10.948397
1783	10.948397
1784	10.948397
1785	10.948397
1786	10.948397
1787	10.948397
1788	10.948397
1789	10.948397
1790	10.948397
1791	10.948397
1792	10.948397
1793	10.948397
1794	10.948397
1795	10.948397
1796	10.948397
1797	10.948397
1798	10.946806
1799	10.946806
1800	10.946806
1801	10.946806
1802	10.946806
1803	10.946806
1804	10.946806
1805	10.946806
1806	10.946806
1807	10.946806
1808	10.946806
1809	10.946806
1810	10.946806
1811	10.946806
1812	10.946806
1813	10.946806
1814	10.946806
1815	10.946806
1816	10.946806
1817	10.946806
1818	10.946806
1819	10.946806
1820	10.946806
1821	10.946806
1822	10.946806
1823	10.946806
1824	10.946806
1825	10.946806
1826	10.946806
1827	10.946806
1828	10.946806
1829	10.946806
1830	10.946806
1831	10.946806
1832	10.946806
1833	10.943622
1834	10.943622
1835	10.943622
1836	10.943622
1837	10.943622
1838	10.943622
1839	10.943622
1840	10.943622
1841	10.943622
1842	10.959386
1843	10.959386
1844	10.959386
1845	10.959386
1846	10.959386
1847	10.959386
1848	10.959386
1849	10.959386
1850	10.959386
1851	10.959386
1852	10.959386
1853	10.959386
1854	10.959386
1855	10.959386
1856	10.959386
1857	10.95859
1858	10.95859
1859	10.95859
1860	10.95859
1861	10.95859
1862	10.95859
1863	10.95859
1864	10.95859
1865	10.95859
1866	10.95859
1867	10.95859
1868	10.95859
1869	10.95859
1870	10.985057
1871	10.985057
1872	10.985057
1873	10.985057
1874	10.985057
1875	10.985057
1876	10.985057
1877	10.985057
1878	10.985057
1879	10.985057
1880	10.985057
1881	10.985057
1882	10.985057
1883	10.985057
1884	10.985057
1885	10.985057
1886	10.985057
1887	10.985057
1888	10.985057
1889	10.985057
1890	10.985057
1891	10.985057
1892	10.985057
1893	10.985057
1894	10.985057
1895	10.985057
1896	10.985057
1897	10.985057
1898	10.985057
1899	10.985057
1900	10.985057
1901	10.985057
1902	10.985057
1903	10.985057
1904	10.997447
1905	10.997447
1906	10.997447
1907	10.997447
1908	10.997447
1909	10.997447
1910	10.997447
1911	10.997447
1912	10.997447
1913	10.997447
1914	10.997447
1915	10.997447
1916	10.997447
1917	10.997447
1918	10.997447
1919	10.997447
1920	10.997447
1921	10.997447
1922	10.997447
1923	10.997447
1924	10.997447
1925	10.997447
1926	10.997447
1927	10.997447
1928	10.997447
1929	10.997447
1930	10.997447
1931	10.997447
1932	10.997447
1933	10.997447
1934	10.997447
1935	10.997447
1936	10.997447
1937	10.997447
1938	10.997447
1939	10.997447
1940	10.997447
1941	10.997447
1942	10.997447
1943	10.997447
1944	10.997447
1945	10.997447
1946	10.997447
1947	10.997447
1948	10.997447
1949	10.997447
1950	10.997447
1951	10.997447
1952	10.997447
1953	10.997447
1954	10.997447
1955	10.997447
1956	10.997447
1957	10.997447
1958	10.997447
1959	10.997447
1960	10.997447
1961	10.997447
1962	10.997447
1963	10.997447
1964	10.997447
1965	10.997447
1966	10.997447
1967	10.997447
1968	10.997447
1969	10.997447
1970	10.997447
1971	10.997447
1972	10.997447
1973	10.997447
1974	10.997447
1975	10.997447
1976	10.997447
1977	10.997447
1978	10.997447
1979	11.000631
1980	11.000631
1981	11.000631
1982	11.000631
1983	11.000631
1984	11.000631
1985	11.000631
1986	11.000631
1987	11.000631
1988	11.000631
1989	11.000631
1990	11.000631
1991	11.000631
1992	11.000631
1993	11.000631
1994	11.000631
1995	11.000631
1996	11.000631
1997	11.000631
1998	11.000631
1999	11.000631
2000	11.000631
2001	11.000631
2002	11.000631
2003	11.000631
2004	11.000631
2005	11.000631
2006	11.000631
2007	11.000631
2008	11.000631
2009	11.000631
2010	11.000631
2011	10.999039
2012	10.999039
2013	10.999039
2014	10.999039
2015	10.999039
2016	10.999039
2017	10.999039
2018	10.999039
2019	10.999039
2020	10.999039
2021	10.999039
2022	10.999039
2023	10.999039
2024	10.999039
2025	10.999039
2026	10.999039
2027	10.999039
2028	10.999039
2029	10.999039
2030	10.999039
2031	10.999039
2032	10.999039
2033	10.999835
2034	10.999835
2035	10.999835
2036	10.999835
2037	10.999835
2038	10.999835
2039	10.999835
2040	10.999835
2041	10.999835
2042	10.999835
2043	10.999835
2044	10.999835
2045	10.999835
2046	10.999835
2047	10.999835
2048	10.999835
2049	10.999835
2050	10.999835
2051	10.999835
2052	10.999835
2053	10.999835
2054	10.999835
2055	10.999835
2056	10.999835
2057	10.999835
2058	10.999835
2059	10.999835
2060	10.999835
2061	10.999835
2062	10.999835
2063	10.999835
2064	10.999835
2065	10.999835
2066	10.999835
2067	10.999835
2068	10.999835
2069	10.999835
2070	10.999835
2071	10.999835
2072	10.999835
2073	10.999835
2074	10.999835
2075	10.999835
2076	10.999835
2077	10.999835
2078	10.999835
2079	10.999835
2080	10.999835
2081	10.999835
2082	10.999835
2083	10.999835
2084	10.999835
2085	10.999835
2086	10.999835
2087	10.999835
2088	10.999835
2089	10.999835
2090	10.999835
2091	10.999835
2092	10.999835
2093	10.999835
2094	10.999835
2095	10.999835
2096	10.999835
2097	10.999835
2098	10.999835
2099	10.999835
2100	10.999835
2101	10.999835
2102	10.999835
2103	10.999835
2104	10.999835
2105	10.999835
2106	10.999835
2107	10.999835
2108	10.999835
2109	10.999835
2110	10.999835
2111	10.999835
2112	10.999835
2113	10.999835
2114	10.999835
2115	10.999835
2116	10.999835
2117	10.999835
2118	10.999835
2119	10.999835
2120	10.999835
2121	10.999835
2122	10.999835
2123	10.999835
2124	10.999835
2125	10.999835
2126	10.999835
2127	10.999835
2128	10.999835
2129	10.999835
2130	10.999835
2131	10.999835
2132	10.999835
2133	10.999835
2134	10.999835
2135	10.999835
2136	10.999835
2137	10.999835
2138	10.999835
2139	10.999835
2140	10.999835
2141	10.999835
2142	10.999835
2143	10.999835
2144	10.999835
2145	10.999835
2146	10.999835
2147	10.999835
2148	10.999835
2149	10.999835
2150	10.999835
2151	10.999835
2152	10.999835
2153	10.999835
2154	11.001427
2155	11.001427
2156	11.001427
2157	11.001427
2158	11.001427
2159	11.001427
2160	11.001427
2161	11.001427
2162	11.001427
2163	11.001427
2164	11.001427
2165	11.001427
2166	11.001427
2167	11.001427
2168	11.001427
2169	11.001427
2170	11.001427
2171	11.001427
2172	11.001427
2173	11.001427
2174	11.001427
2175	11.001427
2176	11.001427
2177	11.001427
2178	11.001427
2179	11.001427
2180	11.001427
2181	11.001427
2182	11.001427
2183	11.001427
2184	11.001427
2185	11.001427
2186	11.001427
2187	11.001427
2188	11.001427
2189	11.001427
2190	11.001427
2191	11.001427
2192	11.001427
2193	11.001427
2194	11.001427
2195	11.001427
2196	11.001427
2197	11.001427
2198	11.001427
2199	11.001427
2200	11.001427
2201	11.001427
2202	11.001427
2203	11.001427
2204	11.001427
2205	11.001427
2206	11.001427
2207	11.001427
2208	11.001427
2209	11.001427
2210	11.001427
2211	11.001427
2212	11.001427
2213	11.001427
2214	11.001427
2215	11.001427
2216	11.001427
2217	11.001427
2218	11.001427
2219	11.001427
2220	11.001427
2221	11.001427
2222	11.001427
2223	11.001427
2224	11.001427
2225	11.001427
2226	11.001427
2227	11.008591
2228	11.008591
2229	11.008591
2230	11.008591
2231	11.008591
2232	11.008591
2233	11.008591
2234	11.008591
2235	11.008591
2236	11.008591
2237	11.008591
2238	11.008591
2239	11.008591
2240	11.008591
2241	11.008591
2242	11.008591
2243	11.008591
2244	11.008591
2245	11.008591
2246	11.008591
2247	11.008591
2248	11.008591
2249	11.008591
2250	11.008591
2251	11.008591
2252	11.008591
2253	11.008591
2254	11.008591
2255	11.008591
2256	11.008591
2257	11.008591
2258	11.008591
2259	11.008591
2260	11.008591
2261	11.008591
2262	11.008591
2263	11.008591
2264	11.008591
2265	11.008591
2266	11.008591
2267	11.008591
2268	11.008591
2269	11.008591
2270	11.008591
2271	11.008591
2272	11.008591
2273	11.008591
2274	11.008591
2275	11.008591
2276	11.008591
2277	11.008591
2278	11.008591
2279	11.008591
2280	11.008591
2281	11.008591
2282	11.008591
2283	11.008591
2284	11.008591
2285	11.008591
2286	11.008591
2287	11.008591
2288	11.008591
2289	11.008591
2290	11.008591
2291	11.008591
2292	11.008591
2293	11.008591
2294	11.008591
2295	11.008591
2296	11.008591
2297	11.008591
2298	11.008591
2299	11.008591
2300	11.008591
2301	11.008591
2302	11.008591
2303	11.008591
2304	11.008591
2305	11.008591
2306	11.008591
2307	11.008591
2308	11.008591
2309	11.008591
2310	11.008591
2311	11.008591
2312	11.008591
2313	11.008591
2314	11.008591
2315	11.008591
2316	11.008591
2317	11.008591
2318	11.008591
2319	11.008591
2320	11.008591
2321	11.008591
2322	11.008591
2323	11.008591
2324	11.008591
2325	11.008591
2326	11.008591
2327	11.008591
2328	11.008591
2329	11.008591
2330	11.008591
2331	11.008591
2332	11.008591
2333	11.008591
2334	11.008591
2335	11.008591
2336	11.008591
2337	11.008591
2338	11.008591
2339	11.008591
2340	11.008591
2341	11.008591
2342	11.008591
2343	11.008591
2344	11.008591
2345	11.008591
2346	11.008591
2347	11.008591
2348	11.008591
2349	11.008591
2350	11.008591
2351	11.008591
2352	11.008591
2353	11.008591
2354	11.008591
2355	11.008591
2356	11.008591
2357	11.008591
2358	11.008591
2359	11.008591
2360	11.008591
2361	11.008591
2362	11.008591
2363	11.008591
2364	11.008591
2365	11.008591
2366	11.008591
2367	11.008591
2368	11.008591
2369	11.008591
2370	11.008591
2371	11.008591
2372	11.008591
2373	11.008591
2374	11.008591
2375	11.008591
2376	11.008591
2377	11.008591
2378	11.008591
2379	11.008591
2380	11.008591
2381	11.008591
2382	11.008591
2383	11.008591
2384	11.008591
2385	11.008591
2386	11.008591
2387	11.008591
2388	11.008591
2389	11.008591
2390	11.008591
2391	11.008591
2392	11.008591
2393	11.008591
2394	11.008591
2395	11.008591
2396	11.008591
2397	11.008591
2398	11.008591
2399	11.008591
2400	11.008591
2401	11.008591
2402	11.008591
2403	11.008591
2404	11.008591
2405	11.008591
2406	11.008591
2407	11.008591
2408	11.008591
2409	11.008591
2410	11.008591
2411	11.008591
2412	11.008591
2413	11.008591
2414	11.008591
2415	11.008591
2416	11.008591
2417	11.008591
2418	11.008591
2419	11.008591
2420	11.008591
2421	11.008591
2422	11.008591
2423	11.008591
2424	11.008591
2425	11.008591
2426	11.008591
2427	11.008591
2428	11.008591
2429	11.008591
2430	11.008591
2431	11.008591
2432	11.008591
2433	11.007795
2434	11.007795
2435	11.007795
2436	11.007795
2437	11.007795
2438	11.007795
2439	11.007795
2440	11.007795
2441	11.007795
2442	11.007795
2443	11.007795
2444	11.007795
2445	11.007795
2446	11.007795
2447	11.007795
2448	11.007795
2449	11.007795
2450	11.007795
2451	11.007795
2452	11.007795
2453	11.007795
2454	11.007795
2455	11.007795
2456	11.007795
2457	11.007795
2458	11.007795
2459	11.007795
2460	11.007795
2461	11.007795
2462	11.007795
2463	11.007795
2464	11.007795
2465	11.007795
2466	11.007795
2467	11.007795
2468	11.007795
2469	11.007795
2470	11.007795
2471	11.007795
2472	11.007795
2473	11.007795
2474	11.007795
2475	11.007795
2476	11.007795
2477	11.007795
2478	11.007795
2479	11.007795
2480	11.007795
2481	11.007795
2482	11.007795
2483	11.007795
2484	11.007795
2485	11.007795
2486	11.007795
2487	11.007795
2488	11.007795
2489	11.007795
2490	11.007795
2491	11.007795
2492	11.007795
2493	11.007795
2494	11.007795
2495	11.007795
2496	11.008591
2497	11.008591
2498	11.008591
2499	11.008591
2500	11.008591
2501	11.008591
2502	11.008591
2503	11.008591
2504	11.008591
2505	11.008591
2506	11.008591
2507	11.008591
2508	11.008591
2509	11.008591
2510	11.008591
2511	11.008591
2512	11.008591
2513	11.008591
2514	11.008591
2515	11.008591
2516	11.008591
2517	11.008591
2518	11.008591
2519	11.008591
2520	11.008591
2521	11.008591
2522	11.008591
2523	11.008591
2524	11.008591
2525	11.008591
2526	11.008591
2527	11.008591
2528	11.008591
2529	11.008591
2530	11.008591
2531	11.008591
2532	11.008591
2533	11.008591
2534	11.008591
2535	11.008591
2536	11.008591
2537	11.008591
2538	11.008591
2539	11.008591
2540	11.008591
2541	11.008591
2542	11.008591
2543	11.008591
2544	11.008591
2545	11.008591
2546	11.008591
2547	11.008591
2548	11.008591
2549	11.008591
2550	11.008591
2551	11.008591
2552	11.008591
2553	11.008591
2554	11.008591
2555	11.008591
2556	11.008591
2557	11.008591
2558	11.008591
2559	11.008591
2560	11.008591
2561	11.008591
2562	11.008591
2563	11.008591
2564	11.008591
2565	11.008591
2566	11.008591
2567	11.008591
2568	11.008591
2569	11.008591
2570	11.008591
2571	11.008591
2572	11.008591
2573	11.008591
2574	11.008591
2575	11.008591
2576	11.008591
2577	11.008591
2578	11.008591
2579	11.008591
2580	11.008591
2581	11.008591
2582	11.008591
2583	11.008591
2584	11.008591
2585	11.008591
2586	11.008591
2587	11.008591
2588	11.008591
2589	11.008591
2590	11.008591
2591	11.008591
2592	11.008591
2593	11.008591
2594	11.008591
2595	11.008591
2596	11.008591
2597	11.008591
2598	11.008591
2599	11.008591
2600	11.008591
2601	11.008591
2602	11.008591
2603	11.008591
2604	11.008591
2605	11.008591
2606	11.008591
2607	11.008591
2608	11.008591
2609	11.008591
2610	11.008591
2611	11.008591
2612	11.008591
2613	11.008591
2614	11.008591
2615	11.008591
2616	11.008591
2617	11.008591
2618	11.008591
2619	11.008591
2620	11.008591
2621	11.008591
2622	11.008591
2623	11.008591
2624	11.008591
2625	11.008591
2626	11.008591
2627	11.008591
2628	11.008591
2629	11.008591
2630	11.008591
2631	11.008591
2632	11.008591
2633	11.008591
2634	11.008591
2635	11.008591
2636	11.008591
2637	11.008591
2638	11.008591
2639	11.008591
2640	11.008591
2641	11.008591
2642	11.008591
2643	11.008591
2644	11.008591
2645	11.008591
2646	11.008591
2647	11.008591
2648	11.008591
2649	11.008591
2650	11.008591
2651	11.008591
2652	11.008591
2653	11.008591
2654	11.008591
2655	11.008591
2656	11.008591
2657	11.008591
2658	11.008591
2659	11.008591
2660	11.008591
2661	11.008591
2662	11.008591
2663	11.008591
2664	11.008591
2665	11.008591
2666	11.008591
2667	11.008591
2668	11.008591
2669	11.008591
2670	11.008591
2671	11.008591
2672	11.008591
2673	11.008591
2674	11.008591
2675	11.008591
2676	11.008591
2677	11.008591
2678	11.008591
2679	11.008591
2680	11.008591
2681	11.008591
2682	11.008591
2683	11.008591
2684	11.008591
2685	11.008591
2686	11.008591
2687	11.008591
2688	11.008591
2689	11.008591
2690	11.008591
2691	11.008591
2692	11.008591
2693	11.008591
2694	11.008591
2695	11.008591
2696	11.008591
2697	11.008591
2698	11.008591
2699	11.008591
2700	11.008591
2701	11.008591
2702	11.008591
2703	11.008591
2704	11.008591
2705	11.008591
2706	11.008591
2707	11.008591
2708	11.008591
2709	11.008591
2710	11.008591
2711	11.008591
2712	11.008591
2713	11.008591
2714	11.008591
2715	11.008591
2716	11.008591
2717	11.008591
2718	11.008591
2719	11.008591
2720	11.008591
2721	11.008591
2722	11.008591
2723	11.008591
2724	11.008591
2725	11.008591
2726	11.008591
2727	11.008591
2728	11.008591
2729	11.008591
2730	11.008591
2731	11.008591
2732	11.008591
2733	11.008591
2734	11.008591
2735	11.008591
2736	11.008591
2737	11.008591
2738	11.008591
2739	11.008591
2740	11.008591
2741	11.008591
2742	11.008591
2743	11.008591
2744	11.008591
2745	11.008591
2746	11.008591
2747	11.008591
2748	11.008591
2749	11.008591
2750	11.008591
2751	11.008591
2752	11.008591
2753	11.008591
2754	11.008591
2755	11.008591
2756	11.008591
2757	11.008591
2758	11.008591
2759	11.008591
2760	11.008591
2761	11.008591
2762	11.008591
2763	11.008591
2764	11.008591
2765	11.008591
2766	11.008591
2767	11.008591
2768	11.008591
2769	11.008591
2770	11.008591
2771	11.008591
2772	11.008591
2773	11.008591
2774	11.008591
2775	11.008591
2776	11.008591
2777	11.008591
2778	11.008591
2779	11.008591
2780	11.008591
2781	11.008591
2782	11.008591
2783	11.008591
2784	11.008591
2785	11.008591
2786	11.008591
2787	11.008591
2788	11.008591
2789	11.008591
2790	11.008591
2791	11.008591
2792	11.008591
2793	11.008591
2794	11.008591
2795	11.008591
2796	11.008591
2797	11.008591
2798	11.008591
2799	11.008591
2800	11.008591
2801	11.008591
2802	11.008591
2803	11.008591
2804	11.008591
2805	11.008591
2806	11.008591
2807	11.008591
2808	11.008591
2809	11.008591
2810	11.008591
2811	11.008591
2812	11.008591
2813	11.008591
2814	11.008591
2815	11.008591
2816	11.008591
2817	11.008591
2818	11.008591
2819	11.008591
2820	11.008591
2821	11.008591
2822	11.008591
2823	11.007795
2824	11.007795
2825	11.007795
2826	11.007795
2827	11.007795
2828	11.007795
2829	11.007795
2830	11.007795
2831	11.007795
2832	11.007795
2833	11.007795
2834	11.007795
2835	11.007795
2836	11.007795
2837	11.007795
2838	11.007795
2839	11.007795
2840	11.007795
2841	11.007795
2842	11.007795
2843	11.007795
2844	11.007795
2845	11.007795
2846	11.007795
2847	11.007795
2848	11.007795
2849	11.007795
2850	11.007795
2851	11.007795
2852	11.007795
2853	11.007795
2854	11.007795
2855	11.007795
2856	11.007795
2857	11.007795
2858	11.007795
2859	11.007795
2860	11.007795
2861	11.007795
2862	11.007795
2863	11.007795
2864	11.007795
2865	11.007795
2866	11.007795
2867	11.007795
2868	11.007795
2869	11.007795
2870	11.007795
2871	11.007795
2872	11.007795
2873	11.007795
2874	11.007795
2875	11.007795
2876	11.007795
2877	11.007795
2878	11.007795
2879	11.007795
2880	11.007795
2881	11.007795
2882	11.007795
2883	11.007795
2884	11.007795
2885	11.007795
2886	11.007795
2887	11.007795
2888	11.007795
2889	11.007795
2890	11.007795
2891	11.007795
2892	11.007795
2893	11.007795
2894	11.007795
2895	11.007795
2896	11.007795
2897	11.007795
2898	11.007795
2899	11.007795
2900	11.007795
2901	11.007795
2902	11.007795
2903	11.007795
2904	11.007795
2905	11.007795
2906	11.007795
2907	11.007795
2908	11.007795
2909	11.007795
2910	11.007795
2911	11.007795
2912	11.007795
2913	11.007795
2914	11.007795
2915	11.007795
2916	11.007795
2917	11.007795
2918	11.007795
2919	11.007795
2920	11.007795
2921	11.007795
2922	11.007795
2923	11.007795
2924	11.007795
2925	11.007795
2926	11.007795
2927	11.007795
2928	11.007795
2929	11.007795
2930	11.007795
2931	11.007795
2932	11.007795
2933	11.007795
2934	11.007795
2935	11.007795
2936	11.007795
2937	11.007795
2938	11.007795
2939	11.007795
2940	11.007795
2941	11.007795
2942	11.007795
2943	11.007795
2944	11.007795
2945	11.007795
2946	11.007795
2947	11.007795
2948	11.007795
2949	11.007795
2950	11.007795
2951	11.007795
2952	11.007795
2953	11.007795
2954	11.007795
2955	11.007795
2956	11.007795
2957	11.007795
2958	11.007795
2959	11.007795
2960	11.007795
2961	11.007795
2962	11.007795
2963	11.007795
2964	11.007795
2965	11.007795
2966	11.007795
2967	11.007795
2968	11.007795
2969	11.007795
2970	11.007795
2971	11.007795
2972	11.007795
2973	11.007795
2974	11.007795
2975	11.007795
2976	11.007795
2977	11.007795
2978	11.007795
2979	11.007795
2980	11.007795
2981	11.007795
2982	11.007795
2983	11.007795
2984	11.007795
2985	11.007795
2986	11.007795
2987	11.007795
2988	11.007795
2989	11.007795
2990	11.007795
2991	11.007795
2992	11.007795
2993	11.007795
2994	11.007795
2995	11.007795
2996	11.007795
2997	11.007795
2998	11.007795
2999	11.007795
3000	11.007795
3001	11.007795
3002	11.007795
3003	11.007795
3004	11.007795
3005	11.007795
3006	11.007795
3007	11.007795
3008	11.007795
3009	11.007795
3010	11.007795
3011	11.007795
3012	11.007795
3013	11.007795
3014	11.007795
3015	11.007795
3016	11.007795
3017	11.007795
3018	11.007795
3019	11.007795
3020	11.007795
3021	11.007795
3022	11.007795
3023	11.007795
3024	11.007795
3025	11.007795
3026	11.007795
3027	11.007795
3028	11.007795
3029	11.007795
3030	11.007795
3031	11.007795
3032	11.008591
3033	11.008591
3034	11.008591
3035	11.008591
3036	11.008591
3037	11.008591
3038	11.008591
3039	11.008591
3040	11.008591
3041	11.008591
3042	11.008591
3043	11.008591
3044	11.008591
3045	11.008591
3046	11.008591
3047	11.008591
3048	11.008591
3049	11.008591
3050	11.008591
3051	11.008591
3052	11.008591
3053	11.008591
3054	11.008591
3055	11.008591
3056	11.008591
3057	11.008591
3058	11.008591
3059	11.008591
3060	11.008591
3061	11.008591
3062	11.008591
3063	11.008591
3064	11.008591
3065	11.008591
3066	11.008591
3067	11.008591
3068	11.008591
3069	11.008591
3070	11.008591
3071	11.008591
3072	11.008591
3073	11.008591
3074	11.008591
3075	11.008591
3076	11.008591
3077	11.008591
3078	11.008591
3079	11.008591
3080	11.008591
3081	11.008591
3082	11.008591
3083	11.008591
3084	11.008591
3085	11.008591
3086	11.008591
3087	11.008591
3088	11.008591
3089	11.008591
3090	11.008591
3091	11.008591
3092	11.008591
3093	11.008591
3094	11.008591
3095	11.008591
3096	11.008591
3097	11.008591
3098	11.008591
3099	11.008591
3100	11.008591
3101	11.008591
3102	11.008591
3103	11.008591
3104	11.008591
3105	11.008591
3106	11.008591
3107	11.008591
3108	11.008591
3109	11.008591
3110	11.008591
3111	11.008591
3112	11.008591
3113	11.008591
3114	11.008591
3115	11.008591
3116	11.008591
3117	11.008591
3118	11.008591
3119	11.008591
3120	11.008591
3121	11.008591
3122	11.008591
3123	11.008591
3124	11.008591
3125	11.008591
3126	11.008591
3127	11.008591
3128	11.008591
3129	11.008591
3130	11.008591
3131	11.008591
3132	11.008591
3133	11.008591
3134	11.008591
3135	11.008591
3136	11.008591
3137	11.008591
3138	11.008591
3139	11.008591
3140	11.008591
3141	11.008591
3142	11.008591
3143	11.008591
3144	11.008591
3145	11.008591
3146	11.008591
3147	11.008591
3148	11.008591
3149	11.008591
3150	11.008591
3151	11.008591
3152	11.008591
3153	11.008591
3154	11.008591
3155	11.008591
3156	11.008591
3157	11.008591
3158	11.008591
3159	11.008591
3160	11.008591
3161	11.008591
3162	11.008591
3163	11.008591
3164	11.008591
3165	11.008591
3166	11.008591
3167	11.008591
3168	11.008591
3169	11.008591
3170	11.008591
3171	11.008591
3172	11.008591
3173	11.008591
3174	11.008591
3175	11.008591
3176	11.008591
3177	11.008591
3178	11.008591
3179	11.008591
3180	11.008591
3181	11.008591
3182	11.008591
3183	11.008591
3184	11.008591
3185	11.008591
3186	11.008591
3187	11.008591
3188	11.008591
3189	11.008591
3190	11.008591
3191	11.008591
3192	11.008591
3193	11.008591
3194	11.008591
3195	11.008591
3196	11.008591
3197	11.008591
3198	11.008591
3199	11.008591
3200	11.008591
3201	11.008591
3202	11.008591
3203	11.008591
3204	11.008591
3205	11.008591
3206	11.008591
3207	11.008591
3208	11.008591
3209	11.008591
3210	11.008591
3211	11.008591
3212	11.008591
3213	11.008591
3214	11.008591
3215	11.008591
3216	11.008591
3217	11.008591
3218	11.008591
3219	11.008591
3220	11.008591
3221	11.008591
3222	11.008591
3223	11.008591
3224	11.008591
3225	11.008591
3226	11.008591
3227	11.008591
3228	11.008591
3229	11.008591
3230	11.008591
3231	11.008591
3232	11.008591
3233	11.008591
3234	11.008591
3235	11.008591
3236	11.008591
3237	11.008591
3238	11.008591
3239	11.008591
3240	11.008591
3241	11.008591
3242	11.008591
3243	11.008591
3244	11.008591
3245	11.008591
3246	11.008591
3247	11.008591
3248	11.008591
3249	11.008591
3250	11.008591
3251	11.008591
3252	11.008591
3253	11.008591
3254	11.008591
3255	11.008591
3256	11.008591
3257	11.008591
3258	11.008591
3259	11.008591
3260	11.008591
3261	11.008591
3262	11.008591
3263	11.008591
3264	11.008591
3265	11.008591
3266	11.008591
3267	11.008591
3268	11.008591
3269	11.008591
3270	11.008591
3271	11.008591
3272	11.008591
3273	11.008591
3274	11.008591
3275	11.008591
3276	11.008591
3277	11.008591
3278	11.008591
3279	11.008591
3280	11.008591
3281	11.008591
3282	11.008591
3283	11.008591
3284	11.008591
3285	11.008591
3286	11.008591
3287	11.008591
3288	11.008591
3289	11.008591
3290	11.008591
3291	11.008591
3292	11.008591
3293	11.008591
3294	11.008591
3295	11.008591
3296	11.008591
3297	11.008591
3298	11.008591
3299	11.008591
3300	11.008591
3301	11.008591
3302	11.008591
3303	11.008591
3304	11.008591
3305	11.008591
3306	11.008591
3307	11.008591
3308	11.008591
3309	11.008591
3310	11.008591
3311	11.008591
3312	11.008591
3313	11.008591
3314	11.008591
3315	11.008591
3316	11.008591
3317	11.008591
3318	11.008591
3319	11.008591
3320	11.008591
3321	11.008591
3322	11.008591
3323	11.008591
3324	11.008591
3325	11.008591
3326	11.008591
3327	11.008591
3328	11.008591
3329	11.008591
3330	11.008591
3331	11.008591
3332	11.008591
3333	11.008591
3334	11.008591
3335	11.008591
3336	11.008591
3337	11.008591
3338	11.008591
3339	11.008591
3340	11.008591
3341	11.008591
3342	11.008591
3343	11.008591
3344	11.008591
3345	11.008591
3346	11.008591
3347	11.008591
3348	11.008591
3349	11.008591
3350	11.008591
3351	11.008591
3352	11.008591
3353	11.008591
3354	11.008591
3355	11.008591
3356	11.008591
3357	11.008591
3358	11.008591
3359	11.008591
3360	11.008591
3361	11.008591
3362	11.008591
3363	11.008591
3364	11.008591
3365	11.008591
3366	11.008591
3367	11.008591
3368	11.008591
3369	11.008591
3370	11.008591
3371	11.008591
3372	11.008591
3373	11.008591
3374	11.008591
3375	11.008591
3376	11.008591
3377	11.008591
3378	11.008591
3379	11.008591
3380	11.008591
3381	11.008591
3382	11.008591
3383	11.008591
3384	11.008591
3385	11.008591
3386	11.008591
3387	11.008591
3388	11.008591
3389	11.008591
3390	11.008591
3391	11.008591
3392	11.008591
3393	11.008591
3394	11.008591
3395	11.008591
3396	11.008591
3397	11.008591
3398	11.008591
3399	11.008591
3400	11.008591
3401	11.008591
3402	11.008591
3403	11.008591
3404	11.008591
3405	11.008591
3406	11.008591
3407	11.008591
3408	11.008591
3409	11.008591
3410	11.008591
3411	11.008591
3412	11.008591
3413	11.008591
3414	11.008591
3415	11.008591
3416	11.008591
3417	11.008591
3418	11.008591
3419	11.008591
3420	11.008591
3421	11.008591
3422	11.008591
3423	11.008591
3424	11.008591
3425	11.008591
3426	11.008591
3427	11.008591
3428	11.008591
3429	11.008591
3430	11.008591
3431	11.008591
3432	11.008591
3433	11.008591
3434	11.008591
3435	11.008591
3436	11.008591
3437	11.008591
3438	11.008591
3439	11.008591
3440	11.008591
3441	11.008591
3442	11.008591
3443	11.008591
3444	11.008591
3445	11.008591
3446	11.008591
3447	11.008591
3448	11.008591
3449	11.008591
3450	11.008591
3451	11.008591
3452	11.008591
3453	11.008591
3454	11.008591
3455	11.008591
3456	11.008591
3457	11.008591
3458	11.008591
3459	11.008591
3460	11.008591
3461	11.008591
3462	11.008591
3463	11.008591
3464	11.008591
3465	11.008591
3466	11.008591
3467	11.008591
3468	11.008591
3469	11.008591
3470	11.008591
3471	11.008591
3472	11.008591
3473	11.008591
3474	11.008591
3475	11.008591
3476	11.008591
3477	11.008591
3478	11.008591
3479	11.008591
3480	11.008591
3481	11.008591
3482	11.008591
3483	11.008591
3484	11.008591
3485	11.008591
3486	11.008591
3487	11.008591
3488	11.008591
3489	11.008591
3490	11.008591
3491	11.008591
3492	11.008591
3493	11.008591
3494	11.008591
3495	11.008591
3496	11.008591
3497	11.008591
3498	11.008591
3499	11.008591
3500	11.008591
3501	11.008591
3502	11.008591
3503	11.008591
3504	11.008591
3505	11.008591
3506	11.008591
3507	11.008591
3508	11.008591
3509	11.008591
3510	11.008591
3511	11.008591
3512	11.008591
3513	11.008591
3514	11.008591
3515	11.008591
3516	11.008591
3517	11.008591
3518	11.008591
3519	11.008591
3520	11.008591
3521	11.008591
3522	11.008591
3523	11.008591
3524	11.008591
3525	11.008591
3526	11.008591
3527	11.008591
3528	11.008591
3529	11.008591
3530	11.008591
3531	11.008591
3532	11.008591
3533	11.008591
3534	11.008591
3535	11.008591
3536	11.008591
3537	11.008591
3538	11.008591
3539	11.008591
3540	11.008591
3541	11.008591
3542	11.008591
3543	11.008591
3544	11.008591
3545	11.008591
3546	11.008591
3547	11.008591
3548	11.008591
3549	11.008591
3550	11.008591
3551	11.008591
3552	11.008591
3553	11.008591
3554	11.008591
3555	11.008591
3556	11.008591
3557	11.008591
3558	11.008591
3559	11.008591
3560	11.008591
3561	11.008591
3562	11.008591
3563	11.008591
3564	11.008591
3565	11.008591
3566	11.008591
3567	11.008591
3568	11.008591
3569	11.008591
3570	11.008591
3571	11.008591
3572	11.008591
3573	11.008591
3574	11.008591
3575	11.008591
3576	11.008591
3577	11.008591
3578	11.008591
3579	11.008591
3580	11.008591
3581	11.008591
3582	11.008591
3583	11.008591
3584	11.008591
3585	11.008591
3586	11.008591
3587	11.008591
3588	11.008591
3589	11.008591
3590	11.008591
3591	11.008591
3592	11.008591
3593	11.008591
3594	11.008591
3595	11.008591
3596	11.008591
3597	11.008591
3598	11.008591
3599	11.008591
3600	11.008591
3601	11.008591
3602	11.008591
3603	11.008591
3604	11.008591
3605	11.008591
3606	11.008591
3607	11.008591
3608	11.008591
3609	11.008591
3610	11.008591
3611	11.008591
3612	11.008591
3613	11.008591
3614	11.008591
3615	11.008591
3616	11.008591
3617	11.008591
3618	11.008591
3619	11.008591
3620	11.008591
3621	11.008591
3622	11.008591
3623	11.008591
3624	11.008591
3625	11.008591
3626	11.008591
3627	11.008591
3628	11.008591
3629	11.008591
3630	11.008591
3631	11.008591
3632	11.008591
3633	11.008591
3634	11.008591
3635	11.008591
3636	11.008591
3637	11.008591
3638	11.008591
3639	11.008591
3640	11.008591
3641	11.008591
3642	11.008591
3643	11.008591
3644	11.008591
3645	11.008591
3646	11.008591
3647	11.008591
3648	11.008591
3649	11.008591
3650	11.008591
3651	11.008591
3652	11.008591
3653	11.008591
3654	11.008591
3655	11.008591
3656	11.008591
3657	11.008591
3658	11.008591
3659	11.008591
3660	11.008591
3661	11.008591
3662	11.008591
3663	11.008591
3664	11.008591
3665	11.008591
3666	11.008591
3667	11.008591
3668	11.008591
3669	11.008591
3670	11.008591
3671	11.008591
3672	11.008591
3673	11.008591
3674	11.008591
3675	11.008591
3676	11.008591
3677	11.008591
3678	11.008591
3679	11.008591
3680	11.008591
3681	11.008591
3682	11.008591
3683	11.008591
3684	11.008591
3685	11.008591
3686	11.008591
3687	11.008591
3688	11.008591
3689	11.008591
3690	11.008591
3691	11.008591
3692	11.008591
3693	11.008591
3694	11.008591
3695	11.008591
3696	11.008591
3697	11.008591
3698	11.008591
3699	11.008591
3700	11.008591
3701	11.008591
3702	11.008591
3703	11.008591
3704	11.008591
3705	11.008591
3706	11.008591
3707	11.008591
3708	11.008591
3709	11.008591
3710	11.008591
3711	11.008591
3712	11.008591
3713	11.008591
3714	11.008591
3715	11.008591
3716	11.008591
3717	11.008591
3718	11.008591
3719	11.008591
3720	11.008591
3721	11.008591
3722	11.008591
3723	11.008591
3724	11.008591
3725	11.008591
3726	11.008591
3727	11.008591
3728	11.008591
3729	11.008591
3730	11.008591
3731	11.008591
3732	11.008591
3733	11.008591
3734	11.008591
3735	11.008591
3736	11.008591
3737	11.008591
3738	11.008591
3739	11.008591
3740	11.008591
3741	11.008591
3742	11.008591
3743	11.008591
3744	11.008591
3745	11.008591
3746	11.008591
3747	11.008591
3748	11.008591
3749	11.008591
3750	11.008591
3751	11.008591
3752	11.008591
3753	11.008591
3754	11.008591
3755	11.008591
3756	11.008591
3757	11.008591
3758	11.008591
3759	11.008591
3760	11.008591
3761	11.008591
3762	11.008591
3763	11.008591
3764	11.008591
3765	11.008591
3766	11.008591
3767	11.008591
3768	11.008591
3769	11.008591
3770	11.008591
3771	11.008591
3772	11.008591
3773	11.008591
3774	11.008591
3775	11.008591
3776	11.008591
3777	11.008591
3778	11.008591
3779	11.008591
3780	11.008591
3781	11.008591
3782	11.008591
3783	11.008591
3784	11.008591
3785	11.008591
3786	11.008591
3787	11.008591
3788	11.008591
3789	11.008591
3790	11.008591
3791	11.008591
3792	11.008591
3793	11.008591
3794	11.008591
3795	11.008591
3796	11.008591
3797	11.008591
3798	11.008591
3799	11.008591
3800	11.008591
3801	11.008591
3802	11.008591
3803	11.008591
3804	11.008591
3805	11.008591
3806	11.008591
3807	11.008591
3808	11.008591
3809	11.008591
3810	11.008591
3811	11.008591
3812	11.008591
3813	11.008591
3814	11.008591
3815	11.008591
3816	11.008591
3817	11.008591
3818	11.008591
3819	11.008591
3820	11.008591
3821	11.008591
3822	11.008591
3823	11.008591
3824	11.008591
3825	11.008591
3826	11.008591
3827	11.008591
3828	11.008591
3829	11.008591
3830	11.008591
3831	11.008591
3832	11.008591
3833	11.008591
3834	11.008591
3835	11.008591
3836	11.008591
3837	11.008591
3838	11.008591
3839	11.008591
3840	11.008591
3841	11.008591
3842	11.008591
3843	11.008591
3844	11.008591
3845	11.008591
3846	11.008591
3847	11.008591
3848	11.008591
3849	11.008591
3850	11.008591
3851	11.008591
3852	11.008591
3853	11.008591
3854	11.008591
3855	11.008591
3856	11.008591
3857	11.008591
3858	11.008591
3859	11.008591
3860	11.008591
3861	11.008591
3862	11.008591
3863	11.008591
3864	11.008591
3865	11.008591
3866	11.008591
3867	11.008591
3868	11.008591
3869	11.008591
3870	11.008591
3871	11.008591
3872	11.008591
3873	11.008591
3874	11.008591
3875	11.008591
3876	11.008591
3877	11.008591
3878	11.008591
3879	11.008591
3880	11.008591
3881	11.008591
3882	11.008591
3883	11.008591
3884	11.008591
3885	11.008591
3886	11.008591
3887	11.008591
3888	11.008591
3889	11.008591
3890	11.008591
3891	11.008591
3892	11.008591
3893	11.008591
3894	11.008591
3895	11.008591
3896	11.008591
3897	11.008591
3898	11.008591
3899	11.008591
3900	11.008591
3901	11.008591
3902	11.008591
3903	11.008591
3904	11.008591
3905	11.008591
3906	11.008591
3907	11.008591
3908	11.008591
3909	11.008591
3910	11.008591
3911	11.008591
3912	11.008591
3913	11.008591
3914	11.008591
3915	11.008591
3916	11.008591
3917	11.008591
3918	11.008591
3919	11.008591
3920	11.008591
3921	11.008591
3922	11.008591
3923	11.008591
3924	11.008591
3925	11.008591
3926	11.008591
3927	11.008591
3928	11.008591
3929	11.008591
3930	11.008591
3931	11.008591
3932	11.008591
3933	11.008591
3934	11.008591
3935	11.008591
3936	11.008591
3937	11.008591
3938	11.008591
3939	11.008591
3940	11.008591
3941	11.008591
3942	11.008591
3943	11.008591
3944	11.008591
3945	11.008591
3946	11.008591
3947	11.008591
3948	11.008591
3949	11.008591
3950	11.008591
3951	11.008591
3952	11.008591
3953	11.008591
3954	11.008591
3955	11.008591
3956	11.008591
3957	11.008591
3958	11.008591
3959	11.008591
3960	11.008591
3961	11.008591
3962	11.008591
3963	11.008591
3964	11.008591
3965	11.008591
3966	11.008591
3967	11.008591
3968	11.008591
3969	11.008591
3970	11.008591
3971	11.008591
3972	11.008591
3973	11.008591
3974	11.008591
3975	11.008591
3976	11.008591
3977	11.008591
3978	11.008591
3979	11.008591
3980	11.008591
3981	11.008591
3982	11.008591
3983	11.008591
3984	11.008591
3985	11.008591
3986	11.008591
3987	11.008591
3988	11.008591
3989	11.008591
3990	11.008591
3991	11.008591
3992	11.008591
3993	11.008591
3994	11.008591
3995	11.008591
3996	11.008591
3997	11.008591
3998	11.008591
3999	11.008591
4000	11.008591
4001	11.008591
4002	11.008591
4003	11.008591
4004	11.008591
4005	11.008591
4006	11.008591
4007	11.008591
4008	11.008591
4009	11.008591
4010	11.008591
4011	11.008591
4012	11.008591
4013	11.008591
4014	11.008591
4015	11.008591
4016	11.008591
4017	11.008591
4018	11.008591
4019	11.008591
4020	11.008591
4021	11.008591
4022	11.008591
4023	11.008591
4024	11.008591
4025	11.008591
4026	11.008591
4027	11.008591
4028	11.008591
4029	11.008591
4030	11.008591
4031	11.008591
4032	11.008591
4033	11.008591
4034	11.008591
4035	11.008591
4036	11.008591
4037	11.008591
4038	11.008591
4039	11.008591
4040	11.008591
4041	11.008591
4042	11.008591
4043	11.008591
4044	11.008591
4045	11.008591
4046	11.008591
4047	11.008591
4048	11.008591
4049	11.008591
4050	11.008591
4051	11.008591
4052	11.008591
4053	11.008591
4054	11.008591
4055	11.008591
4056	11.008591
4057	11.008591
4058	11.008591
4059	11.008591
4060	11.008591
4061	11.008591
4062	11.008591
4063	11.008591
4064	11.008591
4065	11.008591
4066	11.008591
4067	11.008591
4068	11.008591
4069	11.008591
4070	11.008591
4071	11.008591
4072	11.008591
4073	11.008591
4074	11.008591
4075	11.008591
4076	11.008591
4077	11.008591
4078	11.008591
4079	11.008591
4080	11.008591
4081	11.008591
4082	11.008591
4083	11.008591
4084	11.008591
4085	11.008591
4086	11.008591
4087	11.008591
4088	11.008591
4089	11.008591
4090	11.008591
4091	11.008591
4092	11.008591
4093	11.008591
4094	11.008591
4095	11.008591
4096	11.008591
4097	11.008591
4098	11.008591
4099	11.008591
4100	11.008591
4101	11.008591
4102	11.008591
4103	11.008591
4104	11.008591
4105	11.008591
4106	11.008591
4107	11.008591
4108	11.008591
4109	11.008591
4110	11.008591
4111	11.008591
4112	11.008591
4113	11.008591
4114	11.008591
4115	11.008591
4116	11.008591
4117	11.008591
4118	11.008591
4119	11.008591
4120	11.008591
4121	11.008591
4122	11.008591
4123	11.008591
4124	11.008591
4125	11.008591
4126	11.008591
4127	11.008591
4128	11.008591
4129	11.008591
4130	11.008591
4131	11.008591
4132	11.008591
4133	11.008591
4134	11.008591
4135	11.008591
4136	11.008591
4137	11.008591
4138	11.008591
4139	11.008591
4140	11.008591
4141	11.008591
4142	11.008591
4143	11.008591
4144	11.008591
4145	11.008591
4146	11.008591
4147	11.008591
4148	11.008591
4149	11.008591
4150	11.008591
4151	11.008591
4152	11.008591
4153	11.008591
4154	11.008591
4155	11.008591
4156	11.008591
4157	11.008591
4158	11.008591
4159	11.008591
4160	11.008591
4161	11.008591
4162	11.008591
4163	11.008591
4164	11.008591
4165	11.008591
4166	11.008591
4167	11.008591
4168	11.008591
4169	11.008591
4170	11.008591
4171	11.008591
4172	11.008591
4173	11.008591
4174	11.008591
4175	11.008591
4176	11.008591
4177	11.008591
4178	11.008591
4179	11.008591
4180	11.008591
4181	11.008591
4182	11.008591
4183	11.008591
4184	11.008591
4185	11.008591
4186	11.008591
4187	11.008591
4188	11.008591
4189	11.008591
4190	11.008591
4191	11.008591
4192	11.008591
4193	11.008591
4194	11.008591
4195	11.008591
4196	11.008591
4197	11.008591
4198	11.008591
4199	11.008591
4200	11.008591
4201	11.008591
4202	11.008591
4203	11.008591
4204	11.008591
4205	11.008591
4206	11.008591
4207	11.008591
4208	11.008591
4209	11.008591
4210	11.008591
4211	11.008591
4212	11.008591
4213	11.008591
4214	11.008591
4215	11.008591
4216	11.008591
4217	11.008591
4218	11.008591
4219	11.008591
4220	11.008591
4221	11.008591
4222	11.008591
4223	11.008591
4224	11.008591
4225	11.008591
4226	11.008591
4227	11.008591
4228	11.008591
4229	11.008591
4230	11.008591
4231	11.008591
4232	11.008591
4233	11.008591
4234	11.008591
4235	11.008591
4236	11.008591
4237	11.008591
4238	11.008591
4239	11.008591
4240	11.008591
4241	11.008591
4242	11.008591
4243	11.008591
4244	11.008591
4245	11.008591
4246	11.008591
4247	11.008591
4248	11.008591
4249	11.008591
4250	11.008591
4251	11.008591
4252	11.008591
4253	11.008591
4254	11.008591
4255	11.008591
4256	11.008591
4257	11.008591
4258	11.008591
4259	11.008591
4260	11.008591
4261	11.008591
4262	11.008591
4263	11.008591
4264	11.008591
4265	11.008591
4266	11.008591
4267	11.008591
4268	11.008591
4269	11.008591
4270	11.008591
4271	11.008591
4272	11.008591
4273	11.008591
4274	11.008591
4275	11.008591
4276	11.008591
4277	11.008591
4278	11.008591
4279	11.008591
4280	11.008591
4281	11.008591
4282	11.008591
4283	11.008591
4284	11.008591
4285	11.008591
4286	11.008591
4287	11.008591
4288	11.008591
4289	11.008591
4290	11.008591
4291	11.008591
4292	11.008591
4293	11.008591
4294	11.008591
4295	11.008591
4296	11.008591
4297	11.008591
4298	11.008591
4299	11.008591
4300	11.008591
4301	11.008591
4302	11.008591
4303	11.008591
4304	11.008591
4305	11.008591
4306	11.008591
4307	11.008591
4308	11.008591
4309	11.008591
4310	11.008591
4311	11.008591
4312	11.008591
4313	11.008591
4314	11.008591
4315	11.008591
4316	11.008591
4317	11.008591
4318	11.008591
4319	11.008591
4320	11.008591
4321	11.008591
4322	11.008591
4323	11.008591
4324	11.008591
4325	11.008591
4326	11.008591
4327	11.008591
4328	11.008591
4329	11.008591
4330	11.008591
4331	11.008591
4332	11.008591
4333	11.008591
4334	11.008591
4335	11.008591
4336	11.008591
4337	11.008591
4338	11.008591
4339	11.008591
4340	11.008591
4341	11.008591
4342	11.008591
4343	11.008591
4344	11.008591
4345	11.008591
4346	11.008591
4347	11.008591
4348	11.008591
4349	11.008591
4350	11.008591
4351	11.008591
4352	11.008591
4353	11.008591
4354	11.008591
4355	11.008591
4356	11.008591
4357	11.008591
4358	11.008591
4359	11.008591
4360	11.008591
4361	11.008591
4362	11.008591
4363	11.008591
4364	11.008591
4365	11.008591
4366	11.008591
4367	11.008591
4368	11.008591
4369	11.008591
4370	11.008591
4371	11.008591
4372	11.008591
4373	11.008591
4374	11.008591
4375	11.008591
4376	11.008591
4377	11.008591
4378	11.008591
4379	11.008591
4380	11.008591
4381	11.008591
4382	11.008591
4383	11.008591
4384	11.008591
4385	11.008591
4386	11.008591
4387	11.008591
4388	11.008591
4389	11.008591
4390	11.008591
4391	11.008591
4392	11.008591
4393	11.008591
4394	11.008591
4395	11.008591
4396	11.008591
4397	11.008591
4398	11.008591
4399	11.008591
4400	11.008591
4401	11.008591
4402	11.008591
4403	11.008591
4404	11.008591
4405	11.008591
4406	11.008591
4407	11.008591
4408	11.008591
4409	11.008591
4410	11.008591
4411	11.008591
4412	11.008591
4413	11.008591
4414	11.008591
4415	11.008591
4416	11.008591
4417	11.008591
4418	11.008591
4419	11.008591
4420	11.008591
4421	11.008591
4422	11.008591
4423	11.008591
4424	11.008591
4425	11.008591
4426	11.008591
4427	11.008591
4428	11.008591
4429	11.008591
4430	11.008591
4431	11.008591
4432	11.008591
4433	11.008591
4434	11.008591
4435	11.008591
4436	11.008591
4437	11.008591
4438	11.008591
4439	11.008591
4440	11.008591
4441	11.008591
4442	11.008591
4443	11.008591
4444	11.008591
4445	11.008591
4446	11.008591
4447	11.008591
4448	11.008591
4449	11.008591
4450	11.008591
4451	11.008591
4452	11.008591
4453	11.008591
4454	11.008591
4455	11.008591
4456	11.008591
4457	11.008591
4458	11.008591
4459	11.008591
4460	11.008591
4461	11.008591
4462	11.008591
4463	11.008591
4464	11.008591
4465	11.008591
4466	11.008591
4467	11.008591
4468	11.008591
4469	11.008591
4470	11.008591
4471	11.008591
4472	11.008591
4473	11.008591
4474	11.008591
4475	11.008591
4476	11.008591
4477	11.008591
4478	11.008591
4479	11.008591
4480	11.008591
4481	11.008591
4482	11.008591
4483	11.008591
4484	11.008591
4485	11.008591
4486	11.008591
4487	11.008591
4488	11.008591
4489	11.008591
4490	11.008591
4491	11.008591
4492	11.008591
4493	11.008591
4494	11.008591
4495	11.008591
4496	11.008591
4497	11.008591
4498	11.008591
4499	11.008591
4500	11.008591
4501	11.008591
4502	11.008591
4503	11.008591
4504	11.008591
4505	11.008591
4506	11.008591
4507	11.008591
4508	11.008591
4509	11.008591
4510	11.008591
4511	11.008591
4512	11.008591
4513	11.008591
4514	11.008591
4515	11.008591
4516	11.008591
4517	11.008591
4518	11.008591
4519	11.008591
4520	11.008591
4521	11.008591
4522	11.008591
4523	11.008591
4524	11.008591
4525	11.008591
4526	11.008591
4527	11.008591
4528	11.008591
4529	11.008591
4530	11.008591
4531	11.008591
4532	11.008591
4533	11.008591
4534	11.008591
4535	11.008591
4536	11.008591
4537	11.008591
4538	11.008591
4539	11.008591
4540	11.008591
4541	11.008591
4542	11.008591
4543	11.008591
4544	11.008591
4545	11.008591
4546	11.008591
4547	11.008591
4548	11.008591
4549	11.008591
4550	11.008591
4551	11.008591
4552	11.008591
4553	11.008591
4554	11.008591
4555	11.008591
4556	11.008591
4557	11.008591
4558	11.008591
4559	11.008591
4560	11.008591
4561	11.008591
4562	11.008591
4563	11.008591
4564	11.008591
4565	11.008591
4566	11.008591
4567	11.008591
4568	11.008591
4569	11.008591
4570	11.008591
4571	11.008591
4572	11.008591
4573	11.008591
4574	11.008591
4575	11.008591
4576	11.008591
4577	11.008591
4578	11.008591
4579	11.008591
4580	11.008591
4581	11.008591
4582	11.008591
4583	11.008591
4584	11.008591
4585	11.008591
4586	11.008591
4587	11.008591
4588	11.008591
4589	11.008591
4590	11.008591
4591	11.008591
4592	11.008591
4593	11.008591
4594	11.008591
4595	11.008591
4596	11.008591
4597	11.008591
4598	11.008591
4599	11.008591
4600	11.008591
4601	11.008591
4602	11.008591
4603	11.008591
4604	11.008591
4605	11.008591
4606	11.008591
4607	11.008591
4608	11.008591
4609	11.008591
4610	11.008591
4611	11.008591
4612	11.008591
4613	11.008591
4614	11.008591
4615	11.008591
4616	11.008591
4617	11.008591
4618	11.008591
4619	11.008591
4620	11.008591
4621	11.008591
4622	11.008591
4623	11.008591
4624	11.008591
4625	11.008591
4626	11.008591
4627	11.008591
4628	11.008591
4629	11.008591
4630	11.008591
4631	11.008591
4632	11.008591
4633	11.008591
4634	11.008591
4635	11.008591
4636	11.008591
4637	11.008591
4638	11.008591
4639	11.008591
4640	11.008591
4641	11.008591
4642	11.008591
4643	11.008591
4644	11.008591
4645	11.008591
4646	11.008591
4647	11.008591
4648	11.008591
4649	11.008591
4650	11.008591
4651	11.008591
4652	11.008591
4653	11.008591
4654	11.008591
4655	11.008591
4656	11.008591
4657	11.008591
4658	11.008591
4659	11.008591
4660	11.008591
4661	11.008591
4662	11.008591
4663	11.008591
4664	11.008591
4665	11.008591
4666	11.008591
4667	11.008591
4668	11.008591
4669	11.008591
4670	11.008591
4671	11.008591
4672	11.008591
4673	11.008591
4674	11.008591
4675	11.008591
4676	11.008591
4677	11.008591
4678	11.008591
4679	11.008591
4680	11.008591
4681	11.008591
4682	11.008591
4683	11.008591
4684	11.008591
4685	11.008591
4686	11.008591
4687	11.008591
4688	11.008591
4689	11.008591
4690	11.008591
4691	11.008591
4692	11.008591
4693	11.008591
4694	11.008591
4695	11.008591
4696	11.008591
4697	11.008591
4698	11.008591
4699	11.008591
4700	11.008591
4701	11.008591
4702	11.008591
4703	11.008591
4704	11.008591
4705	11.008591
4706	11.008591
4707	11.008591
4708	11.008591
4709	11.008591
4710	11.008591
4711	11.008591
4712	11.008591
4713	11.008591
4714	11.008591
4715	11.008591
4716	11.008591
4717	11.008591
4718	11.008591
4719	11.008591
4720	11.008591
4721	11.008591
4722	11.008591
4723	11.008591
4724	11.008591
4725	11.008591
4726	11.008591
4727	11.008591
4728	11.008591
4729	11.008591
4730	11.008591
4731	11.008591
4732	11.008591
4733	11.008591
4734	11.008591
4735	11.008591
4736	11.008591
4737	11.008591
4738	11.008591
4739	11.008591
4740	11.008591
4741	11.008591
4742	11.008591
4743	11.008591
4744	11.008591
4745	11.008591
4746	11.008591
4747	11.008591
4748	11.008591
4749	11.008591
4750	11.008591
4751	11.008591
4752	11.008591
4753	11.008591
4754	11.008591
4755	11.008591
4756	11.008591
4757	11.008591
4758	11.008591
4759	11.008591
4760	11.008591
4761	11.008591
4762	11.008591
4763	11.008591
4764	11.008591
4765	11.008591
4766	11.008591
4767	11.008591
4768	11.008591
4769	11.008591
4770	11.008591
4771	11.008591
4772	11.008591
4773	11.008591
4774	11.008591
4775	11.008591
4776	11.008591
4777	11.008591
4778	11.008591
4779	11.008591
4780	11.008591
4781	11.008591
4782	11.008591
4783	11.008591
4784	11.008591
4785	11.008591
4786	11.008591
4787	11.008591
4788	11.008591
4789	11.008591
4790	11.008591
4791	11.008591
4792	11.008591
4793	11.008591
4794	11.008591
4795	11.008591
4796	11.008591
4797	11.008591
4798	11.008591
4799	11.008591
4800	11.008591
4801	11.008591
4802	11.008591
4803	11.008591
4804	11.008591
4805	11.008591
4806	11.008591
4807	11.008591
4808	11.008591
4809	11.008591
4810	11.008591
4811	11.008591
4812	11.008591
4813	11.008591
4814	11.008591
4815	11.008591
4816	11.008591
4817	11.008591
4818	11.008591
4819	11.008591
4820	11.008591
4821	11.008591
4822	11.008591
4823	11.008591
4824	11.008591
4825	11.008591
4826	11.008591
4827	11.008591
4828	11.008591
4829	11.008591
4830	11.008591
4831	11.008591
4832	11.008591
4833	11.008591
4834	11.008591
4835	11.008591
4836	11.008591
4837	11.008591
4838	11.008591
4839	11.008591
4840	11.008591
4841	11.008591
4842	11.008591
4843	11.008591
4844	11.008591
4845	11.008591
4846	11.008591
4847	11.008591
4848	11.008591
4849	11.008591
4850	11.008591
4851	11.008591
4852	11.008591
4853	11.008591
4854	11.008591
4855	11.008591
4856	11.008591
4857	11.008591
4858	11.008591
4859	11.008591
4860	11.008591
4861	11.008591
4862	11.008591
4863	11.008591
4864	11.008591
4865	11.008591
4866	11.008591
4867	11.008591
4868	11.008591
4869	11.008591
4870	11.008591
4871	11.008591
4872	11.008591
4873	11.008591
4874	11.008591
4875	11.008591
4876	11.008591
4877	11.008591
4878	11.008591
4879	11.008591
4880	11.008591
4881	11.008591
4882	11.008591
4883	11.008591
4884	11.008591
4885	11.008591
4886	11.008591
4887	11.008591
4888	11.008591
4889	11.008591
4890	11.008591
4891	11.008591
4892	11.008591
4893	11.008591
4894	11.008591
4895	11.008591
4896	11.008591
4897	11.008591
4898	11.008591
4899	11.008591
4900	11.008591
4901	11.008591
4902	11.008591
4903	11.008591
4904	11.008591
4905	11.008591
4906	11.008591
4907	11.008591
4908	11.008591
4909	11.008591
4910	11.008591
4911	11.008591
4912	11.008591
4913	11.008591
4914	11.008591
4915	11.008591
4916	11.008591
4917	11.008591
4918	11.008591
4919	11.008591
4920	11.008591
4921	11.008591
4922	11.008591
4923	11.008591
4924	11.008591
4925	11.008591
4926	11.008591
4927	11.008591
4928	11.008591
4929	11.008591
4930	11.008591
4931	11.008591
4932	11.008591
4933	11.008591
4934	11.008591
4935	11.008591
4936	11.008591
4937	11.008591
4938	11.008591
4939	11.008591
4940	11.008591
4941	11.008591
4942	11.008591
4943	11.008591
4944	11.008591
4945	11.008591
4946	11.008591
4947	11.008591
4948	11.008591
4949	11.008591
4950	11.008591
4951	11.008591
4952	11.008591
4953	11.008591
4954	11.008591
4955	11.008591
4956	11.008591
4957	11.008591
4958	11.008591
4959	11.008591
4960	11.008591
4961	11.008591
4962	11.008591
4963	11.008591
4964	11.008591
4965	11.008591
4966	11.008591
4967	11.008591
4968	11.008591
4969	11.008591
4970	11.008591
4971	11.008591
4972	11.008591
4973	11.008591
4974	11.008591
4975	11.008591
4976	11.008591
4977	11.008591
4978	11.008591
4979	11.008591
4980	11.008591
4981	11.008591
4982	11.008591
4983	11.008591
4984	11.008591
4985	11.008591
4986	11.008591
4987	11.008591
4988	11.008591
4989	11.008591
4990	11.008591
4991	11.008591
4992	11.008591
4993	11.008591
4994	11.008591
4995	11.008591
4996	11.008591
4997	11.008591
4998	11.008591
4999	11.008591
5000	11.008591
5001	11.008591
5002	11.008591
5003	11.008591
5004	11.008591
5005	11.008591
5006	11.008591
5007	11.008591
5008	11.008591
5009	11.008591
5010	11.008591
5011	11.008591
5012	11.008591
5013	11.008591
5014	11.008591
5015	11.008591
5016	11.008591
5017	11.008591
5018	11.008591
5019	11.008591
5020	11.008591
5021	11.008591
5022	11.008591
5023	11.008591
5024	11.008591
5025	11.008591
5026	11.008591
5027	11.008591
5028	11.008591
5029	11.008591
5030	11.008591
5031	11.008591
5032	11.008591
5033	11.008591
5034	11.008591
5035	11.008591
5036	11.008591
5037	11.008591
5038	11.008591
5039	11.008591
5040	11.008591
5041	11.008591
5042	11.008591
5043	11.008591
5044	11.008591
5045	11.008591
5046	11.008591
5047	11.008591
5048	11.008591
5049	11.008591
5050	11.008591
5051	11.008591
5052	11.008591
5053	11.008591
5054	11.008591
5055	11.008591
5056	11.008591
5057	11.008591
5058	11.008591
5059	11.008591
5060	11.008591
5061	11.008591
5062	11.008591
5063	11.008591
5064	11.008591
5065	11.008591
5066	11.008591
5067	11.008591
5068	11.008591
5069	11.008591
5070	11.008591
5071	11.008591
5072	11.008591
5073	11.008591
5074	11.008591
5075	11.008591
5076	11.008591
5077	11.008591
5078	11.008591
5079	11.008591
5080	11.008591
5081	11.008591
5082	11.008591
5083	11.008591
5084	11.008591
5085	11.008591
5086	11.008591
5087	11.008591
5088	11.008591
5089	11.008591
5090	11.008591
5091	11.008591
5092	11.008591
5093	11.008591
5094	11.008591
5095	11.008591
5096	11.008591
5097	11.008591
5098	11.008591
5099	11.008591
5100	11.008591
5101	11.008591
5102	11.008591
5103	11.008591
5104	11.008591
5105	11.008591
5106	11.008591
5107	11.008591
5108	11.008591
5109	11.008591
5110	11.008591
5111	11.008591
5112	11.008591
5113	11.008591
5114	11.008591
5115	11.008591
5116	11.008591
5117	11.008591
5118	11.008591
5119	11.008591
5120	11.008591
5121	11.008591
5122	11.008591
5123	11.008591
5124	11.008591
5125	11.008591
5126	11.008591
5127	11.008591
5128	11.008591
5129	11.008591
5130	11.008591
5131	11.008591
5132	11.008591
5133	11.008591
5134	11.008591
5135	11.008591
5136	11.008591
5137	11.008591
5138	11.008591
5139	11.008591
5140	11.008591
5141	11.008591
5142	11.008591
5143	11.008591
5144	11.008591
5145	11.008591
5146	11.008591
5147	11.008591
5148	11.008591
5149	11.008591
5150	11.008591
5151	11.008591
5152	11.008591
5153	11.008591
5154	11.008591
5155	11.008591
5156	11.008591
5157	11.008591
5158	11.008591
5159	11.008591
5160	11.008591
5161	11.008591
5162	11.008591
5163	11.008591
5164	11.008591
5165	11.008591
5166	11.008591
5167	11.008591
5168	11.008591
5169	11.008591
5170	11.008591
5171	11.008591
5172	11.008591
5173	11.008591
5174	11.008591
5175	11.008591
5176	11.008591
5177	11.008591
5178	11.008591
5179	11.008591
5180	11.008591
5181	11.008591
5182	11.008591
5183	11.008591
5184	11.008591
5185	11.008591
5186	11.008591
5187	11.008591
5188	11.008591
5189	11.008591
5190	11.008591
5191	11.008591
5192	11.008591
5193	11.008591
5194	11.008591
5195	11.008591
5196	11.008591
5197	11.008591
5198	11.008591
5199	11.008591
5200	11.008591
5201	11.008591
5202	11.008591
5203	11.008591
5204	11.008591
5205	11.008591
5206	11.008591
5207	11.008591
5208	11.008591
5209	11.008591
5210	11.008591
5211	11.008591
5212	11.008591
5213	11.008591
5214	11.008591
5215	11.008591
5216	11.008591
5217	11.008591
5218	11.008591
5219	11.008591
5220	11.008591
5221	11.008591
5222	11.008591
5223	11.008591
5224	11.008591
5225	11.008591
5226	11.008591
5227	11.008591
5228	11.008591
5229	11.008591
5230	11.008591
5231	11.008591
5232	11.008591
5233	11.008591
5234	11.008591
5235	11.008591
5236	11.008591
5237	11.008591
5238	11.008591
5239	11.008591
5240	11.008591
5241	11.008591
5242	11.008591
5243	11.008591
5244	11.008591
5245	11.008591
5246	11.008591
5247	11.008591
5248	11.008591
5249	11.008591
5250	11.008591
5251	11.008591
5252	11.008591
5253	11.008591
5254	11.008591
5255	11.008591
5256	11.008591
5257	11.008591
5258	11.008591
5259	11.008591
5260	11.008591
5261	11.008591
5262	11.008591
5263	11.008591
5264	11.008591
5265	11.008591
5266	11.008591
5267	11.008591
5268	11.008591
5269	11.008591
5270	11.008591
5271	11.008591
5272	11.008591
5273	11.008591
5274	11.008591
5275	11.008591
5276	11.008591
5277	11.008591
5278	11.008591
5279	11.008591
5280	11.008591
5281	11.008591
5282	11.008591
5283	11.008591
5284	11.008591
5285	11.008591
5286	11.008591
5287	11.008591
5288	11.008591
5289	11.008591
5290	11.008591
5291	11.008591
5292	11.008591
5293	11.008591
5294	11.008591
5295	11.008591
5296	11.008591
5297	11.008591
5298	11.008591
5299	11.008591
5300	11.008591
5301	11.008591
5302	11.008591
5303	11.008591
5304	11.008591
5305	11.008591
5306	11.008591
5307	11.008591
5308	11.008591
5309	11.008591
5310	11.008591
5311	11.008591
5312	11.008591
5313	11.008591
5314	11.008591
5315	11.008591
5316	11.008591
5317	11.008591
5318	11.008591
5319	11.008591
5320	11.008591
5321	11.008591
5322	11.008591
5323	11.008591
5324	11.008591
5325	11.008591
5326	11.008591
5327	11.008591
5328	11.008591
5329	11.008591
5330	11.008591
5331	11.008591
5332	11.008591
5333	11.008591
5334	11.008591
5335	11.008591
5336	11.008591
5337	11.008591
5338	11.008591
5339	11.008591
5340	11.008591
5341	11.008591
5342	11.008591
5343	11.008591
5344	11.008591
5345	11.008591
5346	11.008591
5347	11.008591
5348	11.008591
5349	11.008591
5350	11.008591
5351	11.008591
5352	11.008591
5353	11.008591
5354	11.008591
5355	11.008591
5356	11.008591
5357	11.008591
5358	11.008591
5359	11.008591
5360	11.008591
5361	11.008591
5362	11.008591
5363	11.008591
5364	11.008591
5365	11.008591
5366	11.008591
5367	11.008591
5368	11.008591
5369	11.008591
5370	11.008591
5371	11.008591
5372	11.008591
5373	11.008591
5374	11.008591
5375	11.008591
5376	11.008591
5377	11.008591
5378	11.008591
5379	11.008591
5380	11.008591
5381	11.008591
5382	11.008591
5383	11.008591
5384	11.008591
5385	11.008591
5386	11.008591
5387	11.008591
5388	11.008591
5389	11.008591
5390	11.008591
5391	11.008591
5392	11.008591
5393	11.008591
5394	11.008591
5395	11.008591
5396	11.008591
5397	11.008591
5398	11.008591
5399	11.008591
5400	11.008591
5401	11.008591
5402	11.008591
5403	11.008591
5404	11.008591
5405	11.008591
5406	11.008591
5407	11.008591
5408	11.008591
5409	11.008591
5410	11.008591
5411	11.008591
5412	11.008591
5413	11.008591
5414	11.008591
5415	11.008591
5416	11.008591
5417	11.008591
5418	11.008591
5419	11.008591
5420	11.008591
5421	11.008591
5422	11.008591
5423	11.008591
5424	11.008591
5425	11.008591
5426	11.008591
5427	11.008591
5428	11.008591
5429	11.008591
5430	11.008591
5431	11.008591
5432	11.008591
5433	11.008591
5434	11.008591
5435	11.008591
5436	11.008591
5437	11.008591
5438	11.008591
5439	11.008591
5440	11.008591
5441	11.008591
5442	11.008591
5443	11.008591
5444	11.008591
5445	11.008591
5446	11.008591
5447	11.008591
5448	11.008591
5449	11.008591
5450	11.008591
5451	11.008591
5452	11.008591
5453	11.008591
5454	11.008591
5455	11.008591
5456	11.008591
5457	11.008591
5458	11.008591
5459	11.008591
5460	11.008591
5461	11.008591
5462	11.008591
5463	11.008591
5464	11.008591
5465	11.008591
5466	11.008591
5467	11.008591
5468	11.008591
5469	11.008591
5470	11.008591
5471	11.008591
5472	11.008591
5473	11.008591
5474	11.008591
5475	11.008591
5476	11.008591
5477	11.008591
5478	11.008591
5479	11.008591
5480	11.008591
5481	11.008591
5482	11.008591
5483	11.008591
5484	11.008591
5485	11.008591
5486	11.008591
5487	11.008591
5488	11.008591
5489	11.008591
5490	11.008591
5491	11.008591
5492	11.008591
5493	11.008591
5494	11.008591
5495	11.008591
5496	11.008591
5497	11.008591
5498	11.008591
5499	11.008591
5500	11.008591
5501	11.008591
5502	11.008591
5503	11.008591
5504	11.008591
5505	11.008591
5506	11.008591
5507	11.008591
5508	11.008591
5509	11.008591
5510	11.008591
5511	11.008591
5512	11.008591
5513	11.008591
5514	11.008591
5515	11.008591
5516	11.008591
5517	11.008591
5518	11.008591
5519	11.008591
5520	11.008591
5521	11.008591
5522	11.008591
5523	11.008591
5524	11.008591
5525	11.008591
5526	11.008591
5527	11.008591
5528	11.008591
5529	11.008591
5530	11.008591
5531	11.008591
5532	11.008591
5533	11.008591
5534	11.008591
5535	11.008591
5536	11.008591
5537	11.008591
5538	11.008591
5539	11.008591
5540	11.008591
5541	11.008591
5542	11.008591
5543	11.008591
5544	11.008591
5545	11.008591
5546	11.008591
5547	11.008591
5548	11.008591
5549	11.008591
5550	11.008591
5551	11.008591
5552	11.008591
5553	11.008591
5554	11.008591
5555	11.008591
5556	11.008591
5557	11.008591
5558	11.008591
5559	11.008591
5560	11.008591
5561	11.008591
5562	11.008591
5563	11.008591
5564	11.008591
5565	11.008591
5566	11.008591
5567	11.008591
5568	11.008591
5569	11.008591
5570	11.008591
5571	11.008591
5572	11.008591
5573	11.008591
5574	11.008591
5575	11.008591
5576	11.008591
5577	11.008591
5578	11.008591
5579	11.008591
5580	11.008591
5581	11.008591
5582	11.008591
5583	11.008591
5584	11.008591
5585	11.008591
5586	11.008591
5587	11.008591
5588	11.008591
5589	11.008591
5590	11.008591
5591	11.008591
5592	11.008591
5593	11.008591
5594	11.008591
5595	11.008591
5596	11.008591
5597	11.008591
5598	11.008591
5599	11.008591
5600	11.008591
5601	11.008591
5602	11.008591
5603	11.008591
5604	11.008591
5605	11.008591
5606	11.008591
5607	11.008591
5608	11.008591
5609	11.008591
5610	11.008591
5611	11.008591
5612	11.008591
5613	11.008591
5614	11.008591
5615	11.008591
5616	11.008591
5617	11.008591
5618	11.008591
5619	11.008591
5620	11.008591
5621	11.008591
5622	11.008591
5623	11.008591
5624	11.008591
5625	11.008591
5626	11.008591
5627	11.008591
5628	11.008591
5629	11.008591
5630	11.008591
5631	11.008591
5632	11.008591
5633	11.008591
5634	11.008591
5635	11.008591
5636	11.008591
5637	11.008591
5638	11.008591
5639	11.008591
5640	11.008591
5641	11.008591
5642	11.008591
5643	11.008591
5644	11.008591
5645	11.008591
5646	11.008591
5647	11.008591
5648	11.008591
5649	11.008591
5650	11.008591
5651	11.008591
5652	11.008591
5653	11.008591
5654	11.008591
5655	11.008591
5656	11.008591
5657	11.008591
5658	11.008591
5659	11.008591
5660	11.008591
5661	11.008591
5662	11.008591
5663	11.008591
5664	11.008591
5665	11.008591
5666	11.008591
5667	11.008591
5668	11.008591
5669	11.008591
5670	11.008591
5671	11.008591
5672	11.008591
5673	11.008591
5674	11.008591
5675	11.008591
5676	11.008591
5677	11.008591
5678	11.008591
5679	11.008591
5680	11.008591
5681	11.008591
5682	11.008591
5683	11.008591
5684	11.008591
5685	11.008591
5686	11.008591
5687	11.008591
5688	11.008591
5689	11.008591
5690	11.008591
5691	11.008591
5692	11.008591
5693	11.008591
5694	11.008591
5695	11.008591
5696	11.008591
5697	11.008591
5698	11.008591
5699	11.008591
5700	11.008591
5701	11.008591
5702	11.008591
5703	11.008591
5704	11.008591
5705	11.008591
5706	11.008591
5707	11.008591
5708	11.008591
5709	11.008591
5710	11.008591
5711	11.008591
5712	11.008591
5713	11.008591
5714	11.008591
5715	11.008591
5716	11.008591
5717	11.008591
5718	11.008591
5719	11.008591
5720	11.008591
5721	11.008591
5722	11.008591
5723	11.008591
5724	11.008591
5725	11.008591
5726	11.008591
5727	11.008591
5728	11.008591
5729	11.008591
5730	11.008591
5731	11.008591
5732	11.008591
5733	11.008591
5734	11.008591
5735	11.008591
5736	11.008591
5737	11.008591
5738	11.008591
5739	11.008591
5740	11.008591
5741	11.008591
5742	11.008591
5743	11.008591
5744	11.008591
5745	11.008591
5746	11.008591
5747	11.008591
5748	11.008591
5749	11.008591
5750	11.008591
5751	11.008591
5752	11.008591
5753	11.008591
5754	11.008591
5755	11.008591
5756	11.008591
5757	11.008591
5758	11.008591
5759	11.008591
5760	11.008591
5761	11.008591
5762	11.008591
5763	11.008591
5764	11.008591
5765	11.008591
5766	11.008591
5767	11.008591
5768	11.008591
5769	11.008591
5770	11.008591
5771	11.008591
5772	11.008591
5773	11.008591
5774	11.008591
5775	11.008591
5776	11.008591
5777	11.008591
5778	11.008591
5779	11.008591
5780	11.008591
5781	11.008591
5782	11.008591
5783	11.008591
5784	11.008591
5785	11.008591
5786	11.008591
5787	11.008591
5788	11.008591
5789	11.008591
5790	11.008591
5791	11.008591
5792	11.008591
5793	11.008591
5794	11.008591
5795	11.008591
5796	11.008591
5797	11.008591
5798	11.008591
5799	11.008591
5800	11.008591
5801	11.008591
5802	11.008591
5803	11.008591
5804	11.008591
5805	11.008591
5806	11.008591
5807	11.008591
5808	11.008591
5809	11.008591
5810	11.008591
5811	11.008591
5812	11.008591
5813	11.008591
5814	11.008591
5815	11.008591
5816	11.008591
5817	11.008591
5818	11.008591
5819	11.008591
5820	11.008591
5821	11.008591
5822	11.008591
5823	11.008591
5824	11.008591
5825	11.008591
5826	11.008591
5827	11.008591
5828	11.008591
5829	11.008591
5830	11.008591
5831	11.008591
5832	11.008591
5833	11.008591
5834	11.008591
5835	11.008591
5836	11.008591
5837	11.008591
5838	11.008591
5839	11.008591
5840	11.008591
5841	11.008591
5842	11.008591
5843	11.008591
5844	11.008591
5845	11.008591
5846	11.008591
5847	11.008591
5848	11.008591
5849	11.008591
5850	11.008591
5851	11.008591
5852	11.008591
5853	11.008591
5854	11.008591
5855	11.008591
5856	11.008591
5857	11.008591
5858	11.008591
5859	11.008591
5860	11.008591
5861	11.008591
5862	11.008591
5863	11.008591
5864	11.008591
5865	11.008591
5866	11.008591
5867	11.008591
5868	11.008591
5869	11.008591
5870	11.008591
5871	11.008591
5872	11.008591
5873	11.008591
5874	11.008591
5875	11.008591
5876	11.008591
5877	11.008591
5878	11.008591
5879	11.008591
5880	11.008591
5881	11.008591
5882	11.008591
5883	11.008591
5884	11.008591
5885	11.008591
5886	11.008591
5887	11.008591
5888	11.008591
5889	11.008591
5890	11.008591
5891	11.008591
5892	11.008591
5893	11.008591
5894	11.008591
5895	11.008591
5896	11.008591
5897	11.008591
5898	11.008591
5899	11.008591
5900	11.008591
5901	11.008591
5902	11.008591
5903	11.008591
5904	11.008591
5905	11.008591
5906	11.008591
5907	11.008591
5908	11.008591
5909	11.008591
5910	11.008591
5911	11.008591
5912	11.008591
5913	11.008591
5914	11.008591
5915	11.008591
5916	11.008591
5917	11.008591
5918	11.008591
5919	11.008591
5920	11.008591
5921	11.008591
5922	11.008591
5923	11.008591
5924	11.008591
5925	11.008591
5926	11.008591
5927	11.008591
5928	11.008591
5929	11.008591
5930	11.008591
5931	11.008591
5932	11.008591
5933	11.008591
5934	11.008591
5935	11.008591
5936	11.008591
5937	11.008591
5938	11.008591
5939	11.008591
5940	11.008591
5941	11.008591
5942	11.008591
5943	11.008591
5944	11.008591
5945	11.008591
5946	11.008591
5947	11.008591
5948	11.008591
5949	11.008591
5950	11.008591
5951	11.008591
5952	11.008591
5953	11.008591
5954	11.008591
