1	7.018076
2	7.018076
3	7.024866
4	7.085339
5	7.181665
6	7.314415
7	7.314415
8	7.329162
9	7.334355
10	7.334355
11	7.365907
12	7.338155
13	7.370369
14	7.364554
15	7.402022
16	7.389146
17	7.389146
18	7.459536
19	7.467116
20	7.505622
21	7.650334
22	7.5589
23	7.576078
24	7.590176
25	7.586698
26	7.597852
27	7.647974
28	7.647974
29	7.836998
30	7.622852
31	7.622852
32	7.646509
33	7.621237
34	7.616505
35	7.616505
36	7.668386
37	7.716581
38	7.562913
39	7.562913
40	7.586051
41	7.728188
42	7.728188
43	7.79465
44	7.796949
45	7.796949
46	7.713936
47	7.713936
48	7.861824
49	7.990122
50	7.990122
51	7.990122
52	7.990122
53	7.99956
54	7.99956
55	7.99956
56	8.051752
57	8.088894
58	8.107095
59	8.157867
60	8.157867
61	8.157867
62	8.239363
63	8.239363
64	8.567623
65	8.573355
66	8.576715
67	8.628946
68	8.45033
69	8.45033
70	8.45033
71	8.455286
72	8.45943
73	8.454054
74	8.287378
75	8.260768
76	8.258351
77	8.216374
78	8.216374
79	8.217479
80	8.217479
81	8.217479
82	8.226142
83	8.298978
84	8.16239
85	8.16239
86	8.16239
87	8.291342
88	8.291342
89	8.291342
90	8.334302
91	8.361446
92	8.361446
93	8.361446
94	8.361446
95	8.361446
96	8.348177
97	8.019663
98	8.019663
99	8.019663
100	8.019663
101	8.051412
102	8.061051
103	8.109426
104	8.057199
105	8.061368
106	8.022442
107	8.022442
108	8.151959
109	8.154921
110	8.071617
111	8.266136
112	8.266136
113	8.323232
114	8.323232
115	8.296136
116	8.296136
117	8.296754
118	8.301197
119	8.301197
120	8.3342
121	8.507733
122	8.433365
123	8.570502
124	8.573832
125	8.573832
126	8.573832
127	8.523298
128	8.523298
129	8.462404
130	8.35789
131	8.35789
132	8.363083
133	8.426289
134	8.463729
135	8.463729
136	8.463729
137	8.463729
138	8.512104
139	8.543534
140	8.547315
141	8.547315
142	8.547315
143	8.547315
144	8.551235
145	8.755976
146	8.817746
147	8.817746
148	9.039882
149	9.033912
150	9.009435
151	9.009435
152	9.033595
153	8.86581
154	8.86581
155	8.723492
156	8.484128
157	8.666469
158	8.666469
159	8.082636
160	7.942576
161	8.324258
162	8.324258
163	8.325767
164	8.325767
165	8.374785
166	8.667098
167	8.700729
168	8.780473
169	8.672018
170	8.768922
171	8.81319
172	8.747321
173	8.749445
174	8.753035
175	8.753035
176	8.753035
177	8.746345
178	8.746345
179	8.714236
180	8.726375
181	8.726375
182	8.726375
183	8.726375
184	8.726375
185	8.933914
186	8.916653
187	8.936557
188	8.96473
189	8.96473
190	8.96473
191	8.970085
192	8.922475
193	8.922475
194	8.922475
195	8.846857
196	8.757705
197	8.696265
198	8.696265
199	8.626515
200	8.601253
201	8.601253
202	8.542285
203	8.595997
204	8.595997
205	8.545033
206	8.541849
207	8.384764
208	8.384764
209	8.384764
210	8.375656
211	8.344638
212	8.352694
213	8.387326
214	8.703187
215	8.681462
216	8.660294
217	8.660294
218	8.650266
219	8.650266
220	8.70472
221	8.84493
222	8.84493
223	8.784283
224	8.784283
225	8.804877
226	8.804877
227	8.804877
228	8.804877
229	8.792738
230	8.792738
231	8.714114
232	8.613854
233	8.613854
234	8.618302
235	8.618302
236	8.618302
237	8.79391
238	8.72419
239	8.72419
240	8.813342
241	8.813342
242	8.813342
243	9.695016
244	9.41398
245	9.361766
246	9.361766
247	9.704643
248	9.704643
249	9.704643
250	9.679743
251	9.679743
252	9.718111
253	9.718111
254	9.718111
255	9.718111
256	9.718111
257	9.718111
258	9.718111
259	9.725673
260	9.725673
261	9.725673
262	9.911257
263	9.911257
264	9.911257
265	9.853464
266	9.88939
267	9.726665
268	9.726665
269	9.726665
270	9.689533
271	9.678389
272	9.866126
273	9.866126
274	9.866126
275	9.866126
276	9.599881
277	9.12638
278	9.016961
279	8.950131
280	8.950131
281	8.958783
282	8.958783
283	9.197087
284	9.197087
285	9.158719
286	9.159244
287	9.180969
288	9.180969
289	9.180969
290	9.25031
291	9.25031
292	9.194099
293	9.019772
294	9.019772
295	9.019772
296	9.033992
297	9.129163
298	9.129163
299	9.239139
300	9.239139
301	9.239139
302	9.239139
303	9.133669
304	9.74452
305	9.409103
306	9.430143
307	9.415923
308	9.415923
309	9.415923
310	9.415923
311	9.516894
312	9.484188
313	9.484188
314	9.506229
315	9.510607
316	9.353623
317	9.364288
318	9.413678
319	9.413678
320	9.392638
321	9.392638
322	9.359932
323	9.389794
324	9.389794
325	9.431186
326	9.431186
327	9.416155
328	9.416155
329	9.416155
330	9.459736
331	9.480776
332	9.480776
333	9.480776
334	9.562109
335	9.562109
336	9.562109
337	9.446311
338	9.446311
339	9.446311
340	9.449155
341	9.449155
342	9.405574
343	9.561493
344	9.440872
345	9.440872
346	9.440872
347	9.58194
348	9.58194
349	9.58194
350	9.58194
351	9.596971
352	9.452922
353	9.45133
354	9.326886
355	9.326886
356	9.373033
357	9.373033
358	9.337405
359	9.337405
360	9.337405
361	9.352008
362	9.497003
363	9.489242
364	9.49472
365	9.268339
366	9.268339
367	9.268339
368	9.281392
369	9.281392
370	9.295612
371	9.246222
372	9.246222
373	9.175378
374	9.175378
375	9.175378
376	9.175378
377	8.90027
378	8.90027
379	8.90027
380	8.944727
381	8.944727
382	9.083186
383	9.083186
384	9.072038
385	9.008039
386	9.033113
387	9.033113
388	9.091601
389	9.091601
390	9.091601
391	9.091601
392	9.080262
393	9.11589
394	9.11589
395	9.11589
396	9.11589
397	9.12663
398	9.12663
399	9.12663
400	9.137969
401	9.137969
402	9.137969
403	9.137969
404	9.137969
405	8.969825
406	9.025545
407	9.025545
408	9.025545
409	9.19368
410	9.236325
411	9.236325
412	9.49085
413	9.62493
414	9.681833
415	9.827281
416	9.827281
417	9.813061
418	9.970885
419	9.970885
420	9.970885
421	9.979894
422	9.979894
423	9.858819
424	9.858819
425	9.979894
426	9.979894
427	9.979894
428	9.994114
429	10.015208
430	10.015208
431	10.015208
432	9.997463
433	9.997463
434	9.997463
435	9.997463
436	9.997463
437	9.997463
438	9.997463
439	9.997463
440	9.966618
441	9.990078
442	9.990078
443	9.990078
444	9.990078
445	9.990078
446	9.990078
447	9.990078
448	9.990078
449	9.990078
450	10.223252
451	10.223252
452	10.223252
453	10.223252
454	10.223252
455	10.223252
456	10.223252
457	10.223252
458	10.294096
459	10.294096
460	10.362659
461	10.362659
462	10.362659
463	10.362659
464	10.402201
465	10.404987
466	10.302121
467	10.359905
468	10.359905
469	10.359905
470	10.359905
471	10.359905
472	10.359905
473	10.348943
474	10.344407
475	10.344407
476	10.472364
477	10.338284
478	10.338284
479	10.338284
480	10.313384
481	10.447464
482	10.447464
483	10.429314
484	10.429314
485	10.429314
486	10.254393
487	10.254393
488	10.214851
489	10.292461
490	10.28868
491	10.28868
492	10.28868
493	10.253111
494	10.238891
495	10.238891
496	10.238891
497	10.238891
498	10.142387
499	10.142387
500	10.110161
501	10.110161
502	10.152806
503	10.006541
504	10.006541
505	10.006541
506	10.006541
507	10.006541
508	10.006541
509	10.006541
510	9.769709
511	9.793405
512	9.793405
513	9.877351
514	9.882868
515	9.882868
516	9.882868
517	9.882868
518	9.882868
519	9.882868
520	9.898552
521	9.898552
522	9.898552
523	9.898552
524	9.880807
525	9.880807
526	9.880807
527	9.880807
528	9.880807
529	9.880807
530	9.880807
531	9.880807
532	9.880807
533	9.880807
534	9.880807
535	9.880807
536	10.055134
537	9.869268
538	9.869268
539	9.869268
540	9.869268
541	9.968276
542	9.968276
543	9.968276
544	9.968276
545	9.968276
546	9.968276
547	9.968276
548	9.968276
549	9.952827
550	9.952827
551	9.952827
552	9.952827
553	9.958212
554	10.079973
555	10.097718
556	10.091829
557	10.091829
558	10.091829
559	10.091829
560	10.091829
561	10.091829
562	10.064168
563	10.047869
564	10.047869
565	10.047869
566	10.047869
567	10.047869
568	9.97545
569	9.97545
570	9.97545
571	10.102198
572	10.169062
573	10.169062
574	10.169062
575	10.169062
576	10.169062
577	10.317704
578	10.317704
579	10.317704
580	10.317704
581	10.317704
582	10.317704
583	10.317704
584	10.317704
585	10.317704
586	10.317704
587	10.317704
588	10.317704
589	10.317704
590	10.317704
591	10.317704
592	10.317704
593	10.335779
594	10.335779
595	10.335779
596	10.335779
597	10.335779
598	10.335779
599	10.335779
600	10.335779
601	10.335779
602	10.335779
603	10.335779
604	10.335779
605	10.335779
606	10.335779
607	10.335779
608	10.335779
609	10.335779
610	10.361861
611	10.361861
612	10.240938
613	10.240938
614	10.240938
615	10.240938
616	10.155965
617	10.155965
618	10.155965
619	10.155965
620	10.155965
621	10.155965
622	10.040705
623	10.040705
624	10.040705
625	10.040705
626	10.040705
627	10.040705
628	10.040705
629	10.119905
630	10.119905
631	10.119905
632	10.093836
633	10.093836
634	10.093836
635	10.093836
636	10.093836
637	10.093836
638	10.063389
639	10.045066
640	10.045066
641	10.045066
642	10.045066
643	10.032907
644	10.032907
645	10.032108
646	10.032108
647	10.032108
648	10.032108
649	10.032108
650	10.032108
651	10.032108
652	10.032108
653	10.032108
654	10.032108
655	10.032108
656	10.032108
657	10.044267
658	10.044267
659	10.044267
660	10.044267
661	10.206452
662	10.206452
663	10.206452
664	10.277296
665	10.277296
666	10.277296
667	10.277296
668	10.277296
669	10.277296
670	10.277296
671	10.277296
672	10.277296
673	10.277296
674	10.277296
675	10.277296
676	10.277296
677	10.277296
678	10.277296
679	10.277296
680	10.277296
681	10.277296
682	10.277296
683	10.277296
684	10.277296
685	10.277296
686	10.277296
687	10.277296
688	10.315055
689	10.315055
690	10.315055
691	10.315055
692	10.315055
693	10.315055
694	10.315055
695	10.315055
696	10.315055
697	10.315055
698	10.315055
699	10.315055
700	10.315055
701	10.315055
702	10.315055
703	10.315055
704	10.315055
705	10.315055
706	10.315055
707	10.315055
708	10.315854
709	10.315854
710	10.315854
711	10.315854
712	10.334214
713	10.334214
714	10.334214
715	10.334214
716	10.334214
717	10.334214
718	10.334214
719	10.334214
720	10.334214
721	10.334214
722	10.334214
723	10.334214
724	10.334214
725	10.334214
726	10.228024
727	10.228024
728	10.228024
729	10.228024
730	10.228024
731	10.228024
732	10.228024
733	10.228024
734	10.228024
735	10.228024
736	10.228024
737	10.228024
738	10.303486
739	10.303486
740	10.303486
741	10.385134
742	10.385134
743	10.385134
744	10.385134
745	10.385134
746	10.385134
747	10.385134
748	10.385134
749	10.385134
750	10.385134
751	10.385134
752	10.433093
753	10.433093
754	10.433093
755	10.433093
756	10.433093
757	10.433093
758	10.390239
759	10.390239
760	10.390239
761	10.390239
762	10.390239
763	10.390239
764	10.390239
765	10.390239
766	10.390239
767	10.390239
768	10.390239
769	10.390239
770	10.390239
771	10.390239
772	10.248236
773	10.248236
774	10.248236
775	10.248236
776	10.248236
777	10.248236
778	10.245052
779	10.245052
780	10.245052
781	10.245052
782	10.245052
783	10.245052
784	10.245052
785	10.234704
786	10.234704
787	10.253552
788	10.253552
789	10.253552
790	10.344592
791	10.344592
792	10.344592
793	10.344592
794	10.344592
795	10.344592
796	10.344592
797	10.344592
798	10.344592
799	10.344592
800	10.377427
801	10.377427
802	10.377427
803	10.377427
804	10.377427
805	10.377427
806	10.377427
807	10.319516
808	10.319516
809	10.319516
810	10.319516
811	10.319516
812	10.319516
813	10.319516
814	10.319516
815	10.319516
816	10.319516
817	10.319516
818	10.319516
819	10.442223
820	10.424103
821	10.424103
822	10.424103
823	10.422042
824	10.422042
825	10.422042
826	10.422042
827	10.422042
828	10.422042
829	10.422042
830	10.422042
831	10.286957
832	10.318598
833	10.318598
834	10.318598
835	10.318598
836	10.318598
837	10.318598
838	10.318598
839	10.318598
840	10.318598
841	10.318598
842	10.318598
843	10.318598
844	10.318598
845	10.318598
846	10.318598
847	10.318598
848	10.318598
849	10.318598
850	10.318598
851	10.318598
852	10.318598
853	10.318598
854	10.318598
855	10.318598
856	10.318598
857	10.318598
858	10.318598
859	10.318598
860	10.318598
861	10.318598
862	10.318598
863	10.318598
864	10.318598
865	10.318598
866	10.318598
867	10.318598
868	10.169895
869	10.169895
870	10.169895
871	10.169895
872	10.169895
873	10.166964
874	10.166964
875	10.166964
876	10.166964
877	10.166964
878	10.0929
879	10.0929
880	10.0929
881	10.096608
882	10.096608
883	10.096608
884	10.096608
885	10.096608
886	10.096608
887	10.096608
888	10.096608
889	10.096608
890	10.096608
891	10.096608
892	10.064967
893	10.209962
894	10.209962
895	10.209962
896	10.367968
897	10.394037
898	10.394037
899	10.394037
900	10.394037
901	10.394037
902	10.394037
903	10.394037
904	10.394037
905	10.394037
906	10.394037
907	10.394037
908	10.394037
909	10.394037
910	10.394037
911	10.394037
912	10.394037
913	10.394037
914	10.382495
915	10.382495
916	10.382495
917	10.382495
918	10.382495
919	10.382495
920	10.382495
921	10.382495
922	10.382495
923	10.382495
924	10.385186
925	10.385186
926	10.385186
927	10.385186
928	10.385186
929	10.385186
930	10.385186
931	10.385186
932	10.385186
933	10.385186
934	10.385186
935	10.385186
936	10.385186
937	10.385186
938	10.385186
939	10.392412
940	10.410772
941	10.410772
942	10.410772
943	10.410772
944	10.410772
945	10.410772
946	10.410772
947	10.410772
948	10.410772
949	10.410772
950	10.410772
951	10.345918
952	10.345918
953	10.345918
954	10.353418
955	10.353418
956	10.353418
957	10.353418
958	10.353832
959	10.353832
960	10.421749
961	10.421749
962	10.421749
963	10.421749
964	10.421749
965	10.421749
966	10.421749
967	10.421749
968	10.421749
969	10.421749
970	10.421749
971	10.421749
972	10.421749
973	10.421749
974	10.421749
975	10.421749
976	10.421749
977	10.421749
978	10.421749
979	10.354474
980	10.354474
981	10.354474
982	10.354474
983	10.354474
984	10.354474
985	10.354474
986	10.354474
987	10.354474
988	10.354474
989	10.354474
990	10.354474
991	10.366864
992	10.366864
993	10.365869
994	10.421005
995	10.421005
996	10.421005
997	10.421005
998	10.421005
999	10.421005
1000	10.394936
1001	10.394936
1002	10.394936
1003	10.394936
1004	10.394936
1005	10.394936
1006	10.394936
1007	10.394936
1008	10.394936
1009	10.394936
1010	10.394936
1011	10.394936
1012	10.447074
1013	10.447074
1014	10.447074
1015	10.420992
1016	10.394038
1017	10.370357
1018	10.370357
1019	10.370357
1020	10.370357
1021	10.370357
1022	10.370357
1023	10.370357
1024	10.370357
1025	10.370357
1026	10.370357
1027	10.370357
1028	10.370357
1029	10.370357
1030	10.370357
1031	10.370357
1032	10.387502
1033	10.387502
1034	10.406407
1035	10.406407
1036	10.406407
1037	10.415847
1038	10.415847
1039	10.415847
1040	10.415847
1041	10.415847
1042	10.415847
1043	10.415847
1044	10.415847
1045	10.415847
1046	10.415847
1047	10.415847
1048	10.415847
1049	10.415847
1050	10.415847
1051	10.415847
1052	10.415847
1053	10.415847
1054	10.415847
1055	10.415847
1056	10.415847
1057	10.415847
1058	10.415847
1059	10.415847
1060	10.415847
1061	10.415847
1062	10.415847
1063	10.415847
1064	10.415847
1065	10.415847
1066	10.415847
1067	10.415847
1068	10.415847
1069	10.511566
1070	10.511566
1071	10.511566
1072	10.511566
1073	10.511566
1074	10.511566
1075	10.511566
1076	10.511566
1077	10.511566
1078	10.511566
1079	10.511566
1080	10.511566
1081	10.511566
1082	10.511566
1083	10.511566
1084	10.511566
1085	10.511566
1086	10.511566
1087	10.511566
1088	10.511566
1089	10.511566
1090	10.511566
1091	10.511566
1092	10.511566
1093	10.511566
1094	10.511566
1095	10.511566
1096	10.527287
1097	10.527287
1098	10.583078
1099	10.583078
1100	10.565933
1101	10.565933
1102	10.565933
1103	10.565933
1104	10.565933
1105	10.565933
1106	10.565933
1107	10.565933
1108	10.565933
1109	10.565933
1110	10.565933
1111	10.565933
1112	10.565933
1113	10.719561
1114	10.719561
1115	10.719561
1116	10.719561
1117	10.719561
1118	10.719561
1119	10.719561
1120	10.719561
1121	10.719561
1122	10.719561
1123	10.719561
1124	10.719561
1125	10.719561
1126	10.74563
1127	10.74563
1128	10.74563
1129	10.74563
1130	10.74563
1131	10.74563
1132	10.74563
1133	10.74563
1134	10.74563
1135	10.74563
1136	10.74563
1137	10.74563
1138	10.74563
1139	10.74563
1140	10.74563
1141	10.74563
1142	10.74563
1143	10.74563
1144	10.74563
1145	10.74563
1146	10.74563
1147	10.74563
1148	10.74563
1149	10.74563
1150	10.74563
1151	10.74563
1152	10.74563
1153	10.74563
1154	10.74563
1155	10.74563
1156	10.759958
1157	10.759958
1158	10.759958
1159	10.759958
1160	10.759958
1161	10.759958
1162	10.759958
1163	10.759958
1164	10.759958
1165	10.759958
1166	10.759958
1167	10.759958
1168	10.759958
1169	10.759958
1170	10.759958
1171	10.759958
1172	10.759958
1173	10.759958
1174	10.759958
1175	10.759958
1176	10.759958
1177	10.759958
1178	10.759958
1179	10.759958
1180	10.759958
1181	10.759958
1182	10.759958
1183	10.759958
1184	10.759958
1185	10.759958
1186	10.759958
1187	10.759958
1188	10.759958
1189	10.759958
1190	10.759958
1191	10.759958
1192	10.759958
1193	10.759958
1194	10.759958
1195	10.759958
1196	10.759958
1197	10.759958
1198	10.759958
1199	10.759958
1200	10.759958
1201	10.759958
1202	10.759958
1203	10.759958
1204	10.759958
1205	10.759958
1206	10.759958
1207	10.759958
1208	10.759958
1209	10.759958
1210	10.759958
1211	10.759958
1212	10.738068
1213	10.738068
1214	10.738068
1215	10.738068
1216	10.738068
1217	10.738068
1218	10.738068
1219	10.738068
1220	10.738068
1221	10.738068
1222	10.738068
1223	10.738068
1224	10.738068
1225	10.738068
1226	10.739063
1227	10.739063
1228	10.739063
1229	10.739063
1230	10.739063
1231	10.739063
1232	10.739063
1233	10.739063
1234	10.739063
1235	10.739063
1236	10.760953
1237	10.760953
1238	10.760953
1239	10.760953
1240	10.760953
1241	10.760953
1242	10.760953
1243	10.760953
1244	10.760953
1245	10.760953
1246	10.760953
1247	10.760953
1248	10.760953
1249	10.745232
1250	10.745232
1251	10.745232
1252	10.745232
1253	10.745232
1254	10.745232
1255	10.745232
1256	10.745232
1257	10.745232
1258	10.807718
1259	10.807718
1260	10.827419
1261	10.827419
1262	10.827419
1263	10.827419
1264	10.855205
1265	10.855205
1266	10.855205
1267	10.855205
1268	10.855205
1269	10.855205
1270	10.855205
1271	10.855205
1272	10.855205
1273	10.855205
1274	10.855205
1275	10.855205
1276	10.855205
1277	10.855205
1278	10.855205
1279	10.855205
1280	10.855205
1281	10.855205
1282	10.855205
1283	10.855205
1284	10.855205
1285	10.855205
1286	10.855205
1287	10.855205
1288	10.855205
1289	10.855205
1290	10.855205
1291	10.855205
1292	10.855205
1293	10.855205
1294	10.855205
1295	10.855205
1296	10.855205
1297	10.855205
1298	10.855205
1299	10.855205
1300	10.855205
1301	10.855205
1302	10.855205
1303	10.855205
1304	10.855205
1305	10.855205
1306	10.855205
1307	10.855205
1308	10.855205
1309	10.855205
1310	10.855205
1311	10.855205
1312	10.855205
1313	10.855205
1314	10.855205
1315	10.855205
1316	10.855205
1317	10.855205
1318	10.855205
1319	10.855205
1320	10.855205
1321	10.855205
1322	10.855205
1323	10.855205
1324	10.855205
1325	10.855205
1326	10.855205
1327	10.855205
1328	10.855205
1329	10.855205
1330	10.855205
1331	10.855205
1332	10.855205
1333	10.855205
1334	10.855205
1335	10.855205
1336	10.855205
1337	10.855205
1338	10.855205
1339	10.855205
1340	10.855205
1341	10.855205
1342	10.855205
1343	10.855205
1344	10.855205
1345	10.855205
1346	10.855205
1347	10.855205
1348	10.855205
1349	10.855205
1350	10.855205
1351	10.855205
1352	10.855205
1353	10.855205
1354	10.855205
1355	10.855205
1356	10.855205
1357	10.855205
1358	10.855205
1359	10.855205
1360	10.855205
1361	10.855205
1362	10.855205
1363	10.855205
1364	10.855205
1365	10.855205
1366	10.855205
1367	10.855205
1368	10.855205
1369	10.855205
1370	10.855205
1371	10.855205
1372	10.855205
1373	10.855205
1374	10.855205
1375	10.855205
1376	10.855205
1377	10.855205
1378	10.855205
1379	10.855205
1380	10.855205
1381	10.855205
1382	10.855205
1383	10.855205
1384	10.855205
1385	10.85023
1386	10.85023
1387	10.85023
1388	10.85023
1389	10.85023
1390	10.85023
1391	10.85023
1392	10.85023
1393	10.85023
1394	10.85023
1395	10.85023
1396	10.85023
1397	10.85023
1398	10.85023
1399	10.85023
1400	10.85023
1401	10.85023
1402	10.85023
1403	10.85023
1404	10.85023
1405	10.85023
1406	10.85023
1407	10.85023
1408	10.85023
1409	10.85023
1410	10.85023
1411	10.85023
1412	10.85023
1413	10.85023
1414	10.85023
1415	10.85023
1416	10.85023
1417	10.85023
1418	10.85023
1419	10.85023
1420	10.85023
1421	10.85023
1422	10.85023
1423	10.85023
1424	10.85023
1425	10.85023
1426	10.85023
1427	10.85023
1428	10.85023
1429	10.85023
1430	10.85023
1431	10.85023
1432	10.85023
1433	10.85023
1434	10.85023
1435	10.85023
1436	10.85023
1437	10.85023
1438	10.85023
1439	10.85023
1440	10.85023
1441	10.85023
1442	10.85023
1443	10.85023
1444	10.85023
1445	10.85023
1446	10.85023
1447	10.85023
1448	10.85023
1449	10.85023
1450	10.85023
1451	10.85023
1452	10.85023
1453	10.85023
1454	10.85023
1455	10.85023
1456	10.85023
1457	10.85023
1458	10.85023
1459	10.85023
1460	10.85023
1461	10.85023
1462	10.85023
1463	10.85023
1464	10.85023
1465	10.85023
1466	10.85023
1467	10.85023
1468	10.85023
1469	10.85023
1470	10.85023
1471	10.85023
1472	10.85023
1473	10.85023
1474	10.85023
1475	10.85023
1476	10.85023
1477	10.85023
1478	10.85023
1479	10.85023
1480	10.85023
1481	10.85023
1482	10.85023
1483	10.85023
1484	10.85023
1485	10.85023
1486	10.85023
1487	10.85023
1488	10.85023
1489	10.85023
1490	10.85023
1491	10.85023
1492	10.85023
1493	10.85023
1494	10.887266
1495	10.887266
1496	10.887266
1497	10.887266
1498	10.887266
1499	10.887266
1500	10.887266
1501	10.887266
1502	10.887266
1503	10.887266
1504	10.887266
1505	10.887266
1506	10.887266
1507	10.887266
1508	10.887266
1509	10.887266
1510	10.887266
1511	10.887266
1512	10.887266
1513	10.887266
1514	10.887266
1515	10.887266
1516	10.887266
1517	10.886271
1518	10.886271
1519	10.886271
1520	10.86657
1521	10.86657
1522	10.86657
1523	10.86657
1524	10.870122
1525	10.870122
1526	10.870122
1527	10.870122
1528	10.870122
1529	10.870122
1530	10.870122
1531	10.870122
1532	10.870122
1533	10.870122
1534	10.870122
1535	10.870122
1536	10.870122
1537	10.870122
1538	10.870122
1539	10.870122
1540	10.870122
1541	10.870122
1542	10.870122
1543	10.870122
1544	10.870122
1545	10.870122
1546	10.870122
1547	10.870122
1548	10.891466
1549	10.891466
1550	10.891466
1551	10.891466
1552	10.891466
1553	10.891466
1554	10.891466
1555	10.891466
1556	10.891466
1557	10.891466
1558	10.891466
1559	10.891466
1560	10.891466
1561	10.891466
1562	10.891466
1563	10.891466
1564	10.891466
1565	10.891466
1566	10.891466
1567	10.891466
1568	10.891466
1569	10.891466
1570	10.891466
1571	10.891466
1572	10.891466
1573	10.891466
1574	10.891466
1575	10.891466
1576	10.891466
1577	10.891466
1578	10.891466
1579	10.891466
1580	10.891466
1581	10.891466
1582	10.891466
1583	10.891466
1584	10.891466
1585	10.891466
1586	10.891466
1587	10.891466
1588	10.891466
1589	10.891466
1590	10.891466
1591	10.891466
1592	10.891466
1593	10.891466
1594	10.891466
1595	10.891466
1596	10.891466
1597	10.891466
1598	10.891466
1599	10.891466
1600	10.891466
1601	10.891466
1602	10.891466
1603	10.891466
1604	10.891466
1605	10.891466
1606	10.891466
1607	10.891466
1608	10.891466
1609	10.891466
1610	10.891466
1611	10.891466
1612	10.891466
1613	10.891466
1614	10.891466
1615	10.891466
1616	10.891466
1617	10.891466
1618	10.891466
1619	10.911167
1620	10.911167
1621	10.911167
1622	10.911167
1623	10.911167
1624	10.911167
1625	10.911167
1626	10.926888
1627	10.926888
1628	10.926888
1629	10.926888
1630	10.926888
1631	10.926888
1632	10.926888
1633	10.926888
1634	10.926888
1635	10.926888
1636	10.926888
1637	10.926888
1638	10.926888
1639	10.926888
1640	10.926888
1641	10.926888
1642	10.926888
1643	10.926888
1644	10.926888
1645	10.926888
1646	10.926888
1647	10.926888
1648	10.926888
1649	10.926888
1650	10.926888
1651	10.926888
1652	10.926888
1653	10.926888
1654	10.926888
1655	10.926888
1656	10.926888
1657	10.926888
1658	10.926888
1659	10.926888
1660	10.926888
1661	10.926888
1662	10.926888
1663	10.926888
1664	10.926888
1665	10.926888
1666	10.926888
1667	10.927883
1668	10.927883
1669	10.927883
1670	10.927883
1671	10.927883
1672	10.927883
1673	10.927883
1674	10.927883
1675	10.927883
1676	10.927883
1677	10.927883
1678	10.927883
1679	10.927883
1680	10.927883
1681	10.927883
1682	10.927883
1683	10.927883
1684	10.927883
1685	10.927883
1686	10.927883
1687	10.927883
1688	10.927883
1689	10.927883
1690	10.927883
1691	10.927883
1692	10.927883
1693	10.927883
1694	10.927883
1695	10.927883
1696	10.927883
1697	10.927883
1698	10.927883
1699	10.927883
1700	10.927883
1701	10.927883
1702	10.927883
1703	10.927883
1704	10.927883
1705	10.927883
1706	10.927883
1707	10.932858
1708	10.932858
1709	10.932858
1710	10.932858
1711	10.932858
1712	10.932858
1713	10.932858
1714	10.932858
1715	10.932858
1716	10.932858
1717	10.932858
1718	10.932858
1719	10.932858
1720	10.932858
1721	10.932858
1722	10.932858
1723	10.932858
1724	10.932858
1725	10.932858
1726	10.932858
1727	10.932858
1728	10.932858
1729	10.932858
1730	10.932858
1731	10.932858
1732	10.932858
1733	10.932858
1734	10.932858
1735	10.932858
1736	10.932858
1737	10.932858
1738	10.932858
1739	10.932858
1740	10.932858
1741	10.932858
1742	10.932858
1743	10.932858
1744	10.932858
1745	10.932858
1746	10.932858
1747	10.932858
1748	10.932858
1749	10.932858
1750	10.932858
1751	10.932858
1752	10.932858
1753	10.932858
1754	10.932858
1755	10.932858
1756	10.932858
1757	10.932858
1758	10.932858
1759	10.932858
1760	10.932858
1761	10.932858
1762	10.932858
1763	10.932858
1764	10.932858
1765	10.932858
1766	10.932858
1767	10.932858
1768	10.932858
1769	10.932858
1770	10.932858
1771	10.932858
1772	10.932858
1773	10.932858
1774	10.90086
1775	10.90086
1776	10.90086
1777	10.90086
1778	10.90086
1779	10.90086
1780	10.90086
1781	10.90086
1782	10.90086
1783	10.90086
1784	10.90086
1785	10.90086
1786	10.90086
1787	10.90086
1788	10.90086
1789	10.90086
1790	10.90086
1791	10.90086
1792	10.90086
1793	10.90086
1794	10.90086
1795	10.90086
1796	10.90086
1797	10.90086
1798	10.90086
1799	10.90086
1800	10.90086
1801	10.90086
1802	10.90086
1803	10.90086
1804	10.90086
1805	10.90086
1806	10.90086
1807	10.90086
1808	10.90086
1809	10.90086
1810	10.90086
1811	10.90086
1812	10.90086
1813	10.90086
1814	10.90086
1815	10.90086
1816	10.90086
1817	10.90086
1818	10.90086
1819	10.90086
1820	10.90086
1821	10.90086
1822	10.90086
1823	10.90086
1824	10.90086
1825	10.90086
1826	10.90086
1827	10.90086
1828	10.90086
1829	10.90086
1830	10.90086
1831	10.90086
1832	10.90086
1833	10.90086
1834	10.90086
1835	10.90086
1836	10.90086
1837	10.90086
1838	10.90086
1839	10.90086
1840	10.90086
1841	10.90086
1842	10.90086
1843	10.90086
1844	10.90086
1845	10.90086
1846	10.90086
1847	10.90086
1848	10.90086
1849	10.90086
1850	10.90086
1851	10.90086
1852	10.90086
1853	10.90086
1854	10.90086
1855	10.90086
1856	10.90086
1857	10.90086
1858	10.90086
1859	10.90086
1860	10.90086
1861	10.90086
1862	10.90086
1863	10.90086
1864	10.90086
1865	10.90086
1866	10.90086
1867	10.90086
1868	10.90086
1869	10.90086
1870	10.90086
1871	10.90086
1872	10.90086
1873	10.90086
1874	10.90086
1875	10.90086
1876	10.90086
1877	10.90086
1878	10.90086
1879	10.90086
1880	10.90086
1881	10.90086
1882	10.90086
1883	10.90086
1884	10.90086
1885	10.90086
1886	10.90086
1887	10.90086
1888	10.90086
1889	10.90086
1890	10.90086
1891	10.90086
1892	10.90086
1893	10.90086
1894	10.90086
1895	10.90086
1896	10.90086
1897	10.90086
1898	10.90086
1899	10.90086
1900	10.90086
1901	10.90086
1902	10.90086
1903	10.90086
1904	10.90086
1905	10.90086
1906	10.90086
1907	10.90086
1908	10.90086
1909	10.90086
1910	10.90086
1911	10.90086
1912	10.90086
1913	10.90086
1914	10.90086
1915	10.90086
1916	10.90086
1917	10.90086
1918	10.90086
1919	10.90086
1920	10.90086
1921	10.90086
1922	10.90086
1923	10.90086
1924	10.90086
1925	10.90086
1926	10.90086
1927	10.90086
1928	10.90086
1929	10.90086
1930	10.90086
1931	10.90086
1932	10.90086
1933	10.90086
1934	10.90086
1935	10.90086
1936	10.90086
1937	10.90086
1938	10.90086
1939	10.90086
1940	10.90086
1941	10.90086
1942	10.90086
1943	10.90086
1944	10.90086
1945	10.90086
1946	10.90086
1947	10.90086
1948	10.90086
1949	10.90086
1950	10.90086
1951	10.90086
1952	10.90086
1953	10.90086
1954	10.90086
1955	10.90086
1956	10.895885
1957	10.895885
1958	10.895885
1959	10.895885
1960	10.895885
1961	10.895885
1962	10.895885
1963	10.895885
1964	10.895885
1965	10.895885
1966	10.895885
1967	10.895885
1968	10.895885
1969	10.895885
1970	10.895885
1971	10.895885
1972	10.895885
1973	10.895885
1974	10.895885
1975	10.895885
1976	10.895885
1977	10.895885
1978	10.895885
1979	10.895885
1980	10.895885
1981	10.895885
1982	10.895885
1983	10.895885
1984	10.895885
1985	10.895885
1986	10.895885
1987	10.895885
1988	10.895885
1989	10.895885
1990	10.895885
1991	10.895885
1992	10.895885
1993	10.895885
1994	10.895885
1995	10.895885
1996	10.895885
1997	10.895885
1998	10.895885
1999	10.895885
2000	10.895885
2001	10.895885
2002	10.895885
2003	10.895885
2004	10.895885
2005	10.895885
2006	10.895885
2007	10.895885
2008	10.895885
2009	10.895885
2010	10.895885
2011	10.895885
2012	10.895885
2013	10.895885
2014	10.895885
2015	10.895885
2016	10.895885
2017	10.895885
2018	10.895885
2019	10.895885
2020	10.895885
2021	10.895885
2022	10.895885
2023	10.895885
2024	10.926888
2025	10.926888
2026	10.926888
2027	10.926888
2028	10.926888
2029	10.926888
2030	10.926888
2031	10.926888
2032	10.926888
2033	10.926888
2034	10.926888
2035	10.926888
2036	10.926888
2037	10.926888
2038	10.926888
2039	10.926888
2040	10.926888
2041	10.926888
2042	10.926888
2043	10.926888
2044	10.926888
2045	10.926888
2046	10.926888
2047	10.926888
2048	10.926888
2049	10.926888
2050	10.926888
2051	10.926888
2052	10.926888
2053	10.926888
2054	10.926888
2055	10.926888
2056	10.926888
2057	10.926888
2058	10.926888
2059	10.926888
2060	10.926888
2061	10.926888
2062	10.926888
2063	10.926888
2064	10.926888
2065	10.926888
2066	10.926888
2067	10.926888
2068	10.926888
2069	10.926888
2070	10.926888
2071	10.926888
2072	10.926888
2073	10.926888
2074	10.926888
2075	10.926888
2076	10.926888
2077	10.926888
2078	10.926888
2079	10.926888
2080	10.926888
2081	10.926888
2082	10.926888
2083	10.926888
2084	10.926888
2085	10.926888
2086	10.926888
2087	10.926888
2088	10.926888
2089	10.926888
2090	10.926888
2091	10.926888
2092	10.926888
2093	10.926888
2094	10.926888
2095	10.926888
2096	10.926888
2097	10.926888
2098	10.926888
2099	10.926888
2100	10.926888
2101	10.926888
2102	10.926888
2103	10.926888
2104	10.926888
2105	10.926888
2106	10.926888
2107	10.926888
2108	10.926888
2109	10.926888
2110	10.926888
2111	10.926888
2112	10.926888
2113	10.926888
2114	10.926888
2115	10.926888
2116	10.926888
2117	10.926888
2118	10.926888
2119	10.926888
2120	10.926888
2121	10.926888
2122	10.926888
2123	10.926888
2124	10.926888
2125	10.926888
2126	10.926888
2127	10.926888
2128	10.926888
2129	10.926888
2130	10.926888
2131	10.926888
2132	10.926888
2133	10.926888
2134	10.926888
2135	10.926888
2136	10.926888
2137	10.926888
2138	10.926888
2139	10.926888
2140	10.926888
2141	10.926888
2142	10.926888
2143	10.926888
2144	10.926888
2145	10.926888
2146	10.926888
2147	10.927883
2148	10.927883
2149	10.927883
2150	10.927883
2151	10.927883
2152	10.927883
2153	10.927883
2154	10.927883
2155	10.927883
2156	10.927883
2157	10.927883
2158	10.927883
2159	10.927883
2160	10.927883
2161	10.927883
2162	10.927883
2163	10.927883
2164	10.927883
2165	10.927883
2166	10.927883
2167	10.927883
2168	10.927883
2169	10.927883
2170	10.927883
2171	10.927883
2172	10.927883
2173	10.926888
2174	10.926888
2175	10.926888
2176	10.926888
2177	10.926888
2178	10.926888
2179	10.926888
2180	10.926888
2181	10.926888
2182	10.926888
2183	10.926888
2184	10.926888
2185	10.926888
2186	10.926888
2187	10.926888
2188	10.926888
2189	10.926888
2190	10.926888
2191	10.926888
2192	10.926888
2193	10.926888
2194	10.926888
2195	10.926888
2196	10.926888
2197	10.926888
2198	10.926888
2199	10.926888
2200	10.926888
2201	10.926888
2202	10.926888
2203	10.926888
2204	10.926888
2205	10.926888
2206	10.926888
2207	10.926888
2208	10.926888
2209	10.926888
2210	10.926888
2211	10.926888
2212	10.926888
2213	10.926888
2214	10.926888
2215	10.926888
2216	10.926888
2217	10.926888
2218	10.926888
2219	10.926888
2220	10.926888
2221	10.926888
2222	10.926888
2223	10.926888
2224	10.926888
2225	10.926888
2226	10.926888
2227	10.926888
2228	10.927883
2229	10.927883
2230	10.927883
2231	10.927883
2232	10.927883
2233	10.927883
2234	10.927883
2235	10.927883
2236	10.927883
2237	10.927883
2238	10.927883
2239	10.927883
2240	10.927883
2241	10.927883
2242	10.927883
2243	10.927883
2244	10.927883
2245	10.927883
2246	10.927883
2247	10.927883
2248	10.927883
2249	10.927883
2250	10.927883
2251	10.927883
2252	10.927883
2253	10.927883
2254	10.927883
2255	10.927883
2256	10.927883
2257	10.927883
2258	10.927883
2259	10.927883
2260	10.927883
2261	10.927883
2262	10.927883
2263	10.927883
2264	10.927883
2265	10.927883
2266	10.927883
2267	10.927883
2268	10.927883
2269	10.927883
2270	10.927883
2271	10.927883
2272	10.927883
2273	10.927883
2274	10.927883
2275	10.927883
2276	10.927883
2277	10.927883
2278	10.927883
2279	10.927883
2280	10.927883
2281	10.927883
2282	10.927883
2283	10.927883
2284	10.927883
2285	10.927883
2286	10.927883
2287	10.927883
2288	10.927883
2289	10.927883
2290	10.927883
2291	10.927883
2292	10.927883
2293	10.927883
2294	10.927883
2295	10.927883
2296	10.927883
2297	10.927883
2298	10.927883
2299	10.927883
2300	10.927883
2301	10.927883
2302	10.927883
2303	10.927883
2304	10.927883
2305	10.927883
2306	10.927883
2307	10.927883
2308	10.927883
2309	10.927883
2310	10.927883
2311	10.927883
2312	10.927883
2313	10.927883
2314	10.927883
2315	10.927883
2316	10.927883
2317	10.927883
2318	10.927883
2319	10.927883
2320	10.927883
2321	10.927883
2322	10.927883
2323	10.927883
2324	10.927883
2325	10.927883
2326	10.927883
2327	10.927883
2328	10.927883
2329	10.927883
2330	10.927883
2331	10.927883
2332	10.927883
2333	10.927883
2334	10.927883
2335	10.927883
2336	10.927883
2337	10.927883
2338	10.927883
2339	10.927883
2340	10.927883
2341	10.927883
2342	10.927883
2343	10.927883
2344	10.927883
2345	10.927883
2346	10.927883
2347	10.927883
2348	10.927883
2349	10.927883
2350	10.927883
2351	10.927883
2352	10.927883
2353	10.927883
2354	10.927883
2355	10.927883
2356	10.927883
2357	10.927883
2358	10.927883
2359	10.927883
2360	10.927883
2361	10.927883
2362	10.927883
2363	10.927883
2364	10.927883
2365	10.927883
2366	10.927883
2367	10.927883
2368	10.927883
2369	10.927883
2370	10.927883
2371	10.927883
2372	10.927883
2373	10.927883
2374	10.927883
2375	10.927883
2376	10.927883
2377	10.927883
2378	10.927883
2379	10.927883
2380	10.927883
2381	10.927883
2382	10.927883
2383	10.927883
2384	10.927883
2385	10.927883
2386	10.927883
2387	10.927883
2388	10.927883
2389	10.927883
2390	10.927883
2391	10.927883
2392	10.927883
2393	10.927883
2394	10.927883
2395	10.927883
2396	10.927883
2397	10.927883
2398	10.927883
2399	10.927883
2400	10.927883
2401	10.927883
2402	10.927883
2403	10.927883
2404	10.927883
2405	10.927883
2406	10.927883
2407	10.927883
2408	10.927883
2409	10.927883
2410	10.927883
2411	10.927883
2412	10.927883
2413	10.927883
2414	10.927883
2415	10.927883
2416	10.927883
2417	10.927883
2418	10.927883
2419	10.927883
2420	10.927883
2421	10.927883
2422	10.927883
2423	10.927883
2424	10.927883
2425	10.927883
2426	10.927883
2427	10.927883
2428	10.927883
2429	10.927883
2430	10.927883
2431	10.932858
2432	10.932858
2433	10.932858
2434	10.932858
2435	10.932858
2436	10.932858
2437	10.932858
2438	10.932858
2439	10.932858
2440	10.932858
2441	10.932858
2442	10.932858
2443	10.932858
2444	10.932858
2445	10.932858
2446	10.932858
2447	10.932858
2448	10.932858
2449	10.932858
2450	10.932858
2451	10.932858
2452	10.932858
2453	10.932858
2454	10.932858
2455	10.932858
2456	10.932858
2457	10.932858
2458	10.932858
2459	10.932858
2460	10.932858
2461	10.932858
2462	10.932858
2463	10.932858
2464	10.932858
2465	10.932858
2466	10.932858
2467	10.932858
2468	10.932858
2469	10.932858
2470	10.932858
2471	10.932858
2472	10.932858
2473	10.932858
2474	10.932858
2475	10.932858
2476	10.932858
2477	10.932858
2478	10.932858
2479	10.932858
2480	10.932858
2481	10.932858
2482	10.932858
2483	10.932858
2484	10.932858
2485	10.932858
2486	10.932858
2487	10.932858
2488	10.932858
2489	10.932858
2490	10.932858
2491	10.932858
2492	10.932858
2493	10.932858
2494	10.932858
2495	10.932858
2496	10.932858
2497	10.932858
2498	10.932858
2499	10.932858
2500	10.932858
2501	10.932858
2502	10.932858
2503	10.932858
2504	10.932858
2505	10.932858
2506	10.932858
2507	10.932858
2508	10.932858
2509	10.932858
2510	10.932858
2511	10.932858
2512	10.932858
2513	10.932858
2514	10.932858
2515	10.932858
2516	10.932858
2517	10.932858
2518	10.932858
2519	10.932858
2520	10.932858
2521	10.932858
2522	10.932858
2523	10.932858
2524	10.932858
2525	10.932858
2526	10.932858
2527	10.932858
2528	10.932858
2529	10.932858
2530	10.932858
2531	10.932858
2532	10.932858
2533	10.932858
2534	10.932858
2535	10.932858
2536	10.932858
2537	10.932858
2538	10.932858
2539	10.932858
2540	10.932858
2541	10.932858
2542	10.932858
2543	10.932858
2544	10.932858
2545	10.932858
2546	10.932858
2547	10.932858
2548	10.932858
2549	10.932858
2550	10.932858
2551	10.932858
2552	10.932858
2553	10.932858
2554	10.932858
2555	10.932858
2556	10.932858
2557	10.932858
2558	10.932858
2559	10.932858
2560	10.932858
2561	10.932858
2562	10.932858
2563	10.932858
2564	10.932858
2565	10.932858
2566	10.932858
2567	10.932858
2568	10.932858
2569	10.932858
2570	10.932858
2571	10.932858
2572	10.932858
2573	10.932858
2574	10.932858
2575	10.932858
2576	10.932858
2577	10.932858
2578	10.932858
2579	10.932858
2580	10.932858
2581	10.932858
2582	10.932858
2583	10.932858
2584	10.932858
2585	10.932858
2586	10.932858
2587	10.932858
2588	10.932858
2589	10.932858
2590	10.932858
2591	10.932858
2592	10.932858
2593	10.932858
2594	10.932858
2595	10.932858
2596	10.932858
2597	10.932858
2598	10.932858
2599	10.932858
2600	10.932858
2601	10.932858
2602	10.932858
2603	10.932858
2604	10.932858
2605	10.932858
2606	10.932858
2607	10.932858
2608	10.932858
2609	10.932858
2610	10.932858
2611	10.932858
2612	10.932858
2613	10.932858
2614	10.932858
2615	10.932858
2616	10.932858
2617	10.932858
2618	10.932858
2619	10.932858
2620	10.932858
2621	10.932858
2622	10.932858
2623	10.932858
2624	10.932858
2625	10.932858
2626	10.932858
2627	10.932858
2628	10.932858
2629	10.932858
2630	10.932858
2631	10.932858
2632	10.932858
2633	10.932858
2634	10.932858
2635	10.932858
2636	10.932858
2637	10.932858
2638	10.932858
2639	10.932858
2640	10.932858
2641	10.932858
2642	10.932858
2643	10.932858
2644	10.932858
2645	10.932858
2646	10.932858
2647	10.932858
2648	10.932858
2649	10.932858
2650	10.932858
2651	10.932858
2652	10.932858
2653	10.932858
2654	10.932858
2655	10.932858
2656	10.932858
2657	10.932858
2658	10.932858
2659	10.932858
2660	10.932858
2661	10.932858
2662	10.932858
2663	10.932858
2664	10.932858
2665	10.932858
2666	10.932858
2667	10.932858
2668	10.932858
2669	10.932858
2670	10.932858
2671	10.932858
2672	10.932858
2673	10.932858
2674	10.932858
2675	10.932858
2676	10.932858
2677	10.932858
2678	10.932858
2679	10.932858
2680	10.932858
2681	10.932858
2682	10.932858
2683	10.932858
2684	10.932858
2685	10.932858
2686	10.932858
2687	10.932858
2688	10.932858
2689	10.932858
2690	10.932858
2691	10.932858
2692	10.932858
2693	10.932858
2694	10.932858
2695	10.932858
2696	10.932858
2697	10.932858
2698	10.932858
2699	10.932858
2700	10.932858
2701	10.932858
2702	10.932858
2703	10.932858
2704	10.932858
2705	10.932858
2706	10.932858
2707	10.932858
2708	10.932858
2709	10.932858
2710	10.932858
2711	10.932858
2712	10.932858
2713	10.932858
2714	10.932858
2715	10.932858
2716	10.932858
2717	10.932858
2718	10.932858
2719	10.932858
2720	10.932858
2721	10.932858
2722	10.932858
2723	10.932858
2724	10.932858
2725	10.932858
2726	10.932858
2727	10.932858
2728	10.932858
2729	10.932858
2730	10.932858
2731	10.932858
2732	10.932858
2733	10.932858
2734	10.932858
2735	10.932858
2736	10.932858
2737	10.932858
2738	10.932858
2739	10.932858
2740	10.932858
2741	10.932858
2742	10.932858
2743	10.932858
2744	10.932858
2745	10.932858
2746	10.932858
2747	10.932858
2748	10.932858
2749	10.932858
2750	10.932858
2751	10.932858
2752	10.932858
2753	10.932858
2754	10.932858
2755	10.932858
2756	10.932858
2757	10.932858
2758	10.932858
2759	10.932858
2760	10.932858
2761	10.932858
2762	10.932858
2763	10.932858
2764	10.932858
2765	10.932858
2766	10.932858
2767	10.932858
2768	10.932858
2769	10.932858
2770	10.932858
2771	10.932858
2772	10.932858
2773	10.932858
2774	10.932858
2775	10.932858
2776	10.932858
2777	10.932858
2778	10.932858
2779	10.932858
2780	10.932858
2781	10.932858
2782	10.932858
2783	10.932858
2784	10.932858
2785	10.932858
2786	10.932858
2787	10.932858
2788	10.932858
2789	10.932858
2790	10.932858
2791	10.932858
2792	10.932858
2793	10.932858
2794	10.932858
2795	10.932858
2796	10.932858
2797	10.932858
2798	10.932858
2799	10.932858
2800	10.932858
2801	10.932858
2802	10.932858
2803	10.932858
2804	10.932858
2805	10.932858
2806	10.932858
2807	10.932858
2808	10.932858
2809	10.932858
2810	10.932858
2811	10.932858
2812	10.932858
2813	10.932858
2814	10.932858
2815	10.932858
2816	10.932858
2817	10.932858
2818	10.932858
2819	10.932858
2820	10.932858
2821	10.932858
2822	10.932858
2823	10.932858
2824	10.932858
2825	10.932858
2826	10.932858
2827	10.932858
2828	10.932858
2829	10.932858
2830	10.932858
2831	10.932858
2832	10.932858
2833	10.932858
2834	10.932858
2835	10.932858
2836	10.932858
2837	10.932858
2838	10.932858
2839	10.932858
2840	10.932858
2841	10.932858
2842	10.932858
2843	10.932858
2844	10.932858
2845	10.932858
2846	10.932858
2847	10.932858
2848	10.932858
2849	10.932858
2850	10.932858
2851	10.932858
2852	10.932858
2853	10.932858
2854	10.932858
2855	10.932858
2856	10.932858
2857	10.932858
2858	10.932858
2859	10.932858
2860	10.932858
2861	10.932858
2862	10.932858
2863	10.932858
2864	10.932858
2865	10.932858
2866	10.932858
2867	10.932858
2868	10.932858
2869	10.932858
2870	10.932858
2871	10.932858
2872	10.932858
2873	10.932858
2874	10.932858
2875	10.932858
2876	10.932858
2877	10.932858
2878	10.932858
2879	10.932858
2880	10.932858
2881	10.932858
2882	10.932858
2883	10.932858
2884	10.932858
2885	10.932858
2886	10.932858
2887	10.932858
2888	10.932858
2889	10.932858
2890	10.932858
2891	10.932858
2892	10.932858
2893	10.932858
2894	10.932858
2895	10.932858
2896	10.932858
2897	10.932858
2898	10.932858
2899	10.932858
2900	10.932858
2901	10.932858
2902	10.932858
2903	10.932858
2904	10.932858
2905	10.932858
2906	10.932858
2907	10.932858
2908	10.932858
2909	10.932858
2910	10.932858
2911	10.932858
2912	10.932858
2913	10.932858
2914	10.932858
2915	10.932858
2916	10.932858
2917	10.932858
2918	10.932858
2919	10.932858
2920	10.932858
2921	10.932858
2922	10.932858
2923	10.932858
2924	10.932858
2925	10.932858
2926	10.932858
2927	10.932858
2928	10.932858
2929	10.932858
2930	10.932858
2931	10.932858
2932	10.932858
2933	10.932858
2934	10.932858
2935	10.932858
2936	10.932858
2937	10.932858
2938	10.932858
2939	10.932858
2940	10.932858
2941	10.932858
2942	10.932858
2943	10.932858
2944	10.932858
2945	10.932858
2946	10.932858
2947	10.932858
2948	10.932858
2949	10.932858
2950	10.932858
2951	10.932858
2952	10.932858
2953	10.932858
2954	10.932858
2955	10.932858
2956	10.932858
2957	10.932858
2958	10.932858
2959	10.932858
2960	10.932858
2961	10.932858
2962	10.932858
2963	10.932858
2964	10.932858
2965	10.932858
2966	10.932858
2967	10.932858
2968	10.932858
2969	10.932858
2970	10.932858
2971	10.932858
2972	10.932858
2973	10.932858
2974	10.932858
2975	10.932858
2976	10.932858
2977	10.932858
2978	10.932858
2979	10.932858
2980	10.932858
2981	10.932858
2982	10.932858
2983	10.932858
2984	10.932858
2985	10.932858
2986	10.932858
2987	10.932858
2988	10.932858
2989	10.932858
2990	10.932858
2991	10.932858
2992	10.932858
2993	10.932858
2994	10.932858
2995	10.932858
2996	10.932858
2997	10.932858
2998	10.932858
2999	10.932858
3000	10.932858
3001	10.932858
3002	10.932858
3003	10.932858
3004	10.932858
3005	10.932858
3006	10.932858
3007	10.932858
3008	10.932858
3009	10.932858
3010	10.932858
3011	10.932858
3012	10.932858
3013	10.932858
3014	10.932858
3015	10.932858
3016	10.932858
3017	10.932858
3018	10.932858
3019	10.932858
3020	10.932858
3021	10.932858
3022	10.932858
3023	10.932858
3024	10.932858
3025	10.932858
3026	10.932858
3027	10.932858
3028	10.932858
3029	10.932858
3030	10.932858
3031	10.932858
3032	10.932858
3033	10.932858
3034	10.932858
3035	10.932858
3036	10.932858
3037	10.932858
3038	10.932858
3039	10.932858
3040	10.932858
3041	10.932858
3042	10.932858
3043	10.932858
3044	10.932858
3045	10.932858
3046	10.932858
3047	10.932858
3048	10.932858
3049	10.932858
3050	10.932858
3051	10.932858
3052	10.932858
3053	10.932858
3054	10.932858
3055	10.932858
3056	10.932858
3057	10.932858
3058	10.932858
3059	10.932858
3060	10.932858
3061	10.932858
3062	10.932858
3063	10.932858
3064	10.932858
3065	10.932858
3066	10.932858
3067	10.932858
3068	10.932858
3069	10.932858
3070	10.932858
3071	10.932858
3072	10.932858
3073	10.932858
3074	10.932858
3075	10.932858
3076	10.932858
3077	10.932858
3078	10.932858
3079	10.932858
3080	10.932858
3081	10.932858
3082	10.932858
3083	10.932858
3084	10.932858
3085	10.932858
3086	10.932858
3087	10.932858
3088	10.932858
3089	10.932858
3090	10.932858
3091	10.932858
3092	10.932858
3093	10.932858
3094	10.932858
3095	10.932858
3096	10.932858
3097	10.932858
3098	10.932858
3099	10.932858
3100	10.932858
3101	10.932858
3102	10.932858
3103	10.932858
3104	10.932858
3105	10.932858
3106	10.932858
3107	10.932858
3108	10.932858
3109	10.932858
3110	10.932858
3111	10.932858
3112	10.932858
3113	10.932858
3114	10.932858
3115	10.932858
3116	10.932858
3117	10.932858
3118	10.932858
3119	10.932858
3120	10.932858
3121	10.932858
3122	10.932858
3123	10.932858
3124	10.932858
3125	10.932858
3126	10.932858
3127	10.932858
3128	10.932858
3129	10.932858
3130	10.932858
3131	10.932858
3132	10.932858
3133	10.932858
3134	10.932858
3135	10.932858
3136	10.932858
3137	10.932858
3138	10.932858
3139	10.932858
3140	10.932858
3141	10.932858
3142	10.932858
3143	10.932858
3144	10.932858
3145	10.932858
3146	10.932858
3147	10.932858
3148	10.932858
3149	10.932858
3150	10.932858
3151	10.932858
3152	10.932858
3153	10.932858
3154	10.932858
3155	10.932858
3156	10.932858
3157	10.932858
3158	10.932858
3159	10.932858
3160	10.932858
3161	10.932858
3162	10.932858
3163	10.932858
3164	10.932858
3165	10.932858
3166	10.932858
3167	10.932858
3168	10.932858
3169	10.932858
3170	10.932858
3171	10.932858
3172	10.932858
3173	10.932858
3174	10.932858
3175	10.932858
3176	10.932858
3177	10.932858
3178	10.932858
3179	10.932858
3180	10.932858
3181	10.932858
3182	10.932858
3183	10.932858
3184	10.932858
3185	10.932858
3186	10.932858
3187	10.932858
3188	10.932858
3189	10.932858
3190	10.932858
3191	10.932858
3192	10.932858
3193	10.932858
3194	10.932858
3195	10.932858
3196	10.932858
3197	10.932858
3198	10.932858
3199	10.932858
3200	10.932858
3201	10.932858
3202	10.932858
3203	10.932858
3204	10.932858
3205	10.932858
3206	10.932858
3207	10.932858
3208	10.932858
3209	10.932858
3210	10.932858
3211	10.932858
3212	10.932858
3213	10.932858
3214	10.932858
3215	10.932858
3216	10.932858
3217	10.932858
3218	10.932858
3219	10.932858
3220	10.932858
3221	10.932858
3222	10.932858
3223	10.932858
3224	10.932858
3225	10.932858
3226	10.932858
3227	10.932858
3228	10.932858
3229	10.932858
3230	10.932858
3231	10.932858
3232	10.932858
3233	10.932858
3234	10.932858
3235	10.932858
3236	10.932858
3237	10.932858
3238	10.932858
3239	10.932858
3240	10.932858
3241	10.932858
3242	10.932858
3243	10.932858
3244	10.932858
3245	10.932858
3246	10.932858
3247	10.932858
3248	10.932858
3249	10.932858
3250	10.932858
3251	10.932858
3252	10.932858
3253	10.932858
3254	10.932858
3255	10.932858
3256	10.932858
3257	10.932858
3258	10.932858
3259	10.932858
3260	10.932858
3261	10.932858
3262	10.932858
3263	10.932858
3264	10.932858
3265	10.932858
3266	10.932858
3267	10.932858
3268	10.932858
3269	10.932858
3270	10.932858
3271	10.932858
3272	10.932858
3273	10.932858
3274	10.932858
3275	10.932858
3276	10.932858
3277	10.932858
3278	10.932858
3279	10.932858
3280	10.932858
3281	10.932858
3282	10.932858
3283	10.932858
3284	10.932858
3285	10.932858
3286	10.932858
3287	10.932858
3288	10.932858
3289	10.932858
3290	10.932858
3291	10.932858
3292	10.932858
3293	10.932858
3294	10.932858
3295	10.932858
3296	10.932858
3297	10.932858
3298	10.932858
3299	10.932858
3300	10.932858
3301	10.932858
3302	10.932858
3303	10.932858
3304	10.932858
3305	10.932858
3306	10.932858
3307	10.932858
3308	10.932858
3309	10.932858
3310	10.932858
3311	10.932858
3312	10.932858
3313	10.932858
3314	10.932858
3315	10.932858
3316	10.932858
3317	10.932858
3318	10.932858
3319	10.932858
3320	10.932858
3321	10.932858
3322	10.932858
3323	10.932858
3324	10.932858
3325	10.932858
3326	10.932858
3327	10.932858
3328	10.932858
3329	10.932858
3330	10.932858
3331	10.932858
3332	10.932858
3333	10.932858
3334	10.932858
3335	10.932858
3336	10.932858
3337	10.932858
3338	10.932858
3339	10.932858
3340	10.932858
3341	10.932858
3342	10.932858
3343	10.932858
3344	10.932858
3345	10.932858
3346	10.932858
3347	10.932858
3348	10.932858
3349	10.932858
3350	10.932858
3351	10.932858
3352	10.932858
3353	10.932858
3354	10.932858
3355	10.932858
3356	10.932858
3357	10.932858
3358	10.932858
3359	10.932858
3360	10.932858
3361	10.932858
3362	10.932858
3363	10.932858
3364	10.932858
3365	10.932858
3366	10.932858
3367	10.932858
3368	10.932858
3369	10.932858
3370	10.932858
3371	10.932858
3372	10.932858
3373	10.932858
3374	10.932858
3375	10.932858
3376	10.932858
3377	10.932858
3378	10.932858
3379	10.932858
3380	10.932858
3381	10.932858
3382	10.932858
3383	10.932858
3384	10.932858
3385	10.932858
3386	10.932858
3387	10.932858
3388	10.932858
3389	10.932858
3390	10.932858
3391	10.932858
3392	10.932858
3393	10.932858
3394	10.932858
3395	10.932858
3396	10.932858
3397	10.932858
3398	10.932858
3399	10.932858
3400	10.932858
3401	10.932858
3402	10.932858
3403	10.932858
3404	10.932858
3405	10.932858
3406	10.932858
3407	10.932858
3408	10.932858
3409	10.932858
3410	10.932858
3411	10.932858
3412	10.932858
3413	10.932858
3414	10.932858
3415	10.932858
3416	10.932858
3417	10.932858
3418	10.932858
3419	10.932858
3420	10.932858
3421	10.932858
3422	10.932858
3423	10.932858
3424	10.932858
3425	10.932858
3426	10.932858
3427	10.932858
3428	10.932858
3429	10.932858
3430	10.932858
3431	10.932858
3432	10.932858
3433	10.932858
3434	10.932858
3435	10.932858
3436	10.932858
3437	10.932858
3438	10.932858
3439	10.932858
3440	10.932858
3441	10.932858
3442	10.932858
3443	10.932858
3444	10.932858
3445	10.932858
3446	10.932858
3447	10.932858
3448	10.932858
3449	10.932858
3450	10.932858
3451	10.932858
3452	10.932858
3453	10.932858
3454	10.932858
3455	10.932858
3456	10.932858
3457	10.932858
3458	10.932858
3459	10.932858
3460	10.932858
3461	10.932858
3462	10.932858
3463	10.932858
3464	10.932858
3465	10.932858
3466	10.932858
3467	10.932858
3468	10.932858
3469	10.932858
3470	10.932858
3471	10.932858
3472	10.932858
3473	10.932858
3474	10.932858
3475	10.932858
3476	10.932858
3477	10.932858
3478	10.932858
3479	10.932858
3480	10.932858
3481	10.932858
3482	10.932858
3483	10.932858
3484	10.932858
3485	10.932858
3486	10.932858
3487	10.932858
3488	10.932858
3489	10.932858
3490	10.932858
3491	10.932858
3492	10.932858
3493	10.932858
3494	10.932858
3495	10.932858
3496	10.932858
3497	10.932858
3498	10.932858
3499	10.932858
3500	10.932858
3501	10.932858
3502	10.932858
3503	10.932858
3504	10.932858
3505	10.932858
3506	10.932858
3507	10.932858
3508	10.932858
3509	10.932858
3510	10.932858
3511	10.932858
3512	10.932858
3513	10.932858
3514	10.932858
3515	10.932858
3516	10.932858
3517	10.932858
3518	10.932858
3519	10.932858
3520	10.932858
3521	10.932858
3522	10.932858
3523	10.932858
3524	10.932858
3525	10.932858
3526	10.932858
3527	10.932858
3528	10.932858
3529	10.932858
3530	10.932858
3531	10.932858
3532	10.932858
3533	10.932858
3534	10.932858
3535	10.932858
3536	10.932858
3537	10.932858
3538	10.932858
3539	10.932858
3540	10.932858
3541	10.932858
3542	10.932858
3543	10.932858
3544	10.932858
3545	10.932858
3546	10.932858
3547	10.932858
3548	10.932858
3549	10.932858
3550	10.932858
3551	10.932858
3552	10.932858
3553	10.932858
3554	10.932858
3555	10.932858
3556	10.932858
3557	10.932858
3558	10.932858
3559	10.932858
3560	10.932858
3561	10.932858
3562	10.932858
3563	10.932858
3564	10.932858
3565	10.932858
3566	10.932858
3567	10.932858
3568	10.932858
3569	10.932858
3570	10.932858
3571	10.932858
3572	10.932858
3573	10.932858
3574	10.932858
3575	10.932858
3576	10.932858
3577	10.932858
3578	10.932858
3579	10.932858
3580	10.932858
3581	10.932858
3582	10.932858
3583	10.932858
3584	10.932858
3585	10.932858
3586	10.932858
3587	10.932858
3588	10.932858
3589	10.932858
3590	10.932858
3591	10.932858
3592	10.932858
3593	10.932858
3594	10.932858
3595	10.932858
3596	10.932858
3597	10.932858
3598	10.932858
3599	10.932858
3600	10.932858
3601	10.932858
3602	10.932858
3603	10.932858
3604	10.932858
3605	10.932858
3606	10.932858
3607	10.932858
3608	10.932858
3609	10.932858
3610	10.932858
3611	10.932858
3612	10.932858
3613	10.932858
3614	10.932858
3615	10.932858
3616	10.932858
3617	10.932858
3618	10.932858
3619	10.932858
3620	10.932858
3621	10.932858
3622	10.932858
3623	10.932858
3624	10.932858
3625	10.932858
3626	10.932858
3627	10.932858
3628	10.932858
3629	10.932858
3630	10.932858
3631	10.932858
3632	10.932858
3633	10.932858
3634	10.932858
3635	10.932858
3636	10.932858
3637	10.932858
3638	10.932858
3639	10.932858
3640	10.932858
3641	10.932858
3642	10.932858
3643	10.932858
3644	10.932858
3645	10.932858
3646	10.932858
3647	10.932858
3648	10.932858
3649	10.932858
3650	10.932858
3651	10.932858
3652	10.932858
3653	10.932858
3654	10.932858
3655	10.932858
3656	10.932858
3657	10.932858
3658	10.932858
3659	10.932858
3660	10.932858
3661	10.932858
3662	10.932858
3663	10.932858
3664	10.932858
3665	10.932858
3666	10.932858
3667	10.932858
3668	10.932858
3669	10.932858
3670	10.932858
3671	10.932858
3672	10.932858
3673	10.932858
3674	10.932858
3675	10.932858
3676	10.932858
3677	10.932858
3678	10.932858
3679	10.932858
3680	10.932858
3681	10.932858
3682	10.932858
3683	10.932858
3684	10.932858
3685	10.932858
3686	10.932858
3687	10.932858
3688	10.932858
3689	10.932858
3690	10.932858
3691	10.932858
3692	10.932858
3693	10.932858
3694	10.932858
3695	10.932858
3696	10.932858
3697	10.932858
3698	10.932858
3699	10.932858
3700	10.932858
3701	10.932858
3702	10.932858
3703	10.932858
3704	10.932858
3705	10.932858
3706	10.932858
3707	10.932858
3708	10.932858
3709	10.932858
3710	10.932858
3711	10.932858
3712	10.932858
3713	10.932858
3714	10.932858
3715	10.932858
3716	10.932858
3717	10.932858
3718	10.932858
3719	10.932858
3720	10.932858
3721	10.932858
3722	10.932858
3723	10.932858
3724	10.932858
3725	10.932858
3726	10.932858
3727	10.932858
3728	10.932858
3729	10.932858
3730	10.932858
3731	10.932858
3732	10.932858
3733	10.932858
3734	10.932858
3735	10.932858
3736	10.932858
3737	10.932858
3738	10.932858
3739	10.932858
3740	10.932858
3741	10.932858
3742	10.932858
3743	10.932858
3744	10.932858
3745	10.932858
3746	10.932858
3747	10.932858
3748	10.932858
3749	10.932858
3750	10.932858
3751	10.932858
3752	10.932858
3753	10.932858
3754	10.932858
3755	10.932858
3756	10.932858
3757	10.932858
3758	10.932858
3759	10.932858
3760	10.932858
3761	10.932858
3762	10.932858
3763	10.932858
3764	10.932858
3765	10.932858
3766	10.932858
3767	10.932858
3768	10.932858
3769	10.932858
3770	10.932858
3771	10.932858
3772	10.932858
3773	10.932858
3774	10.932858
3775	10.932858
3776	10.932858
3777	10.932858
3778	10.932858
3779	10.932858
3780	10.932858
3781	10.932858
3782	10.932858
3783	10.932858
3784	10.932858
3785	10.932858
3786	10.932858
3787	10.932858
3788	10.932858
3789	10.932858
3790	10.932858
3791	10.932858
3792	10.932858
3793	10.932858
3794	10.932858
3795	10.932858
3796	10.932858
3797	10.932858
3798	10.932858
3799	10.932858
3800	10.932858
3801	10.932858
3802	10.932858
3803	10.932858
3804	10.932858
3805	10.932858
3806	10.932858
3807	10.932858
3808	10.932858
3809	10.932858
3810	10.932858
3811	10.932858
3812	10.932858
3813	10.932858
3814	10.932858
3815	10.932858
3816	10.932858
3817	10.932858
3818	10.932858
3819	10.932858
3820	10.932858
3821	10.932858
3822	10.932858
3823	10.932858
3824	10.932858
3825	10.932858
3826	10.932858
3827	10.932858
3828	10.932858
3829	10.932858
3830	10.932858
3831	10.932858
3832	10.932858
3833	10.932858
3834	10.932858
3835	10.932858
3836	10.932858
3837	10.932858
3838	10.932858
3839	10.932858
3840	10.932858
3841	10.932858
3842	10.932858
3843	10.932858
3844	10.932858
3845	10.932858
3846	10.932858
3847	10.932858
3848	10.932858
3849	10.932858
3850	10.932858
3851	10.932858
3852	10.932858
3853	10.932858
3854	10.932858
3855	10.932858
3856	10.932858
3857	10.932858
3858	10.932858
3859	10.932858
3860	10.932858
3861	10.932858
3862	10.932858
3863	10.932858
3864	10.932858
3865	10.932858
3866	10.932858
3867	10.932858
3868	10.932858
3869	10.932858
3870	10.932858
3871	10.932858
3872	10.932858
3873	10.932858
3874	10.932858
3875	10.932858
3876	10.932858
3877	10.932858
3878	10.932858
3879	10.932858
3880	10.932858
3881	10.932858
3882	10.932858
3883	10.932858
3884	10.932858
3885	10.932858
3886	10.932858
3887	10.932858
3888	10.932858
3889	10.932858
3890	10.932858
3891	10.932858
3892	10.932858
3893	10.932858
3894	10.932858
3895	10.932858
3896	10.932858
3897	10.932858
3898	10.932858
3899	10.932858
3900	10.932858
3901	10.932858
3902	10.932858
3903	10.932858
3904	10.932858
3905	10.932858
3906	10.932858
3907	10.932858
3908	10.932858
3909	10.932858
3910	10.932858
3911	10.932858
3912	10.932858
3913	10.932858
3914	10.932858
3915	10.932858
3916	10.932858
3917	10.932858
3918	10.932858
3919	10.932858
3920	10.932858
3921	10.932858
3922	10.932858
3923	10.932858
3924	10.932858
3925	10.932858
3926	10.932858
3927	10.932858
3928	10.932858
3929	10.932858
3930	10.932858
3931	10.932858
3932	10.932858
3933	10.932858
3934	10.932858
3935	10.932858
3936	10.932858
3937	10.932858
3938	10.932858
3939	10.932858
3940	10.932858
3941	10.932858
3942	10.932858
3943	10.932858
3944	10.932858
3945	10.932858
3946	10.932858
3947	10.932858
3948	10.932858
3949	10.932858
3950	10.932858
3951	10.932858
3952	10.932858
3953	10.932858
3954	10.932858
3955	10.932858
3956	10.932858
3957	10.932858
3958	10.932858
3959	10.932858
3960	10.932858
3961	10.932858
3962	10.932858
3963	10.932858
3964	10.932858
3965	10.932858
3966	10.932858
3967	10.932858
3968	10.932858
3969	10.932858
3970	10.932858
3971	10.932858
3972	10.932858
3973	10.932858
3974	10.932858
3975	10.932858
3976	10.932858
3977	10.932858
3978	10.932858
3979	10.932858
3980	10.932858
3981	10.932858
3982	10.932858
3983	10.932858
3984	10.932858
3985	10.932858
3986	10.932858
3987	10.932858
3988	10.932858
3989	10.932858
3990	10.932858
3991	10.932858
3992	10.932858
3993	10.932858
3994	10.932858
3995	10.932858
3996	10.932858
3997	10.932858
3998	10.932858
3999	10.932858
4000	10.932858
4001	10.932858
4002	10.932858
4003	10.932858
4004	10.932858
4005	10.932858
4006	10.932858
4007	10.932858
4008	10.932858
4009	10.932858
4010	10.932858
4011	10.932858
4012	10.932858
4013	10.932858
4014	10.932858
4015	10.932858
4016	10.932858
4017	10.932858
4018	10.932858
4019	10.932858
4020	10.932858
4021	10.932858
4022	10.932858
4023	10.932858
4024	10.932858
4025	10.932858
4026	10.932858
4027	10.932858
4028	10.932858
4029	10.932858
4030	10.932858
4031	10.932858
4032	10.932858
4033	10.932858
4034	10.932858
4035	10.932858
4036	10.932858
4037	10.932858
4038	10.932858
4039	10.932858
4040	10.932858
4041	10.932858
4042	10.932858
4043	10.932858
4044	10.932858
4045	10.932858
4046	10.932858
4047	10.932858
4048	10.932858
4049	10.932858
4050	10.932858
4051	10.932858
4052	10.932858
4053	10.932858
4054	10.932858
4055	10.932858
4056	10.932858
4057	10.932858
4058	10.932858
4059	10.932858
4060	10.932858
4061	10.932858
4062	10.932858
4063	10.932858
4064	10.932858
4065	10.932858
4066	10.932858
4067	10.932858
4068	10.932858
4069	10.932858
4070	10.932858
4071	10.932858
4072	10.932858
4073	10.932858
4074	10.932858
4075	10.932858
4076	10.932858
4077	10.932858
4078	10.932858
4079	10.932858
4080	10.932858
4081	10.932858
4082	10.932858
4083	10.932858
4084	10.932858
4085	10.932858
4086	10.932858
4087	10.932858
4088	10.932858
4089	10.932858
4090	10.932858
4091	10.932858
4092	10.932858
4093	10.932858
4094	10.932858
4095	10.932858
4096	10.932858
4097	10.932858
4098	10.932858
4099	10.932858
4100	10.932858
4101	10.932858
4102	10.932858
4103	10.932858
4104	10.932858
4105	10.932858
4106	10.932858
4107	10.932858
4108	10.932858
4109	10.932858
4110	10.932858
4111	10.932858
4112	10.932858
4113	10.932858
4114	10.932858
4115	10.932858
4116	10.932858
4117	10.932858
4118	10.932858
4119	10.932858
4120	10.932858
4121	10.932858
4122	10.932858
4123	10.932858
4124	10.932858
4125	10.932858
4126	10.932858
4127	10.932858
4128	10.932858
4129	10.932858
4130	10.932858
4131	10.932858
4132	10.932858
4133	10.932858
4134	10.932858
4135	10.932858
4136	10.932858
4137	10.932858
4138	10.932858
4139	10.932858
4140	10.932858
4141	10.932858
4142	10.932858
4143	10.932858
4144	10.932858
4145	10.932858
4146	10.932858
4147	10.932858
4148	10.932858
4149	10.932858
4150	10.932858
4151	10.932858
4152	10.932858
4153	10.932858
4154	10.932858
4155	10.932858
4156	10.932858
4157	10.932858
4158	10.932858
4159	10.932858
4160	10.932858
4161	10.932858
4162	10.932858
4163	10.932858
4164	10.932858
4165	10.932858
4166	10.932858
4167	10.932858
4168	10.932858
4169	10.932858
4170	10.932858
4171	10.932858
4172	10.932858
4173	10.932858
4174	10.932858
4175	10.932858
4176	10.932858
4177	10.932858
4178	10.932858
4179	10.932858
4180	10.932858
4181	10.932858
4182	10.932858
4183	10.932858
4184	10.932858
4185	10.932858
4186	10.932858
4187	10.932858
4188	10.932858
4189	10.932858
4190	10.932858
4191	10.932858
4192	10.932858
4193	10.932858
4194	10.932858
4195	10.932858
4196	10.932858
4197	10.932858
4198	10.932858
4199	10.932858
4200	10.932858
4201	10.932858
4202	10.932858
4203	10.932858
4204	10.932858
4205	10.932858
4206	10.932858
4207	10.932858
4208	10.932858
4209	10.932858
4210	10.932858
4211	10.932858
4212	10.932858
4213	10.932858
4214	10.932858
4215	10.932858
4216	10.932858
4217	10.932858
4218	10.932858
4219	10.932858
4220	10.932858
4221	10.932858
4222	10.932858
4223	10.932858
4224	10.932858
4225	10.932858
4226	10.932858
4227	10.932858
4228	10.932858
4229	10.932858
4230	10.932858
4231	10.932858
4232	10.932858
4233	10.932858
4234	10.932858
4235	10.932858
4236	10.932858
4237	10.932858
4238	10.932858
4239	10.932858
4240	10.932858
4241	10.932858
4242	10.932858
4243	10.932858
4244	10.932858
4245	10.932858
4246	10.932858
4247	10.932858
4248	10.932858
4249	10.932858
4250	10.932858
4251	10.932858
4252	10.932858
4253	10.932858
4254	10.932858
4255	10.932858
4256	10.932858
4257	10.932858
4258	10.932858
4259	10.932858
4260	10.932858
4261	10.932858
4262	10.932858
4263	10.932858
4264	10.932858
4265	10.932858
4266	10.932858
4267	10.932858
4268	10.932858
4269	10.932858
4270	10.932858
4271	10.932858
4272	10.932858
4273	10.932858
4274	10.932858
4275	10.932858
4276	10.932858
4277	10.932858
4278	10.932858
4279	10.932858
4280	10.932858
4281	10.932858
4282	10.932858
4283	10.932858
4284	10.932858
4285	10.932858
4286	10.932858
4287	10.932858
4288	10.932858
4289	10.932858
4290	10.932858
4291	10.932858
4292	10.932858
4293	10.932858
4294	10.932858
4295	10.932858
4296	10.932858
4297	10.932858
4298	10.932858
4299	10.932858
4300	10.932858
4301	10.932858
4302	10.932858
4303	10.932858
4304	10.932858
4305	10.932858
4306	10.932858
4307	10.932858
4308	10.932858
4309	10.932858
4310	10.932858
4311	10.932858
4312	10.932858
4313	10.932858
4314	10.932858
4315	10.932858
4316	10.932858
4317	10.932858
4318	10.932858
4319	10.932858
4320	10.932858
4321	10.932858
4322	10.932858
4323	10.932858
4324	10.932858
4325	10.932858
4326	10.932858
4327	10.932858
4328	10.932858
4329	10.932858
4330	10.932858
4331	10.932858
4332	10.932858
4333	10.932858
4334	10.932858
4335	10.932858
4336	10.932858
4337	10.932858
4338	10.932858
4339	10.932858
4340	10.932858
4341	10.932858
4342	10.932858
4343	10.932858
4344	10.932858
4345	10.932858
4346	10.932858
4347	10.932858
4348	10.932858
4349	10.932858
4350	10.932858
4351	10.932858
4352	10.932858
4353	10.932858
4354	10.932858
4355	10.932858
4356	10.932858
4357	10.932858
4358	10.932858
4359	10.932858
4360	10.932858
4361	10.932858
4362	10.932858
4363	10.932858
4364	10.932858
4365	10.932858
4366	10.932858
4367	10.932858
4368	10.932858
4369	10.932858
4370	10.932858
4371	10.932858
4372	10.932858
4373	10.932858
4374	10.932858
4375	10.932858
4376	10.932858
4377	10.932858
4378	10.932858
4379	10.932858
4380	10.932858
4381	10.932858
4382	10.932858
4383	10.932858
4384	10.932858
4385	10.932858
4386	10.932858
4387	10.932858
4388	10.932858
4389	10.932858
4390	10.932858
4391	10.932858
4392	10.932858
4393	10.932858
4394	10.932858
4395	10.932858
4396	10.932858
4397	10.932858
4398	10.932858
4399	10.932858
4400	10.932858
4401	10.932858
4402	10.932858
4403	10.932858
4404	10.932858
4405	10.932858
4406	10.932858
4407	10.932858
4408	10.932858
4409	10.932858
4410	10.932858
4411	10.932858
4412	10.932858
4413	10.932858
4414	10.932858
4415	10.932858
4416	10.932858
4417	10.932858
4418	10.932858
4419	10.932858
4420	10.932858
4421	10.932858
4422	10.932858
4423	10.932858
4424	10.932858
4425	10.932858
4426	10.932858
4427	10.932858
4428	10.932858
4429	10.932858
4430	10.932858
4431	10.932858
4432	10.932858
4433	10.932858
4434	10.932858
4435	10.932858
4436	10.932858
4437	10.932858
4438	10.932858
4439	10.932858
4440	10.932858
4441	10.932858
4442	10.932858
4443	10.932858
4444	10.932858
4445	10.932858
4446	10.932858
4447	10.932858
4448	10.932858
4449	10.932858
4450	10.932858
4451	10.932858
4452	10.932858
4453	10.932858
4454	10.932858
4455	10.932858
4456	10.932858
4457	10.932858
4458	10.932858
4459	10.932858
4460	10.932858
4461	10.932858
4462	10.932858
4463	10.932858
4464	10.932858
4465	10.932858
4466	10.932858
4467	10.932858
4468	10.932858
4469	10.932858
4470	10.932858
4471	10.932858
4472	10.932858
4473	10.932858
4474	10.932858
4475	10.932858
4476	10.932858
4477	10.932858
4478	10.932858
4479	10.932858
4480	10.932858
4481	10.932858
4482	10.932858
4483	10.932858
4484	10.932858
4485	10.932858
4486	10.932858
4487	10.932858
4488	10.932858
4489	10.932858
4490	10.932858
4491	10.932858
4492	10.932858
4493	10.932858
4494	10.932858
4495	10.932858
4496	10.932858
4497	10.932858
4498	10.932858
4499	10.932858
4500	10.932858
4501	10.932858
4502	10.932858
4503	10.932858
4504	10.932858
4505	10.932858
4506	10.932858
4507	10.932858
4508	10.932858
4509	10.932858
4510	10.932858
4511	10.932858
4512	10.932858
4513	10.932858
4514	10.932858
4515	10.932858
4516	10.932858
4517	10.932858
4518	10.932858
4519	10.932858
4520	10.932858
4521	10.932858
4522	10.932858
4523	10.932858
4524	10.932858
4525	10.932858
4526	10.932858
4527	10.932858
4528	10.932858
4529	10.932858
4530	10.932858
4531	10.932858
4532	10.932858
4533	10.932858
4534	10.932858
4535	10.932858
4536	10.932858
4537	10.932858
4538	10.932858
4539	10.932858
4540	10.932858
4541	10.932858
4542	10.932858
4543	10.932858
4544	10.932858
4545	10.932858
4546	10.932858
4547	10.932858
4548	10.932858
4549	10.932858
4550	10.932858
4551	10.932858
4552	10.932858
4553	10.932858
4554	10.932858
4555	10.932858
4556	10.932858
4557	10.932858
4558	10.932858
4559	10.932858
4560	10.932858
4561	10.932858
4562	10.932858
4563	10.932858
4564	10.932858
4565	10.932858
4566	10.932858
4567	10.932858
4568	10.932858
4569	10.932858
4570	10.932858
4571	10.932858
4572	10.932858
4573	10.932858
4574	10.932858
4575	10.932858
4576	10.932858
4577	10.932858
4578	10.932858
4579	10.932858
4580	10.932858
4581	10.932858
4582	10.932858
4583	10.932858
4584	10.932858
4585	10.932858
4586	10.932858
4587	10.932858
4588	10.932858
4589	10.932858
4590	10.932858
4591	10.932858
4592	10.932858
4593	10.932858
4594	10.932858
4595	10.932858
4596	10.932858
4597	10.932858
4598	10.932858
4599	10.932858
4600	10.932858
4601	10.932858
4602	10.932858
4603	10.932858
4604	10.932858
4605	10.932858
4606	10.932858
4607	10.932858
4608	10.932858
4609	10.932858
4610	10.932858
4611	10.932858
4612	10.932858
4613	10.932858
4614	10.932858
4615	10.932858
4616	10.932858
4617	10.932858
4618	10.932858
4619	10.932858
4620	10.932858
4621	10.932858
4622	10.932858
4623	10.932858
4624	10.932858
4625	10.932858
4626	10.932858
4627	10.932858
4628	10.932858
4629	10.932858
4630	10.932858
4631	10.932858
4632	10.932858
4633	10.932858
4634	10.932858
4635	10.932858
4636	10.932858
4637	10.932858
4638	10.932858
4639	10.932858
4640	10.932858
4641	10.932858
4642	10.932858
4643	10.932858
4644	10.932858
4645	10.932858
4646	10.932858
4647	10.932858
4648	10.932858
4649	10.932858
4650	10.932858
4651	10.932858
4652	10.932858
4653	10.932858
4654	10.932858
4655	10.932858
4656	10.932858
4657	10.932858
4658	10.932858
4659	10.932858
4660	10.932858
4661	10.932858
4662	10.932858
4663	10.932858
4664	10.932858
4665	10.932858
4666	10.932858
4667	10.932858
4668	10.932858
4669	10.932858
4670	10.932858
4671	10.932858
4672	10.932858
4673	10.932858
4674	10.932858
4675	10.932858
4676	10.932858
4677	10.932858
4678	10.932858
4679	10.932858
4680	10.932858
4681	10.932858
4682	10.932858
4683	10.932858
4684	10.932858
4685	10.932858
4686	10.932858
4687	10.932858
4688	10.932858
4689	10.932858
4690	10.932858
4691	10.932858
4692	10.932858
4693	10.932858
4694	10.932858
4695	10.932858
4696	10.932858
4697	10.932858
4698	10.932858
4699	10.932858
4700	10.932858
4701	10.932858
4702	10.932858
4703	10.932858
4704	10.932858
4705	10.932858
4706	10.932858
4707	10.932858
4708	10.932858
4709	10.932858
4710	10.932858
4711	10.932858
4712	10.932858
4713	10.932858
4714	10.932858
4715	10.932858
4716	10.932858
4717	10.932858
4718	10.932858
4719	10.932858
4720	10.932858
4721	10.932858
4722	10.932858
4723	10.932858
4724	10.932858
4725	10.932858
4726	10.932858
4727	10.932858
4728	10.932858
4729	10.932858
4730	10.932858
4731	10.932858
4732	10.932858
4733	10.932858
4734	10.932858
4735	10.932858
4736	10.932858
4737	10.932858
4738	10.932858
4739	10.932858
4740	10.932858
4741	10.932858
4742	10.932858
4743	10.932858
4744	10.932858
4745	10.932858
4746	10.932858
4747	10.932858
4748	10.932858
4749	10.932858
4750	10.932858
4751	10.932858
4752	10.932858
4753	10.932858
4754	10.932858
4755	10.932858
4756	10.932858
4757	10.932858
4758	10.932858
4759	10.932858
4760	10.932858
4761	10.932858
4762	10.932858
4763	10.932858
4764	10.932858
4765	10.932858
4766	10.932858
4767	10.932858
4768	10.932858
4769	10.932858
4770	10.932858
4771	10.932858
4772	10.932858
4773	10.932858
4774	10.932858
4775	10.932858
4776	10.932858
4777	10.932858
4778	10.932858
4779	10.932858
4780	10.932858
4781	10.932858
4782	10.932858
4783	10.932858
4784	10.932858
4785	10.932858
4786	10.932858
4787	10.932858
4788	10.932858
4789	10.932858
4790	10.932858
4791	10.932858
4792	10.932858
4793	10.932858
4794	10.932858
4795	10.932858
4796	10.932858
4797	10.932858
4798	10.932858
4799	10.932858
4800	10.932858
4801	10.932858
4802	10.932858
4803	10.932858
4804	10.932858
4805	10.932858
4806	10.932858
4807	10.932858
4808	10.932858
4809	10.932858
4810	10.932858
4811	10.932858
4812	10.932858
4813	10.932858
4814	10.932858
4815	10.932858
4816	10.932858
4817	10.932858
4818	10.932858
4819	10.932858
4820	10.932858
4821	10.932858
4822	10.932858
4823	10.932858
4824	10.932858
4825	10.932858
4826	10.932858
4827	10.932858
4828	10.932858
4829	10.932858
4830	10.932858
4831	10.932858
4832	10.932858
4833	10.932858
4834	10.932858
4835	10.932858
4836	10.932858
4837	10.932858
4838	10.932858
4839	10.932858
4840	10.932858
4841	10.932858
4842	10.932858
4843	10.932858
4844	10.932858
4845	10.932858
4846	10.932858
4847	10.932858
4848	10.932858
4849	10.932858
4850	10.932858
4851	10.932858
4852	10.932858
4853	10.932858
4854	10.932858
4855	10.932858
4856	10.932858
4857	10.932858
4858	10.932858
4859	10.932858
4860	10.932858
4861	10.932858
4862	10.932858
4863	10.932858
4864	10.932858
4865	10.932858
4866	10.932858
4867	10.932858
4868	10.932858
4869	10.932858
4870	10.932858
4871	10.932858
4872	10.932858
4873	10.932858
4874	10.932858
4875	10.932858
4876	10.932858
4877	10.932858
4878	10.932858
4879	10.932858
4880	10.932858
4881	10.932858
4882	10.932858
4883	10.932858
4884	10.932858
4885	10.932858
4886	10.932858
4887	10.932858
4888	10.932858
4889	10.932858
4890	10.932858
4891	10.932858
4892	10.932858
4893	10.932858
4894	10.932858
4895	10.932858
4896	10.932858
4897	10.932858
4898	10.932858
4899	10.932858
4900	10.932858
4901	10.932858
4902	10.932858
4903	10.932858
4904	10.932858
4905	10.932858
4906	10.932858
4907	10.932858
4908	10.932858
4909	10.932858
4910	10.932858
4911	10.932858
4912	10.932858
4913	10.932858
4914	10.932858
4915	10.932858
4916	10.932858
4917	10.932858
4918	10.932858
4919	10.932858
4920	10.932858
4921	10.932858
4922	10.932858
4923	10.932858
4924	10.932858
4925	10.932858
4926	10.932858
4927	10.932858
4928	10.932858
4929	10.932858
4930	10.932858
4931	10.932858
4932	10.932858
4933	10.932858
4934	10.932858
4935	10.932858
4936	10.932858
4937	10.932858
4938	10.932858
4939	10.932858
4940	10.932858
4941	10.932858
4942	10.932858
4943	10.932858
4944	10.932858
4945	10.932858
4946	10.932858
4947	10.932858
4948	10.932858
4949	10.932858
4950	10.932858
4951	10.932858
4952	10.932858
4953	10.932858
4954	10.932858
4955	10.932858
4956	10.932858
4957	10.932858
4958	10.932858
4959	10.932858
4960	10.932858
4961	10.932858
4962	10.932858
4963	10.932858
4964	10.932858
4965	10.932858
4966	10.932858
4967	10.932858
4968	10.932858
4969	10.932858
4970	10.932858
4971	10.932858
4972	10.932858
4973	10.932858
4974	10.932858
4975	10.932858
4976	10.932858
4977	10.932858
4978	10.932858
4979	10.932858
4980	10.932858
4981	10.932858
4982	10.932858
4983	10.932858
4984	10.932858
4985	10.932858
4986	10.932858
4987	10.932858
4988	10.932858
4989	10.932858
4990	10.932858
4991	10.932858
4992	10.932858
4993	10.932858
4994	10.932858
4995	10.932858
4996	10.932858
4997	10.932858
4998	10.932858
4999	10.932858
5000	10.932858
5001	10.932858
5002	10.932858
5003	10.932858
5004	10.932858
5005	10.932858
5006	10.932858
5007	10.932858
5008	10.932858
5009	10.932858
5010	10.932858
5011	10.932858
5012	10.932858
5013	10.932858
5014	10.932858
5015	10.932858
5016	10.932858
5017	10.932858
5018	10.932858
5019	10.932858
5020	10.932858
5021	10.932858
5022	10.932858
5023	10.932858
5024	10.932858
5025	10.932858
5026	10.932858
5027	10.932858
5028	10.932858
5029	10.932858
5030	10.932858
5031	10.932858
5032	10.932858
5033	10.932858
5034	10.932858
5035	10.932858
5036	10.932858
5037	10.932858
5038	10.932858
5039	10.932858
5040	10.932858
5041	10.932858
5042	10.932858
5043	10.932858
5044	10.932858
5045	10.932858
5046	10.932858
5047	10.932858
5048	10.932858
5049	10.932858
5050	10.932858
5051	10.932858
5052	10.932858
5053	10.932858
5054	10.932858
5055	10.932858
5056	10.932858
5057	10.932858
5058	10.932858
5059	10.932858
5060	10.932858
5061	10.932858
5062	10.932858
5063	10.932858
5064	10.932858
5065	10.932858
5066	10.932858
5067	10.932858
5068	10.932858
5069	10.932858
5070	10.932858
5071	10.932858
5072	10.932858
5073	10.932858
5074	10.932858
5075	10.932858
5076	10.932858
5077	10.932858
5078	10.932858
5079	10.932858
5080	10.932858
5081	10.932858
5082	10.932858
5083	10.932858
5084	10.932858
5085	10.932858
5086	10.932858
5087	10.932858
5088	10.932858
5089	10.932858
5090	10.932858
5091	10.932858
5092	10.932858
5093	10.932858
5094	10.932858
5095	10.932858
5096	10.932858
5097	10.932858
5098	10.932858
5099	10.932858
5100	10.932858
5101	10.932858
5102	10.932858
5103	10.932858
5104	10.932858
5105	10.932858
5106	10.932858
5107	10.932858
5108	10.932858
5109	10.932858
5110	10.932858
5111	10.932858
5112	10.932858
5113	10.932858
5114	10.932858
5115	10.932858
5116	10.932858
5117	10.932858
5118	10.932858
5119	10.932858
5120	10.932858
5121	10.932858
5122	10.932858
5123	10.932858
5124	10.932858
5125	10.932858
5126	10.932858
5127	10.932858
5128	10.932858
5129	10.932858
5130	10.932858
5131	10.932858
5132	10.932858
5133	10.932858
5134	10.932858
5135	10.932858
5136	10.932858
5137	10.932858
5138	10.932858
5139	10.932858
5140	10.932858
5141	10.932858
5142	10.932858
5143	10.932858
5144	10.932858
5145	10.932858
5146	10.932858
5147	10.932858
5148	10.932858
5149	10.932858
5150	10.932858
5151	10.932858
5152	10.932858
5153	10.932858
5154	10.932858
5155	10.932858
5156	10.932858
5157	10.932858
5158	10.932858
5159	10.932858
5160	10.932858
5161	10.932858
5162	10.932858
5163	10.932858
5164	10.932858
5165	10.932858
5166	10.932858
5167	10.932858
5168	10.932858
5169	10.932858
5170	10.932858
5171	10.932858
5172	10.932858
5173	10.932858
5174	10.932858
5175	10.932858
5176	10.932858
5177	10.932858
5178	10.932858
5179	10.932858
5180	10.932858
5181	10.932858
5182	10.932858
5183	10.932858
5184	10.932858
5185	10.932858
5186	10.932858
5187	10.932858
5188	10.932858
5189	10.932858
5190	10.932858
5191	10.932858
5192	10.932858
5193	10.932858
5194	10.932858
5195	10.932858
5196	10.932858
5197	10.932858
5198	10.932858
5199	10.932858
5200	10.932858
5201	10.932858
5202	10.932858
5203	10.932858
5204	10.932858
5205	10.932858
5206	10.932858
5207	10.932858
5208	10.932858
5209	10.932858
5210	10.932858
5211	10.932858
5212	10.932858
5213	10.932858
5214	10.932858
5215	10.932858
5216	10.932858
5217	10.932858
5218	10.932858
5219	10.932858
5220	10.932858
5221	10.932858
5222	10.932858
5223	10.932858
5224	10.932858
5225	10.932858
5226	10.932858
5227	10.932858
5228	10.932858
5229	10.932858
5230	10.932858
5231	10.932858
5232	10.932858
5233	10.932858
5234	10.932858
5235	10.932858
5236	10.932858
5237	10.932858
5238	10.932858
5239	10.932858
5240	10.932858
5241	10.932858
5242	10.932858
5243	10.932858
5244	10.932858
5245	10.932858
5246	10.932858
5247	10.932858
5248	10.932858
5249	10.932858
5250	10.932858
5251	10.932858
5252	10.932858
5253	10.932858
5254	10.932858
5255	10.932858
5256	10.932858
5257	10.932858
5258	10.932858
5259	10.932858
5260	10.932858
5261	10.932858
5262	10.932858
5263	10.932858
5264	10.932858
5265	10.932858
5266	10.932858
5267	10.932858
5268	10.932858
5269	10.932858
5270	10.932858
5271	10.932858
5272	10.932858
5273	10.932858
5274	10.932858
5275	10.932858
5276	10.932858
5277	10.932858
5278	10.932858
5279	10.932858
5280	10.932858
5281	10.932858
5282	10.932858
5283	10.932858
5284	10.932858
5285	10.932858
5286	10.932858
5287	10.932858
5288	10.932858
5289	10.932858
5290	10.932858
5291	10.932858
5292	10.932858
5293	10.932858
5294	10.932858
5295	10.932858
5296	10.932858
5297	10.932858
5298	10.932858
5299	10.932858
5300	10.932858
5301	10.932858
5302	10.932858
5303	10.932858
5304	10.932858
5305	10.932858
5306	10.932858
5307	10.932858
5308	10.932858
5309	10.932858
5310	10.932858
5311	10.932858
5312	10.932858
5313	10.932858
5314	10.932858
5315	10.932858
5316	10.932858
5317	10.932858
5318	10.932858
5319	10.932858
5320	10.932858
5321	10.932858
5322	10.932858
5323	10.932858
5324	10.932858
5325	10.932858
5326	10.932858
5327	10.932858
5328	10.932858
5329	10.932858
5330	10.932858
5331	10.932858
5332	10.932858
5333	10.932858
5334	10.932858
5335	10.932858
5336	10.932858
5337	10.932858
5338	10.932858
5339	10.932858
5340	10.932858
5341	10.932858
5342	10.932858
5343	10.932858
5344	10.932858
5345	10.932858
5346	10.932858
5347	10.932858
5348	10.932858
5349	10.932858
5350	10.932858
5351	10.932858
5352	10.932858
5353	10.932858
5354	10.932858
5355	10.932858
5356	10.932858
5357	10.932858
5358	10.932858
5359	10.932858
5360	10.932858
5361	10.932858
5362	10.932858
5363	10.932858
5364	10.932858
5365	10.932858
5366	10.932858
5367	10.932858
5368	10.932858
5369	10.932858
5370	10.932858
5371	10.932858
5372	10.932858
5373	10.932858
5374	10.932858
5375	10.932858
5376	10.932858
5377	10.932858
5378	10.932858
5379	10.932858
5380	10.932858
5381	10.932858
5382	10.932858
5383	10.932858
5384	10.932858
5385	10.932858
5386	10.932858
5387	10.932858
5388	10.932858
5389	10.932858
5390	10.932858
5391	10.932858
5392	10.932858
5393	10.932858
5394	10.932858
5395	10.932858
5396	10.932858
5397	10.932858
5398	10.932858
5399	10.932858
5400	10.932858
5401	10.932858
5402	10.932858
5403	10.932858
5404	10.932858
5405	10.932858
5406	10.932858
5407	10.932858
5408	10.932858
5409	10.932858
5410	10.932858
5411	10.932858
5412	10.932858
5413	10.932858
5414	10.932858
5415	10.932858
5416	10.932858
5417	10.932858
5418	10.932858
5419	10.932858
5420	10.932858
5421	10.932858
5422	10.932858
5423	10.932858
5424	10.932858
5425	10.932858
5426	10.932858
5427	10.932858
5428	10.932858
5429	10.932858
5430	10.932858
5431	10.932858
5432	10.932858
5433	10.932858
5434	10.932858
5435	10.932858
5436	10.932858
5437	10.932858
5438	10.932858
5439	10.932858
5440	10.932858
5441	10.932858
5442	10.932858
5443	10.932858
5444	10.932858
5445	10.932858
5446	10.932858
5447	10.932858
5448	10.932858
5449	10.932858
5450	10.932858
5451	10.932858
5452	10.932858
5453	10.932858
5454	10.932858
5455	10.932858
5456	10.932858
5457	10.932858
5458	10.932858
5459	10.932858
5460	10.932858
5461	10.932858
5462	10.932858
5463	10.932858
5464	10.932858
5465	10.932858
5466	10.932858
5467	10.932858
5468	10.932858
5469	10.932858
5470	10.932858
5471	10.932858
5472	10.932858
5473	10.932858
5474	10.932858
5475	10.932858
5476	10.932858
5477	10.932858
5478	10.932858
5479	10.932858
5480	10.932858
5481	10.932858
5482	10.932858
5483	10.932858
5484	10.932858
5485	10.932858
5486	10.932858
5487	10.932858
5488	10.932858
5489	10.932858
5490	10.932858
5491	10.932858
5492	10.932858
5493	10.932858
5494	10.932858
5495	10.932858
5496	10.932858
5497	10.932858
5498	10.932858
5499	10.932858
5500	10.932858
5501	10.932858
5502	10.932858
5503	10.932858
5504	10.932858
5505	10.932858
5506	10.932858
5507	10.932858
5508	10.932858
5509	10.932858
5510	10.932858
5511	10.932858
5512	10.932858
5513	10.932858
5514	10.932858
5515	10.932858
5516	10.932858
5517	10.932858
5518	10.932858
5519	10.932858
5520	10.932858
5521	10.932858
5522	10.932858
5523	10.932858
5524	10.932858
5525	10.932858
5526	10.932858
5527	10.932858
5528	10.932858
5529	10.932858
5530	10.932858
5531	10.932858
5532	10.932858
5533	10.932858
5534	10.932858
5535	10.932858
5536	10.932858
5537	10.932858
5538	10.932858
5539	10.932858
5540	10.932858
5541	10.932858
5542	10.932858
5543	10.932858
5544	10.932858
5545	10.932858
5546	10.932858
5547	10.932858
5548	10.932858
5549	10.932858
5550	10.932858
5551	10.932858
5552	10.932858
5553	10.932858
5554	10.932858
5555	10.932858
5556	10.932858
5557	10.932858
5558	10.932858
5559	10.932858
5560	10.932858
5561	10.932858
5562	10.932858
5563	10.932858
5564	10.932858
5565	10.932858
5566	10.932858
5567	10.932858
5568	10.932858
5569	10.932858
5570	10.932858
5571	10.932858
5572	10.932858
5573	10.932858
5574	10.932858
5575	10.932858
5576	10.932858
5577	10.932858
5578	10.932858
5579	10.932858
5580	10.932858
5581	10.932858
5582	10.932858
5583	10.932858
5584	10.932858
5585	10.932858
5586	10.932858
5587	10.932858
5588	10.932858
5589	10.932858
5590	10.932858
5591	10.932858
5592	10.932858
5593	10.932858
5594	10.932858
5595	10.932858
5596	10.932858
5597	10.932858
5598	10.932858
5599	10.932858
5600	10.932858
5601	10.932858
5602	10.932858
5603	10.932858
5604	10.932858
5605	10.932858
5606	10.932858
5607	10.932858
5608	10.932858
5609	10.932858
5610	10.932858
5611	10.932858
5612	10.932858
5613	10.932858
5614	10.932858
5615	10.932858
5616	10.932858
5617	10.932858
5618	10.932858
5619	10.932858
5620	10.932858
5621	10.932858
5622	10.932858
5623	10.932858
5624	10.932858
5625	10.932858
5626	10.932858
5627	10.932858
5628	10.932858
5629	10.932858
5630	10.932858
5631	10.932858
5632	10.932858
5633	10.932858
5634	10.932858
5635	10.932858
5636	10.932858
5637	10.932858
5638	10.932858
5639	10.932858
5640	10.932858
5641	10.932858
5642	10.932858
5643	10.932858
5644	10.932858
5645	10.932858
5646	10.932858
5647	10.932858
5648	10.932858
5649	10.932858
5650	10.932858
5651	10.932858
5652	10.932858
5653	10.932858
5654	10.932858
5655	10.932858
5656	10.932858
5657	10.932858
5658	10.932858
5659	10.932858
5660	10.932858
5661	10.932858
5662	10.932858
5663	10.932858
5664	10.932858
5665	10.932858
5666	10.932858
5667	10.932858
5668	10.932858
5669	10.932858
5670	10.932858
5671	10.932858
5672	10.932858
5673	10.932858
5674	10.932858
5675	10.932858
5676	10.932858
5677	10.932858
5678	10.932858
5679	10.932858
5680	10.932858
5681	10.932858
5682	10.932858
5683	10.932858
5684	10.932858
5685	10.932858
5686	10.932858
5687	10.932858
5688	10.932858
5689	10.932858
5690	10.932858
5691	10.932858
5692	10.932858
5693	10.932858
5694	10.932858
5695	10.932858
5696	10.932858
5697	10.932858
5698	10.932858
5699	10.932858
5700	10.932858
5701	10.932858
5702	10.932858
5703	10.932858
5704	10.932858
5705	10.932858
5706	10.932858
5707	10.932858
5708	10.932858
5709	10.932858
5710	10.932858
5711	10.932858
5712	10.932858
5713	10.932858
5714	10.932858
5715	10.932858
5716	10.932858
5717	10.932858
5718	10.932858
5719	10.932858
5720	10.932858
5721	10.932858
5722	10.932858
5723	10.932858
5724	10.932858
5725	10.932858
5726	10.932858
5727	10.932858
5728	10.932858
5729	10.932858
5730	10.932858
5731	10.932858
5732	10.932858
5733	10.932858
5734	10.932858
5735	10.932858
5736	10.932858
5737	10.932858
5738	10.932858
5739	10.932858
5740	10.932858
5741	10.932858
5742	10.932858
5743	10.932858
5744	10.932858
5745	10.932858
5746	10.932858
5747	10.932858
5748	10.932858
5749	10.932858
5750	10.932858
5751	10.932858
5752	10.932858
5753	10.932858
5754	10.932858
5755	10.932858
5756	10.932858
5757	10.932858
5758	10.932858
5759	10.932858
5760	10.932858
5761	10.932858
5762	10.932858
5763	10.932858
5764	10.932858
5765	10.932858
5766	10.932858
5767	10.932858
5768	10.932858
5769	10.932858
5770	10.932858
5771	10.932858
5772	10.932858
5773	10.932858
5774	10.932858
5775	10.932858
5776	10.932858
5777	10.932858
5778	10.932858
5779	10.932858
5780	10.932858
5781	10.932858
5782	10.932858
5783	10.932858
5784	10.932858
5785	10.932858
5786	10.932858
5787	10.932858
5788	10.932858
5789	10.932858
5790	10.932858
5791	10.932858
5792	10.932858
5793	10.932858
5794	10.932858
5795	10.932858
5796	10.932858
5797	10.932858
5798	10.932858
5799	10.932858
5800	10.932858
5801	10.932858
5802	10.932858
5803	10.932858
5804	10.932858
5805	10.932858
5806	10.932858
5807	10.932858
5808	10.932858
5809	10.932858
5810	10.932858
5811	10.932858
5812	10.932858
5813	10.932858
5814	10.932858
5815	10.932858
5816	10.932858
5817	10.932858
5818	10.932858
5819	10.932858
5820	10.932858
5821	10.932858
5822	10.932858
5823	10.932858
5824	10.932858
5825	10.932858
5826	10.932858
5827	10.932858
5828	10.932858
5829	10.932858
5830	10.932858
5831	10.932858
5832	10.932858
5833	10.932858
5834	10.932858
5835	10.932858
5836	10.932858
5837	10.932858
5838	10.932858
5839	10.932858
5840	10.932858
5841	10.932858
5842	10.932858
5843	10.932858
5844	10.932858
5845	10.932858
5846	10.932858
5847	10.932858
5848	10.932858
5849	10.932858
5850	10.932858
5851	10.932858
5852	10.932858
5853	10.932858
5854	10.932858
5855	10.932858
5856	10.932858
5857	10.932858
5858	10.932858
5859	10.932858
5860	10.932858
5861	10.932858
5862	10.932858
5863	10.932858
5864	10.932858
5865	10.932858
5866	10.932858
5867	10.932858
5868	10.932858
5869	10.932858
5870	10.932858
5871	10.932858
5872	10.932858
5873	10.932858
5874	10.932858
5875	10.932858
5876	10.932858
5877	10.932858
5878	10.932858
5879	10.932858
5880	10.932858
5881	10.932858
5882	10.932858
5883	10.932858
5884	10.932858
5885	10.932858
5886	10.932858
5887	10.932858
5888	10.932858
5889	10.932858
5890	10.932858
5891	10.932858
5892	10.932858
5893	10.932858
5894	10.932858
5895	10.932858
5896	10.932858
5897	10.932858
5898	10.932858
5899	10.932858
5900	10.932858
5901	10.932858
5902	10.932858
5903	10.932858
5904	10.932858
5905	10.932858
5906	10.932858
5907	10.932858
5908	10.932858
5909	10.932858
5910	10.932858
5911	10.932858
5912	10.932858
5913	10.932858
5914	10.932858
5915	10.932858
5916	10.932858
5917	10.932858
5918	10.932858
5919	10.932858
5920	10.932858
5921	10.932858
5922	10.932858
5923	10.932858
5924	10.932858
5925	10.932858
5926	10.932858
5927	10.932858
5928	10.932858
5929	10.932858
5930	10.932858
5931	10.932858
5932	10.932858
5933	10.932858
5934	10.932858
5935	10.932858
5936	10.932858
5937	10.932858
5938	10.932858
5939	10.932858
5940	10.932858
5941	10.932858
5942	10.932858
5943	10.932858
5944	10.932858
5945	10.932858
5946	10.932858
5947	10.932858
5948	10.932858
5949	10.932858
5950	10.932858
5951	10.932858
5952	10.932858
5953	10.932858
5954	10.932858
5955	10.932858
5956	10.932858
5957	10.932858
5958	10.932858
5959	10.932858
5960	10.932858
5961	10.932858
5962	10.932858
5963	10.932858
5964	10.932858
5965	10.932858
5966	10.932858
5967	10.932858
5968	10.932858
5969	10.932858
5970	10.932858
5971	10.932858
5972	10.932858
5973	10.932858
5974	10.932858
5975	10.932858
5976	10.932858
5977	10.932858
5978	10.932858
5979	10.932858
5980	10.932858
5981	10.932858
5982	10.932858
5983	10.932858
5984	10.932858
5985	10.932858
5986	10.932858
5987	10.932858
5988	10.932858
5989	10.932858
5990	10.932858
5991	10.932858
5992	10.932858
5993	10.932858
5994	10.932858
5995	10.932858
5996	10.932858
5997	10.932858
5998	10.932858
5999	10.932858
6000	10.932858
6001	10.932858
6002	10.932858
6003	10.932858
6004	10.932858
6005	10.932858
6006	10.932858
6007	10.932858
6008	10.932858
6009	10.932858
6010	10.932858
6011	10.932858
6012	10.932858
6013	10.932858
6014	10.932858
6015	10.932858
6016	10.932858
6017	10.932858
6018	10.932858
6019	10.932858
6020	10.932858
6021	10.932858
6022	10.932858
6023	10.932858
6024	10.932858
6025	10.932858
6026	10.932858
6027	10.932858
6028	10.932858
6029	10.932858
6030	10.932858
6031	10.932858
6032	10.932858
6033	10.932858
6034	10.932858
6035	10.932858
6036	10.932858
6037	10.932858
6038	10.932858
6039	10.932858
6040	10.932858
6041	10.932858
6042	10.932858
6043	10.932858
6044	10.932858
6045	10.932858
6046	10.932858
6047	10.932858
6048	10.932858
6049	10.932858
6050	10.932858
6051	10.932858
6052	10.932858
6053	10.932858
6054	10.932858
6055	10.932858
6056	10.932858
6057	10.932858
6058	10.932858
6059	10.932858
6060	10.932858
6061	10.932858
6062	10.932858
6063	10.932858
6064	10.932858
6065	10.932858
6066	10.932858
6067	10.932858
6068	10.932858
6069	10.932858
6070	10.932858
6071	10.932858
6072	10.932858
6073	10.932858
6074	10.932858
6075	10.932858
6076	10.932858
6077	10.932858
6078	10.932858
6079	10.932858
6080	10.932858
6081	10.932858
6082	10.932858
6083	10.932858
6084	10.932858
6085	10.932858
6086	10.932858
6087	10.932858
6088	10.932858
6089	10.932858
6090	10.932858
6091	10.932858
6092	10.932858
6093	10.932858
6094	10.932858
6095	10.932858
6096	10.932858
