1	7.284315
2	7.131999
3	7.099308
4	7.135383
5	7.135383
6	7.156929
7	7.156929
8	7.179985
9	7.107887
10	7.109309
11	7.08906
12	7.08906
13	7.174596
14	7.174596
15	7.144502
16	7.145741
17	7.184983
18	7.184983
19	7.227372
20	7.40259
21	7.40259
22	7.40259
23	7.40259
24	7.506295
25	7.524785
26	7.406588
27	7.414076
28	7.428741
29	7.444193
30	7.563097
31	7.563097
32	7.529711
33	7.573311
34	7.663223
35	7.482829
36	7.559815
37	7.660515
38	7.660515
39	7.74712
40	7.794964
41	7.794964
42	7.959694
43	7.90836
44	7.997763
45	7.997763
46	7.997763
47	7.997763
48	7.997763
49	7.997763
50	8.097335
51	8.117943
52	8.114329
53	8.205493
54	8.308908
55	8.308908
56	8.308908
57	8.308908
58	8.333586
59	8.333586
60	8.35605
61	8.35605
62	8.35605
63	8.468145
64	8.468145
65	8.468145
66	8.468145
67	8.393616
68	8.447131
69	8.581591
70	8.581591
71	8.581591
72	8.583335
73	8.552383
74	8.751862
75	8.749869
76	8.749869
77	8.749869
78	8.749869
79	8.749869
80	8.749869
81	8.714197
82	8.714197
83	8.977046
84	8.977046
85	8.977046
86	9.012063
87	9.053753
88	9.053753
89	8.966297
90	8.966297
91	8.966297
92	8.966297
93	8.966297
94	8.960745
95	9.154912
96	9.154912
97	9.161451
98	9.161451
99	9.161451
100	9.216305
101	9.216305
102	9.216305
103	9.147508
104	9.061217
105	9.061217
106	9.011502
107	9.019003
108	9.196855
109	9.196855
110	9.234457
111	9.234457
112	9.376408
113	9.378551
114	9.378551
115	9.378551
116	9.378551
117	9.378551
118	9.378551
119	9.412091
120	9.205923
121	9.231331
122	9.231331
123	9.231331
124	9.231331
125	9.060853
126	8.987964
127	9.11553
128	9.11553
129	9.189336
130	9.175254
131	9.175254
132	9.175254
133	9.175254
134	9.322713
135	9.358257
136	9.358257
137	9.358257
138	9.358257
139	9.38024
140	9.38024
141	9.396764
142	9.396764
143	9.396764
144	9.396764
145	9.48983
146	9.494329
147	9.355285
148	9.481069
149	9.50572
150	9.50572
151	9.50572
152	9.50572
153	9.50572
154	9.327868
155	9.327868
156	9.327868
157	9.298624
158	9.285697
159	9.289036
160	9.289036
161	9.290275
162	9.326016
163	9.32711
164	9.32711
165	9.30342
166	9.32232
167	9.394708
168	9.394708
169	9.397232
170	9.329229
171	9.322494
172	9.413688
173	9.422934
174	9.468696
175	9.478836
176	9.478836
177	9.478836
178	9.49112
179	9.511184
180	9.514069
181	9.362045
182	9.362045
183	9.495532
184	9.495532
185	9.495532
186	9.495532
187	9.523063
188	9.523063
189	9.523063
190	9.523063
191	9.259346
192	9.175147
193	9.081848
194	9.081848
195	9.081848
196	8.983453
197	8.896339
198	8.896339
199	8.896339
200	9.008779
201	9.045583
202	9.17148
203	9.535138
204	9.584746
205	9.584746
206	9.659782
207	9.792583
208	9.792583
209	9.814357
210	9.814357
211	9.814357
212	9.814357
213	9.814357
214	9.814357
215	9.814357
216	9.814357
217	9.814357
218	9.814357
219	9.814357
220	9.814357
221	9.814357
222	9.773552
223	9.708152
224	9.708152
225	9.721949
226	9.751683
227	9.837663
228	9.837663
229	9.837663
230	9.837663
231	9.837663
232	10.037379
233	10.058503
234	9.887363
235	9.602912
236	9.593665
237	9.593665
238	9.593665
239	9.51068
240	9.51068
241	9.51068
242	9.921015
243	9.921015
244	9.990485
245	10.059455
246	10.059455
247	10.14244
248	10.14244
249	10.199437
250	10.199437
251	10.075402
252	10.075402
253	10.075402
254	10.100107
255	10.100107
256	10.100107
257	10.105065
258	10.126545
259	10.255099
260	10.255099
261	10.261171
262	10.261171
263	10.261171
264	10.261171
265	10.261171
266	10.043731
267	10.043731
268	10.109503
269	10.109503
270	10.109503
271	10.11298
272	10.11298
273	10.11298
274	10.11298
275	10.073578
276	10.087338
277	10.087338
278	10.330683
279	10.330683
280	10.330683
281	10.330683
282	10.330683
283	10.330683
284	10.330683
285	10.330683
286	10.330683
287	10.330683
288	10.382224
289	10.382224
290	10.382224
291	10.382224
292	10.382224
293	10.382224
294	10.382224
295	10.529344
296	10.529344
297	10.291227
298	10.291227
299	10.291227
300	10.259292
301	10.145859
302	10.145859
303	10.145859
304	10.145859
305	10.145859
306	10.172019
307	10.172019
308	10.281074
309	10.281074
310	10.172019
311	10.172019
312	10.172019
313	10.172019
314	10.172019
315	10.097153
316	10.127151
317	10.127151
318	10.127151
319	10.091718
320	10.139757
321	10.139757
322	10.139757
323	10.139757
324	10.249262
325	10.249262
326	10.284602
327	10.284602
328	10.288193
329	10.288193
330	10.288193
331	10.288193
332	10.288193
333	10.288193
334	10.252853
335	10.224461
336	10.361626
337	10.396966
338	10.237296
339	10.237296
340	10.237296
341	10.237296
342	10.237296
343	10.237296
344	10.237296
345	10.237296
346	10.237296
347	10.237296
348	10.237296
349	10.260132
350	10.287456
351	10.287456
352	10.287456
353	10.287456
354	10.422803
355	10.51076
356	10.51076
357	10.51076
358	10.51076
359	10.51076
360	10.51076
361	10.483436
362	10.483436
363	10.483436
364	10.483436
365	10.483436
366	10.483436
367	10.496426
368	10.42143
369	10.42143
370	10.42143
371	10.42143
372	10.42143
373	10.42143
374	10.42143
375	10.42143
376	10.42143
377	10.42143
378	10.42143
379	10.42143
380	10.42143
381	10.526894
382	10.526894
383	10.543661
384	10.543661
385	10.543661
386	10.543661
387	10.543661
388	10.543661
389	10.543661
390	10.543661
391	10.526894
392	10.526894
393	10.526894
394	10.526894
395	10.526894
396	10.526894
397	10.526894
398	10.526894
399	10.526894
400	10.551449
401	10.551449
402	10.551449
403	10.551449
404	10.551449
405	10.551449
406	10.551449
407	10.688437
408	10.688437
409	10.688437
410	10.715237
411	10.715237
412	10.74548
413	10.59683
414	10.59683
415	10.59683
416	10.59683
417	10.60194
418	10.60194
419	10.60194
420	10.664426
421	10.664426
422	10.664426
423	10.664426
424	10.64572
425	10.64572
426	10.64572
427	10.39659
428	10.492885
429	10.492885
430	10.492885
431	10.482353
432	10.425653
433	10.443716
434	10.24091
435	10.24091
436	10.24091
437	10.303422
438	10.303422
439	10.365087
440	10.365087
441	10.334844
442	10.334844
443	10.334844
444	10.334844
445	10.334844
446	10.316781
447	10.254269
448	10.254269
449	10.254269
450	10.254269
451	10.254269
452	10.254269
453	10.254269
454	10.254269
455	10.60991
456	10.60991
457	10.60991
458	10.60991
459	10.60991
460	10.528519
461	10.528519
462	10.528519
463	10.528519
464	10.528519
465	10.514057
466	10.472396
467	10.472396
468	10.472396
469	10.589209
470	10.589209
471	10.589209
472	10.589209
473	10.589209
474	10.607272
475	10.74576
476	10.721284
477	10.721284
478	10.721284
479	10.719294
480	10.719294
481	10.719294
482	10.719294
483	10.719294
484	10.719294
485	10.719294
486	10.704315
487	10.704315
488	10.704315
489	10.704315
490	10.704315
491	10.81866
492	10.81866
493	10.81866
494	10.81866
495	10.829604
496	10.829604
497	10.829604
498	10.829604
499	10.829604
500	10.863327
501	10.863327
502	10.863327
503	10.863327
504	10.863327
505	10.863327
506	10.863327
507	10.754479
508	10.754479
509	10.812587
510	10.812587
511	10.812587
512	10.812587
513	10.812587
514	10.812587
515	10.812587
516	10.812587
517	10.812587
518	10.812587
519	10.812587
520	10.812587
521	10.812587
522	10.812587
523	10.812587
524	10.812587
525	10.812587
526	10.812587
527	10.812587
528	10.812587
529	10.812587
530	10.812587
531	10.812587
532	10.812587
533	10.812587
534	10.812587
535	10.812587
536	10.812587
537	10.812587
538	10.812587
539	10.812587
540	10.812587
541	10.812587
542	10.782131
543	10.782131
544	10.782131
545	10.841103
546	10.841103
547	10.83288
548	10.83288
549	10.83288
550	10.83288
551	10.83288
552	10.83288
553	10.83288
554	10.83288
555	10.83288
556	10.83288
557	10.83288
558	10.85223
559	10.83288
560	10.83288
561	10.83288
562	10.83288
563	10.83288
564	10.83288
565	10.83288
566	10.83288
567	10.83288
568	10.83288
569	10.83288
570	10.83288
571	10.83288
572	10.83288
573	10.83288
574	10.83288
575	10.83288
576	10.83288
577	10.83288
578	10.83288
579	10.926897
580	10.926897
581	10.926897
582	10.926897
583	10.926897
584	10.926897
585	10.926897
586	10.926897
587	10.926897
588	10.926897
589	10.926897
590	10.926897
591	10.926897
592	10.692077
593	10.692077
594	10.692077
595	10.692077
596	10.692077
597	10.692077
598	10.692077
599	10.692077
600	10.692077
601	10.692077
602	10.692077
603	10.692077
604	10.692077
605	10.692077
606	10.704216
607	10.704216
608	10.704216
609	10.704216
610	10.704216
611	10.704216
612	10.704216
613	10.704216
614	10.646108
615	10.578197
616	10.813017
617	10.813017
618	10.813017
619	10.813017
620	10.813017
621	10.813017
622	10.813017
623	10.813017
624	10.813017
625	10.813017
626	10.813017
627	10.813017
628	10.813017
629	10.813017
630	10.813017
631	10.813017
632	10.813017
633	10.813017
634	10.813017
635	10.813017
636	10.901226
637	10.901226
638	10.901226
639	10.901226
640	10.901226
641	10.901226
642	10.901226
643	10.901226
644	10.901226
645	11.054257
646	11.054257
647	11.054257
648	11.054257
649	11.054257
650	11.054257
651	11.054257
652	11.054257
653	11.054257
654	11.054257
655	11.054257
656	11.054257
657	11.054257
658	11.054257
659	11.054257
660	11.054257
661	11.054257
662	11.054257
663	11.054257
664	11.054257
665	11.054257
666	11.054257
667	11.054257
668	11.054257
669	11.054257
670	11.054257
671	11.054257
672	11.054257
673	11.054257
674	11.054257
675	11.054257
676	11.054257
677	11.054257
678	11.150267
679	11.150267
680	11.150267
681	11.150267
682	11.150267
683	11.150267
684	11.150267
685	11.150267
686	11.150267
687	11.150267
688	11.150267
689	11.150267
690	11.150267
691	11.150267
692	11.150267
693	11.150267
694	11.150267
695	11.169757
696	11.169757
697	11.169757
698	11.169757
699	11.169757
700	11.169757
701	11.169757
702	11.169757
703	11.169757
704	11.169757
705	11.169757
706	11.169757
707	11.169757
708	11.169757
709	11.169757
710	11.169757
711	11.169757
712	11.169757
713	11.169757
714	11.082061
715	11.082061
716	11.082061
717	11.082061
718	11.082061
719	11.082061
720	11.082061
721	11.082061
722	11.082061
723	11.082061
724	11.082061
725	11.082061
726	11.082061
727	11.082061
728	11.082061
729	11.082061
730	11.082061
731	11.082061
732	11.082061
733	11.082061
734	11.082061
735	11.082061
736	11.082061
737	11.082061
738	11.082061
739	11.082061
740	11.082061
741	11.082061
742	11.082061
743	11.082061
744	11.082061
745	11.082061
746	11.082061
747	11.082061
748	11.062571
749	11.062571
750	11.062571
751	11.037898
752	11.037898
753	11.037898
754	11.037898
755	11.037898
756	11.037898
757	11.037898
758	11.037898
759	11.037898
760	11.037898
761	11.037898
762	11.037898
763	11.037898
764	11.037898
765	11.037898
766	11.037898
767	11.025759
768	11.025759
769	11.025759
770	11.025759
771	11.025759
772	11.050432
773	11.050432
774	11.050432
775	11.050432
776	11.050432
777	11.050432
778	11.050432
779	11.050432
780	11.050432
781	11.050432
782	11.050432
783	11.050432
784	11.050432
785	11.050432
786	11.050432
787	11.031441
788	11.031441
789	11.031441
790	11.031441
791	11.031441
792	11.031441
793	11.031441
794	11.031441
795	11.031441
796	11.031441
797	11.031441
798	11.031441
799	11.031441
800	11.031441
801	11.031441
802	11.031441
803	11.031441
804	11.031441
805	11.031441
806	11.031441
807	11.031441
808	11.031441
809	11.031441
810	11.031441
811	11.031441
812	11.031441
813	11.010347
814	11.010347
815	11.010347
816	11.010347
817	11.010347
818	11.010347
819	11.010347
820	11.010347
821	11.010347
822	11.010347
823	11.010347
824	11.010347
825	11.010347
826	11.010347
827	11.010347
828	11.010347
829	11.010347
830	11.010347
831	11.010347
832	11.010347
833	11.001086
834	11.001086
835	11.001086
836	11.001086
837	11.001086
838	11.001086
839	11.001086
840	11.001086
841	11.001086
842	11.001086
843	11.001086
844	11.001086
845	11.001086
846	11.001086
847	11.001086
848	11.001086
849	11.001086
850	11.001086
851	11.001086
852	11.001086
853	11.001086
854	11.001086
855	11.001086
856	11.001086
857	11.116943
858	11.116163
859	11.125424
860	11.125424
861	11.125424
862	11.125424
863	11.125424
864	11.125424
865	11.125424
866	11.125424
867	11.125424
868	11.125424
869	11.125424
870	11.125424
871	11.125424
872	11.127414
873	11.127414
874	11.127414
875	11.127414
876	11.127414
877	11.127414
878	11.127414
879	11.127414
880	11.127414
881	11.127414
882	11.127414
883	11.127414
884	11.127414
885	11.091882
886	11.127414
887	11.127414
888	11.127414
889	11.127414
890	11.127414
891	11.127414
892	11.127414
893	11.127414
894	11.127414
895	11.102741
896	11.102741
897	11.102741
898	11.102741
899	11.102741
900	11.102741
901	11.102741
902	11.102741
903	11.102741
904	11.102741
905	11.102741
906	11.102741
907	11.102741
908	11.102741
909	11.157056
910	11.157056
911	11.157056
912	11.157056
913	11.157056
914	11.157056
915	11.157056
916	11.157056
917	11.157056
918	11.157056
919	11.157056
920	11.157056
921	11.157056
922	11.157056
923	11.157056
924	11.157056
925	11.157056
926	11.157056
927	11.157056
928	11.157056
929	11.157056
930	11.157056
931	11.157056
932	11.157056
933	11.157056
934	11.157056
935	11.157056
936	11.157056
937	11.157056
938	11.136758
939	11.136758
940	11.136758
941	11.13437
942	11.13437
943	11.13437
944	11.13437
945	11.13437
946	11.13437
947	11.13437
948	11.13437
949	11.13437
950	11.13437
951	11.13437
952	11.13437
953	11.137554
954	11.137554
955	11.188697
956	11.188697
957	11.188697
958	11.188697
959	11.188697
960	11.188697
961	11.188697
962	11.188697
963	11.188697
964	11.188697
965	11.188697
966	11.188697
967	11.188697
968	11.188697
969	11.188697
970	11.188697
971	11.188697
972	11.188697
973	11.188697
974	11.188697
975	11.188697
976	11.188697
977	11.188697
978	11.188697
979	11.188697
980	11.188697
981	11.188697
982	11.188697
983	11.188697
984	11.188697
985	11.188697
986	11.188697
987	11.188697
988	11.188697
989	11.188697
990	11.188697
991	11.188697
992	11.188697
993	11.209791
994	11.209791
995	11.209791
996	11.209791
997	11.209791
998	11.209791
999	11.209791
1000	11.209791
1001	11.209791
1002	11.209791
1003	11.209791
1004	11.209791
1005	11.211331
1006	11.211331
1007	11.211331
1008	11.211331
1009	11.211331
1010	11.211331
1011	11.211331
1012	11.211331
1013	11.211331
1014	11.211928
1015	11.211928
1016	11.211928
1017	11.211928
1018	11.211928
1019	11.211928
1020	11.211928
1021	11.211928
1022	11.211928
1023	11.211928
1024	11.177103
1025	11.177103
1026	11.177103
1027	11.177103
1028	11.177103
1029	11.177103
1030	11.177103
1031	11.177103
1032	11.177103
1033	11.177103
1034	11.177103
1035	11.177103
1036	11.177103
1037	11.177103
1038	11.177103
1039	11.177103
1040	11.177103
1041	11.177103
1042	11.177103
1043	11.177103
1044	11.177103
1045	11.177103
1046	11.177103
1047	11.177103
1048	11.138895
1049	11.138895
1050	11.138895
1051	11.138895
1052	11.138895
1053	11.138895
1054	11.138895
1055	11.138895
1056	11.138895
1057	11.138895
1058	11.138895
1059	11.103976
1060	11.103976
1061	11.192332
1062	11.192332
1063	11.192332
1064	11.192332
1065	11.192332
1066	11.192332
1067	11.192332
1068	11.192332
1069	11.192332
1070	11.234216
1071	11.234216
1072	11.234216
1073	11.234216
1074	11.234216
1075	11.234216
1076	11.234216
1077	11.234216
1078	11.234216
1079	11.234216
1080	11.234216
1081	11.234216
1082	11.234216
1083	11.234216
1084	11.234216
1085	11.234216
1086	11.234216
1087	11.234216
1088	11.234216
1089	11.234216
1090	11.234216
1091	11.234216
1092	11.234216
1093	11.234216
1094	11.234216
1095	11.227223
1096	11.227223
1097	11.226626
1098	11.226626
1099	11.226626
1100	11.226626
1101	11.226626
1102	11.226626
1103	11.226626
1104	11.226626
1105	11.226626
1106	11.226626
1107	11.226626
1108	11.226626
1109	11.226626
1110	11.226626
1111	11.226626
1112	11.226626
1113	11.226626
1114	11.226626
1115	11.226626
1116	11.226626
1117	11.226626
1118	11.226626
1119	11.226626
1120	11.226626
1121	11.226626
1122	11.226626
1123	11.226626
1124	11.226626
1125	11.226626
1126	11.226626
1127	11.226626
1128	11.226626
1129	11.226626
1130	11.226626
1131	11.226626
1132	11.226626
1133	11.226626
1134	11.226626
1135	11.226626
1136	11.226626
1137	11.226626
1138	11.226626
1139	11.226626
1140	11.226626
1141	11.226626
1142	11.226626
1143	11.226626
1144	11.207136
1145	11.207136
1146	11.207136
1147	11.207136
1148	11.207136
1149	11.207136
1150	11.207136
1151	11.207136
1152	11.207136
1153	11.207136
1154	11.207136
1155	11.207136
1156	11.207136
1157	11.207136
1158	11.207136
1159	11.207136
1160	11.207136
1161	11.207136
1162	11.207136
1163	11.207136
1164	11.207136
1165	11.207136
1166	11.205146
1167	11.205146
1168	11.205146
1169	11.205146
1170	11.205146
1171	11.205146
1172	11.205146
1173	11.205146
1174	11.205146
1175	11.205146
1176	11.205146
1177	11.205146
1178	11.205146
1179	11.205146
1180	11.205146
1181	11.205146
1182	11.205146
1183	11.205146
1184	11.205146
1185	11.205146
1186	11.205146
1187	11.205146
1188	11.205146
1189	11.205146
1190	11.207136
1191	11.207136
1192	11.207136
1193	11.200171
1194	11.200171
1195	11.200171
1196	11.200171
1197	11.19091
1198	11.19091
1199	11.19091
1200	11.19091
1201	11.19091
1202	11.19091
1203	11.19091
1204	11.245225
1205	11.245225
1206	11.245225
1207	11.245225
1208	11.245225
1209	11.245225
1210	11.245225
1211	11.245225
1212	11.245225
1213	11.245225
1214	11.245225
1215	11.245225
1216	11.245225
1217	11.245225
1218	11.247613
1219	11.247613
1220	11.247613
1221	11.247613
1222	11.247613
1223	11.247613
1224	11.247613
1225	11.247613
1226	11.247613
1227	11.247613
1228	11.247613
1229	11.247613
1230	11.247613
1231	11.247613
1232	11.247613
1233	11.247613
1234	11.247613
1235	11.247613
1236	11.247613
1237	11.247613
1238	11.247613
1239	11.247613
1240	11.247613
1241	11.247613
1242	11.247613
1243	11.247613
1244	11.247613
1245	11.247613
1246	11.247613
1247	11.247613
1248	11.247613
1249	11.247613
1250	11.247613
1251	11.247613
1252	11.247613
1253	11.247613
1254	11.24821
1255	11.24821
1256	11.24821
1257	11.24821
1258	11.24821
1259	11.24821
1260	11.255203
1261	11.255203
1262	11.255203
1263	11.255203
1264	11.276829
1265	11.276829
1266	11.276829
1267	11.276829
1268	11.276829
1269	11.276829
1270	11.276829
1271	11.276829
1272	11.276829
1273	11.276829
1274	11.276829
1275	11.276829
1276	11.276829
1277	11.276829
1278	11.276829
1279	11.276829
1280	11.276829
1281	11.276829
1282	11.276829
1283	11.276829
1284	11.276829
1285	11.276829
1286	11.276829
1287	11.276829
1288	11.276829
1289	11.276829
1290	11.276829
1291	11.276829
1292	11.276829
1293	11.276829
1294	11.276829
1295	11.276829
1296	11.276829
1297	11.276829
1298	11.276829
1299	11.276829
1300	11.276829
1301	11.276829
1302	11.276829
1303	11.276829
1304	11.276829
1305	11.276829
1306	11.276829
1307	11.276829
1308	11.276829
1309	11.276829
1310	11.276829
1311	11.276829
1312	11.276829
1313	11.276829
1314	11.276829
1315	11.276829
1316	11.276829
1317	11.276829
1318	11.276829
1319	11.276829
1320	11.276829
1321	11.276829
1322	11.276829
1323	11.276829
1324	11.276829
1325	11.276829
1326	11.276829
1327	11.276829
1328	11.276829
1329	11.276829
1330	11.276829
1331	11.276829
1332	11.276829
1333	11.276829
1334	11.276829
1335	11.276829
1336	11.276829
1337	11.276829
1338	11.274839
1339	11.274839
1340	11.274839
1341	11.274839
1342	11.274839
1343	11.274839
1344	11.274839
1345	11.274839
1346	11.274839
1347	11.274839
1348	11.274839
1349	11.274839
1350	11.274839
1351	11.274839
1352	11.274839
1353	11.274839
1354	11.274839
1355	11.274839
1356	11.274839
1357	11.274839
1358	11.274839
1359	11.274839
1360	11.274839
1361	11.274839
1362	11.274839
1363	11.274839
1364	11.274839
1365	11.274839
1366	11.274839
1367	11.274839
1368	11.274839
1369	11.274839
1370	11.274839
1371	11.274839
1372	11.274839
1373	11.274839
1374	11.274839
1375	11.274839
1376	11.274839
1377	11.274839
1378	11.274839
1379	11.274839
1380	11.274839
1381	11.274839
1382	11.274839
1383	11.274839
1384	11.274839
1385	11.274839
1386	11.274839
1387	11.274839
1388	11.274839
1389	11.274839
1390	11.274839
1391	11.274839
1392	11.274839
1393	11.274839
1394	11.274839
1395	11.274839
1396	11.274839
1397	11.274839
1398	11.274839
1399	11.274839
1400	11.274839
1401	11.274839
1402	11.274839
1403	11.274839
1404	11.274839
1405	11.274839
1406	11.274839
1407	11.274839
1408	11.274839
1409	11.274839
1410	11.274839
1411	11.274839
1412	11.274839
1413	11.274839
1414	11.274839
1415	11.274839
1416	11.274839
1417	11.274839
1418	11.274839
1419	11.274839
1420	11.274839
1421	11.274839
1422	11.274839
1423	11.274839
1424	11.274839
1425	11.274839
1426	11.274839
1427	11.274839
1428	11.276829
1429	11.276829
1430	11.276829
1431	11.276829
1432	11.276829
1433	11.276829
1434	11.276829
1435	11.276829
1436	11.276829
1437	11.276829
1438	11.276829
1439	11.276829
1440	11.276829
1441	11.276829
1442	11.276829
1443	11.276829
1444	11.276829
1445	11.276829
1446	11.276829
1447	11.276829
1448	11.276829
1449	11.276829
1450	11.276829
1451	11.276829
1452	11.276829
1453	11.276829
1454	11.276829
1455	11.276829
1456	11.276829
1457	11.276829
1458	11.276829
1459	11.276829
1460	11.276829
1461	11.276829
1462	11.276829
1463	11.276829
1464	11.276829
1465	11.276829
1466	11.276829
1467	11.276829
1468	11.276829
1469	11.276829
1470	11.276829
1471	11.276829
1472	11.276829
1473	11.276829
1474	11.276829
1475	11.276829
1476	11.276829
1477	11.276829
1478	11.276829
1479	11.276829
1480	11.273645
1481	11.273645
1482	11.273645
1483	11.273645
1484	11.273645
1485	11.273645
1486	11.273645
1487	11.273645
1488	11.273645
1489	11.273645
1490	11.273645
1491	11.273645
1492	11.273645
1493	11.273645
1494	11.273645
1495	11.273645
1496	11.273645
1497	11.273645
1498	11.273645
1499	11.273645
1500	11.273645
1501	11.273645
1502	11.273645
1503	11.273645
1504	11.273645
1505	11.273645
1506	11.273645
1507	11.273645
1508	11.273645
1509	11.273645
1510	11.273645
1511	11.273645
1512	11.273645
1513	11.273645
1514	11.273645
1515	11.273645
1516	11.273645
1517	11.273645
1518	11.273645
1519	11.273645
1520	11.273645
1521	11.273645
1522	11.273645
1523	11.273645
1524	11.273645
1525	11.273645
1526	11.273645
1527	11.273645
1528	11.273645
1529	11.273645
1530	11.273645
1531	11.273645
1532	11.273645
1533	11.273645
1534	11.273645
1535	11.273645
1536	11.273645
1537	11.273645
1538	11.273645
1539	11.273645
1540	11.273645
1541	11.273645
1542	11.273645
1543	11.273645
1544	11.273645
1545	11.273645
1546	11.273645
1547	11.273645
1548	11.273645
1549	11.273645
1550	11.273645
1551	11.273645
1552	11.273645
1553	11.273645
1554	11.273645
1555	11.273645
1556	11.273645
1557	11.273645
1558	11.273645
1559	11.273645
1560	11.273645
1561	11.273645
1562	11.273645
1563	11.273645
1564	11.273645
1565	11.273645
1566	11.273645
1567	11.273645
1568	11.273645
1569	11.273645
1570	11.276829
1571	11.276829
1572	11.276829
1573	11.276829
1574	11.276829
1575	11.276829
1576	11.276829
1577	11.276829
1578	11.276829
1579	11.276829
1580	11.276829
1581	11.276829
1582	11.276829
1583	11.276829
1584	11.276829
1585	11.276829
1586	11.276829
1587	11.276829
1588	11.276829
1589	11.276829
1590	11.276829
1591	11.276829
1592	11.276829
1593	11.276829
1594	11.276829
1595	11.276829
1596	11.276829
1597	11.276829
1598	11.276829
1599	11.276829
1600	11.276829
1601	11.276829
1602	11.276829
1603	11.276829
1604	11.276829
1605	11.276829
1606	11.276829
1607	11.276829
1608	11.276829
1609	11.276829
1610	11.276829
1611	11.276829
1612	11.276829
1613	11.276829
1614	11.276829
1615	11.276829
1616	11.276829
1617	11.276829
1618	11.276829
1619	11.276829
1620	11.276829
1621	11.276829
1622	11.276829
1623	11.276829
1624	11.276829
1625	11.276829
1626	11.276829
1627	11.276829
1628	11.276829
1629	11.276829
1630	11.276829
1631	11.276829
1632	11.276829
1633	11.247126
1634	11.247126
1635	11.247126
1636	11.247126
1637	11.247126
1638	11.247126
1639	11.247126
1640	11.247126
1641	11.247126
1642	11.247126
1643	11.247126
1644	11.247126
1645	11.247126
1646	11.247126
1647	11.247126
1648	11.254091
1649	11.254091
1650	11.254091
1651	11.254091
1652	11.254091
1653	11.254091
1654	11.254091
1655	11.254091
1656	11.254091
1657	11.254091
1658	11.254091
1659	11.254091
1660	11.254091
1661	11.254091
1662	11.254091
1663	11.254091
1664	11.254091
1665	11.254091
1666	11.254091
1667	11.254091
1668	11.254091
1669	11.254091
1670	11.254091
1671	11.254091
1672	11.254091
1673	11.254091
1674	11.254091
1675	11.254091
1676	11.254091
1677	11.254091
1678	11.254091
1679	11.254091
1680	11.254091
1681	11.254091
1682	11.254091
1683	11.254091
1684	11.254091
1685	11.254091
1686	11.254091
1687	11.254091
1688	11.254091
1689	11.254091
1690	11.254091
1691	11.254091
1692	11.254091
1693	11.254091
1694	11.254091
1695	11.254091
1696	11.254091
1697	11.254091
1698	11.254091
1699	11.254091
1700	11.254091
1701	11.254091
1702	11.263352
1703	11.263352
1704	11.263352
1705	11.263352
1706	11.263352
1707	11.263352
1708	11.263352
1709	11.263352
1710	11.263352
1711	11.263352
1712	11.263352
1713	11.263352
1714	11.263352
1715	11.263352
1716	11.263352
1717	11.263352
1718	11.263352
1719	11.263352
1720	11.263352
1721	11.263352
1722	11.263352
1723	11.263352
1724	11.263352
1725	11.263352
1726	11.263352
1727	11.263352
1728	11.263352
1729	11.263352
1730	11.263352
1731	11.263352
1732	11.263352
1733	11.263352
1734	11.263352
1735	11.263352
1736	11.263352
1737	11.263352
1738	11.263352
1739	11.263352
1740	11.263352
1741	11.263352
1742	11.263352
1743	11.263352
1744	11.263352
1745	11.263352
1746	11.263352
1747	11.263352
1748	11.263352
1749	11.263352
1750	11.263352
1751	11.263352
1752	11.263352
1753	11.263352
1754	11.263352
1755	11.263352
1756	11.263352
1757	11.263352
1758	11.263352
1759	11.263352
1760	11.263352
1761	11.263352
1762	11.263352
1763	11.263352
1764	11.263352
1765	11.263352
1766	11.263352
1767	11.263352
1768	11.263352
1769	11.263352
1770	11.263352
1771	11.263352
1772	11.263352
1773	11.263352
1774	11.263352
1775	11.263352
1776	11.263352
1777	11.263352
1778	11.263352
1779	11.263352
1780	11.263352
1781	11.263352
1782	11.263352
1783	11.263352
1784	11.263352
1785	11.263352
1786	11.263352
1787	11.263352
1788	11.263352
1789	11.263352
1790	11.263352
1791	11.263352
1792	11.263352
1793	11.26773
1794	11.26773
1795	11.26773
1796	11.26773
1797	11.26773
1798	11.26773
1799	11.26773
1800	11.26773
1801	11.26773
1802	11.26773
1803	11.26773
1804	11.26773
1805	11.26773
1806	11.26773
1807	11.27171
1808	11.27171
1809	11.27171
1810	11.27171
1811	11.27171
1812	11.27171
1813	11.27171
1814	11.27171
1815	11.27171
1816	11.27171
1817	11.27171
1818	11.27171
1819	11.27171
1820	11.27171
1821	11.27171
1822	11.27171
1823	11.27171
1824	11.27171
1825	11.27171
1826	11.27171
1827	11.27171
1828	11.27171
1829	11.27171
1830	11.27171
1831	11.27171
1832	11.27171
1833	11.27171
1834	11.27171
1835	11.27171
1836	11.27171
1837	11.27171
1838	11.27171
1839	11.27171
1840	11.27171
1841	11.27171
1842	11.301413
1843	11.301413
1844	11.301413
1845	11.301413
1846	11.301413
1847	11.301413
1848	11.301413
1849	11.301413
1850	11.301413
1851	11.301413
1852	11.301413
1853	11.301413
1854	11.301413
1855	11.301413
1856	11.301413
1857	11.301413
1858	11.301413
1859	11.301413
1860	11.301413
1861	11.301413
1862	11.301413
1863	11.301413
1864	11.301413
1865	11.301413
1866	11.301413
1867	11.301413
1868	11.301413
1869	11.301413
1870	11.301413
1871	11.301413
1872	11.301413
1873	11.301413
1874	11.301413
1875	11.301413
1876	11.301413
1877	11.301413
1878	11.301413
1879	11.301413
1880	11.301413
1881	11.301413
1882	11.301413
1883	11.301413
1884	11.301413
1885	11.301413
1886	11.301413
1887	11.301413
1888	11.301413
1889	11.301413
1890	11.301413
1891	11.301413
1892	11.301413
1893	11.301413
1894	11.301413
1895	11.301413
1896	11.301413
1897	11.301413
1898	11.301413
1899	11.301413
1900	11.301413
1901	11.301413
1902	11.299423
1903	11.299423
1904	11.299423
1905	11.299423
1906	11.299423
1907	11.299423
1908	11.299423
1909	11.299423
1910	11.299423
1911	11.299423
1912	11.299423
1913	11.299423
1914	11.299423
1915	11.299423
1916	11.299423
1917	11.299423
1918	11.299423
1919	11.299423
1920	11.299423
1921	11.299423
1922	11.299423
1923	11.299423
1924	11.299423
1925	11.299423
1926	11.299423
1927	11.299423
1928	11.299423
1929	11.299423
1930	11.299423
1931	11.299423
1932	11.299423
1933	11.299423
1934	11.299423
1935	11.299423
1936	11.299423
1937	11.299423
1938	11.299423
1939	11.299423
1940	11.299423
1941	11.299423
1942	11.299423
1943	11.299423
1944	11.299423
1945	11.299423
1946	11.299423
1947	11.299423
1948	11.299423
1949	11.299423
1950	11.299423
1951	11.299423
1952	11.299423
1953	11.370466
1954	11.370466
1955	11.370466
1956	11.370466
1957	11.370466
1958	11.370466
1959	11.370466
1960	11.370466
1961	11.370466
1962	11.370466
1963	11.370466
1964	11.370466
1965	11.370466
1966	11.370466
1967	11.370466
1968	11.370466
1969	11.370466
1970	11.370466
1971	11.370466
1972	11.370466
1973	11.370466
1974	11.370466
1975	11.370466
1976	11.370466
1977	11.370466
1978	11.370466
1979	11.370466
1980	11.370466
1981	11.370466
1982	11.370466
1983	11.370466
1984	11.370466
1985	11.370466
1986	11.370466
1987	11.370466
1988	11.370466
1989	11.370466
1990	11.370466
1991	11.370466
1992	11.370466
1993	11.370466
1994	11.370466
1995	11.370466
1996	11.370466
1997	11.370466
1998	11.370466
1999	11.370466
2000	11.370466
2001	11.370466
2002	11.370466
2003	11.370466
2004	11.370466
2005	11.370466
2006	11.370466
2007	11.370466
2008	11.370466
2009	11.370466
2010	11.370466
2011	11.370466
2012	11.370466
2013	11.370466
2014	11.370466
2015	11.370466
2016	11.370466
2017	11.370466
2018	11.370466
2019	11.370466
2020	11.370466
2021	11.370466
2022	11.370466
2023	11.370466
2024	11.370466
2025	11.370466
2026	11.370466
2027	11.370466
2028	11.370466
2029	11.370466
2030	11.370466
2031	11.370466
2032	11.370466
2033	11.370466
2034	11.370466
2035	11.370466
2036	11.370466
2037	11.370466
2038	11.370466
2039	11.370466
2040	11.370466
2041	11.370466
2042	11.370466
2043	11.370466
2044	11.370466
2045	11.370466
2046	11.370466
2047	11.370466
2048	11.370466
2049	11.370466
2050	11.370466
2051	11.370466
2052	11.370466
2053	11.370466
2054	11.370466
2055	11.370466
2056	11.370466
2057	11.370466
2058	11.370466
2059	11.370466
2060	11.370466
2061	11.370466
2062	11.370466
2063	11.370466
2064	11.370466
2065	11.370466
2066	11.370466
2067	11.370466
2068	11.370466
2069	11.370466
2070	11.370466
2071	11.370466
2072	11.370466
2073	11.370466
2074	11.370466
2075	11.370466
2076	11.370466
2077	11.370466
2078	11.370466
2079	11.370466
2080	11.370466
2081	11.370466
2082	11.370466
2083	11.370466
2084	11.370466
2085	11.370466
2086	11.370466
2087	11.370466
2088	11.370466
2089	11.370466
2090	11.370466
2091	11.370466
2092	11.370466
2093	11.370466
2094	11.370466
2095	11.370466
2096	11.370466
2097	11.370466
2098	11.370466
2099	11.370466
2100	11.370466
2101	11.370466
2102	11.370466
2103	11.370466
2104	11.370466
2105	11.370466
2106	11.370466
2107	11.370466
2108	11.370466
2109	11.370466
2110	11.370466
2111	11.370466
2112	11.370466
2113	11.370466
2114	11.370466
2115	11.370466
2116	11.370466
2117	11.370466
2118	11.370466
2119	11.370466
2120	11.370466
2121	11.370466
2122	11.370466
2123	11.370466
2124	11.370466
2125	11.370466
2126	11.370466
2127	11.370466
2128	11.370466
2129	11.370466
2130	11.370466
2131	11.370466
2132	11.370466
2133	11.370466
2134	11.370466
2135	11.370466
2136	11.370466
2137	11.370466
2138	11.370466
2139	11.370466
2140	11.370466
2141	11.370466
2142	11.370466
2143	11.370466
2144	11.370466
2145	11.370466
2146	11.370466
2147	11.370466
2148	11.370466
2149	11.370466
2150	11.370466
2151	11.370466
2152	11.370466
2153	11.370466
2154	11.370466
2155	11.370466
2156	11.370466
2157	11.370466
2158	11.370466
2159	11.370466
2160	11.370466
2161	11.370466
2162	11.370466
2163	11.370466
2164	11.370466
2165	11.370466
2166	11.370466
2167	11.370466
2168	11.370466
2169	11.370466
2170	11.370466
2171	11.370466
2172	11.370466
2173	11.370466
2174	11.370466
2175	11.370466
2176	11.370466
2177	11.370466
2178	11.370466
2179	11.370466
2180	11.370466
2181	11.370466
2182	11.370466
2183	11.370466
2184	11.370466
2185	11.370466
2186	11.370466
2187	11.370466
2188	11.370466
2189	11.370466
2190	11.370466
2191	11.370466
2192	11.370466
2193	11.370466
2194	11.370466
2195	11.370466
2196	11.370466
2197	11.370466
2198	11.370466
2199	11.370466
2200	11.370466
2201	11.370466
2202	11.370466
2203	11.370466
2204	11.370466
2205	11.370466
2206	11.370466
2207	11.370466
2208	11.370466
2209	11.370466
2210	11.370466
2211	11.370466
2212	11.370466
2213	11.370466
2214	11.370466
2215	11.370466
2216	11.370466
2217	11.370466
2218	11.370466
2219	11.370466
2220	11.370466
2221	11.370466
2222	11.370466
2223	11.370466
2224	11.370466
2225	11.370466
2226	11.370466
2227	11.370466
2228	11.370466
2229	11.370466
2230	11.370466
2231	11.370466
2232	11.370466
2233	11.370466
2234	11.370466
2235	11.370466
2236	11.370466
2237	11.370466
2238	11.370466
2239	11.370466
2240	11.370466
2241	11.370466
2242	11.421475
2243	11.421475
2244	11.421475
2245	11.421475
2246	11.421475
2247	11.421475
2248	11.421475
2249	11.421475
2250	11.421475
2251	11.421475
2252	11.421475
2253	11.421475
2254	11.421475
2255	11.421475
2256	11.421475
2257	11.421475
2258	11.421475
2259	11.421475
2260	11.421475
2261	11.421475
2262	11.421475
2263	11.421475
2264	11.421475
2265	11.421475
2266	11.421475
2267	11.421475
2268	11.421475
2269	11.421475
2270	11.421475
2271	11.421475
2272	11.421475
2273	11.421475
2274	11.421475
2275	11.421475
2276	11.421475
2277	11.421475
2278	11.421475
2279	11.421475
2280	11.421475
2281	11.421475
2282	11.421475
2283	11.421475
2284	11.421475
2285	11.421475
2286	11.421475
2287	11.421475
2288	11.421475
2289	11.421475
2290	11.421475
2291	11.421475
2292	11.421475
2293	11.421475
2294	11.421475
2295	11.421475
2296	11.421475
2297	11.421475
2298	11.421475
2299	11.421475
2300	11.421475
2301	11.421475
2302	11.421475
2303	11.421475
2304	11.421475
2305	11.421475
2306	11.421475
2307	11.421475
2308	11.421475
2309	11.421475
2310	11.421475
2311	11.421475
2312	11.421475
2313	11.421475
2314	11.421475
2315	11.421475
2316	11.421475
2317	11.421475
2318	11.421475
2319	11.421475
2320	11.421475
2321	11.421475
2322	11.421475
2323	11.421475
2324	11.421475
2325	11.421475
2326	11.421475
2327	11.421475
2328	11.421475
2329	11.421475
2330	11.421475
2331	11.421475
2332	11.421475
2333	11.421475
2334	11.421475
2335	11.421475
2336	11.421475
2337	11.421475
2338	11.421475
2339	11.421475
2340	11.421475
2341	11.421475
2342	11.421475
2343	11.421475
2344	11.421475
2345	11.421475
2346	11.421475
2347	11.421475
2348	11.421475
2349	11.421475
2350	11.421475
2351	11.421475
2352	11.421475
2353	11.421475
2354	11.421475
2355	11.421475
2356	11.421475
2357	11.421475
2358	11.421475
2359	11.421475
2360	11.421475
2361	11.421475
2362	11.421475
2363	11.421475
2364	11.421475
2365	11.421475
2366	11.421475
2367	11.421475
2368	11.421475
2369	11.421475
2370	11.421475
2371	11.421475
2372	11.421475
2373	11.421475
2374	11.421475
2375	11.421475
2376	11.421475
2377	11.421475
2378	11.421475
2379	11.421475
2380	11.421475
2381	11.421475
2382	11.421475
2383	11.421475
2384	11.421475
2385	11.421475
2386	11.421475
2387	11.421475
2388	11.421475
2389	11.421475
2390	11.421475
2391	11.421475
2392	11.421475
2393	11.421475
2394	11.421475
2395	11.421475
2396	11.421475
2397	11.421475
2398	11.421475
2399	11.421475
2400	11.421475
2401	11.421475
2402	11.421475
2403	11.421475
2404	11.421475
2405	11.421475
2406	11.421475
2407	11.421475
2408	11.421475
2409	11.421475
2410	11.421475
2411	11.421475
2412	11.421475
2413	11.421475
2414	11.421475
2415	11.421475
2416	11.421475
2417	11.421475
2418	11.421475
2419	11.421475
2420	11.421475
2421	11.421475
2422	11.421475
2423	11.421475
2424	11.421475
2425	11.421475
2426	11.421475
2427	11.421475
2428	11.421475
2429	11.421475
2430	11.421475
2431	11.421475
2432	11.421475
2433	11.421475
2434	11.421475
2435	11.421475
2436	11.421475
2437	11.421475
2438	11.421475
2439	11.421475
2440	11.421475
2441	11.421475
2442	11.421475
2443	11.421475
2444	11.421475
2445	11.421475
2446	11.421475
2447	11.421475
2448	11.421475
2449	11.421475
2450	11.421475
2451	11.421475
2452	11.421475
2453	11.421475
2454	11.421475
2455	11.421475
2456	11.421475
2457	11.421475
2458	11.421475
2459	11.421475
2460	11.421475
2461	11.421475
2462	11.421475
2463	11.421475
2464	11.421475
2465	11.421475
2466	11.421475
2467	11.421475
2468	11.421475
2469	11.421475
2470	11.421475
2471	11.421475
2472	11.421475
2473	11.421475
2474	11.421475
2475	11.421475
2476	11.421475
2477	11.421475
2478	11.421475
2479	11.421475
2480	11.421475
2481	11.421475
2482	11.421475
2483	11.421475
2484	11.421475
2485	11.421475
2486	11.421475
2487	11.421475
2488	11.421475
2489	11.421475
2490	11.421475
2491	11.421475
2492	11.421475
2493	11.421475
2494	11.421475
2495	11.421475
2496	11.421475
2497	11.421475
2498	11.421475
2499	11.421475
2500	11.421475
2501	11.421475
2502	11.421475
2503	11.421475
2504	11.421475
2505	11.421475
2506	11.421475
2507	11.421475
2508	11.421475
2509	11.421475
2510	11.421475
2511	11.421475
2512	11.421475
2513	11.421475
2514	11.421475
2515	11.421475
2516	11.421475
2517	11.421475
2518	11.421475
2519	11.421475
2520	11.421475
2521	11.421475
2522	11.421475
2523	11.421475
2524	11.421475
2525	11.421475
2526	11.421475
2527	11.421475
2528	11.421475
2529	11.421475
2530	11.421475
2531	11.421475
2532	11.421475
2533	11.421475
2534	11.421475
2535	11.421475
2536	11.421475
2537	11.421475
2538	11.421475
2539	11.421475
2540	11.421475
2541	11.421475
2542	11.421475
2543	11.421475
2544	11.421475
2545	11.421475
2546	11.421475
2547	11.421475
2548	11.421475
2549	11.421475
2550	11.421475
2551	11.421475
2552	11.421475
2553	11.421475
2554	11.421475
2555	11.421475
2556	11.421475
2557	11.421475
2558	11.421475
2559	11.421475
2560	11.421475
2561	11.421475
2562	11.421475
2563	11.421475
2564	11.421475
2565	11.421475
2566	11.421475
2567	11.421475
2568	11.421475
2569	11.421475
2570	11.421475
2571	11.421475
2572	11.421475
2573	11.421475
2574	11.421475
2575	11.421475
2576	11.421475
2577	11.421475
2578	11.421475
2579	11.421475
2580	11.421475
2581	11.421475
2582	11.421475
2583	11.421475
2584	11.421475
2585	11.421475
2586	11.421475
2587	11.421475
2588	11.421475
2589	11.421475
2590	11.421475
2591	11.421475
2592	11.421475
2593	11.421475
2594	11.421475
2595	11.421475
2596	11.421475
2597	11.421475
2598	11.421475
2599	11.421475
2600	11.421475
2601	11.421475
2602	11.421475
2603	11.421475
2604	11.421475
2605	11.421475
2606	11.421475
2607	11.421475
2608	11.421475
2609	11.421475
2610	11.421475
2611	11.421475
2612	11.421475
2613	11.421475
2614	11.421475
2615	11.421475
2616	11.421475
2617	11.421475
2618	11.421475
2619	11.421475
2620	11.421475
2621	11.421475
2622	11.421475
2623	11.421475
2624	11.421475
2625	11.421475
2626	11.421475
2627	11.421475
2628	11.421475
2629	11.421475
2630	11.421475
2631	11.421475
2632	11.421475
2633	11.421475
2634	11.421475
2635	11.421475
2636	11.421475
2637	11.421475
2638	11.421475
2639	11.421475
2640	11.421475
2641	11.421475
2642	11.421475
2643	11.421475
2644	11.421475
2645	11.421475
2646	11.421475
2647	11.421475
2648	11.421475
2649	11.421475
2650	11.421475
2651	11.421475
2652	11.421475
2653	11.421475
2654	11.421475
2655	11.421475
2656	11.421475
2657	11.421475
2658	11.421475
2659	11.421475
2660	11.421475
2661	11.421475
2662	11.421475
2663	11.421475
2664	11.421475
2665	11.421475
2666	11.421475
2667	11.421475
2668	11.421475
2669	11.421475
2670	11.421475
2671	11.421475
2672	11.421475
2673	11.421475
2674	11.421475
2675	11.421475
2676	11.421475
2677	11.421475
2678	11.421475
2679	11.421475
2680	11.421475
2681	11.421475
2682	11.421475
2683	11.421475
2684	11.421475
2685	11.421475
2686	11.421475
2687	11.421475
2688	11.421475
2689	11.421475
2690	11.421475
2691	11.421475
2692	11.421475
2693	11.421475
2694	11.421475
2695	11.421475
2696	11.421475
2697	11.421475
2698	11.421475
2699	11.421475
2700	11.421475
2701	11.421475
2702	11.421475
2703	11.421475
2704	11.421475
2705	11.421475
2706	11.421475
2707	11.421475
2708	11.421475
2709	11.421475
2710	11.421475
2711	11.421475
2712	11.421475
2713	11.421475
2714	11.421475
2715	11.421475
2716	11.421475
2717	11.421475
2718	11.421475
2719	11.421475
2720	11.421475
2721	11.421475
2722	11.421475
2723	11.421475
2724	11.421475
2725	11.421475
2726	11.421475
2727	11.421475
2728	11.421475
2729	11.421475
2730	11.421475
2731	11.421475
2732	11.421475
2733	11.421475
2734	11.421475
2735	11.421475
2736	11.421475
2737	11.421475
2738	11.421475
2739	11.421475
2740	11.421475
2741	11.421475
2742	11.421475
2743	11.421475
2744	11.421475
2745	11.421475
2746	11.421475
2747	11.421475
2748	11.421475
2749	11.421475
2750	11.421475
2751	11.421475
2752	11.421475
2753	11.421475
2754	11.421475
2755	11.421475
2756	11.421475
2757	11.421475
2758	11.421475
2759	11.421475
2760	11.421475
2761	11.421475
2762	11.421475
2763	11.421475
2764	11.421475
2765	11.421475
2766	11.421475
2767	11.421475
2768	11.421475
2769	11.421475
2770	11.421475
2771	11.421475
2772	11.421475
2773	11.421475
2774	11.421475
2775	11.421475
2776	11.421475
2777	11.421475
2778	11.421475
2779	11.421475
2780	11.421475
2781	11.421475
2782	11.421475
2783	11.421475
2784	11.421475
2785	11.421475
2786	11.421475
2787	11.421475
2788	11.421475
2789	11.421475
2790	11.421475
2791	11.421475
2792	11.421475
2793	11.421475
2794	11.421475
2795	11.421475
2796	11.421475
2797	11.421475
2798	11.421475
2799	11.421475
2800	11.421475
2801	11.421475
2802	11.421475
2803	11.421475
2804	11.421475
2805	11.421475
2806	11.421475
2807	11.421475
2808	11.421475
2809	11.421475
2810	11.421475
2811	11.421475
2812	11.421475
2813	11.421475
2814	11.421475
2815	11.421475
2816	11.421475
2817	11.421475
2818	11.421475
2819	11.421475
2820	11.421475
2821	11.421475
2822	11.421475
2823	11.421475
2824	11.421475
2825	11.421475
2826	11.421475
2827	11.421475
2828	11.421475
2829	11.421475
2830	11.421475
2831	11.421475
2832	11.421475
2833	11.421475
2834	11.421475
2835	11.421475
2836	11.421475
2837	11.421475
2838	11.421475
2839	11.421475
2840	11.421475
2841	11.421475
2842	11.421475
2843	11.421475
2844	11.421475
2845	11.421475
2846	11.421475
2847	11.421475
2848	11.421475
2849	11.421475
2850	11.421475
2851	11.421475
2852	11.421475
2853	11.421475
2854	11.421475
2855	11.421475
2856	11.421475
2857	11.421475
2858	11.421475
2859	11.421475
2860	11.421475
2861	11.421475
2862	11.421475
2863	11.421475
2864	11.421475
2865	11.421475
2866	11.421475
2867	11.421475
2868	11.421475
2869	11.421475
2870	11.421475
2871	11.421475
2872	11.421475
2873	11.421475
2874	11.421475
2875	11.421475
2876	11.421475
2877	11.421475
2878	11.421475
2879	11.421475
2880	11.421475
2881	11.421475
2882	11.421475
2883	11.421475
2884	11.421475
2885	11.421475
2886	11.421475
2887	11.421475
2888	11.421475
2889	11.421475
2890	11.421475
2891	11.421475
2892	11.421475
2893	11.421475
2894	11.421475
2895	11.421475
2896	11.421475
2897	11.421475
2898	11.421475
2899	11.421475
2900	11.421475
2901	11.421475
2902	11.421475
2903	11.421475
2904	11.421475
2905	11.421475
2906	11.421475
2907	11.421475
2908	11.421475
2909	11.421475
2910	11.421475
2911	11.421475
2912	11.421475
2913	11.421475
2914	11.421475
2915	11.421475
2916	11.421475
2917	11.421475
2918	11.421475
2919	11.421475
2920	11.421475
2921	11.421475
2922	11.421475
2923	11.421475
2924	11.421475
2925	11.421475
2926	11.421475
2927	11.421475
2928	11.421475
2929	11.421475
2930	11.421475
2931	11.421475
2932	11.421475
2933	11.421475
2934	11.421475
2935	11.421475
2936	11.421475
2937	11.421475
2938	11.421475
2939	11.421475
2940	11.421475
2941	11.421475
2942	11.421475
2943	11.421475
2944	11.421475
2945	11.421475
2946	11.421475
2947	11.421475
2948	11.421475
2949	11.421475
2950	11.421475
2951	11.421475
2952	11.421475
2953	11.421475
2954	11.421475
2955	11.421475
2956	11.421475
2957	11.421475
2958	11.421475
2959	11.421475
2960	11.421475
2961	11.421475
2962	11.421475
2963	11.421475
2964	11.421475
2965	11.421475
2966	11.421475
2967	11.421475
2968	11.421475
2969	11.421475
2970	11.421475
2971	11.421475
2972	11.421475
2973	11.421475
2974	11.421475
2975	11.421475
2976	11.421475
2977	11.421475
2978	11.421475
2979	11.421475
2980	11.421475
2981	11.421475
2982	11.421475
2983	11.421475
2984	11.421475
2985	11.421475
2986	11.421475
2987	11.421475
2988	11.421475
2989	11.421475
2990	11.421475
2991	11.421475
2992	11.421475
2993	11.421475
2994	11.421475
2995	11.421475
2996	11.421475
2997	11.421475
2998	11.421475
2999	11.421475
3000	11.421475
3001	11.421475
3002	11.421475
3003	11.421475
3004	11.421475
3005	11.421475
3006	11.421475
3007	11.421475
3008	11.421475
3009	11.421475
3010	11.421475
3011	11.421475
3012	11.421475
3013	11.421475
3014	11.421475
3015	11.421475
3016	11.421475
3017	11.421475
3018	11.421475
3019	11.421475
3020	11.421475
3021	11.421475
3022	11.421475
3023	11.421475
3024	11.421475
3025	11.421475
3026	11.421475
3027	11.421475
3028	11.421475
3029	11.421475
3030	11.421475
3031	11.421475
3032	11.421475
3033	11.421475
3034	11.421475
3035	11.421475
3036	11.421475
3037	11.421475
3038	11.421475
3039	11.421475
3040	11.421475
3041	11.421475
3042	11.421475
3043	11.421475
3044	11.421475
3045	11.421475
3046	11.421475
3047	11.421475
3048	11.421475
3049	11.421475
3050	11.421475
3051	11.421475
3052	11.421475
3053	11.421475
3054	11.421475
3055	11.421475
3056	11.421475
3057	11.421475
3058	11.421475
3059	11.421475
3060	11.421475
3061	11.421475
3062	11.421475
3063	11.421475
3064	11.421475
3065	11.421475
3066	11.421475
3067	11.421475
3068	11.421475
3069	11.421475
3070	11.421475
3071	11.421475
3072	11.421475
3073	11.421475
3074	11.421475
3075	11.421475
3076	11.421475
3077	11.421475
3078	11.421475
3079	11.421475
3080	11.421475
3081	11.421475
3082	11.421475
3083	11.421475
3084	11.421475
3085	11.421475
3086	11.421475
3087	11.421475
3088	11.421475
3089	11.421475
3090	11.421475
3091	11.421475
3092	11.421475
3093	11.421475
3094	11.421475
3095	11.421475
3096	11.421475
3097	11.421475
3098	11.421475
3099	11.421475
3100	11.421475
3101	11.421475
3102	11.421475
3103	11.421475
3104	11.421475
3105	11.421475
3106	11.421475
3107	11.421475
3108	11.421475
3109	11.421475
3110	11.421475
3111	11.421475
3112	11.421475
3113	11.421475
3114	11.421475
3115	11.421475
3116	11.421475
3117	11.421475
3118	11.421475
3119	11.421475
3120	11.421475
3121	11.421475
3122	11.421475
3123	11.421475
3124	11.421475
3125	11.421475
3126	11.421475
3127	11.421475
3128	11.421475
3129	11.421475
3130	11.421475
3131	11.421475
3132	11.421475
3133	11.421475
3134	11.421475
3135	11.421475
3136	11.421475
3137	11.421475
3138	11.421475
3139	11.421475
3140	11.421475
3141	11.421475
3142	11.421475
3143	11.421475
3144	11.421475
3145	11.421475
3146	11.421475
3147	11.421475
3148	11.421475
3149	11.421475
3150	11.421475
3151	11.421475
3152	11.421475
3153	11.421475
3154	11.421475
3155	11.421475
3156	11.421475
3157	11.421475
3158	11.421475
3159	11.421475
3160	11.421475
3161	11.421475
3162	11.421475
3163	11.421475
3164	11.421475
3165	11.421475
3166	11.421475
3167	11.421475
3168	11.421475
3169	11.421475
3170	11.421475
3171	11.421475
3172	11.421475
3173	11.421475
3174	11.421475
3175	11.421475
3176	11.421475
3177	11.421475
3178	11.421475
3179	11.421475
3180	11.421475
3181	11.421475
3182	11.421475
3183	11.421475
3184	11.421475
3185	11.421475
3186	11.421475
3187	11.421475
3188	11.421475
3189	11.421475
3190	11.421475
3191	11.421475
3192	11.421475
3193	11.421475
3194	11.421475
3195	11.421475
3196	11.421475
3197	11.421475
3198	11.421475
3199	11.421475
3200	11.421475
3201	11.421475
3202	11.421475
3203	11.421475
3204	11.421475
3205	11.421475
3206	11.421475
3207	11.421475
3208	11.421475
3209	11.421475
3210	11.421475
3211	11.421475
3212	11.421475
3213	11.421475
3214	11.421475
3215	11.421475
3216	11.421475
3217	11.421475
3218	11.421475
3219	11.421475
3220	11.421475
3221	11.421475
3222	11.421475
3223	11.421475
3224	11.421475
3225	11.421475
3226	11.421475
3227	11.421475
3228	11.421475
3229	11.421475
3230	11.421475
3231	11.421475
3232	11.421475
3233	11.421475
3234	11.421475
3235	11.421475
3236	11.421475
3237	11.421475
3238	11.421475
3239	11.421475
3240	11.421475
3241	11.421475
3242	11.421475
3243	11.421475
3244	11.421475
3245	11.421475
3246	11.421475
3247	11.421475
3248	11.421475
3249	11.421475
3250	11.421475
3251	11.421475
3252	11.421475
3253	11.421475
3254	11.421475
3255	11.421475
3256	11.421475
3257	11.421475
3258	11.421475
3259	11.421475
3260	11.421475
3261	11.421475
3262	11.421475
3263	11.421475
3264	11.421475
3265	11.421475
3266	11.421475
3267	11.421475
3268	11.421475
3269	11.421475
3270	11.421475
3271	11.421475
3272	11.421475
3273	11.421475
3274	11.421475
3275	11.421475
3276	11.421475
3277	11.421475
3278	11.421475
3279	11.421475
3280	11.421475
3281	11.421475
3282	11.421475
3283	11.421475
3284	11.421475
3285	11.421475
3286	11.421475
3287	11.421475
3288	11.421475
3289	11.421475
3290	11.421475
3291	11.421475
3292	11.421475
3293	11.421475
3294	11.421475
3295	11.421475
3296	11.421475
3297	11.421475
3298	11.421475
3299	11.421475
3300	11.421475
3301	11.421475
3302	11.421475
3303	11.421475
3304	11.421475
3305	11.421475
3306	11.421475
3307	11.421475
3308	11.421475
3309	11.421475
3310	11.421475
3311	11.421475
3312	11.421475
3313	11.421475
3314	11.421475
3315	11.421475
3316	11.421475
3317	11.421475
3318	11.421475
3319	11.421475
3320	11.421475
3321	11.421475
3322	11.421475
3323	11.421475
3324	11.421475
3325	11.421475
3326	11.421475
3327	11.421475
3328	11.421475
3329	11.421475
3330	11.421475
3331	11.421475
3332	11.421475
3333	11.421475
3334	11.421475
3335	11.421475
3336	11.421475
3337	11.421475
3338	11.421475
3339	11.421475
3340	11.421475
3341	11.421475
3342	11.421475
3343	11.421475
3344	11.421475
3345	11.421475
3346	11.421475
3347	11.421475
3348	11.421475
3349	11.421475
3350	11.421475
3351	11.421475
3352	11.421475
3353	11.421475
3354	11.421475
3355	11.421475
3356	11.421475
3357	11.421475
3358	11.421475
3359	11.421475
3360	11.421475
3361	11.421475
3362	11.421475
3363	11.421475
3364	11.421475
3365	11.421475
3366	11.421475
3367	11.421475
3368	11.421475
3369	11.421475
3370	11.421475
3371	11.421475
3372	11.421475
3373	11.421475
3374	11.421475
3375	11.421475
3376	11.421475
3377	11.421475
3378	11.421475
3379	11.421475
3380	11.421475
3381	11.421475
3382	11.421475
3383	11.421475
3384	11.421475
3385	11.421475
3386	11.421475
3387	11.421475
3388	11.421475
3389	11.421475
3390	11.421475
3391	11.421475
3392	11.421475
3393	11.421475
3394	11.421475
3395	11.421475
3396	11.421475
3397	11.421475
3398	11.421475
3399	11.421475
3400	11.421475
3401	11.421475
3402	11.421475
3403	11.421475
3404	11.421475
3405	11.421475
3406	11.421475
3407	11.421475
3408	11.421475
3409	11.421475
3410	11.421475
3411	11.421475
3412	11.421475
3413	11.421475
3414	11.421475
3415	11.421475
3416	11.421475
3417	11.421475
3418	11.421475
3419	11.421475
3420	11.421475
3421	11.421475
3422	11.421475
3423	11.421475
3424	11.421475
3425	11.421475
3426	11.421475
3427	11.421475
3428	11.421475
3429	11.421475
3430	11.421475
3431	11.421475
3432	11.421475
3433	11.421475
3434	11.421475
3435	11.421475
3436	11.421475
3437	11.421475
3438	11.421475
3439	11.421475
3440	11.421475
3441	11.421475
3442	11.421475
3443	11.421475
3444	11.421475
3445	11.421475
3446	11.421475
3447	11.421475
3448	11.421475
3449	11.421475
3450	11.421475
3451	11.421475
3452	11.421475
3453	11.421475
3454	11.421475
3455	11.421475
3456	11.421475
3457	11.421475
3458	11.421475
3459	11.421475
3460	11.421475
3461	11.421475
3462	11.421475
3463	11.421475
3464	11.421475
3465	11.421475
3466	11.421475
3467	11.421475
3468	11.421475
3469	11.421475
3470	11.421475
3471	11.421475
3472	11.421475
3473	11.421475
3474	11.421475
3475	11.421475
3476	11.421475
3477	11.421475
3478	11.421475
3479	11.421475
3480	11.421475
3481	11.421475
3482	11.421475
3483	11.421475
3484	11.421475
3485	11.421475
3486	11.421475
3487	11.421475
3488	11.421475
3489	11.421475
3490	11.421475
3491	11.421475
3492	11.421475
3493	11.421475
3494	11.421475
3495	11.421475
3496	11.421475
3497	11.421475
3498	11.421475
3499	11.421475
3500	11.421475
3501	11.421475
3502	11.421475
3503	11.421475
3504	11.421475
3505	11.421475
3506	11.421475
3507	11.421475
3508	11.421475
3509	11.421475
3510	11.421475
3511	11.421475
3512	11.421475
3513	11.421475
3514	11.421475
3515	11.421475
3516	11.421475
3517	11.421475
3518	11.421475
3519	11.421475
3520	11.421475
3521	11.421475
3522	11.421475
3523	11.421475
3524	11.421475
3525	11.421475
3526	11.421475
3527	11.421475
3528	11.421475
3529	11.421475
3530	11.421475
3531	11.421475
3532	11.421475
3533	11.421475
3534	11.421475
3535	11.421475
3536	11.421475
3537	11.421475
3538	11.421475
3539	11.421475
3540	11.421475
3541	11.421475
3542	11.421475
3543	11.421475
3544	11.421475
3545	11.421475
3546	11.421475
3547	11.421475
3548	11.421475
3549	11.421475
3550	11.421475
3551	11.421475
3552	11.421475
3553	11.421475
3554	11.421475
3555	11.421475
3556	11.421475
3557	11.421475
3558	11.421475
3559	11.421475
3560	11.421475
3561	11.421475
3562	11.421475
3563	11.421475
3564	11.421475
3565	11.421475
3566	11.421475
3567	11.421475
3568	11.421475
3569	11.421475
3570	11.421475
3571	11.421475
3572	11.421475
3573	11.421475
3574	11.421475
3575	11.421475
3576	11.421475
3577	11.421475
3578	11.421475
3579	11.421475
3580	11.421475
3581	11.421475
3582	11.421475
3583	11.421475
3584	11.421475
3585	11.421475
3586	11.421475
3587	11.421475
3588	11.421475
3589	11.421475
3590	11.421475
3591	11.421475
3592	11.421475
3593	11.421475
3594	11.421475
3595	11.421475
3596	11.421475
3597	11.421475
3598	11.421475
3599	11.421475
3600	11.421475
3601	11.421475
3602	11.421475
3603	11.421475
3604	11.421475
3605	11.421475
3606	11.421475
3607	11.421475
3608	11.421475
3609	11.421475
3610	11.421475
3611	11.421475
3612	11.421475
3613	11.421475
3614	11.421475
3615	11.421475
3616	11.421475
3617	11.421475
3618	11.421475
3619	11.421475
3620	11.421475
3621	11.421475
3622	11.421475
3623	11.421475
3624	11.421475
3625	11.421475
3626	11.421475
3627	11.421475
3628	11.421475
3629	11.421475
3630	11.421475
3631	11.421475
3632	11.421475
3633	11.421475
3634	11.421475
3635	11.421475
3636	11.421475
3637	11.421475
3638	11.421475
3639	11.421475
3640	11.421475
3641	11.421475
3642	11.421475
3643	11.421475
3644	11.421475
3645	11.421475
3646	11.421475
3647	11.421475
3648	11.421475
3649	11.421475
3650	11.421475
3651	11.421475
3652	11.421475
3653	11.421475
3654	11.421475
3655	11.421475
3656	11.421475
3657	11.421475
3658	11.421475
3659	11.421475
3660	11.421475
3661	11.421475
3662	11.421475
3663	11.421475
3664	11.421475
3665	11.421475
3666	11.421475
3667	11.421475
3668	11.421475
3669	11.421475
3670	11.421475
3671	11.421475
3672	11.421475
3673	11.421475
3674	11.421475
3675	11.421475
3676	11.421475
3677	11.421475
3678	11.421475
3679	11.421475
3680	11.421475
3681	11.421475
3682	11.421475
3683	11.421475
3684	11.421475
3685	11.421475
3686	11.421475
3687	11.421475
3688	11.421475
3689	11.421475
3690	11.421475
3691	11.421475
3692	11.421475
3693	11.421475
3694	11.421475
3695	11.421475
3696	11.421475
3697	11.421475
3698	11.421475
3699	11.421475
3700	11.421475
3701	11.421475
3702	11.421475
3703	11.421475
3704	11.421475
3705	11.421475
3706	11.421475
3707	11.421475
3708	11.421475
3709	11.421475
3710	11.421475
3711	11.421475
3712	11.421475
3713	11.421475
3714	11.421475
3715	11.421475
3716	11.421475
3717	11.421475
3718	11.421475
3719	11.421475
3720	11.421475
3721	11.421475
3722	11.421475
3723	11.421475
3724	11.421475
3725	11.421475
3726	11.421475
3727	11.421475
3728	11.421475
3729	11.421475
3730	11.421475
3731	11.421475
3732	11.421475
3733	11.421475
3734	11.421475
3735	11.421475
3736	11.421475
3737	11.421475
3738	11.421475
3739	11.421475
3740	11.421475
3741	11.421475
3742	11.421475
3743	11.421475
3744	11.421475
3745	11.421475
3746	11.421475
3747	11.421475
3748	11.421475
3749	11.421475
3750	11.421475
3751	11.421475
3752	11.421475
3753	11.421475
3754	11.421475
3755	11.421475
3756	11.421475
3757	11.421475
3758	11.421475
3759	11.421475
3760	11.421475
3761	11.421475
3762	11.421475
3763	11.421475
3764	11.421475
3765	11.421475
3766	11.421475
3767	11.421475
3768	11.421475
3769	11.421475
3770	11.421475
3771	11.421475
3772	11.421475
3773	11.421475
3774	11.421475
3775	11.421475
3776	11.421475
3777	11.421475
3778	11.421475
3779	11.421475
3780	11.421475
3781	11.421475
3782	11.421475
3783	11.421475
3784	11.421475
3785	11.421475
3786	11.421475
3787	11.421475
3788	11.421475
3789	11.421475
3790	11.421475
3791	11.421475
3792	11.421475
3793	11.421475
3794	11.421475
3795	11.421475
3796	11.421475
3797	11.421475
3798	11.421475
3799	11.421475
3800	11.421475
3801	11.421475
3802	11.421475
3803	11.421475
3804	11.421475
3805	11.421475
3806	11.421475
3807	11.421475
3808	11.421475
3809	11.421475
3810	11.421475
3811	11.421475
3812	11.421475
3813	11.421475
3814	11.421475
3815	11.421475
3816	11.421475
3817	11.421475
3818	11.421475
3819	11.421475
3820	11.421475
3821	11.421475
3822	11.421475
3823	11.421475
3824	11.421475
3825	11.421475
3826	11.421475
3827	11.421475
3828	11.421475
3829	11.421475
3830	11.421475
3831	11.421475
3832	11.421475
3833	11.421475
3834	11.421475
3835	11.421475
3836	11.421475
3837	11.421475
3838	11.421475
3839	11.421475
3840	11.421475
3841	11.421475
3842	11.421475
3843	11.421475
3844	11.421475
3845	11.421475
3846	11.421475
3847	11.421475
3848	11.421475
3849	11.421475
3850	11.421475
3851	11.421475
3852	11.421475
3853	11.421475
3854	11.421475
3855	11.421475
3856	11.421475
3857	11.421475
3858	11.421475
3859	11.421475
3860	11.421475
3861	11.421475
3862	11.421475
3863	11.421475
3864	11.421475
3865	11.421475
3866	11.421475
3867	11.421475
3868	11.421475
3869	11.421475
3870	11.421475
3871	11.421475
3872	11.421475
3873	11.421475
3874	11.421475
3875	11.421475
3876	11.421475
3877	11.421475
3878	11.421475
3879	11.421475
3880	11.421475
3881	11.421475
3882	11.421475
3883	11.421475
3884	11.421475
3885	11.421475
3886	11.421475
3887	11.421475
3888	11.421475
3889	11.421475
3890	11.421475
3891	11.421475
3892	11.421475
3893	11.421475
3894	11.421475
3895	11.421475
3896	11.421475
3897	11.421475
3898	11.421475
3899	11.421475
3900	11.421475
3901	11.421475
3902	11.421475
3903	11.421475
3904	11.421475
3905	11.421475
3906	11.421475
3907	11.421475
3908	11.421475
3909	11.421475
3910	11.421475
3911	11.421475
3912	11.421475
3913	11.421475
3914	11.421475
3915	11.421475
3916	11.421475
3917	11.421475
3918	11.421475
3919	11.421475
3920	11.421475
3921	11.421475
3922	11.421475
3923	11.421475
3924	11.421475
3925	11.421475
3926	11.421475
3927	11.421475
3928	11.421475
3929	11.421475
3930	11.421475
3931	11.421475
3932	11.421475
3933	11.421475
3934	11.421475
3935	11.421475
3936	11.421475
3937	11.421475
3938	11.421475
3939	11.421475
3940	11.421475
3941	11.421475
3942	11.421475
3943	11.421475
3944	11.421475
3945	11.421475
3946	11.421475
3947	11.421475
3948	11.421475
3949	11.421475
3950	11.421475
3951	11.421475
3952	11.421475
3953	11.421475
3954	11.421475
3955	11.421475
3956	11.421475
3957	11.421475
3958	11.421475
3959	11.421475
3960	11.421475
3961	11.421475
3962	11.421475
3963	11.421475
3964	11.421475
3965	11.421475
3966	11.421475
3967	11.421475
3968	11.421475
3969	11.421475
3970	11.421475
3971	11.421475
3972	11.421475
3973	11.421475
3974	11.421475
3975	11.421475
3976	11.421475
3977	11.421475
3978	11.421475
3979	11.421475
3980	11.421475
3981	11.421475
3982	11.421475
3983	11.421475
3984	11.421475
3985	11.421475
3986	11.421475
3987	11.421475
3988	11.421475
3989	11.421475
3990	11.421475
3991	11.421475
3992	11.421475
3993	11.421475
3994	11.421475
3995	11.421475
3996	11.421475
3997	11.421475
3998	11.421475
3999	11.421475
4000	11.421475
4001	11.421475
4002	11.421475
4003	11.421475
4004	11.421475
4005	11.421475
4006	11.421475
4007	11.421475
4008	11.421475
4009	11.421475
4010	11.421475
4011	11.421475
4012	11.421475
4013	11.421475
4014	11.421475
4015	11.421475
4016	11.421475
4017	11.421475
4018	11.421475
4019	11.421475
4020	11.421475
4021	11.421475
4022	11.421475
4023	11.421475
4024	11.421475
4025	11.421475
4026	11.421475
4027	11.421475
4028	11.421475
4029	11.421475
4030	11.421475
4031	11.421475
4032	11.421475
4033	11.421475
4034	11.421475
4035	11.421475
4036	11.421475
4037	11.421475
4038	11.421475
4039	11.421475
4040	11.421475
4041	11.421475
4042	11.421475
4043	11.421475
4044	11.421475
4045	11.421475
4046	11.421475
4047	11.421475
4048	11.421475
4049	11.421475
4050	11.421475
4051	11.421475
4052	11.421475
4053	11.421475
4054	11.421475
4055	11.421475
4056	11.421475
4057	11.421475
4058	11.421475
4059	11.421475
4060	11.421475
4061	11.421475
4062	11.421475
4063	11.421475
4064	11.421475
4065	11.421475
4066	11.421475
4067	11.421475
4068	11.421475
4069	11.421475
4070	11.421475
4071	11.421475
4072	11.421475
4073	11.421475
4074	11.421475
4075	11.421475
4076	11.421475
4077	11.421475
4078	11.421475
4079	11.421475
4080	11.421475
4081	11.421475
4082	11.421475
4083	11.421475
4084	11.421475
4085	11.421475
4086	11.421475
4087	11.421475
4088	11.421475
4089	11.421475
4090	11.421475
4091	11.421475
4092	11.421475
4093	11.421475
4094	11.421475
4095	11.421475
4096	11.421475
4097	11.421475
4098	11.421475
4099	11.421475
4100	11.421475
4101	11.421475
4102	11.421475
4103	11.421475
4104	11.421475
4105	11.421475
4106	11.421475
4107	11.421475
4108	11.421475
4109	11.421475
4110	11.421475
4111	11.421475
4112	11.421475
4113	11.421475
4114	11.421475
4115	11.421475
4116	11.421475
4117	11.421475
4118	11.421475
4119	11.421475
4120	11.421475
4121	11.421475
4122	11.421475
4123	11.421475
4124	11.421475
4125	11.421475
4126	11.421475
4127	11.421475
4128	11.421475
4129	11.421475
4130	11.421475
4131	11.421475
4132	11.421475
4133	11.421475
4134	11.421475
4135	11.421475
4136	11.421475
4137	11.421475
4138	11.421475
4139	11.421475
4140	11.421475
4141	11.421475
4142	11.421475
4143	11.421475
4144	11.421475
4145	11.421475
4146	11.421475
4147	11.421475
4148	11.421475
4149	11.421475
4150	11.421475
4151	11.421475
4152	11.421475
4153	11.421475
4154	11.421475
4155	11.421475
4156	11.421475
4157	11.421475
4158	11.421475
4159	11.421475
4160	11.421475
4161	11.421475
4162	11.421475
4163	11.421475
4164	11.421475
4165	11.421475
4166	11.421475
4167	11.421475
4168	11.421475
4169	11.421475
4170	11.421475
4171	11.421475
4172	11.421475
4173	11.421475
4174	11.421475
4175	11.421475
4176	11.421475
4177	11.421475
4178	11.421475
4179	11.421475
4180	11.421475
4181	11.421475
4182	11.421475
4183	11.421475
4184	11.421475
4185	11.421475
4186	11.421475
4187	11.421475
4188	11.421475
4189	11.421475
4190	11.421475
4191	11.421475
4192	11.421475
4193	11.421475
4194	11.421475
4195	11.421475
4196	11.421475
4197	11.421475
4198	11.421475
4199	11.421475
4200	11.421475
4201	11.421475
4202	11.421475
4203	11.421475
4204	11.421475
4205	11.421475
4206	11.421475
4207	11.421475
4208	11.421475
4209	11.421475
4210	11.421475
4211	11.421475
4212	11.421475
4213	11.421475
4214	11.421475
4215	11.421475
4216	11.421475
4217	11.421475
4218	11.421475
4219	11.421475
4220	11.421475
4221	11.421475
4222	11.421475
4223	11.421475
4224	11.421475
4225	11.421475
4226	11.421475
4227	11.421475
4228	11.421475
4229	11.421475
4230	11.421475
4231	11.421475
4232	11.421475
4233	11.421475
4234	11.421475
4235	11.421475
4236	11.421475
4237	11.421475
4238	11.421475
4239	11.421475
4240	11.421475
4241	11.421475
4242	11.421475
4243	11.421475
4244	11.421475
4245	11.421475
4246	11.421475
4247	11.421475
4248	11.421475
4249	11.421475
4250	11.421475
4251	11.421475
4252	11.421475
4253	11.421475
4254	11.421475
4255	11.421475
4256	11.421475
4257	11.421475
4258	11.421475
4259	11.421475
4260	11.421475
4261	11.421475
4262	11.421475
4263	11.421475
4264	11.421475
4265	11.421475
4266	11.421475
4267	11.421475
4268	11.421475
4269	11.421475
4270	11.421475
4271	11.421475
4272	11.421475
4273	11.421475
4274	11.421475
4275	11.421475
4276	11.421475
4277	11.421475
4278	11.421475
4279	11.421475
4280	11.421475
4281	11.421475
4282	11.421475
4283	11.421475
4284	11.421475
4285	11.421475
4286	11.421475
4287	11.421475
4288	11.421475
4289	11.421475
4290	11.421475
4291	11.421475
4292	11.421475
4293	11.421475
4294	11.421475
4295	11.421475
4296	11.421475
4297	11.421475
4298	11.421475
4299	11.421475
4300	11.421475
4301	11.421475
4302	11.421475
4303	11.421475
4304	11.421475
4305	11.421475
4306	11.421475
4307	11.421475
4308	11.421475
4309	11.421475
4310	11.421475
4311	11.421475
4312	11.421475
4313	11.421475
4314	11.421475
4315	11.421475
4316	11.421475
4317	11.421475
4318	11.421475
4319	11.421475
4320	11.421475
4321	11.421475
4322	11.421475
4323	11.421475
4324	11.421475
4325	11.421475
4326	11.421475
4327	11.421475
4328	11.421475
4329	11.421475
4330	11.421475
4331	11.421475
4332	11.421475
4333	11.421475
4334	11.421475
4335	11.421475
4336	11.421475
4337	11.421475
4338	11.421475
4339	11.421475
4340	11.421475
4341	11.421475
4342	11.421475
4343	11.421475
4344	11.421475
4345	11.421475
4346	11.421475
4347	11.421475
4348	11.421475
4349	11.421475
4350	11.421475
4351	11.421475
4352	11.421475
4353	11.421475
4354	11.421475
4355	11.421475
4356	11.421475
4357	11.421475
4358	11.421475
4359	11.421475
4360	11.421475
4361	11.421475
4362	11.421475
4363	11.421475
4364	11.421475
4365	11.421475
4366	11.421475
4367	11.421475
4368	11.421475
4369	11.421475
4370	11.421475
4371	11.421475
4372	11.421475
4373	11.421475
4374	11.421475
4375	11.421475
4376	11.421475
4377	11.421475
4378	11.421475
4379	11.421475
4380	11.421475
4381	11.421475
4382	11.421475
4383	11.421475
4384	11.421475
4385	11.421475
4386	11.421475
4387	11.421475
4388	11.421475
4389	11.421475
4390	11.421475
4391	11.421475
4392	11.421475
4393	11.421475
4394	11.421475
4395	11.421475
4396	11.421475
4397	11.421475
4398	11.421475
4399	11.421475
4400	11.421475
4401	11.421475
4402	11.421475
4403	11.421475
4404	11.421475
4405	11.421475
4406	11.421475
4407	11.421475
4408	11.421475
4409	11.421475
4410	11.421475
4411	11.421475
4412	11.421475
4413	11.421475
4414	11.421475
4415	11.421475
4416	11.421475
4417	11.421475
4418	11.421475
4419	11.421475
4420	11.421475
4421	11.421475
4422	11.421475
4423	11.421475
4424	11.421475
4425	11.421475
4426	11.421475
4427	11.421475
4428	11.421475
4429	11.421475
4430	11.421475
4431	11.421475
4432	11.421475
4433	11.421475
4434	11.421475
4435	11.421475
4436	11.421475
4437	11.421475
4438	11.421475
4439	11.421475
4440	11.421475
4441	11.421475
4442	11.421475
4443	11.421475
4444	11.421475
4445	11.421475
4446	11.421475
4447	11.421475
4448	11.421475
4449	11.421475
4450	11.421475
4451	11.421475
4452	11.421475
4453	11.421475
4454	11.421475
4455	11.421475
4456	11.421475
4457	11.421475
4458	11.421475
4459	11.421475
4460	11.421475
4461	11.421475
4462	11.421475
4463	11.421475
4464	11.421475
4465	11.421475
4466	11.421475
4467	11.421475
4468	11.421475
4469	11.421475
4470	11.421475
4471	11.421475
4472	11.421475
4473	11.421475
4474	11.421475
4475	11.421475
4476	11.421475
4477	11.421475
4478	11.421475
4479	11.421475
4480	11.421475
4481	11.421475
4482	11.421475
4483	11.421475
4484	11.421475
4485	11.421475
4486	11.421475
4487	11.421475
4488	11.421475
4489	11.421475
4490	11.421475
4491	11.421475
4492	11.421475
4493	11.421475
4494	11.421475
4495	11.421475
4496	11.421475
4497	11.421475
4498	11.421475
4499	11.421475
4500	11.421475
4501	11.421475
4502	11.421475
4503	11.421475
4504	11.421475
4505	11.421475
4506	11.421475
4507	11.421475
4508	11.421475
4509	11.421475
4510	11.421475
4511	11.421475
4512	11.421475
4513	11.421475
4514	11.421475
4515	11.421475
4516	11.421475
4517	11.421475
4518	11.421475
4519	11.421475
4520	11.421475
4521	11.421475
4522	11.421475
4523	11.421475
4524	11.421475
4525	11.421475
4526	11.421475
4527	11.421475
4528	11.421475
4529	11.421475
4530	11.421475
4531	11.421475
4532	11.421475
4533	11.421475
4534	11.421475
4535	11.421475
4536	11.421475
4537	11.421475
4538	11.421475
4539	11.421475
4540	11.421475
4541	11.421475
4542	11.421475
4543	11.421475
4544	11.421475
4545	11.421475
4546	11.421475
4547	11.421475
4548	11.421475
4549	11.421475
4550	11.421475
4551	11.421475
4552	11.421475
4553	11.421475
4554	11.421475
4555	11.421475
4556	11.421475
4557	11.421475
4558	11.421475
4559	11.421475
4560	11.421475
4561	11.421475
4562	11.421475
4563	11.421475
4564	11.421475
4565	11.421475
4566	11.421475
4567	11.421475
4568	11.421475
4569	11.421475
4570	11.421475
4571	11.421475
4572	11.421475
4573	11.421475
4574	11.421475
4575	11.421475
4576	11.421475
4577	11.421475
4578	11.421475
4579	11.421475
4580	11.421475
4581	11.421475
4582	11.421475
4583	11.421475
4584	11.421475
4585	11.421475
4586	11.421475
4587	11.421475
4588	11.421475
4589	11.421475
4590	11.421475
4591	11.421475
4592	11.421475
4593	11.421475
4594	11.421475
4595	11.421475
4596	11.421475
4597	11.421475
4598	11.421475
4599	11.421475
4600	11.421475
4601	11.421475
4602	11.421475
4603	11.421475
4604	11.421475
4605	11.421475
4606	11.421475
4607	11.421475
4608	11.421475
4609	11.421475
4610	11.421475
4611	11.421475
4612	11.421475
4613	11.421475
4614	11.421475
4615	11.421475
4616	11.421475
4617	11.421475
4618	11.421475
4619	11.421475
4620	11.421475
4621	11.421475
4622	11.421475
4623	11.421475
4624	11.421475
4625	11.421475
4626	11.421475
4627	11.421475
4628	11.421475
4629	11.421475
4630	11.421475
4631	11.421475
4632	11.421475
4633	11.421475
4634	11.421475
4635	11.421475
4636	11.421475
4637	11.421475
4638	11.421475
4639	11.421475
4640	11.421475
4641	11.421475
4642	11.421475
4643	11.421475
4644	11.421475
4645	11.421475
4646	11.421475
4647	11.421475
4648	11.421475
4649	11.421475
4650	11.421475
4651	11.421475
4652	11.421475
4653	11.421475
4654	11.421475
4655	11.421475
4656	11.421475
4657	11.421475
4658	11.421475
4659	11.421475
4660	11.421475
4661	11.421475
4662	11.421475
4663	11.421475
4664	11.421475
4665	11.421475
4666	11.421475
4667	11.421475
4668	11.421475
4669	11.421475
4670	11.421475
4671	11.421475
4672	11.421475
4673	11.421475
4674	11.421475
4675	11.421475
4676	11.421475
4677	11.421475
4678	11.421475
4679	11.421475
4680	11.421475
4681	11.421475
4682	11.421475
4683	11.421475
4684	11.421475
4685	11.421475
4686	11.421475
4687	11.421475
4688	11.421475
4689	11.421475
4690	11.421475
4691	11.421475
4692	11.421475
4693	11.421475
4694	11.421475
4695	11.421475
4696	11.421475
4697	11.421475
4698	11.421475
4699	11.421475
4700	11.421475
4701	11.421475
4702	11.421475
4703	11.421475
4704	11.421475
4705	11.421475
4706	11.421475
4707	11.421475
4708	11.421475
4709	11.421475
4710	11.421475
4711	11.421475
4712	11.421475
4713	11.421475
4714	11.421475
4715	11.421475
4716	11.421475
4717	11.421475
4718	11.421475
4719	11.421475
4720	11.421475
4721	11.421475
4722	11.421475
4723	11.421475
4724	11.421475
4725	11.421475
4726	11.421475
4727	11.421475
4728	11.421475
4729	11.421475
4730	11.421475
4731	11.421475
4732	11.421475
4733	11.421475
4734	11.421475
4735	11.421475
4736	11.421475
4737	11.421475
4738	11.421475
4739	11.421475
4740	11.421475
4741	11.421475
4742	11.421475
4743	11.421475
4744	11.421475
4745	11.421475
4746	11.421475
4747	11.421475
4748	11.421475
4749	11.421475
4750	11.421475
4751	11.421475
4752	11.421475
4753	11.421475
4754	11.421475
4755	11.421475
4756	11.421475
4757	11.421475
4758	11.421475
4759	11.421475
4760	11.421475
4761	11.421475
4762	11.421475
4763	11.421475
4764	11.421475
4765	11.421475
4766	11.421475
4767	11.421475
4768	11.421475
4769	11.421475
4770	11.421475
4771	11.421475
4772	11.421475
4773	11.421475
4774	11.421475
4775	11.421475
4776	11.421475
4777	11.421475
4778	11.421475
4779	11.421475
4780	11.421475
4781	11.421475
4782	11.421475
4783	11.421475
4784	11.421475
4785	11.421475
4786	11.421475
4787	11.421475
4788	11.421475
4789	11.421475
4790	11.421475
4791	11.421475
4792	11.421475
4793	11.421475
4794	11.421475
4795	11.421475
4796	11.421475
4797	11.421475
4798	11.421475
4799	11.421475
4800	11.421475
4801	11.421475
4802	11.421475
4803	11.421475
4804	11.421475
4805	11.421475
4806	11.421475
4807	11.421475
4808	11.421475
4809	11.421475
4810	11.421475
4811	11.421475
4812	11.421475
4813	11.421475
4814	11.421475
4815	11.421475
4816	11.421475
4817	11.421475
4818	11.421475
4819	11.421475
4820	11.421475
4821	11.421475
4822	11.421475
4823	11.421475
4824	11.421475
4825	11.421475
4826	11.421475
4827	11.421475
4828	11.421475
4829	11.421475
4830	11.421475
4831	11.421475
4832	11.421475
4833	11.421475
4834	11.421475
4835	11.421475
4836	11.421475
4837	11.421475
4838	11.421475
4839	11.421475
4840	11.421475
4841	11.421475
4842	11.421475
4843	11.421475
4844	11.421475
4845	11.421475
4846	11.421475
4847	11.421475
4848	11.421475
4849	11.421475
4850	11.421475
4851	11.421475
4852	11.421475
4853	11.421475
4854	11.421475
4855	11.421475
4856	11.421475
4857	11.421475
4858	11.421475
4859	11.421475
4860	11.421475
4861	11.421475
4862	11.421475
4863	11.421475
4864	11.421475
4865	11.421475
4866	11.421475
4867	11.421475
4868	11.421475
4869	11.421475
4870	11.421475
4871	11.421475
4872	11.421475
4873	11.421475
4874	11.421475
4875	11.421475
4876	11.421475
4877	11.421475
4878	11.421475
4879	11.421475
4880	11.421475
4881	11.421475
4882	11.421475
4883	11.421475
4884	11.421475
4885	11.421475
4886	11.421475
4887	11.421475
4888	11.421475
4889	11.421475
4890	11.421475
4891	11.421475
4892	11.421475
4893	11.421475
4894	11.421475
4895	11.421475
4896	11.421475
4897	11.421475
4898	11.421475
4899	11.421475
4900	11.421475
4901	11.421475
4902	11.421475
4903	11.421475
4904	11.421475
4905	11.421475
4906	11.421475
4907	11.421475
4908	11.421475
4909	11.421475
4910	11.421475
4911	11.421475
4912	11.421475
4913	11.421475
4914	11.421475
4915	11.421475
4916	11.421475
4917	11.421475
4918	11.421475
4919	11.421475
4920	11.421475
4921	11.421475
4922	11.421475
4923	11.421475
4924	11.421475
4925	11.421475
4926	11.421475
4927	11.421475
4928	11.421475
4929	11.421475
4930	11.421475
4931	11.421475
4932	11.421475
4933	11.421475
4934	11.421475
4935	11.421475
4936	11.421475
4937	11.421475
4938	11.421475
4939	11.421475
4940	11.421475
4941	11.421475
4942	11.421475
4943	11.421475
4944	11.421475
4945	11.421475
4946	11.421475
4947	11.421475
4948	11.421475
4949	11.421475
4950	11.421475
4951	11.421475
4952	11.421475
4953	11.421475
4954	11.421475
4955	11.421475
4956	11.421475
4957	11.421475
4958	11.421475
4959	11.421475
4960	11.421475
4961	11.421475
4962	11.421475
4963	11.421475
4964	11.421475
4965	11.421475
4966	11.421475
4967	11.421475
4968	11.421475
4969	11.421475
4970	11.421475
4971	11.421475
4972	11.421475
4973	11.421475
4974	11.421475
4975	11.421475
4976	11.421475
4977	11.421475
4978	11.421475
4979	11.421475
4980	11.421475
4981	11.421475
4982	11.421475
4983	11.421475
4984	11.421475
4985	11.421475
4986	11.421475
4987	11.421475
4988	11.421475
4989	11.421475
4990	11.421475
4991	11.421475
4992	11.421475
4993	11.421475
4994	11.421475
4995	11.421475
4996	11.421475
4997	11.421475
4998	11.421475
4999	11.421475
5000	11.421475
5001	11.421475
5002	11.421475
5003	11.421475
5004	11.421475
5005	11.421475
5006	11.421475
5007	11.421475
5008	11.421475
5009	11.421475
5010	11.421475
5011	11.421475
5012	11.421475
5013	11.421475
5014	11.421475
5015	11.421475
5016	11.421475
5017	11.421475
5018	11.421475
5019	11.421475
5020	11.421475
5021	11.421475
5022	11.421475
5023	11.421475
5024	11.421475
5025	11.421475
5026	11.421475
5027	11.421475
5028	11.421475
5029	11.421475
5030	11.421475
5031	11.421475
5032	11.421475
5033	11.421475
5034	11.421475
5035	11.421475
5036	11.421475
5037	11.421475
5038	11.421475
5039	11.421475
5040	11.421475
5041	11.421475
5042	11.421475
5043	11.421475
5044	11.421475
5045	11.421475
5046	11.421475
5047	11.421475
5048	11.421475
5049	11.421475
5050	11.421475
5051	11.421475
5052	11.421475
5053	11.421475
5054	11.421475
5055	11.421475
5056	11.421475
5057	11.421475
5058	11.421475
5059	11.421475
5060	11.421475
5061	11.421475
5062	11.421475
5063	11.421475
5064	11.421475
5065	11.421475
5066	11.421475
5067	11.421475
5068	11.421475
5069	11.421475
5070	11.421475
5071	11.421475
5072	11.421475
5073	11.421475
5074	11.421475
5075	11.421475
5076	11.421475
5077	11.421475
5078	11.421475
5079	11.421475
5080	11.421475
5081	11.421475
5082	11.421475
5083	11.421475
5084	11.421475
5085	11.421475
5086	11.421475
5087	11.421475
5088	11.421475
5089	11.421475
5090	11.421475
5091	11.421475
5092	11.421475
5093	11.421475
5094	11.421475
5095	11.421475
5096	11.421475
5097	11.421475
5098	11.421475
5099	11.421475
5100	11.421475
5101	11.421475
5102	11.421475
5103	11.421475
5104	11.421475
5105	11.421475
5106	11.421475
5107	11.421475
5108	11.421475
5109	11.421475
5110	11.421475
5111	11.421475
5112	11.421475
5113	11.421475
5114	11.421475
5115	11.421475
5116	11.421475
5117	11.421475
5118	11.421475
5119	11.421475
5120	11.421475
5121	11.421475
5122	11.421475
5123	11.421475
5124	11.421475
5125	11.421475
5126	11.421475
5127	11.421475
5128	11.421475
5129	11.421475
5130	11.421475
5131	11.421475
5132	11.421475
5133	11.421475
5134	11.421475
5135	11.421475
5136	11.421475
5137	11.421475
5138	11.421475
5139	11.421475
5140	11.421475
5141	11.421475
5142	11.421475
5143	11.421475
5144	11.421475
5145	11.421475
5146	11.421475
5147	11.421475
5148	11.421475
5149	11.421475
5150	11.421475
5151	11.421475
5152	11.421475
5153	11.421475
5154	11.421475
5155	11.421475
5156	11.421475
5157	11.421475
5158	11.421475
5159	11.421475
5160	11.421475
5161	11.421475
5162	11.421475
5163	11.421475
5164	11.421475
5165	11.421475
5166	11.421475
5167	11.421475
5168	11.421475
5169	11.421475
5170	11.421475
5171	11.421475
5172	11.421475
5173	11.421475
5174	11.421475
5175	11.421475
5176	11.421475
5177	11.421475
5178	11.421475
5179	11.421475
5180	11.421475
5181	11.421475
5182	11.421475
5183	11.421475
5184	11.421475
5185	11.421475
5186	11.421475
5187	11.421475
5188	11.421475
5189	11.421475
5190	11.421475
5191	11.421475
5192	11.421475
5193	11.421475
5194	11.421475
5195	11.421475
5196	11.421475
5197	11.421475
5198	11.421475
5199	11.421475
5200	11.421475
5201	11.421475
5202	11.421475
5203	11.421475
5204	11.421475
5205	11.421475
5206	11.421475
5207	11.421475
5208	11.421475
5209	11.421475
5210	11.421475
5211	11.421475
5212	11.421475
5213	11.421475
5214	11.421475
5215	11.421475
5216	11.421475
5217	11.421475
5218	11.421475
5219	11.421475
5220	11.421475
5221	11.421475
5222	11.421475
5223	11.421475
5224	11.421475
5225	11.421475
5226	11.421475
5227	11.421475
5228	11.421475
5229	11.421475
5230	11.421475
5231	11.421475
5232	11.421475
5233	11.421475
5234	11.421475
5235	11.421475
5236	11.421475
5237	11.421475
5238	11.421475
5239	11.421475
5240	11.421475
5241	11.421475
5242	11.421475
5243	11.421475
5244	11.421475
5245	11.421475
5246	11.421475
5247	11.421475
5248	11.421475
5249	11.421475
5250	11.421475
5251	11.421475
5252	11.421475
5253	11.421475
5254	11.421475
5255	11.421475
5256	11.421475
5257	11.421475
5258	11.421475
5259	11.421475
5260	11.421475
5261	11.421475
5262	11.421475
5263	11.421475
5264	11.421475
5265	11.421475
5266	11.421475
5267	11.421475
5268	11.421475
5269	11.421475
5270	11.421475
5271	11.421475
5272	11.421475
5273	11.421475
5274	11.421475
5275	11.421475
5276	11.421475
5277	11.421475
5278	11.421475
5279	11.421475
5280	11.421475
5281	11.421475
5282	11.421475
5283	11.421475
5284	11.421475
5285	11.421475
5286	11.421475
5287	11.421475
5288	11.421475
5289	11.421475
5290	11.421475
5291	11.421475
5292	11.421475
5293	11.421475
5294	11.421475
5295	11.421475
5296	11.421475
5297	11.421475
5298	11.421475
5299	11.421475
5300	11.421475
