1	7901477.0
2	7987745.0
3	7586457.0
4	8003657.0
5	8014739.0
6	8107811.0
7	7937232.0
8	8162836.0
9	8264266.0
10	8227978.0
11	8239518.0
12	8267676.0
13	8216371.0
14	8277870.0
15	8376078.0
16	8381703.0
17	8408992.0
18	8469742.0
19	8493517.0
20	8498158.0
21	8571047.0
22	8285809.0
23	8577245.0
24	8696930.0
25	8476978.0
26	8428642.0
27	8722076.0
28	8505852.0
29	8746131.0
30	8778351.0
31	8813417.0
32	8819909.0
33	8905829.0
34	8759471.0
35	8918789.0
36	8747102.0
37	8754977.0
38	8894491.0
39	8928859.0
40	8484105.0
41	8912034.0
42	8918755.0
43	8464001.0
44	8926807.0
45	8940609.0
46	8863387.0
47	9044739.0
48	8853071.0
49	8898970.0
50	9146731.0
51	9200911.0
52	9203389.0
53	9210124.0
54	8809359.0
55	9032364.0
56	9178540.0
57	9199279.0
58	8900239.0
59	8893687.0
60	9408588.0
61	8984820.0
62	9279526.0
63	9158897.0
64	9235932.0
65	9248829.0
66	9439828.0
67	9424782.0
68	9323001.0
69	9072501.0
70	9427200.0
71	9405906.0
72	9412338.0
73	8760369.0
74	9058070.0
75	9413352.0
76	9381684.0
77	9145423.0
78	9394806.0
79	9318009.0
80	9429029.0
81	9147405.0
82	9442159.0
83	9629418.0
84	9636267.0
85	9578705.0
86	9570296.0
87	9642621.0
88	9185842.0
89	9362531.0
90	9327100.0
91	9700581.0
92	9619620.0
93	9725957.0
94	9548197.0
95	9636668.0
96	9297523.0
97	9100308.0
98	9668853.0
99	9478487.0
100	9620012.0
101	9761414.0
102	9759489.0
103	9761968.0
104	9827541.0
105	9532113.0
106	9829566.0
107	9582096.0
108	9783021.0
109	9831056.0
110	9310763.0
111	9486391.0
112	9534347.0
113	9839366.0
114	9842042.0
115	9697470.0
116	9682105.0
117	9378981.0
118	9871171.0
119	9887371.0
120	9891747.0
121	9850523.0
122	9906261.0
123	9961842.0
124	9920015.0
125	9813025.0
126	9617177.0
127	1.0081961E7
128	9963105.0
129	1.0103019E7
130	1.0128987E7
131	9962644.0
132	9819297.0
133	9918400.0
134	1.0103019E7
135	9762126.0
136	9927017.0
137	9880537.0
138	1.0110307E7
139	1.0022853E7
140	1.0136275E7
141	1.0000694E7
142	9880222.0
143	1.0017419E7
144	1.0110307E7
145	9915697.0
146	1.0039463E7
147	9784045.0
148	1.0185487E7
149	1.0056179E7
150	9884773.0
151	9930231.0
152	1.0193467E7
153	1.0240731E7
154	9764334.0
155	1.008571E7
156	9886667.0
157	9905677.0
158	1.0140428E7
159	1.0142162E7
160	1.014455E7
161	9852543.0
162	1.0360927E7
163	9905599.0
164	1.0307855E7
165	1.0325627E7
166	1.0220635E7
167	1.0311113E7
168	1.0326283E7
169	1.0267492E7
170	1.0534808E7
171	1.0502323E7
172	1.0168642E7
173	1.0246094E7
174	1.0314516E7
175	1.0450203E7
176	1.0208461E7
177	1.0417105E7
178	1.0103407E7
179	1.0208195E7
180	1.0448014E7
181	1.003354E7
182	9987756.0
183	1.0288517E7
184	1.0467267E7
185	9905252.0
186	1.0142444E7
187	1.0252336E7
188	1.0061275E7
189	1.0089319E7
190	1.0081037E7
191	1.0477932E7
192	1.0346075E7
193	1.0261555E7
194	1.0452274E7
195	1.0370273E7
196	1.060733E7
197	1.0093039E7
198	1.0453093E7
199	1.0201546E7
200	1.0115383E7
201	1.0384848E7
202	1.0324551E7
203	1.0382979E7
204	1.0138166E7
205	1.0609342E7
206	1.0597183E7
207	1.0261271E7
208	1.0403922E7
209	1.0211935E7
210	1.0538392E7
211	1.0384209E7
212	1.0209585E7
213	1.0066548E7
214	1.051595E7
215	9994030.0
216	1.000048E7
217	1.0335199E7
218	1.0597383E7
219	1.0556762E7
220	1.0535892E7
221	1.0561023E7
222	1.0216301E7
223	1.0254403E7
224	1.0307177E7
225	1.0477996E7
226	1.0365349E7
227	1.0512467E7
228	1.0404488E7
229	1.0379542E7
230	1.0285519E7
231	1.0368746E7
232	1.0301705E7
233	1.0223429E7
234	1.0202551E7
235	1.0272615E7
236	1.055222E7
237	1.040013E7
238	1.0281867E7
239	1.0522967E7
240	1.0282577E7
241	1.0254665E7
242	1.0606508E7
243	1.0505093E7
244	1.0403335E7
245	1.0387508E7
246	1.0452271E7
247	1.036025E7
248	1.0288506E7
249	1.0565887E7
250	1.0225716E7
251	1.0598664E7
252	1.0594296E7
253	1.0440588E7
254	1.0521064E7
255	9997593.0
256	1.0307046E7
257	1.0222859E7
258	1.0294663E7
259	1.0514359E7
260	1.0269528E7
261	1.0599879E7
262	1.0406984E7
263	1.0300246E7
264	1.0134925E7
265	1.023647E7
266	1.0386905E7
267	1.0589428E7
268	1.0667834E7
269	1.0419539E7
270	1.0445352E7
271	1.0343011E7
272	1.0605268E7
273	1.019899E7
274	1.0221496E7
275	1.0136328E7
276	1.020288E7
277	1.0635057E7
278	1.0504283E7
279	1.0343011E7
280	1.0286752E7
281	1.0670023E7
282	1.0429264E7
283	1.0357941E7
284	1.0463144E7
285	9959958.0
286	1.0335815E7
287	1.0583657E7
288	1.0140711E7
289	1.0443583E7
290	1.0269148E7
291	1.0614263E7
292	1.0662343E7
293	1.0678831E7
294	1.0336449E7
295	1.0519334E7
296	1.0662745E7
297	1.0281953E7
298	1.041445E7
299	9862850.0
300	1.039353E7
301	1.0743077E7
302	1.0370687E7
303	1.0740689E7
304	1.0506505E7
305	1.0780937E7
306	1.0399056E7
307	1.0384979E7
308	1.0753077E7
309	1.0517036E7
310	1.0780937E7
311	1.0371321E7
312	1.0417528E7
313	1.0366463E7
314	1.0659609E7
315	1.0212873E7
316	1.0641108E7
317	1.0565017E7
318	1.0720307E7
319	1.0518953E7
320	1.0554497E7
321	1.0707705E7
322	1.0780937E7
323	1.0364728E7
324	9981042.0
325	1.014778E7
326	1.0168321E7
327	1.0600115E7
328	1.0751684E7
329	1.0422696E7
330	1.0689118E7
331	1.0363647E7
332	1.0388092E7
333	1.0709098E7
334	1.0220178E7
335	1.0659746E7
336	1.0427712E7
337	9922122.0
338	1.0264914E7
339	1.0621153E7
340	1.0307426E7
341	1.0377536E7
342	1.0287422E7
343	1.0090918E7
344	1.0322755E7
345	1.0240071E7
346	1.0361269E7
347	1.0090918E7
348	1.0450217E7
349	1.0296941E7
350	1.045431E7
351	1.0485037E7
352	1.0069845E7
353	1.0323598E7
354	1.006595E7
355	1.0650406E7
356	1.0446923E7
357	1.0698365E7
358	1.0448531E7
359	1.0430948E7
360	1.0355385E7
361	1.0736958E7
362	1.0411896E7
363	1.0500243E7
364	1.0486867E7
365	1.0547121E7
366	1.0359505E7
367	1.0530915E7
368	1.0523232E7
369	1.0707705E7
370	1.0693775E7
371	1.0519795E7
372	1.0449615E7
373	1.0652322E7
374	1.0441916E7
375	1.0636203E7
376	1.0396405E7
377	1.054924E7
378	1.0664469E7
379	1.0132963E7
380	1.0607843E7
381	1.0299818E7
382	1.0347571E7
383	1.0398527E7
384	1.059461E7
385	1.0668765E7
386	1.0222427E7
387	1.0286338E7
388	1.0556849E7
389	1.0374292E7
390	1.0218825E7
391	1.0712133E7
392	1.0649567E7
393	1.0734262E7
394	1.0292097E7
395	1.0691105E7
396	1.0523195E7
397	1.0284322E7
398	1.040404E7
399	1.018064E7
400	1.0839972E7
401	1.0450536E7
402	1.0676394E7
403	1.0694503E7
404	1.0422098E7
405	1.035623E7
406	1.0596355E7
407	1.0272522E7
408	1.0753009E7
409	1.0575141E7
410	1.0352735E7
411	1.058867E7
412	1.0503675E7
413	1.0626246E7
414	1.043127E7
415	1.0827792E7
416	1.028635E7
417	1.0633929E7
418	1.0491722E7
419	1.0494436E7
420	1.0369039E7
421	1.0692011E7
422	1.0816304E7
423	1.0753009E7
424	1.0680475E7
425	1.0590138E7
426	1.0776491E7
427	1.0805744E7
428	1.0496139E7
429	1.0641744E7
430	1.0743178E7
431	1.069709E7
432	1.054586E7
433	1.0821113E7
434	1.0373116E7
435	1.0628837E7
436	1.0755642E7
437	1.0778482E7
438	1.0567415E7
439	1.058348E7
440	1.045427E7
441	1.0825362E7
442	1.0323391E7
443	1.0831233E7
444	1.0752827E7
445	1.0360794E7
446	1.067995E7
447	1.0504674E7
448	1.0851233E7
449	1.057976E7
450	1.0571475E7
451	1.0730054E7
452	1.0042254E7
453	1.0605092E7
454	1.0604693E7
455	1.0560146E7
456	1.053972E7
457	1.0862417E7
458	1.0866171E7
459	1.0813834E7
460	1.0549015E7
461	1.0403629E7
462	1.042459E7
463	1.042459E7
464	1.0718314E7
465	1.0488668E7
466	1.0529874E7
467	1.0310346E7
468	1.086648E7
469	1.0813755E7
470	1.0502726E7
471	1.0660437E7
472	1.0620339E7
473	1.0450271E7
474	1.0606839E7
475	1.0869335E7
476	1.0866599E7
477	1.0388655E7
478	1.0548199E7
479	1.0818839E7
480	1.055312E7
481	1.0693421E7
482	1.0766708E7
483	1.0630558E7
484	1.0604615E7
485	1.0630558E7
486	1.0672847E7
487	1.0668793E7
488	1.029748E7
489	1.050057E7
490	1.066643E7
491	1.0415721E7
492	1.0878758E7
493	1.0942239E7
494	1.0696474E7
495	1.0532605E7
496	1.0598538E7
497	1.0383559E7
498	1.065883E7
499	1.0830323E7
500	1.0736196E7
501	1.0944627E7
502	1.0946187E7
503	1.0675746E7
504	1.0441486E7
505	1.090579E7
506	1.0568684E7
507	1.0828578E7
508	1.0747804E7
509	1.0349484E7
510	1.0893253E7
511	1.0700579E7
512	1.0323317E7
513	1.0499849E7
514	1.0529978E7
515	1.0505203E7
516	1.0827384E7
517	1.0475687E7
518	1.0919042E7
519	1.0930385E7
520	1.0125481E7
521	1.032136E7
522	1.0813619E7
523	1.0247919E7
524	1.0589982E7
525	1.0548454E7
526	1.0995856E7
527	1.0719395E7
528	1.0822678E7
529	1.0874677E7
530	1.0959769E7
531	1.0878048E7
532	1.0619839E7
533	1.046435E7
534	1.0837651E7
535	1.0826117E7
536	1.0265636E7
537	1.0697555E7
538	1.0459638E7
539	1.0866458E7
540	1.0704769E7
541	1.0784789E7
542	1.0683107E7
543	1.0681821E7
544	1.0265636E7
545	1.0630492E7
546	1.0597856E7
547	1.0684343E7
548	1.0683992E7
549	1.0832305E7
550	1.0866458E7
551	1.0898943E7
552	1.0731025E7
553	1.0832305E7
554	1.0771505E7
555	1.0763822E7
556	1.0934024E7
557	1.0845507E7
558	1.0905709E7
559	1.0633278E7
560	1.0549499E7
561	1.080358E7
562	1.0633278E7
563	1.0923946E7
564	1.0571739E7
565	1.0995856E7
566	1.09536E7
567	1.0704146E7
568	1.0433841E7
569	1.0190952E7
570	1.046435E7
571	1.0697555E7
572	1.0878247E7
573	1.0806806E7
574	1.0656592E7
575	1.0930385E7
576	1.0923946E7
577	1.0744554E7
578	1.0587154E7
579	1.088394E7
580	1.0437176E7
581	1.1035457E7
582	1.0799045E7
583	1.1015159E7
584	1.0617159E7
585	1.0714658E7
586	1.0985906E7
587	1.0995856E7
588	1.0544978E7
589	1.0745765E7
590	1.0665634E7
591	1.0186877E7
592	1.0597856E7
593	1.080358E7
594	1.0966603E7
595	1.078213E7
596	1.0474283E7
597	1.0740968E7
598	1.0819741E7
599	1.0784789E7
600	1.0716089E7
601	1.0554275E7
602	1.0683992E7
603	1.0497165E7
604	1.0880038E7
605	1.0930385E7
606	1.0795463E7
607	1.0587087E7
608	1.0898943E7
609	1.0573674E7
610	1.0861258E7
611	1.0804237E7
612	1.0821333E7
613	1.0740968E7
614	1.0632264E7
615	1.0756507E7
616	1.0782882E7
617	1.0697391E7
618	1.0861258E7
619	1.0599927E7
620	1.041966E7
621	1.0979352E7
622	1.0627174E7
623	1.046435E7
624	1.0795472E7
625	1.0808049E7
626	1.0966603E7
627	1.0784789E7
628	1.0936845E7
629	1.0601024E7
630	1.0319098E7
631	1.0784789E7
632	1.0744519E7
633	1.0831464E7
634	1.075484E7
635	1.0876469E7
636	1.0763822E7
637	1.0824517E7
638	1.0587833E7
639	1.0656972E7
640	1.075484E7
641	1.0936845E7
642	1.0978344E7
643	1.0609662E7
644	1.0569642E7
645	1.0644136E7
646	1.0949091E7
647	1.0524974E7
648	1.0204555E7
649	1.0478652E7
650	1.0643436E7
651	1.0775084E7
652	1.0697789E7
653	1.0654906E7
654	1.0502753E7
655	1.0390411E7
656	1.0817234E7
657	1.0792062E7
658	1.0988891E7
659	1.0749542E7
660	1.0654683E7
661	1.0946635E7
662	1.0941131E7
663	1.0258671E7
664	1.0209165E7
665	1.0488096E7
666	1.0620209E7
667	1.0570874E7
668	1.0488096E7
669	1.0831503E7
670	1.0542534E7
671	1.0790508E7
672	1.0640388E7
673	1.0383892E7
674	1.0538951E7
675	1.0590891E7
676	1.0908954E7
677	1.1028492E7
678	1.0828108E7
679	1.0716979E7
680	1.0814483E7
681	1.0415876E7
682	1.0899094E7
683	1.0748734E7
684	1.0988891E7
685	1.0773639E7
686	1.0736782E7
687	1.1044611E7
688	1.0761202E7
689	1.0989488E7
690	1.0812577E7
691	1.0660156E7
692	1.0756708E7
693	1.0715556E7
694	1.0982921E7
695	1.054592E7
696	1.070361E7
697	1.0764853E7
698	1.0464839E7
699	1.0714389E7
700	1.0853969E7
701	1.0928843E7
702	1.0895839E7
703	1.0915875E7
704	1.0783784E7
705	1.0523038E7
706	1.0574111E7
707	1.0761832E7
708	1.0660156E7
709	1.0421741E7
710	1.0649522E7
711	1.085489E7
712	1.0483107E7
713	1.0417492E7
714	1.0314391E7
715	1.0480467E7
716	1.1033666E7
717	1.0656574E7
718	1.0873471E7
719	1.0730576E7
720	1.0636588E7
721	1.0485931E7
722	1.1002423E7
723	1.0987697E7
724	1.0687634E7
725	1.0704208E7
726	1.051625E7
727	1.0620494E7
728	1.0397378E7
729	1.0630094E7
730	1.0574168E7
731	1.0778669E7
732	1.0704208E7
733	1.0730027E7
734	1.0819974E7
735	1.09856E7
736	1.0541255E7
737	1.0468969E7
738	1.0480467E7
739	1.0755534E7
740	1.0846375E7
741	1.0901366E7
742	1.0675929E7
743	1.0444138E7
744	1.0681019E7
745	1.0895839E7
746	1.0971379E7
747	1.0834205E7
748	1.0646611E7
749	1.0591141E7
750	1.0387725E7
751	1.0656574E7
752	1.0574168E7
753	1.0708314E7
754	1.0820392E7
755	1.0711438E7
756	1.0653354E7
757	1.0292154E7
758	1.0851382E7
759	1.060303E7
760	1.0625863E7
761	1.0808556E7
762	1.1004811E7
763	1.0974563E7
764	1.0714389E7
765	1.0678944E7
766	1.060303E7
767	1.1046004E7
768	1.0750091E7
769	1.1020532E7
770	1.0654865E7
771	1.0461852E7
772	1.0865321E7
773	1.08218E7
774	1.1006602E7
775	1.1004413E7
776	1.0852417E7
777	1.0612509E7
778	1.068462E7
779	1.0679427E7
780	1.072442E7
781	1.059798E7
782	1.0521841E7
783	1.0528585E7
784	1.0978344E7
785	1.0625443E7
786	1.0822465E7
787	1.0893839E7
788	1.1019139E7
789	1.0861751E7
790	1.0683227E7
791	1.094836E7
792	1.0723027E7
793	1.0983052E7
794	1.092297E7
795	1.0860934E7
796	1.0943121E7
797	1.0957449E7
798	1.0745568E7
799	1.0442943E7
800	1.0861751E7
801	1.0266682E7
802	1.1030283E7
803	1.0901547E7
804	1.1007995E7
805	1.0484088E7
806	1.090359E7
807	1.062873E7
808	1.0787105E7
809	1.095461E7
810	1.068178E7
811	1.1037289E7
812	1.0795442E7
813	1.0491094E7
814	1.043229E7
815	1.075451E7
816	1.0688216E7
817	1.0981569E7
818	1.0961271E7
819	1.0759955E7
820	1.0646097E7
821	1.0741611E7
822	1.0874712E7
823	1.0543348E7
824	1.0958883E7
825	1.075451E7
826	1.0741376E7
827	1.0957352E7
828	1.091968E7
829	1.0261638E7
830	1.041017E7
831	1.0505783E7
832	1.0723562E7
833	1.0763266E7
834	1.0538598E7
835	1.0959504E7
836	1.0872119E7
837	1.0925373E7
838	1.0787345E7
839	1.0995101E7
840	1.0945948E7
841	1.0731634E7
842	1.0652834E7
843	1.0436816E7
844	1.0871522E7
845	1.086129E7
846	1.1009429E7
847	1.0307069E7
848	1.1001202E7
849	1.0461093E7
850	1.0701377E7
851	1.0795442E7
852	1.0501071E7
853	1.0469839E7
854	1.069122E7
855	1.1013608E7
856	1.075388E7
857	1.0652834E7
858	1.0837978E7
859	1.041017E7
860	1.1015001E7
861	1.1023359E7
862	1.0980375E7
863	1.0635736E7
864	1.0543348E7
865	1.0737419E7
866	1.0583819E7
867	1.0414419E7
868	1.0620834E7
869	1.0698025E7
870	1.041017E7
871	1.0635736E7
872	1.0719746E7
873	1.0921471E7
874	1.091968E7
875	1.0583819E7
876	1.0773813E7
877	1.0283797E7
878	1.0671937E7
879	1.0619415E7
880	1.1038682E7
881	1.0942513E7
882	1.0690179E7
883	1.0698279E7
884	1.0926766E7
885	1.0539991E7
886	1.0510321E7
887	1.0697577E7
888	1.0864111E7
889	1.0552809E7
890	1.0647425E7
891	1.0724955E7
892	1.0286225E7
893	1.0921303E7
894	1.0843282E7
895	1.0477178E7
896	1.0725203E7
897	1.101642E7
898	1.0742224E7
899	1.067333E7
900	1.1002595E7
901	1.0725203E7
902	1.0524391E7
903	1.0867542E7
904	1.0724955E7
905	1.1021369E7
906	1.0742224E7
907	1.0922864E7
908	1.0585212E7
909	1.0867343E7
910	1.0524391E7
911	1.1026523E7
912	1.0643593E7
913	1.0490904E7
914	1.0839371E7
915	1.0872915E7
916	1.0592344E7
917	1.0637129E7
918	1.0894407E7
919	1.0812577E7
920	1.0926766E7
921	1.0724955E7
922	1.0942963E7
923	1.0490904E7
924	1.0724098E7
925	1.0544741E7
926	1.0705509E7
927	1.0998882E7
928	1.0843282E7
929	1.0571442E7
930	1.0517109E7
931	1.0758924E7
932	1.0474538E7
933	1.0480002E7
934	1.0728732E7
935	1.105301E7
936	1.0775676E7
937	1.0636555E7
938	1.0854943E7
939	1.1041667E7
940	1.0810062E7
941	1.1052214E7
942	1.0494299E7
943	1.1004454E7
944	1.0858462E7
945	1.0920277E7
946	1.0719041E7
947	1.0610049E7
948	1.0926366E7
949	1.0635759E7
950	1.0811198E7
951	1.0738487E7
952	1.0956495E7
953	1.0586774E7
954	1.0860595E7
955	1.0688805E7
956	1.0766403E7
957	1.0880875E7
958	1.0763137E7
959	1.0809266E7
960	1.0855922E7
961	1.0862493E7
962	1.0769435E7
963	1.0598744E7
964	1.0876215E7
965	1.1010026E7
966	1.0793215E7
967	1.0797326E7
968	1.0786272E7
969	1.0788738E7
970	1.0907939E7
971	1.1015598E7
972	1.0911258E7
973	1.0711109E7
974	1.0888663E7
975	1.0881074E7
976	1.0861572E7
977	1.0687563E7
978	1.0794124E7
979	1.0657125E7
980	1.0604217E7
981	1.1010026E7
982	1.0862493E7
983	1.0877643E7
984	1.0807552E7
985	1.0972415E7
986	1.0960873E7
987	1.0778643E7
988	1.0940298E7
989	1.0972277E7
990	1.0858462E7
991	1.0738735E7
992	1.0472442E7
993	1.0439598E7
994	1.0657382E7
995	1.07146E7
996	1.07146E7
997	1.0706243E7
998	1.0703964E7
999	1.1012414E7
1000	1.1028546E7
1001	1.07146E7
1002	1.0755756E7
1003	1.0608297E7
1004	1.1066542E7
1005	1.0290891E7
1006	1.056784E7
1007	1.0786569E7
1008	1.0811654E7
1009	1.0544969E7
1010	1.067171E7
1011	1.0726139E7
1012	1.1062761E7
1013	1.1058939E7
1014	1.1026742E7
1015	1.0869273E7
1016	1.0689163E7
1017	1.0753793E7
1018	1.0647426E7
1019	1.077043E7
1020	1.0642425E7
1021	1.0989394E7
1022	1.0909296E7
1023	1.0502398E7
1024	1.0752507E7
1025	1.1069726E7
1026	1.0780579E7
1027	1.0511811E7
1028	1.0872457E7
1029	1.0500607E7
1030	1.0740738E7
1031	1.082871E7
1032	1.0755999E7
1033	1.0645609E7
1034	1.0754615E7
1035	1.0764071E7
1036	1.0781823E7
1037	1.0712749E7
1038	1.0837692E7
1039	1.0446856E7
1040	1.093361E7
1041	1.0952117E7
1042	1.0898387E7
1043	1.0858659E7
1044	1.091248E7
1045	1.0533508E7
1046	1.1053607E7
1047	1.0979725E7
1048	1.0583853E7
1049	1.0832395E7
1050	1.0756977E7
1051	1.1058383E7
1052	1.0783915E7
1053	1.0555435E7
1054	1.0692347E7
1055	1.0999678E7
1056	1.0845507E7
1057	1.1027538E7
1058	1.0914515E7
1059	1.0881816E7
1060	1.0692273E7
1061	1.0586826E7
1062	1.0600978E7
1063	1.0830377E7
1064	1.0661703E7
1065	1.093361E7
1066	1.0786947E7
1067	1.0648101E7
1068	1.0770611E7
1069	1.0940328E7
1070	1.0674894E7
1071	1.0989927E7
1072	1.0600978E7
1073	1.0660957E7
1074	1.066011E7
1075	1.1047464E7
1076	1.0811636E7
1077	1.0764071E7
1078	1.0879577E7
1079	1.0880005E7
1080	1.0803784E7
1081	1.0469253E7
1082	1.0668173E7
1083	1.0893727E7
1084	1.0879084E7
1085	1.0752183E7
1086	1.0943878E7
1087	1.1021767E7
1088	1.0999678E7
1089	1.1030125E7
1090	1.0627561E7
1091	1.0832395E7
1092	1.065061E7
1093	1.0653517E7
1094	1.0923478E7
1095	1.0600882E7
1096	1.1008036E7
1097	1.0953908E7
1098	1.0949499E7
1099	1.0583853E7
1100	1.0923478E7
1101	1.0764071E7
1102	1.0879084E7
1103	1.0730462E7
1104	1.0678534E7
1105	1.1021767E7
1106	1.0997816E7
1107	1.0619786E7
1108	1.0997816E7
1109	1.1046058E7
1110	1.0859998E7
1111	1.0778016E7
1112	1.0571024E7
1113	1.0832395E7
1114	1.0996494E7
1115	1.0542782E7
1116	1.0918685E7
1117	1.0789753E7
1118	1.0774048E7
1119	1.103311E7
1120	1.0925451E7
1121	1.0773614E7
1122	1.0646453E7
1123	1.0464727E7
1124	1.0982252E7
1125	1.0792392E7
1126	1.0856E7
1127	1.0539726E7
1128	1.0542782E7
1129	1.0907149E7
1130	1.0740738E7
1131	1.0502276E7
1132	1.0733814E7
1133	1.0577779E7
1134	1.076446E7
1135	1.0789959E7
1136	1.0541365E7
1137	1.067759E7
1138	1.1033639E7
1139	1.0778016E7
1140	1.0740671E7
1141	1.0907149E7
1142	1.1055398E7
1143	1.0381926E7
1144	1.0692347E7
1145	1.0923478E7
1146	1.0732036E7
1147	1.091248E7
1148	1.0832395E7
1149	1.0803784E7
1150	1.0845507E7
1151	1.0778016E7
1152	1.049353E7
1153	1.0791335E7
1154	1.065061E7
1155	1.0464727E7
1156	1.0892218E7
1157	1.094819E7
1158	1.032519E7
1159	1.0993708E7
1160	1.0646453E7
1161	1.103311E7
1162	1.0446856E7
1163	1.0826548E7
1164	1.0317269E7
1165	1.0898586E7
1166	1.0905334E7
1167	1.1027538E7
1168	1.0756247E7
1169	1.045711E7
1170	1.0755691E7
1171	1.0648101E7
1172	1.0786317E7
1173	1.089095E7
1174	1.1030125E7
1175	1.0800678E7
1176	1.0646453E7
1177	1.0852838E7
1178	1.0759776E7
1179	1.0615314E7
1180	1.0837692E7
1181	1.0639687E7
1182	1.0464727E7
1183	1.0925451E7
1184	1.0789959E7
1185	1.0660957E7
1186	1.0316234E7
1187	1.0756977E7
1188	1.1027538E7
1189	1.1021966E7
1190	1.0721476E7
1191	1.0599226E7
1192	1.0949499E7
1193	1.0317269E7
1194	1.0701044E7
1195	1.080625E7
1196	1.093511E7
1197	1.093361E7
1198	1.0732112E7
1199	1.0720653E7
1200	1.0979725E7
1201	1.053822E7
1202	1.0830377E7
1203	1.0712749E7
1204	1.0599226E7
1205	1.1055796E7
1206	1.0719041E7
1207	1.0668173E7
1208	1.0599287E7
1209	1.0712749E7
1210	1.0914515E7
1211	1.053822E7
1212	1.0953958E7
1213	1.0825064E7
1214	1.0873434E7
1215	1.0949499E7
1216	1.1069726E7
1217	1.1046058E7
1218	1.0948547E7
1219	1.0875974E7
1220	1.094819E7
1221	1.0774048E7
1222	1.0791335E7
1223	1.0446856E7
1224	1.092877E7
1225	1.0571024E7
1226	1.1057567E7
1227	1.1053607E7
1228	1.029E7
1229	1.0784032E7
1230	1.0773614E7
1231	1.0599226E7
1232	1.0469253E7
1233	1.0866327E7
1234	1.0925451E7
1235	1.0705075E7
1236	1.0661703E7
1237	1.0809842E7
1238	1.103311E7
1239	1.0912338E7
1240	1.0653271E7
1241	1.0653271E7
1242	1.0721476E7
1243	1.0621729E7
1244	1.0704059E7
1245	1.0826109E7
1246	1.0959087E7
1247	1.0764071E7
1248	1.0571035E7
1249	1.0586826E7
1250	1.0571035E7
1251	1.0756977E7
1252	1.1021966E7
1253	1.0919083E7
1254	1.0826109E7
1255	1.1021767E7
1256	1.1069726E7
1257	1.0621729E7
1258	1.093511E7
1259	1.0706134E7
1260	1.0837692E7
1261	1.0671726E7
1262	1.0905334E7
1263	1.0511046E7
1264	1.0919083E7
1265	1.0943033E7
1266	1.0775253E7
1267	1.0999678E7
1268	1.0717098E7
1269	1.1053607E7
1270	1.0793265E7
1271	1.0892218E7
1272	1.0784032E7
1273	1.0756977E7
1274	1.082871E7
1275	1.1027538E7
1276	1.0721746E7
1277	1.0784032E7
1278	1.0542782E7
1279	1.0786947E7
1280	1.0784032E7
1281	1.0502276E7
1282	1.0775253E7
1283	1.0880005E7
1284	1.0879577E7
1285	1.0661703E7
1286	1.103311E7
1287	1.0852838E7
1288	1.0809842E7
1289	1.0873434E7
1290	1.0728725E7
1291	1.0876497E7
1292	1.0920954E7
1293	1.0269831E7
1294	1.0791335E7
1295	1.0845507E7
1296	1.0993708E7
1297	1.0755528E7
1298	1.0800678E7
1299	1.0759776E7
1300	1.0600882E7
1301	1.1021966E7
1302	1.032519E7
1303	1.0837692E7
1304	1.1053607E7
1305	1.0953958E7
1306	1.0294075E7
1307	1.094819E7
1308	1.0875974E7
1309	1.067759E7
1310	1.0494084E7
1311	1.087149E7
1312	1.0728621E7
1313	1.1008036E7
1314	1.0875974E7
1315	1.0392968E7
1316	1.0773614E7
1317	1.0918685E7
1318	1.0949499E7
1319	1.0925451E7
1320	1.1012812E7
1321	1.053822E7
1322	1.0866327E7
1323	1.0653517E7
1324	1.0599287E7
1325	1.0648101E7
1326	1.0489954E7
1327	1.094819E7
1328	1.0913113E7
1329	1.082871E7
1330	1.1046045E7
1331	1.0756247E7
1332	1.082871E7
1333	1.0653517E7
1334	1.1033639E7
1335	1.0764071E7
1336	1.0770611E7
1337	1.0775253E7
1338	1.076446E7
1339	1.0585984E7
1340	1.095781E7
1341	1.0661703E7
1342	1.0814873E7
1343	1.0732036E7
1344	1.0914515E7
1345	1.1044254E7
1346	1.0739504E7
1347	1.0650978E7
1348	1.0655252E7
1349	1.0858659E7
1350	1.0920954E7
1351	1.0872457E7
1352	1.0600978E7
1353	1.0599226E7
1354	1.0730462E7
1355	1.0646453E7
1356	1.0996494E7
1357	1.1027538E7
1358	1.0339506E7
1359	1.0740738E7
1360	1.082871E7
1361	1.0752183E7
1362	1.056637E7
1363	1.0730462E7
1364	1.0881919E7
1365	1.0898586E7
1366	1.0464727E7
1367	1.0830377E7
1368	1.0789959E7
1369	1.0599287E7
1370	1.0996494E7
1371	1.0494084E7
1372	1.0914515E7
1373	1.0728621E7
1374	1.1066542E7
1375	1.0692347E7
1376	1.0791335E7
1377	1.0758213E7
1378	1.0511046E7
1379	1.0811636E7
1380	1.0786947E7
1381	1.0673797E7
1382	1.056637E7
1383	1.0852838E7
1384	1.0653271E7
1385	1.0989394E7
1386	1.087745E7
1387	1.1070522E7
1388	1.087988E7
1389	1.0796951E7
1390	1.0640483E7
1391	1.0682485E7
1392	1.0927277E7
1393	1.0943829E7
1394	1.049488E7
1395	1.0755938E7
1396	1.0759009E7
1397	1.0656048E7
1398	1.0950295E7
1399	1.0784711E7
1400	1.1030722E7
1401	1.0340302E7
1402	1.0796951E7
1403	1.0678386E7
1404	1.0871211E7
1405	1.0578575E7
1406	1.0878246E7
1407	1.0755938E7
1408	1.0705871E7
1409	1.1008832E7
1410	1.0680176E7
1411	1.1059577E7
1412	1.0693069E7
1413	1.0603282E7
1414	1.1056592E7
1415	1.0755938E7
1416	1.0651406E7
1417	1.0790755E7
1418	1.0587622E7
1419	1.1033906E7
1420	1.104505E7
1421	1.0587622E7
1422	1.0834467E7
1423	1.0827344E7
1424	1.1067338E7
1425	1.1028266E7
1426	1.1008832E7
1427	1.0860794E7
1428	1.0567166E7
1429	1.1000613E7
1430	1.0856796E7
1431	1.0882612E7
1432	1.080458E7
1433	1.0707113E7
1434	1.104826E7
1435	1.1058363E7
1436	1.0668969E7
1437	1.0509018E7
1438	1.0511842E7
1439	1.0503072E7
1440	1.0878903E7
1441	1.0511842E7
1442	1.0704855E7
1443	1.087179E7
1444	1.0325986E7
1445	1.0325986E7
1446	1.1054403E7
1447	1.0494326E7
1448	1.0290796E7
1449	1.0801474E7
1450	1.0915311E7
1451	1.1058363E7
1452	1.0792131E7
1453	1.0871211E7
1454	1.1067338E7
1455	1.0724453E7
1456	1.0640483E7
1457	1.0704855E7
1458	1.0382722E7
1459	1.0721449E7
1460	1.1030722E7
1461	1.0270627E7
1462	1.0290796E7
1463	1.0719837E7
1464	1.0721679E7
1465	1.0807046E7
1466	1.0913134E7
1467	1.0973609E7
1468	1.0721679E7
1469	1.1035697E7
1470	1.104505E7
1471	1.092175E7
1472	1.0382722E7
1473	1.080458E7
1474	1.0983048E7
1475	1.0899382E7
1476	1.0838488E7
1477	1.0924274E7
1478	1.0954704E7
1479	1.096943E7
1480	1.0724453E7
1481	1.0891746E7
1482	1.0756487E7
1483	1.0809695E7
1484	1.0811523E7
1485	1.0648897E7
1486	1.0318065E7
1487	1.0494326E7
1488	1.0828675E7
1489	1.0943829E7
1490	1.0539016E7
1491	1.073426E7
1492	1.0919879E7
1493	1.0686067E7
1494	1.0891746E7
1495	1.0809695E7
1496	1.0998612E7
1497	1.0294871E7
1498	1.0784711E7
1499	1.0812432E7
1500	1.0501403E7
1501	1.080458E7
1502	1.0787743E7
1503	1.0815634E7
1504	1.0413636E7
1505	1.0731258E7
1506	1.0757773E7
1507	1.0601774E7
1508	1.0593638E7
1509	1.0755194E7
1510	1.0829506E7
1511	1.1013608E7
1512	1.0465523E7
1513	1.0991283E7
1514	1.0719837E7
1515	1.0787113E7
1516	1.0774844E7
1517	1.0953709E7
1518	1.0811523E7
1519	1.080458E7
1520	1.0784828E7
1521	1.0787743E7
1522	1.0719837E7
1523	1.0646405E7
1524	1.0506378E7
1525	1.0894523E7
1526	1.0601774E7
1527	1.0413636E7
1528	1.1046841E7
1529	1.1046841E7
1530	1.0896515E7
1531	1.0717894E7
1532	1.0810638E7
1533	1.0626605E7
1534	1.0838488E7
1535	1.1069129E7
1536	1.0741467E7
1537	1.0926247E7
1538	1.0651774E7
1539	1.0318065E7
1540	1.0693069E7
1541	1.0757773E7
1542	1.0601774E7
1543	1.0620582E7
1544	1.0784828E7
1545	1.0651406E7
1546	1.0878246E7
1547	1.1059179E7
1548	1.0600083E7
1549	1.0941124E7
1550	1.0891746E7
1551	1.0926247E7
1552	1.1067338E7
1553	1.0902407E7
1554	1.0688095E7
1555	1.0899183E7
1556	1.0950295E7
1557	1.1028334E7
1558	1.0886953E7
1559	1.0934406E7
1560	1.0994504E7
1561	1.0899382E7
1562	1.0769936E7
1563	1.0567166E7
1564	1.1028334E7
1565	1.0686067E7
1566	1.0899183E7
1567	1.0820578E7
1568	1.087988E7
1569	1.0906971E7
1570	1.1056194E7
1571	1.0600022E7
1572	1.0540287E7
1573	1.057182E7
1574	1.0652648E7
1575	1.070693E7
1576	1.0935906E7
1577	1.0660906E7
1578	1.0753848E7
1579	1.0853634E7
1580	1.0827574E7
1581	1.0719837E7
1582	1.0827344E7
1583	1.0929566E7
1584	1.1030722E7
1585	1.067569E7
1586	1.1035697E7
1587	1.0578575E7
1588	1.0778812E7
1589	1.0732908E7
1590	1.0713545E7
1591	1.0731258E7
1592	1.0929566E7
1593	1.0651406E7
1594	1.058678E7
1595	1.0668969E7
1596	1.0539016E7
1597	1.0958606E7
1598	1.0784828E7
1599	1.0856796E7
1600	1.0719837E7
1601	1.0652505E7
1602	1.0648897E7
1603	1.0605082E7
1604	1.0771407E7
1605	1.087677E7
1606	1.0651406E7
1607	1.0668969E7
1608	1.0935906E7
1609	1.0792131E7
1610	1.088044E7
1611	1.0926247E7
1612	1.0571831E7
1613	1.0811523E7
1614	1.096943E7
1615	1.0899382E7
1616	1.0465523E7
1617	1.0902407E7
1618	1.1059179E7
1619	1.0603282E7
1620	1.0663592E7
1621	1.0919879E7
1622	1.0790755E7
1623	1.1034435E7
1624	1.088044E7
1625	1.1013608E7
1626	1.0626605E7
1627	1.0913276E7
1628	1.1035697E7
1629	1.0934406E7
1630	1.0540287E7
1631	1.087677E7
1632	1.0807046E7
1633	1.0340302E7
1634	1.0722272E7
1635	1.0729521E7
1636	1.057182E7
1637	1.0648897E7
1638	1.0950295E7
1639	1.0907945E7
1640	1.0393764E7
1641	1.0838488E7
1642	1.0457906E7
1643	1.0990585E7
1644	1.049488E7
1645	1.0503072E7
1646	1.070517E7
1647	1.0790764E7
1648	1.0872455E7
1649	1.0640483E7
1650	1.0787113E7
1651	1.0860794E7
1652	1.0290796E7
1653	1.1028334E7
1654	1.0781375E7
1655	1.0784711E7
1656	1.0601678E7
1657	1.0729521E7
1658	1.0774064E7
1659	1.0954704E7
1660	1.092175E7
1661	1.0756795E7
1662	1.0790764E7
1663	1.0954754E7
1664	1.0845885E7
1665	1.0584649E7
1666	1.0950295E7
1667	1.0811523E7
1668	1.0924274E7
1669	1.0944674E7
1670	1.0543578E7
1671	1.0571831E7
1672	1.0856796E7
1673	1.0660906E7
1674	1.0833191E7
1675	1.0654313E7
1676	1.0958606E7
1677	1.0959883E7
1678	1.1046841E7
1679	1.0601774E7
1680	1.0393764E7
1681	1.0812432E7
1682	1.0880801E7
1683	1.0781375E7
1684	1.088044E7
1685	1.0794061E7
1686	1.0902407E7
1687	1.1069726E7
1688	1.073461E7
1689	1.1059577E7
1690	1.0457906E7
1691	1.1067338E7
1692	1.0755938E7
1693	1.0601774E7
1694	1.1059577E7
1695	1.067933E7
1696	1.0674593E7
1697	1.0764867E7
1698	1.1008832E7
1699	1.0603282E7
1700	1.0382722E7
1701	1.0905352E7
1702	1.0787113E7
1703	1.0948986E7
1704	1.0906971E7
1705	1.0774844E7
1706	1.0790764E7
1707	1.0732908E7
1708	1.0647249E7
1709	1.0605082E7
1710	1.0771407E7
1711	1.0648897E7
1712	1.0628357E7
1713	1.0838488E7
1714	1.0882612E7
1715	1.080458E7
1716	1.0792131E7
1717	1.0943829E7
1718	1.0731258E7
1719	1.1046854E7
1720	1.0859455E7
1721	1.0465523E7
1722	1.0732908E7
1723	1.0663592E7
1724	1.0878246E7
1725	1.0741467E7
1726	1.0896515E7
1727	1.0753848E7
1728	1.0704855E7
1729	1.0882715E7
1730	1.0998612E7
1731	1.0290796E7
1732	1.0318065E7
1733	1.1015399E7
1734	1.0682485E7
1735	1.0646405E7
1736	1.0584649E7
1737	1.0382722E7
1738	1.0713545E7
1739	1.0413636E7
1740	1.0640483E7
1741	1.0680176E7
1742	1.1058363E7
1743	1.0654067E7
1744	1.092175E7
1745	1.07403E7
1746	1.0859455E7
1747	1.070693E7
1748	1.0646405E7
1749	1.0913276E7
1750	1.0680176E7
1751	1.0935906E7
1752	1.105301E7
1753	1.0827574E7
1754	1.0790549E7
1755	1.058678E7
1756	1.0938585E7
1757	1.0827344E7
1758	1.0938585E7
1759	1.0846303E7
1760	1.1008832E7
1761	1.0651774E7
1762	1.0790755E7
1763	1.0668969E7
1764	1.080458E7
1765	1.099019E7
1766	1.0935906E7
1767	1.1028266E7
1768	1.1035697E7
1769	1.1015399E7
1770	1.1028266E7
1771	1.1030722E7
1772	1.0913134E7
1773	1.0950295E7
1774	1.0470049E7
1775	1.0938585E7
1776	1.0730119E7
1777	1.0693069E7
1778	1.0853634E7
1779	1.0509018E7
1780	1.067933E7
1781	1.105301E7
1782	1.0846303E7
1783	1.0543578E7
1784	1.070693E7
1785	1.0603282E7
1786	1.0647249E7
1787	1.0776049E7
1788	1.0722272E7
1789	1.0290796E7
1790	1.0858723E7
1791	1.0807046E7
1792	1.0828675E7
1793	1.0919879E7
1794	1.0662499E7
1795	1.1034435E7
1796	1.049488E7
1797	1.0796951E7
1798	1.0905352E7
1799	1.0382722E7
1800	1.0745754E7
1801	1.0382722E7
1802	1.0972802E7
1803	1.0873253E7
1804	1.088044E7
1805	1.0906971E7
1806	1.0891746E7
1807	1.049075E7
1808	1.0915311E7
1809	1.1070522E7
1810	1.0578575E7
1811	1.0660906E7
1812	1.058678E7
1813	1.1046854E7
1814	1.1008832E7
1815	1.0713545E7
1816	1.1030722E7
1817	1.057182E7
1818	1.0913276E7
1819	1.0756324E7
1820	1.1028266E7
1821	1.0838488E7
1822	1.0340302E7
1823	1.087677E7
1824	1.1070522E7
1825	1.092175E7
1826	1.0877293E7
1827	1.0755194E7
1828	1.0938585E7
1829	1.0810638E7
1830	1.0753848E7
1831	1.0899382E7
1832	1.0593638E7
1833	1.0790764E7
1834	1.0757773E7
1835	1.0938585E7
1836	1.049075E7
1837	1.1015399E7
1838	1.0760572E7
1839	1.0680176E7
1840	1.0794061E7
1841	1.0539016E7
1842	1.0652505E7
1843	1.0894523E7
1844	1.0905352E7
1845	1.0501403E7
1846	1.0834467E7
1847	1.0382722E7
1848	1.0729417E7
1849	1.0845885E7
1850	1.0747744E7
1851	1.0983048E7
1852	1.0587622E7
1853	1.0757773E7
1854	1.0540522E7
1855	1.049075E7
1856	1.0686067E7
1857	1.070517E7
1858	1.0820578E7
1859	1.0790755E7
1860	1.0578575E7
1861	1.0540522E7
1862	1.0784828E7
1863	1.0845885E7
1864	1.0915311E7
1865	1.0648897E7
1866	1.0624184E7
1867	1.0501403E7
1868	1.0809695E7
1869	1.0651406E7
1870	1.075252E7
1871	1.0593638E7
1872	1.058678E7
1873	1.0624184E7
1874	1.073461E7
1875	1.0820431E7
1876	1.057182E7
1877	1.0511842E7
1878	1.0893014E7
1879	1.070184E7
1880	1.0506378E7
1881	1.0807046E7
1882	1.0781375E7
1883	1.0904755E7
1884	1.1056194E7
1885	1.0660906E7
1886	1.0603282E7
1887	1.0948986E7
1888	1.1067338E7
1889	1.0882612E7
1890	1.07403E7
1891	1.0784711E7
1892	1.0845885E7
1893	1.0820578E7
1894	1.1008832E7
1895	1.0796951E7
1896	1.0603282E7
1897	1.0693143E7
1898	1.0722272E7
1899	1.0662499E7
1900	1.0465523E7
1901	1.0991283E7
1902	1.0730119E7
1903	1.049488E7
1904	1.0858723E7
1905	1.0893014E7
1906	1.031703E7
1907	1.0693069E7
1908	1.0871211E7
1909	1.1070522E7
1910	1.1056194E7
1911	1.0913909E7
1912	1.0774064E7
1913	1.0833191E7
1914	1.0756324E7
1915	1.0815162E7
1916	1.0833191E7
1917	1.0782619E7
1918	1.0983048E7
1919	1.0838488E7
1920	1.0811523E7
1921	1.0927277E7
1922	1.092175E7
1923	1.1033906E7
1924	1.0270627E7
1925	1.0784711E7
1926	1.0878903E7
1927	1.0790764E7
1928	1.0603282E7
1929	1.0704855E7
1930	1.0810638E7
1931	1.0769936E7
1932	1.092175E7
1933	1.087552E7
1934	1.067569E7
1935	1.0756324E7
1936	1.1030722E7
1937	1.049075E7
1938	1.0731258E7
1939	1.0894523E7
1940	1.0904755E7
1941	1.0828675E7
1942	1.0925053E7
1943	1.0682485E7
1944	1.096943E7
1945	1.1008832E7
1946	1.0663592E7
1947	1.1059577E7
1948	1.0882715E7
1949	1.0998612E7
1950	1.0958606E7
1951	1.0790549E7
1952	1.0601774E7
1953	1.0826905E7
1954	1.0904755E7
1955	1.070517E7
1956	1.0717894E7
1957	1.0721679E7
1958	1.0771407E7
1959	1.0811133E7
1960	1.0652648E7
1961	1.0587622E7
1962	1.0871211E7
1963	1.0991283E7
1964	1.0756324E7
1965	1.0846303E7
1966	1.0990585E7
1967	1.0757773E7
1968	1.0732908E7
1969	1.0707113E7
1970	1.0605082E7
1971	1.0796499E7
1972	1.031703E7
1973	1.0796499E7
1974	1.0601678E7
1975	1.1028266E7
1976	1.1069726E7
1977	1.0755194E7
1978	1.0784711E7
1979	1.0760572E7
1980	1.0571831E7
1981	1.088044E7
1982	1.0652505E7
1983	1.0640483E7
1984	1.088044E7
1985	1.0878903E7
1986	1.0913134E7
1987	1.0787743E7
1988	1.1067338E7
1989	1.0686067E7
1990	1.0688095E7
1991	1.0953709E7
1992	1.0601774E7
1993	1.0646405E7
1994	1.0774844E7
1995	1.0494326E7
1996	1.0949343E7
1997	1.031703E7
1998	1.0801474E7
1999	1.0893014E7
2000	1.070184E7
2001	1.0820578E7
2002	1.0954754E7
2003	1.0828675E7
2004	1.0717894E7
2005	1.0539016E7
2006	1.0270627E7
2007	1.1033906E7
2008	1.0913276E7
2009	1.0831173E7
2010	1.1030722E7
2011	1.0878903E7
2012	1.0810638E7
2013	1.0511842E7
2014	1.0753848E7
2015	1.0896515E7
2016	1.0891746E7
2017	1.087988E7
2018	1.0784828E7
2019	1.0340302E7
2020	1.0628357E7
2021	1.0756795E7
2022	1.1070522E7
2023	1.0539016E7
2024	1.0511842E7
2025	1.0756324E7
2026	1.0924274E7
2027	1.0693143E7
2028	1.0719837E7
2029	1.0294871E7
2030	1.087677E7
2031	1.0756487E7
2032	1.0688095E7
2033	1.0872455E7
2034	1.0501403E7
2035	1.0907945E7
2036	1.0776049E7
2037	1.0807046E7
2038	1.0707113E7
2039	1.0829506E7
2040	1.0393764E7
2041	1.1067338E7
2042	1.061611E7
2043	1.0571831E7
2044	1.0827574E7
2045	1.0540287E7
2046	1.070693E7
2047	1.0447652E7
2048	1.075252E7
2049	1.0756487E7
2050	1.0755938E7
2051	1.0640483E7
2052	1.1030722E7
2053	1.0828675E7
2054	1.0919879E7
2055	1.0782619E7
2056	1.0769936E7
2057	1.0494326E7
2058	1.0628357E7
2059	1.0948986E7
2060	1.0640483E7
2061	1.0943829E7
2062	1.049075E7
2063	1.0622525E7
2064	1.0757773E7
2065	1.0567166E7
2066	1.0781375E7
2067	1.070184E7
2068	1.0270627E7
2069	1.0571831E7
2070	1.0833191E7
2071	1.0501403E7
2072	1.0571831E7
2073	1.0393764E7
2074	1.0753848E7
2075	1.073426E7
2076	1.0652648E7
2077	1.1059179E7
2078	1.0680176E7
2079	1.0919879E7
2080	1.0998612E7
2081	1.0584649E7
2082	1.0829506E7
2083	1.061611E7
2084	1.0820578E7
2085	1.073426E7
2086	1.0790755E7
2087	1.0540287E7
2088	1.0834467E7
2089	1.0646405E7
2090	1.0340302E7
2091	1.0674593E7
2092	1.070184E7
2093	1.0782619E7
2094	1.0465523E7
2095	1.1035697E7
2096	1.0704855E7
2097	1.1069129E7
2098	1.0730119E7
2099	1.0820578E7
2100	1.0827344E7
2101	1.087179E7
2102	1.096943E7
2103	1.0539016E7
2104	1.0593638E7
2105	1.0886953E7
2106	1.0769936E7
2107	1.0858723E7
2108	1.0620582E7
2109	1.0948986E7
2110	1.0877293E7
2111	1.070184E7
2112	1.0756324E7
2113	1.0838488E7
2114	1.0899183E7
2115	1.0882715E7
2116	1.0457906E7
2117	1.0654067E7
2118	1.0717894E7
2119	1.0950295E7
2120	1.0827344E7
2121	1.073426E7
2122	1.0774844E7
2123	1.0651406E7
2124	1.0721449E7
2125	1.1067338E7
2126	1.0882715E7
2127	1.0465523E7
2128	1.0838488E7
2129	1.0662499E7
2130	1.0810638E7
2131	1.0919879E7
2132	1.0907945E7
2133	1.0872455E7
2134	1.0882715E7
2135	1.1028334E7
2136	1.0820431E7
2137	1.0646405E7
2138	1.0542161E7
2139	1.0704855E7
2140	1.0534304E7
2141	1.0741467E7
2142	1.0926247E7
2143	1.0893014E7
2144	1.0919879E7
2145	1.0757773E7
2146	1.0540522E7
2147	1.0651406E7
2148	1.0340302E7
2149	1.0601678E7
2150	1.0838488E7
2151	1.0511842E7
2152	1.031703E7
2153	1.0846303E7
2154	1.0787743E7
2155	1.0919879E7
2156	1.0662499E7
2157	1.0896515E7
2158	1.0729417E7
2159	1.0790549E7
2160	1.0895951E7
2161	1.0790755E7
2162	1.0959883E7
2163	1.070693E7
2164	1.0872455E7
2165	1.0732908E7
2166	1.0792131E7
2167	1.0651406E7
2168	1.0318065E7
2169	1.0831173E7
2170	1.0688095E7
2171	1.0290796E7
2172	1.0741467E7
2173	1.0938585E7
2174	1.0693143E7
2175	1.058678E7
2176	1.1022762E7
2177	1.0605082E7
2178	1.0605082E7
2179	1.0790755E7
2180	1.0790764E7
2181	1.0954704E7
2182	1.0990585E7
2183	1.0759009E7
2184	1.0902407E7
2185	1.0626605E7
2186	1.0873253E7
2187	1.0465523E7
2188	1.0811523E7
2189	1.0913134E7
2190	1.0413636E7
2191	1.087179E7
2192	1.0626605E7
2193	1.0929566E7
2194	1.0787743E7
2195	1.0722272E7
2196	1.0540287E7
2197	1.0991283E7
2198	1.0941124E7
2199	1.105301E7
2200	1.0572982E7
2201	1.0838488E7
2202	1.0827574E7
2203	1.0793188E7
2204	1.0578575E7
2205	1.0896515E7
2206	1.0661753E7
2207	1.0640483E7
2208	1.0494326E7
2209	1.0470049E7
2210	1.0686067E7
2211	1.0782619E7
2212	1.0950295E7
2213	1.0828675E7
2214	1.0556231E7
2215	1.0512607E7
2216	1.0829506E7
2217	1.0838488E7
2218	1.0998612E7
2219	1.0913276E7
2220	1.0757043E7
2221	1.0929566E7
2222	1.0809695E7
2223	1.0811523E7
2224	1.0724551E7
2225	1.0647249E7
2226	1.0872455E7
2227	1.0600083E7
2228	1.0567166E7
2229	1.0543578E7
2230	1.0812432E7
2231	1.049488E7
2232	1.0745754E7
2233	1.0771407E7
2234	1.0878903E7
2235	1.099729E7
2236	1.1013608E7
2237	1.0640483E7
2238	1.0959883E7
2239	1.1022762E7
2240	1.0790755E7
2241	1.0895951E7
2242	1.0829506E7
2243	1.0913276E7
2244	1.0807046E7
2245	1.0919879E7
2246	1.0829506E7
2247	1.0601774E7
2248	1.0815669E7
2249	1.0771407E7
2250	1.0959883E7
2251	1.0752979E7
2252	1.0828675E7
2253	1.0620582E7
2254	1.0784711E7
2255	1.0290796E7
2256	1.1028334E7
2257	1.0719837E7
2258	1.065096E7
2259	1.0752979E7
2260	1.0944674E7
2261	1.0509018E7
2262	1.1033906E7
2263	1.0811523E7
2264	1.0605082E7
2265	1.1030722E7
2266	1.088044E7
2267	1.0652648E7
2268	1.0721679E7
2269	1.0792131E7
2270	1.087179E7
2271	1.073426E7
2272	1.049075E7
2273	1.0382722E7
2274	1.0678386E7
2275	1.0771407E7
2276	1.1067338E7
2277	1.0782619E7
2278	1.0807046E7
2279	1.0882612E7
2280	1.090613E7
2281	1.0447652E7
2282	1.0693069E7
2283	1.0732908E7
2284	1.0501403E7
2285	1.0654313E7
2286	1.0503072E7
2287	1.0896515E7
2288	1.0494326E7
2289	1.0651774E7
2290	1.0934406E7
2291	1.0572982E7
2292	1.0724551E7
2293	1.0941124E7
2294	1.0787743E7
2295	1.0729521E7
2296	1.1022762E7
2297	1.1069726E7
2298	1.104826E7
2299	1.0511842E7
2300	1.0722272E7
2301	1.0668969E7
2302	1.0678386E7
2303	1.0859455E7
2304	1.0994504E7
2305	1.0382722E7
2306	1.1015399E7
2307	1.0954754E7
2308	1.0853634E7
2309	1.0707113E7
2310	1.0872455E7
2311	1.0810638E7
2312	1.0756795E7
2313	1.0983048E7
2314	1.0651774E7
2315	1.0652505E7
2316	1.0856796E7
2317	1.090613E7
2318	1.0600022E7
2319	1.0952913E7
2320	1.0652648E7
2321	1.0919879E7
2322	1.0393764E7
2323	1.0811133E7
2324	1.0721679E7
2325	1.0294871E7
2326	1.0877293E7
2327	1.0578575E7
2328	1.0584649E7
2329	1.090613E7
2330	1.0948986E7
2331	1.0620582E7
2332	1.0953709E7
2333	1.0919879E7
2334	1.0270627E7
2335	1.0648897E7
2336	1.0858723E7
2337	1.1013608E7
2338	1.0774064E7
2339	1.099019E7
2340	1.0771407E7
2341	1.0838488E7
2342	1.0891746E7
2343	1.0878246E7
2344	1.0652648E7
2345	1.0793188E7
2346	1.0894523E7
2347	1.0907945E7
2348	1.1015399E7
2349	1.0556231E7
2350	1.099019E7
2351	1.0904755E7
2352	1.0603282E7
2353	1.0745754E7
2354	1.104505E7
2355	1.0729521E7
2356	1.0270627E7
2357	1.0827574E7
2358	1.0760572E7
2359	1.0833191E7
2360	1.0755938E7
2361	1.0811133E7
2362	1.049488E7
2363	1.0927277E7
2364	1.0776049E7
2365	1.0682485E7
2366	1.0792131E7
2367	1.0540522E7
2368	1.0838488E7
2369	1.0776049E7
2370	1.096943E7
2371	1.0792131E7
2372	1.0539016E7
2373	1.0601774E7
2374	1.0781375E7
2375	1.1046841E7
2376	1.1035697E7
2377	1.1028334E7
2378	1.0511842E7
2379	1.1033906E7
2380	1.0845885E7
2381	1.0626605E7
2382	1.0660906E7
2383	1.0927277E7
2384	1.0784711E7
2385	1.0626605E7
2386	1.0796499E7
2387	1.0820431E7
2388	1.0954704E7
2389	1.0722272E7
2390	1.0729417E7
2391	1.104505E7
2392	1.096943E7
2393	1.0934406E7
2394	1.0811133E7
2395	1.0829506E7
2396	1.0620582E7
2397	1.0534304E7
2398	1.0812432E7
2399	1.0905352E7
2400	1.049075E7
2401	1.0539016E7
2402	1.0747744E7
2403	1.1030722E7
2404	1.065096E7
2405	1.0470049E7
2406	1.0722272E7
2407	1.0756795E7
2408	1.0846303E7
2409	1.0924274E7
2410	1.099019E7
2411	1.049488E7
2412	1.1069726E7
2413	1.1059577E7
2414	1.0722272E7
2415	1.0952913E7
2416	1.0717894E7
2417	1.0721449E7
2418	1.0790755E7
2419	1.0543578E7
2420	1.0601774E7
2421	1.0688095E7
2422	1.0878903E7
2423	1.0682485E7
2424	1.0833191E7
2425	1.0958606E7
2426	1.0790549E7
2427	1.104826E7
2428	1.0991283E7
2429	1.0413636E7
2430	1.0820431E7
2431	1.067933E7
2432	1.0838488E7
2433	1.0858723E7
2434	1.0512607E7
2435	1.0784828E7
2436	1.0833191E7
2437	1.0721449E7
2438	1.0457906E7
2439	1.0707113E7
2440	1.0776049E7
2441	1.1030722E7
2442	1.0601774E7
2443	1.1000613E7
2444	1.0979181E7
2445	1.0793188E7
2446	1.1028334E7
2447	1.070184E7
2448	1.0919879E7
2449	1.0995101E7
2450	1.087179E7
2451	1.0732908E7
2452	1.0833191E7
2453	1.0494326E7
2454	1.0834467E7
2455	1.0896515E7
2456	1.0270627E7
2457	1.0624184E7
2458	1.061611E7
2459	1.0600083E7
2460	1.090613E7
2461	1.0972802E7
2462	1.0905352E7
2463	1.0919879E7
2464	1.0663592E7
2465	1.0781375E7
2466	1.0811523E7
2467	1.0924274E7
2468	1.0721449E7
2469	1.087988E7
2470	1.0792131E7
2471	1.0878246E7
2472	1.0820578E7
2473	1.0973609E7
2474	1.0764867E7
2475	1.0601678E7
2476	1.0318065E7
2477	1.049488E7
2478	1.0654313E7
2479	1.0605082E7
2480	1.0707113E7
2481	1.0539016E7
2482	1.0382722E7
2483	1.0506378E7
2484	1.0792131E7
2485	1.0600022E7
2486	1.0753848E7
2487	1.0647249E7
2488	1.0983048E7
2489	1.0790755E7
2490	1.0859455E7
2491	1.0572982E7
2492	1.0934406E7
2493	1.0935906E7
2494	1.0661753E7
2495	1.0465523E7
2496	1.0828675E7
2497	1.090613E7
2498	1.0652505E7
2499	1.0878903E7
2500	1.0540522E7
2501	1.0859455E7
2502	1.0948986E7
2503	1.0680176E7
2504	1.096943E7
2505	1.0873253E7
2506	1.0990723E7
2507	1.0860794E7
2508	1.0693069E7
2509	1.0787113E7
2510	1.0926247E7
2511	1.0831173E7
2512	1.0794061E7
2513	1.092175E7
2514	1.1056194E7
2515	1.0871211E7
2516	1.0556231E7
2517	1.0756795E7
2518	1.099019E7
2519	1.0792131E7
2520	1.104505E7
2521	1.0567166E7
2522	1.073461E7
2523	1.1015399E7
2524	1.0790755E7
2525	1.0656048E7
2526	1.1056592E7
2527	1.0893014E7
2528	1.0512607E7
2529	1.0756487E7
2530	1.0856796E7
2531	1.0991283E7
2532	1.0872455E7
2533	1.0873253E7
2534	1.0895951E7
2535	1.0501403E7
2536	1.0994504E7
2537	1.0652648E7
2538	1.0919879E7
2539	1.0944674E7
2540	1.0755194E7
2541	1.073461E7
2542	1.07403E7
2543	1.0584649E7
2544	1.0838488E7
2545	1.0787113E7
2546	1.1022563E7
2547	1.0833191E7
2548	1.0270627E7
2549	1.090613E7
2550	1.0512607E7
2551	1.0834467E7
2552	1.0457906E7
2553	1.0807046E7
2554	1.049488E7
2555	1.0871211E7
2556	1.1034435E7
2557	1.0828675E7
2558	1.0998612E7
2559	1.090613E7
2560	1.1015399E7
2561	1.0290796E7
2562	1.0755194E7
2563	1.0721449E7
2564	1.0622525E7
2565	1.0858723E7
2566	1.0724551E7
2567	1.0769936E7
2568	1.0784711E7
2569	1.0654067E7
2570	1.0707113E7
2571	1.0651774E7
2572	1.0413636E7
2573	1.0593638E7
2574	1.0682485E7
2575	1.0895951E7
2576	1.0663592E7
2577	1.0722272E7
2578	1.0838488E7
2579	1.0778812E7
2580	1.0721679E7
2581	1.0899183E7
2582	1.0540522E7
2583	1.090613E7
2584	1.0838488E7
2585	1.087988E7
2586	1.057182E7
2587	1.1030722E7
2588	1.1046854E7
2589	1.0567166E7
2590	1.0990723E7
2591	1.0656005E7
2592	1.0784711E7
2593	1.0899382E7
2594	1.0603282E7
2595	1.0600083E7
2596	1.1030722E7
2597	1.1000474E7
2598	1.1046854E7
2599	1.0801474E7
2600	1.0652648E7
2601	1.070517E7
2602	1.0894523E7
2603	1.0270627E7
2604	1.0688095E7
2605	1.1067338E7
2606	1.0741467E7
2607	1.0662499E7
2608	1.1013608E7
2609	1.0674593E7
2610	1.0882715E7
2611	1.0539016E7
2612	1.0584649E7
2613	1.1050224E7
2614	1.0784711E7
2615	1.0941124E7
2616	1.0972802E7
2617	1.1069129E7
2618	1.0757773E7
2619	1.0776049E7
2620	1.0584649E7
2621	1.0895951E7
2622	1.0776049E7
2623	1.0810638E7
2624	1.1015399E7
2625	1.0494326E7
2626	1.0747744E7
2627	1.0757773E7
2628	1.0809695E7
2629	1.0809695E7
2630	1.0759009E7
2631	1.104505E7
2632	1.0730119E7
2633	1.070517E7
2634	1.0567166E7
2635	1.0688095E7
2636	1.1050224E7
2637	1.0756487E7
2638	1.0722272E7
2639	1.0801474E7
2640	1.0972802E7
2641	1.0838488E7
2642	1.0794061E7
2643	1.0801474E7
2644	1.0511842E7
2645	1.1046854E7
2646	1.070517E7
2647	1.073461E7
2648	1.0809695E7
2649	1.073461E7
2650	1.1067338E7
2651	1.0899183E7
2652	1.096943E7
2653	1.0950295E7
2654	1.0820431E7
2655	1.0776049E7
2656	1.0827344E7
2657	1.0587622E7
2658	1.0943829E7
2659	1.0693143E7
2660	1.088044E7
2661	1.0827574E7
2662	1.0760572E7
2663	1.0811523E7
2664	1.0781375E7
2665	1.0620582E7
2666	1.087677E7
2667	1.0663592E7
2668	1.1034435E7
2669	1.1058363E7
2670	1.0938585E7
2671	1.0784828E7
2672	1.0470049E7
2673	1.0792131E7
2674	1.0867123E7
2675	1.073461E7
2676	1.0647249E7
2677	1.031703E7
2678	1.0990585E7
2679	1.0926247E7
2680	1.099019E7
2681	1.0811523E7
2682	1.0721679E7
2683	1.073461E7
2684	1.1035697E7
2685	1.0991283E7
2686	1.0787743E7
2687	1.0593638E7
2688	1.0601678E7
2689	1.0656048E7
2690	1.0867123E7
2691	1.0973609E7
2692	1.0540287E7
2693	1.0722272E7
2694	1.0935906E7
2695	1.0796499E7
2696	1.0721679E7
2697	1.0755194E7
2698	1.0663592E7
2699	1.0724453E7
2700	1.104826E7
2701	1.0668969E7
2702	1.0647249E7
2703	1.0548949E7
2704	1.087677E7
2705	1.0713545E7
2706	1.0682485E7
2707	1.0660906E7
2708	1.0457906E7
2709	1.0926247E7
2710	1.087179E7
2711	1.0807046E7
2712	1.0340302E7
2713	1.092175E7
2714	1.0693069E7
2715	1.087179E7
2716	1.0878246E7
2717	1.057182E7
2718	1.0953709E7
2719	1.0973609E7
2720	1.0705871E7
2721	1.0915311E7
2722	1.0878246E7
2723	1.0952913E7
2724	1.067569E7
2725	1.1056592E7
2726	1.0548949E7
2727	1.0663592E7
2728	1.0954704E7
2729	1.104826E7
2730	1.0907945E7
2731	1.0542161E7
2732	1.0688095E7
2733	1.0781375E7
2734	1.073426E7
2735	1.1069726E7
2736	1.0878246E7
2737	1.0899382E7
2738	1.0990723E7
2739	1.0853634E7
2740	1.0713545E7
2741	1.104505E7
2742	1.0470049E7
2743	1.0756487E7
2744	1.0705871E7
2745	1.0704855E7
2746	1.0756487E7
2747	1.104826E7
2748	1.0815634E7
2749	1.031703E7
2750	1.0730119E7
2751	1.0721679E7
2752	1.1013608E7
2753	1.1067338E7
2754	1.0834467E7
2755	1.088044E7
2756	1.0674593E7
2757	1.0915311E7
2758	1.0587622E7
2759	1.0413636E7
2760	1.0506378E7
2761	1.0998612E7
2762	1.104826E7
2763	1.0831173E7
2764	1.0919879E7
2765	1.031703E7
2766	1.0790549E7
2767	1.0548949E7
2768	1.0603282E7
2769	1.0543578E7
2770	1.0778812E7
2771	1.0506378E7
2772	1.0506378E7
2773	1.0934406E7
2774	1.0756795E7
2775	1.0872455E7
2776	1.0796951E7
2777	1.1046854E7
2778	1.0774844E7
2779	1.1059179E7
2780	1.0755938E7
2781	1.0270627E7
2782	1.0829506E7
2783	1.0877293E7
2784	1.0954754E7
2785	1.0600083E7
2786	1.0465523E7
2787	1.0567166E7
2788	1.1069129E7
2789	1.0501403E7
2790	1.0605082E7
2791	1.0915311E7
2792	1.0757043E7
2793	1.0787743E7
2794	1.104826E7
2795	1.0512607E7
2796	1.0867123E7
2797	1.0871211E7
2798	1.0539016E7
2799	1.0872455E7
2800	1.0829506E7
2801	1.0646405E7
2802	1.0600022E7
2803	1.0935906E7
2804	1.0757043E7
2805	1.0948986E7
2806	1.1056592E7
2807	1.0902407E7
2808	1.0915311E7
2809	1.105301E7
2810	1.0548949E7
2811	1.0919879E7
2812	1.0680176E7
2813	1.0578575E7
2814	1.088044E7
2815	1.0926247E7
2816	1.0724551E7
2817	1.0745754E7
2818	1.0556231E7
2819	1.0465523E7
2820	1.0776049E7
2821	1.058678E7
2822	1.0796499E7
2823	1.073426E7
2824	1.067569E7
2825	1.0648897E7
2826	1.0705871E7
2827	1.1000474E7
2828	1.0895951E7
2829	1.0731258E7
2830	1.07403E7
2831	1.0756324E7
2832	1.087988E7
2833	1.1033906E7
2834	1.0906971E7
2835	1.0845885E7
2836	1.0895951E7
2837	1.092175E7
2838	1.049488E7
2839	1.0318065E7
2840	1.0567166E7
2841	1.0721679E7
2842	1.0774064E7
2843	1.070184E7
2844	1.0833191E7
2845	1.0724453E7
2846	1.0929566E7
2847	1.0556231E7
2848	1.0512607E7
2849	1.0729417E7
2850	1.0811523E7
2851	1.0465523E7
2852	1.1033906E7
2853	1.0784828E7
2854	1.049488E7
2855	1.0829506E7
2856	1.0873253E7
2857	1.0584649E7
2858	1.087179E7
2859	1.1067338E7
2860	1.0757773E7
2861	1.0729417E7
2862	1.0724453E7
2863	1.0979181E7
2864	1.0880801E7
2865	1.0913909E7
2866	1.070184E7
2867	1.057182E7
2868	1.0717894E7
2869	1.104505E7
2870	1.0907945E7
2871	1.0593638E7
2872	1.0674593E7
2873	1.0871211E7
2874	1.0896515E7
2875	1.1028334E7
2876	1.0838488E7
2877	1.0941124E7
2878	1.0755938E7
2879	1.0668969E7
2880	1.0807046E7
2881	1.088044E7
2882	1.1035697E7
2883	1.0680176E7
2884	1.0919879E7
2885	1.0913134E7
2886	1.0652648E7
2887	1.0622525E7
2888	1.0878246E7
2889	1.0906971E7
2890	1.0782619E7
2891	1.0668969E7
2892	1.0540287E7
2893	1.1046854E7
2894	1.0601678E7
2895	1.0764867E7
2896	1.0846303E7
2897	1.0893014E7
2898	1.0534304E7
2899	1.0820578E7
2900	1.0707113E7
2901	1.1028334E7
2902	1.0882612E7
2903	1.0540287E7
2904	1.0859455E7
2905	1.1030722E7
2906	1.0926247E7
2907	1.0325986E7
2908	1.067933E7
2909	1.0548949E7
2910	1.0764867E7
2911	1.049075E7
2912	1.0906971E7
2913	1.0959883E7
2914	1.0600083E7
2915	1.0954754E7
2916	1.0584649E7
2917	1.0724453E7
2918	1.0707113E7
2919	1.1034435E7
2920	1.067933E7
2921	1.0325986E7
2922	1.104505E7
2923	1.0878246E7
2924	1.0998612E7
2925	1.0934406E7
2926	1.1046854E7
2927	1.0878246E7
2928	1.1059577E7
2929	1.0652505E7
2930	1.0983048E7
2931	1.0829506E7
2932	1.0831173E7
2933	1.070693E7
2934	1.0540287E7
2935	1.0778812E7
2936	1.067933E7
2937	1.0878903E7
2938	1.1067338E7
2939	1.0776049E7
2940	1.0919879E7
2941	1.0787113E7
2942	1.0995101E7
2943	1.0512607E7
2944	1.0587622E7
2945	1.0654313E7
2946	1.0913134E7
2947	1.1013608E7
2948	1.0790549E7
2949	1.0871211E7
2950	1.0601678E7
2951	1.0894523E7
2952	1.1028334E7
2953	1.1046854E7
2954	1.0729521E7
2955	1.0894523E7
2956	1.0678386E7
2957	1.0413636E7
2958	1.0660906E7
2959	1.0927277E7
2960	1.0973609E7
2961	1.0781375E7
2962	1.0990723E7
2963	1.0542161E7
2964	1.057182E7
2965	1.0915311E7
2966	1.0732908E7
2967	1.0640483E7
2968	1.0948986E7
2969	1.0753848E7
2970	1.0729521E7
2971	1.0447652E7
2972	1.0757773E7
2973	1.0838488E7
2974	1.0872455E7
2975	1.0652505E7
2976	1.0745754E7
2977	1.0904755E7
2978	1.0628357E7
2979	1.0325986E7
2980	1.0648897E7
2981	1.1028266E7
2982	1.0661753E7
2983	1.1000613E7
2984	1.0624184E7
2985	1.0674593E7
2986	1.0792131E7
2987	1.0567166E7
2988	1.0792131E7
2989	1.0325986E7
2990	1.0600083E7
2991	1.099019E7
2992	1.1034435E7
2993	1.0512607E7
2994	1.0470049E7
2995	1.096943E7
2996	1.0820431E7
2997	1.070184E7
2998	1.0600022E7
2999	1.0294871E7
3000	1.1067338E7
3001	1.0601678E7
3002	1.0790764E7
3003	1.0815669E7
3004	1.104505E7
3005	1.0952913E7
3006	1.0646405E7
3007	1.0927277E7
3008	1.1015399E7
3009	1.1022563E7
3010	1.0782619E7
3011	1.0660906E7
3012	1.1028334E7
3013	1.065096E7
3014	1.049488E7
3015	1.088044E7
3016	1.1022563E7
3017	1.0729417E7
3018	1.0872455E7
3019	1.0944674E7
3020	1.0760572E7
3021	1.067569E7
3022	1.0794061E7
3023	1.0790764E7
3024	1.080458E7
3025	1.0941124E7
3026	1.0886953E7
3027	1.0801474E7
3028	1.0542161E7
3029	1.1046854E7
3030	1.0753848E7
3031	1.0948986E7
3032	1.0656048E7
3033	1.0290796E7
3034	1.0511842E7
3035	1.0601678E7
3036	1.0853634E7
3037	1.0899382E7
3038	1.0318065E7
3039	1.0511842E7
3040	1.0757043E7
3041	1.0954754E7
3042	1.099729E7
3043	1.0919879E7
3044	1.0782619E7
3045	1.0661753E7
3046	1.0540522E7
3047	1.0820431E7
3048	1.0764867E7
3049	1.0790764E7
3050	1.0542161E7
3051	1.0600083E7
3052	1.0906971E7
3053	1.0719837E7
3054	1.0774064E7
3055	1.0717894E7
3056	1.0678386E7
3057	1.0465523E7
3058	1.0318065E7
3059	1.088044E7
3060	1.1050224E7
3061	1.057182E7
3062	1.0998612E7
3063	1.0790755E7
3064	1.0877293E7
3065	1.0902407E7
3066	1.0686067E7
3067	1.0661753E7
3068	1.0756324E7
3069	1.0729417E7
3070	1.0811133E7
3071	1.0572982E7
3072	1.0652648E7
3073	1.0801474E7
3074	1.0624184E7
3075	1.0913909E7
3076	1.0622525E7
3077	1.1056194E7
3078	1.0593638E7
3079	1.0899183E7
3080	1.1046841E7
3081	1.0913909E7
3082	1.0882612E7
3083	1.0807046E7
3084	1.1013608E7
3085	1.0651774E7
3086	1.099019E7
3087	1.0954704E7
3088	1.0682485E7
3089	1.0572982E7
3090	1.0794061E7
3091	1.0954704E7
3092	1.1022762E7
3093	1.0707113E7
3094	1.0935906E7
3095	1.0858723E7
3096	1.0678386E7
3097	1.0894523E7
3098	1.080458E7
3099	1.0792131E7
3100	1.0853634E7
3101	1.0571831E7
3102	1.049488E7
3103	1.073426E7
3104	1.1033906E7
3105	1.0781375E7
3106	1.0899382E7
3107	1.0567166E7
3108	1.0990723E7
3109	1.0894523E7
3110	1.0656005E7
3111	1.0654313E7
3112	1.0846303E7
3113	1.0927277E7
3114	1.0457906E7
3115	1.0944674E7
3116	1.0721449E7
3117	1.0774844E7
3118	1.0913134E7
3119	1.0853634E7
3120	1.0943829E7
3121	1.092175E7
3122	1.0755194E7
3123	1.0413636E7
3124	1.0654313E7
3125	1.0578575E7
3126	1.099019E7
3127	1.0905352E7
3128	1.1054403E7
3129	1.0811133E7
3130	1.1022563E7
3131	1.057182E7
3132	1.0811523E7
3133	1.0880801E7
3134	1.1056194E7
3135	1.0792131E7
3136	1.0913909E7
3137	1.0790755E7
3138	1.0994504E7
3139	1.0878903E7
3140	1.0796951E7
3141	1.0776049E7
3142	1.0512607E7
3143	1.0935906E7
3144	1.0856796E7
3145	1.0722272E7
3146	1.0845885E7
3147	1.0567166E7
3148	1.0340302E7
3149	1.065096E7
3150	1.0660906E7
3151	1.1022762E7
3152	1.0656048E7
3153	1.087179E7
3154	1.0494326E7
3155	1.057182E7
3156	1.096943E7
3157	1.105301E7
3158	1.0896515E7
3159	1.0794061E7
3160	1.0845885E7
3161	1.0668969E7
3162	1.0944674E7
3163	1.0540287E7
3164	1.0907945E7
3165	1.0747744E7
3166	1.0656048E7
3167	1.0907945E7
3168	1.0640483E7
3169	1.0831173E7
3170	1.0990723E7
3171	1.0811523E7
3172	1.0990585E7
3173	1.0833191E7
3174	1.0600022E7
3175	1.0886953E7
3176	1.0878246E7
3177	1.1013608E7
3178	1.0622525E7
3179	1.0771407E7
3180	1.0587622E7
3181	1.0810638E7
3182	1.0776049E7
3183	1.0704855E7
3184	1.0651774E7
3185	1.0924274E7
3186	1.058678E7
3187	1.0756795E7
3188	1.0601678E7
3189	1.0340302E7
3190	1.0325986E7
3191	1.0318065E7
3192	1.0919879E7
3193	1.0807046E7
3194	1.0907945E7
3195	1.07403E7
3196	1.0382722E7
3197	1.057182E7
3198	1.0755194E7
3199	1.0543578E7
3200	1.0811133E7
3201	1.0769936E7
3202	1.0651406E7
3203	1.1050224E7
3204	1.0899382E7
3205	1.0654067E7
3206	1.0757043E7
3207	1.0878246E7
3208	1.0678386E7
3209	1.0807046E7
3210	1.0722272E7
3211	1.1059577E7
3212	1.0882612E7
3213	1.0680176E7
3214	1.0990723E7
3215	1.0393764E7
3216	1.088044E7
3217	1.0958606E7
3218	1.0919879E7
3219	1.0652648E7
3220	1.0539016E7
3221	1.087677E7
3222	1.099729E7
3223	1.0877293E7
3224	1.1058363E7
3225	1.075252E7
3226	1.0693143E7
3227	1.0717894E7
3228	1.0752979E7
3229	1.0540287E7
3230	1.0501403E7
3231	1.0929566E7
3232	1.0935906E7
3233	1.0756487E7
3234	1.0954704E7
3235	1.0815669E7
3236	1.0991283E7
3237	1.0680176E7
3238	1.1000613E7
3239	1.0628357E7
3240	1.0294871E7
3241	1.0622525E7
3242	1.0973609E7
3243	1.0707113E7
3244	1.0913909E7
3245	1.0820578E7
3246	1.0781375E7
3247	1.0465523E7
3248	1.0622525E7
3249	1.065096E7
3250	1.0919879E7
3251	1.1059577E7
3252	1.0774064E7
3253	1.0752979E7
3254	1.0393764E7
3255	1.0647249E7
3256	1.0790764E7
3257	1.099019E7
3258	1.0948986E7
3259	1.1015399E7
3260	1.0941124E7
3261	1.1000474E7
3262	1.0540287E7
3263	1.0511842E7
3264	1.0270627E7
3265	1.0915311E7
3266	1.049488E7
3267	1.067569E7
3268	1.0717894E7
3269	1.0893014E7
3270	1.0891746E7
3271	1.0678386E7
3272	1.0952913E7
3273	1.0790764E7
3274	1.1046841E7
3275	1.0603282E7
3276	1.0465523E7
3277	1.0915311E7
3278	1.0534304E7
3279	1.0509018E7
3280	1.0506378E7
3281	1.0829506E7
3282	1.0721679E7
3283	1.0902407E7
3284	1.088044E7
3285	1.0717894E7
3286	1.1022762E7
3287	1.0902407E7
3288	1.0724453E7
3289	1.0534304E7
3290	1.0878246E7
3291	1.049075E7
3292	1.087179E7
3293	1.0771407E7
3294	1.0756795E7
3295	1.0600083E7
3296	1.1054403E7
3297	1.0831173E7
3298	1.0661753E7
3299	1.0776049E7
3300	1.0927277E7
3301	1.0959883E7
3302	1.0878246E7
3303	1.0382722E7
3304	1.0713545E7
3305	1.0654067E7
3306	1.0755194E7
3307	1.061611E7
3308	1.0674593E7
3309	1.0603282E7
3310	1.070517E7
3311	1.0651406E7
3312	1.0905352E7
3313	1.0846303E7
3314	1.0584649E7
3315	1.0790755E7
3316	1.0941124E7
3317	1.1050224E7
3318	1.057182E7
3319	1.0571831E7
3320	1.070184E7
3321	1.0325986E7
3322	1.0647249E7
3323	1.0741467E7
3324	1.0820431E7
3325	1.0325986E7
3326	1.0393764E7
3327	1.0512607E7
3328	1.0858723E7
3329	1.0724551E7
3330	1.1035697E7
3331	1.0626605E7
3332	1.061611E7
3333	1.0662499E7
3334	1.0893014E7
3335	1.0688095E7
3336	1.067569E7
3337	1.0904755E7
3338	1.0906971E7
3339	1.0782619E7
3340	1.0815669E7
3341	1.0796499E7
3342	1.0943829E7
3343	1.0393764E7
3344	1.0793188E7
3345	1.0756324E7
3346	1.0652505E7
3347	1.0628357E7
3348	1.0729521E7
3349	1.0656048E7
3350	1.1028334E7
3351	1.0906971E7
3352	1.0926247E7
3353	1.0882612E7
3354	1.0501403E7
3355	1.092175E7
3356	1.0745754E7
3357	1.0853634E7
3358	1.0647249E7
3359	1.0674593E7
3360	1.0769936E7
3361	1.0382722E7
3362	1.070693E7
3363	1.0601774E7
3364	1.0796951E7
3365	1.0661753E7
3366	1.0674593E7
3367	1.1070522E7
3368	1.0882715E7
3369	1.1069726E7
3370	1.0656005E7
3371	1.0904755E7
3372	1.0807046E7
3373	1.0891746E7
3374	1.0759009E7
3375	1.0648897E7
3376	1.0990585E7
3377	1.0682485E7
3378	1.0413636E7
3379	1.0949343E7
3380	1.0663592E7
3381	1.080458E7
3382	1.0810638E7
3383	1.0693069E7
3384	1.061611E7
3385	1.088044E7
3386	1.0904755E7
3387	1.0894523E7
3388	1.0915311E7
3389	1.1030722E7
3390	1.0587622E7
3391	1.1059577E7
3392	1.0509018E7
3393	1.0972802E7
3394	1.0809695E7
3395	1.0941124E7
3396	1.049488E7
3397	1.0907945E7
3398	1.0759009E7
3399	1.0494326E7
3400	1.0954754E7
3401	1.0919879E7
3402	1.0833191E7
3403	1.0654067E7
3404	1.0934406E7
3405	1.0704855E7
3406	1.0601678E7
3407	1.0878246E7
3408	1.0512607E7
3409	1.0572982E7
3410	1.0648897E7
3411	1.0959883E7
3412	1.067569E7
3413	1.0860794E7
3414	1.0654313E7
3415	1.0812432E7
3416	1.0647249E7
3417	1.0925053E7
3418	1.0413636E7
3419	1.0994504E7
3420	1.0801474E7
3421	1.0732908E7
3422	1.0790549E7
3423	1.0949343E7
3424	1.0705871E7
3425	1.0820578E7
3426	1.0771407E7
3427	1.1069129E7
3428	1.1056194E7
3429	1.0983048E7
3430	1.0542161E7
3431	1.0567166E7
3432	1.0895951E7
3433	1.067569E7
3434	1.0572982E7
3435	1.0605082E7
3436	1.0747744E7
3437	1.0886953E7
3438	1.0543578E7
3439	1.0878246E7
3440	1.0938585E7
3441	1.0663592E7
3442	1.0904755E7
3443	1.0647249E7
3444	1.0907945E7
3445	1.087179E7
3446	1.1013608E7
3447	1.0833191E7
3448	1.0913276E7
3449	1.0915311E7
3450	1.1069726E7
3451	1.0543578E7
3452	1.1013608E7
3453	1.0756324E7
3454	1.0556231E7
3455	1.0998612E7
3456	1.0593638E7
3457	1.0647249E7
3458	1.0542161E7
3459	1.0781375E7
3460	1.1054403E7
3461	1.0704855E7
3462	1.0540287E7
3463	1.1000613E7
3464	1.0753848E7
3465	1.1030722E7
3466	1.0648897E7
3467	1.1022762E7
3468	1.1000474E7
3469	1.0990585E7
3470	1.0457906E7
3471	1.1015399E7
3472	1.0826905E7
3473	1.0567166E7
3474	1.1034435E7
3475	1.0998612E7
3476	1.1046854E7
3477	1.065096E7
3478	1.0294871E7
3479	1.057182E7
3480	1.1008832E7
3481	1.0651406E7
3482	1.0899382E7
3483	1.0693143E7
3484	1.0827344E7
3485	1.0509018E7
3486	1.0682485E7
3487	1.0944674E7
3488	1.079005E7
3489	1.0756487E7
3490	1.0905352E7
3491	1.0792131E7
3492	1.0729417E7
3493	1.0790755E7
3494	1.0972802E7
3495	1.0827574E7
3496	1.0628357E7
3497	1.0959883E7
3498	1.0511842E7
3499	1.0651406E7
3500	1.0340302E7
3501	1.0724453E7
3502	1.1028266E7
3503	1.0913909E7
3504	1.0771407E7
3505	1.0954754E7
3506	1.0660906E7
3507	1.0757773E7
3508	1.0628357E7
3509	1.065096E7
3510	1.0318065E7
3511	1.0759009E7
3512	1.0628357E7
3513	1.070517E7
3514	1.073426E7
3515	1.0790755E7
3516	1.0413636E7
3517	1.0511842E7
3518	1.0882612E7
3519	1.0778812E7
3520	1.0872455E7
3521	1.0973609E7
3522	1.0787743E7
3523	1.0904755E7
3524	1.087336E7
3525	1.0919879E7
3526	1.0949343E7
3527	1.1059577E7
3528	1.1046841E7
3529	1.1056592E7
3530	1.0622525E7
3531	1.0871211E7
3532	1.0776049E7
3533	1.0600022E7
3534	1.058678E7
3535	1.0601678E7
3536	1.0757773E7
3537	1.0534304E7
3538	1.0512607E7
3539	1.0815162E7
3540	1.0859455E7
3541	1.0656005E7
3542	1.0512607E7
3543	1.0973609E7
3544	1.0894523E7
3545	1.0882612E7
3546	1.0756795E7
3547	1.0907945E7
3548	1.0845885E7
3549	1.0678386E7
3550	1.0953709E7
3551	1.0759009E7
3552	1.1022762E7
3553	1.0873253E7
3554	1.0774844E7
3555	1.080458E7
3556	1.0811523E7
3557	1.0790755E7
3558	1.0827574E7
3559	1.1069129E7
3560	1.0983048E7
3561	1.0413636E7
3562	1.0730119E7
3563	1.073426E7
3564	1.0827344E7
3565	1.0601678E7
3566	1.1054403E7
3567	1.0654313E7
3568	1.0534304E7
3569	1.0470049E7
3570	1.0601678E7
3571	1.0759009E7
3572	1.067569E7
3573	1.0600083E7
3574	1.061611E7
3575	1.0907945E7
3576	1.0693069E7
3577	1.1054403E7
3578	1.0678386E7
3579	1.0578575E7
3580	1.1034435E7
3581	1.1000613E7
3582	1.104826E7
3583	1.1059577E7
3584	1.070517E7
3585	1.0457906E7
3586	1.0811523E7
3587	1.0393764E7
3588	1.0953709E7
3589	1.0790764E7
3590	1.0899183E7
3591	1.0626605E7
3592	1.0713545E7
3593	1.0853634E7
3594	1.0776049E7
3595	1.0548949E7
3596	1.0833191E7
3597	1.0891746E7
3598	1.087677E7
3599	1.0899382E7
3600	1.0724551E7
3601	1.0792131E7
3602	1.0952913E7
3603	1.0793188E7
3604	1.0846303E7
3605	1.1033906E7
3606	1.0752979E7
3607	1.0815634E7
3608	1.0656048E7
3609	1.0838488E7
3610	1.0913134E7
3611	1.0601678E7
3612	1.0294871E7
3613	1.0787743E7
3614	1.0820578E7
3615	1.1046854E7
3616	1.0729521E7
3617	1.0853634E7
3618	1.0340302E7
3619	1.0769936E7
3620	1.0828675E7
3621	1.0503072E7
3622	1.070184E7
3623	1.0886953E7
3624	1.0893014E7
3625	1.0828675E7
3626	1.0905352E7
3627	1.080458E7
3628	1.092175E7
3629	1.0753848E7
3630	1.0831173E7
3631	1.0755194E7
3632	1.0656005E7
3633	1.0811523E7
3634	1.0867123E7
3635	1.0717894E7
3636	1.1028334E7
3637	1.061611E7
3638	1.1054403E7
3639	1.0648897E7
3640	1.0994504E7
3641	1.0906971E7
3642	1.0986745E7
3643	1.0958606E7
3644	1.087677E7
3645	1.0919879E7
3646	1.0540287E7
3647	1.070693E7
3648	1.0447652E7
3649	1.092175E7
3650	1.1069129E7
3651	1.0896515E7
3652	1.0755194E7
3653	1.0891746E7
3654	1.0809695E7
3655	1.0941124E7
3656	1.0752979E7
3657	1.0325986E7
3658	1.1033906E7
3659	1.0572982E7
3660	1.0826905E7
3661	1.0774064E7
3662	1.0827574E7
3663	1.0294871E7
3664	1.0860794E7
3665	1.0620582E7
3666	1.0919879E7
3667	1.0626605E7
3668	1.0787743E7
3669	1.070184E7
3670	1.0973609E7
3671	1.0731258E7
3672	1.0948986E7
3673	1.0778812E7
3674	1.075252E7
3675	1.0853634E7
3676	1.049075E7
3677	1.0626605E7
3678	1.0600022E7
3679	1.0605082E7
3680	1.0656048E7
3681	1.0913134E7
3682	1.104826E7
3683	1.0926247E7
3684	1.0511842E7
3685	1.0628357E7
3686	1.0771407E7
3687	1.0325986E7
3688	1.0759009E7
3689	1.0603282E7
3690	1.0548949E7
3691	1.0624184E7
3692	1.0693143E7
3693	1.0578575E7
3694	1.0294871E7
3695	1.0792131E7
3696	1.0790549E7
3697	1.0929566E7
3698	1.090613E7
3699	1.0790764E7
3700	1.0925053E7
3701	1.0846303E7
3702	1.0794061E7
3703	1.0782619E7
3704	1.0827574E7
3705	1.0815162E7
3706	1.049075E7
3707	1.0919879E7
3708	1.0704855E7
3709	1.104505E7
3710	1.0827574E7
3711	1.0973609E7
3712	1.0717894E7
3713	1.1028334E7
3714	1.087988E7
3715	1.0756324E7
3716	1.0318065E7
3717	1.0584649E7
3718	1.0776049E7
3719	1.1000474E7
3720	1.1046841E7
3721	1.070184E7
3722	1.0721449E7
3723	1.0693069E7
3724	1.0587622E7
3725	1.0943829E7
3726	1.0838488E7
3727	1.0886953E7
3728	1.0990585E7
3729	1.0820431E7
3730	1.0704855E7
3731	1.0973609E7
3732	1.057182E7
3733	1.0845885E7
3734	1.0713545E7
3735	1.0640483E7
3736	1.0826905E7
3737	1.070184E7
3738	1.0776049E7
3739	1.0882715E7
3740	1.0983048E7
3741	1.0652648E7
3742	1.0688095E7
3743	1.080458E7
3744	1.1022563E7
3745	1.0894523E7
3746	1.0838488E7
3747	1.0959883E7
3748	1.0457906E7
3749	1.070517E7
3750	1.0905352E7
3751	1.0622525E7
3752	1.0859455E7
3753	1.0654067E7
3754	1.0811523E7
3755	1.0693143E7
3756	1.0878903E7
3757	1.087552E7
3758	1.0270627E7
3759	1.0543578E7
3760	1.0906971E7
3761	1.1013608E7
3762	1.0325986E7
3763	1.0811133E7
3764	1.0760572E7
3765	1.0724453E7
3766	1.0270627E7
3767	1.0991283E7
3768	1.031703E7
3769	1.0820431E7
3770	1.0893014E7
3771	1.0662499E7
3772	1.1056592E7
3773	1.0858723E7
3774	1.0601678E7
3775	1.0827574E7
3776	1.0290796E7
3777	1.0647249E7
3778	1.0724453E7
3779	1.0745754E7
3780	1.0587622E7
3781	1.0838488E7
3782	1.0941124E7
3783	1.0646405E7
3784	1.0509018E7
3785	1.0815634E7
3786	1.0605082E7
3787	1.0593638E7
3788	1.0340302E7
3789	1.0913134E7
3790	1.1070522E7
3791	1.0812432E7
3792	1.0778812E7
3793	1.0776049E7
3794	1.0600083E7
3795	1.0784828E7
3796	1.0872455E7
3797	1.070517E7
3798	1.080458E7
3799	1.1070522E7
3800	1.0829506E7
3801	1.0973609E7
3802	1.0972802E7
3803	1.1046841E7
3804	1.1059179E7
3805	1.1033906E7
3806	1.1059179E7
3807	1.0986745E7
3808	1.0764867E7
3809	1.0567166E7
3810	1.087552E7
3811	1.0927277E7
3812	1.0756795E7
3813	1.0778812E7
3814	1.0790755E7
3815	1.0998612E7
3816	1.07403E7
3817	1.0648897E7
3818	1.0682485E7
3819	1.0539016E7
3820	1.0949343E7
3821	1.0717894E7
3822	1.073461E7
3823	1.0571831E7
3824	1.0686067E7
3825	1.07403E7
3826	1.0556231E7
3827	1.0929566E7
3828	1.0704855E7
3829	1.0815634E7
3830	1.0624184E7
3831	1.0810638E7
3832	1.0656048E7
