1	6.708264
2	6.807908
3	6.836924
4	6.836924
5	6.849965
6	7.073071
7	6.876682
8	6.982369
9	6.998422
10	7.091685
11	7.091685
12	6.945111
13	6.945111
14	6.789852
15	6.803361
16	6.673047
17	6.679683
18	6.679683
19	6.724484
20	6.686404
21	6.754832
22	6.702976
23	6.787916
24	7.02674
25	7.38227
26	7.38227
27	7.387166
28	7.425047
29	7.422523
30	7.75164
31	7.75164
32	7.766701
33	7.766701
34	7.759964
35	7.80122
36	7.707308
37	7.707308
38	7.739384
39	7.739384
40	7.810436
41	7.811671
42	7.936239
43	7.936239
44	8.272889
45	8.308457
46	8.308457
47	8.261966
48	8.319526
49	8.344774
50	8.392099
51	8.260705
52	8.269501
53	8.321467
54	8.425207
55	8.425207
56	8.427221
57	8.427221
58	8.663873
59	8.663873
60	8.663873
61	8.667428
62	8.667428
63	8.8254
64	8.8254
65	8.942286
66	9.06631
67	9.06631
68	9.06631
69	9.079972
70	9.079972
71	9.093867
72	8.845279
73	8.909791
74	8.909791
75	8.909791
76	8.916644
77	8.916644
78	8.813582
79	8.832299
80	8.832299
81	8.847314
82	8.849426
83	8.85159
84	8.82209
85	8.88791
86	8.88791
87	8.90096
88	8.90096
89	8.90096
90	8.957624
91	8.87486
92	8.87486
93	8.816616
94	8.816616
95	8.877289
96	8.939429
97	8.939429
98	9.009083
99	9.038583
100	8.938982
101	9.142278
102	9.235014
103	9.235014
104	9.235014
105	9.235014
106	9.235705
107	9.144434
108	9.100558
109	9.100558
110	9.18867
111	9.18867
112	9.129396
113	9.03666
114	9.03666
115	9.03666
116	9.147198
117	9.147198
118	8.992434
119	9.189797
120	9.189797
121	9.027354
122	9.019004
123	9.064177
124	9.079192
125	9.089712
126	9.089712
127	9.089712
128	9.147915
129	9.147915
130	8.850751
131	8.850751
132	8.850751
133	8.850751
134	8.891854
135	8.767404
136	8.910855
137	8.997826
138	8.997826
139	8.919818
140	8.919818
141	8.919818
142	8.91654
143	8.931816
144	8.931816
145	8.783362
146	8.910361
147	8.910361
148	8.915933
149	8.915933
150	8.915933
151	8.908454
152	8.908454
153	8.913282
154	8.913282
155	8.913282
156	8.695702
157	8.695702
158	8.695702
159	8.695702
160	8.695702
161	8.756957
162	8.646512
163	8.560848
164	8.560848
165	8.560848
166	8.453118
167	8.522918
168	8.522918
169	8.587322
170	8.587322
171	8.587322
172	8.560595
173	8.560595
174	8.528556
175	8.654926
176	8.577821
177	8.577821
178	8.697669
179	8.697669
180	8.692788
181	8.692788
182	8.711028
183	8.711028
184	8.711028
185	8.712321
186	8.754509
187	8.808011
188	8.690626
189	8.834811
190	8.834811
191	8.834811
192	8.834811
193	8.834811
194	8.830761
195	8.830761
196	8.830761
197	8.830761
198	8.830761
199	9.263785
200	9.206523
201	9.206523
202	9.206523
203	9.187893
204	9.199053
205	9.199053
206	9.049206
207	9.104506
208	8.924702
209	8.939392
210	8.969362
211	8.969362
212	8.969362
213	8.981026
214	8.981026
215	8.981026
216	8.981026
217	9.029191
218	9.029191
219	9.130856
220	9.130856
221	9.130856
222	9.321212
223	9.333282
224	9.333282
225	9.333282
226	9.358657
227	9.358657
228	9.358657
229	9.358657
230	9.346993
231	9.346993
232	9.400798
233	9.400798
234	9.400798
235	9.413455
236	9.413455
237	9.413455
238	9.413455
239	9.413455
240	9.455046
241	9.480916
242	9.480916
243	9.480916
244	9.563317
245	9.563317
246	9.564667
247	9.564667
248	9.564667
249	9.564667
250	9.564667
251	9.658912
252	9.658912
253	9.680944
254	9.680944
255	9.680944
256	9.671199
257	9.671199
258	9.671199
259	9.671199
260	9.671199
261	9.671199
262	9.671199
263	9.642145
264	9.642145
265	9.642145
266	9.588643
267	9.588643
268	9.514018
269	9.510237
270	9.510237
271	9.510237
272	9.510237
273	9.510237
274	9.510237
275	9.510237
276	9.450233
277	9.409699
278	9.409699
279	9.409699
280	9.409699
281	9.409699
282	9.409699
283	9.409699
284	9.453343
285	9.453343
286	9.453343
287	9.453343
288	9.453343
289	9.363708
290	9.501465
291	9.502586
292	9.502586
293	9.508916
294	9.512556
295	9.512556
296	9.565725
297	9.565725
298	9.565725
299	9.565725
300	9.593655
301	9.642255
302	9.625733
303	9.748118
304	9.748118
305	9.748118
306	9.748118
307	9.72114
308	9.72114
309	9.763089
310	9.763089
311	9.763089
312	9.763089
313	9.763089
314	9.763089
315	9.748761
316	9.748761
317	9.682522
318	9.744313
319	9.754783
320	9.774129
321	9.981434
322	10.080229
323	10.116447
324	10.116447
325	10.116447
326	10.116447
327	10.178535
328	10.178535
329	10.178535
330	10.178535
331	10.178535
332	10.178535
333	10.178535
334	10.178535
335	10.178535
336	10.144966
337	10.144966
338	10.144966
339	10.208166
340	10.208166
341	10.164466
342	10.164466
343	10.015803
344	10.015803
345	10.015803
346	10.015803
347	10.015803
348	10.015803
349	10.015803
350	9.998717
351	9.998717
352	9.998717
353	10.108935
354	10.108935
355	10.108935
356	10.108935
357	10.108935
358	10.138387
359	10.138387
360	10.113761
361	10.208368
362	10.208368
363	10.208368
364	10.236641
365	10.236641
366	10.236641
367	10.244792
368	10.290743
369	10.290743
370	10.290743
371	10.323521
372	10.323521
373	10.323521
374	10.323521
375	10.283032
376	10.283032
377	10.283032
378	10.283032
379	10.332627
380	10.332627
381	10.332627
382	10.332627
383	10.332627
384	10.332627
385	10.332627
386	10.332627
387	10.332627
388	10.332627
389	10.332627
390	10.332627
391	10.332627
392	10.338
393	10.338
394	10.338
395	10.441879
396	10.441879
397	10.441879
398	10.441879
399	10.441879
400	10.441879
401	10.441879
402	10.447451
403	10.518785
404	10.527375
405	10.528767
406	10.528767
407	10.528767
408	10.528767
409	10.528767
410	10.528767
411	10.528767
412	10.528767
413	10.528767
414	10.528767
415	10.528767
416	10.528767
417	10.528767
418	10.523195
419	10.523195
420	10.523195
421	10.523195
422	10.523195
423	10.523195
424	10.523195
425	10.523195
426	10.536236
427	10.513994
428	10.508621
429	10.508621
430	10.508621
431	10.481557
432	10.481557
433	10.481557
434	10.481557
435	10.483581
436	10.483581
437	10.510282
438	10.510282
439	10.510282
440	10.510282
441	10.510282
442	10.510282
443	10.510282
444	10.510282
445	10.510282
446	10.510282
447	10.510282
448	10.510282
449	10.510282
450	10.529784
451	10.529784
452	10.529784
453	10.529784
454	10.529784
455	10.490176
456	10.490176
457	10.490176
458	10.477135
459	10.477135
460	10.477135
461	10.477135
462	10.477135
463	10.477135
464	10.477135
465	10.477135
466	10.477135
467	10.477135
468	10.477135
469	10.477135
470	10.490176
471	10.490176
472	10.490176
473	10.490176
474	10.490176
475	10.490176
476	10.490176
477	10.490176
478	10.620562
479	10.620562
480	10.620562
481	10.620562
482	10.620562
483	10.620562
484	10.620562
485	10.620562
486	10.627293
487	10.627293
488	10.627293
489	10.627293
490	10.627293
491	10.627293
492	10.627293
493	10.627293
494	10.63068
495	10.63068
496	10.63068
497	10.63068
498	10.63068
499	10.63068
500	10.63068
501	10.63068
502	10.63068
503	10.63068
504	10.617639
505	10.617639
506	10.617639
507	10.617639
508	10.617639
509	10.710121
510	10.710121
511	10.731553
512	10.731553
513	10.748866
514	10.748866
515	10.748866
516	10.748866
517	10.748866
518	10.748866
519	10.748866
520	10.748866
521	10.748866
522	10.748866
523	10.748866
524	10.748866
525	10.748866
526	10.748866
527	10.748866
528	10.748866
529	10.748866
530	10.748866
531	10.748866
532	10.748866
533	10.77593
534	10.77593
535	10.754498
536	10.754498
537	10.754498
538	10.754498
539	10.754498
540	10.754498
541	10.754498
542	10.754498
543	10.754498
544	10.754498
545	10.754498
546	10.754498
547	10.754498
548	10.754498
549	10.754498
550	10.754498
551	10.754498
552	10.754498
553	10.754498
554	10.754498
555	10.754498
556	10.754498
557	10.754498
558	10.77593
559	10.77593
560	10.77593
561	10.77593
562	10.77593
563	10.77593
564	10.77593
565	10.77593
566	10.77593
567	10.77593
568	10.77593
569	10.77593
570	10.77593
571	10.77593
572	10.77593
573	10.77593
574	10.77593
575	10.77593
576	10.77593
577	10.77593
578	10.77593
579	10.77593
580	10.77593
581	10.77593
582	10.747672
583	10.747672
584	10.747672
585	10.759214
586	10.759214
587	10.759214
588	10.759214
589	10.759214
590	10.759214
591	10.759214
592	10.759214
593	10.759214
594	10.759214
595	10.759214
596	10.759214
597	10.759214
598	10.759214
599	10.759214
600	10.759214
601	10.759214
602	10.759214
603	10.759214
604	10.759214
605	10.759214
606	10.759214
607	10.759214
608	10.759214
609	10.759214
610	10.759214
611	10.759214
612	10.759214
613	10.759214
614	10.759214
615	10.759214
616	10.759214
617	10.759214
618	10.759214
619	10.759214
620	10.759214
621	10.759214
622	10.759214
623	10.759214
624	10.759214
625	10.743493
626	10.743493
627	10.743493
628	10.743493
629	10.743493
630	10.743493
631	10.743493
632	10.743493
633	10.743493
634	10.743493
635	10.743493
636	10.743493
637	10.743493
638	10.762917
639	10.762917
640	10.762917
641	10.762917
642	10.762917
643	10.762917
644	10.762917
645	10.790773
646	10.790773
647	10.790773
648	10.790773
649	10.790773
650	10.790773
651	10.790773
652	10.790773
653	10.790773
654	10.790773
655	10.790773
656	10.784042
657	10.784042
658	10.784042
659	10.784042
660	10.784042
661	10.784042
662	10.784042
663	10.784042
664	10.784042
665	10.766729
666	10.766729
667	10.766729
668	10.766729
669	10.766729
670	10.871602
671	10.871602
672	10.871602
673	10.871602
674	10.871602
675	10.871602
676	10.871602
677	10.871602
678	10.871602
679	10.871602
680	10.905034
681	10.905034
682	10.905034
683	10.905034
684	10.905034
685	10.905034
686	10.905034
687	10.905034
688	10.905034
689	10.905034
690	10.905034
691	10.905034
692	10.905034
693	10.905034
694	10.905034
695	10.905034
696	10.905034
697	10.905034
698	10.905034
699	10.905034
700	10.905034
701	10.905034
702	10.905034
703	10.905034
704	10.905034
705	10.905034
706	10.905034
707	10.905034
708	10.905034
709	10.905034
710	10.905034
711	10.905034
712	10.905034
713	10.905034
714	10.905034
715	10.905034
716	10.905034
717	10.905034
718	10.905034
719	10.905034
720	10.905034
721	10.905034
722	10.905034
723	10.905034
724	10.905034
725	10.905034
726	10.905034
727	10.905034
728	10.905034
729	10.905034
730	10.905034
731	10.905034
732	10.905034
733	10.905034
734	10.905034
735	10.905034
736	10.905034
737	10.905034
738	10.905034
739	10.905034
740	10.905034
741	10.905034
742	10.905034
743	10.905034
744	10.905034
745	10.905034
746	10.905034
747	10.905034
748	10.905034
749	10.905034
750	10.905034
751	10.905034
752	10.905034
753	10.905034
754	10.905034
755	10.905034
756	10.905034
757	10.905034
758	10.905034
759	10.905034
760	10.905034
761	10.905034
762	10.905034
763	10.905034
764	10.905034
765	10.905034
766	10.905034
767	10.905034
768	10.905034
769	10.905034
770	10.905034
771	10.905034
772	10.905034
773	10.905034
774	10.905034
775	10.920122
776	10.920122
777	10.920122
778	10.920122
779	10.920122
780	10.920122
781	10.920122
782	10.920122
783	10.920122
784	10.920122
785	10.920122
786	10.920122
787	10.926853
788	10.926853
789	10.926853
790	10.926853
791	10.926853
792	10.926853
793	10.926853
794	10.926853
795	10.926853
796	10.926853
797	10.926853
798	10.926853
799	10.926853
800	10.926853
801	10.926853
802	10.926853
803	10.926853
804	10.926853
805	10.926853
806	10.926853
807	10.926853
808	10.926853
809	10.926853
810	10.926853
811	10.926853
812	10.926853
813	10.926853
814	10.926853
815	10.926853
816	10.926853
817	10.926853
818	10.926853
819	10.926853
820	10.926853
821	10.926853
822	10.926853
823	10.926853
824	10.926853
825	10.926853
826	10.926853
827	10.926853
828	10.926853
829	10.926853
830	10.926853
831	10.926853
832	10.926853
833	10.926853
834	10.926853
835	10.926853
836	10.926853
837	10.926853
838	10.926853
839	10.926853
840	10.926853
841	10.911765
842	10.911765
843	10.911765
844	10.911765
845	10.911765
846	10.911765
847	10.911765
848	10.911765
849	10.911765
850	10.911765
851	10.911765
852	10.911765
853	10.911765
854	10.911765
855	10.911765
856	10.911765
857	10.911765
858	10.911765
859	10.911765
860	10.911765
861	10.911765
862	10.911765
863	10.911765
864	10.911765
865	10.911765
866	10.911765
867	10.911765
868	10.911765
869	10.911765
870	10.911765
871	10.911765
872	10.911765
873	10.911765
874	10.911765
875	10.907984
876	10.907984
877	10.907984
878	10.907984
879	10.907984
880	10.914949
881	10.914949
882	10.914949
883	10.914949
884	10.914949
885	10.914949
886	10.914949
887	10.914949
888	10.914949
889	10.914949
890	10.914949
891	10.914949
892	10.914949
893	10.914949
894	10.887885
895	10.887885
896	10.887885
897	10.887885
898	10.902973
899	10.902973
900	10.902973
901	10.902973
902	10.902973
903	10.902973
904	10.902973
905	10.902973
906	10.902973
907	10.902973
908	10.902973
909	10.902973
910	10.902973
911	10.902973
912	10.902973
913	10.902973
914	10.922475
915	10.922475
916	10.949539
917	10.949539
918	10.949539
919	10.949539
920	10.949539
921	10.949539
922	10.949539
923	10.949539
924	10.949539
925	10.949539
926	10.949539
927	10.949539
928	10.949539
929	10.949539
930	10.949539
931	10.949539
932	10.949539
933	10.949539
934	10.961081
935	10.961081
936	10.961081
937	10.961081
938	10.961081
939	10.961081
940	10.961081
941	10.961081
942	10.961081
943	10.961081
944	10.961081
945	10.961081
946	10.961081
947	10.961081
948	10.961081
949	10.961081
950	10.961081
951	10.961081
952	10.961081
953	10.961081
954	10.961081
955	10.961081
956	10.961081
957	10.961081
958	10.961081
959	10.961081
960	10.961081
961	10.961081
962	10.961081
963	10.961081
964	10.961081
965	10.961081
966	10.961081
967	10.961081
968	10.961081
969	10.961081
970	10.961081
971	10.961081
972	10.961081
973	10.961081
974	10.961081
975	10.961081
976	10.961081
977	10.961081
978	10.961081
979	10.961081
980	10.961081
981	10.961081
982	10.961081
983	10.961081
984	10.961081
985	10.961081
986	10.961081
987	10.961081
988	10.961081
989	10.961081
990	10.961081
991	10.961081
992	10.961081
993	10.961081
994	10.961081
995	10.961081
996	10.961081
997	10.961081
998	10.961081
999	10.961081
1000	10.961081
1001	10.961081
1002	10.961081
1003	10.961081
1004	10.961081
1005	10.961081
1006	10.961081
1007	10.961081
1008	10.961081
1009	10.961081
1010	10.961081
1011	10.961081
1012	10.961081
1013	10.961081
1014	10.961081
1015	10.961081
1016	10.961081
1017	10.961081
1018	10.961081
1019	10.961081
1020	10.961081
1021	10.961081
1022	10.961081
1023	10.961081
1024	10.961081
1025	10.961081
1026	10.961081
1027	10.961081
1028	10.954116
1029	10.954116
1030	10.954116
1031	10.954116
1032	10.954116
1033	10.954116
1034	10.954116
1035	10.954116
1036	10.954116
1037	10.954116
1038	10.954116
1039	10.954116
1040	10.954116
1041	10.954116
1042	10.954116
1043	10.954116
1044	10.961081
1045	10.961081
1046	10.961081
1047	10.961081
1048	10.961081
1049	10.961081
1050	10.961081
1051	10.961081
1052	10.961081
1053	10.961081
1054	10.961081
1055	10.961081
1056	10.961081
1057	10.961081
1058	10.961081
1059	10.961081
1060	10.961081
1061	10.961081
1062	10.961081
1063	10.961081
1064	10.961081
1065	10.961081
1066	10.961081
1067	10.961081
1068	10.961081
1069	10.961081
1070	10.961081
1071	10.961081
1072	10.961081
1073	10.961081
1074	10.961081
1075	10.961081
1076	10.961081
1077	10.961081
1078	10.961081
1079	10.961081
1080	10.961081
1081	10.961081
1082	10.961081
1083	10.961081
1084	10.961081
1085	10.961081
1086	10.961081
1087	10.961081
1088	10.961081
1089	10.961081
1090	10.961081
1091	10.961081
1092	10.961081
1093	10.961081
1094	10.961081
1095	10.961081
1096	10.961081
1097	10.961081
1098	10.961081
1099	10.961081
1100	10.961081
1101	10.961081
1102	10.961081
1103	10.961081
1104	10.961081
1105	10.961081
1106	10.961081
1107	10.961081
1108	10.961081
1109	10.961081
1110	10.961081
1111	10.961081
1112	10.961081
1113	10.961081
1114	10.961081
1115	10.961081
1116	10.961081
1117	10.961081
1118	10.961081
1119	10.961081
1120	10.961081
1121	10.961081
1122	10.961081
1123	10.961081
1124	10.961081
1125	10.961081
1126	10.961081
1127	10.961081
1128	10.961081
1129	10.961081
1130	10.961081
1131	10.961081
1132	10.961081
1133	10.961081
1134	10.961081
1135	10.961081
1136	10.961081
1137	10.961081
1138	10.961081
1139	10.961081
1140	10.961081
1141	10.961081
1142	10.961081
1143	10.961081
1144	10.961081
1145	10.961081
1146	10.961081
1147	10.961081
1148	10.961081
1149	10.961081
1150	10.961081
1151	10.961081
1152	10.961081
1153	10.961081
1154	10.961081
1155	10.961081
1156	10.961081
1157	10.961081
1158	10.961081
1159	10.961081
1160	10.961081
1161	10.961081
1162	10.961081
1163	10.961081
1164	10.961081
1165	10.961081
1166	10.961081
1167	10.961081
1168	10.961081
1169	10.961081
1170	10.961081
1171	10.961081
1172	10.961081
1173	10.961081
1174	10.961081
1175	10.961081
1176	10.961081
1177	10.961081
1178	10.961081
1179	10.961081
1180	10.961081
1181	10.961081
1182	10.961081
1183	10.961081
1184	10.961081
1185	10.961081
1186	10.961081
1187	10.961081
1188	10.961081
1189	10.961081
1190	10.961081
1191	10.961081
1192	10.961081
1193	10.961081
1194	10.961081
1195	10.961081
1196	10.961081
1197	10.961081
1198	10.961081
1199	10.961081
1200	10.961081
1201	10.961081
1202	10.961081
1203	10.961081
1204	10.961081
1205	10.961081
1206	10.961081
1207	10.961081
1208	11.015266
1209	11.015266
1210	11.015266
1211	11.033278
1212	11.033278
1213	11.033278
1214	11.033278
1215	11.033278
1216	11.033278
1217	11.033278
1218	11.033278
1219	11.033278
1220	11.033278
1221	11.033278
1222	11.033278
1223	11.033278
1224	11.033278
1225	11.033278
1226	11.033278
1227	11.033278
1228	11.033278
1229	11.033278
1230	11.033278
1231	11.033278
1232	11.033278
1233	11.033278
1234	11.033278
1235	11.033278
1236	11.033278
1237	11.033278
1238	11.033278
1239	11.033278
1240	11.033278
1241	11.033278
1242	11.033278
1243	11.033278
1244	11.033278
1245	11.033278
1246	11.033278
1247	11.050591
1248	11.050591
1249	11.050591
1250	11.050591
1251	11.050591
1252	11.050591
1253	11.050591
1254	11.050591
1255	11.050591
1256	11.050591
1257	11.050591
1258	11.050591
1259	11.050591
1260	11.050591
1261	11.050591
1262	11.050591
1263	11.050591
1264	11.050591
1265	11.06464
1266	11.06464
1267	11.06464
1268	11.06464
1269	11.06464
1270	11.06464
1271	11.06464
1272	11.06464
1273	11.06464
1274	11.06464
1275	11.06464
1276	11.06464
1277	11.06464
1278	11.06464
1279	11.06464
1280	11.06464
1281	11.06464
1282	11.06464
1283	11.06464
1284	11.06464
1285	11.06464
1286	11.06464
1287	11.06464
1288	11.06464
1289	11.06464
1290	11.06464
1291	11.06464
1292	11.06464
1293	11.06464
1294	11.06464
1295	11.073396
1296	11.073396
1297	11.073396
1298	11.073396
1299	11.073396
1300	11.073396
1301	11.073396
1302	11.073396
1303	11.073396
1304	11.073396
1305	11.073396
1306	11.073396
1307	11.073396
1308	11.073396
1309	11.073396
1310	11.081282
1311	11.081282
1312	11.081282
1313	11.081282
1314	11.081282
1315	11.087846
1316	11.087846
1317	11.087846
1318	11.087846
1319	11.087846
1320	11.087846
1321	11.087846
1322	11.087846
1323	11.087846
1324	11.087846
1325	11.087846
1326	11.087846
1327	11.087846
1328	11.087846
1329	11.087846
1330	11.087846
1331	11.087846
1332	11.087846
1333	11.087846
1334	11.087846
1335	11.087846
1336	11.087846
1337	11.087846
1338	11.087846
1339	11.087846
1340	11.087846
1341	11.087846
1342	11.087846
1343	11.087846
1344	11.087846
1345	11.087846
1346	11.087846
1347	11.087846
1348	11.087846
1349	11.087846
1350	11.087846
1351	11.087846
1352	11.087846
1353	11.087846
1354	11.087846
1355	11.087846
1356	11.087846
1357	11.087846
1358	11.087846
1359	11.087846
1360	11.087846
1361	11.087846
1362	11.087846
1363	11.087846
1364	11.087846
1365	11.087846
1366	11.087846
1367	11.087846
1368	11.087846
1369	11.087846
1370	11.087846
1371	11.087846
1372	11.087846
1373	11.087846
1374	11.087846
1375	11.087846
1376	11.087846
1377	11.087846
1378	11.087846
1379	11.087846
1380	11.087846
1381	11.087846
1382	11.087846
1383	11.087846
1384	11.087846
1385	11.087846
1386	11.087846
1387	11.087846
1388	11.087846
1389	11.087846
1390	11.087846
1391	11.087846
1392	11.087846
1393	11.087846
1394	11.087846
1395	11.087846
1396	11.087846
1397	11.087846
1398	11.087846
1399	11.087846
1400	11.087846
1401	11.087846
1402	11.087846
1403	11.087846
1404	11.087846
1405	11.087846
1406	11.087846
1407	11.087846
1408	11.087846
1409	11.087846
1410	11.087846
1411	11.087846
1412	11.087846
1413	11.087846
1414	11.087846
1415	11.087846
1416	11.087846
1417	11.087846
1418	11.087846
1419	11.087846
1420	11.087846
1421	11.087846
1422	11.087846
1423	11.087846
1424	11.087846
1425	11.087846
1426	11.087846
1427	11.087846
1428	11.087846
1429	11.087846
1430	11.087846
1431	11.087846
1432	11.087846
1433	11.087846
1434	11.087846
1435	11.087846
1436	11.087846
1437	11.087846
1438	11.087846
1439	11.087846
1440	11.087846
1441	11.087846
1442	11.087846
1443	11.087846
1444	11.087846
1445	11.087846
1446	11.087846
1447	11.087846
1448	11.087846
1449	11.087846
1450	11.087846
1451	11.087846
1452	11.087846
1453	11.087846
1454	11.087846
1455	11.087846
1456	11.087846
1457	11.087846
1458	11.087846
1459	11.087846
1460	11.087846
1461	11.087846
1462	11.087846
1463	11.087846
1464	11.087846
1465	11.087846
1466	11.087846
1467	11.087846
1468	11.087846
1469	11.087846
1470	11.087846
1471	11.087846
1472	11.087846
1473	11.087846
1474	11.087846
1475	11.087846
1476	11.087846
1477	11.087846
1478	11.087846
1479	11.087846
1480	11.087846
1481	11.087846
1482	11.087846
1483	11.087846
1484	11.087846
1485	11.087846
1486	11.087846
1487	11.087846
1488	11.087846
1489	11.087846
1490	11.087846
1491	11.087846
1492	11.087846
1493	11.087846
1494	11.087846
1495	11.087846
1496	11.087846
1497	11.087846
1498	11.087846
1499	11.087846
1500	11.087846
1501	11.087846
1502	11.087846
1503	11.087846
1504	11.087846
1505	11.087846
1506	11.087846
1507	11.087846
1508	11.087846
1509	11.087846
1510	11.087846
1511	11.087846
1512	11.087846
1513	11.087846
1514	11.087846
1515	11.087846
1516	11.087846
1517	11.087846
1518	11.087846
1519	11.087846
1520	11.087846
1521	11.087846
1522	11.087846
1523	11.087846
1524	11.087846
1525	11.087846
1526	11.087846
1527	11.087846
1528	11.087846
1529	11.087846
1530	11.087846
1531	11.087846
1532	11.087846
1533	11.087846
1534	11.087846
1535	11.087846
1536	11.087846
1537	11.087846
1538	11.087846
1539	11.087846
1540	11.087846
1541	11.087846
1542	11.087846
1543	11.087846
1544	11.087846
1545	11.087846
1546	11.087846
1547	11.087846
1548	11.087846
1549	11.087846
1550	11.087846
1551	11.087846
1552	11.087846
1553	11.087846
1554	11.087846
1555	11.087846
1556	11.087846
1557	11.087846
1558	11.087846
1559	11.087846
1560	11.087846
1561	11.087846
1562	11.087846
1563	11.087846
1564	11.087846
1565	11.087846
1566	11.087846
1567	11.087846
1568	11.087846
1569	11.087846
1570	11.087846
1571	11.087846
1572	11.087846
1573	11.087846
1574	11.087846
1575	11.087846
1576	11.087846
1577	11.087846
1578	11.087846
1579	11.087846
1580	11.087846
1581	11.087846
1582	11.087846
1583	11.087846
1584	11.087846
1585	11.087846
1586	11.087846
1587	11.087846
1588	11.087846
1589	11.087846
1590	11.087846
1591	11.087846
1592	11.087846
1593	11.087846
1594	11.087846
1595	11.087846
1596	11.087846
1597	11.087846
1598	11.087846
1599	11.087846
1600	11.087846
1601	11.087846
1602	11.087846
1603	11.087846
1604	11.087846
1605	11.087846
1606	11.087846
1607	11.087846
1608	11.087846
1609	11.087846
1610	11.087846
1611	11.087846
1612	11.087846
1613	11.087846
1614	11.087846
1615	11.087846
1616	11.087846
1617	11.087846
1618	11.087846
1619	11.087846
1620	11.087846
1621	11.087846
1622	11.087846
1623	11.087846
1624	11.087846
1625	11.087846
1626	11.087846
1627	11.087846
1628	11.087846
1629	11.087846
1630	11.087846
1631	11.087846
1632	11.087846
1633	11.087846
1634	11.087846
1635	11.087846
1636	11.087846
1637	11.087846
1638	11.087846
1639	11.087846
1640	11.087846
1641	11.087846
1642	11.087846
1643	11.087846
1644	11.087846
1645	11.087846
1646	11.087846
1647	11.087846
1648	11.087846
1649	11.087846
1650	11.087846
1651	11.087846
1652	11.087846
1653	11.087846
1654	11.087846
1655	11.087846
1656	11.087846
1657	11.087846
1658	11.087846
1659	11.087846
1660	11.087846
1661	11.087846
1662	11.087846
1663	11.087846
1664	11.087846
1665	11.087846
1666	11.087846
1667	11.087846
1668	11.087846
1669	11.087846
1670	11.087846
1671	11.087846
1672	11.087846
1673	11.087846
1674	11.087846
1675	11.087846
1676	11.087846
1677	11.087846
1678	11.087846
1679	11.087846
1680	11.087846
1681	11.087846
1682	11.087846
1683	11.087846
1684	11.087846
1685	11.087846
1686	11.087846
1687	11.087846
1688	11.087846
1689	11.087846
1690	11.087846
1691	11.087846
1692	11.087846
1693	11.087846
1694	11.087846
1695	11.087846
1696	11.087846
1697	11.087846
1698	11.087846
1699	11.087846
1700	11.087846
1701	11.087846
1702	11.087846
1703	11.087846
1704	11.087846
1705	11.087846
1706	11.087846
1707	11.087846
1708	11.087846
1709	11.087846
1710	11.087846
1711	11.087846
1712	11.087846
1713	11.087846
1714	11.087846
1715	11.087846
1716	11.087846
1717	11.087846
1718	11.087846
1719	11.087846
1720	11.087846
1721	11.087846
1722	11.087846
1723	11.087846
1724	11.087846
1725	11.087846
1726	11.087846
1727	11.087846
1728	11.087846
1729	11.087846
1730	11.087846
1731	11.087846
1732	11.087846
1733	11.087846
1734	11.087846
1735	11.087846
1736	11.087846
1737	11.087846
1738	11.087846
1739	11.087846
1740	11.087846
1741	11.087846
1742	11.087846
1743	11.087846
1744	11.087846
1745	11.087846
1746	11.087846
1747	11.087846
1748	11.087846
1749	11.087846
1750	11.087846
1751	11.087846
1752	11.087846
1753	11.087846
1754	11.087846
1755	11.087846
1756	11.087846
1757	11.087846
1758	11.087846
1759	11.087846
1760	11.087846
1761	11.087846
1762	11.087846
1763	11.087846
1764	11.087846
1765	11.087846
1766	11.087846
1767	11.087846
1768	11.087846
1769	11.087846
1770	11.087846
1771	11.087846
1772	11.087846
1773	11.087846
1774	11.087846
1775	11.087846
1776	11.087846
1777	11.087846
1778	11.087846
1779	11.087846
1780	11.087846
1781	11.087846
1782	11.087846
1783	11.087846
1784	11.087846
1785	11.087846
1786	11.087846
1787	11.087846
1788	11.087846
1789	11.087846
1790	11.087846
1791	11.087846
1792	11.087846
1793	11.087846
1794	11.087846
1795	11.087846
1796	11.087846
1797	11.087846
1798	11.087846
1799	11.087846
1800	11.087846
1801	11.087846
1802	11.087846
1803	11.087846
1804	11.087846
1805	11.087846
1806	11.087846
1807	11.087846
1808	11.087846
1809	11.087846
1810	11.087846
1811	11.087846
1812	11.087846
1813	11.087846
1814	11.087846
1815	11.087846
1816	11.087846
1817	11.087846
1818	11.087846
1819	11.087846
1820	11.087846
1821	11.087846
1822	11.087846
1823	11.087846
1824	11.087846
1825	11.087846
1826	11.087846
1827	11.087846
1828	11.087846
1829	11.087846
1830	11.087846
1831	11.087846
1832	11.087846
1833	11.087846
1834	11.087846
1835	11.087846
1836	11.087846
1837	11.087846
1838	11.087846
1839	11.087846
1840	11.087846
1841	11.087846
1842	11.087846
1843	11.087846
1844	11.087846
1845	11.087846
1846	11.087846
1847	11.087846
1848	11.087846
1849	11.087846
1850	11.087846
1851	11.087846
1852	11.087846
1853	11.087846
1854	11.087846
1855	11.087846
1856	11.087846
1857	11.087846
1858	11.087846
1859	11.087846
1860	11.087846
1861	11.087846
1862	11.087846
1863	11.087846
1864	11.087846
1865	11.087846
1866	11.087846
1867	11.087846
1868	11.087846
1869	11.087846
1870	11.087846
1871	11.087846
1872	11.087846
1873	11.087846
1874	11.087846
1875	11.087846
1876	11.087846
1877	11.087846
1878	11.087846
1879	11.087846
1880	11.087846
1881	11.087846
1882	11.087846
1883	11.087846
1884	11.087846
1885	11.087846
1886	11.087846
1887	11.087846
1888	11.087846
1889	11.087846
1890	11.087846
1891	11.087846
1892	11.087846
1893	11.087846
1894	11.087846
1895	11.087846
1896	11.087846
1897	11.087846
1898	11.087846
1899	11.087846
1900	11.087846
1901	11.087846
1902	11.087846
1903	11.087846
1904	11.087846
1905	11.087846
1906	11.087846
1907	11.087846
1908	11.087846
1909	11.087846
1910	11.087846
1911	11.087846
1912	11.087846
1913	11.087846
1914	11.087846
1915	11.087846
1916	11.087846
1917	11.087846
1918	11.087846
1919	11.087846
1920	11.087846
1921	11.087846
1922	11.087846
1923	11.087846
1924	11.087846
1925	11.087846
1926	11.087846
1927	11.087846
1928	11.087846
1929	11.087846
1930	11.087846
1931	11.087846
1932	11.087846
1933	11.087846
1934	11.087846
1935	11.087846
1936	11.087846
1937	11.087846
1938	11.087846
1939	11.087846
1940	11.087846
1941	11.087846
1942	11.087846
1943	11.087846
1944	11.087846
1945	11.087846
1946	11.087846
1947	11.087846
1948	11.087846
1949	11.087846
1950	11.087846
1951	11.087846
1952	11.087846
1953	11.087846
1954	11.087846
1955	11.087846
1956	11.087846
1957	11.087846
1958	11.087846
1959	11.087846
1960	11.087846
1961	11.087846
1962	11.087846
1963	11.087846
1964	11.087846
1965	11.087846
1966	11.087846
1967	11.087846
1968	11.087846
1969	11.087846
1970	11.087846
1971	11.087846
1972	11.087846
1973	11.087846
1974	11.087846
1975	11.087846
1976	11.087846
1977	11.087846
1978	11.087846
1979	11.087846
1980	11.087846
1981	11.087846
1982	11.087846
1983	11.087846
1984	11.087846
1985	11.087846
1986	11.087846
1987	11.087846
1988	11.087846
1989	11.087846
1990	11.087846
1991	11.087846
1992	11.087846
1993	11.087846
1994	11.087846
1995	11.087846
1996	11.087846
1997	11.087846
1998	11.087846
1999	11.087846
2000	11.087846
2001	11.087846
2002	11.087846
2003	11.087846
2004	11.087846
2005	11.087846
2006	11.087846
2007	11.087846
2008	11.087846
2009	11.087846
2010	11.087846
2011	11.087846
2012	11.087846
2013	11.087846
2014	11.087846
2015	11.087846
2016	11.087846
2017	11.087846
2018	11.087846
2019	11.087846
2020	11.087846
2021	11.087846
2022	11.087846
2023	11.087846
2024	11.087846
2025	11.087846
2026	11.087846
2027	11.087846
2028	11.087846
2029	11.087846
2030	11.087846
2031	11.087846
2032	11.087846
2033	11.087846
2034	11.087846
2035	11.087846
2036	11.087846
2037	11.087846
2038	11.087846
2039	11.087846
2040	11.087846
2041	11.087846
2042	11.087846
2043	11.087846
2044	11.087846
2045	11.087846
2046	11.087846
2047	11.087846
2048	11.087846
2049	11.087846
2050	11.087846
2051	11.087846
2052	11.087846
2053	11.087846
2054	11.087846
2055	11.087846
2056	11.087846
2057	11.087846
2058	11.087846
2059	11.087846
2060	11.087846
2061	11.087846
2062	11.087846
2063	11.087846
2064	11.087846
2065	11.087846
2066	11.087846
2067	11.087846
2068	11.087846
2069	11.087846
2070	11.087846
2071	11.087846
2072	11.087846
2073	11.087846
2074	11.087846
2075	11.087846
2076	11.087846
2077	11.087846
2078	11.087846
2079	11.087846
2080	11.087846
2081	11.087846
2082	11.087846
2083	11.087846
2084	11.087846
2085	11.087846
2086	11.087846
2087	11.087846
2088	11.087846
2089	11.087846
2090	11.087846
2091	11.087846
2092	11.087846
2093	11.087846
2094	11.087846
2095	11.087846
2096	11.087846
2097	11.087846
2098	11.087846
2099	11.087846
2100	11.087846
2101	11.087846
2102	11.087846
2103	11.087846
2104	11.087846
2105	11.087846
2106	11.087846
2107	11.087846
2108	11.087846
2109	11.087846
2110	11.087846
2111	11.087846
2112	11.087846
2113	11.087846
2114	11.087846
2115	11.087846
2116	11.087846
2117	11.087846
2118	11.087846
2119	11.087846
2120	11.087846
2121	11.087846
2122	11.087846
2123	11.087846
2124	11.087846
2125	11.087846
2126	11.087846
2127	11.087846
2128	11.087846
2129	11.087846
2130	11.087846
2131	11.087846
2132	11.087846
2133	11.087846
2134	11.087846
2135	11.087846
2136	11.087846
2137	11.087846
2138	11.087846
2139	11.087846
2140	11.087846
2141	11.087846
2142	11.087846
2143	11.087846
2144	11.087846
2145	11.087846
2146	11.087846
2147	11.087846
2148	11.087846
2149	11.087846
2150	11.087846
2151	11.087846
2152	11.087846
2153	11.087846
2154	11.087846
2155	11.087846
2156	11.087846
2157	11.087846
2158	11.087846
2159	11.087846
2160	11.087846
2161	11.087846
2162	11.087846
2163	11.087846
2164	11.087846
2165	11.087846
2166	11.087846
2167	11.087846
2168	11.087846
2169	11.087846
2170	11.087846
2171	11.087846
2172	11.087846
2173	11.087846
2174	11.087846
2175	11.087846
2176	11.087846
2177	11.087846
2178	11.087846
2179	11.087846
2180	11.087846
2181	11.087846
2182	11.087846
2183	11.087846
2184	11.087846
2185	11.087846
2186	11.087846
2187	11.087846
2188	11.087846
2189	11.087846
2190	11.087846
2191	11.087846
2192	11.087846
2193	11.087846
2194	11.087846
2195	11.087846
2196	11.087846
2197	11.087846
2198	11.087846
2199	11.087846
2200	11.087846
2201	11.087846
2202	11.087846
2203	11.087846
2204	11.087846
2205	11.087846
2206	11.087846
2207	11.087846
2208	11.087846
2209	11.087846
2210	11.087846
2211	11.087846
2212	11.087846
2213	11.087846
2214	11.087846
2215	11.087846
2216	11.087846
2217	11.087846
2218	11.087846
2219	11.087846
2220	11.087846
2221	11.087846
2222	11.087846
2223	11.087846
2224	11.087846
2225	11.087846
2226	11.087846
2227	11.087846
2228	11.087846
2229	11.087846
2230	11.087846
2231	11.087846
2232	11.087846
2233	11.087846
2234	11.087846
2235	11.087846
2236	11.087846
2237	11.087846
2238	11.087846
2239	11.087846
2240	11.087846
2241	11.087846
2242	11.087846
2243	11.087846
2244	11.087846
2245	11.087846
2246	11.087846
2247	11.087846
2248	11.087846
2249	11.087846
2250	11.087846
2251	11.087846
2252	11.087846
2253	11.087846
2254	11.087846
2255	11.087846
2256	11.087846
2257	11.087846
2258	11.087846
2259	11.087846
2260	11.087846
2261	11.087846
2262	11.087846
2263	11.087846
2264	11.087846
2265	11.087846
2266	11.087846
2267	11.087846
2268	11.087846
2269	11.087846
2270	11.087846
2271	11.087846
2272	11.087846
2273	11.087846
2274	11.087846
2275	11.087846
2276	11.087846
2277	11.087846
2278	11.087846
2279	11.087846
2280	11.087846
2281	11.087846
2282	11.087846
2283	11.087846
2284	11.087846
2285	11.087846
2286	11.087846
2287	11.087846
2288	11.087846
2289	11.087846
2290	11.087846
2291	11.087846
2292	11.087846
2293	11.087846
2294	11.087846
2295	11.087846
2296	11.087846
2297	11.087846
2298	11.087846
2299	11.087846
2300	11.087846
2301	11.087846
2302	11.087846
2303	11.087846
2304	11.087846
2305	11.087846
2306	11.087846
2307	11.087846
2308	11.087846
2309	11.087846
2310	11.087846
2311	11.087846
2312	11.087846
2313	11.087846
2314	11.087846
2315	11.087846
2316	11.087846
2317	11.087846
2318	11.087846
2319	11.087846
2320	11.087846
2321	11.087846
2322	11.087846
2323	11.087846
2324	11.087846
2325	11.087846
2326	11.087846
2327	11.087846
2328	11.087846
2329	11.087846
2330	11.087846
2331	11.087846
2332	11.087846
2333	11.087846
2334	11.087846
2335	11.087846
2336	11.087846
2337	11.087846
2338	11.087846
2339	11.087846
2340	11.087846
2341	11.087846
2342	11.087846
2343	11.087846
2344	11.087846
2345	11.087846
2346	11.087846
2347	11.087846
2348	11.087846
2349	11.087846
2350	11.087846
2351	11.087846
2352	11.087846
2353	11.087846
2354	11.087846
2355	11.087846
2356	11.087846
2357	11.087846
2358	11.087846
2359	11.087846
2360	11.087846
2361	11.087846
2362	11.087846
2363	11.087846
2364	11.087846
2365	11.087846
2366	11.087846
2367	11.087846
2368	11.087846
2369	11.087846
2370	11.087846
2371	11.087846
2372	11.087846
2373	11.087846
2374	11.087846
2375	11.087846
2376	11.087846
2377	11.087846
2378	11.087846
2379	11.087846
2380	11.087846
2381	11.087846
2382	11.087846
2383	11.087846
2384	11.087846
2385	11.087846
2386	11.087846
2387	11.087846
2388	11.087846
2389	11.087846
2390	11.087846
2391	11.087846
2392	11.087846
2393	11.087846
2394	11.087846
2395	11.087846
2396	11.087846
2397	11.087846
2398	11.087846
2399	11.087846
2400	11.087846
2401	11.087846
2402	11.087846
2403	11.087846
2404	11.087846
2405	11.087846
2406	11.087846
2407	11.087846
2408	11.087846
2409	11.087846
2410	11.087846
2411	11.087846
2412	11.087846
2413	11.087846
2414	11.087846
2415	11.087846
2416	11.087846
2417	11.087846
2418	11.087846
2419	11.087846
2420	11.087846
2421	11.087846
2422	11.087846
2423	11.087846
2424	11.087846
2425	11.087846
2426	11.087846
2427	11.087846
2428	11.087846
2429	11.087846
2430	11.087846
2431	11.087846
2432	11.087846
2433	11.087846
2434	11.087846
2435	11.087846
2436	11.087846
2437	11.087846
2438	11.087846
2439	11.087846
2440	11.087846
2441	11.087846
2442	11.087846
2443	11.087846
2444	11.087846
2445	11.087846
2446	11.087846
2447	11.087846
2448	11.087846
2449	11.087846
2450	11.087846
2451	11.087846
2452	11.087846
2453	11.087846
2454	11.087846
2455	11.087846
2456	11.087846
2457	11.087846
2458	11.087846
2459	11.087846
2460	11.087846
2461	11.087846
2462	11.087846
2463	11.087846
2464	11.087846
2465	11.087846
2466	11.087846
2467	11.087846
2468	11.087846
2469	11.087846
2470	11.087846
2471	11.087846
2472	11.087846
2473	11.087846
2474	11.087846
2475	11.087846
2476	11.087846
2477	11.087846
2478	11.087846
2479	11.087846
2480	11.087846
2481	11.087846
2482	11.087846
2483	11.087846
2484	11.087846
2485	11.087846
2486	11.087846
2487	11.087846
2488	11.087846
2489	11.087846
2490	11.087846
2491	11.087846
2492	11.087846
2493	11.087846
2494	11.087846
2495	11.087846
2496	11.087846
2497	11.087846
2498	11.087846
2499	11.087846
2500	11.087846
2501	11.087846
2502	11.087846
2503	11.087846
2504	11.087846
2505	11.087846
2506	11.087846
2507	11.087846
2508	11.087846
2509	11.087846
2510	11.087846
2511	11.087846
2512	11.087846
2513	11.087846
2514	11.087846
2515	11.087846
2516	11.087846
2517	11.087846
2518	11.087846
2519	11.087846
2520	11.087846
2521	11.087846
2522	11.087846
2523	11.087846
2524	11.087846
2525	11.087846
2526	11.087846
2527	11.087846
2528	11.087846
2529	11.087846
2530	11.087846
2531	11.087846
2532	11.087846
2533	11.087846
2534	11.087846
2535	11.087846
2536	11.087846
2537	11.087846
2538	11.087846
2539	11.087846
2540	11.087846
2541	11.087846
2542	11.087846
2543	11.087846
2544	11.087846
2545	11.087846
2546	11.087846
2547	11.087846
2548	11.087846
2549	11.087846
2550	11.087846
2551	11.087846
2552	11.087846
2553	11.087846
2554	11.087846
2555	11.087846
2556	11.087846
2557	11.087846
2558	11.087846
2559	11.087846
2560	11.087846
2561	11.087846
2562	11.087846
2563	11.087846
2564	11.087846
2565	11.087846
2566	11.087846
2567	11.087846
2568	11.087846
2569	11.087846
2570	11.087846
2571	11.087846
2572	11.087846
2573	11.087846
2574	11.087846
2575	11.087846
2576	11.087846
2577	11.087846
2578	11.087846
2579	11.087846
2580	11.087846
2581	11.087846
2582	11.087846
2583	11.087846
2584	11.087846
2585	11.087846
2586	11.087846
2587	11.087846
2588	11.087846
2589	11.087846
2590	11.087846
2591	11.087846
2592	11.087846
2593	11.087846
2594	11.087846
2595	11.087846
2596	11.087846
2597	11.087846
2598	11.087846
2599	11.087846
2600	11.087846
2601	11.087846
2602	11.087846
2603	11.087846
2604	11.087846
2605	11.087846
2606	11.087846
2607	11.087846
2608	11.087846
2609	11.087846
2610	11.087846
2611	11.087846
2612	11.087846
2613	11.087846
2614	11.087846
2615	11.087846
2616	11.087846
2617	11.087846
2618	11.087846
2619	11.087846
2620	11.087846
2621	11.087846
2622	11.087846
2623	11.087846
2624	11.087846
2625	11.087846
2626	11.087846
2627	11.087846
2628	11.087846
2629	11.087846
2630	11.087846
2631	11.087846
2632	11.087846
2633	11.087846
2634	11.087846
2635	11.087846
2636	11.087846
2637	11.087846
2638	11.087846
2639	11.087846
2640	11.087846
2641	11.087846
2642	11.087846
2643	11.087846
2644	11.087846
2645	11.087846
2646	11.087846
2647	11.087846
2648	11.087846
2649	11.087846
2650	11.087846
2651	11.087846
2652	11.087846
2653	11.087846
2654	11.087846
2655	11.087846
2656	11.087846
2657	11.087846
2658	11.087846
2659	11.087846
2660	11.087846
2661	11.087846
2662	11.087846
2663	11.087846
2664	11.087846
2665	11.087846
2666	11.087846
2667	11.087846
2668	11.087846
2669	11.087846
2670	11.087846
2671	11.087846
2672	11.087846
2673	11.087846
2674	11.087846
2675	11.087846
2676	11.087846
2677	11.087846
2678	11.087846
2679	11.087846
2680	11.087846
2681	11.087846
2682	11.087846
2683	11.087846
2684	11.087846
2685	11.087846
2686	11.087846
2687	11.087846
2688	11.087846
2689	11.087846
2690	11.087846
2691	11.087846
2692	11.087846
2693	11.087846
2694	11.087846
2695	11.087846
2696	11.087846
2697	11.087846
2698	11.087846
2699	11.087846
2700	11.087846
2701	11.087846
2702	11.087846
2703	11.087846
2704	11.087846
2705	11.087846
2706	11.087846
2707	11.087846
2708	11.087846
2709	11.087846
2710	11.087846
2711	11.087846
2712	11.087846
2713	11.087846
2714	11.087846
2715	11.087846
2716	11.087846
2717	11.087846
2718	11.087846
2719	11.087846
2720	11.087846
2721	11.087846
2722	11.087846
2723	11.087846
2724	11.087846
2725	11.087846
2726	11.087846
2727	11.087846
2728	11.087846
2729	11.087846
2730	11.087846
2731	11.087846
2732	11.087846
2733	11.087846
2734	11.087846
2735	11.087846
2736	11.087846
2737	11.087846
2738	11.087846
2739	11.087846
2740	11.087846
2741	11.087846
2742	11.087846
2743	11.087846
2744	11.087846
2745	11.087846
2746	11.087846
2747	11.087846
2748	11.087846
2749	11.087846
2750	11.087846
2751	11.087846
2752	11.087846
2753	11.087846
2754	11.087846
2755	11.087846
2756	11.087846
2757	11.087846
2758	11.087846
2759	11.087846
2760	11.087846
2761	11.087846
2762	11.087846
2763	11.087846
2764	11.087846
2765	11.087846
2766	11.087846
2767	11.087846
2768	11.087846
2769	11.087846
2770	11.087846
2771	11.087846
2772	11.087846
2773	11.087846
2774	11.087846
2775	11.087846
2776	11.087846
2777	11.087846
2778	11.087846
2779	11.087846
2780	11.087846
2781	11.087846
2782	11.087846
2783	11.087846
2784	11.087846
2785	11.087846
2786	11.087846
2787	11.087846
2788	11.087846
2789	11.087846
2790	11.087846
2791	11.087846
2792	11.087846
2793	11.087846
2794	11.087846
2795	11.087846
2796	11.087846
2797	11.087846
2798	11.087846
2799	11.087846
2800	11.087846
2801	11.087846
2802	11.087846
2803	11.087846
2804	11.087846
2805	11.087846
2806	11.087846
2807	11.087846
2808	11.087846
2809	11.087846
2810	11.087846
2811	11.087846
2812	11.087846
2813	11.087846
2814	11.087846
2815	11.087846
2816	11.087846
2817	11.087846
2818	11.087846
2819	11.087846
2820	11.087846
2821	11.087846
2822	11.087846
2823	11.087846
2824	11.087846
2825	11.087846
2826	11.087846
2827	11.087846
2828	11.087846
2829	11.087846
2830	11.087846
2831	11.087846
2832	11.087846
2833	11.087846
2834	11.087846
2835	11.087846
2836	11.087846
2837	11.087846
2838	11.087846
2839	11.087846
2840	11.087846
2841	11.087846
2842	11.087846
2843	11.087846
2844	11.087846
2845	11.087846
2846	11.087846
2847	11.087846
2848	11.087846
2849	11.087846
2850	11.087846
2851	11.087846
2852	11.087846
2853	11.087846
2854	11.087846
2855	11.087846
2856	11.087846
2857	11.087846
2858	11.087846
2859	11.087846
2860	11.087846
2861	11.087846
2862	11.087846
2863	11.087846
2864	11.087846
2865	11.087846
2866	11.087846
2867	11.087846
2868	11.087846
2869	11.087846
2870	11.087846
2871	11.087846
2872	11.087846
2873	11.087846
2874	11.087846
2875	11.087846
2876	11.087846
2877	11.087846
2878	11.087846
2879	11.087846
2880	11.087846
2881	11.087846
2882	11.087846
2883	11.087846
2884	11.087846
2885	11.087846
2886	11.087846
2887	11.087846
2888	11.087846
2889	11.087846
2890	11.087846
2891	11.087846
2892	11.087846
2893	11.087846
2894	11.087846
2895	11.087846
2896	11.087846
2897	11.087846
2898	11.087846
2899	11.087846
2900	11.087846
2901	11.087846
2902	11.087846
2903	11.087846
2904	11.087846
2905	11.087846
2906	11.087846
2907	11.087846
2908	11.087846
2909	11.087846
2910	11.087846
2911	11.087846
2912	11.087846
2913	11.087846
2914	11.087846
2915	11.087846
2916	11.087846
2917	11.087846
2918	11.087846
2919	11.087846
2920	11.087846
2921	11.087846
2922	11.087846
2923	11.087846
2924	11.087846
2925	11.087846
2926	11.087846
2927	11.087846
2928	11.087846
2929	11.087846
2930	11.087846
2931	11.087846
2932	11.087846
2933	11.087846
2934	11.087846
2935	11.087846
2936	11.087846
2937	11.087846
2938	11.087846
2939	11.087846
2940	11.087846
2941	11.087846
2942	11.087846
2943	11.087846
2944	11.087846
2945	11.087846
2946	11.087846
2947	11.087846
2948	11.087846
2949	11.087846
2950	11.087846
2951	11.087846
2952	11.087846
2953	11.087846
2954	11.087846
2955	11.087846
2956	11.087846
2957	11.087846
2958	11.087846
2959	11.087846
2960	11.087846
2961	11.087846
2962	11.087846
2963	11.087846
2964	11.087846
2965	11.087846
2966	11.087846
2967	11.087846
2968	11.087846
2969	11.087846
2970	11.087846
2971	11.087846
2972	11.087846
2973	11.087846
2974	11.087846
2975	11.087846
2976	11.087846
2977	11.087846
2978	11.087846
2979	11.087846
2980	11.087846
2981	11.087846
2982	11.087846
2983	11.087846
2984	11.087846
2985	11.087846
2986	11.087846
2987	11.087846
2988	11.087846
2989	11.087846
2990	11.087846
2991	11.087846
2992	11.087846
2993	11.087846
2994	11.087846
2995	11.087846
2996	11.087846
2997	11.087846
2998	11.087846
2999	11.087846
3000	11.087846
3001	11.087846
3002	11.087846
3003	11.087846
3004	11.087846
3005	11.087846
3006	11.087846
3007	11.087846
3008	11.087846
3009	11.087846
3010	11.087846
3011	11.087846
3012	11.087846
3013	11.087846
3014	11.087846
3015	11.087846
3016	11.087846
3017	11.087846
3018	11.087846
3019	11.087846
3020	11.087846
3021	11.087846
3022	11.087846
3023	11.087846
3024	11.087846
3025	11.087846
3026	11.087846
3027	11.087846
3028	11.087846
3029	11.087846
3030	11.087846
3031	11.087846
3032	11.087846
3033	11.087846
3034	11.087846
3035	11.087846
3036	11.087846
3037	11.087846
3038	11.087846
3039	11.087846
3040	11.087846
3041	11.087846
3042	11.087846
3043	11.087846
3044	11.087846
3045	11.087846
