1	7903665.0
2	7896165.0
3	7538391.0
4	7229906.0
5	7154742.0
6	7242436.0
7	7287543.0
8	7330344.0
9	6968893.0
10	6592955.0
11	6425168.0
12	6599526.0
13	6021161.0
14	6165958.0
15	6066474.0
16	6071982.0
17	6314097.0
18	6360693.0
19	6353541.0
20	6464463.0
21	6470948.0
22	6474044.0
23	6488234.0
24	6128456.0
25	6146456.0
26	6228896.0
27	6267272.0
28	6249488.0
29	6318284.0
30	6331172.0
31	6423620.0
32	6608156.0
33	6547220.0
34	6417782.0
35	6422754.0
36	6464754.0
37	6482154.0
38	6481470.0
39	6293692.0
40	6598212.0
41	6729278.0
42	6706130.0
43	6702503.0
44	6521043.0
45	6623691.0
46	6358582.0
47	6281301.0
48	6321045.0
49	6365757.0
50	6442772.0
51	6703214.0
52	6899623.0
53	6954535.0
54	6993982.0
55	7044704.0
56	7141004.0
57	6809592.0
58	6845526.0
59	6865172.0
60	6789212.0
61	6767149.0
62	6705249.0
63	6493497.0
64	6387834.0
65	6388770.0
66	6822210.0
67	6847482.0
68	6718182.0
69	6735366.0
70	6734967.0
71	6749639.0
72	6729007.0
73	6527418.0
74	6518544.0
75	6664274.0
76	6478150.0
77	6400596.0
78	6268494.0
79	6327462.0
80	6562200.0
81	6428661.0
82	6443637.0
83	6051340.0
84	6378779.0
85	5954539.0
86	5983189.0
87	6077844.0
88	6451230.0
89	6563222.0
90	6641921.0
91	6641033.0
92	6703127.0
93	6676738.0
94	6685646.0
95	6753541.0
96	6407012.0
97	6416928.0
98	5814421.0
99	5762554.0
100	5955661.0
101	6311933.0
102	6056407.0
103	6038932.0
104	6002975.0
105	5897960.0
106	5977130.0
107	5994946.0
108	6017508.0
109	6588520.0
110	7186864.0
111	6942149.0
112	6892103.0
113	7217701.0
114	7435407.0
115	7109809.0
116	6591391.0
117	6609324.0
118	5921724.0
119	5735460.0
120	5891616.0
121	5773800.0
122	5873592.0
123	5905897.0
124	6067509.0
125	6211910.0
126	6290159.0
127	6520702.0
128	6686802.0
129	6692502.0
130	6317191.0
131	6343733.0
132	5862150.0
133	5817721.0
134	6016772.0
135	6028389.0
136	6029187.0
137	5822666.0
138	5799082.0
139	5895832.0
140	5939104.0
141	6110752.0
142	6131272.0
143	6151479.0
144	6161615.0
145	6319612.0
146	6396329.0
147	6407470.0
148	6461149.0
149	6609857.0
150	6700658.0
151	6697808.0
152	6999830.0
153	6753382.0
154	6732763.0
155	6747793.0
156	6870974.0
157	6878519.0
158	7108087.0
159	7086810.0
160	7152225.0
161	6868742.0
162	6872297.0
163	6895365.0
164	6779067.0
165	6831336.0
166	7383144.0
167	7221668.0
168	7054309.0
169	7272015.0
170	7310868.0
171	7297359.0
172	7382392.0
173	7397730.0
174	7395597.0
175	7534248.0
176	7501644.0
177	7343460.0
178	7341864.0
179	7372413.0
180	7093933.0
181	7072839.0
182	7082931.0
183	6790324.0
184	6968943.0
185	6990771.0
186	6960222.0
187	6928686.0
188	6993471.0
189	6974425.0
190	6835774.0
191	7334076.0
192	7496468.0
193	7475435.0
194	7582310.0
195	7175688.0
196	6792949.0
197	7182555.0
198	7168875.0
199	7346094.0
200	7378413.0
201	6848874.0
202	6870342.0
203	6748253.0
204	6835942.0
205	6869933.0
206	6856606.0
207	6948953.0
208	6957717.0
209	6799711.0
210	7278501.0
211	7321992.0
212	7357772.0
213	7625271.0
214	7627404.0
215	7286146.0
216	7314178.0
217	7333691.0
218	7469397.0
219	7138785.0
220	7437655.0
221	7258691.0
222	7153736.0
223	7163265.0
224	7268475.0
225	7114037.0
226	7027019.0
227	6974533.0
228	6970713.0
229	6863405.0
230	6882999.0
231	7114038.0
232	7382312.0
233	7370048.0
234	7312800.0
235	7316059.0
236	7345521.0
237	7390554.0
238	7606798.0
239	6938655.0
240	6653687.0
241	6736908.0
242	6533777.0
243	6301351.0
244	6512440.0
245	6712913.0
246	6770161.0
247	7388753.0
248	7090054.0
249	7086339.0
250	7160391.0
251	6794632.0
252	6510548.0
253	6599840.0
254	6703616.0
255	6729418.0
256	6760699.0
257	6483402.0
258	6486906.0
259	6669530.0
260	6303156.0
261	6333553.0
262	6354858.0
263	6027707.0
264	6077509.0
265	6144082.0
266	6253211.0
267	6521759.0
268	6272237.0
269	6416342.0
270	6615283.0
271	6426952.0
272	6234298.0
273	6128530.0
274	5901288.0
275	5903150.0
276	6145351.0
277	6343285.0
278	6600502.0
279	6625800.0
280	6693433.0
281	6791713.0
282	7018024.0
283	7081883.0
284	7134025.0
285	7509716.0
286	7334548.0
287	6997404.0
288	7145763.0
289	7452854.0
290	7496846.0
291	7540910.0
292	7269804.0
293	7376188.0
294	7385194.0
295	7471652.0
296	7477020.0
297	7705172.0
298	7740758.0
299	7419028.0
300	7375850.0
301	6927291.0
302	6946437.0
303	7058757.0
304	7008671.0
305	7107802.0
306	7236166.0
307	7356163.0
308	7238302.0
309	7132942.0
310	7143493.0
311	7193398.0
312	7199446.0
313	7147361.0
314	7251345.0
315	7004784.0
316	6861128.0
317	6899432.0
318	6786104.0
319	6960729.0
320	7093379.0
321	6904119.0
322	6823209.0
323	6514107.0
324	6821211.0
325	6656663.0
326	6669928.0
327	6584277.0
328	6453729.0
329	6555075.0
330	6605874.0
331	6801636.0
332	6805617.0
333	6864628.0
334	7234560.0
335	7276061.0
336	6931852.0
337	6757636.0
338	6511075.0
339	6670255.0
340	6810005.0
341	6916389.0
342	6964725.0
343	6926421.0
344	6965244.0
345	6996252.0
346	6693181.0
347	6579105.0
348	6011329.0
349	6029341.0
350	5962389.0
351	6142525.0
352	6289387.0
353	6064992.0
354	6033984.0
355	5903855.0
356	5800058.0
357	5825427.0
358	5925615.0
359	5948415.0
360	5925615.0
361	6147915.0
362	6312463.0
363	6585997.0
364	6476868.0
365	6376018.0
366	6420753.0
367	6315339.0
368	6384429.0
369	6400845.0
370	6405285.0
371	6514414.0
372	6497998.0
373	6251204.0
374	6276740.0
375	6475613.0
376	6782738.0
377	6784880.0
378	6815309.0
379	6579869.0
380	6604266.0
381	6610650.0
382	6713610.0
383	6783306.0
384	6645834.0
385	6643692.0
386	6645120.0
387	6287210.0
388	6287210.0
389	6323271.0
390	6333391.0
391	6414897.0
392	6599415.0
393	6706857.0
394	6611954.0
395	7116142.0
396	7085713.0
397	6990886.0
398	7030996.0
399	7050736.0
400	7125687.0
401	7238331.0
402	6994357.0
403	6984237.0
404	6846492.0
405	7024000.0
406	7213497.0
407	7208242.0
408	7214263.0
409	7264274.0
410	7414917.0
411	7362461.0
412	7249817.0
413	7254877.0
414	7314411.0
415	7402955.0
416	7397895.0
417	7093014.0
418	7275627.0
419	7748889.0
420	7901529.0
421	7893085.0
422	7860460.0
423	7890604.0
424	7919254.0
425	8075573.0
426	8046923.0
427	8112309.0
428	8080412.0
429	8191255.0
430	7969516.0
431	8032364.0
432	7659885.0
433	7856440.0
434	7442766.0
435	7534806.0
436	7825463.0
437	7794012.0
438	7843272.0
439	7543720.0
440	7204834.0
441	7237622.0
442	7284604.0
443	7250548.0
444	7283433.0
445	7250850.0
446	7394105.0
447	7398153.0
448	7346022.0
449	7533813.0
450	7598359.0
451	7961297.0
452	7733196.0
453	7939865.0
454	7597340.0
455	7548732.0
456	7724697.0
457	7858286.0
458	7781936.0
459	7783087.0
460	7899669.0
461	8123988.0
462	8199273.0
463	8179563.0
464	8146775.0
465	8253023.0
466	8664698.0
467	9105756.0
468	8842501.0
469	8742748.0
470	8722857.0
471	8244649.0
472	7814013.0
473	8086285.0
474	8045269.0
475	7607138.0
476	7720709.0
477	7414027.0
478	7298830.0
479	7354392.0
480	7582270.0
481	7613554.0
482	7976703.0
483	7933411.0
484	8025521.0
485	7994237.0
486	8391461.0
487	8091761.0
488	8098106.0
489	8111876.0
490	8053272.0
491	8078599.0
492	8420502.0
493	8795582.0
494	9036182.0
495	8986022.0
496	8812773.0
497	8646978.0
498	8655186.0
499	8515872.0
500	8543382.0
501	8515522.0
502	8557474.0
503	8698805.0
504	8939128.0
505	9105505.0
506	9072442.0
507	9103726.0
508	8915339.0
509	8283620.0
510	8382170.0
511	8264714.0
512	8569440.0
513	8242882.0
514	8163007.0
515	8158366.0
516	8152654.0
517	8322574.0
518	8120390.0
519	8705221.0
520	8833453.0
521	9235744.0
522	9083918.0
523	9149588.0
524	9345444.0
525	9183252.0
526	9486102.0
527	9479535.0
528	9383772.0
529	9457601.0
530	9768984.0
531	9907687.0
532	9507849.0
533	9285971.0
534	9353480.0
535	9146918.0
536	8845252.0
537	8295017.0
538	8295187.0
539	8064529.0
540	8214145.0
541	8221115.0
542	8218265.0
543	8292022.0
544	7980639.0
545	7951389.0
546	7742617.0
547	7762218.0
548	7803778.0
549	7961408.0
550	7854943.0
551	7971209.0
552	8178299.0
553	8117549.0
554	8205485.0
555	8314276.0
556	8287212.0
557	8247213.0
558	8057812.0
559	7941546.0
560	7802843.0
561	7985498.0
562	7989998.0
563	8002198.0
564	7936685.0
565	8048523.0
566	7717136.0
567	7627968.0
568	7719416.0
569	7746380.0
570	7876080.0
571	7887048.0
572	8027943.0
573	7887478.0
574	8036818.0
575	8069305.0
576	8249131.0
577	7973914.0
578	8353577.0
579	8421815.0
580	8257905.0
581	8443441.0
582	8538667.0
583	8736617.0
584	8647232.0
585	8617463.0
586	8355034.0
587	8493102.0
588	8264653.0
589	8270021.0
590	8005151.0
591	7670786.0
592	7873405.0
593	7804153.0
594	7426944.0
595	7300326.0
596	7429035.0
597	7637699.0
598	7530534.0
599	7717484.0
600	7268232.0
601	7053461.0
602	6724614.0
603	6828050.0
604	6954743.0
605	6895657.0
606	6928486.0
607	6983945.0
608	7132719.0
609	7165425.0
610	7838619.0
611	7741199.0
612	7636444.0
613	7902974.0
614	7704671.0
615	7678978.0
616	7664071.0
617	7238929.0
618	7233561.0
619	7550159.0
620	7465062.0
621	7436496.0
622	7188444.0
623	7364271.0
624	7640002.0
625	7986893.0
626	8015459.0
627	7450702.0
628	7430830.0
629	7504018.0
630	7831489.0
631	7455515.0
632	7596006.0
633	7402506.0
634	7420417.0
635	7017375.0
636	7109608.0
637	7021684.0
638	7202903.0
639	7287102.0
640	6943176.0
641	6729251.0
642	6510328.0
643	6415246.0
644	6274351.0
645	6228109.0
646	6119014.0
647	6160402.0
648	6129679.0
649	6133733.0
650	6223691.0
651	6247341.0
652	6579747.0
653	6753620.0
654	6878343.0
655	6799603.0
656	6832623.0
657	6809141.0
658	7070866.0
659	6822987.0
660	6753093.0
661	6720932.0
662	6666932.0
663	6678091.0
664	6864556.0
665	6831536.0
666	6949885.0
667	7558881.0
668	7564249.0
669	7383396.0
670	7400462.0
671	6960672.0
672	6960286.0
673	6803422.0
674	6980893.0
675	6965038.0
676	6556573.0
677	6405349.0
678	6472714.0
679	6526999.0
680	6546416.0
681	6546416.0
682	6633816.0
683	6591561.0
684	6759161.0
685	6671761.0
686	6485296.0
687	6019645.0
688	6019645.0
689	5940592.0
690	5803369.0
691	5758508.0
692	5926501.0
693	6058036.0
694	6104548.0
695	6224817.0
696	6443841.0
697	6706888.0
698	6816660.0
699	6682992.0
700	6712346.0
701	6482587.0
702	6699735.0
703	6626540.0
704	6542895.0
705	6569859.0
706	6366832.0
707	6496690.0
708	6390177.0
709	6465176.0
710	6357794.0
711	6201464.0
712	6409358.0
713	6779588.0
714	6861995.0
715	6694636.0
716	6556621.0
717	6440598.0
718	6498470.0
719	6516482.0
720	6495502.0
721	6897564.0
722	6891980.0
723	6983660.0
724	6813046.0
725	6947787.0
726	6955465.0
727	6846055.0
728	6900499.0
729	6927638.0
730	7332686.0
731	7391697.0
732	7294606.0
733	7305179.0
734	7097514.0
735	6696281.0
736	6621848.0
737	6795780.0
738	6757423.0
739	6871238.0
740	6782816.0
741	6616242.0
742	6526900.0
743	6235962.0
744	6254422.0
745	6625358.0
746	6511543.0
747	7138791.0
748	7144425.0
749	7274063.0
750	7169298.0
751	7104301.0
752	7605941.0
753	7600573.0
754	7068287.0
755	6835247.0
756	7024496.0
757	7279994.0
758	7476628.0
759	7620213.0
760	7390570.0
761	7372558.0
762	7569053.0
763	7205644.0
764	7011138.0
765	6678602.0
766	6508226.0
767	6420918.0
768	6571194.0
769	6572288.0
770	6676238.0
771	7203437.0
772	7354897.0
773	7379373.0
774	6869761.0
775	6951697.0
776	7183566.0
777	7311822.0
778	7167447.0
779	7479245.0
780	7597360.0
781	7719190.0
782	7775069.0
783	7809469.0
784	7727811.0
785	8113713.0
786	7983175.0
787	8102421.0
788	7950190.0
789	8181070.0
790	8154203.0
791	8192212.0
792	8110320.0
793	7783801.0
794	7836261.0
795	7869753.0
796	7887991.0
797	7218448.0
798	7533915.0
799	7481455.0
800	7512397.0
801	7431254.0
802	7219371.0
803	7062209.0
804	6936749.0
805	7005404.0
806	7038610.0
807	6845191.0
808	6708413.0
809	6823459.0
810	6802623.0
811	6682162.0
812	6401418.0
813	6479905.0
814	6763605.0
815	6818850.0
816	7114170.0
817	7311876.0
818	7301673.0
819	7015905.0
820	6727209.0
821	6735513.0
822	6917403.0
823	6946887.0
824	6888219.0
825	7024452.0
826	6729132.0
827	6804782.0
828	7291727.0
829	7575899.0
830	7558511.0
831	7634867.0
832	7347301.0
833	7379246.0
834	7566838.0
835	7732697.0
836	7166055.0
837	7117406.0
838	7245452.0
839	7275614.0
840	7225979.0
841	7097630.0
842	6949375.0
843	7367239.0
844	7480219.0
845	7719160.0
846	7900024.0
847	7860066.0
848	7733306.0
849	7651404.0
850	7823400.0
851	7790979.0
852	7834934.0
853	7794283.0
854	7866331.0
855	7945837.0
856	8244593.0
857	8062703.0
858	7854549.0
859	7924317.0
860	8088281.0
861	8176733.0
862	8516265.0
863	8321732.0
864	8325824.0
865	8035461.0
866	7975958.0
867	7749228.0
868	7749228.0
869	7952684.0
870	7969998.0
871	8141657.0
872	8117181.0
873	8001191.0
874	8183081.0
875	7971486.0
876	8002776.0
877	7860298.0
878	8144626.0
879	8256905.0
880	8386605.0
881	8227387.0
882	8456910.0
883	7799207.0
884	7574591.0
885	7623661.0
886	7988412.0
887	7988709.0
888	7841405.0
889	8013401.0
890	7941368.0
891	7524913.0
892	6976865.0
893	7089131.0
894	6903835.0
895	7005745.0
896	6960826.0
897	6956260.0
898	6970540.0
899	6578112.0
900	6545514.0
901	6385134.0
902	6849219.0
903	6967641.0
904	7055883.0
905	6843545.0
906	6782346.0
907	6820206.0
908	6403887.0
909	6728928.0
910	6928092.0
911	7197665.0
912	7210033.0
913	7263493.0
914	7276877.0
915	7251469.0
916	7362538.0
917	7067361.0
918	7110636.0
919	7382613.0
920	7110377.0
921	7156547.0
922	7230803.0
923	6965636.0
924	6983024.0
925	7105331.0
926	7259216.0
927	7183860.0
928	7109604.0
929	6928195.0
930	6723608.0
931	6821751.0
932	6883579.0
933	7025475.0
934	7152664.0
935	7194685.0
936	7469921.0
937	7621152.0
938	7229216.0
939	7107231.0
940	7281510.0
941	7358179.0
942	7114047.0
943	7280953.0
944	7251021.0
945	7423637.0
946	7440927.0
947	7418881.0
948	7206999.0
949	7208124.0
950	7335138.0
951	7344890.0
952	7497064.0
953	7859443.0
954	7857804.0
955	7854831.0
956	7845079.0
957	7745754.0
958	7763142.0
959	7953721.0
960	8038876.0
961	8120647.0
962	8062369.0
963	8350123.0
964	8342163.0
965	8466931.0
966	7932938.0
967	8071488.0
968	7918879.0
969	8366062.0
970	8314639.0
971	8317213.0
972	8285657.0
973	8257914.0
974	8398597.0
975	8616311.0
976	8626022.0
977	8697923.0
978	8756267.0
979	8548126.0
980	8489335.0
981	8271609.0
982	8469691.0
983	8521114.0
984	8491865.0
985	8503052.0
986	8263154.0
987	8222872.0
988	8493081.0
989	8691506.0
990	8701258.0
991	8506636.0
992	7975635.0
993	7594351.0
994	7584599.0
995	7581996.0
996	7343930.0
997	7793341.0
998	7724214.0
999	7772574.0
1000	7645560.0
1001	7510415.0
1002	7727981.0
1003	7810031.0
1004	7504168.0
1005	7857864.0
1006	7670298.0
1007	7877036.0
1008	7751467.0
1009	7544477.0
1010	7726696.0
1011	7678336.0
1012	7557790.0
1013	7876420.0
1014	7714350.0
1015	7448089.0
1016	7132666.0
1017	7202218.0
1018	7186692.0
1019	7187682.0
1020	7302174.0
1021	7422606.0
1022	7495566.0
1023	7291362.0
1024	7240472.0
1025	7245470.0
1026	7332095.0
1027	7380455.0
1028	7260023.0
1029	7430080.0
1030	7325824.0
1031	7519538.0
1032	7682385.0
1033	7613967.0
1034	7364939.0
1035	7449708.0
1036	7622382.0
1037	7551339.0
1038	7854959.0
1039	7573364.0
1040	7779914.0
1041	7549846.0
1042	7270804.0
1043	6822823.0
1044	6902929.0
1045	6959335.0
1046	7160239.0
1047	7459225.0
1048	7299248.0
1049	7382552.0
1050	7428119.0
1051	7655576.0
1052	7594321.0
1053	7614433.0
1054	7534327.0
1055	7717768.0
1056	7757335.0
1057	8180790.0
1058	8393394.0
1059	8158464.0
1060	8070927.0
1061	8282153.0
1062	8522051.0
1063	8592445.0
1064	8483507.0
1065	8463395.0
1066	8466669.0
1067	8422281.0
1068	8466080.0
1069	8588688.0
1070	8628793.0
1071	8535868.0
1072	8459487.0
1073	8343470.0
1074	8506323.0
1075	8593286.0
1076	8403440.0
1077	8407722.0
1078	8451502.0
1079	8510934.0
1080	8127494.0
1081	8153198.0
1082	8020874.0
1083	8042522.0
1084	8016314.0
1085	7786552.0
1086	8029668.0
1087	7743945.0
1088	7572805.0
1089	7570185.0
1090	7773994.0
1091	7749743.0
1092	7679349.0
1093	7907454.0
1094	7933839.0
1095	8057418.0
1096	8098810.0
1097	8049722.0
1098	7635658.0
1099	7337537.0
1100	7361487.0
1101	7067166.0
1102	6945450.0
1103	6878297.0
1104	7019822.0
1105	6864092.0
1106	6859321.0
1107	6587089.0
1108	6818106.0
1109	6819822.0
1110	7084239.0
1111	7147627.0
1112	7084239.0
1113	7162468.0
1114	7177235.0
1115	7216116.0
1116	6999597.0
1117	7258351.0
1118	7043484.0
1119	7055164.0
1120	7125558.0
1121	7023810.0
1122	7424846.0
1123	7442910.0
1124	7302778.0
1125	7822540.0
1126	7828750.0
1127	8056300.0
1128	8138881.0
1129	8268581.0
1130	8274167.0
1131	7964657.0
1132	8091660.0
1133	7904162.0
1134	7904162.0
1135	7914322.0
1136	7451708.0
1137	7720308.0
1138	7311296.0
1139	7354823.0
1140	7256803.0
1141	7399923.0
1142	7553591.0
1143	7533785.0
1144	7547294.0
1145	7727414.0
1146	7714856.0
1147	7435303.0
1148	7409387.0
1149	7413582.0
1150	7255033.0
1151	7265945.0
1152	7323515.0
1153	7450605.0
1154	7553502.0
1155	7556912.0
1156	7483092.0
1157	7677269.0
1158	7537387.0
1159	7890748.0
1160	7418122.0
1161	7368320.0
1162	7378755.0
1163	7267199.0
1164	7556333.0
1165	7449301.0
1166	7457901.0
1167	7318999.0
1168	6935555.0
1169	6618950.0
1170	6809563.0
1171	6757592.0
1172	6850976.0
1173	7088930.0
1174	7018536.0
1175	7395903.0
1176	7883984.0
1177	7300388.0
1178	7207004.0
1179	7483870.0
1180	7615512.0
1181	7616223.0
1182	7586267.0
1183	7363805.0
1184	7370094.0
1185	7366190.0
1186	7413721.0
1187	7500769.0
1188	7570373.0
1189	7495265.0
1190	7978290.0
1191	8415357.0
1192	8610540.0
1193	8715612.0
1194	8934114.0
1195	8869860.0
1196	8676568.0
1197	8621856.0
1198	8096894.0
1199	7914809.0
1200	8150067.0
1201	7601343.0
1202	7304539.0
1203	7545167.0
1204	7515332.0
1205	7572665.0
1206	7654056.0
1207	7935946.0
1208	8204198.0
1209	8112783.0
1210	8065023.0
1211	8089666.0
1212	8065023.0
1213	8039895.0
1214	7671684.0
1215	7719444.0
1216	8019597.0
1217	7884348.0
1218	7911480.0
1219	7951206.0
1220	7908686.0
1221	7874089.0
1222	7826329.0
1223	8051461.0
1224	8498017.0
1225	8680699.0
1226	8679176.0
1227	8842630.0
1228	8390325.0
1229	8376425.0
1230	8467435.0
1231	8492078.0
1232	8498168.0
1233	8444622.0
1234	8085186.0
1235	8102574.0
1236	8213114.0
1237	8087174.0
1238	8164286.0
1239	8421495.0
1240	8524179.0
1241	8449402.0
1242	8502948.0
1243	8398251.0
1244	8344799.0
1245	8154828.0
1246	8443438.0
1247	8422145.0
1248	8525939.0
1249	8233166.0
1250	8185525.0
1251	8212708.0
1252	8176341.0
1253	8388873.0
1254	8252807.0
1255	8121950.0
1256	8186200.0
1257	8354745.0
1258	7918472.0
1259	8159875.0
1260	7959860.0
1261	7809572.0
1262	7764653.0
1263	7352575.0
1264	7484883.0
1265	7508786.0
1266	7525148.0
1267	7584392.0
1268	7528423.0
1269	7509541.0
1270	7514569.0
1271	7522399.0
1272	7625988.0
1273	7266509.0
1274	7300418.0
1275	7596914.0
1276	7451103.0
1277	7399101.0
1278	7277520.0
1279	7281064.0
1280	7641987.0
1281	7317116.0
1282	7125668.0
1283	7379252.0
1284	7030562.0
1285	7189462.0
1286	7024762.0
1287	7444780.0
1288	7683156.0
1289	7861823.0
1290	7710665.0
1291	7739703.0
1292	7343892.0
1293	7710665.0
1294	7505373.0
1295	7610688.0
1296	7347172.0
1297	7367356.0
1298	7330740.0
1299	7336108.0
1300	7614272.0
1301	8061549.0
1302	8052636.0
1303	8153535.0
1304	8068457.0
1305	8139899.0
1306	8146325.0
1307	8278776.0
1308	8038263.0
1309	8039691.0
1310	8051903.0
1311	7875151.0
1312	7867297.0
1313	7939108.0
1314	8187376.0
1315	8227579.0
1316	8042818.0
1317	7670669.0
1318	7455455.0
1319	7493437.0
1320	7521297.0
1321	7629322.0
1322	7631175.0
1323	7645224.0
1324	7697760.0
1325	8032729.0
1326	7743110.0
1327	7806754.0
1328	7824717.0
1329	7716692.0
1330	8294815.0
1331	8371785.0
1332	8538814.0
1333	7946642.0
1334	7883535.0
1335	7818253.0
1336	7869823.0
1337	7645073.0
1338	6987693.0
1339	7169186.0
1340	6994722.0
1341	7387794.0
1342	7269973.0
1343	7452832.0
1344	7843772.0
1345	7613861.0
1346	7346893.0
1347	7196301.0
1348	7287316.0
1349	7434060.0
1350	7510923.0
1351	7879950.0
1352	7916339.0
1353	8119658.0
1354	8113333.0
1355	8186329.0
1356	8628922.0
1357	8693207.0
1358	8554201.0
1359	8219095.0
1360	8212528.0
1361	8225277.0
1362	8196737.0
1363	8306187.0
1364	8557943.0
1365	8394117.0
1366	8415222.0
1367	8235683.0
1368	8174888.0
1369	7929549.0
1370	8116012.0
1371	7923655.0
1372	7547740.0
1373	7746165.0
1374	8125065.0
1375	8280483.0
1376	8182377.0
1377	8538312.0
1378	8592688.0
1379	8051354.0
1380	7846352.0
1381	7924026.0
1382	7831309.0
1383	7669239.0
1384	7530337.0
1385	7641319.0
1386	8079915.0
1387	7723980.0
1388	7767422.0
1389	7606232.0
1390	7673750.0
1391	7674786.0
1392	7621653.0
1393	7670526.0
1394	7896374.0
1395	7743741.0
1396	7529816.0
1397	7662006.0
1398	7625390.0
1399	7804009.0
1400	7871883.0
1401	7653007.0
1402	7671223.0
1403	7468641.0
1404	7760972.0
1405	7367350.0
1406	7400976.0
1407	7760972.0
1408	7387385.0
1409	6993763.0
1410	6993763.0
1411	7099099.0
1412	7542478.0
1413	7373433.0
1414	7247864.0
1415	7295820.0
1416	7196719.0
1417	7280896.0
1418	7072438.0
1419	6962177.0
1420	6874552.0
1421	6868037.0
1422	6796912.0
1423	6748956.0
1424	6772383.0
1425	6655263.0
1426	7002108.0
1427	7007476.0
1428	6993742.0
1429	6941063.0
1430	7178470.0
1431	7090313.0
1432	7138193.0
1433	7255139.0
1434	7151261.0
1435	7160411.0
1436	7031998.0
1437	7049903.0
1438	6932251.0
1439	6771873.0
1440	7217535.0
1441	7180977.0
1442	7120027.0
1443	7136706.0
1444	7205573.0
1445	7248238.0
1446	7021802.0
1447	6792032.0
1448	6914732.0
1449	6919200.0
1450	6934838.0
1451	7006663.0
1452	7062941.0
1453	7293313.0
1454	7383927.0
1455	7278776.0
1456	7058708.0
1457	7001415.0
1458	7425683.0
1459	7560035.0
1460	7221730.0
1461	7106801.0
1462	7121929.0
1463	6967059.0
1464	7012551.0
1465	7021846.0
1466	7097424.0
1467	7497215.0
1468	7506365.0
1469	7513260.0
1470	7838426.0
1471	7818320.0
1472	7487596.0
1473	7549356.0
1474	7473688.0
1475	7319834.0
1476	7377394.0
1477	7328349.0
1478	7355769.0
1479	7476183.0
1480	7487976.0
1481	6702556.0
1482	7040861.0
1483	6809225.0
1484	6790505.0
1485	6696161.0
1486	6638601.0
1487	6204383.0
1488	6017775.0
1489	6152498.0
1490	6246674.0
1491	6670056.0
1492	6685651.0
1493	6674600.0
1494	6840500.0
1495	6948806.0
1496	6923135.0
1497	7033427.0
1498	7005379.0
1499	7049539.0
1500	7171944.0
1501	6876444.0
1502	7098907.0
1503	7213730.0
1504	7203840.0
1505	7286422.0
1506	7511509.0
1507	7905014.0
1508	7788518.0
1509	7784843.0
1510	7678207.0
1511	7605997.0
1512	7511418.0
1513	7719137.0
1514	7755623.0
1515	7116966.0
1516	7298452.0
1517	7542080.0
1518	7516368.0
1519	7375946.0
1520	7301589.0
1521	7208945.0
1522	7407232.0
1523	7407232.0
1524	7297526.0
1525	7311338.0
1526	7491229.0
1527	7582804.0
1528	7618986.0
1529	7343487.0
1530	7345630.0
1531	7492163.0
1532	7485795.0
1533	7498845.0
1534	7505213.0
1535	7336825.0
1536	7336825.0
1537	7328768.0
1538	7275176.0
1539	7383387.0
1540	7464382.0
1541	7181327.0
1542	7141421.0
1543	7256441.0
1544	7558463.0
1545	7558463.0
1546	7626570.0
1547	7723254.0
1548	7443889.0
1549	7591140.0
1550	7291578.0
1551	7442170.0
1552	7474209.0
1553	7052258.0
1554	7141086.0
1555	7197694.0
1556	7127672.0
1557	7210671.0
1558	7033696.0
1559	6826470.0
1560	6828700.0
1561	6828700.0
1562	6603856.0
1563	6781925.0
1564	6785408.0
1565	6789030.0
1566	6670260.0
1567	6557169.0
1568	6578476.0
1569	6676665.0
1570	7269088.0
1571	7309132.0
1572	7559608.0
1573	7526491.0
1574	7552654.0
1575	7556511.0
1576	7690417.0
1577	7509472.0
1578	7324968.0
1579	7371969.0
1580	7045827.0
1581	6986823.0
1582	7527785.0
1583	6854818.0
1584	6854818.0
1585	6671385.0
1586	6920104.0
1587	7159504.0
1588	6981903.0
1589	7048637.0
1590	7108706.0
1591	7007849.0
1592	7087519.0
1593	6936927.0
1594	6754477.0
1595	6781168.0
1596	6876333.0
1597	6878137.0
1598	6896200.0
1599	7401518.0
1600	7563158.0
1601	7951689.0
1602	8155060.0
1603	8308142.0
1604	8024665.0
1605	7900814.0
1606	7882751.0
1607	7837645.0
1608	7765974.0
1609	7795836.0
1610	7535146.0
1611	7540630.0
1612	7731808.0
1613	7813663.0
1614	7646574.0
1615	7680729.0
1616	7691209.0
1617	7701107.0
1618	7712069.0
1619	7677914.0
1620	8258359.0
1621	8257991.0
1622	7809724.0
1623	7950690.0
1624	8144660.0
1625	8239303.0
1626	8352007.0
1627	8299141.0
1628	8148308.0
1629	8189654.0
1630	8286439.0
1631	8265612.0
1632	7623376.0
1633	7730492.0
1634	7697419.0
1635	7173588.0
1636	6724192.0
1637	6663225.0
1638	6897081.0
1639	6852338.0
1640	7354797.0
1641	6756214.0
1642	6466072.0
1643	6503890.0
1644	6522750.0
1645	6256617.0
1646	6424148.0
1647	6477464.0
1648	6720216.0
1649	6802448.0
1650	6989676.0
1651	7246554.0
1652	6989676.0
1653	6856787.0
1654	6871368.0
1655	6946021.0
1656	7209027.0
1657	7263908.0
1658	6898015.0
1659	6977820.0
1660	6966033.0
1661	6769308.0
1662	6714427.0
1663	6493353.0
1664	6482649.0
1665	6583993.0
1666	6634518.0
1667	6847257.0
1668	7061528.0
1669	6831163.0
1670	6835459.0
1671	6908162.0
1672	7061040.0
1673	7209872.0
1674	7304384.0
1675	7479132.0
1676	7154832.0
1677	7219781.0
1678	7132839.0
1679	6921171.0
1680	7115415.0
1681	7095163.0
1682	7027304.0
1683	7181986.0
1684	6613902.0
1685	6655198.0
1686	6848410.0
1687	6692767.0
1688	6609607.0
1689	6833936.0
1690	6912347.0
1691	6757303.0
1692	6872101.0
1693	6955930.0
1694	6837887.0
1695	6942189.0
1696	6865574.0
1697	7266360.0
1698	6968404.0
1699	6950514.0
1700	6993487.0
1701	7155940.0
1702	6942214.0
1703	7011558.0
1704	7173490.0
1705	7133530.0
1706	7452090.0
1707	7726068.0
1708	7683580.0
1709	7867615.0
1710	7589015.0
1711	7316330.0
1712	7028137.0
1713	7196138.0
1714	6515956.0
1715	6558252.0
1716	6455229.0
1717	6571227.0
1718	6389568.0
1719	6431140.0
1720	6575091.0
1721	6542604.0
1722	6666581.0
1723	6606682.0
1724	7169886.0
1725	6921347.0
1726	6965451.0
1727	7078284.0
1728	7190394.0
1729	7667131.0
1730	7634041.0
1731	7632701.0
1732	7499170.0
1733	7123479.0
1734	7150611.0
1735	7507428.0
1736	7666380.0
1737	7833590.0
1738	7981700.0
1739	8063994.0
1740	8019463.0
1741	7801721.0
1742	7460559.0
1743	7418069.0
1744	7520536.0
1745	7418069.0
1746	7341056.0
1747	7596550.0
1748	7710100.0
1749	8229163.0
1750	8239516.0
1751	7890159.0
1752	7965159.0
1753	8084135.0
1754	8119184.0
1755	8032850.0
1756	7994434.0
1757	8083004.0
1758	7990959.0
1759	7460395.0
1760	7748529.0
1761	7896999.0
1762	7908335.0
1763	7976990.0
1764	8011614.0
1765	8266240.0
1766	8228813.0
1767	7933137.0
1768	7544817.0
1769	7536928.0
1770	7537271.0
1771	7705849.0
1772	7798249.0
1773	7503967.0
1774	7413903.0
1775	7930011.0
1776	8070708.0
1777	8169017.0
1778	8050106.0
1779	8199809.0
1780	8124902.0
1781	8101700.0
1782	7863158.0
1783	7599682.0
1784	7533483.0
1785	7727989.0
1786	7378346.0
1787	7468067.0
1788	7528487.0
1789	7429671.0
1790	7513039.0
1791	7367172.0
1792	7618576.0
1793	7618576.0
1794	8195788.0
1795	8396250.0
1796	8084790.0
1797	8087800.0
1798	7921436.0
1799	7934060.0
1800	7547353.0
1801	7445429.0
1802	7668134.0
1803	7237922.0
1804	7255882.0
1805	6966294.0
1806	6964862.0
1807	6968994.0
1808	6574420.0
1809	6476351.0
1810	6290087.0
1811	6219843.0
1812	6360347.0
1813	6409737.0
1814	6304766.0
1815	6601422.0
1816	6533463.0
1817	6621849.0
1818	6568096.0
1819	6458800.0
1820	6520958.0
1821	6567083.0
1822	6416872.0
1823	6762652.0
1824	6618829.0
1825	6561614.0
1826	6613930.0
1827	6624670.0
1828	6656047.0
1829	6189193.0
1830	6209785.0
1831	6116761.0
1832	6123625.0
1833	5903461.0
1834	6127885.0
1835	6560125.0
1836	6966277.0
1837	6850377.0
1838	7009776.0
1839	6977289.0
1840	7136625.0
1841	7136625.0
1842	6992145.0
1843	7111686.0
1844	7111686.0
1845	7429311.0
1846	7839167.0
1847	8033921.0
1848	7772805.0
1849	7853667.0
1850	7857235.0
1851	7768861.0
1852	7767810.0
1853	7178755.0
1854	7068644.0
1855	7102096.0
1856	7358491.0
1857	7376701.0
1858	7077237.0
1859	6873608.0
1860	6958314.0
1861	7181019.0
1862	6754761.0
1863	6779024.0
1864	7134469.0
1865	7404675.0
1866	7358715.0
1867	7475709.0
1868	7194551.0
1869	7221167.0
1870	7232631.0
1871	7449925.0
1872	7469987.0
1873	7408721.0
1874	7538421.0
1875	7518773.0
1876	7623599.0
1877	7440125.0
1878	7522866.0
1879	7737102.0
1880	8061472.0
1881	7884947.0
1882	7913976.0
1883	7659654.0
1884	7841142.0
1885	8067690.0
1886	7999912.0
1887	8044510.0
1888	7842945.0
1889	7694356.0
1890	7715178.0
1891	7607361.0
1892	7626544.0
1893	7666624.0
1894	7715530.0
1895	7879372.0
1896	7715530.0
1897	7735308.0
1898	7910340.0
1899	8058659.0
1900	8076271.0
1901	7901239.0
1902	7582242.0
1903	7808133.0
1904	7981695.0
1905	8366561.0
1906	7781100.0
1907	7810680.0
1908	7866733.0
1909	7482876.0
1910	7865787.0
1911	7476778.0
1912	7362058.0
1913	7284358.0
1914	7116829.0
1915	7454871.0
1916	7553557.0
1917	7329119.0
1918	7178835.0
1919	7369188.0
1920	7274588.0
1921	7307092.0
1922	7319438.0
1923	7653817.0
1924	8123656.0
1925	8341362.0
1926	8437960.0
1927	8364469.0
1928	8249248.0
1929	8011641.0
1930	7923763.0
1931	7855506.0
1932	7885935.0
1933	7886621.0
1934	8238492.0
1935	8565483.0
1936	8375960.0
1937	8358513.0
1938	8437253.0
1939	8265255.0
1940	8264569.0
1941	8125683.0
1942	7986903.0
1943	7494899.0
1944	7711368.0
1945	7263809.0
1946	7269425.0
1947	7172827.0
1948	7371915.0
1949	7441938.0
1950	7453873.0
1951	7518037.0
1952	7139130.0
1953	7000164.0
1954	7120325.0
1955	7398957.0
1956	7482909.0
1957	7122611.0
1958	7206547.0
1959	7194505.0
1960	7287195.0
1961	7268320.0
1962	7806307.0
1963	7817680.0
1964	7911809.0
1965	8095608.0
1966	8129166.0
1967	7957628.0
1968	8122798.0
1969	8316440.0
1970	8089708.0
1971	7586363.0
1972	7556081.0
1973	7525236.0
1974	7604938.0
1975	7468781.0
1976	7129561.0
1977	6772042.0
1978	6761131.0
1979	6768494.0
1980	6684955.0
1981	7080128.0
1982	7029642.0
1983	7240033.0
1984	6874537.0
1985	6482085.0
1986	6467357.0
1987	6612730.0
1988	6604917.0
1989	6496229.0
1990	6842046.0
1991	6990301.0
1992	7119277.0
1993	7400415.0
1994	7442439.0
1995	7396975.0
1996	7467369.0
1997	7650065.0
1998	7641437.0
1999	7757189.0
2000	7657301.0
2001	7611605.0
2002	7082417.0
2003	7113654.0
2004	6869481.0
2005	6465132.0
2006	6941444.0
2007	6882012.0
2008	7015349.0
2009	7332285.0
2010	7351635.0
2011	7357164.0
2012	7104778.0
2013	7197210.0
2014	7251402.0
2015	7113250.0
2016	6977252.0
2017	6497266.0
2018	6699442.0
2019	6750038.0
2020	6466902.0
2021	6509798.0
2022	6182917.0
2023	6252349.0
2024	6804031.0
2025	7156463.0
2026	7234471.0
2027	7264861.0
2028	7635594.0
2029	7429245.0
2030	7249665.0
2031	7105524.0
2032	7165572.0
2033	7451105.0
2034	7458245.0
2035	7965407.0
2036	8084401.0
2037	7852787.0
2038	7856902.0
2039	7921421.0
2040	7899812.0
2041	7792045.0
2042	7833097.0
2043	7890572.0
2044	7760477.0
2045	7944550.0
2046	8065079.0
2047	7912263.0
2048	7715993.0
2049	8065005.0
2050	7977827.0
2051	7889701.0
2052	7954244.0
2053	8019160.0
2054	8107286.0
2055	8126420.0
2056	7698189.0
2057	7817997.0
2058	7976872.0
2059	7841751.0
2060	7733388.0
2061	7668845.0
2062	8097076.0
2063	8140798.0
2064	8373799.0
2065	8329422.0
2066	8466909.0
2067	8447775.0
2068	8362705.0
2069	8922183.0
2070	8473591.0
2071	8289518.0
2072	8452180.0
2073	8502391.0
2074	8598416.0
2075	8973504.0
2076	9131001.0
2077	9163637.0
2078	9309229.0
2079	9338203.0
2080	9232317.0
2081	9253926.0
2082	8927896.0
2083	8943305.0
2084	8587693.0
2085	8566781.0
2086	8670858.0
2087	8538767.0
2088	8287867.0
2089	8307681.0
2090	8249901.0
2091	7853246.0
2092	7944736.0
2093	7526819.0
2094	7500059.0
2095	7373015.0
2096	7478901.0
2097	7393331.0
2098	7467732.0
2099	7481549.0
2100	7501173.0
2101	7481549.0
2102	7481549.0
2103	7513757.0
2104	7564583.0
2105	7313216.0
2106	7364919.0
2107	7343310.0
2108	7364919.0
2109	7839921.0
2110	7877972.0
2111	8178422.0
2112	8167423.0
2113	7890441.0
2114	7536477.0
2115	7459380.0
2116	7541396.0
2117	7503517.0
2118	7475542.0
2119	7731453.0
2120	7914026.0
2121	8103009.0
2122	8491323.0
2123	8469714.0
2124	8836719.0
2125	8845504.0
2126	8720859.0
2127	8830906.0
2128	8806093.0
2129	8785389.0
2130	8725689.0
2131	8725689.0
2132	8391197.0
2133	8412806.0
2134	8395853.0
2135	8401777.0
2136	8419389.0
2137	8719255.0
2138	8975169.0
2139	8872073.0
2140	8794837.0
2141	8909461.0
2142	8700350.0
2143	8705084.0
2144	8456167.0
2145	8533337.0
2146	8199558.0
2147	8277878.0
2148	8477166.0
2149	8499034.0
2150	8197038.0
2151	7927502.0
2152	8476706.0
2153	8120636.0
2154	8425252.0
2155	8450047.0
2156	7990137.0
2157	8093418.0
2158	8362718.0
2159	8147942.0
2160	8494432.0
2161	8255241.0
2162	8246883.0
2163	8705900.0
2164	8638072.0
2165	8777076.0
2166	8883915.0
2167	8714197.0
2168	8852693.0
2169	9031120.0
2170	8926714.0
2171	8739408.0
2172	8454947.0
2173	8586653.0
2174	8703835.0
2175	8937674.0
2176	8907616.0
2177	8484996.0
2178	8595955.0
2179	8880416.0
2180	8858807.0
2181	8952951.0
2182	8968871.0
2183	8571650.0
2184	8066507.0
2185	8202449.0
2186	8285555.0
2187	8501025.0
2188	8522363.0
2189	8213349.0
2190	7991813.0
2191	8068293.0
2192	8488260.0
2193	8155005.0
2194	8358577.0
2195	7962828.0
2196	8146240.0
2197	8120575.0
2198	8107496.0
2199	7778715.0
2200	7565869.0
2201	7571073.0
2202	7890834.0
2203	8011557.0
2204	8157799.0
2205	8177149.0
2206	8266024.0
2207	8256529.0
2208	8029427.0
2209	7801373.0
2210	7948814.0
2211	8232105.0
2212	8398071.0
2213	8484835.0
2214	8116055.0
2215	8458142.0
2216	8270417.0
2217	8445449.0
2218	8229979.0
2219	8486291.0
2220	8587017.0
2221	8458861.0
2222	8088872.0
2223	7970770.0
2224	7881895.0
2225	7922422.0
2226	7883136.0
2227	7728012.0
2228	7749621.0
2229	7502881.0
2230	7417855.0
2231	7537615.0
2232	7416981.0
2233	7456025.0
2234	7102089.0
2235	7075125.0
2236	7271453.0
2237	7122004.0
2238	7068964.0
2239	7206868.0
2240	7784601.0
2241	7657255.0
2242	7832287.0
2243	7943671.0
2244	7947095.0
2245	7276715.0
2246	7310666.0
2247	7399541.0
2248	7469631.0
2249	7380756.0
2250	7144777.0
2251	7139855.0
2252	7110243.0
2253	6841394.0
2254	6772610.0
2255	6954859.0
2256	6992515.0
2257	7232517.0
2258	7142070.0
2259	7230945.0
2260	7175515.0
2261	7112965.0
2262	7096647.0
2263	7522393.0
2264	7616626.0
2265	7513718.0
2266	7512285.0
2267	7659534.0
2268	7373082.0
2269	7503417.0
2270	7538760.0
2271	7926412.0
2272	7942730.0
2273	7816632.0
2274	8046449.0
2275	7857623.0
2276	7788573.0
2277	7789683.0
2278	8252926.0
2279	8282950.0
2280	8254692.0
2281	7906850.0
2282	7475418.0
2283	7491405.0
2284	7506381.0
2285	7650477.0
2286	7703182.0
2287	7749038.0
2288	7752973.0
2289	7571455.0
2290	7500707.0
2291	7548467.0
2292	7650767.0
2293	7615424.0
2294	7593815.0
2295	7506640.0
2296	7527467.0
2297	7469843.0
2298	7585739.0
2299	7524141.0
2300	7669256.0
2301	7734332.0
2302	7858844.0
2303	7792629.0
2304	7814829.0
2305	7848275.0
2306	7736524.0
2307	7840810.0
2308	7474290.0
2309	7233882.0
2310	7428103.0
2311	7415605.0
2312	7921226.0
2313	7947360.0
2314	7961409.0
2315	7424605.0
2316	7320319.0
2317	7337003.0
2318	7250956.0
2319	7038765.0
2320	6981445.0
2321	7056325.0
2322	7058277.0
2323	6959865.0
2324	7813083.0
2325	7858939.0
2326	7870403.0
2327	7441397.0
2328	7348394.0
2329	7594092.0
2330	7741153.0
2331	7767418.0
2332	7785426.0
2333	7681500.0
2334	7697142.0
2335	7732726.0
2336	7749790.0
2337	7961427.0
2338	7980527.0
2339	7966478.0
2340	8068167.0
2341	8117557.0
2342	8425899.0
2343	8454729.0
2344	8681261.0
2345	8618209.0
2346	8461553.0
2347	8141309.0
2348	8257184.0
2349	8362961.0
2350	8431199.0
2351	8292657.0
2352	8453576.0
2353	8395427.0
2354	8450857.0
2355	8662942.0
2356	8904937.0
2357	8926186.0
2358	8682413.0
2359	8688145.0
2360	8709607.0
2361	8690040.0
2362	8698352.0
2363	8139630.0
2364	8168956.0
2365	8168711.0
2366	8169393.0
2367	8195858.0
2368	8238914.0
2369	8002430.0
2370	7654180.0
2371	7660609.0
2372	7886673.0
2373	8667179.0
2374	8380820.0
2375	8441966.0
2376	7815808.0
2377	7822407.0
2378	7825566.0
2379	7002004.0
2380	7110874.0
2381	6842744.0
2382	6928020.0
2383	6885562.0
2384	7072170.0
2385	6944654.0
2386	6948668.0
2387	6954056.0
2388	6993088.0
2389	6816218.0
2390	6579469.0
2391	6575419.0
2392	6453432.0
2393	6272591.0
2394	6273941.0
2395	6276641.0
2396	6194130.0
2397	6055567.0
2398	6089136.0
2399	5985276.0
2400	6442309.0
2401	6138311.0
2402	6419207.0
2403	6414717.0
2404	6275106.0
2405	6296766.0
2406	6316410.0
2407	6394418.0
2408	6424686.0
2409	6403026.0
2410	6344538.0
2411	6344538.0
2412	6414306.0
2413	6254144.0
2414	6566815.0
2415	6372619.0
2416	6453609.0
2417	6458225.0
2418	6348178.0
2419	6303220.0
2420	6359812.0
2421	6606088.0
2422	6621354.0
2423	6241486.0
2424	6254663.0
2425	6370493.0
2426	6588107.0
2427	6726670.0
2428	6790573.0
2429	6932062.0
2430	6876990.0
2431	7148884.0
2432	7147451.0
2433	7125561.0
2434	7464033.0
2435	7895215.0
2436	7552029.0
2437	7761629.0
2438	8012048.0
2439	7837917.0
2440	7859595.0
2441	7942335.0
2442	7972655.0
2443	8132622.0
2444	8417006.0
2445	7930737.0
2446	8297546.0
2447	8307188.0
2448	8193372.0
2449	7660653.0
2450	7637296.0
2451	7658200.0
2452	7867568.0
2453	7842892.0
2454	7786300.0
2455	7864038.0
2456	7920630.0
2457	7949196.0
2458	7932832.0
2459	8007016.0
2460	8266910.0
2461	8198085.0
2462	8430291.0
2463	8448397.0
2464	8345740.0
2465	8009701.0
2466	8017544.0
2467	7633230.0
2468	7662359.0
2469	7618296.0
2470	7636116.0
2471	7761410.0
2472	7839698.0
2473	8363087.0
2474	8306495.0
2475	8363087.0
2476	8398457.0
2477	8412505.0
2478	7655310.0
2479	7705038.0
2480	7826299.0
2481	8307478.0
2482	8242172.0
2483	8278228.0
2484	8238309.0
2485	8181717.0
2486	7589485.0
2487	7445182.0
2488	7403774.0
2489	7460366.0
2490	7477091.0
2491	6984928.0
2492	7003735.0
2493	7086683.0
2494	7103408.0
2495	7237028.0
2496	7410740.0
2497	7577209.0
2498	7852263.0
2499	8335371.0
2500	8365059.0
2501	8286386.0
2502	8230400.0
2503	7970213.0
2504	8088991.0
2505	8248102.0
2506	7930477.0
2507	8153357.0
2508	8011230.0
2509	8294606.0
2510	8013596.0
2511	8055064.0
2512	7809542.0
2513	8094533.0
2514	7937695.0
2515	7950361.0
2516	7477509.0
2517	7568945.0
2518	7180504.0
2519	7193833.0
2520	7120999.0
2521	7348496.0
2522	6970802.0
2523	7013751.0
2524	7170589.0
2525	7271482.0
2526	7035495.0
2527	6998674.0
2528	7136581.0
2529	7225938.0
2530	7572594.0
2531	7591654.0
2532	7927161.0
2533	7805169.0
2534	7418940.0
2535	7510732.0
2536	7872271.0
2537	7418949.0
2538	7506710.0
2539	7549145.0
2540	7687010.0
2541	8294850.0
2542	7720389.0
2543	7723274.0
2544	7499002.0
2545	7429990.0
2546	8055447.0
2547	7934259.0
2548	8305062.0
2549	8255403.0
2550	7615026.0
2551	7976331.0
2552	7765395.0
2553	7987782.0
2554	7990100.0
2555	8181976.0
2556	8229793.0
2557	7993631.0
2558	8010722.0
2559	7614100.0
2560	7625640.0
2561	8014052.0
2562	7654828.0
2563	7418380.0
2564	7182764.0
2565	7444564.0
2566	7500828.0
2567	7677739.0
2568	7825266.0
2569	7654524.0
2570	7970039.0
2571	6974442.0
2572	7174392.0
2573	7199952.0
2574	7316786.0
2575	7530464.0
2576	7403374.0
2577	7602965.0
2578	7956588.0
2579	8000040.0
2580	8279967.0
2581	7917374.0
2582	7848362.0
2583	7335515.0
2584	7082984.0
2585	7045394.0
2586	6784709.0
2587	6784709.0
2588	6914665.0
2589	7157246.0
2590	7103409.0
2591	7563043.0
2592	7825443.0
2593	7910283.0
2594	8148379.0
2595	8048266.0
2596	8051444.0
2597	8077474.0
2598	8053815.0
2599	7872186.0
2600	7785422.0
2601	7820819.0
2602	7361521.0
2603	7464644.0
2604	7361264.0
2605	7419764.0
2606	7503892.0
2607	7479660.0
2608	7583708.0
2609	7745870.0
2610	7760918.0
2611	7841414.0
2612	7640687.0
2613	8013611.0
2614	8075927.0
2615	8181901.0
2616	7989269.0
2617	8006401.0
2618	8008789.0
2619	7792476.0
2620	7833440.0
2621	7969268.0
2622	8125014.0
2623	8125014.0
2624	8000885.0
2625	8000885.0
2626	8158101.0
2627	8180713.0
2628	8059920.0
2629	8095494.0
2630	8659706.0
2631	9057308.0
2632	8558216.0
2633	8394225.0
2634	8015621.0
2635	7893739.0
2636	7789100.0
2637	8234408.0
2638	8254890.0
2639	8062389.0
2640	8026992.0
2641	8047912.0
2642	7842711.0
2643	8225985.0
2644	8285341.0
2645	8500637.0
2646	8578937.0
2647	8650411.0
2648	8199593.0
2649	8326918.0
2650	8390799.0
2651	7978999.0
2652	7655585.0
2653	7611603.0
2654	7680772.0
2655	7612119.0
2656	7894662.0
2657	7979407.0
2658	7965237.0
2659	7974237.0
2660	8164907.0
2661	8080162.0
2662	8005097.0
2663	8072944.0
2664	8152146.0
2665	8041136.0
2666	8137625.0
2667	8158129.0
2668	7655543.0
2669	7306390.0
2670	7418710.0
2671	7390360.0
2672	7479526.0
2673	7462801.0
2674	6972211.0
2675	7224763.0
2676	7563546.0
2677	7721226.0
2678	7624737.0
2679	7639455.0
2680	7800330.0
2681	7824606.0
2682	7544397.0
2683	7627316.0
2684	7670897.0
2685	7641428.0
2686	7685805.0
2687	7116796.0
2688	7493078.0
2689	7710784.0
2690	7825255.0
2691	7540183.0
2692	7506012.0
2693	7637509.0
2694	7773570.0
2695	7882863.0
2696	8232417.0
2697	8122597.0
2698	8018042.0
2699	7641760.0
2700	8020054.0
2701	7899970.0
2702	7997634.0
2703	8080980.0
2704	8348944.0
2705	8371246.0
2706	8099275.0
2707	8110475.0
2708	8182465.0
2709	8167399.0
2710	8475679.0
2711	8001170.0
2712	8475679.0
2713	8144940.0
2714	8163629.0
2715	8202259.0
2716	7894225.0
2717	7938013.0
2718	7793747.0
2719	7693109.0
2720	7525949.0
2721	7645298.0
2722	7516607.0
2723	7540838.0
2724	7449158.0
2725	7370483.0
2726	7626152.0
2727	7266750.0
2728	7296787.0
2729	7257475.0
2730	7097079.0
2731	7121558.0
2732	6979888.0
2733	7372949.0
2734	7546479.0
2735	7276847.0
2736	7075186.0
2737	7033772.0
2738	7137650.0
2739	7315321.0
2740	7133864.0
2741	7203554.0
2742	7456682.0
2743	7467146.0
2744	8003754.0
2745	7729956.0
2746	7906927.0
2747	7785104.0
2748	7988871.0
2749	7922577.0
2750	7833288.0
2751	7935926.0
2752	7847305.0
2753	7860833.0
2754	7875983.0
2755	7961067.0
2756	8004357.0
2757	8012709.0
2758	7751680.0
2759	7702447.0
2760	7930625.0
2761	7983809.0
2762	8012417.0
2763	7816353.0
2764	7637073.0
2765	7506288.0
2766	7408475.0
2767	7754386.0
2768	7608638.0
2769	7012391.0
2770	7016405.0
2771	7047125.0
2772	7090645.0
2773	7297541.0
2774	7000181.0
2775	7092341.0
2776	6927197.0
2777	7685586.0
2778	7750540.0
2779	7755908.0
2780	7640888.0
2781	7680904.0
2782	7806553.0
2783	7895842.0
2784	7780553.0
2785	7985884.0
2786	8043097.0
2787	8004727.0
2788	7851625.0
2789	8563218.0
2790	8579850.0
2791	8186228.0
2792	8283812.0
2793	8288784.0
2794	7906741.0
2795	8068929.0
2796	8031054.0
2797	7762934.0
2798	7816425.0
2799	7793313.0
2800	7671376.0
2801	7512082.0
2802	6971527.0
2803	7057540.0
2804	7488615.0
2805	7528479.0
2806	7725861.0
2807	7931752.0
2808	8062042.0
2809	8073178.0
2810	8478927.0
2811	8443341.0
2812	8479882.0
2813	7983377.0
2814	7978009.0
2815	7926014.0
2816	7791099.0
2817	8029302.0
2818	8343579.0
2819	7958557.0
2820	8259214.0
2821	8012133.0
2822	8165156.0
2823	8243906.0
2824	8051591.0
2825	7707355.0
2826	8416349.0
2827	8564896.0
2828	8824303.0
2829	8784287.0
2830	8798464.0
2831	8882744.0
2832	8899894.0
2833	8931519.0
2834	8780554.0
2835	8615346.0
2836	8271076.0
2837	7994561.0
2838	8086213.0
2839	8107562.0
2840	8009890.0
2841	8039140.0
2842	7823039.0
2843	7738759.0
2844	7002681.0
2845	7045611.0
2846	7202067.0
2847	7215915.0
2848	7263229.0
2849	7289352.0
2850	7722154.0
2851	7446340.0
2852	7464445.0
2853	7221079.0
2854	7137719.0
2855	7132747.0
2856	6865851.0
2857	6879478.0
2858	6888183.0
2859	6963063.0
2860	6857334.0
2861	6819297.0
2862	6980527.0
2863	7148993.0
2864	7133753.0
2865	7581433.0
2866	7620449.0
2867	7593495.0
2868	7524675.0
2869	7883520.0
2870	7958400.0
2871	8054861.0
2872	7794632.0
2873	7726773.0
2874	7728288.0
2875	7748178.0
2876	7360876.0
2877	7374136.0
2878	7531292.0
2879	7819284.0
2880	7838303.0
2881	7978042.0
2882	7998338.0
2883	8280308.0
2884	8441202.0
2885	8038049.0
2886	8036658.0
2887	8068346.0
2888	8052508.0
2889	8184696.0
2890	8153008.0
2891	8440412.0
2892	8674340.0
2893	8919476.0
2894	8764853.0
2895	8679818.0
2896	8691934.0
2897	8507150.0
2898	8708853.0
2899	8965460.0
2900	8499369.0
2901	8432141.0
2902	8572783.0
2903	8467956.0
2904	8464034.0
2905	8536782.0
2906	8529645.0
2907	8366045.0
2908	8579755.0
2909	8343426.0
2910	8455237.0
2911	8609953.0
2912	8560220.0
2913	8129038.0
2914	8098392.0
2915	8135950.0
2916	8287093.0
2917	7937432.0
2918	7786289.0
2919	7919961.0
2920	7900742.0
2921	7650652.0
2922	7654118.0
2923	7854658.0
2924	8005801.0
2925	8019576.0
2926	7833424.0
2927	7802974.0
2928	7948476.0
2929	8067126.0
2930	8340018.0
2931	8135916.0
2932	8033942.0
2933	8129476.0
2934	8058433.0
2935	8300768.0
2936	8052100.0
2937	8052100.0
2938	8073280.0
2939	8096563.0
2940	7653754.0
2941	7739526.0
2942	8166978.0
2943	8095214.0
2944	8022380.0
2945	8000944.0
2946	7917488.0
2947	7944589.0
2948	7923409.0
2949	7944589.0
2950	7626640.0
2951	7939020.0
2952	7759544.0
2953	7424047.0
2954	7477019.0
2955	7672715.0
2956	7116534.0
2957	7386340.0
2958	7478984.0
2959	7583175.0
2960	7551548.0
2961	7818452.0
2962	7929096.0
2963	8255568.0
2964	7838884.0
2965	7879812.0
2966	7975618.0
2967	7977482.0
2968	7884838.0
2969	7598320.0
2970	7612051.0
2971	7415409.0
2972	7424481.0
2973	7320290.0
2974	7004823.0
2975	7087056.0
2976	7014232.0
2977	7182232.0
2978	7169818.0
2979	7768842.0
2980	7968804.0
2981	7893781.0
2982	7674192.0
2983	7793403.0
2984	7999820.0
2985	8032424.0
2986	7866672.0
2987	8045872.0
2988	8045872.0
2989	8116083.0
2990	7901498.0
2991	8046346.0
2992	7735611.0
2993	7791268.0
2994	8243478.0
2995	7937823.0
2996	8049937.0
2997	8146372.0
2998	7594270.0
2999	7461404.0
3000	7461404.0
3001	7461404.0
3002	7610084.0
3003	7546380.0
3004	7856223.0
3005	7854373.0
3006	7933500.0
3007	7628474.0
3008	7702775.0
3009	7526414.0
3010	7456203.0
3011	7377464.0
3012	7234817.0
3013	7631887.0
3014	7729768.0
3015	7721647.0
3016	8077093.0
3017	8113811.0
3018	8112020.0
3019	7820908.0
3020	7381817.0
3021	7412246.0
3022	7575988.0
3023	7854196.0
3024	7575988.0
3025	7575988.0
3026	7466548.0
3027	7336112.0
3028	7523100.0
3029	7801308.0
3030	7908693.0
3031	7832676.0
3032	8104580.0
3033	7826372.0
3034	7484874.0
3035	7459773.0
3036	7236286.0
3037	6948420.0
3038	6963828.0
3039	7090953.0
3040	7145473.0
3041	6954890.0
3042	6944700.0
3043	7120194.0
3044	7195386.0
3045	7069117.0
3046	7347325.0
3047	7424474.0
3048	7617686.0
3049	7427010.0
3050	7460733.0
3051	7548492.0
3052	7646316.0
3053	7612890.0
3054	7899296.0
3055	7886051.0
3056	8090515.0
3057	8197299.0
3058	8254698.0
3059	8257896.0
3060	8193741.0
3061	8243796.0
3062	8151112.0
3063	8113447.0
3064	7870669.0
