1	7.272714
2	7.317664
3	7.402714
4	7.307345
5	7.376897
6	7.361303
7	7.399103
8	7.414469
9	7.486667
10	7.160554
11	7.17559
12	7.232929
13	7.561361
14	7.564334
15	7.730628
16	7.737743
17	7.769096
18	7.778681
19	7.82318
20	7.875668
21	7.866812
22	7.866812
23	7.964746
24	7.980832
25	7.97274
26	7.97274
27	8.078284
28	8.0904
29	8.027585
30	7.984385
31	8.153324
32	8.190203
33	8.22992
34	8.22992
35	8.236754
36	8.254163
37	8.311733
38	8.311733
39	8.311733
40	8.359704
41	8.220352
42	8.224714
43	8.275888
44	8.321754
45	8.542485
46	8.573151
47	8.563705
48	8.576305
49	8.631139
50	8.646059
51	8.654978
52	8.707304
53	8.707304
54	8.632706
55	8.497118
56	8.579678
57	8.667038
58	8.66225
59	8.672162
60	8.636827
61	8.636827
62	8.662627
63	8.662627
64	8.723089
65	8.778937
66	8.819482
67	8.819482
68	8.8421
69	8.8421
70	8.845618
71	8.897368
72	8.897368
73	8.915494
74	8.922325
75	8.909935
76	8.859577
77	8.747689
78	8.747689
79	8.747689
80	8.771829
81	8.780369
82	8.791002
83	8.769257
84	8.769257
85	8.968598
86	8.973818
87	9.038335
88	8.978803
89	9.019753
90	9.108205
91	9.108205
92	9.108205
93	9.108205
94	9.124545
95	9.104889
96	9.104889
97	8.822541
98	8.732833
99	8.732833
100	8.732833
101	8.808975
102	8.806427
103	8.806427
104	8.806427
105	8.806427
106	8.806427
107	8.833235
108	8.833235
109	8.948462
110	8.941798
111	8.96126
112	8.98252
113	8.823126
114	8.921454
115	8.937784
116	8.937784
117	8.937784
118	8.967907
119	8.975963
120	8.979637
121	8.96237
122	8.96237
123	9.090494
124	9.090494
125	9.082393
126	9.144364
127	9.144364
128	9.144364
129	9.160891
130	9.167664
131	9.1911
132	9.174573
133	9.196287
134	9.196287
135	9.517075
136	9.515775
137	9.553579
138	9.582145
139	9.582145
140	9.582145
141	9.604511
142	9.556951
143	9.560779
144	9.568158
145	9.568158
146	9.125383
147	9.096817
148	9.096817
149	9.182024
150	9.182024
151	9.198551
152	9.205691
153	9.212395
154	9.233739
155	9.233739
156	9.233739
157	9.18927
158	9.18927
159	9.213562
160	9.213562
161	9.255044
162	9.591752
163	9.431933
164	9.431933
165	9.431933
166	9.431933
167	9.591752
168	9.538441
169	9.683524
170	9.683524
171	9.61215
172	9.61215
173	9.61215
174	9.539912
175	10.017114
176	10.035384
177	10.035384
178	10.065564
179	10.028506
180	10.028506
181	10.028506
182	10.028506
183	9.585558
184	9.608045
185	9.608045
186	9.608045
187	9.658392
188	9.658392
189	9.658392
190	9.658392
191	9.641865
192	9.638037
193	9.539828
194	9.542696
195	9.464191
196	9.464191
197	9.464191
198	9.464191
199	9.464191
200	9.241134
201	9.283192
202	9.3071
203	9.3071
204	9.279785
205	9.279785
206	9.279785
207	9.279785
208	9.204798
209	9.465242
210	9.473201
211	9.465094
212	9.435545
213	9.435545
214	9.435545
215	9.599242
216	9.599242
217	9.599242
218	9.599242
219	9.599242
220	9.646466
221	9.68667
222	9.68667
223	9.68667
224	9.68667
225	9.68667
226	9.646466
227	9.646466
228	9.646466
229	9.666938
230	9.666938
231	9.666938
232	9.666938
233	9.665948
234	9.698247
235	9.698247
236	9.700834
237	9.700834
238	9.700834
239	9.700834
240	9.700834
241	9.700834
242	9.700834
243	9.700834
244	9.685077
245	9.685077
246	9.69045
247	9.69045
248	9.730235
249	9.730235
250	9.770439
251	9.769643
252	9.697081
253	9.697081
254	9.723438
255	9.731178
256	9.731178
257	9.731178
258	9.723438
259	9.723438
260	9.723438
261	10.047897
262	10.055637
263	10.055637
264	10.055637
265	10.055637
266	10.055637
267	10.055637
268	9.569732
269	9.569732
270	9.569732
271	9.564359
272	9.564359
273	9.564359
274	9.564359
275	9.564359
276	9.556619
277	9.556619
278	9.556619
279	9.572376
280	9.679097
281	9.679097
282	9.679097
283	9.679097
284	9.679097
285	9.679097
286	9.540274
287	9.416942
288	9.416942
289	9.416942
290	9.571433
291	9.571433
292	9.571433
293	9.602051
294	9.602051
295	9.602051
296	9.539541
297	9.540201
298	9.531078
299	9.478307
300	9.478307
301	9.57258
302	9.635723
303	9.652487
304	9.652487
305	9.652487
306	9.652487
307	9.636711
308	9.657421
309	9.657421
310	9.659212
311	9.659212
312	9.715968
313	9.715968
314	9.715968
315	9.715968
316	9.715968
317	9.715968
318	9.715968
319	9.715968
320	9.715968
321	9.715968
322	9.715968
323	9.715968
324	9.715968
325	9.715968
326	9.715968
327	9.715968
328	9.715968
329	9.715968
330	9.715968
331	9.715968
332	9.715968
333	9.715968
334	9.715968
335	9.715968
336	9.715968
337	9.79892
338	9.737429
339	9.737429
340	9.737429
341	9.737429
342	9.737429
343	9.737429
344	9.737429
345	9.737429
346	9.737429
347	9.737429
348	9.737429
349	9.737429
350	9.737429
351	9.737429
352	9.737429
353	9.737429
354	9.68627
355	9.68627
356	9.68627
357	9.68627
358	9.68627
359	9.68627
360	9.68627
361	9.68627
362	9.68627
363	9.683676
364	9.683676
365	9.683676
366	9.683676
367	9.683676
368	9.710335
369	9.798046
370	9.798046
371	9.798046
372	9.798046
373	9.798046
374	9.798046
375	9.798046
376	9.876721
377	9.847119
378	9.847119
379	9.899486
380	9.899486
381	9.899486
382	9.899486
383	9.899486
384	9.858999
385	9.858999
386	9.858999
387	9.858999
388	9.858999
389	9.858999
390	9.858999
391	9.858999
392	9.858999
393	9.899486
394	9.899486
395	9.899486
396	9.899486
397	9.899486
398	9.899486
399	9.899486
400	9.899486
401	9.899486
402	9.899486
403	9.899486
404	9.899486
405	9.899486
406	9.899486
407	9.899486
408	9.899486
409	9.899486
410	9.899486
411	9.899486
412	9.899486
413	9.899486
414	9.899486
415	9.899486
416	9.899486
417	9.899486
418	9.899486
419	9.899486
420	9.899486
421	9.899486
422	9.899486
423	9.899486
424	9.899486
425	9.899486
426	9.852772
427	9.852772
428	9.852772
429	9.852772
430	9.852772
431	9.856549
432	9.856549
433	9.856549
434	9.856549
435	9.856549
436	9.986585
437	9.986585
438	9.986585
439	9.986585
440	9.986585
441	9.991559
442	9.951958
443	10.070363
444	10.070363
445	10.070363
446	10.070363
447	10.070363
448	10.070363
449	10.154341
450	10.154341
451	10.154341
452	10.154341
453	10.154341
454	10.154341
455	10.154341
456	10.150564
457	10.150564
458	10.150564
459	10.150564
460	10.150564
461	10.150564
462	10.150564
463	10.150564
464	10.150564
465	10.150564
466	10.150564
467	10.150564
468	10.150564
469	10.150564
470	10.150564
471	10.150564
472	10.150564
473	10.150564
474	10.054165
475	10.054165
476	10.075414
477	10.075414
478	10.075414
479	10.075414
480	10.075414
481	10.075414
482	10.075414
483	10.075414
484	10.075414
485	10.075414
486	10.075414
487	10.075414
488	10.075414
489	10.075414
490	10.075414
491	10.181631
492	10.16193
493	10.16193
494	10.16193
495	10.16193
496	10.16193
497	10.237876
498	10.237876
499	10.237876
500	10.237876
501	10.237876
502	10.237876
503	10.237876
504	10.237876
505	10.237876
506	10.237876
507	10.237876
508	10.237876
509	10.237876
510	10.237876
511	10.237876
512	10.237876
513	10.237876
514	10.237876
515	10.237876
516	10.237876
517	10.195489
518	10.195489
519	10.195489
520	10.195489
521	10.195489
522	10.195489
523	10.195489
524	10.195489
525	10.195489
526	10.195489
527	10.195489
528	10.195489
529	10.195489
530	10.195489
531	10.195489
532	10.195489
533	10.195489
534	10.195489
535	10.195489
536	10.195489
537	10.195489
538	10.195489
539	10.195489
540	10.238672
541	10.238672
542	10.238672
543	10.238672
544	10.238672
545	10.238672
546	10.238672
547	10.238672
548	10.238672
549	10.238672
550	10.238672
551	10.311664
552	10.311664
553	10.311664
554	10.311664
555	10.311664
556	10.311664
557	10.311664
558	10.311664
559	10.311664
560	10.311664
561	10.311664
562	10.311664
563	10.311664
564	10.27038
565	10.27038
566	10.27038
567	10.27038
568	10.368936
569	10.368936
570	10.368936
571	10.368936
572	10.368936
573	10.368936
574	10.33169
575	10.33169
576	10.33169
577	10.33169
578	10.33169
579	10.33169
580	10.33169
581	10.33169
582	10.33169
583	10.33169
584	10.33169
585	10.33169
586	10.33169
587	10.33169
588	10.33169
589	10.33169
590	10.33169
591	10.33169
592	10.33169
593	10.33169
594	10.33169
595	10.33169
596	10.33169
597	10.33169
598	10.33169
599	10.33169
600	10.33169
601	10.351365
602	10.351365
603	10.351365
604	10.351365
605	10.351365
606	10.351365
607	10.351365
608	10.351365
609	10.395344
610	10.395344
611	10.395344
612	10.395344
613	10.395344
614	10.395344
615	10.395344
616	10.395344
617	10.395344
618	10.412856
619	10.412856
620	10.412856
621	10.412856
622	10.393181
623	10.393181
624	10.393181
625	10.393181
626	10.393181
627	10.393181
628	10.393181
629	10.393181
630	10.393181
631	10.412856
632	10.412856
633	10.412856
634	10.412856
635	10.412856
636	10.412856
637	10.412856
638	10.412856
639	10.412856
640	10.412856
641	10.412856
642	10.412856
643	10.418229
644	10.418229
645	10.418229
646	10.418229
647	10.418229
648	10.398554
649	10.398554
650	10.398554
651	10.398554
652	10.398554
653	10.398554
654	10.398554
655	10.398554
656	10.418229
657	10.418229
658	10.418229
659	10.418229
660	10.418229
661	10.462907
662	10.462907
663	10.462907
664	10.462907
665	10.462907
666	10.462907
667	10.462907
668	10.462907
669	10.462907
670	10.462907
671	10.462907
672	10.462907
673	10.538129
674	10.538129
675	10.538129
676	10.538129
677	10.538129
678	10.538129
679	10.538129
680	10.473294
681	10.473294
682	10.473294
683	10.473294
684	10.473294
685	10.473294
686	10.473294
687	10.473294
688	10.473294
689	10.473294
690	10.473294
691	10.473294
692	10.473294
693	10.473294
694	10.473294
695	10.503996
696	10.503996
697	10.503996
698	10.503996
699	10.503996
700	10.503996
701	10.503996
702	10.503996
703	10.503996
704	10.503996
705	10.503996
706	10.503996
707	10.503996
708	10.503996
709	10.503996
710	10.503996
711	10.503996
712	10.503996
713	10.520771
714	10.520771
715	10.520771
716	10.520771
717	10.520771
718	10.520771
719	10.520771
720	10.520771
721	10.520771
722	10.528532
723	10.528532
724	10.528532
725	10.528532
726	10.528532
727	10.528532
728	10.528532
729	10.528532
730	10.528532
731	10.528532
732	10.528532
733	10.528532
734	10.528532
735	10.528532
736	10.528532
737	10.528532
738	10.528532
739	10.528532
740	10.528532
741	10.528532
742	10.528532
743	10.528532
744	10.528532
745	10.532309
746	10.532309
747	10.532309
748	10.532309
749	10.532309
750	10.532309
751	10.532309
752	10.532309
753	10.532309
754	10.532309
755	10.532309
756	10.532309
757	10.532309
758	10.532309
759	10.532309
760	10.532309
761	10.532309
762	10.532309
763	10.532309
764	10.532309
765	10.532309
766	10.532309
767	10.528532
768	10.528532
769	10.528532
770	10.52191
771	10.52191
772	10.52191
773	10.52191
774	10.52191
775	10.53262
776	10.53262
777	10.53262
778	10.52191
779	10.52191
780	10.52191
781	10.52191
782	10.52191
783	10.52191
784	10.52191
785	10.52191
786	10.52191
787	10.52191
788	10.52191
789	10.52191
790	10.52191
791	10.52191
792	10.52191
793	10.52191
794	10.52191
795	10.53262
796	10.53262
797	10.53262
798	10.536397
799	10.536397
800	10.536397
801	10.536397
802	10.536397
803	10.536397
804	10.536397
805	10.536397
806	10.536397
807	10.536397
808	10.536397
809	10.536397
810	10.536397
811	10.536397
812	10.536397
813	10.536397
814	10.536397
815	10.536397
816	10.536397
817	10.536397
818	10.536397
819	10.536397
820	10.536397
821	10.536397
822	10.536397
823	10.536397
824	10.536397
825	10.536397
826	10.536397
827	10.536397
828	10.536397
829	10.536397
830	10.536397
831	10.536397
832	10.536397
833	10.536397
834	10.536397
835	10.537591
836	10.537591
837	10.537591
838	10.537591
839	10.537591
840	10.569982
841	10.569982
842	10.571504
843	10.571504
844	10.571504
845	10.571504
846	10.571504
847	10.571504
848	10.575952
849	10.575952
850	10.575952
851	10.575952
852	10.575952
853	10.575952
854	10.575952
855	10.575952
856	10.575952
857	10.575952
858	10.575952
859	10.575952
860	10.575952
861	10.575952
862	10.575952
863	10.575952
864	10.575952
865	10.575952
866	10.575952
867	10.575952
868	10.575952
869	10.575952
870	10.575952
871	10.575952
872	10.575952
873	10.575952
874	10.574758
875	10.574758
876	10.574758
877	10.574758
878	10.574758
879	10.574758
880	10.574758
881	10.574758
882	10.574758
883	10.574758
884	10.574758
885	10.574758
886	10.574758
887	10.574758
888	10.574758
889	10.574758
890	10.574758
891	10.574758
892	10.574758
893	10.574758
894	10.574758
895	10.574758
896	10.574758
897	10.574758
898	10.574758
899	10.574758
900	10.574758
901	10.574758
902	10.574758
903	10.574758
904	10.574758
905	10.574758
906	10.574758
907	10.574758
908	10.574758
909	10.574758
910	10.574758
911	10.574758
912	10.574758
913	10.574758
914	10.574758
915	10.574758
916	10.574758
917	10.574758
918	10.574758
919	10.574758
920	10.574758
921	10.574758
922	10.574758
923	10.574758
924	10.574758
925	10.574758
926	10.574758
927	10.574758
928	10.574758
929	10.574758
930	10.574758
931	10.574758
932	10.574758
933	10.574758
934	10.574758
935	10.574758
936	10.574758
937	10.574758
938	10.574758
939	10.574758
940	10.574758
941	10.574758
942	10.574758
943	10.574758
944	10.574758
945	10.574758
946	10.574758
947	10.574758
948	10.574758
949	10.574758
950	10.574758
951	10.574758
952	10.574758
953	10.574758
954	10.574758
955	10.574758
956	10.574758
957	10.574758
958	10.574758
959	10.574758
960	10.574758
961	10.574758
962	10.574758
963	10.574758
964	10.574758
965	10.574758
966	10.574758
967	10.574758
968	10.574758
969	10.574758
970	10.574758
971	10.574758
972	10.574758
973	10.574758
974	10.574758
975	10.574758
976	10.574758
977	10.574758
978	10.574758
979	10.574758
980	10.574758
981	10.574758
982	10.574758
983	10.574758
984	10.574758
985	10.574758
986	10.574758
987	10.574758
988	10.574758
989	10.574758
990	10.574758
991	10.574758
992	10.574758
993	10.569385
994	10.569385
995	10.569385
996	10.569385
997	10.569385
998	10.569385
999	10.569385
1000	10.569385
1001	10.569385
1002	10.569385
1003	10.569385
1004	10.569385
1005	10.569385
1006	10.569385
1007	10.569385
1008	10.569385
1009	10.569385
1010	10.569385
1011	10.569385
1012	10.569385
1013	10.569385
1014	10.569385
1015	10.569385
1016	10.569385
1017	10.569385
1018	10.569385
1019	10.569385
1020	10.569385
1021	10.569385
1022	10.569385
1023	10.569385
1024	10.569385
1025	10.569385
1026	10.569385
1027	10.569385
1028	10.569385
1029	10.569385
1030	10.569385
1031	10.569385
1032	10.569385
1033	10.569385
1034	10.569385
1035	10.569385
1036	10.569385
1037	10.569385
1038	10.569385
1039	10.569385
1040	10.569385
1041	10.569385
1042	10.569385
1043	10.569385
1044	10.569385
1045	10.569385
1046	10.569385
1047	10.569385
1048	10.569385
1049	10.569385
1050	10.569385
1051	10.569385
1052	10.569385
1053	10.569385
1054	10.569385
1055	10.569385
1056	10.569385
1057	10.569385
1058	10.569385
1059	10.569385
1060	10.569385
1061	10.569385
1062	10.569385
1063	10.569385
1064	10.569385
1065	10.569385
1066	10.569385
1067	10.569385
1068	10.569385
1069	10.569385
1070	10.569385
1071	10.569385
1072	10.569385
1073	10.569385
1074	10.569385
1075	10.569385
1076	10.569385
1077	10.569385
1078	10.569385
1079	10.569385
1080	10.569385
1081	10.569385
1082	10.569385
1083	10.569385
1084	10.569385
1085	10.569385
1086	10.569385
1087	10.569385
1088	10.569385
1089	10.569385
1090	10.569385
1091	10.569385
1092	10.569385
1093	10.569385
1094	10.569385
1095	10.569385
1096	10.569385
1097	10.569385
1098	10.569385
1099	10.569385
1100	10.569385
1101	10.569385
1102	10.569385
1103	10.569385
1104	10.569385
1105	10.569385
1106	10.569385
1107	10.569385
1108	10.569385
1109	10.569385
1110	10.569385
1111	10.569385
1112	10.569385
1113	10.569385
1114	10.569385
1115	10.569385
1116	10.569385
1117	10.569385
1118	10.569385
1119	10.569385
1120	10.569385
1121	10.569385
1122	10.569385
1123	10.569385
1124	10.569385
1125	10.569385
1126	10.569385
1127	10.569385
1128	10.569385
1129	10.569385
1130	10.569385
1131	10.569385
1132	10.569385
1133	10.569385
1134	10.569385
1135	10.569385
1136	10.569385
1137	10.570579
1138	10.570579
1139	10.570579
1140	10.570579
1141	10.570579
1142	10.570579
1143	10.570579
1144	10.570579
1145	10.570579
1146	10.570579
1147	10.570579
1148	10.570579
1149	10.570579
1150	10.570579
1151	10.570579
1152	10.570579
1153	10.570579
1154	10.570579
1155	10.570579
1156	10.570579
1157	10.570579
1158	10.570579
1159	10.570579
1160	10.570579
1161	10.570579
1162	10.570579
1163	10.570579
1164	10.570579
1165	10.570579
1166	10.570579
1167	10.570579
1168	10.570579
1169	10.570579
1170	10.570579
1171	10.570579
1172	10.570579
1173	10.570579
1174	10.570579
1175	10.570579
1176	10.570579
1177	10.570579
1178	10.570579
1179	10.570579
1180	10.570579
1181	10.570579
1182	10.570579
1183	10.570579
1184	10.570579
1185	10.570579
1186	10.570579
1187	10.570579
1188	10.577661
1189	10.577661
1190	10.577661
1191	10.577661
1192	10.577661
1193	10.577661
1194	10.577661
1195	10.577661
1196	10.577661
1197	10.577661
1198	10.577661
1199	10.577661
1200	10.577661
1201	10.577661
1202	10.577661
1203	10.577661
1204	10.577661
1205	10.577661
1206	10.577661
1207	10.577661
1208	10.577661
1209	10.577661
1210	10.577661
1211	10.577661
1212	10.577661
1213	10.577661
1214	10.577661
1215	10.576467
1216	10.576467
1217	10.576467
1218	10.576467
1219	10.576467
1220	10.576467
1221	10.576467
1222	10.576467
1223	10.576467
1224	10.576467
1225	10.576467
1226	10.576467
1227	10.576467
1228	10.576467
1229	10.576467
1230	10.576467
1231	10.576467
1232	10.576467
1233	10.576467
1234	10.576467
1235	10.576467
1236	10.576467
1237	10.576467
1238	10.576467
1239	10.576467
1240	10.576467
1241	10.576467
1242	10.576467
1243	10.576467
1244	10.576467
1245	10.576467
1246	10.576467
1247	10.576467
1248	10.576467
1249	10.576467
1250	10.576467
1251	10.576467
1252	10.576467
1253	10.576467
1254	10.576467
1255	10.576467
1256	10.576467
1257	10.576467
1258	10.577661
1259	10.577661
1260	10.577661
1261	10.577661
1262	10.577661
1263	10.577661
1264	10.577661
1265	10.577661
1266	10.577661
1267	10.577661
1268	10.577661
1269	10.577661
1270	10.577661
1271	10.577661
1272	10.577661
1273	10.577661
1274	10.577661
1275	10.577661
1276	10.577661
1277	10.577661
1278	10.577661
1279	10.577661
1280	10.577661
1281	10.577661
1282	10.577661
1283	10.577661
1284	10.577661
1285	10.577661
1286	10.577661
1287	10.577661
1288	10.577661
1289	10.577661
1290	10.577661
1291	10.577661
1292	10.577661
1293	10.577661
1294	10.577661
1295	10.577661
1296	10.577661
1297	10.577661
1298	10.577661
1299	10.577661
1300	10.577661
1301	10.577661
1302	10.577661
1303	10.577661
1304	10.577661
1305	10.577661
1306	10.577661
1307	10.577661
1308	10.577661
1309	10.577661
1310	10.577661
1311	10.577661
1312	10.577661
1313	10.577661
1314	10.577661
1315	10.577661
1316	10.577661
1317	10.577661
1318	10.577661
1319	10.577661
1320	10.577661
1321	10.577661
1322	10.577661
1323	10.577661
1324	10.577661
1325	10.577661
1326	10.577661
1327	10.577661
1328	10.577661
1329	10.577661
1330	10.577661
1331	10.577661
1332	10.577661
1333	10.577661
1334	10.577661
1335	10.577661
1336	10.577661
1337	10.577661
1338	10.577661
1339	10.577661
1340	10.577661
1341	10.577661
1342	10.577661
1343	10.577661
1344	10.577661
1345	10.577661
1346	10.577661
1347	10.577661
1348	10.577661
1349	10.577661
1350	10.577661
1351	10.577661
1352	10.577661
1353	10.577661
1354	10.577661
1355	10.577661
1356	10.577661
1357	10.577661
1358	10.577661
1359	10.577661
1360	10.577661
1361	10.577661
1362	10.577661
1363	10.577661
1364	10.577661
1365	10.577661
1366	10.577661
1367	10.577661
1368	10.577661
1369	10.577661
1370	10.577661
1371	10.577661
1372	10.577661
1373	10.577661
1374	10.577661
1375	10.577661
1376	10.577661
1377	10.577661
1378	10.577661
1379	10.577661
1380	10.577661
1381	10.577661
1382	10.577661
1383	10.577661
1384	10.577661
1385	10.577661
1386	10.577661
1387	10.577661
1388	10.577661
1389	10.577661
1390	10.577661
1391	10.577661
1392	10.577661
1393	10.577661
1394	10.577661
1395	10.577661
1396	10.577661
1397	10.577661
1398	10.577661
1399	10.577661
1400	10.577661
1401	10.577661
1402	10.577661
1403	10.577661
1404	10.577661
1405	10.577661
1406	10.577661
1407	10.577661
1408	10.577661
1409	10.577661
1410	10.577661
1411	10.577661
1412	10.577661
1413	10.577661
1414	10.577661
1415	10.577661
1416	10.577661
1417	10.577661
1418	10.577661
1419	10.577661
1420	10.577661
1421	10.577661
1422	10.577661
1423	10.577661
1424	10.577661
1425	10.577661
1426	10.577661
1427	10.577661
1428	10.577661
1429	10.577661
1430	10.577661
1431	10.577661
1432	10.577661
1433	10.577661
1434	10.577661
1435	10.577661
1436	10.577661
1437	10.577661
1438	10.577661
1439	10.577661
1440	10.577661
1441	10.577661
1442	10.577661
1443	10.577661
1444	10.577661
1445	10.577661
1446	10.577661
1447	10.577661
1448	10.577661
1449	10.577661
1450	10.577661
1451	10.577661
1452	10.577661
1453	10.577661
1454	10.577661
1455	10.577661
1456	10.577661
1457	10.577661
1458	10.577661
1459	10.577661
1460	10.577661
1461	10.577661
1462	10.577661
1463	10.577661
1464	10.577661
1465	10.577661
1466	10.577661
1467	10.577661
1468	10.577661
1469	10.577661
1470	10.577661
1471	10.577661
1472	10.577661
1473	10.577661
1474	10.577661
1475	10.577661
1476	10.577661
1477	10.577661
1478	10.577661
1479	10.577661
1480	10.577661
1481	10.577661
1482	10.577661
1483	10.577661
1484	10.577661
1485	10.577661
1486	10.577661
1487	10.577661
1488	10.577661
1489	10.577661
1490	10.577661
1491	10.577661
1492	10.577661
1493	10.577661
1494	10.577661
1495	10.577661
1496	10.577661
1497	10.577661
1498	10.577661
1499	10.577661
1500	10.577661
1501	10.577661
1502	10.577661
1503	10.577661
1504	10.577661
1505	10.577661
1506	10.577661
1507	10.577661
1508	10.577661
1509	10.577661
1510	10.577661
1511	10.577661
1512	10.577661
1513	10.577661
1514	10.577661
1515	10.577661
1516	10.577661
1517	10.577661
1518	10.577661
1519	10.577661
1520	10.577661
1521	10.577661
1522	10.577661
1523	10.577661
1524	10.577661
1525	10.577661
1526	10.577661
1527	10.577661
1528	10.577661
1529	10.577661
1530	10.577661
1531	10.577661
1532	10.577661
1533	10.577661
1534	10.577661
1535	10.577661
1536	10.577661
1537	10.577661
1538	10.577661
1539	10.577661
1540	10.577661
1541	10.577661
1542	10.577661
1543	10.577661
1544	10.577661
1545	10.577661
1546	10.577661
1547	10.577661
1548	10.577661
1549	10.577661
1550	10.577661
1551	10.577661
1552	10.577661
1553	10.577661
1554	10.577661
1555	10.577661
1556	10.577661
1557	10.577661
1558	10.577661
1559	10.577661
1560	10.577661
1561	10.577661
1562	10.577661
1563	10.577661
1564	10.577661
1565	10.577661
1566	10.577661
1567	10.577661
1568	10.577661
1569	10.577661
1570	10.577661
1571	10.577661
1572	10.577661
1573	10.577661
1574	10.577661
1575	10.577661
1576	10.577661
1577	10.577661
1578	10.577661
1579	10.577661
1580	10.577661
1581	10.577661
1582	10.577661
1583	10.577661
1584	10.577661
1585	10.577661
1586	10.577661
1587	10.577661
1588	10.577661
1589	10.577661
1590	10.577661
1591	10.577661
1592	10.577661
1593	10.577661
1594	10.577661
1595	10.577661
1596	10.577661
1597	10.577661
1598	10.577661
1599	10.577661
1600	10.577661
1601	10.577661
1602	10.577661
1603	10.577661
1604	10.577661
1605	10.577661
1606	10.577661
1607	10.577661
1608	10.577661
1609	10.577661
1610	10.577661
1611	10.577661
1612	10.577661
1613	10.577661
1614	10.577661
1615	10.577661
1616	10.577661
1617	10.577661
1618	10.577661
1619	10.577661
1620	10.577661
1621	10.577661
1622	10.577661
1623	10.577661
1624	10.577661
1625	10.577661
1626	10.577661
1627	10.577661
1628	10.577661
1629	10.577661
1630	10.577661
1631	10.577661
1632	10.577661
1633	10.577661
1634	10.577661
1635	10.577661
1636	10.577661
1637	10.577661
1638	10.577661
1639	10.577661
1640	10.577661
1641	10.577661
1642	10.577661
1643	10.577661
1644	10.577661
1645	10.577661
1646	10.577661
1647	10.577661
1648	10.577661
1649	10.577661
1650	10.577661
1651	10.577661
1652	10.577661
1653	10.577661
1654	10.577661
1655	10.577661
1656	10.577661
1657	10.577661
1658	10.577661
1659	10.577661
1660	10.577661
1661	10.577661
1662	10.577661
1663	10.577661
1664	10.577661
1665	10.577661
1666	10.577661
1667	10.577661
1668	10.577661
1669	10.577661
1670	10.577661
1671	10.577661
1672	10.577661
1673	10.577661
1674	10.577661
1675	10.577661
1676	10.577661
1677	10.577661
1678	10.577661
1679	10.577661
1680	10.577661
1681	10.577661
1682	10.577661
1683	10.577661
1684	10.577661
1685	10.577661
1686	10.577661
1687	10.577661
1688	10.577661
1689	10.577661
1690	10.577661
1691	10.577661
1692	10.577661
1693	10.577661
1694	10.577661
1695	10.577661
1696	10.577661
1697	10.577661
1698	10.577661
1699	10.577661
1700	10.583034
1701	10.583034
1702	10.583034
1703	10.583034
1704	10.583034
1705	10.583034
1706	10.583034
1707	10.583034
1708	10.583034
1709	10.583034
1710	10.583034
1711	10.583034
1712	10.583034
1713	10.583034
1714	10.583034
1715	10.583034
1716	10.583034
1717	10.583034
1718	10.583034
1719	10.583034
1720	10.583034
1721	10.583034
1722	10.583034
1723	10.583034
1724	10.583034
1725	10.583034
1726	10.583034
1727	10.583034
1728	10.583034
1729	10.583034
1730	10.583034
1731	10.583034
1732	10.583034
1733	10.583034
1734	10.583034
1735	10.583034
1736	10.583034
1737	10.583034
1738	10.583034
1739	10.583034
1740	10.583034
1741	10.583034
1742	10.583034
1743	10.583034
1744	10.583034
1745	10.583034
1746	10.583034
1747	10.583034
1748	10.583034
1749	10.583034
1750	10.583034
1751	10.583034
1752	10.583034
1753	10.583034
1754	10.583034
1755	10.583034
1756	10.583034
1757	10.583034
1758	10.583034
1759	10.583034
1760	10.583034
1761	10.583034
1762	10.583034
1763	10.583034
1764	10.583034
1765	10.583034
1766	10.583034
1767	10.583034
1768	10.583034
1769	10.583034
1770	10.583034
1771	10.583034
1772	10.583034
1773	10.583034
1774	10.583034
1775	10.583034
1776	10.583034
1777	10.583034
1778	10.583034
1779	10.583034
1780	10.583034
1781	10.583034
1782	10.583034
1783	10.583034
1784	10.583034
1785	10.583034
1786	10.583034
1787	10.583034
1788	10.583034
1789	10.583034
1790	10.583034
1791	10.583034
1792	10.583034
1793	10.583034
1794	10.583034
1795	10.583034
1796	10.583034
1797	10.583034
1798	10.583034
1799	10.583034
1800	10.583034
1801	10.583034
1802	10.583034
1803	10.583034
1804	10.583034
1805	10.583034
1806	10.583034
1807	10.583034
1808	10.583034
1809	10.583034
1810	10.583034
1811	10.583034
1812	10.583034
1813	10.583034
1814	10.583034
1815	10.583034
1816	10.583034
1817	10.583034
1818	10.583034
1819	10.583034
1820	10.583034
1821	10.583034
1822	10.583034
1823	10.583034
1824	10.583034
1825	10.583034
1826	10.583034
1827	10.583034
1828	10.583034
1829	10.583034
1830	10.583034
1831	10.583034
1832	10.583034
1833	10.583034
1834	10.583034
1835	10.583034
1836	10.583034
1837	10.583034
1838	10.583034
1839	10.583034
1840	10.583034
1841	10.583034
1842	10.583034
1843	10.583034
1844	10.583034
1845	10.583034
1846	10.583034
1847	10.583034
1848	10.583034
1849	10.583034
1850	10.583034
1851	10.583034
1852	10.583034
1853	10.583034
1854	10.583034
1855	10.583034
1856	10.583034
1857	10.583034
1858	10.583034
1859	10.583034
1860	10.583034
1861	10.583034
1862	10.583034
1863	10.583034
1864	10.583034
1865	10.583034
1866	10.583034
1867	10.583034
1868	10.583034
1869	10.583034
1870	10.583034
1871	10.583034
1872	10.583034
1873	10.583034
1874	10.583034
1875	10.583034
1876	10.583034
1877	10.583034
1878	10.583034
1879	10.583034
1880	10.583034
1881	10.583034
1882	10.583034
1883	10.583034
1884	10.583034
1885	10.583034
1886	10.583034
1887	10.583034
1888	10.583034
1889	10.583034
1890	10.583034
1891	10.583034
1892	10.583034
1893	10.583034
1894	10.583034
1895	10.583034
1896	10.583034
1897	10.583034
1898	10.583034
1899	10.583034
1900	10.583034
1901	10.583034
1902	10.583034
1903	10.583034
1904	10.583034
1905	10.583034
1906	10.583034
1907	10.583034
1908	10.583034
1909	10.583034
1910	10.583034
1911	10.583034
1912	10.583034
1913	10.583034
1914	10.583034
1915	10.583034
1916	10.583034
1917	10.583034
1918	10.583034
1919	10.583034
1920	10.583034
1921	10.583034
1922	10.583034
1923	10.583034
1924	10.583034
1925	10.583034
1926	10.583034
1927	10.583034
1928	10.583034
1929	10.583034
1930	10.583034
1931	10.583034
1932	10.583034
1933	10.583034
1934	10.583034
1935	10.583034
1936	10.583034
1937	10.583034
1938	10.583034
1939	10.583034
1940	10.583034
1941	10.583034
1942	10.583034
1943	10.583034
1944	10.583034
1945	10.583034
1946	10.583034
1947	10.583034
1948	10.583034
1949	10.583034
1950	10.583034
1951	10.583034
1952	10.583034
1953	10.583034
1954	10.583034
1955	10.583034
1956	10.583034
1957	10.583034
1958	10.583034
1959	10.583034
1960	10.583034
1961	10.583034
1962	10.583034
1963	10.583034
1964	10.583034
1965	10.583034
1966	10.583034
1967	10.583034
1968	10.583034
1969	10.583034
1970	10.583034
1971	10.583034
1972	10.583034
1973	10.583034
1974	10.583034
1975	10.583034
1976	10.583034
1977	10.583034
1978	10.583034
1979	10.583034
1980	10.583034
1981	10.583034
1982	10.583034
1983	10.583034
1984	10.583034
1985	10.583034
1986	10.583034
1987	10.583034
1988	10.583034
1989	10.583034
1990	10.583034
1991	10.583034
1992	10.583034
1993	10.583034
1994	10.583034
1995	10.583034
1996	10.583034
1997	10.583034
1998	10.583034
1999	10.583034
2000	10.583034
2001	10.583034
2002	10.583034
2003	10.583034
2004	10.583034
2005	10.583034
2006	10.583034
2007	10.583034
2008	10.583034
2009	10.583034
2010	10.583034
2011	10.583034
2012	10.583034
2013	10.583034
2014	10.583034
2015	10.583034
2016	10.583034
2017	10.583034
2018	10.583034
2019	10.583034
2020	10.583034
2021	10.583034
2022	10.583034
2023	10.583034
2024	10.583034
2025	10.583034
2026	10.583034
2027	10.583034
2028	10.583034
2029	10.583034
2030	10.583034
2031	10.583034
2032	10.583034
2033	10.583034
2034	10.583034
2035	10.583034
2036	10.583034
2037	10.583034
2038	10.583034
2039	10.583034
2040	10.583034
2041	10.583034
2042	10.583034
2043	10.583034
2044	10.583034
2045	10.583034
2046	10.583034
2047	10.583034
2048	10.583034
2049	10.583034
2050	10.583034
2051	10.583034
2052	10.583034
2053	10.583034
2054	10.583034
2055	10.583034
2056	10.583034
2057	10.583034
2058	10.583034
2059	10.583034
2060	10.583034
2061	10.583034
2062	10.583034
2063	10.583034
2064	10.583034
2065	10.583034
2066	10.583034
2067	10.583034
2068	10.583034
2069	10.583034
2070	10.583034
2071	10.583034
2072	10.583034
2073	10.583034
2074	10.583034
2075	10.583034
2076	10.583034
2077	10.583034
2078	10.583034
2079	10.583034
2080	10.583034
2081	10.583034
2082	10.583034
2083	10.583034
2084	10.583034
2085	10.583034
2086	10.583034
2087	10.583034
2088	10.583034
2089	10.583034
2090	10.583034
2091	10.583034
2092	10.583034
2093	10.583034
2094	10.583034
2095	10.583034
2096	10.583034
2097	10.583034
2098	10.583034
2099	10.583034
2100	10.583034
2101	10.583034
2102	10.583034
2103	10.583034
2104	10.583034
2105	10.583034
2106	10.583034
2107	10.583034
2108	10.583034
2109	10.583034
2110	10.583034
2111	10.583034
2112	10.583034
2113	10.583034
2114	10.583034
2115	10.583034
2116	10.583034
2117	10.583034
2118	10.583034
2119	10.583034
2120	10.583034
2121	10.583034
2122	10.583034
2123	10.583034
2124	10.583034
2125	10.583034
2126	10.583034
2127	10.583034
2128	10.583034
2129	10.583034
2130	10.583034
2131	10.583034
2132	10.583034
2133	10.583034
2134	10.583034
2135	10.583034
2136	10.583034
2137	10.583034
2138	10.583034
2139	10.583034
2140	10.583034
2141	10.583034
2142	10.583034
2143	10.583034
2144	10.583034
2145	10.583034
2146	10.583034
2147	10.583034
2148	10.583034
2149	10.583034
2150	10.583034
2151	10.583034
2152	10.583034
2153	10.583034
2154	10.583034
2155	10.583034
2156	10.583034
2157	10.583034
2158	10.583034
2159	10.583034
2160	10.583034
2161	10.583034
2162	10.583034
2163	10.583034
2164	10.583034
2165	10.583034
2166	10.583034
2167	10.583034
2168	10.583034
2169	10.583034
2170	10.583034
2171	10.583034
2172	10.583034
2173	10.583034
2174	10.583034
2175	10.583034
2176	10.583034
2177	10.583034
2178	10.583034
2179	10.583034
2180	10.583034
2181	10.583034
2182	10.583034
2183	10.583034
2184	10.583034
2185	10.583034
2186	10.583034
2187	10.583034
2188	10.583034
2189	10.583034
2190	10.583034
2191	10.583034
2192	10.583034
2193	10.583034
2194	10.583034
2195	10.583034
2196	10.583034
2197	10.583034
2198	10.583034
2199	10.583034
2200	10.583034
2201	10.583034
2202	10.583034
2203	10.583034
2204	10.583034
2205	10.583034
2206	10.583034
2207	10.583034
2208	10.583034
2209	10.583034
2210	10.583034
2211	10.583034
2212	10.583034
2213	10.583034
2214	10.583034
2215	10.583034
2216	10.583034
2217	10.583034
2218	10.583034
2219	10.583034
2220	10.583034
2221	10.583034
2222	10.583034
2223	10.583034
2224	10.583034
2225	10.583034
2226	10.583034
2227	10.583034
2228	10.583034
2229	10.583034
2230	10.583034
2231	10.583034
2232	10.583034
2233	10.583034
2234	10.583034
2235	10.583034
2236	10.583034
2237	10.583034
2238	10.583034
2239	10.583034
2240	10.583034
2241	10.583034
2242	10.583034
2243	10.583034
2244	10.583034
2245	10.583034
2246	10.583034
2247	10.583034
2248	10.583034
2249	10.583034
2250	10.583034
2251	10.583034
2252	10.583034
2253	10.583034
2254	10.583034
2255	10.583034
2256	10.583034
2257	10.583034
2258	10.583034
2259	10.583034
2260	10.583034
2261	10.583034
2262	10.583034
2263	10.583034
2264	10.583034
2265	10.583034
2266	10.583034
2267	10.583034
2268	10.583034
2269	10.583034
2270	10.583034
2271	10.583034
2272	10.583034
2273	10.583034
2274	10.583034
2275	10.583034
2276	10.583034
2277	10.583034
2278	10.583034
2279	10.583034
2280	10.583034
2281	10.583034
2282	10.583034
2283	10.583034
2284	10.583034
2285	10.583034
2286	10.583034
2287	10.583034
2288	10.583034
2289	10.583034
2290	10.583034
2291	10.583034
2292	10.583034
2293	10.583034
2294	10.583034
2295	10.583034
2296	10.583034
2297	10.583034
2298	10.583034
2299	10.583034
2300	10.583034
2301	10.583034
2302	10.583034
2303	10.583034
2304	10.583034
2305	10.583034
2306	10.583034
2307	10.583034
2308	10.583034
2309	10.583034
2310	10.583034
2311	10.583034
2312	10.583034
2313	10.583034
2314	10.583034
2315	10.583034
2316	10.583034
2317	10.583034
2318	10.583034
2319	10.583034
2320	10.583034
2321	10.583034
2322	10.583034
2323	10.583034
2324	10.583034
2325	10.583034
2326	10.583034
2327	10.583034
2328	10.583034
2329	10.583034
2330	10.583034
2331	10.583034
2332	10.583034
2333	10.583034
2334	10.583034
2335	10.583034
2336	10.583034
2337	10.583034
2338	10.583034
2339	10.583034
2340	10.583034
2341	10.583034
2342	10.583034
2343	10.583034
2344	10.583034
2345	10.583034
2346	10.583034
2347	10.583034
2348	10.583034
2349	10.583034
2350	10.583034
2351	10.583034
2352	10.583034
2353	10.583034
2354	10.583034
2355	10.583034
2356	10.583034
2357	10.583034
2358	10.583034
2359	10.583034
2360	10.583034
2361	10.583034
2362	10.583034
2363	10.583034
2364	10.583034
2365	10.583034
2366	10.583034
2367	10.583034
2368	10.583034
2369	10.583034
2370	10.583034
2371	10.583034
2372	10.583034
2373	10.583034
2374	10.583034
2375	10.583034
2376	10.583034
2377	10.583034
2378	10.583034
2379	10.583034
2380	10.583034
2381	10.583034
2382	10.583034
2383	10.583034
2384	10.583034
2385	10.583034
2386	10.583034
2387	10.583034
2388	10.583034
2389	10.583034
2390	10.583034
2391	10.583034
2392	10.583034
2393	10.583034
2394	10.583034
2395	10.583034
2396	10.583034
2397	10.583034
2398	10.583034
2399	10.583034
2400	10.583034
2401	10.583034
2402	10.583034
2403	10.583034
2404	10.583034
2405	10.583034
2406	10.583034
2407	10.583034
2408	10.583034
2409	10.583034
2410	10.583034
2411	10.583034
2412	10.583034
2413	10.583034
2414	10.583034
2415	10.583034
2416	10.583034
2417	10.583034
2418	10.583034
2419	10.583034
2420	10.583034
2421	10.583034
2422	10.583034
2423	10.583034
2424	10.583034
2425	10.583034
2426	10.583034
2427	10.583034
2428	10.583034
2429	10.583034
2430	10.583034
2431	10.583034
2432	10.583034
2433	10.583034
2434	10.583034
2435	10.583034
2436	10.583034
2437	10.583034
2438	10.583034
2439	10.583034
2440	10.583034
2441	10.583034
2442	10.583034
2443	10.583034
2444	10.583034
2445	10.583034
2446	10.583034
2447	10.583034
2448	10.583034
2449	10.583034
2450	10.583034
2451	10.583034
2452	10.583034
2453	10.583034
2454	10.583034
2455	10.583034
2456	10.583034
2457	10.583034
2458	10.583034
2459	10.583034
2460	10.583034
2461	10.583034
2462	10.583034
2463	10.583034
2464	10.583034
2465	10.583034
2466	10.583034
2467	10.583034
2468	10.583034
2469	10.583034
2470	10.583034
2471	10.583034
2472	10.583034
2473	10.583034
2474	10.583034
2475	10.583034
2476	10.583034
2477	10.583034
2478	10.583034
2479	10.583034
2480	10.583034
2481	10.583034
2482	10.583034
2483	10.583034
2484	10.583034
2485	10.583034
2486	10.583034
2487	10.583034
2488	10.583034
2489	10.583034
2490	10.583034
2491	10.583034
2492	10.583034
2493	10.583034
2494	10.583034
2495	10.583034
2496	10.583034
2497	10.583034
2498	10.583034
2499	10.583034
2500	10.583034
2501	10.583034
2502	10.583034
2503	10.583034
2504	10.583034
2505	10.583034
2506	10.583034
2507	10.583034
2508	10.583034
2509	10.583034
2510	10.583034
2511	10.583034
2512	10.583034
2513	10.583034
2514	10.583034
2515	10.583034
2516	10.583034
2517	10.583034
2518	10.583034
2519	10.583034
2520	10.583034
2521	10.583034
2522	10.583034
2523	10.583034
2524	10.583034
2525	10.583034
2526	10.583034
2527	10.583034
2528	10.583034
2529	10.583034
2530	10.583034
2531	10.583034
2532	10.583034
2533	10.583034
2534	10.583034
2535	10.583034
2536	10.583034
2537	10.583034
2538	10.583034
2539	10.583034
2540	10.583034
2541	10.583034
2542	10.583034
2543	10.583034
2544	10.583034
2545	10.583034
2546	10.583034
2547	10.583034
2548	10.583034
2549	10.583034
2550	10.583034
2551	10.583034
2552	10.583034
2553	10.583034
2554	10.583034
2555	10.583034
2556	10.583034
2557	10.583034
2558	10.583034
2559	10.583034
2560	10.583034
2561	10.583034
2562	10.583034
2563	10.583034
2564	10.583034
2565	10.583034
2566	10.583034
2567	10.583034
2568	10.583034
2569	10.583034
2570	10.583034
2571	10.583034
2572	10.583034
2573	10.583034
2574	10.583034
2575	10.583034
2576	10.583034
2577	10.583034
2578	10.583034
2579	10.583034
2580	10.583034
2581	10.583034
2582	10.583034
2583	10.583034
2584	10.583034
2585	10.583034
2586	10.583034
2587	10.583034
2588	10.583034
2589	10.583034
2590	10.583034
2591	10.583034
2592	10.583034
2593	10.583034
2594	10.583034
2595	10.583034
2596	10.583034
2597	10.583034
2598	10.583034
2599	10.583034
2600	10.583034
2601	10.583034
2602	10.583034
2603	10.583034
2604	10.583034
2605	10.583034
2606	10.583034
2607	10.583034
2608	10.583034
2609	10.583034
2610	10.583034
2611	10.583034
2612	10.583034
2613	10.583034
2614	10.583034
2615	10.583034
2616	10.583034
2617	10.583034
2618	10.583034
2619	10.583034
2620	10.583034
2621	10.583034
2622	10.583034
2623	10.583034
2624	10.583034
2625	10.583034
2626	10.583034
2627	10.583034
2628	10.583034
2629	10.583034
2630	10.583034
2631	10.583034
2632	10.583034
2633	10.583034
2634	10.583034
2635	10.583034
2636	10.583034
2637	10.583034
2638	10.583034
2639	10.583034
2640	10.583034
2641	10.583034
2642	10.583034
2643	10.583034
2644	10.583034
2645	10.583034
2646	10.583034
2647	10.583034
2648	10.583034
2649	10.583034
2650	10.583034
2651	10.583034
2652	10.583034
2653	10.583034
2654	10.583034
2655	10.583034
2656	10.583034
2657	10.583034
2658	10.583034
2659	10.583034
2660	10.583034
2661	10.583034
2662	10.583034
2663	10.583034
2664	10.583034
2665	10.583034
2666	10.583034
2667	10.583034
2668	10.583034
2669	10.583034
2670	10.583034
2671	10.583034
2672	10.583034
2673	10.583034
2674	10.583034
2675	10.583034
2676	10.583034
2677	10.583034
2678	10.583034
2679	10.583034
2680	10.583034
2681	10.583034
2682	10.583034
2683	10.583034
2684	10.583034
2685	10.583034
2686	10.583034
2687	10.583034
2688	10.583034
2689	10.583034
2690	10.583034
2691	10.583034
2692	10.583034
2693	10.583034
2694	10.583034
2695	10.583034
2696	10.583034
2697	10.583034
2698	10.583034
2699	10.583034
2700	10.583034
2701	10.583034
2702	10.583034
2703	10.583034
2704	10.583034
2705	10.583034
2706	10.583034
2707	10.583034
2708	10.583034
2709	10.583034
2710	10.583034
2711	10.583034
2712	10.583034
2713	10.583034
2714	10.583034
2715	10.583034
2716	10.583034
2717	10.583034
2718	10.583034
2719	10.583034
2720	10.583034
2721	10.583034
2722	10.583034
2723	10.583034
2724	10.583034
2725	10.583034
2726	10.583034
2727	10.583034
2728	10.583034
2729	10.583034
2730	10.583034
2731	10.583034
2732	10.583034
2733	10.583034
2734	10.583034
2735	10.583034
2736	10.583034
2737	10.583034
2738	10.583034
2739	10.583034
2740	10.583034
2741	10.583034
2742	10.583034
2743	10.583034
2744	10.583034
2745	10.583034
2746	10.583034
2747	10.583034
2748	10.583034
2749	10.583034
2750	10.583034
2751	10.583034
2752	10.583034
2753	10.583034
2754	10.583034
2755	10.583034
2756	10.583034
2757	10.583034
2758	10.583034
2759	10.583034
2760	10.583034
2761	10.583034
2762	10.583034
2763	10.583034
2764	10.583034
2765	10.583034
2766	10.583034
2767	10.583034
2768	10.583034
2769	10.583034
2770	10.583034
2771	10.583034
2772	10.583034
2773	10.583034
2774	10.583034
2775	10.583034
2776	10.583034
2777	10.583034
2778	10.583034
2779	10.583034
2780	10.583034
2781	10.583034
2782	10.583034
2783	10.583034
2784	10.583034
2785	10.583034
2786	10.583034
2787	10.583034
2788	10.583034
2789	10.583034
2790	10.583034
2791	10.583034
2792	10.583034
2793	10.583034
2794	10.583034
2795	10.583034
2796	10.583034
2797	10.583034
2798	10.583034
2799	10.583034
2800	10.583034
2801	10.583034
2802	10.583034
2803	10.583034
2804	10.583034
2805	10.583034
2806	10.583034
2807	10.583034
2808	10.583034
2809	10.583034
2810	10.583034
2811	10.583034
2812	10.583034
2813	10.583034
2814	10.583034
2815	10.583034
2816	10.583034
2817	10.583034
2818	10.583034
2819	10.583034
2820	10.583034
2821	10.583034
2822	10.583034
2823	10.583034
2824	10.583034
2825	10.583034
2826	10.583034
2827	10.583034
2828	10.583034
2829	10.583034
2830	10.583034
2831	10.583034
2832	10.583034
2833	10.583034
2834	10.583034
2835	10.583034
2836	10.583034
2837	10.583034
2838	10.583034
2839	10.583034
2840	10.583034
2841	10.583034
2842	10.583034
2843	10.583034
2844	10.583034
2845	10.583034
2846	10.583034
2847	10.583034
2848	10.583034
2849	10.583034
2850	10.583034
2851	10.583034
2852	10.583034
2853	10.583034
2854	10.583034
2855	10.583034
2856	10.583034
2857	10.583034
2858	10.583034
2859	10.583034
2860	10.583034
2861	10.583034
2862	10.583034
2863	10.583034
2864	10.583034
2865	10.583034
2866	10.583034
2867	10.583034
2868	10.583034
2869	10.583034
2870	10.583034
2871	10.583034
2872	10.583034
2873	10.583034
2874	10.583034
2875	10.583034
2876	10.583034
2877	10.583034
2878	10.583034
2879	10.583034
2880	10.583034
2881	10.583034
2882	10.583034
2883	10.583034
2884	10.583034
2885	10.583034
2886	10.583034
2887	10.583034
2888	10.583034
2889	10.583034
2890	10.583034
2891	10.583034
2892	10.583034
2893	10.583034
2894	10.583034
2895	10.583034
2896	10.583034
2897	10.583034
2898	10.583034
2899	10.583034
2900	10.583034
2901	10.583034
2902	10.583034
2903	10.583034
2904	10.583034
2905	10.583034
2906	10.583034
2907	10.583034
2908	10.583034
2909	10.583034
2910	10.583034
2911	10.583034
2912	10.583034
2913	10.583034
2914	10.583034
2915	10.583034
2916	10.583034
2917	10.583034
2918	10.583034
2919	10.583034
2920	10.583034
2921	10.583034
2922	10.583034
2923	10.583034
2924	10.583034
2925	10.583034
2926	10.583034
2927	10.583034
2928	10.583034
2929	10.583034
2930	10.583034
2931	10.583034
2932	10.583034
2933	10.583034
2934	10.583034
2935	10.583034
2936	10.583034
2937	10.583034
2938	10.583034
2939	10.583034
2940	10.583034
2941	10.583034
2942	10.583034
2943	10.583034
2944	10.583034
2945	10.583034
2946	10.583034
2947	10.583034
2948	10.583034
2949	10.583034
2950	10.583034
2951	10.583034
2952	10.583034
2953	10.583034
2954	10.583034
2955	10.583034
2956	10.583034
2957	10.583034
2958	10.583034
2959	10.583034
2960	10.583034
2961	10.583034
2962	10.583034
2963	10.583034
2964	10.583034
2965	10.583034
2966	10.583034
2967	10.583034
2968	10.583034
2969	10.583034
2970	10.583034
2971	10.583034
2972	10.583034
2973	10.583034
2974	10.583034
2975	10.583034
2976	10.583034
2977	10.583034
2978	10.583034
2979	10.583034
2980	10.583034
2981	10.583034
2982	10.583034
2983	10.583034
2984	10.583034
2985	10.583034
2986	10.583034
2987	10.583034
2988	10.583034
2989	10.583034
2990	10.583034
2991	10.583034
2992	10.583034
2993	10.583034
2994	10.583034
2995	10.583034
2996	10.583034
2997	10.583034
2998	10.583034
2999	10.583034
3000	10.583034
3001	10.583034
3002	10.583034
3003	10.583034
3004	10.583034
3005	10.583034
3006	10.583034
3007	10.583034
3008	10.583034
3009	10.583034
3010	10.583034
3011	10.583034
3012	10.583034
3013	10.583034
3014	10.583034
3015	10.583034
3016	10.583034
3017	10.583034
3018	10.583034
3019	10.583034
3020	10.583034
3021	10.583034
3022	10.583034
3023	10.583034
3024	10.583034
3025	10.583034
3026	10.583034
3027	10.583034
3028	10.583034
3029	10.583034
3030	10.583034
3031	10.583034
3032	10.583034
3033	10.583034
3034	10.583034
3035	10.583034
3036	10.583034
3037	10.583034
3038	10.583034
3039	10.583034
3040	10.583034
3041	10.583034
3042	10.583034
3043	10.583034
3044	10.583034
3045	10.583034
