1	8102152.0
2	7834085.0
3	7949797.0
4	7996594.0
5	8087080.0
6	8103237.0
7	8116320.0
8	8123430.0
9	8247330.0
10	8313699.0
11	8394699.0
12	8122515.0
13	8230173.0
14	8227055.0
15	8075609.0
16	7944767.0
17	8108197.0
18	7984782.0
19	7986145.0
20	7999129.0
21	8021646.0
22	7830172.0
23	7750264.0
24	7825624.0
25	7759806.0
26	7778436.0
27	7780448.0
28	7904705.0
29	7972267.0
30	7978167.0
31	8060847.0
32	8079090.0
33	8117618.0
34	8121183.0
35	8125237.0
36	7912154.0
37	7993170.0
38	7912634.0
39	7845280.0
40	7551796.0
41	7337224.0
42	7333736.0
43	7355546.0
44	7413845.0
45	7723037.0
46	7759342.0
47	8039386.0
48	8055927.0
49	8051654.0
50	8223906.0
51	8052169.0
52	8122369.0
53	8177098.0
54	8270666.0
55	8126243.0
56	7906357.0
57	7978729.0
58	8018409.0
59	8060979.0
60	8030187.0
61	8091638.0
62	7840136.0
63	7689253.0
64	7991996.0
65	7807981.0
66	7931771.0
67	7896681.0
68	7668609.0
69	7164013.0
70	7188978.0
71	7207314.0
72	7031472.0
73	7061901.0
74	7154151.0
75	7200099.0
76	7120560.0
77	6763713.0
78	6825122.0
79	6744341.0
80	6399462.0
81	6204939.0
82	6570161.0
83	6782185.0
84	6796393.0
85	7100814.0
86	6935820.0
87	6923506.0
88	6934114.0
89	7157190.0
90	7256598.0
91	7159848.0
92	7159848.0
93	7263816.0
94	7135292.0
95	7146244.0
96	7277590.0
97	7280020.0
98	7351466.0
99	7333316.0
100	7379516.0
101	7403430.0
102	7692351.0
103	7569535.0
104	7598291.0
105	7442910.0
106	7418186.0
107	7481619.0
108	7379432.0
109	7437800.0
110	7322280.0
111	7325804.0
112	7033571.0
113	6984305.0
114	6960752.0
115	6993069.0
116	7018941.0
117	7389181.0
118	7389181.0
119	7142620.0
120	7210770.0
121	7551772.0
122	7631952.0
123	7684040.0
124	7743297.0
125	7333342.0
126	7341682.0
127	7498171.0
128	7375227.0
129	7438227.0
130	7309275.0
131	7316106.0
132	7316735.0
133	7349329.0
134	7372030.0
135	7346431.0
136	7819838.0
137	7831968.0
138	7837003.0
139	7581303.0
140	7504731.0
141	7134795.0
142	7134008.0
143	7398524.0
144	7458899.0
145	7576935.0
146	7318059.0
147	7337949.0
148	7215970.0
149	7161660.0
150	7209133.0
151	7268128.0
152	7278027.0
153	7401381.0
154	7316792.0
155	7342955.0
156	7370289.0
157	7450632.0
158	7511973.0
159	7640405.0
160	7471379.0
161	7552757.0
162	7512197.0
163	7549376.0
164	7257504.0
165	7076926.0
166	7374352.0
167	7397893.0
168	7693905.0
169	7829816.0
170	7754979.0
171	7915522.0
172	8028825.0
173	7874666.0
174	7847032.0
175	8003982.0
176	8409624.0
177	8598386.0
178	8668438.0
179	8502870.0
180	8511470.0
181	8764294.0
182	8863829.0
183	8891360.0
184	8914094.0
185	8952462.0
186	8867207.0
187	8912594.0
188	8966904.0
189	8926293.0
190	8626701.0
191	8776396.0
192	8806825.0
193	8508135.0
194	8902967.0
195	8906087.0
196	8713722.0
197	8551111.0
198	9043160.0
199	8789211.0
200	8322369.0
201	8363274.0
202	8369570.0
203	8235842.0
204	8481902.0
205	8650730.0
206	8396915.0
207	8405859.0
208	8237581.0
209	8530197.0
210	8517617.0
211	8287772.0
212	8338326.0
213	8315592.0
214	8285163.0
215	8303561.0
216	8307275.0
217	8287972.0
218	8186128.0
219	8257840.0
220	8350842.0
221	8156578.0
222	7523952.0
223	7666561.0
224	7382309.0
225	7541695.0
226	7573653.0
227	7474437.0
228	7140869.0
229	7221536.0
230	7243145.0
231	7052985.0
232	7310064.0
233	7310685.0
234	7418583.0
235	7643652.0
236	7585536.0
237	7617419.0
238	7673306.0
239	7625546.0
240	7509755.0
241	7418132.0
242	7536905.0
243	7470987.0
244	7426164.0
245	7394281.0
246	7448659.0
247	7394281.0
248	7404312.0
249	7300539.0
250	7490732.0
251	7466849.0
252	7637989.0
253	7413119.0
254	7442657.0
255	7421048.0
256	7804083.0
257	7765207.0
258	7886762.0
259	7811811.0
260	7859611.0
261	7942957.0
262	7476958.0
263	7464061.0
264	7575133.0
265	7618029.0
266	7973619.0
267	7780368.0
268	7820978.0
269	8183970.0
270	8265566.0
271	8091922.0
272	8314920.0
273	8240794.0
274	8088514.0
275	8099007.0
276	7707985.0
277	7951953.0
278	8279827.0
279	8302805.0
280	8408582.0
281	7908584.0
282	7839362.0
283	7871762.0
284	7848784.0
285	8068479.0
286	8227683.0
287	8293138.0
288	8074523.0
289	8008156.0
290	7699567.0
291	7524230.0
292	7609071.0
293	7577824.0
294	7583280.0
295	7534939.0
296	7669283.0
297	7523636.0
298	7683055.0
299	7859925.0
300	8021957.0
301	8209647.0
302	8250812.0
303	8058399.0
304	7634376.0
305	7659183.0
306	7639537.0
307	7828347.0
308	7977383.0
309	7932833.0
310	7911624.0
311	7829832.0
312	7799240.0
313	7362879.0
314	7364364.0
315	7245951.0
316	7290774.0
317	7984320.0
318	7993872.0
319	8519033.0
320	8790914.0
321	8791870.0
322	8773957.0
323	8855699.0
324	8712972.0
325	8698381.0
326	8737426.0
327	8791615.0
328	8560123.0
329	8196714.0
330	8361088.0
331	8133233.0
332	8053036.0
333	7984636.0
334	8348045.0
335	8284504.0
336	8394209.0
337	8423845.0
338	8418206.0
339	8325107.0
340	8183925.0
341	8076084.0
342	8102649.0
343	8076084.0
344	8100212.0
345	8402986.0
346	8556202.0
347	8498809.0
348	8398092.0
349	8513837.0
350	8246761.0
351	8100841.0
352	8411903.0
353	8463446.0
354	8567606.0
355	8399258.0
356	8334307.0
357	8305135.0
358	8408908.0
359	8283752.0
360	7984659.0
361	8003223.0
362	7964355.0
363	8105211.0
364	7982981.0
365	8174303.0
366	8241371.0
367	8473166.0
368	8658037.0
369	8889529.0
370	8802340.0
371	8744351.0
372	8837255.0
373	7935597.0
374	7870083.0
375	7575961.0
376	8009184.0
377	8171357.0
378	8197439.0
379	8248589.0
380	8317686.0
381	8115354.0
382	7896478.0
383	7894921.0
384	7950418.0
385	7941339.0
386	7804266.0
387	8219940.0
388	8285390.0
389	8273087.0
390	8818497.0
391	8840349.0
392	8917486.0
393	9091284.0
394	9103860.0
395	9169276.0
396	9014957.0
397	8814337.0
398	8930015.0
399	8788601.0
400	8700245.0
401	8801418.0
402	8820768.0
403	8685678.0
404	8274380.0
405	8537657.0
406	8425547.0
407	7988873.0
408	7920310.0
409	7746035.0
410	8098025.0
411	8008827.0
412	8038551.0
413	8468590.0
414	8078644.0
415	8066520.0
416	8015370.0
417	8081261.0
418	8361597.0
419	8081604.0
420	7699997.0
421	7820241.0
422	7778913.0
423	7782893.0
424	7749596.0
425	7541243.0
426	7523099.0
427	7948471.0
428	8077012.0
429	8377522.0
430	8150038.0
431	8142177.0
432	8549329.0
433	8357278.0
434	8102194.0
435	8094137.0
436	7854782.0
437	8169977.0
438	8244857.0
439	8528380.0
440	8543080.0
441	8648139.0
442	8466632.0
443	8271303.0
444	8027335.0
445	8193121.0
446	8188104.0
447	8130354.0
448	8074999.0
449	8135899.0
450	8016990.0
451	8223536.0
452	8251374.0
453	8256744.0
454	8360249.0
455	8296199.0
456	8523855.0
457	8496017.0
458	8615108.0
459	8285585.0
460	8234621.0
461	7971995.0
462	7854585.0
463	7751598.0
464	7947575.0
465	7947575.0
466	7677695.0
467	7829830.0
468	8263649.0
469	8275123.0
470	8548694.0
471	8458989.0
472	8758719.0
473	8526924.0
474	8109050.0
475	8127113.0
476	7795691.0
477	7728224.0
478	7745507.0
479	7767116.0
480	8101539.0
481	8343003.0
482	8052751.0
483	7720518.0
484	7526878.0
485	7528447.0
486	7144830.0
487	7244390.0
488	7214166.0
489	7289046.0
490	7010025.0
491	6873473.0
492	6896129.0
493	6848337.0
494	6773457.0
495	6983926.0
496	6984854.0
497	6987433.0
498	7531918.0
499	7445353.0
500	7438586.0
501	7449578.0
502	7599338.0
503	7504082.0
504	7312135.0
505	7299015.0
506	7926637.0
507	8024839.0
508	8293757.0
509	8423566.0
510	8731181.0
511	8569944.0
512	8679800.0
513	8658191.0
514	8679800.0
515	8093239.0
516	7941969.0
517	8368482.0
518	8105186.0
519	8204026.0
520	8216194.0
521	8214959.0
522	8289839.0
523	7746829.0
524	7789221.0
525	7904257.0
526	7897740.0
527	7828490.0
528	7894946.0
529	7686961.0
530	7456119.0
531	7605200.0
532	7634576.0
533	7571335.0
534	7591334.0
535	7292149.0
536	7216865.0
537	7345634.0
538	7478033.0
539	7448568.0
540	7450516.0
541	7177966.0
542	7107361.0
543	6959902.0
544	7292226.0
545	7399359.0
546	7652887.0
547	7659987.0
548	7744940.0
549	7730457.0
550	7705162.0
551	7701257.0
552	7681324.0
553	7760924.0
554	7822115.0
555	7843770.0
556	7667058.0
557	7940662.0
558	8335605.0
559	8431722.0
560	8042389.0
561	8218115.0
562	8244764.0
563	8231274.0
564	8240149.0
565	8348708.0
566	8409739.0
567	8292103.0
568	8735595.0
569	8556863.0
570	8328044.0
571	8295426.0
572	8342058.0
573	8363490.0
574	8222001.0
575	8040911.0
576	8001598.0
577	7910295.0
578	7835415.0
579	7900827.0
580	7903671.0
581	7978551.0
582	8009923.0
583	7728533.0
584	7918037.0
585	8113337.0
586	8145614.0
587	8070734.0
588	8049302.0
589	7817778.0
590	7637254.0
591	7594896.0
592	7913590.0
593	7931602.0
594	8022682.0
595	8135714.0
596	8305690.0
597	8541792.0
598	8462804.0
599	8515937.0
600	8439149.0
601	9088224.0
602	9029904.0
603	8848007.0
604	8636682.0
605	8636452.0
606	8657884.0
607	8255128.0
608	8544194.0
609	8282596.0
610	8085387.0
611	8047007.0
612	8028995.0
613	8095879.0
614	8134259.0
615	8225939.0
616	8300819.0
617	8414849.0
618	8341827.0
619	8484508.0
620	8258471.0
621	8303827.0
622	8464391.0
623	8733703.0
624	8842348.0
625	8690509.0
626	8609118.0
627	8782296.0
628	8691576.0
629	8438048.0
630	8691576.0
631	8264771.0
632	8500211.0
633	8605084.0
634	8704960.0
635	8905588.0
636	8917188.0
637	8822514.0
638	8747634.0
639	8869056.0
640	8794725.0
641	8508945.0
642	8583825.0
643	8672305.0
644	8381319.0
645	8458156.0
646	8311218.0
647	8331957.0
648	8462277.0
649	8469010.0
650	7889678.0
651	7814798.0
652	7714600.0
653	8120550.0
654	8138847.0
655	8157747.0
656	8182995.0
657	8143381.0
658	8118133.0
659	7992962.0
660	7998587.0
661	8278592.0
662	8033622.0
663	7685059.0
664	7431531.0
665	7670505.0
666	7745385.0
667	7837449.0
668	7930093.0
669	8077693.0
670	7821153.0
671	7883011.0
672	7691625.0
673	7945153.0
674	7991082.0
675	8044611.0
676	8120446.0
677	8122696.0
678	8559531.0
679	8014669.0
680	7809613.0
681	8001048.0
682	7942349.0
683	7862261.0
684	7800769.0
685	7636518.0
686	7311747.0
687	7428796.0
688	7712317.0
689	7760653.0
690	7759294.0
691	7683459.0
692	7462403.0
693	7438139.0
694	7446955.0
695	7729672.0
696	7898676.0
697	7957916.0
698	8214791.0
699	8432927.0
700	8304968.0
701	8193699.0
702	8270098.0
703	8523862.0
704	8344958.0
705	8298761.0
706	8335150.0
707	8211113.0
708	8026332.0
709	8104734.0
710	7783683.0
711	7696741.0
712	7881522.0
713	7768045.0
714	7800084.0
715	7768045.0
716	8337586.0
717	8612695.0
718	8647144.0
719	8544885.0
720	8675628.0
721	8465136.0
722	8674417.0
723	8798454.0
724	8971754.0
725	8661104.0
726	8671844.0
727	8746724.0
728	8600868.0
729	8822087.0
730	8711238.0
731	8756330.0
732	8808790.0
733	8435641.0
734	8563609.0
735	8011403.0
736	7969887.0
737	7810666.0
738	8170066.0
739	8181252.0
740	8305294.0
741	8198086.0
742	7574894.0
743	7295186.0
744	7475528.0
745	7686425.0
746	7755337.0
747	7544663.0
748	7714660.0
749	7743741.0
750	7849527.0
751	7936697.0
752	7808729.0
753	7846738.0
754	7852957.0
755	7814889.0
756	7860595.0
757	7832952.0
758	7502495.0
759	7743725.0
760	7881726.0
761	7985507.0
762	8180806.0
763	8282570.0
764	8069702.0
765	8207583.0
766	8227361.0
767	7985974.0
768	7630131.0
769	7557139.0
770	7410475.0
771	7455223.0
772	7424378.0
773	7406649.0
774	7288622.0
775	7335326.0
776	7560010.0
777	7478098.0
778	7696739.0
779	7603757.0
780	7697068.0
781	7640459.0
782	7524629.0
783	7562559.0
784	7721679.0
785	7719959.0
786	7522360.0
787	7527728.0
788	7290202.0
789	7338538.0
790	7557494.0
791	8146760.0
792	8203711.0
793	8029427.0
794	8247888.0
795	8313797.0
796	8417414.0
797	8542437.0
798	8216674.0
799	8180655.0
800	8105775.0
801	7944585.0
802	7697868.0
803	7772748.0
804	8146861.0
805	8188074.0
806	8182706.0
807	8205378.0
808	8207807.0
809	8293799.0
810	7985441.0
811	8162501.0
812	8304251.0
813	8218400.0
814	8132408.0
815	8163684.0
816	8593652.0
817	8695260.0
818	8626634.0
819	8663813.0
820	8690403.0
821	8262408.0
822	7902218.0
823	7996302.0
824	7948336.0
825	7843802.0
826	7849170.0
827	7859700.0
828	7534929.0
829	7623411.0
830	7664282.0
831	8131803.0
832	8056923.0
833	8081169.0
834	8064513.0
835	8081026.0
836	7953042.0
837	8031535.0
838	8196856.0
839	7973144.0
840	7917524.0
841	7994874.0
842	8181443.0
843	8091436.0
844	8088423.0
845	8181553.0
846	8226994.0
847	8587184.0
848	8575045.0
849	8595615.0
850	8518265.0
851	8630096.0
852	8395153.0
853	8357815.0
854	8577992.0
855	8852073.0
856	8744025.0
857	8635788.0
858	8155439.0
859	8023061.0
860	7797913.0
861	7869553.0
862	7955029.0
863	8073679.0
864	7988055.0
865	7838301.0
866	7699621.0
867	7653774.0
868	7656335.0
869	7651331.0
870	7650219.0
871	7730497.0
872	7859393.0
873	7961893.0
874	7455187.0
875	7510491.0
876	7537709.0
877	7408813.0
878	7788034.0
879	7822849.0
880	7868130.0
881	8168757.0
882	8166240.0
883	8197246.0
884	8116968.0
885	8205577.0
886	7994389.0
887	8011909.0
888	7906489.0
889	7931589.0
890	8123504.0
891	8124508.0
892	8221535.0
893	8667556.0
894	8732632.0
895	8628920.0
896	8522853.0
897	8230732.0
898	8237158.0
899	8212058.0
900	8146982.0
901	8151623.0
902	8200295.0
903	8169052.0
904	8163947.0
905	8188043.0
906	8217575.0
907	8045080.0
908	8015548.0
909	7570748.0
910	7717770.0
911	8017927.0
912	8127050.0
913	8239817.0
914	8028279.0
915	8142717.0
916	8131650.0
917	8261750.0
918	7850616.0
919	7869966.0
920	7691865.0
921	7410164.0
922	7525834.0
923	7816670.0
924	7796139.0
925	7925035.0
926	7794646.0
927	7854078.0
928	7933688.0
929	7817671.0
930	7654576.0
931	7441324.0
932	7144234.0
933	6637932.0
934	6526216.0
935	6659596.0
936	7047371.0
937	7168583.0
938	7351379.0
939	7352315.0
940	7259183.0
941	7260611.0
942	7300863.0
943	7515471.0
944	7300863.0
945	7499630.0
946	7682361.0
947	7499447.0
948	7514132.0
949	7514318.0
950	7606971.0
951	7663885.0
952	7591228.0
953	7550976.0
954	7069647.0
955	6835225.0
956	6520202.0
957	6384484.0
958	6361765.0
959	6204517.0
960	6265753.0
961	6306005.0
962	6386280.0
963	6425592.0
964	6658745.0
965	6666369.0
966	6682055.0
967	6755303.0
968	6642007.0
969	6739533.0
970	6890426.0
971	6630672.0
972	6748608.0
973	6687372.0
974	6988087.0
975	6882852.0
976	7054042.0
977	7062986.0
978	7074596.0
979	6960453.0
980	7001612.0
981	7143026.0
982	7056969.0
983	7116108.0
984	7340593.0
985	7357217.0
986	7251026.0
987	7077182.0
988	7149145.0
989	7057689.0
990	7261318.0
991	7685848.0
992	7772545.0
993	7523335.0
994	7363008.0
995	7795000.0
996	7824696.0
997	7855972.0
998	7563587.0
999	7510479.0
1000	7605859.0
1001	7762913.0
1002	7678750.0
1003	7638498.0
1004	7832206.0
1005	7676491.0
1006	7650268.0
1007	8013064.0
1008	7606836.0
1009	7575560.0
1010	7567936.0
1011	7634003.0
1012	7623406.0
1013	7684694.0
1014	8120889.0
1015	8095838.0
1016	8032261.0
1017	8108677.0
1018	8108327.0
1019	7626548.0
1020	7846914.0
1021	8018111.0
1022	8219747.0
1023	8388178.0
1024	8500311.0
1025	8470057.0
1026	8607833.0
1027	8500771.0
1028	8442916.0
1029	8464452.0
1030	7813310.0
1031	7676215.0
1032	7556875.0
1033	7579473.0
1034	7624778.0
1035	7789703.0
1036	7640440.0
1037	7821355.0
1038	7806500.0
1039	7681391.0
1040	7660396.0
1041	7742877.0
1042	7737915.0
1043	7502941.0
1044	7334829.0
1045	7339249.0
1046	7269634.0
1047	7187658.0
1048	7463870.0
1049	7092934.0
1050	7188050.0
1051	7229058.0
1052	7335666.0
1053	7612841.0
1054	7630242.0
1055	7518603.0
1056	7538503.0
1057	7316104.0
1058	7985111.0
1059	7443804.0
1060	7481386.0
1061	8037282.0
1062	8712372.0
1063	8713974.0
1064	8612422.0
1065	8429696.0
1066	8264771.0
1067	8530919.0
1068	8440683.0
1069	7872563.0
1070	7856643.0
1071	7899843.0
1072	8079827.0
1073	8103933.0
1074	7765850.0
1075	7271800.0
1076	7202970.0
1077	7646287.0
1078	7142884.0
1079	7008158.0
1080	7107582.0
1081	7209882.0
1082	7311734.0
1083	7107476.0
1084	7151876.0
1085	7235072.0
1086	7235072.0
1087	7135648.0
1088	7235072.0
1089	6729990.0
1090	6729990.0
1091	6569753.0
1092	7248397.0
1093	7265302.0
1094	6826016.0
1095	6482972.0
1096	6751250.0
1097	7064091.0
1098	7274168.0
1099	7247993.0
1100	7444153.0
1101	7773147.0
1102	7787040.0
1103	7861806.0
1104	7986681.0
1105	8098320.0
1106	7977549.0
1107	7768599.0
1108	7462938.0
1109	7638358.0
1110	7474601.0
1111	7542742.0
1112	7112728.0
1113	7153324.0
1114	7180372.0
1115	7514319.0
1116	7389444.0
1117	7902490.0
1118	7911705.0
1119	8026729.0
1120	8229908.0
1121	8396378.0
1122	7666037.0
1123	7771144.0
1124	8033316.0
1125	8080042.0
1126	7899277.0
1127	8451089.0
1128	8182939.0
1129	8239156.0
1130	8209136.0
1131	8323314.0
1132	8410125.0
1133	8303262.0
1134	8427036.0
1135	7984178.0
1136	8162837.0
1137	8523658.0
1138	8464804.0
1139	8362994.0
1140	8468066.0
1141	8238468.0
1142	8322995.0
1143	8357486.0
1144	8297989.0
1145	8330695.0
1146	8358183.0
1147	7974463.0
1148	8005739.0
1149	7398047.0
1150	7644351.0
1151	7820607.0
1152	7500393.0
1153	7576809.0
1154	7865710.0
1155	7968358.0
1156	8103804.0
1157	7716484.0
1158	7896442.0
1159	7912118.0
1160	7927468.0
1161	8181516.0
1162	7843142.0
1163	7856647.0
1164	7648095.0
1165	7033791.0
1166	7050315.0
1167	7125297.0
1168	7295101.0
1169	7314745.0
1170	7320118.0
1171	7181045.0
1172	6768613.0
1173	6815199.0
1174	6889626.0
1175	6768558.0
1176	7233939.0
1177	7677660.0
1178	7713228.0
1179	7657441.0
1180	7981830.0
1181	7839430.0
1182	7480363.0
1183	7752797.0
1184	7496177.0
1185	7800081.0
1186	7777212.0
1187	7805116.0
1188	7817128.0
1189	7664893.0
1190	8114617.0
1191	8321373.0
1192	8507637.0
1193	8567307.0
1194	8155382.0
1195	7981547.0
1196	8158073.0
1197	8444259.0
1198	8613123.0
1199	8504119.0
1200	8436627.0
1201	7756656.0
1202	7834976.0
1203	8187746.0
1204	8294585.0
1205	8572849.0
1206	8476285.0
1207	8451116.0
1208	8557670.0
1209	8549112.0
1210	8574792.0
1211	8406198.0
1212	8561199.0
1213	8522819.0
1214	8608029.0
1215	8318217.0
1216	8522819.0
1217	8367818.0
1218	8137067.0
1219	8058747.0
1220	7876201.0
1221	7913964.0
1222	8428736.0
1223	8413866.0
1224	7857589.0
1225	7832488.0
1226	7593840.0
1227	7774875.0
1228	7747811.0
1229	7703671.0
1230	7710961.0
1231	7716417.0
1232	7736604.0
1233	7993403.0
1234	8181107.0
1235	7788079.0
1236	7855310.0
1237	7837066.0
1238	8091924.0
1239	8194856.0
1240	8008611.0
1241	8015241.0
1242	7978428.0
1243	7913391.0
1244	8107627.0
1245	7977481.0
1246	8200543.0
1247	8181638.0
1248	7910859.0
1249	7687797.0
1250	7768235.0
1251	7991297.0
1252	7928549.0
1253	7701398.0
1254	7779718.0
1255	7399641.0
1256	7530142.0
1257	7478601.0
1258	7485356.0
1259	7629273.0
1260	7722564.0
1261	7673856.0
1262	7813863.0
1263	7866151.0
1264	7736323.0
1265	7955980.0
1266	8029820.0
1267	7960970.0
1268	7983815.0
1269	8026949.0
1270	7946511.0
1271	7940591.0
1272	8284051.0
1273	8130705.0
1274	8168755.0
1275	8403303.0
1276	8279525.0
1277	8700389.0
1278	8502991.0
1279	8583429.0
1280	8577973.0
1281	8520892.0
1282	8531675.0
1283	8534063.0
1284	8379055.0
1285	8095546.0
1286	8303692.0
1287	8343944.0
1288	8432286.0
1289	8779342.0
1290	8465012.0
1291	8436288.0
1292	8412793.0
1293	8134204.0
1294	8455380.0
1295	8596077.0
1296	8638632.0
1297	8699868.0
1298	8470620.0
1299	8305299.0
1300	8427599.0
1301	8117959.0
1302	8066150.0
1303	7940581.0
1304	8056569.0
1305	8087511.0
1306	7850354.0
1307	7861090.0
1308	8160386.0
1309	7932674.0
1310	8123996.0
1311	8011247.0
1312	7646700.0
1313	7635250.0
1314	7627240.0
1315	7929705.0
1316	7861145.0
1317	7693402.0
1318	7813116.0
1319	7707920.0
1320	7731000.0
1321	7856569.0
1322	7643440.0
1323	7397244.0
1324	7222631.0
1325	7093123.0
1326	7350164.0
1327	7262432.0
1328	7559476.0
1329	7811428.0
1330	7882058.0
1331	7923367.0
1332	7601435.0
1333	7811240.0
1334	8017589.0
1335	7920364.0
1336	7716202.0
1337	8058081.0
1338	8288236.0
1339	8387044.0
1340	8164726.0
1341	8340711.0
1342	8321105.0
1343	8343549.0
1344	8350380.0
1345	8367096.0
1346	8558008.0
1347	8258608.0
1348	8442235.0
1349	8346317.0
1350	8267885.0
1351	8260908.0
1352	8292808.0
1353	8262213.0
1354	8489499.0
1355	8200316.0
1356	7876515.0
1357	7993204.0
1358	7963564.0
1359	7869315.0
1360	7719197.0
1361	7365217.0
1362	7849871.0
1363	7895289.0
1364	8010144.0
1365	8267293.0
1366	8390725.0
1367	8472612.0
1368	8511588.0
1369	8381928.0
1370	8124779.0
1371	8224814.0
1372	8189943.0
1373	7977523.0
1374	7802491.0
1375	7636173.0
1376	7392000.0
1377	7545750.0
1378	7521897.0
1379	7612852.0
1380	7894993.0
1381	7737029.0
1382	7810973.0
1383	8016540.0
1384	8115548.0
1385	8082205.0
1386	7951462.0
1387	8116813.0
1388	8288360.0
1389	8301410.0
1390	8466785.0
1391	8319127.0
1392	8122311.0
1393	8268999.0
1394	8217458.0
1395	8068098.0
1396	7886212.0
1397	8158411.0
1398	8150826.0
1399	8076808.0
1400	7927021.0
1401	8184296.0
1402	8458094.0
1403	7838754.0
1404	7638634.0
1405	7728178.0
1406	7817488.0
1407	7702066.0
1408	7540740.0
1409	7827800.0
1410	7928888.0
1411	7814799.0
1412	7901511.0
1413	7812201.0
1414	7738838.0
1415	7542720.0
1416	7214607.0
1417	7317372.0
1418	7123021.0
1419	6717183.0
1420	6600768.0
1421	6622680.0
1422	6766471.0
1423	6502490.0
1424	6724010.0
1425	6749812.0
1426	6898067.0
1427	7036499.0
1428	6901378.0
1429	6932563.0
1430	6919513.0
1431	7395877.0
1432	7431657.0
1433	6664018.0
1434	6780958.0
1435	7042611.0
1436	7101455.0
1437	6971332.0
1438	7233464.0
1439	7245465.0
1440	7255995.0
1441	7221444.0
1442	7342072.0
1443	7444955.0
1444	8062207.0
1445	8374518.0
1446	8938620.0
1447	8762632.0
1448	8999769.0
1449	8884946.0
1450	8704736.0
1451	8609345.0
1452	8247665.0
1453	8148657.0
1454	8252332.0
1455	8328249.0
1456	8337471.0
1457	8428021.0
1458	8365137.0
1459	8682818.0
1460	8556386.0
1461	8621496.0
1462	8352295.0
1463	8426159.0
1464	8426736.0
1465	8410932.0
1466	8680133.0
1467	8762539.0
1468	9095068.0
1469	8903232.0
1470	8796512.0
1471	8953376.0
1472	9023454.0
1473	8917903.0
1474	8793202.0
1475	8599172.0
1476	8639699.0
1477	8410785.0
1478	8389947.0
1479	8163607.0
1480	8961077.0
1481	8779881.0
1482	8684481.0
1483	8613242.0
1484	8634674.0
1485	8854419.0
1486	8856552.0
1487	8205932.0
1488	8184500.0
1489	8304580.0
1490	8350060.0
1491	8229200.0
1492	7867365.0
1493	7923792.0
1494	7978223.0
1495	7771947.0
1496	7956161.0
1497	7422667.0
1498	7437395.0
1499	7473900.0
1500	7631332.0
1501	7627804.0
1502	7640405.0
1503	7564712.0
1504	7586144.0
1505	7659962.0
1506	7745411.0
1507	7846113.0
1508	8112412.0
1509	8157407.0
1510	8017625.0
1511	8238240.0
1512	8204499.0
1513	8347381.0
1514	8299905.0
1515	8297772.0
1516	8642732.0
1517	8393829.0
1518	8604462.0
1519	8324599.0
1520	8349008.0
1521	8650228.0
1522	8802872.0
1523	8917189.0
1524	8844365.0
1525	8870301.0
1526	8653800.0
1527	8354133.0
1528	8215864.0
1529	8046515.0
1530	8356059.0
1531	8410187.0
1532	8223724.0
1533	8331705.0
1534	8465849.0
1535	8160926.0
1536	8184422.0
1537	8290377.0
1538	8399236.0
1539	8433560.0
1540	8421210.0
1541	8300243.0
1542	8323566.0
1543	8220285.0
1544	8010738.0
1545	7804972.0
1546	7724775.0
1547	7486185.0
1548	7734990.0
1549	7580122.0
1550	7597547.0
1551	7639550.0
1552	7751324.0
1553	7476587.0
1554	7031634.0
1555	6775796.0
1556	6633113.0
1557	6894429.0
1558	6982175.0
1559	6991407.0
1560	6878599.0
1561	6578313.0
1562	6730497.0
1563	6761089.0
1564	6975417.0
1565	6959960.0
1566	6974590.0
1567	7136321.0
1568	7471830.0
1569	7706053.0
1570	7440938.0
1571	7364025.0
1572	7333433.0
1573	7131505.0
1574	7125721.0
1575	7268891.0
1576	7285143.0
1577	7444063.0
1578	7393141.0
1579	7796165.0
1580	7799391.0
1581	7827172.0
1582	7838116.0
1583	7891933.0
1584	8007044.0
1585	7577964.0
1586	7725643.0
1587	7810615.0
1588	7406009.0
1589	7374155.0
1590	7405439.0
1591	7722762.0
1592	7862699.0
1593	7921390.0
1594	7930334.0
1595	8084158.0
1596	7976835.0
1597	7983660.0
1598	7978875.0
1599	7713346.0
1600	7664314.0
1601	7827742.0
1602	7521282.0
1603	7181350.0
1604	7418182.0
1605	7247992.0
1606	7647844.0
1607	7422836.0
1608	7449926.0
1609	7540471.0
1610	7554811.0
1611	7715934.0
1612	7737238.0
1613	8467586.0
1614	8220358.0
1615	8423731.0
1616	8495053.0
1617	8558015.0
1618	8654155.0
1619	9075218.0
1620	9452084.0
1621	9460129.0
1622	9240042.0
1623	9380536.0
1624	9317577.0
1625	9335521.0
1626	9343001.0
1627	9261196.0
1628	9038005.0
1629	9013308.0
1630	8971319.0
1631	8961767.0
1632	9453574.0
1633	9188060.0
1634	9170116.0
1635	8794205.0
1636	8831241.0
1637	9122966.0
1638	8852525.0
1639	9302523.0
1640	9189690.0
1641	9084642.0
1642	8640651.0
1643	8103144.0
1644	7856840.0
1645	8044074.0
1646	8227210.0
1647	8196068.0
1648	8512080.0
1649	8327940.0
1650	8255760.0
1651	8248367.0
1652	8203107.0
1653	8208277.0
1654	9089237.0
1655	9254931.0
1656	9450605.0
1657	9389263.0
1658	9439812.0
1659	9137232.0
1660	9147968.0
1661	8560050.0
1662	8553086.0
1663	8753490.0
1664	8954684.0
1665	8968064.0
1666	9259254.0
1667	8355154.0
1668	8171494.0
1669	8161511.0
1670	7712736.0
1671	7780516.0
1672	7442616.0
1673	7692003.0
1674	7910889.0
1675	8119556.0
1676	7930157.0
1677	8090566.0
1678	7678963.0
1679	7781689.0
1680	7700333.0
1681	7946422.0
1682	7988992.0
1683	8412418.0
1684	8175608.0
1685	7782628.0
1686	7797919.0
1687	7711275.0
1688	7618292.0
1689	7649590.0
1690	7967296.0
1691	7878691.0
1692	7960136.0
1693	8255054.0
1694	8390359.0
1695	8336726.0
1696	8524809.0
1697	8367672.0
1698	8284892.0
1699	8411050.0
1700	8098957.0
1701	8268289.0
1702	7966301.0
1703	8096849.0
1704	8408908.0
1705	8476415.0
1706	8455861.0
1707	8168719.0
1708	8400515.0
1709	8458027.0
1710	8545924.0
1711	8572312.0
1712	8653690.0
1713	8430225.0
1714	8075353.0
1715	8096425.0
1716	8280450.0
1717	8035522.0
1718	8014882.0
1719	8041435.0
1720	8068060.0
1721	7866664.0
1722	7962446.0
1723	8032590.0
1724	7777674.0
1725	7816944.0
1726	7927384.0
1727	8072804.0
1728	8131512.0
1729	8148418.0
1730	8518956.0
1731	8423174.0
1732	8480706.0
1733	8479254.0
1734	8152601.0
1735	8122398.0
1736	7870663.0
1737	8443792.0
1738	8096254.0
1739	8128374.0
1740	7639854.0
1741	6736022.0
1742	6844812.0
1743	6812619.0
1744	6959759.0
1745	6851063.0
1746	6893601.0
1747	7191950.0
1748	7336214.0
1749	7834254.0
1750	7646796.0
1751	7467086.0
1752	7410172.0
1753	7533922.0
1754	7575874.0
1755	7775721.0
1756	7878021.0
1757	8015991.0
1758	7844713.0
1759	7486207.0
1760	7362769.0
1761	7406838.0
1762	7463752.0
1763	7538097.0
1764	7622852.0
1765	8115619.0
1766	8122279.0
1767	8427909.0
1768	8468343.0
1769	8411429.0
1770	8374537.0
1771	8392600.0
1772	8471080.0
1773	8510661.0
1774	8431412.0
1775	8195796.0
1776	8207565.0
1777	7944287.0
1778	8043903.0
1779	7897241.0
1780	7729286.0
1781	7891471.0
1782	8450028.0
1783	8085340.0
1784	8270552.0
1785	8052553.0
1786	7972403.0
1787	7952899.0
1788	7874419.0
1789	8481966.0
1790	8649390.0
1791	8479691.0
1792	8253681.0
1793	8022163.0
1794	7978519.0
1795	7808446.0
1796	7755447.0
1797	7954549.0
1798	8317472.0
1799	8145751.0
1800	8090476.0
1801	7867792.0
1802	8080444.0
1803	7979949.0
1804	7908627.0
1805	8277624.0
1806	7872062.0
1807	7919532.0
1808	7875597.0
1809	8018505.0
1810	8101851.0
1811	8430002.0
1812	8503336.0
1813	8473151.0
1814	8655806.0
1815	8716254.0
1816	8545390.0
1817	8580398.0
1818	8731620.0
1819	8736670.0
1820	8653324.0
1821	8410367.0
1822	7951117.0
1823	8522623.0
1824	9048320.0
1825	8985562.0
1826	8649973.0
1827	7996092.0
1828	8147034.0
1829	8354395.0
1830	8266096.0
1831	7988372.0
1832	8093140.0
1833	8095052.0
1834	8101145.0
1835	8201297.0
1836	8207507.0
1837	8144365.0
1838	8154117.0
1839	8049349.0
1840	8477621.0
1841	8255989.0
1842	7739562.0
1843	7792785.0
1844	7949678.0
1845	7882941.0
1846	7892864.0
1847	7861327.0
1848	7949482.0
1849	7939730.0
1850	8235842.0
1851	8009246.0
1852	8040783.0
1853	7618306.0
1854	7366589.0
1855	7560772.0
1856	7536115.0
1857	7725110.0
1858	7836526.0
1859	7693843.0
1860	7433153.0
1861	7517458.0
1862	7789095.0
1863	8100791.0
1864	7699679.0
1865	7584633.0
1866	7720461.0
1867	7690372.0
1868	8108363.0
1869	8138452.0
1870	8576327.0
1871	8439415.0
1872	8516211.0
1873	8518097.0
1874	8539735.0
1875	8212859.0
1876	8298171.0
1877	8317418.0
1878	8147118.0
1879	8061806.0
1880	7669918.0
1881	7759358.0
1882	7894154.0
1883	8445966.0
1884	8576100.0
1885	8689916.0
1886	8497483.0
1887	8425592.0
1888	8234566.0
1889	8127552.0
1890	8418096.0
1891	8439459.0
1892	8633919.0
1893	8685069.0
1894	8677109.0
1895	8723079.0
1896	8464777.0
1897	8422390.0
1898	8044624.0
1899	8036996.0
1900	8003476.0
1901	7604637.0
1902	8058311.0
1903	7709464.0
1904	7840192.0
1905	7880179.0
1906	7749451.0
1907	7780225.0
1908	7796147.0
1909	7744997.0
1910	7796147.0
1911	8100814.0
1912	7749744.0
1913	7819991.0
1914	7377736.0
1915	7312337.0
1916	7281492.0
1917	7230342.0
1918	7255455.0
1919	7114990.0
1920	6992084.0
1921	6904322.0
1922	7073642.0
1923	7089868.0
1924	7220596.0
1925	7198940.0
1926	7286511.0
1927	7457956.0
1928	7460899.0
1929	7324062.0
1930	7239537.0
1931	7248885.0
1932	7311341.0
1933	7419647.0
1934	7357601.0
1935	7350003.0
1936	7677510.0
1937	7580422.0
1938	7636775.0
1939	7512374.0
1940	7554944.0
1941	7090809.0
1942	6993074.0
1943	6710802.0
1944	6777796.0
1945	6812862.0
1946	6883299.0
1947	6627783.0
1948	6716386.0
1949	6724090.0
1950	6798853.0
1951	6685846.0
1952	6698462.0
1953	6605345.0
1954	6499512.0
1955	6652568.0
1956	6955844.0
1957	6988408.0
1958	7005054.0
1959	7173280.0
1960	7261009.0
1961	7415632.0
1962	7065989.0
1963	7139258.0
1964	7375420.0
1965	7139258.0
1966	7187467.0
1967	7050259.0
1968	7110887.0
1969	7126262.0
1970	7428327.0
1971	7238742.0
1972	7083828.0
1973	7068453.0
1974	7102180.0
1975	7353951.0
1976	7532056.0
1977	7697823.0
1978	7754093.0
1979	7712125.0
1980	7900617.0
1981	7779665.0
1982	7781486.0
1983	7821870.0
1984	7995085.0
1985	7954701.0
1986	8230278.0
1987	8270321.0
1988	8447374.0
1989	8225211.0
1990	8198768.0
1991	8420931.0
1992	8441523.0
1993	8575411.0
1994	8353128.0
1995	8124855.0
1996	7968523.0
1997	7799882.0
1998	7817172.0
1999	7558098.0
2000	7537506.0
2001	7596006.0
2002	7515834.0
2003	7385600.0
2004	7297418.0
2005	7354748.0
2006	7497956.0
2007	7550555.0
2008	7528260.0
2009	7897451.0
2010	7965298.0
2011	8284058.0
2012	8283882.0
2013	8368298.0
2014	8753136.0
2015	8855087.0
2016	8354302.0
2017	8211094.0
2018	8225416.0
2019	7906656.0
2020	7842735.0
2021	7611515.0
2022	7801082.0
2023	7598484.0
2024	7584162.0
2025	7904165.0
2026	8107952.0
2027	8277681.0
2028	7853590.0
2029	8076085.0
2030	8239677.0
2031	8234759.0
2032	8278913.0
2033	7979967.0
2034	8051010.0
2035	8077452.0
2036	8072551.0
2037	8351227.0
2038	8227532.0
2039	8198677.0
2040	8027832.0
2041	7915596.0
2042	7463243.0
2043	7342148.0
2044	7344562.0
2045	7259537.0
2046	7410644.0
2047	7766787.0
2048	8221303.0
2049	8341453.0
2050	8427271.0
2051	8428513.0
2052	8805803.0
2053	8844549.0
2054	8631945.0
2055	8782787.0
2056	8524603.0
2057	8626395.0
2058	8719200.0
2059	8598942.0
2060	8586654.0
2061	8655562.0
2062	8709747.0
2063	8724260.0
2064	8745869.0
2065	8579954.0
2066	8361255.0
2067	7705321.0
2068	7848529.0
2069	7847462.0
2070	7732709.0
2071	7665283.0
2072	7645339.0
2073	7663351.0
2074	7594937.0
2075	7650935.0
2076	7809144.0
2077	8242746.0
2078	7968246.0
2079	8407638.0
2080	8496918.0
2081	8716066.0
2082	8858046.0
2083	8885212.0
2084	8347225.0
2085	8266978.0
2086	8480912.0
2087	8568879.0
2088	8421290.0
2089	8500094.0
2090	8190703.0
2091	8216383.0
2092	7776991.0
2093	7822761.0
2094	8262153.0
2095	8273121.0
2096	8216544.0
2097	8140350.0
2098	8246815.0
2099	8384119.0
2100	8134901.0
2101	8200196.0
2102	8179881.0
2103	8058057.0
2104	8065170.0
2105	7922655.0
2106	7791354.0
2107	7831236.0
2108	7563580.0
2109	7475414.0
2110	7307035.0
2111	7128532.0
2112	7158489.0
2113	7163654.0
2114	7373848.0
2115	7468884.0
2116	7845922.0
2117	7641745.0
2118	7779121.0
2119	7605276.0
2120	7549503.0
2121	7572003.0
2122	7498399.0
2123	7350823.0
2124	7417531.0
2125	7513003.0
2126	7422121.0
2127	7440133.0
2128	7203331.0
2129	7280388.0
2130	7670690.0
2131	7501877.0
2132	7536197.0
2133	7621571.0
2134	7780700.0
2135	7802200.0
2136	7857973.0
2137	7969366.0
2138	7964585.0
2139	7888498.0
2140	7848508.0
2141	7230261.0
2142	7559912.0
2143	7423385.0
2144	7410056.0
2145	7162898.0
2146	7188638.0
2147	6994504.0
2148	7102126.0
2149	7320807.0
2150	7242729.0
2151	7358623.0
2152	7463615.0
2153	7467047.0
2154	7488656.0
2155	7574239.0
2156	7470442.0
2157	7459523.0
2158	6900671.0
2159	6757841.0
2160	7139921.0
2161	7135637.0
2162	6753557.0
2163	6632052.0
2164	6637212.0
2165	7188993.0
2166	7143418.0
2167	7649104.0
2168	7345349.0
2169	7489170.0
2170	7369762.0
2171	7559259.0
2172	7664222.0
2173	7817126.0
2174	7634064.0
2175	7672611.0
2176	7791091.0
2177	7849060.0
2178	7743881.0
2179	7623399.0
2180	7479578.0
2181	7513098.0
2182	7516169.0
2183	7357922.0
2184	7276770.0
2185	7719332.0
2186	7666766.0
2187	7675028.0
2188	7461809.0
2189	7647133.0
2190	7686710.0
2191	7412203.0
2192	7171981.0
2193	7211621.0
2194	7249936.0
2195	7024765.0
2196	7041465.0
2197	7442805.0
2198	7717312.0
2199	7659699.0
2200	7665960.0
2201	7723998.0
2202	7744658.0
2203	7662152.0
2204	7460134.0
2205	7345994.0
2206	7661936.0
2207	7501194.0
2208	7349562.0
2209	7164238.0
2210	7486686.0
2211	7532391.0
2212	7674171.0
2213	7426779.0
2214	7459341.0
2215	7628389.0
2216	7638141.0
2217	7917899.0
2218	7931483.0
2219	8080415.0
2220	8190056.0
2221	7981622.0
2222	7826137.0
2223	8159637.0
2224	8302519.0
2225	8362724.0
2226	8382823.0
2227	8397551.0
2228	8254669.0
2229	8007137.0
2230	7789377.0
2231	7483659.0
2232	7531014.0
2233	7487089.0
2234	7405841.0
2235	7109383.0
2236	6980365.0
2237	7036324.0
2238	7245925.0
2239	7345333.0
2240	7387981.0
2241	7791302.0
2242	7704842.0
2243	7605434.0
2244	7454666.0
2245	7460056.0
2246	7426096.0
2247	7259790.0
2248	7307769.0
2249	7683948.0
2250	8081980.0
2251	8181388.0
2252	7935078.0
2253	7957542.0
2254	7554221.0
2255	7411246.0
2256	7268582.0
2257	7854585.0
2258	8001093.0
2259	7907118.0
2260	7365722.0
2261	7732502.0
2262	7612529.0
2263	7673389.0
2264	7591468.0
2265	7682748.0
2266	7621964.0
2267	7523468.0
2268	7552913.0
2269	7570976.0
2270	7872542.0
2271	7812646.0
2272	8011078.0
2273	7980246.0
2274	8011710.0
2275	8006222.0
2276	7851461.0
2277	7881757.0
2278	7779599.0
2279	7830344.0
2280	8456170.0
2281	8471068.0
2282	8298897.0
2283	8115383.0
2284	8015087.0
2285	8150280.0
2286	7984520.0
2287	8110713.0
2288	8302051.0
2289	8540636.0
2290	8579065.0
2291	8585925.0
2292	8648744.0
2293	8480191.0
2294	8455367.0
2295	7852654.0
2296	7835987.0
2297	7417626.0
2298	6885213.0
2299	6742260.0
2300	7130493.0
2301	7111190.0
2302	7385078.0
2303	7748905.0
2304	7740547.0
2305	7798714.0
2306	7852791.0
2307	7889904.0
2308	7930288.0
2309	7994070.0
2310	7926871.0
2311	7972249.0
2312	7961899.0
2313	7975962.0
2314	8153220.0
2315	7895889.0
2316	7900974.0
2317	7897924.0
2318	7947094.0
2319	8111822.0
2320	8336301.0
2321	8743822.0
2322	8752354.0
2323	8667922.0
2324	8921143.0
2325	8506763.0
2326	8242612.0
2327	8146097.0
2328	8154011.0
2329	8013716.0
2330	7713013.0
2331	7713013.0
2332	7672629.0
2333	7798629.0
2334	7764957.0
2335	7781682.0
2336	7801032.0
2337	7931219.0
2338	8213922.0
2339	8809530.0
2340	8849914.0
2341	8695689.0
2342	8847008.0
2343	8806624.0
2344	8859607.0
2345	8823444.0
2346	8786231.0
2347	8826615.0
2348	8846828.0
2349	8806444.0
2350	8820741.0
2351	8705520.0
2352	8605503.0
2353	8883325.0
2354	8579402.0
2355	8715644.0
2356	8756028.0
2357	8114547.0
2358	8082002.0
2359	8025027.0
2360	8074284.0
2361	8248295.0
2362	8124927.0
2363	7960091.0
2364	8006181.0
2365	8136276.0
2366	8180470.0
2367	8177066.0
2368	8283392.0
2369	8295547.0
2370	8398924.0
2371	8405374.0
2372	8127299.0
2373	8059154.0
2374	8277466.0
2375	8397478.0
2376	8409259.0
2377	8453673.0
2378	8449781.0
2379	8465671.0
2380	8425287.0
2381	8390595.0
2382	8564441.0
2383	8686075.0
2384	8758910.0
2385	8789714.0
2386	8700791.0
2387	8596913.0
2388	8656793.0
2389	8658527.0
2390	8391377.0
2391	8405097.0
2392	8551760.0
2393	8263299.0
2394	8310824.0
2395	8274366.0
2396	8148441.0
2397	8043920.0
2398	7902343.0
2399	7731354.0
2400	7671242.0
2401	7664225.0
2402	7379619.0
2403	7412983.0
2404	7453380.0
2405	7776282.0
2406	7770342.0
2407	7833823.0
2408	7847165.0
2409	7990205.0
2410	8157074.0
2411	8156921.0
2412	8161005.0
2413	8454904.0
2414	8626957.0
2415	8564456.0
2416	8526711.0
2417	8723423.0
2418	8736221.0
2419	8219987.0
2420	8495403.0
2421	8349447.0
2422	8340948.0
2423	8441289.0
2424	8516308.0
2425	8778141.0
2426	8862389.0
2427	8906792.0
2428	8849247.0
2429	9529931.0
2430	9256973.0
2431	9483605.0
2432	9480992.0
2433	9433573.0
2434	9220510.0
2435	9377785.0
2436	8893839.0
2437	8649875.0
2438	8539670.0
2439	8479532.0
2440	8565478.0
2441	8380607.0
2442	8399957.0
2443	8564066.0
2444	8514676.0
2445	8742882.0
2446	8832881.0
2447	8752632.0
2448	8719754.0
2449	8812727.0
2450	8760395.0
2451	8705898.0
2452	8657778.0
2453	8611013.0
2454	8612435.0
2455	8638496.0
2456	8864415.0
2457	8654405.0
2458	8564656.0
2459	8256007.0
2460	8561628.0
2461	8790322.0
2462	8880867.0
2463	8909230.0
2464	8720777.0
2465	8849673.0
2466	8921703.0
2467	8597098.0
2468	8670529.0
2469	8351341.0
2470	8535889.0
2471	8668317.0
2472	8727936.0
2473	8585188.0
2474	8517908.0
2475	8663966.0
2476	8591121.0
2477	8568667.0
2478	8571697.0
2479	8708576.0
2480	8848701.0
2481	8357455.0
2482	8314386.0
2483	8242728.0
2484	8434134.0
2485	8911336.0
2486	8545029.0
2487	8542990.0
2488	8362324.0
2489	8382436.0
2490	8199942.0
2491	8362363.0
2492	8355391.0
2493	8358421.0
2494	8255079.0
2495	8189227.0
2496	7961471.0
2497	8420721.0
2498	8350302.0
2499	8084363.0
2500	8082324.0
2501	7680490.0
2502	7551594.0
2503	7655255.0
2504	7585723.0
2505	7895154.0
2506	8107401.0
2507	8318646.0
2508	8347103.0
2509	8674083.0
2510	8643024.0
2511	8663373.0
2512	8519276.0
2513	7880396.0
2514	7910825.0
2515	8230573.0
2516	8205202.0
2517	7929771.0
2518	7932801.0
2519	7914951.0
2520	7652010.0
2521	7755810.0
2522	7884706.0
2523	7908268.0
2524	7881493.0
2525	8630296.0
2526	8324241.0
2527	7542615.0
2528	7472787.0
2529	7510344.0
2530	7478602.0
2531	7380520.0
2532	7567514.0
2533	7578581.0
2534	7567157.0
2535	7588909.0
2536	8115579.0
2537	8432670.0
2538	8410918.0
2539	8512644.0
2540	8536304.0
2541	8543805.0
2542	8234188.0
2543	8178479.0
2544	8028024.0
2545	7939111.0
2546	7960863.0
2547	7812756.0
2548	7703704.0
2549	7861649.0
2550	7647417.0
2551	7806418.0
2552	7396494.0
2553	7299558.0
2554	7413313.0
2555	7351491.0
2556	7271116.0
2557	6790730.0
2558	6916358.0
2559	7038480.0
2560	7195340.0
2561	7045621.0
2562	7074502.0
2563	6935540.0
2564	6945349.0
2565	6937848.0
2566	7072043.0
2567	7183429.0
2568	7236679.0
2569	7257451.0
2570	7686296.0
2571	7842286.0
2572	7833382.0
2573	7565176.0
2574	7662989.0
2575	7515759.0
2576	7393637.0
2577	7259303.0
2578	7060960.0
2579	7015377.0
2580	6901009.0
2581	6958957.0
2582	6823239.0
2583	6780189.0
2584	6960549.0
2585	6963434.0
2586	7008446.0
2587	6543160.0
2588	6408965.0
2589	6502984.0
2590	6517604.0
2591	6527152.0
2592	6386168.0
2593	6115343.0
2594	6234006.0
2595	6227542.0
2596	6160860.0
2597	6221610.0
2598	6247860.0
2599	6221610.0
2600	6051849.0
2601	6294693.0
2602	6494477.0
2603	6472725.0
2604	6459769.0
2605	6491045.0
2606	6459769.0
2607	6289197.0
2608	6320473.0
2609	6316729.0
2610	6578767.0
2611	6659925.0
2612	7061319.0
2613	7014791.0
2614	7171311.0
2615	7074650.0
2616	7235951.0
2617	7293751.0
2618	7323547.0
2619	7629717.0
2620	7873013.0
2621	7890743.0
2622	8073443.0
2623	8119971.0
2624	7792369.0
2625	7944417.0
2626	8209433.0
2627	8285539.0
2628	8278984.0
2629	8301248.0
2630	7997738.0
2631	8254109.0
2632	8230640.0
2633	8297106.0
2634	8407850.0
2635	8205900.0
2636	8344535.0
2637	8027811.0
2638	7934164.0
2639	7273861.0
2640	7273091.0
2641	7214860.0
2642	6977516.0
2643	7398448.0
2644	7492490.0
2645	7589608.0
2646	7440126.0
2647	7050372.0
2648	7629743.0
2649	7840583.0
2650	7887704.0
2651	7890398.0
2652	7917821.0
2653	8028115.0
2654	8338386.0
2655	8206250.0
2656	7895979.0
2657	7918243.0
2658	8445096.0
2659	7934042.0
2660	7970292.0
2661	7942869.0
2662	8160146.0
2663	8180558.0
2664	8372174.0
2665	8729626.0
2666	9229496.0
2667	8575383.0
2668	8897564.0
2669	8345753.0
2670	8373176.0
2671	8115485.0
2672	8088062.0
2673	8026469.0
2674	7943309.0
2675	7922897.0
2676	8068170.0
2677	8229441.0
2678	7869371.0
2679	7869371.0
2680	7439157.0
2681	7300352.0
2682	7382143.0
2683	7862916.0
2684	7646784.0
2685	7902682.0
2686	7760968.0
2687	7770103.0
2688	7496083.0
2689	7433808.0
2690	7368938.0
2691	7383706.0
2692	7505330.0
2693	7300578.0
2694	7434686.0
2695	7754344.0
2696	7813816.0
2697	7861323.0
2698	8591283.0
2699	8662065.0
2700	7992141.0
2701	7883066.0
2702	7909732.0
2703	8017525.0
2704	8217719.0
2705	8253566.0
2706	8017180.0
2707	8084896.0
2708	8036170.0
2709	8100100.0
2710	8034217.0
2711	8313748.0
2712	8312317.0
2713	8316747.0
2714	8342812.0
2715	8302012.0
2716	8252706.0
2717	8403806.0
2718	8504470.0
2719	8305370.0
2720	8184431.0
2721	8189495.0
2722	8085542.0
2723	8053464.0
2724	7951178.0
2725	8088721.0
2726	7825508.0
2727	8066327.0
2728	7990966.0
2729	7343310.0
2730	7242045.0
2731	7047758.0
2732	7067108.0
2733	7069483.0
2734	7232608.0
2735	7247752.0
2736	7248463.0
2737	7106183.0
2738	7246988.0
2739	7167424.0
2740	7185594.0
2741	7259232.0
2742	7567444.0
2743	7568590.0
2744	7520911.0
2745	7883327.0
2746	7879303.0
2747	7879035.0
2748	8013571.0
2749	8051138.0
2750	8039681.0
2751	8084033.0
2752	7747559.0
2753	7586712.0
2754	7552536.0
2755	7591941.0
