1	8104046.0
2	7760625.0
3	7868833.0
4	7925834.0
5	7997738.0
6	8016228.0
7	8071632.0
8	8172588.0
9	8261798.0
10	8454394.0
11	8386024.0
12	8293092.0
13	8208197.0
14	8161215.0
15	8196591.0
16	8024813.0
17	8140352.0
18	8145752.0
19	8195731.0
20	8108427.0
21	8162987.0
22	8008573.0
23	7800950.0
24	7850573.0
25	7814117.0
26	7786111.0
27	7834336.0
28	7911520.0
29	7928830.0
30	7825994.0
31	7928038.0
32	7653124.0
33	7779352.0
34	7595840.0
35	7608236.0
36	7606806.0
37	7680471.0
38	7638198.0
39	7619743.0
40	7591231.0
41	7711855.0
42	7713717.0
43	7725907.0
44	7545048.0
45	7585539.0
46	7471093.0
47	7114037.0
48	7434577.0
49	7280335.0
50	7380567.0
51	7378403.0
52	7412104.0
53	7551948.0
54	7562046.0
55	7054053.0
56	7211683.0
57	7228363.0
58	7438078.0
59	7108405.0
60	7146335.0
61	7221215.0
62	7573024.0
63	7677158.0
64	7687910.0
65	7772486.0
66	8068574.0
67	7772486.0
68	7180802.0
69	7041736.0
70	7251114.0
71	6896949.0
72	6853835.0
73	7176832.0
74	7198023.0
75	7249038.0
76	7050300.0
77	7076760.0
78	7182181.0
79	7219170.0
80	7316550.0
81	7311497.0
82	7499633.0
83	7332058.0
84	7659568.0
85	7632780.0
86	7703527.0
87	7420924.0
88	7542062.0
89	7594778.0
90	7497398.0
91	7502690.0
92	7180537.0
93	7269132.0
94	7294794.0
95	7346364.0
96	7235690.0
97	7127716.0
98	7248854.0
99	7503369.0
100	7517273.0
101	7467252.0
102	7394069.0
103	7146664.0
104	7215894.0
105	7236210.0
106	7871973.0
107	7983289.0
108	7808618.0
109	7807709.0
110	7722890.0
111	7743962.0
112	7746959.0
113	8144607.0
114	8059779.0
115	7823990.0
116	7827296.0
117	7785904.0
118	7802629.0
119	7874071.0
120	7716718.0
121	7295272.0
122	7275550.0
123	7296727.0
124	7391809.0
125	7373292.0
126	7037450.0
127	7202222.0
128	7183002.0
129	7192914.0
130	7254864.0
131	7231959.0
132	7422371.0
133	7437545.0
134	7627590.0
135	7611318.0
136	7622070.0
137	7676268.0
138	7602310.0
139	7555545.0
140	7514173.0
141	7745494.0
142	7360923.0
143	7519582.0
144	7590991.0
145	7203545.0
146	7071556.0
147	6945331.0
148	6988227.0
149	7212828.0
150	6555229.0
151	6457216.0
152	6290998.0
153	6260642.0
154	6051688.0
155	6024511.0
156	5993452.0
157	5999878.0
158	6720222.0
159	7076233.0
160	7108702.0
161	7123782.0
162	7106772.0
163	7016453.0
164	7124993.0
165	7126701.0
166	7011981.0
167	7011981.0
168	7060546.0
169	6986412.0
170	7032266.0
171	7032266.0
172	7127250.0
173	6948536.0
174	6869338.0
175	6559890.0
176	6437405.0
177	5661815.0
178	5744987.0
179	6055560.0
180	6015450.0
181	6767694.0
182	6804366.0
183	6827214.0
184	6546829.0
185	6451845.0
186	6232934.0
187	6339325.0
188	6400636.0
189	6538578.0
190	6623431.0
191	6542040.0
192	6510450.0
193	6685089.0
194	6709722.0
195	6492705.0
196	6468560.0
197	6977052.0
198	6789402.0
199	7077239.0
200	7081538.0
201	6778061.0
202	6654289.0
203	6749824.0
204	6886793.0
205	7037412.0
206	7678685.0
207	7801397.0
208	7501703.0
209	7618697.0
210	7651403.0
211	7262701.0
212	7351500.0
213	7478838.0
214	7568130.0
215	6727087.0
216	6721522.0
217	6841789.0
218	7058258.0
219	7156830.0
220	7997873.0
221	7877606.0
222	8162870.0
223	8195630.0
224	8087396.0
225	7886782.0
226	7648579.0
227	7792542.0
228	7922242.0
229	8056965.0
230	7864197.0
231	7779551.0
232	7993582.0
233	7846234.0
234	7944585.0
235	7273760.0
236	7661957.0
237	7696717.0
238	7739113.0
239	7782038.0
240	7570853.0
241	7549648.0
242	7506723.0
243	7302098.0
244	7447368.0
245	7434608.0
246	7695717.0
247	7859803.0
248	7779460.0
249	7842028.0
250	7240650.0
251	7243941.0
252	7133297.0
253	7402146.0
254	7302503.0
255	7345428.0
256	7374324.0
257	7648148.0
258	7682636.0
259	7449612.0
260	7449612.0
261	7380772.0
262	7314608.0
263	7368853.0
264	7439961.0
265	7070541.0
266	7487788.0
267	7628495.0
268	7574250.0
269	7539850.0
270	7330630.0
271	7003750.0
272	6763567.0
273	6270030.0
274	6215263.0
275	6197791.0
276	6261087.0
277	6354351.0
278	6466671.0
279	6543007.0
280	6514111.0
281	6563839.0
282	6276295.0
283	6110119.0
284	6276322.0
285	6103160.0
286	6095330.0
287	6208063.0
288	6054020.0
289	6097110.0
290	6316862.0
291	6573395.0
292	6369022.0
293	6173681.0
294	6175109.0
295	6204005.0
296	6551561.0
297	6531269.0
298	6546427.0
299	6496699.0
300	6572611.0
301	6378806.0
302	6539524.0
303	6760215.0
304	6416353.0
305	6259489.0
306	6188844.0
307	6229884.0
308	6135256.0
309	6229884.0
310	6249519.0
311	6601274.0
312	6228746.0
313	6232910.0
314	6361962.0
315	6401978.0
316	6401978.0
317	6747482.0
318	6975098.0
319	7013162.0
320	7097757.0
321	7053375.0
322	6597466.0
323	6504632.0
324	6272864.0
325	6279788.0
326	6301836.0
327	6332011.0
328	6622233.0
329	6772533.0
330	6772533.0
331	7106781.0
332	7426532.0
333	7414112.0
334	7494036.0
335	7361707.0
336	7226923.0
337	7407266.0
338	7417823.0
339	7491767.0
340	7496357.0
341	7453579.0
342	7552198.0
343	7575100.0
344	7750255.0
345	7722310.0
346	7737286.0
347	7750666.0
348	7928506.0
349	7748163.0
350	7739235.0
351	7521723.0
352	7727450.0
353	7704903.0
354	7770831.0
355	7795584.0
356	7809676.0
357	7815380.0
358	7912172.0
359	7938137.0
360	7514267.0
361	7548588.0
362	7389396.0
363	7325926.0
364	7328410.0
365	6953967.0
366	6684324.0
367	6579115.0
368	6613158.0
369	6512240.0
370	6228236.0
371	6264500.0
372	6314780.0
373	6414587.0
374	6564173.0
375	6514263.0
376	6574645.0
377	7262588.0
378	7259243.0
379	7251291.0
380	7165258.0
381	6912568.0
382	6859786.0
383	7038289.0
384	7209577.0
385	7585687.0
386	7468965.0
387	7485650.0
388	7398687.0
389	7246821.0
390	7166181.0
391	6854317.0
392	6781062.0
393	6979067.0
394	7000091.0
395	7020566.0
396	6916709.0
397	7013459.0
398	7136242.0
399	6824608.0
400	6783216.0
401	7200921.0
402	7206651.0
403	6819651.0
404	6915665.0
405	6842995.0
406	6856036.0
407	6918386.0
408	6724983.0
409	7138839.0
410	7181271.0
411	6767415.0
412	6706375.0
413	6728452.0
414	6671278.0
415	6389987.0
416	6378100.0
417	6178509.0
418	6494720.0
419	6593407.0
420	6622303.0
421	6669511.0
422	7308380.0
423	7338479.0
424	7575308.0
425	7576462.0
426	7460287.0
427	7483087.0
428	7129000.0
429	7188222.0
430	6858277.0
431	6908377.0
432	7336695.0
433	7347165.0
434	7445229.0
435	7324313.0
436	7350416.0
437	7229909.0
438	7403029.0
439	7483219.0
440	7323430.0
441	7343002.0
442	7402543.0
443	7626835.0
444	7200776.0
445	7299034.0
446	7767281.0
447	7556857.0
448	7745892.0
449	7869838.0
450	8013046.0
451	8001938.0
452	8012258.0
453	7869050.0
454	8138550.0
455	8034255.0
456	7970007.0
457	7889160.0
458	7807421.0
459	7839092.0
460	7712652.0
461	8012028.0
462	7969554.0
463	7959580.0
464	7452788.0
465	7595996.0
466	7676102.0
467	7672321.0
468	7608556.0
469	6917827.0
470	6677604.0
471	6701202.0
472	6818418.0
473	6992573.0
474	6816157.0
475	6862957.0
476	6884709.0
477	6741501.0
478	6823847.0
479	6747396.0
480	6890604.0
481	7045674.0
482	6618222.0
483	6788500.0
484	6840700.0
485	6930748.0
486	6891800.0
487	7176044.0
488	7499419.0
489	7326892.0
490	7209676.0
491	7196088.0
492	7475328.0
493	7339262.0
494	7456478.0
495	7421310.0
496	7317830.0
497	7047182.0
498	7060927.0
499	6691861.0
500	6727885.0
501	6784081.0
502	6901213.0
503	6999772.0
504	7228051.0
505	7655700.0
506	7446457.0
507	7650086.0
508	7552742.0
509	7418815.0
510	7403269.0
511	7439411.0
512	7559699.0
513	7999778.0
514	8100902.0
515	8197562.0
516	8198924.0
517	8420716.0
518	8012992.0
519	7679491.0
520	7970127.0
521	7993281.0
522	7681647.0
523	7318645.0
524	7128006.0
525	7141047.0
526	7063319.0
527	7152239.0
528	7208519.0
529	7226031.0
530	7178641.0
531	7001143.0
532	6970647.0
533	6750256.0
534	6771508.0
535	6642605.0
536	6513404.0
537	6489909.0
538	6444045.0
539	6792428.0
540	6785918.0
541	6801668.0
542	6816991.0
543	6834379.0
544	6688933.0
545	6803138.0
546	6863933.0
547	6903093.0
548	6942153.0
549	6889953.0
550	6848103.0
551	6888706.0
552	7017609.0
553	7067864.0
554	7128704.0
555	7009409.0
556	7115946.0
557	7481252.0
558	7643372.0
559	7405518.0
560	7336252.0
561	6974868.0
562	7047951.0
563	7238410.0
564	7301410.0
565	7446523.0
566	7255243.0
567	7520293.0
568	7645681.0
569	7651081.0
570	7752961.0
571	8060208.0
572	8523399.0
573	8574368.0
574	8084316.0
575	8022396.0
576	7788670.0
577	7745487.0
578	7756026.0
579	7690563.0
580	7682716.0
581	8029141.0
582	8049769.0
583	8025886.0
584	8031906.0
585	8215863.0
586	8417102.0
587	8438369.0
588	8615280.0
589	8561570.0
590	8466846.0
591	8545626.0
592	8472543.0
593	7657090.0
594	7642235.0
595	7571549.0
596	7495973.0
597	7525400.0
598	7211569.0
599	7278973.0
600	7091811.0
601	7024407.0
602	7109475.0
603	7144188.0
604	7666563.0
605	7947401.0
606	7931175.0
607	7693606.0
608	7522466.0
609	7508549.0
610	7182861.0
611	7443009.0
612	7453757.0
613	6953672.0
614	6855762.0
615	6699624.0
616	6601748.0
617	6579992.0
618	6649610.0
619	6803454.0
620	6799724.0
621	6809176.0
622	6966214.0
623	6943889.0
624	7004237.0
625	6969524.0
626	6909176.0
627	6946136.0
628	6668886.0
629	6688164.0
630	6917213.0
631	6974819.0
632	7056025.0
633	7098165.0
634	7099044.0
635	7405335.0
636	7197475.0
637	6999123.0
638	7100865.0
639	7034839.0
640	7053079.0
641	7069015.0
642	7107508.0
643	7401652.0
644	7440775.0
645	7470123.0
646	7196748.0
647	7347456.0
648	7349135.0
649	7308417.0
650	7616573.0
651	7898928.0
652	7930338.0
653	7703839.0
654	7390580.0
655	7286503.0
656	7308511.0
657	7442123.0
658	7173338.0
659	7199546.0
660	7094312.0
661	7216984.0
662	6843551.0
663	7030412.0
664	7223084.0
665	7054241.0
666	7076737.0
667	7196321.0
668	7131953.0
669	6748385.0
670	6846869.0
671	7715573.0
672	7441473.0
673	7621501.0
674	7235551.0
675	7105759.0
676	7163151.0
677	7320189.0
678	7489434.0
679	7260660.0
680	7446268.0
681	7654024.0
682	7283022.0
683	6888405.0
684	6876429.0
685	7331798.0
686	7145534.0
687	6915747.0
688	6800985.0
689	6800985.0
690	6063674.0
691	6002704.0
692	6042070.0
693	6309562.0
694	6265313.0
695	6396869.0
696	6497525.0
697	6364394.0
698	6370784.0
699	6476306.0
700	6500394.0
701	6655699.0
702	6535837.0
703	6549217.0
704	6838961.0
705	6387361.0
706	6486313.0
707	6499813.0
708	6400861.0
709	6405586.0
710	6579886.0
711	6495526.0
712	6417881.0
713	6491433.0
714	6645406.0
715	6307504.0
716	6091584.0
717	6146408.0
718	6054517.0
719	6224335.0
720	6323287.0
721	6222631.0
722	6445457.0
723	6414173.0
724	6174975.0
725	5986471.0
726	5943265.0
727	5976294.0
728	5930711.0
729	5979879.0
730	6018887.0
731	6117287.0
732	6177164.0
733	6357674.0
734	6622816.0
735	6479700.0
736	6420597.0
737	6189429.0
738	6082410.0
739	6184083.0
740	6782431.0
741	6712111.0
742	6606118.0
743	6616504.0
744	6567336.0
745	6651253.0
746	6602280.0
747	7047310.0
748	7134073.0
749	7334869.0
750	7487280.0
751	7349661.0
752	7372287.0
753	7482617.0
754	7549442.0
755	7838402.0
756	7939430.0
757	7748101.0
758	7867813.0
759	7618739.0
760	7655935.0
761	7693891.0
762	7996570.0
763	8178668.0
764	8134055.0
765	7860011.0
766	8154436.0
767	8106681.0
768	8160729.0
769	8388495.0
770	8130400.0
771	8301869.0
772	8548392.0
773	8736888.0
774	8338666.0
775	8497365.0
776	8368333.0
777	8446964.0
778	8440119.0
779	8164265.0
780	8049222.0
781	8007277.0
782	8013286.0
783	7736875.0
784	7681770.0
785	7341244.0
786	7484922.0
787	7687703.0
788	7571576.0
789	7388744.0
790	7430210.0
791	7593137.0
792	7533673.0
793	7856252.0
794	7865017.0
795	7550000.0
796	7674176.0
797	7949704.0
798	7797293.0
799	7693623.0
800	7166327.0
801	6838061.0
802	6985989.0
803	7275232.0
804	7146736.0
805	7146736.0
806	7197037.0
807	7217687.0
808	7331415.0
809	7334558.0
810	7505605.0
811	7524725.0
812	7418535.0
813	7628360.0
814	7355531.0
815	7185567.0
816	7249744.0
817	7040197.0
818	7305715.0
819	7361387.0
820	7339942.0
821	7086814.0
822	7078872.0
823	7377770.0
824	7169329.0
825	7100398.0
826	6992611.0
827	7096688.0
828	7113797.0
829	6766711.0
830	6865965.0
831	6879777.0
832	6765029.0
833	6541817.0
834	6562746.0
835	6342273.0
836	6536823.0
837	6556173.0
838	6879758.0
839	6887715.0
840	6972040.0
841	6670716.0
842	6380300.0
843	6243227.0
844	6314944.0
845	6013260.0
846	6083535.0
847	6064185.0
848	6201258.0
849	6577814.0
850	6509189.0
851	6336457.0
852	6642461.0
853	6758548.0
854	6868907.0
855	7315137.0
856	6791584.0
857	6644478.0
858	6726567.0
859	7080333.0
860	7542850.0
861	8111051.0
862	8232242.0
863	8237876.0
864	8043968.0
865	7821348.0
866	7811318.0
867	7887274.0
868	7905334.0
869	8029001.0
870	7958784.0
871	7966196.0
872	7975275.0
873	7267286.0
874	7277411.0
875	7624826.0
876	7539803.0
877	7714275.0
878	7379599.0
879	7214869.0
880	7059280.0
881	6888012.0
882	6902056.0
883	6895500.0
884	7046586.0
885	7380180.0
886	7313515.0
887	7488370.0
888	7517030.0
889	7161003.0
890	7340000.0
891	7529626.0
892	7606098.0
893	7348230.0
894	7530750.0
895	7356278.0
896	7775130.0
897	7297391.0
898	7340173.0
899	7794180.0
900	8184212.0
901	8209777.0
902	8384249.0
903	8423729.0
904	8502439.0
905	8090587.0
906	7789890.0
907	7791918.0
908	7831524.0
909	7592583.0
910	7756203.0
911	7623186.0
912	7830612.0
913	7929408.0
914	7944942.0
915	7808539.0
916	7796581.0
917	7947954.0
918	8000442.0
919	8244011.0
920	7958020.0
921	7891954.0
922	8011892.0
923	7865200.0
924	7890473.0
925	8013173.0
926	7967039.0
927	8034937.0
928	8055235.0
929	7531485.0
930	7448883.0
931	7188933.0
932	7057493.0
933	7212084.0
934	7432557.0
935	7504746.0
936	7571118.0
937	7505652.0
938	7194002.0
939	6891861.0
940	6756970.0
941	6527577.0
942	6420316.0
943	6663809.0
944	6568598.0
945	6450772.0
946	6129242.0
947	6134642.0
948	6268468.0
949	6650542.0
950	6315121.0
951	6478126.0
952	6557362.0
953	6398332.0
954	6335857.0
955	6609823.0
956	6730697.0
957	7185753.0
958	7186127.0
959	6804340.0
960	6668134.0
961	6686137.0
962	7065250.0
963	6984237.0
964	7119955.0
965	6872797.0
966	6716465.0
967	6541993.0
968	6775181.0
969	6788743.0
970	6902188.0
971	6894632.0
972	6689478.0
973	6371407.0
974	6545879.0
975	6477342.0
976	6619842.0
977	6625242.0
978	6789531.0
979	6858948.0
980	7198561.0
981	7168711.0
982	7308753.0
983	7121012.0
984	6946540.0
985	6826779.0
986	6940339.0
987	6707456.0
988	6881928.0
989	6722403.0
990	6804142.0
991	6745503.0
992	6876328.0
993	6923307.0
994	7284492.0
995	7105567.0
996	7133917.0
997	7119067.0
998	7215582.0
999	7094221.0
1000	7121545.0
1001	7244129.0
1002	7464254.0
1003	7348748.0
1004	7377098.0
1005	6918673.0
1006	7112713.0
1007	7427068.0
1008	7490520.0
1009	7578080.0
1010	7429111.0
1011	7164170.0
1012	6761854.0
1013	6769306.0
1014	6756265.0
1015	6609931.0
1016	6432259.0
1017	6797424.0
1018	6616299.0
1019	6544101.0
1020	6923238.0
1021	6972563.0
1022	6579408.0
1023	6580421.0
1024	6597146.0
1025	6749570.0
1026	6222309.0
1027	6233495.0
1028	6631897.0
1029	6607667.0
1030	6385723.0
1031	6449488.0
1032	6498656.0
1033	6487470.0
1034	6478203.0
1035	6483792.0
1036	6574917.0
1037	6367927.0
1038	6240862.0
1039	6287302.0
1040	6440501.0
1041	6541747.0
1042	6602137.0
1043	6794309.0
1044	7004900.0
1045	7253671.0
1046	7237475.0
1047	7581295.0
1048	7522742.0
1049	7436252.0
1050	6866368.0
1051	6897268.0
1052	6807709.0
1053	6762167.0
1054	6594808.0
1055	6657232.0
1056	6352555.0
1057	6357955.0
1058	6701983.0
1059	6565226.0
1060	6690655.0
1061	6644635.0
1062	6285202.0
1063	6437067.0
1064	6451685.0
1065	6352583.0
1066	6281938.0
1067	6213507.0
1068	6167381.0
1069	6408370.0
1070	6615360.0
1071	6831419.0
1072	7021096.0
1073	7211141.0
1074	7099502.0
1075	7099502.0
1076	7284970.0
1077	7284970.0
1078	7175638.0
1079	7275476.0
1080	6963300.0
1081	7183415.0
1082	7313115.0
1083	7591724.0
1084	7607065.0
1085	7333397.0
1086	7002659.0
1087	6902396.0
1088	6803201.0
1089	6406062.0
1090	6246474.0
1091	6432324.0
1092	6449049.0
1093	6511520.0
1094	6457533.0
1095	6439498.0
1096	6422773.0
1097	6368244.0
1098	6188737.0
1099	6301769.0
1100	6257561.0
1101	6285023.0
1102	6173782.0
1103	6479554.0
1104	7040218.0
1105	6927111.0
1106	7128968.0
1107	7274434.0
1108	7541194.0
1109	7585402.0
1110	7621076.0
1111	7629596.0
1112	7840550.0
1113	7710850.0
1114	7301549.0
1115	7400957.0
1116	7660002.0
1117	7479478.0
1118	7408271.0
1119	7412868.0
1120	7461249.0
1121	7466617.0
1122	7214357.0
1123	7100273.0
1124	7164593.0
1125	7304976.0
1126	7374602.0
1127	7363466.0
1128	7348625.0
1129	7343257.0
1130	7405573.0
1131	6773240.0
1132	6785282.0
1133	6544973.0
1134	6591738.0
1135	6879056.0
1136	7011869.0
1137	7061259.0
1138	7096546.0
1139	7207516.0
1140	7406276.0
1141	7713477.0
1142	7799905.0
1143	7578926.0
1144	7599734.0
1145	7537418.0
1146	7137471.0
1147	7073151.0
1148	7156478.0
1149	6965865.0
1150	6918378.0
1151	6946328.0
1152	6681795.0
1153	6661419.0
1154	6793951.0
1155	7182341.0
1156	7196325.0
1157	7198413.0
1158	7159937.0
1159	7238056.0
1160	7397004.0
1161	7408576.0
1162	7110859.0
1163	6886677.0
1164	6931937.0
1165	7043537.0
1166	7486278.0
1167	7542423.0
1168	7553609.0
1169	7305551.0
1170	7451505.0
1171	7288847.0
1172	7443682.0
1173	7620800.0
1174	7553728.0
1175	7660282.0
1176	7777276.0
1177	7679965.0
1178	7502847.0
1179	7118860.0
1180	7054566.0
1181	7112304.0
1182	7077615.0
1183	7068596.0
1184	7234239.0
1185	7604469.0
1186	7632819.0
1187	7422371.0
1188	7449510.0
1189	7564127.0
1190	7302934.0
1191	7471040.0
1192	7486153.0
1193	7359469.0
1194	7371403.0
1195	7409707.0
1196	7371192.0
1197	7392096.0
1198	7784381.0
1199	7343737.0
1200	7230681.0
1201	7624419.0
1202	7644606.0
1203	7539348.0
1204	7337318.0
1205	7111998.0
1206	7018866.0
1207	6898338.0
1208	6725077.0
1209	6331339.0
1210	6266487.0
1211	6227931.0
1212	6283011.0
1213	6264328.0
1214	6360375.0
1215	6559388.0
1216	6418432.0
1217	6201882.0
1218	6224006.0
1219	6067142.0
1220	5933632.0
1221	5919732.0
1222	5711232.0
1223	6144651.0
1224	6056803.0
1225	6079742.0
1226	6345394.0
1227	6415084.0
1228	6149432.0
1229	6181919.0
1230	6195243.0
1231	6246034.0
1232	6382286.0
1233	6491416.0
1234	6501424.0
1235	6575323.0
1236	6426927.0
1237	6310110.0
1238	6382158.0
1239	6453548.0
1240	6337061.0
1241	6388344.0
1242	6197280.0
1243	6225846.0
1244	6333356.0
1245	6969295.0
1246	6940729.0
1247	6997577.0
1248	7008757.0
1249	7025482.0
1250	7050670.0
1251	7015408.0
1252	7036752.0
1253	7119312.0
1254	6837321.0
1255	7464092.0
1256	7310747.0
1257	6826034.0
1258	6534241.0
1259	6148748.0
1260	6034318.0
1261	6038098.0
1262	6056239.0
1263	6501004.0
1264	6459201.0
1265	6423970.0
1266	6273682.0
1267	6350038.0
1268	6207446.0
1269	6245750.0
1270	6497407.0
1271	6923920.0
1272	7053620.0
1273	7325380.0
1274	7254844.0
1275	6354261.0
1276	6653349.0
1277	6559389.0
1278	6567886.0
1279	6380704.0
1280	6684108.0
1281	6965496.0
1282	7042552.0
1283	6865940.0
1284	6566313.0
1285	6658840.0
1286	6660352.0
1287	6639103.0
1288	6360702.0
1289	6283689.0
1290	6376187.0
1291	6287144.0
1292	6307208.0
1293	6441900.0
1294	6419932.0
1295	6634804.0
1296	6608029.0
1297	6625640.0
1298	6627782.0
1299	6389503.0
1300	6382720.0
1301	6653405.0
1302	6526244.0
1303	6603257.0
1304	6626080.0
1305	6747580.0
1306	6742456.0
1307	7114549.0
1308	6804663.0
1309	6804663.0
1310	6807876.0
1311	7041722.0
1312	7048235.0
1313	6808153.0
1314	6740728.0
1315	6747408.0
1316	6806196.0
1317	6591141.0
1318	6608856.0
1319	6848351.0
1320	6676281.0
1321	6925379.0
1322	6868249.0
1323	6885937.0
1324	6802794.0
1325	6463494.0
1326	6635556.0
1327	6697358.0
1328	7130780.0
1329	7441754.0
1330	7346817.0
1331	7674807.0
1332	7756397.0
1333	7458660.0
1334	7348254.0
1335	7499818.0
1336	7486014.0
1337	7621144.0
1338	7663960.0
1339	7590362.0
1340	7755167.0
1341	7641119.0
1342	7623866.0
1343	7479788.0
1344	7342332.0
1345	7476062.0
1346	7760286.0
1347	8052486.0
1348	7901718.0
1349	7521644.0
1350	7635448.0
1351	7593913.0
1352	7839134.0
1353	7593913.0
1354	7665500.0
1355	7714413.0
1356	7600609.0
1357	7631584.0
1358	7593464.0
1359	7319247.0
1360	7338702.0
1361	7182400.0
1362	7153320.0
1363	7327120.0
1364	6893027.0
1365	6903413.0
1366	7199881.0
1367	7313685.0
1368	7333969.0
1369	7340545.0
1370	7370281.0
1371	7363455.0
1372	7120943.0
1373	7194413.0
1374	7228337.0
1375	7134608.0
1376	7550986.0
1377	7212242.0
1378	7018078.0
1379	6892654.0
1380	6646532.0
1381	6668265.0
1382	6657879.0
1383	6705679.0
1384	6746071.0
1385	7198842.0
1386	6942231.0
1387	7117560.0
1388	7005765.0
1389	7095321.0
1390	6883746.0
1391	6857691.0
1392	6897705.0
1393	6663928.0
1394	6725704.0
1395	6945674.0
1396	6895725.0
1397	6679501.0
1398	6526040.0
1399	6289476.0
1400	6360879.0
1401	5872251.0
1402	5662061.0
1403	5720489.0
1404	6001877.0
1405	5835691.0
1406	5970043.0
1407	6027037.0
1408	6305245.0
1409	6376448.0
1410	6294514.0
1411	6083989.0
1412	5945079.0
1413	6186522.0
1414	6626710.0
1415	6639877.0
1416	6676673.0
1417	6578149.0
1418	6299941.0
1419	6528621.0
1420	6442806.0
1421	5916278.0
1422	5980034.0
1423	6025830.0
1424	6244800.0
1425	6770359.0
1426	6551389.0
1427	6444362.0
1428	6579637.0
1429	6879950.0
1430	6991970.0
1431	7365404.0
1432	7308410.0
1433	7337518.0
1434	7401166.0
1435	7530320.0
1436	7538146.0
1437	7567981.0
1438	7699009.0
1439	7624712.0
1440	7477273.0
1441	7526293.0
1442	6675484.0
1443	6675484.0
1444	6662434.0
1445	6700738.0
1446	7204510.0
1447	6833574.0
1448	6908886.0
1449	6753038.0
1450	6788454.0
1451	6993798.0
1452	7005129.0
1453	7198060.0
1454	7012504.0
1455	7126750.0
1456	7193905.0
1457	7252753.0
1458	7252753.0
1459	6885486.0
1460	7042121.0
1461	7061861.0
1462	7068441.0
1463	7049517.0
1464	7064337.0
1465	7131328.0
1466	7245132.0
1467	7213018.0
1468	7018847.0
1469	7098834.0
1470	7034055.0
1471	6888562.0
1472	6813550.0
1473	7149070.0
1474	7085185.0
1475	7169155.0
1476	7475618.0
1477	7648043.0
1478	7455112.0
1479	7537120.0
1480	7669208.0
1481	7868805.0
1482	7809477.0
1483	7813031.0
1484	8241711.0
1485	8328772.0
1486	8246764.0
1487	8120012.0
1488	8007179.0
1489	8183459.0
1490	7869735.0
1491	7788683.0
1492	7918383.0
1493	7936739.0
1494	8083948.0
1495	8504144.0
1496	8047350.0
1497	8072254.0
1498	8354674.0
1499	8374858.0
1500	8126506.0
1501	8091692.0
1502	8100362.0
1503	8392387.0
1504	8203413.0
1505	7826062.0
1506	7603832.0
1507	7575481.0
1508	7468159.0
1509	7625382.0
1510	7642171.0
1511	8185384.0
1512	8057767.0
1513	7758471.0
1514	7808996.0
1515	8466355.0
1516	8483875.0
1517	8231750.0
1518	7938726.0
1519	8042386.0
1520	8022202.0
1521	7901022.0
1522	7981212.0
1523	7854254.0
1524	7665088.0
1525	7796383.0
1526	7812410.0
1527	7866300.0
1528	7462033.0
1529	7542529.0
1530	7794770.0
1531	7776810.0
1532	7830618.0
1533	7883307.0
1534	7862195.0
1535	7868693.0
1536	7706814.0
1537	8240957.0
1538	8305965.0
1539	8072710.0
1540	8335417.0
1541	8416267.0
1542	8373838.0
1543	8413178.0
1544	8469096.0
1545	8480837.0
1546	8200006.0
1547	8092696.0
1548	8053356.0
1549	7840606.0
1550	7916977.0
1551	8043230.0
1552	7936994.0
1553	7696669.0
1554	7716109.0
1555	7425133.0
1556	7386708.0
1557	7557950.0
1558	7557586.0
1559	7652322.0
1560	7985635.0
1561	7899789.0
1562	7935559.0
1563	7802557.0
1564	7829397.0
1565	7869477.0
1566	7815669.0
1567	7853513.0
1568	7875036.0
1569	7916874.0
1570	7948354.0
1571	7916791.0
1572	8223112.0
1573	8267541.0
1574	7769679.0
1575	7513197.0
1576	7041165.0
1577	7284367.0
1578	7008354.0
1579	7273823.0
1580	7266026.0
1581	7018506.0
1582	7328646.0
1583	7308630.0
1584	7286946.0
1585	7281190.0
1586	7015938.0
1587	6992961.0
1588	7025667.0
1589	6923488.0
1590	7001894.0
1591	6940415.0
1592	6926087.0
1593	6883191.0
1594	6926087.0
1595	6941829.0
1596	7066029.0
1597	7116451.0
1598	7898609.0
1599	7623235.0
1600	7483956.0
1601	7741064.0
1602	8198722.0
1603	8477257.0
1604	8462874.0
1605	8478372.0
1606	8384564.0
1607	7935222.0
1608	8009030.0
1609	7761285.0
1610	7811013.0
1611	7423508.0
1612	7112859.0
1613	6908918.0
1614	6943678.0
1615	7173321.0
1616	7443471.0
1617	7259693.0
1618	7098614.0
1619	7130151.0
1620	7080947.0
1621	7227665.0
1622	7080947.0
1623	6950320.0
1624	6751968.0
1625	6678160.0
1626	6677527.0
1627	6443558.0
1628	6582267.0
1629	6589827.0
1630	6663635.0
1631	6810517.0
1632	6812580.0
1633	6986952.0
1634	7258787.0
1635	7123080.0
1636	6947470.0
1637	6555042.0
1638	6154301.0
1639	6024480.0
1640	6038809.0
1641	6310868.0
1642	6492858.0
1643	6509490.0
1644	6361097.0
1645	6505225.0
1646	6647785.0
1647	6529849.0
1648	6764632.0
1649	6669531.0
1650	6553162.0
1651	6421340.0
1652	6428369.0
1653	6410771.0
1654	6073560.0
1655	5967783.0
1656	5962531.0
1657	5970091.0
1658	6338069.0
1659	6360569.0
1660	6594740.0
1661	6692012.0
1662	6891217.0
1663	6887379.0
1664	6890904.0
1665	7072591.0
1666	7108169.0
1667	7413126.0
1668	7284795.0
1669	6797547.0
1670	7031403.0
1671	7277964.0
1672	7585048.0
1673	7584267.0
1674	7612785.0
1675	7623971.0
1676	7643332.0
1677	7356724.0
1678	7389315.0
1679	7300991.0
1680	7478889.0
1681	7467174.0
1682	7498334.0
1683	7347928.0
1684	7264208.0
1685	7263684.0
1686	7401569.0
1687	7207096.0
1688	7359514.0
1689	7544584.0
1690	7549056.0
1691	7700379.0
1692	8025914.0
1693	7619457.0
1694	7833729.0
1695	7627660.0
1696	7459353.0
1697	7542891.0
1698	7217356.0
1699	7339622.0
1700	7274795.0
1701	7291196.0
1702	7478472.0
1703	7344742.0
1704	6942364.0
1705	7000319.0
1706	7018895.0
1707	7112660.0
1708	7145599.0
1709	7090054.0
1710	6872348.0
1711	6851535.0
1712	6713871.0
1713	6995456.0
1714	7028996.0
1715	6848576.0
1716	6583040.0
1717	6559564.0
1718	6552193.0
1719	6435868.0
1720	6220915.0
1721	6293620.0
1722	6538303.0
1723	7034874.0
1724	6820602.0
1725	6792906.0
1726	7364015.0
1727	7415870.0
1728	7426160.0
1729	7501472.0
1730	7119706.0
1731	7245497.0
1732	7581190.0
1733	7822585.0
1734	7668929.0
1735	7681277.0
1736	7729077.0
1737	7437312.0
1738	7034155.0
1739	7150480.0
1740	7116400.0
1741	7004221.0
1742	7015253.0
1743	6865334.0
1744	6893706.0
1745	6984325.0
1746	6860883.0
1747	6612452.0
1748	6544456.0
1749	6551392.0
1750	6928497.0
1751	6550010.0
1752	6620256.0
1753	6625212.0
1754	6420954.0
1755	6458544.0
1756	6512208.0
1757	6851913.0
1758	6760845.0
1759	6657200.0
1760	7074583.0
1761	7074583.0
1762	7127779.0
1763	7071020.0
1764	7072653.0
1765	6947847.0
1766	7193079.0
1767	7757045.0
1768	7779671.0
1769	7969517.0
1770	8250080.0
1771	7410850.0
1772	7618416.0
1773	7552749.0
1774	7626989.0
1775	7625020.0
1776	7757364.0
1777	7704114.0
1778	7356877.0
1779	7075312.0
1780	7194976.0
1781	7044136.0
1782	6871170.0
1783	6925490.0
1784	6809834.0
1785	6744509.0
1786	6756979.0
1787	7161148.0
1788	7342209.0
1789	7404891.0
1790	7447787.0
1791	7403656.0
1792	7505704.0
1793	7462808.0
1794	7379081.0
1795	7598148.0
1796	7681875.0
1797	7853596.0
1798	7893586.0
1799	7721003.0
1800	8189205.0
1801	8285076.0
1802	8367587.0
1803	8401103.0
1804	8403236.0
1805	8683938.0
1806	8425447.0
1807	8515753.0
1808	8229400.0
1809	8078431.0
1810	8173155.0
1811	8139639.0
1812	8361661.0
1813	8717511.0
1814	8518661.0
1815	8308517.0
1816	8335841.0
1817	8088420.0
1818	8242470.0
1819	8589138.0
1820	8630754.0
1821	8774614.0
1822	8423976.0
1823	8458736.0
1824	8226221.0
1825	8102443.0
1826	8144024.0
1827	8161622.0
1828	8014343.0
1829	7860293.0
1830	7917207.0
1831	7865865.0
1832	8070635.0
1833	8246795.0
1834	8239528.0
1835	7961533.0
1836	7648650.0
1837	7922058.0
1838	7821074.0
1839	7586680.0
1840	7551920.0
1841	7677290.0
1842	7831340.0
1843	8093051.0
1844	8649256.0
1845	8936206.0
1846	8736692.0
1847	8794812.0
1848	8653324.0
1849	8667314.0
1850	8587186.0
1851	7721752.0
1852	7641861.0
1853	8507295.0
1854	8529303.0
1855	8663383.0
1856	8599531.0
1857	8506701.0
1858	8065693.0
1859	8125194.0
1860	8312074.0
1861	8453030.0
1862	8177301.0
1863	8033592.0
1864	7985256.0
1865	8036328.0
1866	8371709.0
1867	8320637.0
1868	8371709.0
1869	8099477.0
1870	7973112.0
1871	7884707.0
1872	7931502.0
1873	8207231.0
1874	8408866.0
1875	7972667.0
1876	7671528.0
1877	7538397.0
1878	7431644.0
1879	7543910.0
1880	7560572.0
1881	7235821.0
1882	7255891.0
1883	7280070.0
1884	7479158.0
1885	7635159.0
1886	7791772.0
1887	7592684.0
1888	7719049.0
1889	7388164.0
1890	7381333.0
1891	7597640.0
1892	7612368.0
1893	7553265.0
1894	7674496.0
1895	7714234.0
1896	7878822.0
1897	7845903.0
1898	7698046.0
1899	7913722.0
1900	7756735.0
1901	7742007.0
1902	7695441.0
1903	7345066.0
1904	7600019.0
1905	7967305.0
1906	8099422.0
1907	7710213.0
1908	7398597.0
1909	7142465.0
1910	7661059.0
1911	8084933.0
1912	8030724.0
1913	8098336.0
1914	8306692.0
1915	8455726.0
1916	8081529.0
1917	8126352.0
1918	8102620.0
1919	8111372.0
1920	7815742.0
1921	7839488.0
1922	7655174.0
1923	7545780.0
1924	7566504.0
1925	7568102.0
1926	7837787.0
1927	7852515.0
1928	7557597.0
1929	7794477.0
1930	7249353.0
1931	6729963.0
1932	6712113.0
1933	6724209.0
1934	6866555.0
1935	6793625.0
1936	6975994.0
1937	6999860.0
1938	7064936.0
1939	7109090.0
1940	7304129.0
1941	7751481.0
1942	7634903.0
1943	7547540.0
1944	7803519.0
1945	7777587.0
1946	8050936.0
1947	8293013.0
1948	8074909.0
1949	8261517.0
1950	8151861.0
1951	8162877.0
1952	8219283.0
1953	8178812.0
1954	8294586.0
1955	8289111.0
1956	8185601.0
1957	8472151.0
1958	8578839.0
1959	8291353.0
1960	8131011.0
1961	8294713.0
1962	8261702.0
1963	8366613.0
1964	8471450.0
1965	8062555.0
1966	8082828.0
1967	7977321.0
1968	8019899.0
1969	8150729.0
1970	8311520.0
1971	8386048.0
1972	8445718.0
1973	8371878.0
1974	8761812.0
1975	8290905.0
1976	8437705.0
1977	8527068.0
1978	8380268.0
1979	8425376.0
1980	8422796.0
1981	8414939.0
1982	8568989.0
1983	8657119.0
1984	8628450.0
1985	8673020.0
1986	8641974.0
1987	8546705.0
1988	8242852.0
1989	8241572.0
1990	8376892.0
1991	8427840.0
1992	8350724.0
1993	8394324.0
1994	8232693.0
1995	7963578.0
1996	8012423.0
1997	7482188.0
1998	7279410.0
1999	7273351.0
2000	7742099.0
2001	7727371.0
2002	7548474.0
2003	7548474.0
2004	7333905.0
2005	7527903.0
2006	7559429.0
2007	7652561.0
2008	7754381.0
2009	7722146.0
2010	7690620.0
2011	7851167.0
2012	7759872.0
2013	7284141.0
2014	7288425.0
2015	7101351.0
2016	7128470.0
2017	7032343.0
2018	6928347.0
2019	6562892.0
2020	6852434.0
2021	6874568.0
2022	7058154.0
2023	7141136.0
2024	6968591.0
2025	7583485.0
2026	7616305.0
2027	7394005.0
2028	7374013.0
2029	7449325.0
2030	7449325.0
2031	7267535.0
2032	7291097.0
2033	7201387.0
2034	7205683.0
2035	7205683.0
2036	7218091.0
2037	6817937.0
2038	6849463.0
2039	6935249.0
2040	6849463.0
2041	6956992.0
2042	6978632.0
2043	7173333.0
2044	7274460.0
2045	7799608.0
2046	8174202.0
2047	8002551.0
2048	8083567.0
2049	8041260.0
2050	7970615.0
2051	7636463.0
2052	7805060.0
2053	7891926.0
2054	8334420.0
2055	8210743.0
2056	8332856.0
2057	8335513.0
2058	8295525.0
2059	8735247.0
2060	8749975.0
2061	8627432.0
2062	8533183.0
2063	8362176.0
2064	8357880.0
2065	8494186.0
2066	8552109.0
2067	8838061.0
2068	8742970.0
2069	8703769.0
2070	8708065.0
2071	8743073.0
2072	8733385.0
2073	8668844.0
2074	8671994.0
2075	8474238.0
2076	8034516.0
2077	8201898.0
2078	8066976.0
2079	8102476.0
2080	8163104.0
2081	8149254.0
2082	8193605.0
2083	8244230.0
2084	8077558.0
2085	7649116.0
2086	7294258.0
2087	7549507.0
2088	7989229.0
2089	8017005.0
2090	7885668.0
2091	7472823.0
2092	7422198.0
2093	7322085.0
2094	7293444.0
2095	7410226.0
2096	7495726.0
2097	7369742.0
2098	7341351.0
2099	7179757.0
2100	7388696.0
2101	7405650.0
2102	7493060.0
2103	7502307.0
2104	7688047.0
2105	7655341.0
2106	7143323.0
2107	7157586.0
2108	7009547.0
2109	7508440.0
2110	7561030.0
2111	7517250.0
2112	7492774.0
2113	7673831.0
2114	7935507.0
2115	7874879.0
2116	7925504.0
2117	7922867.0
2118	8208919.0
2119	8225644.0
2120	8111669.0
2121	8060494.0
2122	7884888.0
2123	8080426.0
2124	8176714.0
2125	8176117.0
2126	8283002.0
2127	8362172.0
2128	8286394.0
2129	8302930.0
2130	8194996.0
2131	8144371.0
2132	8204999.0
2133	8096345.0
2134	8097639.0
2135	8021160.0
2136	7817531.0
2137	7496096.0
2138	7481275.0
2139	7591771.0
2140	7572563.0
2141	7708265.0
2142	7783049.0
2143	7448505.0
2144	7556892.0
2145	7696968.0
2146	7705500.0
2147	7914213.0
2148	7727715.0
2149	7658863.0
2150	7745491.0
2151	8083925.0
2152	8009141.0
2153	7705180.0
2154	7769932.0
2155	7779052.0
2156	8066053.0
2157	8393641.0
2158	8028595.0
2159	8007501.0
2160	8047166.0
2161	8087370.0
2162	7733102.0
2163	7825438.0
2164	7572144.0
2165	7775864.0
2166	7865213.0
2167	7718222.0
2168	7308970.0
2169	7168894.0
2170	7282375.0
2171	7078360.0
2172	7232198.0
2173	7259729.0
2174	7199101.0
2175	7018017.0
2176	7208019.0
2177	6869585.0
2178	6912401.0
2179	6856997.0
2180	6917625.0
2181	6842848.0
2182	6834100.0
2183	6806569.0
2184	6798198.0
2185	6732838.0
2186	6776739.0
2187	6740259.0
2188	6756979.0
2189	6744244.0
2190	6764004.0
2191	6845746.0
2192	6853486.0
2193	6906116.0
2194	6798734.0
2195	7064571.0
2196	7047012.0
2197	7004196.0
2198	7153187.0
2199	7078829.0
2200	7046188.0
2201	6841539.0
2202	7015313.0
2203	7364320.0
2204	7603325.0
2205	7580562.0
2206	7376627.0
2207	7130066.0
2208	7015221.0
2209	7153056.0
2210	7152131.0
2211	7566795.0
2212	7591869.0
2213	7271877.0
2214	7141220.0
2215	7155938.0
2216	6862327.0
2217	6992501.0
2218	6967436.0
2219	7026077.0
2220	7041241.0
2221	6852307.0
2222	6919208.0
2223	7267599.0
2224	7256895.0
2225	7345536.0
2226	7202694.0
2227	6835201.0
2228	6680964.0
2229	6537830.0
2230	6003337.0
2231	6144583.0
2232	6820570.0
2233	6505971.0
2234	6408615.0
2235	6679730.0
2236	6530342.0
2237	6750115.0
2238	6891751.0
2239	6918541.0
2240	6889804.0
2241	7031914.0
2242	6833503.0
2243	6924391.0
2244	6993679.0
2245	7192090.0
2246	6748453.0
2247	7123347.0
2248	7231603.0
2249	7128115.0
2250	6955579.0
2251	6873253.0
2252	6746647.0
2253	6638391.0
2254	7022639.0
2255	7096706.0
2256	7285674.0
2257	7036395.0
2258	7183651.0
2259	7594628.0
2260	7599788.0
2261	7556605.0
2262	7364609.0
2263	7775264.0
2264	7741859.0
2265	7998751.0
2266	8140387.0
2267	8004999.0
2268	8017429.0
2269	8186222.0
2270	8169296.0
2271	8112555.0
2272	8113629.0
2273	8182085.0
2274	8069700.0
2275	7955461.0
2276	8270060.0
2277	8010680.0
2278	8007297.0
2279	7994163.0
2280	7737271.0
2281	7746441.0
2282	7922265.0
2283	7787307.0
2284	7561763.0
2285	7424360.0
2286	6989010.0
2287	6790982.0
2288	7009677.0
2289	7259887.0
2290	7421357.0
2291	6905931.0
2292	6924585.0
2293	7338727.0
2294	7301307.0
2295	7301810.0
2296	7264216.0
2297	7303159.0
2298	7317887.0
2299	7521296.0
2300	7904494.0
2301	7929816.0
2302	7746470.0
2303	7653728.0
2304	7396421.0
2305	7342691.0
2306	7198393.0
2307	7458708.0
2308	7470677.0
2309	8005033.0
2310	8089271.0
2311	8144575.0
2312	8299776.0
2313	8426827.0
2314	8273377.0
2315	8254027.0
2316	8344303.0
2317	8319575.0
2318	8511792.0
2319	7943819.0
2320	8313760.0
2321	8389092.0
2322	8212488.0
2323	8209797.0
2324	8657414.0
2325	8527109.0
2326	8545053.0
2327	8679651.0
2328	8719798.0
2329	8342912.0
2330	8321372.0
2331	8173515.0
2332	8435488.0
2333	8451685.0
2334	8207422.0
2335	8219086.0
2336	8542054.0
2337	7878038.0
2338	7523336.0
2339	7180461.0
2340	7235062.0
2341	7313529.0
2342	7487687.0
2343	7520393.0
2344	7595585.0
2345	7633010.0
2346	7686740.0
2347	7688003.0
2348	7655297.0
2349	7541346.0
2350	7632978.0
2351	7635483.0
2352	7027502.0
2353	6687136.0
2354	6562739.0
2355	6566465.0
2356	7421349.0
2357	7341078.0
2358	7435824.0
2359	7135533.0
2360	7121603.0
2361	7167682.0
2362	7180016.0
2363	7408070.0
2364	7436798.0
2365	7501056.0
2366	7591601.0
2367	7694683.0
2368	7975385.0
2369	7899367.0
2370	8162814.0
2371	8116735.0
2372	7758847.0
2373	7834379.0
2374	8027723.0
2375	7272633.0
2376	7318712.0
2377	7243520.0
2378	7470928.0
2379	7487653.0
2380	7553873.0
2381	7580576.0
2382	8087507.0
2383	8261053.0
2384	8185521.0
2385	8812427.0
2386	8769731.0
2387	9172669.0
2388	9148389.0
2389	9124219.0
2390	8911687.0
2391	8772188.0
2392	8717065.0
2393	8809274.0
2394	8631422.0
2395	8465962.0
2396	7670021.0
2397	7730149.0
2398	7869455.0
2399	8169335.0
2400	8112101.0
2401	8132200.0
2402	7633680.0
2403	7647600.0
2404	7786900.0
2405	7563058.0
2406	7700233.0
2407	7688235.0
2408	7785056.0
2409	7303731.0
2410	7199726.0
2411	7325238.0
2412	7672367.0
2413	7478369.0
2414	7131139.0
2415	7193316.0
2416	6734278.0
2417	6608766.0
2418	6593757.0
2419	6241925.0
2420	6096968.0
2421	5730053.0
2422	5718913.0
2423	5592994.0
2424	5827579.0
2425	5739497.0
2426	5645447.0
2427	5649743.0
2428	5946023.0
2429	5850137.0
2430	5752939.0
2431	5754364.0
2432	5769089.0
2433	5780689.0
2434	6288860.0
2435	6045130.0
2436	6167483.0
2437	6465171.0
2438	6449971.0
2439	6189568.0
2440	6191868.0
2441	6229249.0
2442	6118605.0
2443	6416506.0
2444	6121657.0
2445	5982357.0
2446	6146466.0
2447	6189751.0
2448	6257382.0
2449	6602316.0
2450	6804892.0
2451	6808228.0
2452	6892184.0
2453	6453192.0
2454	6462692.0
2455	6266766.0
2456	6100590.0
2457	5900034.0
2458	6067047.0
2459	6230824.0
2460	6254176.0
2461	6570952.0
2462	6682211.0
2463	7235757.0
2464	7046163.0
2465	6917842.0
2466	6847907.0
2467	6962105.0
2468	6996260.0
2469	7477585.0
2470	7004800.0
2471	7039650.0
2472	6838262.0
2473	6990038.0
2474	7208851.0
2475	7210273.0
2476	7382053.0
2477	7579395.0
2478	7440377.0
2479	7738207.0
2480	7755767.0
2481	7782427.0
2482	7726450.0
2483	7766926.0
2484	7955422.0
2485	7795578.0
2486	7868281.0
2487	7878159.0
2488	7642803.0
2489	7506251.0
2490	7332407.0
2491	7086005.0
2492	7244625.0
2493	7586507.0
2494	7529064.0
2495	7674137.0
2496	7735177.0
2497	7728683.0
2498	7707946.0
2499	7809216.0
2500	7787346.0
2501	7807367.0
2502	7768679.0
2503	7195860.0
2504	7034888.0
2505	7214222.0
2506	7225166.0
2507	7288188.0
2508	7106094.0
2509	6993776.0
2510	6893547.0
2511	6953209.0
2512	7312565.0
2513	7426809.0
2514	7367147.0
2515	7426809.0
2516	7613271.0
2517	7634727.0
2518	7575065.0
2519	8001574.0
2520	8014686.0
2521	8156096.0
2522	7957068.0
2523	7695878.0
2524	7871612.0
2525	7355047.0
2526	7416151.0
2527	7397079.0
2528	7335807.0
2529	6932302.0
2530	7018621.0
2531	7079461.0
2532	7493211.0
2533	7711417.0
2534	7679693.0
2535	7456988.0
2536	7869685.0
2537	8003533.0
2538	8114128.0
2539	7713966.0
2540	7464246.0
2541	7465524.0
2542	7298574.0
2543	7388130.0
2544	7509665.0
2545	7318993.0
2546	7268705.0
2547	7292981.0
2548	7407082.0
2549	7439788.0
2550	7439149.0
2551	7318441.0
2552	7437712.0
2553	7623185.0
2554	7590479.0
2555	7298211.0
2556	6887125.0
2557	6926693.0
2558	6934581.0
2559	7046691.0
2560	7078464.0
2561	7021487.0
2562	7063400.0
2563	6936944.0
2564	6971432.0
2565	6550256.0
2566	6660550.0
2567	6683365.0
2568	6660874.0
2569	6736898.0
2570	6656884.0
2571	6721889.0
2572	7085491.0
2573	7117808.0
2574	7084288.0
2575	7020640.0
2576	7135134.0
2577	6909946.0
2578	6425319.0
2579	6364215.0
2580	6369482.0
2581	6598334.0
2582	6354649.0
2583	6331717.0
2584	6340037.0
2585	6663412.0
2586	6794103.0
2587	6683319.0
2588	6707952.0
2589	6710837.0
2590	6592565.0
2591	6714918.0
2592	6936320.0
2593	7231069.0
2594	7312994.0
2595	7367258.0
2596	7659642.0
2597	7759239.0
2598	7799500.0
2599	7550329.0
2600	7564591.0
2601	7696938.0
2602	7704330.0
2603	7786865.0
2604	7693343.0
2605	7798901.0
2606	7916112.0
2607	7953867.0
2608	7996668.0
2609	7576656.0
2610	7631381.0
2611	7685141.0
2612	7364616.0
2613	7617346.0
2614	7556194.0
2615	7438839.0
2616	7474964.0
2617	7860938.0
2618	8041184.0
2619	8028557.0
2620	8008445.0
2621	7938749.0
2622	7985307.0
2623	7945902.0
2624	7480386.0
2625	8032334.0
2626	8149389.0
2627	8183244.0
2628	7947342.0
2629	8004336.0
2630	7888668.0
2631	7372819.0
2632	7378144.0
2633	7397506.0
2634	7171243.0
2635	7164431.0
2636	7303731.0
2637	7304086.0
2638	6982065.0
2639	6886225.0
2640	6909097.0
2641	7460947.0
2642	7650514.0
2643	7576564.0
2644	7578524.0
2645	7381523.0
2646	7470355.0
2647	7277693.0
2648	7295477.0
2649	6942878.0
2650	6999038.0
2651	7016966.0
2652	6520793.0
2653	6680667.0
2654	6684963.0
2655	6695083.0
2656	6824113.0
2657	6710195.0
2658	6667139.0
2659	6828329.0
2660	6690706.0
2661	6745514.0
2662	6865258.0
2663	6963139.0
2664	7004728.0
2665	7022128.0
2666	7073023.0
2667	6980929.0
2668	6947586.0
2669	6781312.0
2670	7085362.0
2671	7023157.0
2672	6751259.0
2673	6870930.0
2674	6978244.0
2675	6956110.0
2676	6916909.0
2677	7306685.0
2678	7322036.0
2679	7324919.0
2680	7253205.0
2681	7273563.0
2682	7362275.0
2683	7354115.0
2684	7383946.0
2685	7702420.0
2686	7780363.0
2687	7819663.0
2688	7851621.0
2689	7914541.0
2690	8005429.0
2691	7674094.0
2692	8001860.0
2693	7839728.0
2694	8260347.0
2695	8175169.0
2696	8237179.0
2697	8251089.0
2698	7909977.0
2699	7996443.0
2700	8151048.0
2701	7898412.0
2702	7990604.0
2703	8065875.0
2704	8067140.0
2705	8371281.0
2706	8184491.0
2707	7994258.0
2708	8286109.0
2709	8026920.0
2710	8037864.0
2711	8085779.0
2712	7946071.0
2713	8060079.0
2714	7747334.0
2715	7194245.0
2716	6807232.0
2717	6863526.0
2718	6546480.0
2719	6456173.0
2720	6459841.0
2721	6973022.0
2722	7174532.0
2723	7459140.0
2724	7888246.0
2725	7883950.0
2726	7888059.0
2727	8064367.0
2728	8030736.0
2729	8291507.0
2730	8292845.0
2731	8227772.0
2732	8148950.0
2733	8218401.0
2734	8761870.0
2735	9004071.0
2736	9090805.0
2737	9115920.0
2738	9029186.0
2739	8958025.0
2740	8796601.0
2741	8653074.0
2742	8079755.0
2743	7812766.0
2744	8037029.0
2745	8098589.0
2746	8221085.0
2747	8289168.0
2748	7946806.0
2749	8032990.0
2750	8109853.0
2751	8113758.0
2752	8008770.0
2753	7566142.0
2754	7271878.0
2755	7385547.0
2756	7749021.0
2757	7724901.0
2758	7747132.0
2759	7745098.0
2760	8044186.0
2761	8122544.0
2762	8185544.0
2763	7774943.0
2764	7706685.0
2765	7465914.0
2766	7390076.0
2767	7476810.0
2768	7483065.0
2769	7716688.0
2770	7725688.0
2771	7940829.0
2772	8095651.0
2773	8359136.0
2774	8408665.0
2775	8432290.0
2776	8433444.0
2777	8184915.0
2778	7996231.0
2779	8322458.0
2780	8258286.0
2781	8279718.0
2782	8257487.0
2783	8175781.0
2784	7910437.0
2785	8299256.0
2786	8443861.0
2787	8466092.0
2788	8293115.0
2789	8373243.0
2790	8060667.0
2791	7781191.0
2792	7966900.0
2793	7444676.0
2794	7589124.0
2795	7403415.0
2796	7158093.0
2797	7376795.0
2798	7459955.0
2799	7733538.0
2800	7714502.0
2801	7882630.0
2802	8101256.0
2803	8112357.0
2804	8098447.0
2805	7993872.0
2806	7938492.0
2807	7793467.0
2808	8011353.0
2809	7411148.0
2810	7436548.0
2811	7225258.0
2812	6754644.0
2813	7068289.0
2814	7334325.0
2815	7504455.0
2816	7599327.0
2817	7535409.0
2818	7670359.0
2819	7390127.0
2820	7420556.0
2821	7468356.0
2822	7506564.0
2823	7230351.0
2824	7312862.0
2825	7207778.0
2826	7162536.0
2827	7345018.0
2828	7426974.0
2829	8218373.0
2830	8219381.0
2831	8137425.0
2832	7785792.0
2833	7592686.0
2834	7662933.0
2835	7766413.0
2836	7874381.0
2837	7988077.0
2838	7934029.0
2839	7962179.0
2840	8120748.0
2841	8201083.0
2842	8121910.0
2843	8114919.0
2844	7942585.0
2845	7949371.0
2846	7929666.0
2847	7994616.0
2848	7213882.0
2849	6996025.0
2850	7224484.0
2851	7226617.0
2852	7237314.0
2853	7194046.0
2854	7276606.0
2855	7176719.0
2856	7973286.0
2857	8310318.0
2858	8409270.0
2859	8414726.0
2860	8588438.0
2861	8433985.0
2862	8369035.0
2863	8419278.0
2864	8588261.0
2865	8251229.0
2866	8201549.0
2867	8192541.0
2868	8210433.0
2869	8326758.0
2870	7898908.0
2871	8406934.0
2872	8421662.0
2873	8236661.0
2874	8296511.0
2875	8236594.0
2876	8527481.0
2877	8745887.0
2878	8664139.0
2879	8668435.0
2880	8529135.0
2881	8527002.0
2882	7961097.0
2883	7991526.0
2884	8266735.0
2885	8149524.0
2886	8141457.0
2887	8141457.0
2888	7737933.0
2889	7789712.0
2890	7791845.0
2891	7669633.0
2892	7726265.0
2893	7417815.0
2894	7425882.0
2895	7376331.0
2896	7543439.0
2897	7339985.0
2898	7129845.0
2899	7188395.0
2900	7004527.0
2901	6883886.0
2902	6825431.0
2903	6749007.0
2904	6665739.0
2905	6757779.0
2906	6763179.0
2907	6674425.0
2908	6526521.0
2909	6501682.0
2910	6409642.0
2911	6409642.0
2912	6409642.0
2913	6643642.0
2914	6757667.0
2915	6303971.0
2916	6168208.0
2917	6138524.0
2918	6135361.0
2919	6133490.0
2920	6194676.0
2921	6211620.0
2922	6215444.0
2923	6472873.0
2924	6615684.0
2925	6647963.0
2926	6745620.0
2927	6575594.0
2928	6534189.0
2929	7009285.0
2930	7217659.0
2931	7359171.0
2932	7297985.0
2933	7516148.0
2934	7941361.0
2935	8039656.0
2936	8007778.0
2937	8193487.0
2938	8253983.0
2939	8276414.0
2940	8434750.0
2941	8307245.0
2942	7988752.0
2943	7633781.0
2944	7829409.0
2945	7837717.0
2946	7751228.0
2947	7735457.0
2948	7139432.0
2949	7146884.0
2950	7083121.0
2951	6817820.0
2952	6789516.0
2953	6785676.0
2954	6703626.0
2955	6857556.0
2956	7310149.0
2957	7092244.0
2958	7090325.0
2959	7086599.0
2960	7384780.0
2961	7322608.0
2962	7621978.0
2963	7819371.0
2964	7790184.0
2965	7800120.0
2966	7820200.0
2967	7644056.0
2968	7638656.0
2969	7564693.0
2970	7582700.0
2971	7296737.0
2972	7344210.0
2973	7566839.0
2974	7619223.0
2975	7362939.0
2976	7354754.0
2977	7074690.0
2978	6997884.0
2979	6989576.0
2980	6949695.0
2981	6950493.0
2982	6860777.0
2983	6686055.0
2984	6814563.0
2985	6998703.0
2986	7096095.0
2987	7215942.0
2988	7191042.0
2989	7190244.0
2990	7037484.0
2991	7505370.0
2992	7506930.0
2993	7596650.0
2994	7646722.0
2995	8050917.0
2996	7462979.0
2997	7541484.0
2998	7318779.0
2999	7148860.0
3000	7146727.0
3001	7152127.0
3002	7107596.0
3003	7156076.0
3004	7204158.0
3005	7342460.0
3006	7570997.0
3007	7642058.0
3008	7862013.0
3009	7697239.0
3010	8349013.0
3011	7970761.0
3012	8022068.0
3013	8038094.0
3014	7880884.0
3015	7895100.0
3016	7883077.0
3017	7877906.0
3018	7888646.0
3019	7593662.0
3020	7445278.0
3021	7835995.0
3022	7299491.0
3023	7523636.0
3024	7512959.0
3025	7695328.0
3026	7734466.0
3027	7497586.0
3028	7738386.0
3029	7740519.0
3030	7740377.0
3031	7437050.0
3032	7226436.0
3033	7334348.0
3034	7256977.0
3035	7203285.0
3036	6899053.0
3037	6992365.0
3038	6890898.0
3039	6846749.0
3040	6760264.0
3041	6846630.0
3042	6614287.0
3043	6743255.0
3044	6918287.0
3045	6563682.0
3046	6561549.0
3047	6433506.0
3048	6652697.0
3049	6606983.0
3050	6508981.0
3051	6633345.0
3052	6822714.0
3053	6913856.0
3054	6708100.0
3055	6734940.0
3056	6919825.0
3057	7003734.0
3058	6817751.0
3059	6963670.0
3060	6796507.0
3061	6666297.0
3062	6647775.0
3063	6563866.0
3064	6386432.0
