1	6.986704
2	7.030814
3	7.032638
4	7.12697
5	7.25081
6	7.25081
7	7.226399
8	7.226983
9	7.106123
10	7.107599
11	7.271762
12	7.271762
13	7.274987
14	7.373267
15	7.373267
16	7.353396
17	7.346224
18	7.351624
19	7.351624
20	7.409408
21	7.41216
22	7.443444
23	7.441879
24	7.446683
25	7.474607
26	7.527989
27	7.528809
28	7.528809
29	7.489599
30	7.549471
31	7.568735
32	7.615142
33	7.646215
34	7.572804
35	7.594176
36	7.607721
37	7.69462
38	7.729928
39	7.729928
40	7.729928
41	7.753256
42	7.776448
43	7.774532
44	7.849788
45	8.055078
46	7.949948
47	7.949948
48	8.071001
49	8.141659
50	8.13679
51	8.163491
52	8.163491
53	8.163491
54	8.372804
55	8.422204
56	8.44915
57	8.44573
58	8.494648
59	8.494648
60	8.479815
61	8.495741
62	8.584571
63	8.584571
64	8.691036
65	8.691036
66	8.454773
67	8.464685
68	8.500366
69	8.323008
70	8.323008
71	8.312411
72	8.169324
73	8.177977
74	8.179047
75	8.179047
76	8.179047
77	8.179047
78	8.179047
79	8.179047
80	8.179047
81	8.179712
82	8.179712
83	8.258114
84	8.258114
85	8.271962
86	8.24492
87	8.24492
88	8.24492
89	8.10543
90	8.293694
91	8.293694
92	8.279358
93	8.094333
94	8.084421
95	8.092527
96	8.092527
97	8.088216
98	8.092011
99	8.154129
100	8.222604
101	8.222604
102	8.222604
103	8.456989
104	8.503501
105	8.503501
106	8.810877
107	8.632004
108	8.632004
109	8.632004
110	8.910007
111	8.910007
112	8.910007
113	8.790293
114	8.796683
115	8.703659
116	8.703659
117	8.703659
118	8.721866
119	8.74944
120	8.993613
121	9.003459
122	9.096425
123	9.45386
124	9.45386
125	9.360894
126	9.445189
127	9.445189
128	9.445189
129	9.453886
130	9.453886
131	9.536194
132	9.536194
133	9.73349
134	9.73349
135	9.73349
136	9.73349
137	9.73349
138	9.73349
139	9.683683
140	9.669562
141	9.669562
142	9.669562
143	9.669562
144	9.651355
145	9.651355
146	9.65475
147	9.658881
148	9.685746
149	9.68881
150	9.68881
151	9.68881
152	9.691495
153	9.70221
154	9.698913
155	9.642026
156	9.642026
157	9.64451
158	9.64451
159	9.64451
160	9.64451
161	9.473962
162	9.693049
163	9.693049
164	9.682499
165	9.613687
166	9.613687
167	9.656868
168	9.336761
169	9.336761
170	9.336761
171	9.336761
172	9.337835
173	9.337835
174	9.361721
175	9.365474
176	9.365474
177	9.407215
178	9.438477
179	9.447648
180	9.451023
181	9.532696
182	9.532696
183	9.532696
184	9.550168
185	9.550168
186	9.550168
187	9.550168
188	9.550168
189	9.550168
190	9.550168
191	9.55247
192	9.55247
193	9.634476
194	9.650494
195	9.650494
196	9.534222
197	9.570048
198	9.570048
199	9.328154
200	9.328154
201	9.461086
202	9.63207
203	9.63207
204	9.63207
205	9.63207
206	9.650534
207	9.650534
208	9.659054
209	9.654245
210	9.651061
211	9.651061
212	9.517155
213	9.517155
214	9.517155
215	9.517155
216	9.265644
217	9.414266
218	9.472688
219	9.472688
220	9.472688
221	9.472688
222	9.503003
223	9.503003
224	9.389391
225	9.389391
226	9.389391
227	9.389391
228	9.321499
229	9.321499
230	9.584242
231	9.54836
232	9.54836
233	9.54836
234	9.512142
235	9.405116
236	9.405116
237	9.73046
238	9.73046
239	9.679615
240	9.679615
241	9.819998
242	9.819998
243	9.73037
244	9.73037
245	9.73037
246	9.73037
247	9.73037
248	9.73037
249	9.735937
250	9.668234
251	9.668234
252	9.668234
253	9.824922
254	9.824922
255	9.850948
256	9.914152
257	9.914152
258	9.914152
259	9.914152
260	9.925792
261	9.914152
262	9.925792
263	9.923672
264	9.707601
265	9.707601
266	9.707601
267	9.805496
268	9.687366
269	9.477727
270	9.441907
271	9.441907
272	9.441907
273	9.441907
274	9.441907
275	9.529468
276	9.529468
277	9.598708
278	9.598708
279	9.598708
280	9.598708
281	9.595507
282	9.595507
283	9.595507
284	9.595507
285	9.595507
286	9.771711
287	9.771711
288	9.771711
289	9.770915
290	9.708996
291	9.708996
292	9.708996
293	9.708996
294	9.708996
295	9.708996
296	9.447006
297	9.462381
298	9.213137
299	9.129911
300	9.149626
301	9.149626
302	9.222634
303	9.222634
304	9.416408
305	9.416408
306	9.733544
307	9.787075
308	9.787075
309	9.865153
310	9.865153
311	9.865153
312	9.865153
313	9.865153
314	9.895468
315	9.720267
316	9.720267
317	9.647259
318	9.647259
319	9.647259
320	9.616944
321	9.686995
322	9.686995
323	9.686995
324	9.686995
325	9.686995
326	9.686995
327	9.686995
328	9.557997
329	9.583913
330	9.583913
331	9.630955
332	9.704284
333	9.704284
334	9.704284
335	9.704284
336	9.704284
337	9.704284
338	9.704284
339	9.704284
340	9.704284
341	9.704284
342	9.619619
343	9.619619
344	9.626584
345	9.626584
346	9.626584
347	9.626584
348	9.513598
349	9.554295
350	9.627303
351	9.575762
352	9.477273
353	9.550541
354	9.594825
355	9.594825
356	9.594825
357	9.594825
358	9.594825
359	9.628209
360	9.628209
361	9.628209
362	9.656775
363	9.669092
364	9.748129
365	9.748129
366	9.681629
367	9.681629
368	9.636456
369	9.636456
370	9.636456
371	9.636456
372	9.645056
373	9.456404
374	9.456404
375	9.518411
376	9.518411
377	9.518411
378	9.518411
379	9.547922
380	9.55736
381	9.55736
382	9.449303
383	9.561704
384	9.561704
385	9.561704
386	9.561704
387	9.561704
388	9.561704
389	9.554739
390	9.669212
391	9.751878
392	9.751878
393	9.751878
394	9.751878
395	9.7873
396	9.916051
397	9.916051
398	9.916051
399	9.928345
400	10.009487
401	10.009487
402	10.009487
403	10.009487
404	10.009487
405	9.984214
406	9.984214
407	9.984214
408	9.984214
409	9.984214
410	9.984214
411	9.984214
412	9.984214
413	9.984214
414	9.984214
415	9.984214
416	10.005463
417	10.005463
418	10.005463
419	10.005463
420	10.005463
421	10.005463
422	9.999987
423	9.999987
424	9.967352
425	10.094275
426	10.094275
427	10.114741
428	10.114741
429	10.054791
430	10.080064
431	10.080064
432	10.080064
433	10.080064
434	10.080064
435	10.094054
436	10.094054
437	10.138384
438	10.138384
439	10.138384
440	10.315855
441	10.315855
442	10.315855
443	10.301865
444	10.301865
445	10.277587
446	10.431596
447	10.445586
448	10.445586
449	10.445586
450	10.445586
451	10.445586
452	10.445586
453	10.445586
454	10.445586
455	10.445586
456	10.445586
457	10.454186
458	10.454186
459	10.454186
460	10.454186
461	10.411427
462	10.411427
463	10.411427
464	10.411427
465	10.411427
466	10.48621
467	10.48621
468	10.48621
469	10.48621
470	10.48621
471	10.48621
472	10.48621
473	10.502758
474	10.48945
475	10.492178
476	10.492178
477	10.492178
478	10.388815
479	10.270012
480	10.312771
481	10.312771
482	10.280201
483	10.280201
484	10.348591
485	10.348591
486	10.348591
487	10.348591
488	10.348591
489	10.362805
490	10.362805
491	10.362805
492	10.348591
493	10.244197
494	10.244197
495	10.244197
496	10.244197
497	10.244197
498	10.244197
499	10.258411
500	10.258411
501	10.258411
502	10.258411
503	10.258411
504	10.258411
505	10.417414
506	10.44451
507	10.44451
508	10.44451
509	10.44451
510	10.44451
511	10.462291
512	10.462291
513	10.43861
514	10.43861
515	10.456081
516	10.456081
517	10.456792
518	10.456792
519	10.456792
520	10.456792
521	10.456792
522	10.456792
523	10.471006
524	10.489726
525	10.580933
526	10.580933
527	10.580933
528	10.580933
529	10.580933
530	10.580933
531	10.580933
532	10.580933
533	10.580933
534	10.580933
535	10.586306
536	10.586306
537	10.586306
538	10.586306
539	10.58949
540	10.58949
541	10.58949
542	10.58949
543	10.58949
544	10.58949
545	10.58949
546	10.58949
547	10.58949
548	10.58949
549	10.58949
550	10.58949
551	10.601032
552	10.601032
553	10.601032
554	10.601032
555	10.601032
556	10.601032
557	10.601032
558	10.601032
559	10.601032
560	10.601032
561	10.601032
562	10.601032
563	10.601032
564	10.551282
565	10.551282
566	10.551282
567	10.551282
568	10.551282
569	10.509938
570	10.509938
571	10.509938
572	10.509938
573	10.509938
574	10.509938
575	10.509938
576	10.494902
577	10.427032
578	10.427032
579	10.427032
580	10.427032
581	10.454973
582	10.454973
583	10.454973
584	10.466714
585	10.487714
586	10.487714
587	10.555584
588	10.555584
589	10.555584
590	10.555584
591	10.555584
592	10.555584
593	10.555584
594	10.555584
595	10.555584
596	10.555584
597	10.555584
598	10.555584
599	10.555584
600	10.521754
601	10.566282
602	10.566282
603	10.566282
604	10.489293
605	10.489293
606	10.466234
607	10.466234
608	10.466234
609	10.466234
610	10.43566
611	10.43566
612	10.43566
613	10.43566
614	10.43566
615	10.512649
616	10.512649
617	10.512649
618	10.512649
619	10.512649
620	10.512649
621	10.512649
622	10.512649
623	10.497776
624	10.497776
625	10.497776
626	10.497776
627	10.520835
628	10.520835
629	10.520835
630	10.520835
631	10.520835
632	10.539789
633	10.539789
634	10.520835
635	10.520835
636	10.520835
637	10.337995
638	10.337995
639	10.337995
640	10.337995
641	10.337995
642	10.337995
643	10.337995
644	10.337995
645	10.337995
646	10.337995
647	10.337995
648	10.337995
649	10.337995
650	10.337995
651	10.512955
652	10.512955
653	10.512955
654	10.512955
655	10.512955
656	10.512955
657	10.512955
658	10.512955
659	10.512955
660	10.512955
661	10.512955
662	10.512955
663	10.512955
664	10.512955
665	10.512955
666	10.512955
667	10.549372
668	10.549372
669	10.549372
670	10.52788
671	10.52788
672	10.52788
673	10.52788
674	10.52788
675	10.52788
676	10.52788
677	10.52788
678	10.52788
679	10.51793
680	10.55176
681	10.55176
682	10.55176
683	10.55176
684	10.539223
685	10.539223
686	10.539223
687	10.539223
688	10.539223
689	10.539223
690	10.539223
691	10.539223
692	10.554259
693	10.554259
694	10.554259
695	10.554259
696	10.554259
697	10.554259
698	10.554259
699	10.554259
700	10.554259
701	10.564806
702	10.577343
703	10.577343
704	10.577343
705	10.577343
706	10.577343
707	10.577343
708	10.577343
709	10.598835
710	10.605407
711	10.605407
712	10.605407
713	10.605407
714	10.583886
715	10.583886
716	10.583886
717	10.583886
718	10.583886
719	10.583886
720	10.580516
721	10.580516
722	10.580516
723	10.580516
724	10.580516
725	10.580516
726	10.580516
727	10.580516
728	10.580516
729	10.580516
730	10.580516
731	10.580516
732	10.580516
733	10.580516
734	10.580516
735	10.580516
736	10.580516
737	10.580516
738	10.616681
739	10.616681
740	10.616681
741	10.616681
742	10.616681
743	10.616681
744	10.616681
745	10.616681
746	10.616681
747	10.616681
748	10.616681
749	10.616681
750	10.616681
751	10.616681
752	10.616681
753	10.638202
754	10.638202
755	10.638202
756	10.638202
757	10.638202
758	10.638202
759	10.638202
760	10.638202
761	10.638202
762	10.638202
763	10.638202
764	10.638202
765	10.638202
766	10.601392
767	10.601392
768	10.601392
769	10.601392
770	10.601392
771	10.601392
772	10.601392
773	10.601392
774	10.601392
775	10.601392
776	10.601392
777	10.601392
778	10.601392
779	10.601392
780	10.601392
781	10.601392
782	10.601392
783	10.601392
784	10.601392
785	10.601392
786	10.601392
787	10.601392
788	10.601392
789	10.601392
790	10.444897
791	10.444897
792	10.454847
793	10.454847
794	10.454847
795	10.454847
796	10.454847
797	10.454847
798	10.454847
799	10.491657
800	10.491657
801	10.491657
802	10.491657
803	10.491657
804	10.491657
805	10.491657
806	10.491657
807	10.491657
808	10.491657
809	10.491657
810	10.491657
811	10.491657
812	10.491657
813	10.491657
814	10.491657
815	10.491657
816	10.491657
817	10.481707
818	10.481707
819	10.481707
820	10.481707
821	10.481707
822	10.481707
823	10.502791
824	10.502791
825	10.502791
826	10.681891
827	10.681891
828	10.681891
829	10.681891
830	10.681891
831	10.681891
832	10.681891
833	10.681891
834	10.681891
835	10.681891
836	10.678707
837	10.688657
838	10.688657
839	10.688657
840	10.688657
841	10.688657
842	10.688657
843	10.689453
844	10.689453
845	10.689453
846	10.689453
847	10.689453
848	10.669495
849	10.671087
850	10.671087
851	10.671087
852	10.685077
853	10.685077
854	10.685077
855	10.685077
856	10.729056
857	10.729056
858	10.729056
859	10.729056
860	10.729056
861	10.729056
862	10.729056
863	10.729056
864	10.729056
865	10.729056
866	10.729056
867	10.719106
868	10.719106
869	10.719106
870	10.719106
871	10.719106
872	10.719106
873	10.719106
874	10.719106
875	10.719106
876	10.719106
877	10.719106
878	10.719106
879	10.719106
880	10.719106
881	10.719106
882	10.664288
883	10.664288
884	10.664288
885	10.664288
886	10.664288
887	10.664288
888	10.664288
889	10.664288
890	10.664288
891	10.664288
892	10.664288
893	10.664288
894	10.664288
895	10.664288
896	10.664288
897	10.664288
898	10.664288
899	10.664288
900	10.664288
901	10.664288
902	10.664288
903	10.664288
904	10.664288
905	10.664288
906	10.664288
907	10.664288
908	10.664288
909	10.664288
910	10.664288
911	10.664288
912	10.664288
913	10.664288
914	10.664288
915	10.664288
916	10.664288
917	10.664288
918	10.664288
919	10.664288
920	10.664288
921	10.664288
922	10.664288
923	10.664288
924	10.664288
925	10.664288
926	10.664288
927	10.664288
928	10.664288
929	10.664288
930	10.664288
931	10.664288
932	10.664288
933	10.664288
934	10.664288
935	10.664288
936	10.664288
937	10.664288
938	10.662696
939	10.662696
940	10.662696
941	10.662696
942	10.662696
943	10.662696
944	10.662696
945	10.662696
946	10.662696
947	10.662696
948	10.662696
949	10.662696
950	10.650159
951	10.650159
952	10.650159
953	10.704181
954	10.704181
955	10.704181
956	10.704181
957	10.704181
958	10.704181
959	10.704181
960	10.704181
961	10.704181
962	10.704977
963	10.732692
964	10.732692
965	10.732692
966	10.731896
967	10.734284
968	10.734284
969	10.734284
970	10.734284
971	10.734284
972	10.734284
973	10.734284
974	10.734284
975	10.734284
976	10.734284
977	10.734284
978	10.734284
979	10.734284
980	10.734284
981	10.734284
982	10.734284
983	10.734284
984	10.734284
985	10.734284
986	10.734284
987	10.734284
988	10.734284
989	10.734284
990	10.734284
991	10.734284
992	10.734284
993	10.734284
994	10.734284
995	10.734284
996	10.734284
997	10.734284
998	10.734284
999	10.734284
1000	10.734284
1001	10.734284
1002	10.734284
1003	10.734284
1004	10.734284
1005	10.734284
1006	10.734284
1007	10.734284
1008	10.734284
1009	10.735876
1010	10.735876
1011	10.735876
1012	10.735876
1013	10.735876
1014	10.735876
1015	10.735876
1016	10.735876
1017	10.735876
1018	10.735876
1019	10.735876
1020	10.735876
1021	10.735876
1022	10.735876
1023	10.735876
1024	10.735876
1025	10.735876
1026	10.735876
1027	10.735876
1028	10.735876
1029	10.735876
1030	10.735876
1031	10.777596
1032	10.777596
1033	10.777596
1034	10.777596
1035	10.777596
1036	10.777596
1037	10.777596
1038	10.777596
1039	10.777596
1040	10.777596
1041	10.777596
1042	10.777596
1043	10.777596
1044	10.777596
1045	10.777596
1046	10.777596
1047	10.777596
1048	10.777596
1049	10.777596
1050	10.777596
1051	10.777596
1052	10.777596
1053	10.777596
1054	10.777596
1055	10.777596
1056	10.777596
1057	10.777596
1058	10.777596
1059	10.777596
1060	10.777596
1061	10.777596
1062	10.777596
1063	10.777596
1064	10.777596
1065	10.778392
1066	10.778392
1067	10.778392
1068	10.778392
1069	10.778392
1070	10.778392
1071	10.778392
1072	10.778392
1073	10.778392
1074	10.778392
1075	10.778392
1076	10.789507
1077	10.780003
1078	10.780003
1079	10.783573
1080	10.783573
1081	10.783573
1082	10.783573
1083	10.783573
1084	10.783573
1085	10.790302
1086	10.790302
1087	10.790302
1088	10.790302
1089	10.790302
1090	10.790302
1091	10.790302
1092	10.790302
1093	10.790302
1094	10.790302
1095	10.790302
1096	10.790302
1097	10.790302
1098	10.790302
1099	10.790302
1100	10.790302
1101	10.790302
1102	10.790302
1103	10.790302
1104	10.790302
1105	10.790302
1106	10.790302
1107	10.790302
1108	10.790302
1109	10.790302
1110	10.790302
1111	10.790302
1112	10.790302
1113	10.790302
1114	10.790302
1115	10.790302
1116	10.790302
1117	10.790302
1118	10.790302
1119	10.790302
1120	10.790302
1121	10.790302
1122	10.790302
1123	10.790302
1124	10.790302
1125	10.78871
1126	10.78871
1127	10.78871
1128	10.78871
1129	10.78871
1130	10.78871
1131	10.78871
1132	10.78871
1133	10.78871
1134	10.78871
1135	10.78871
1136	10.78871
1137	10.78871
1138	10.78871
1139	10.78871
1140	10.78871
1141	10.78871
1142	10.78871
1143	10.78871
1144	10.78871
1145	10.78871
1146	10.78871
1147	10.78871
1148	10.78871
1149	10.78871
1150	10.78871
1151	10.78871
1152	10.78871
1153	10.78871
1154	10.78871
1155	10.78871
1156	10.78871
1157	10.78871
1158	10.78871
1159	10.78871
1160	10.78871
1161	10.78871
1162	10.78871
1163	10.78871
1164	10.78871
1165	10.78871
1166	10.78871
1167	10.78871
1168	10.78871
1169	10.78871
1170	10.78871
1171	10.78871
1172	10.78871
1173	10.78871
1174	10.78871
1175	10.78871
1176	10.78871
1177	10.772537
1178	10.772537
1179	10.772537
1180	10.772537
1181	10.772537
1182	10.772537
1183	10.772537
1184	10.772537
1185	10.772537
1186	10.772537
1187	10.772537
1188	10.772537
1189	10.772537
1190	10.772537
1191	10.772537
1192	10.772537
1193	10.772537
1194	10.772537
1195	10.772537
1196	10.772537
1197	10.772537
1198	10.772537
1199	10.772537
1200	10.820824
1201	10.820824
1202	10.820824
1203	10.820824
1204	10.820824
1205	10.820824
1206	10.820824
1207	10.820824
1208	10.820824
1209	10.820824
1210	10.820824
1211	10.820824
1212	10.820824
1213	10.820824
1214	10.820824
1215	10.820824
1216	10.820824
1217	10.820824
1218	10.820824
1219	10.820824
1220	10.820824
1221	10.820824
1222	10.820824
1223	10.820824
1224	10.820824
1225	10.854455
1226	10.854455
1227	10.854455
1228	10.854455
1229	10.854455
1230	10.854455
1231	10.854455
1232	10.854455
1233	10.854455
1234	10.854455
1235	10.854455
1236	10.854455
1237	10.854455
1238	10.854455
1239	10.854455
1240	10.854455
1241	10.854455
1242	10.854455
1243	10.892265
1244	10.892265
1245	10.892265
1246	10.892265
1247	10.892265
1248	10.892265
1249	10.892265
1250	10.892265
1251	10.892265
1252	10.892265
1253	10.892265
1254	10.892265
1255	10.961716
1256	10.961716
1257	10.961716
1258	10.961716
1259	10.961716
1260	10.961716
1261	10.961716
1262	10.961716
1263	10.961716
1264	10.961716
1265	10.961716
1266	10.961716
1267	10.961716
1268	10.961716
1269	10.961716
1270	10.961716
1271	10.961716
1272	10.961716
1273	10.961716
1274	10.961716
1275	10.961716
1276	10.961716
1277	10.961716
1278	10.961716
1279	10.961716
1280	10.961716
1281	10.961716
1282	10.961716
1283	10.96092
1284	10.96092
1285	10.961716
1286	10.961716
1287	10.961716
1288	10.961716
1289	10.961716
1290	10.961716
1291	10.961716
1292	10.961716
1293	10.961716
1294	10.961716
1295	10.961716
1296	10.961716
1297	10.947587
1298	10.947587
1299	10.944801
1300	10.944801
1301	10.944801
1302	10.944801
1303	10.944801
1304	10.944801
1305	10.944801
1306	10.944801
1307	10.944801
1308	10.944801
1309	10.944801
1310	10.944801
1311	10.944801
1312	10.944801
1313	10.944801
1314	10.944801
1315	10.944801
1316	10.944801
1317	10.944801
1318	10.944801
1319	10.975845
1320	10.975845
1321	10.975845
1322	10.975845
1323	10.975845
1324	10.975845
1325	10.975845
1326	10.975845
1327	10.975845
1328	10.975845
1329	10.975845
1330	10.975845
1331	10.975845
1332	10.975845
1333	10.973059
1334	10.973059
1335	10.973059
1336	10.973059
1337	10.973059
1338	10.973059
1339	10.973059
1340	10.973059
1341	10.973059
1342	10.973059
1343	10.973059
1344	10.973059
1345	10.973059
1346	10.973059
1347	10.973059
1348	10.973059
1349	10.973059
1350	10.972263
1351	10.972263
1352	10.972263
1353	10.972263
1354	10.972263
1355	10.972263
1356	10.972263
1357	10.972263
1358	10.972263
1359	10.972263
1360	10.972263
1361	10.972263
1362	10.972263
1363	10.972263
1364	10.972263
1365	10.972263
1366	10.972263
1367	10.972263
1368	10.972263
1369	10.973059
1370	10.973059
1371	10.973059
1372	10.973059
1373	10.973059
1374	10.973059
1375	10.973059
1376	10.973059
1377	10.973059
1378	10.973059
1379	10.973059
1380	10.973059
1381	10.973059
1382	10.973059
1383	10.973059
1384	10.973059
1385	10.973059
1386	10.973059
1387	10.973059
1388	10.973059
1389	10.973059
1390	10.973059
1391	10.973059
1392	10.973059
1393	10.973059
1394	10.973059
1395	10.975845
1396	10.975845
1397	10.975845
1398	10.975845
1399	10.975845
1400	10.975845
1401	10.975845
1402	10.975845
1403	10.975845
1404	10.975845
1405	10.975845
1406	10.975845
1407	10.975845
1408	10.975845
1409	10.975845
1410	10.975845
1411	10.975845
1412	10.968681
1413	10.968681
1414	10.968681
1415	10.968681
1416	10.968681
1417	10.966293
1418	10.966293
1419	10.966293
1420	10.966293
1421	10.966293
1422	10.966293
1423	10.966293
1424	10.966293
1425	10.966293
1426	10.938632
1427	10.938632
1428	10.938632
1429	10.938632
1430	10.938632
1431	10.938632
1432	10.938632
1433	10.938632
1434	10.938632
1435	10.938632
1436	10.938632
1437	10.938632
1438	10.938632
1439	10.938632
1440	10.938632
1441	10.938632
1442	10.938632
1443	10.938632
1444	10.938632
1445	10.938632
1446	10.938632
1447	10.938632
1448	10.938632
1449	10.938632
1450	10.938632
1451	10.938632
1452	10.938632
1453	10.938632
1454	10.938632
1455	10.938632
1456	10.938632
1457	10.938632
1458	10.938632
1459	10.938632
1460	10.938632
1461	10.938632
1462	10.938632
1463	10.938632
1464	10.938632
1465	10.938632
1466	10.938632
1467	11.024254
1468	11.024254
1469	11.024254
1470	11.024254
1471	11.024254
1472	11.024254
1473	11.024254
1474	11.024254
1475	11.024254
1476	11.024254
1477	11.024254
1478	11.024254
1479	11.024254
1480	11.024254
1481	11.024254
1482	11.024254
1483	11.024254
1484	11.024254
1485	11.024254
1486	11.024254
1487	11.024254
1488	11.024254
1489	11.024254
1490	11.024254
1491	11.024254
1492	11.024254
1493	11.024254
1494	11.024254
1495	11.024254
1496	11.024254
1497	11.024254
1498	11.024254
1499	11.024254
1500	11.024254
1501	11.024254
1502	11.024254
1503	11.024254
1504	11.024254
1505	11.024254
1506	11.024254
1507	11.024254
1508	11.024254
1509	11.024254
1510	11.024254
1511	11.024254
1512	11.024254
1513	11.024254
1514	11.024254
1515	11.024254
1516	11.024254
1517	11.024254
1518	11.024254
1519	11.024254
1520	11.024254
1521	11.024254
1522	11.024254
1523	11.024254
1524	11.024254
1525	11.024254
1526	11.024254
1527	11.024254
1528	11.024254
1529	11.024254
1530	11.024254
1531	11.024254
1532	11.024254
1533	11.024254
1534	11.024254
1535	11.024254
1536	11.024254
1537	11.024254
1538	11.024254
1539	11.024254
1540	11.024254
1541	11.024254
1542	11.024254
1543	11.024254
1544	11.024254
1545	11.024254
1546	11.024254
1547	11.024254
1548	11.024254
1549	11.024254
1550	11.024254
1551	11.024254
1552	11.024254
1553	11.024254
1554	11.024254
1555	11.024254
1556	11.024254
1557	11.024254
1558	11.024254
1559	11.024254
1560	11.024254
1561	11.024254
1562	11.024254
1563	11.024254
1564	11.024254
1565	11.024254
1566	11.024254
1567	11.024254
1568	11.024254
1569	11.024254
1570	11.024254
1571	11.024254
1572	11.024254
1573	11.024254
1574	11.024254
1575	11.024254
1576	11.024254
1577	11.024254
1578	11.024254
1579	11.024254
1580	11.024254
1581	11.024254
1582	11.024254
1583	11.024254
1584	11.024254
1585	11.024254
1586	11.024254
1587	11.024254
1588	11.024254
1589	11.024254
1590	11.024254
1591	11.024254
1592	11.024254
1593	11.024254
1594	11.024254
1595	11.024254
1596	11.024254
1597	11.024254
1598	11.024254
1599	11.024254
1600	11.024254
1601	11.024254
1602	11.024254
1603	11.024254
1604	11.024254
1605	11.024254
1606	11.024254
1607	11.024254
1608	11.024254
1609	11.060619
1610	11.060619
1611	11.060619
1612	11.060619
1613	11.060619
1614	11.060619
1615	11.060619
1616	11.060619
1617	11.060619
1618	11.060619
1619	11.060619
1620	11.060619
1621	11.060619
1622	11.060619
1623	11.060619
1624	11.060619
1625	11.060619
1626	11.060619
1627	11.060619
1628	11.060619
1629	11.060619
1630	11.060619
1631	11.060619
1632	11.060619
1633	11.060619
1634	11.060619
1635	11.060619
1636	11.060619
1637	11.060619
1638	11.060619
1639	11.060619
1640	11.060619
1641	11.060619
1642	11.060619
1643	11.060619
1644	11.060619
1645	11.060619
1646	11.060619
1647	11.060619
1648	11.060619
1649	11.060619
1650	11.060619
1651	11.060619
1652	11.060619
1653	11.060619
1654	11.060619
1655	11.060619
1656	11.060619
1657	11.060619
1658	11.060619
1659	11.060619
1660	11.060619
1661	11.060619
1662	11.060619
1663	11.060619
1664	11.060619
1665	11.060619
1666	11.060619
1667	11.060619
1668	11.060619
1669	11.060619
1670	11.060619
1671	11.060619
1672	11.060619
1673	11.060619
1674	11.060619
1675	11.060619
1676	11.060619
1677	11.060619
1678	11.060619
1679	11.060619
1680	11.060619
1681	11.057833
1682	11.057833
1683	11.057833
1684	11.057833
1685	11.057833
1686	11.057833
1687	11.057833
1688	11.057833
1689	11.057833
1690	11.057833
1691	11.057833
1692	11.057833
1693	11.057833
1694	11.057833
1695	11.057833
1696	11.057833
1697	11.057833
1698	11.057833
1699	11.057833
1700	11.057833
1701	11.057833
1702	11.057833
1703	11.057833
1704	11.057833
1705	11.057833
1706	11.057833
1707	11.057833
1708	11.057833
1709	11.057833
1710	11.057833
1711	11.057833
1712	11.057833
1713	11.057833
1714	11.057833
1715	11.057833
1716	11.057833
1717	11.057833
1718	11.057833
1719	11.057833
1720	11.057833
1721	11.057833
1722	11.057833
1723	11.057833
1724	11.057833
1725	11.057833
1726	11.057833
1727	11.057833
1728	11.057833
1729	11.057833
1730	11.057833
1731	11.057833
1732	11.057833
1733	11.057833
1734	11.057833
1735	11.057833
1736	11.057833
1737	11.057833
1738	11.057833
1739	11.057833
1740	11.057833
1741	11.057833
1742	11.057833
1743	11.057833
1744	11.057833
1745	11.057833
1746	11.057833
1747	11.057833
1748	11.057833
1749	11.057833
1750	11.057833
1751	11.057833
1752	11.057833
1753	11.057833
1754	11.057833
1755	11.057833
1756	11.057833
1757	11.057833
1758	11.057833
1759	11.057833
1760	11.057833
1761	11.057833
1762	11.057833
1763	11.057833
1764	11.057833
1765	11.057833
1766	11.057833
1767	11.057833
1768	11.057833
1769	11.057833
1770	11.057833
1771	11.057833
1772	11.057833
1773	11.060619
1774	11.060619
1775	11.059823
1776	11.059823
1777	11.059823
1778	11.059823
1779	11.059823
1780	11.059823
1781	11.059823
1782	11.059823
1783	11.059823
1784	11.059823
1785	11.059823
1786	11.059823
1787	11.059823
1788	11.059823
1789	11.059823
1790	11.059823
1791	11.059823
1792	11.059823
1793	11.059823
1794	11.059823
1795	11.059823
1796	11.059823
1797	11.059823
1798	11.059823
1799	11.059823
1800	11.059823
1801	11.059823
1802	11.059823
1803	11.059823
1804	11.059823
1805	11.059823
1806	11.059823
1807	11.059823
1808	11.059823
1809	11.059823
1810	11.059823
1811	11.059823
1812	11.059823
1813	11.059823
1814	11.059823
1815	11.059823
1816	11.059823
1817	11.059823
1818	11.059823
1819	11.059823
1820	11.059823
1821	11.059823
1822	11.059823
1823	11.059823
1824	11.059823
1825	11.059823
1826	11.059823
1827	11.059823
1828	11.059823
1829	11.059823
1830	11.059823
1831	11.059823
1832	11.059823
1833	11.059823
1834	11.059823
1835	11.059823
1836	11.059823
1837	11.059823
1838	11.059823
1839	11.059823
1840	11.059823
1841	11.059823
1842	11.059823
1843	11.059823
1844	11.059823
1845	11.059823
1846	11.059823
1847	11.059823
1848	11.059823
1849	11.059823
1850	11.059823
1851	11.059823
1852	11.059823
1853	11.059823
1854	11.059823
1855	11.059823
1856	11.059823
1857	11.059823
1858	11.059823
1859	11.059823
1860	11.059823
1861	11.059823
1862	11.059823
1863	11.059823
1864	11.059823
1865	11.059823
1866	11.059823
1867	11.059823
1868	11.059823
1869	11.059823
1870	11.059823
1871	11.059823
1872	11.059823
1873	11.059823
1874	11.059823
1875	11.059823
1876	11.059823
1877	11.059823
1878	11.059823
1879	11.059823
1880	11.059823
1881	11.059823
1882	11.059823
1883	11.059823
1884	11.059823
1885	11.059823
1886	11.059823
1887	11.059823
1888	11.059823
1889	11.059823
1890	11.059823
1891	11.059823
1892	11.059823
1893	11.059823
1894	11.059823
1895	11.059823
1896	11.059823
1897	11.059823
1898	11.059823
1899	11.059823
1900	11.059823
1901	11.059823
1902	11.059823
1903	11.059823
1904	11.059823
1905	11.059823
1906	11.059823
1907	11.059823
1908	11.059823
1909	11.059823
1910	11.059823
1911	11.059823
1912	11.059823
1913	11.059823
1914	11.059823
1915	11.059823
1916	11.059823
1917	11.059823
1918	11.059823
1919	11.059823
1920	11.059823
1921	11.059823
1922	11.059823
1923	11.059823
1924	11.059823
1925	11.059823
1926	11.059823
1927	11.059823
1928	11.059823
1929	11.059823
1930	11.059823
1931	11.059823
1932	11.059823
1933	11.059823
1934	11.059823
1935	11.059823
1936	11.059823
1937	11.059823
1938	11.059823
1939	11.059823
1940	11.059823
1941	11.059823
1942	11.059823
1943	11.059823
1944	11.059823
1945	11.059823
1946	11.059823
1947	11.059823
1948	11.059823
1949	11.059823
1950	11.059823
1951	11.059823
1952	11.059823
1953	11.059823
1954	11.059823
1955	11.059823
1956	11.059823
1957	11.059823
1958	11.059823
1959	11.059823
1960	11.059823
1961	11.059823
1962	11.059823
1963	11.059823
1964	11.059823
1965	11.059823
1966	11.059823
1967	11.059823
1968	11.059823
1969	11.059823
1970	11.059823
1971	11.059823
1972	11.059823
1973	11.059823
1974	11.059823
1975	11.059823
1976	11.059823
1977	11.059823
1978	11.059823
1979	11.059823
1980	11.059823
1981	11.059823
1982	11.059823
1983	11.059823
1984	11.059823
1985	11.059823
1986	11.059823
1987	11.059823
1988	11.059823
1989	11.059823
1990	11.059823
1991	11.059823
1992	11.059823
1993	11.059823
1994	11.059823
1995	11.059823
1996	11.059823
1997	11.059823
1998	11.059823
1999	11.059823
2000	11.059823
2001	11.059823
2002	11.059823
2003	11.059823
2004	11.059823
2005	11.059823
2006	11.059823
2007	11.059823
2008	11.059823
2009	11.059823
2010	11.059823
2011	11.059823
2012	11.059823
2013	11.059823
2014	11.059823
2015	11.059823
2016	11.059823
2017	11.059823
2018	11.059823
2019	11.059823
2020	11.059823
2021	11.059823
2022	11.059823
2023	11.059823
2024	11.059823
2025	11.059823
2026	11.059823
2027	11.059823
2028	11.059823
2029	11.059823
2030	11.059823
2031	11.059823
2032	11.059823
2033	11.059823
2034	11.059823
2035	11.059823
2036	11.059823
2037	11.059823
2038	11.059823
2039	11.059823
2040	11.059823
2041	11.059823
2042	11.059823
2043	11.059823
2044	11.059823
2045	11.059823
2046	11.059823
2047	11.059823
2048	11.059823
2049	11.059823
2050	11.059823
2051	11.059823
2052	11.059823
2053	11.059823
2054	11.059823
2055	11.059823
2056	11.059823
2057	11.059823
2058	11.059823
2059	11.059823
2060	11.059823
2061	11.059823
2062	11.059823
2063	11.059823
2064	11.059823
2065	11.059823
2066	11.059823
2067	11.059823
2068	11.059823
2069	11.059823
2070	11.060619
2071	11.060619
2072	11.060619
2073	11.060619
2074	11.060619
2075	11.060619
2076	11.060619
2077	11.060619
2078	11.060619
2079	11.060619
2080	11.060619
2081	11.060619
2082	11.060619
2083	11.060619
2084	11.060619
2085	11.060619
2086	11.060619
2087	11.060619
2088	11.060619
2089	11.060619
2090	11.060619
2091	11.060619
2092	11.063803
2093	11.063803
2094	11.063803
2095	11.063803
2096	11.063803
2097	11.063803
2098	11.063803
2099	11.063803
2100	11.063803
2101	11.063803
2102	11.063803
2103	11.063803
2104	11.063803
2105	11.063803
2106	11.063803
2107	11.063803
2108	11.063803
2109	11.063803
2110	11.063803
2111	11.063803
2112	11.063803
2113	11.063803
2114	11.063803
2115	11.063803
2116	11.063803
2117	11.063803
2118	11.063803
2119	11.063803
2120	11.063803
2121	11.063803
2122	11.063803
2123	11.063803
2124	11.063803
2125	11.063803
2126	11.063803
2127	11.063803
2128	11.063803
2129	11.063803
2130	11.063803
2131	11.063803
2132	11.063803
2133	11.063803
2134	11.063803
2135	11.063803
2136	11.063803
2137	11.063007
2138	11.063007
2139	11.063007
2140	11.063007
2141	11.063007
2142	11.063007
2143	11.063007
2144	11.063007
2145	11.063007
2146	11.063007
2147	11.063007
2148	11.063007
2149	11.063007
2150	11.063007
2151	11.063007
2152	11.063007
2153	11.063007
2154	11.063007
2155	11.063007
2156	11.063007
2157	11.063007
2158	11.063007
2159	11.063007
2160	11.063007
2161	11.058231
2162	11.058231
2163	11.058231
2164	11.058231
2165	11.058231
2166	11.058231
2167	11.058231
2168	11.058231
2169	11.058231
2170	11.058231
2171	11.058231
2172	11.058231
2173	11.058231
2174	11.058231
2175	11.058231
2176	11.058231
2177	11.058231
2178	11.058231
2179	11.058231
2180	11.058231
2181	11.058231
2182	11.058231
2183	11.058231
2184	11.058231
2185	11.058231
2186	11.058231
2187	11.058231
2188	11.058231
2189	11.058231
2190	11.058231
2191	11.058231
2192	11.058231
2193	11.058231
2194	11.058231
2195	11.058231
2196	11.058231
2197	11.058231
2198	11.058231
2199	11.058231
2200	11.058231
2201	11.058231
2202	11.058231
2203	11.058231
2204	11.058231
2205	11.058231
2206	11.058231
2207	11.058231
2208	11.058231
2209	11.058231
2210	11.058231
2211	11.058231
2212	11.058231
2213	11.058231
2214	11.058231
2215	11.058231
2216	11.058231
2217	11.058231
2218	11.058231
2219	11.058231
2220	11.058231
2221	11.058231
2222	11.058231
2223	11.058231
2224	11.058231
2225	11.058231
2226	11.058231
2227	11.058231
2228	11.058231
2229	11.058231
2230	11.058231
2231	11.058231
2232	11.065395
2233	11.065395
2234	11.065395
2235	11.065395
2236	11.065395
2237	11.065395
2238	11.065395
2239	11.065395
2240	11.065395
2241	11.065395
2242	11.065395
2243	11.065395
2244	11.065395
2245	11.065395
2246	11.065395
2247	11.065395
2248	11.065395
2249	11.065395
2250	11.065395
2251	11.065395
2252	11.065395
2253	11.065395
2254	11.065395
2255	11.065395
2256	11.065395
2257	11.065395
2258	11.065395
2259	11.065395
2260	11.065395
2261	11.065395
2262	11.065395
2263	11.065395
2264	11.065395
2265	11.065395
2266	11.065395
2267	11.065395
2268	11.065395
2269	11.065395
2270	11.065395
2271	11.065395
2272	11.065395
2273	11.065395
2274	11.065395
2275	11.065395
2276	11.065395
2277	11.065395
2278	11.066191
2279	11.066191
2280	11.066191
2281	11.066191
2282	11.066191
2283	11.066191
2284	11.066191
2285	11.066191
2286	11.066191
2287	11.066191
2288	11.066191
2289	11.066191
2290	11.066191
2291	11.066191
2292	11.066191
2293	11.066191
2294	11.066191
2295	11.066191
2296	11.066191
2297	11.066191
2298	11.066191
2299	11.070967
2300	11.070967
2301	11.070967
2302	11.070967
2303	11.070967
2304	11.070967
2305	11.070967
2306	11.070967
2307	11.070967
2308	11.070967
2309	11.070967
2310	11.070967
2311	11.070967
2312	11.070967
2313	11.070967
2314	11.070967
2315	11.070967
2316	11.070967
2317	11.070967
2318	11.070967
2319	11.070967
2320	11.070967
2321	11.070967
2322	11.070967
2323	11.070967
2324	11.070967
2325	11.070967
2326	11.070967
2327	11.070967
2328	11.070967
2329	11.070967
2330	11.070967
2331	11.070967
2332	11.070967
2333	11.070967
2334	11.070967
2335	11.070967
2336	11.070967
2337	11.070967
2338	11.070967
2339	11.070967
2340	11.070967
2341	11.070967
2342	11.070967
2343	11.070967
2344	11.070967
2345	11.070967
2346	11.070967
2347	11.070967
2348	11.070967
2349	11.070967
2350	11.070967
2351	11.070967
2352	11.070967
2353	11.070967
2354	11.070967
2355	11.070967
2356	11.070967
2357	11.070967
2358	11.070967
2359	11.070967
2360	11.070967
2361	11.070967
2362	11.070967
2363	11.070967
2364	11.070967
2365	11.070967
2366	11.070967
2367	11.070967
2368	11.070967
2369	11.070967
2370	11.070967
2371	11.070967
2372	11.070967
2373	11.070967
2374	11.070967
2375	11.070967
2376	11.070967
2377	11.070967
2378	11.070967
2379	11.070967
2380	11.070967
2381	11.070967
2382	11.070967
2383	11.070967
2384	11.070967
2385	11.070967
2386	11.070967
2387	11.070967
2388	11.070967
2389	11.070967
2390	11.070967
2391	11.070967
2392	11.070967
2393	11.070967
2394	11.070967
2395	11.070967
2396	11.070967
2397	11.070967
2398	11.070967
2399	11.070967
2400	11.070967
2401	11.070967
2402	11.070967
2403	11.070967
2404	11.070967
2405	11.070967
2406	11.070967
2407	11.070967
2408	11.070967
2409	11.070967
2410	11.070967
2411	11.070967
2412	11.070967
2413	11.070967
2414	11.070967
2415	11.070967
2416	11.070967
2417	11.070967
2418	11.070967
2419	11.070967
2420	11.070967
2421	11.070967
2422	11.070967
2423	11.070967
2424	11.070967
2425	11.070967
2426	11.070967
2427	11.070967
2428	11.070967
2429	11.070967
2430	11.070967
2431	11.070967
2432	11.070967
2433	11.070967
2434	11.070967
2435	11.070967
2436	11.070967
2437	11.070967
2438	11.070967
2439	11.070967
2440	11.070967
2441	11.070967
2442	11.070967
2443	11.070967
2444	11.070967
2445	11.070967
2446	11.070967
2447	11.070967
2448	11.070967
2449	11.070967
2450	11.070967
2451	11.070967
2452	11.070967
2453	11.070967
2454	11.070967
2455	11.070967
2456	11.070967
2457	11.070967
2458	11.070967
2459	11.070967
2460	11.070967
2461	11.070967
2462	11.070967
2463	11.070967
2464	11.070967
2465	11.070967
2466	11.070967
2467	11.070967
2468	11.070967
2469	11.070967
2470	11.070967
2471	11.070967
2472	11.070967
2473	11.070967
2474	11.070967
2475	11.070967
2476	11.070967
2477	11.070967
2478	11.070967
2479	11.070967
2480	11.070967
2481	11.070967
2482	11.070967
2483	11.070967
2484	11.070967
2485	11.070967
2486	11.070967
2487	11.070967
2488	11.070967
2489	11.070967
2490	11.070967
2491	11.070967
2492	11.070967
2493	11.070967
2494	11.070967
2495	11.070967
2496	11.070967
2497	11.070967
2498	11.070967
2499	11.070967
2500	11.070967
2501	11.070967
2502	11.070967
2503	11.070967
2504	11.070967
2505	11.070967
2506	11.070967
2507	11.070967
2508	11.070967
2509	11.070967
2510	11.070967
2511	11.070967
2512	11.070967
2513	11.070967
2514	11.070967
2515	11.070967
2516	11.070967
2517	11.070967
2518	11.070967
2519	11.070967
2520	11.070967
2521	11.070967
2522	11.070967
2523	11.070967
2524	11.070967
2525	11.070967
2526	11.070967
2527	11.070967
2528	11.070967
2529	11.070967
2530	11.070967
2531	11.070967
2532	11.070967
2533	11.070967
2534	11.070967
2535	11.070967
2536	11.070967
2537	11.070967
2538	11.070967
2539	11.070967
2540	11.070967
2541	11.070967
2542	11.070967
2543	11.070967
2544	11.070967
2545	11.070967
2546	11.070967
2547	11.070967
2548	11.070967
2549	11.070967
2550	11.070967
2551	11.070967
2552	11.070967
2553	11.070967
2554	11.070967
2555	11.070967
2556	11.070967
2557	11.070967
2558	11.070967
2559	11.070967
2560	11.070967
2561	11.070967
2562	11.070967
2563	11.070967
2564	11.070967
2565	11.070967
2566	11.070967
2567	11.070967
2568	11.070967
2569	11.070967
2570	11.070967
2571	11.070967
2572	11.070967
2573	11.070967
2574	11.070967
2575	11.070967
2576	11.070967
2577	11.070967
2578	11.070967
2579	11.070967
2580	11.070967
2581	11.070967
2582	11.070967
2583	11.070967
2584	11.070967
2585	11.070967
2586	11.070967
2587	11.070967
2588	11.070967
2589	11.070967
2590	11.070967
2591	11.070967
2592	11.070967
2593	11.070967
2594	11.070967
2595	11.070967
2596	11.070967
2597	11.070967
2598	11.070967
2599	11.070967
2600	11.070967
2601	11.070967
2602	11.070967
2603	11.070967
2604	11.070967
2605	11.070967
2606	11.070967
2607	11.070967
2608	11.070967
2609	11.070967
2610	11.070967
2611	11.070967
2612	11.070967
2613	11.070967
2614	11.070967
2615	11.070967
2616	11.070967
2617	11.070967
2618	11.070967
2619	11.070967
2620	11.070967
2621	11.070967
2622	11.070967
2623	11.070967
2624	11.070967
2625	11.070967
2626	11.070967
2627	11.070967
2628	11.070967
2629	11.070967
2630	11.070967
2631	11.070967
2632	11.070967
2633	11.070967
2634	11.070967
2635	11.070967
2636	11.070967
2637	11.070967
2638	11.070967
2639	11.070967
2640	11.070967
2641	11.070967
2642	11.070967
2643	11.070967
2644	11.070967
2645	11.070967
2646	11.070967
2647	11.070967
2648	11.070967
2649	11.070967
2650	11.070967
2651	11.070967
2652	11.070967
2653	11.070967
2654	11.070967
2655	11.070967
2656	11.070967
2657	11.070967
2658	11.070967
2659	11.070967
2660	11.070967
2661	11.070967
2662	11.070967
2663	11.070967
2664	11.070967
2665	11.070967
2666	11.070967
2667	11.070967
2668	11.070967
2669	11.070967
2670	11.070967
2671	11.070967
2672	11.070967
2673	11.070967
2674	11.070967
2675	11.070967
2676	11.070967
2677	11.070967
2678	11.070967
2679	11.070967
2680	11.070967
2681	11.070967
2682	11.070967
2683	11.070967
2684	11.070967
2685	11.070967
2686	11.070967
2687	11.070967
2688	11.070967
2689	11.070967
2690	11.070967
2691	11.070967
2692	11.070967
2693	11.070967
2694	11.070967
2695	11.070967
2696	11.070967
2697	11.070967
2698	11.070967
2699	11.070967
2700	11.070967
2701	11.070967
2702	11.070967
2703	11.070967
2704	11.070967
2705	11.070967
2706	11.070967
2707	11.070967
2708	11.070967
2709	11.070967
2710	11.070967
2711	11.070967
2712	11.070967
2713	11.070967
2714	11.070967
2715	11.070967
2716	11.070967
2717	11.070967
2718	11.070967
2719	11.070967
2720	11.070967
2721	11.070967
2722	11.070967
2723	11.070967
2724	11.070967
2725	11.070967
2726	11.070967
2727	11.070967
2728	11.070967
2729	11.070967
2730	11.070967
2731	11.070967
2732	11.070967
2733	11.070967
2734	11.070967
2735	11.070967
2736	11.070967
2737	11.070967
2738	11.070967
2739	11.070967
2740	11.070967
2741	11.070967
2742	11.070967
2743	11.070967
2744	11.070967
2745	11.070967
2746	11.070967
2747	11.070967
2748	11.070967
2749	11.070967
2750	11.070967
2751	11.070967
2752	11.070967
2753	11.070967
2754	11.070967
2755	11.070967
2756	11.070967
2757	11.070967
2758	11.070967
2759	11.070967
2760	11.070967
2761	11.070967
2762	11.070967
2763	11.070967
2764	11.070967
2765	11.070967
2766	11.070967
2767	11.070967
2768	11.070967
2769	11.070967
2770	11.070967
2771	11.070967
2772	11.070967
2773	11.070967
2774	11.070967
2775	11.070967
2776	11.070967
2777	11.070967
2778	11.070967
2779	11.070967
2780	11.070967
2781	11.070967
2782	11.070967
2783	11.070967
2784	11.070967
2785	11.070967
2786	11.070967
2787	11.070967
2788	11.070967
2789	11.070967
2790	11.070967
2791	11.070967
2792	11.070967
2793	11.070967
2794	11.070967
2795	11.070967
2796	11.070967
2797	11.070967
2798	11.070967
2799	11.070967
2800	11.070967
2801	11.070967
2802	11.070967
2803	11.070967
2804	11.070967
2805	11.070967
2806	11.070967
2807	11.070967
2808	11.070967
2809	11.070967
2810	11.070967
2811	11.070967
2812	11.070967
2813	11.070967
2814	11.070967
2815	11.070967
2816	11.070967
2817	11.070967
2818	11.070967
2819	11.070967
2820	11.070967
2821	11.070967
2822	11.070967
2823	11.070967
2824	11.070967
2825	11.070967
2826	11.070967
2827	11.070967
2828	11.070967
2829	11.070967
2830	11.070967
2831	11.070967
2832	11.070967
2833	11.070967
2834	11.070967
2835	11.070967
2836	11.070967
2837	11.070967
2838	11.070967
2839	11.070967
2840	11.070967
2841	11.070967
2842	11.070967
2843	11.070967
2844	11.070967
2845	11.070967
2846	11.070967
2847	11.070967
2848	11.070967
2849	11.070967
2850	11.070967
2851	11.070967
2852	11.070967
2853	11.070967
2854	11.070967
2855	11.070967
2856	11.070967
2857	11.070967
2858	11.070967
2859	11.070967
2860	11.070967
2861	11.070967
2862	11.070967
2863	11.070967
2864	11.070967
2865	11.070967
2866	11.070967
2867	11.070967
2868	11.070967
2869	11.070967
2870	11.070967
2871	11.070967
2872	11.070967
2873	11.070967
2874	11.070967
2875	11.070967
2876	11.070967
2877	11.070967
2878	11.070967
2879	11.070967
2880	11.070967
2881	11.070967
2882	11.070967
2883	11.070967
2884	11.070967
2885	11.070967
2886	11.070967
2887	11.070967
2888	11.070967
2889	11.070967
2890	11.070967
2891	11.070967
2892	11.070967
2893	11.070967
2894	11.070967
2895	11.070967
2896	11.070967
2897	11.070967
2898	11.070967
2899	11.070967
2900	11.070967
2901	11.070967
2902	11.070967
2903	11.070967
2904	11.070967
2905	11.070967
2906	11.070967
2907	11.070967
2908	11.070967
2909	11.070967
2910	11.070967
2911	11.070967
2912	11.070967
2913	11.070967
2914	11.070967
2915	11.070967
2916	11.070967
2917	11.070967
2918	11.070967
2919	11.070967
2920	11.070967
2921	11.070967
2922	11.070967
2923	11.070967
2924	11.070967
2925	11.070967
2926	11.070967
2927	11.070967
2928	11.070967
2929	11.070967
2930	11.070967
2931	11.070967
2932	11.070967
2933	11.070967
2934	11.070967
2935	11.070967
2936	11.070967
2937	11.070967
2938	11.070967
2939	11.070967
2940	11.070967
2941	11.070967
2942	11.070967
2943	11.070967
2944	11.070967
2945	11.070967
2946	11.070967
2947	11.070967
2948	11.070967
2949	11.070967
2950	11.070967
2951	11.070967
2952	11.070967
2953	11.070967
2954	11.070967
2955	11.070967
2956	11.070967
2957	11.070967
2958	11.070967
2959	11.070967
2960	11.070967
2961	11.070967
2962	11.070967
2963	11.070967
2964	11.070967
2965	11.070967
2966	11.070967
2967	11.070967
2968	11.070967
2969	11.070967
2970	11.070967
2971	11.070967
2972	11.070967
2973	11.070967
2974	11.070967
2975	11.070967
2976	11.070967
2977	11.070967
2978	11.070967
2979	11.070967
2980	11.070967
2981	11.070967
2982	11.070967
2983	11.070967
2984	11.070967
2985	11.070967
2986	11.070967
2987	11.070967
2988	11.070967
2989	11.070967
2990	11.070967
2991	11.070967
2992	11.070967
2993	11.070967
2994	11.070967
2995	11.070967
2996	11.070967
2997	11.070967
2998	11.070967
2999	11.070967
3000	11.070967
3001	11.070967
3002	11.070967
3003	11.070967
3004	11.070967
3005	11.070967
3006	11.070967
3007	11.070967
3008	11.070967
3009	11.070967
3010	11.070967
3011	11.070967
3012	11.070967
3013	11.070967
3014	11.070967
3015	11.070967
3016	11.070967
3017	11.070967
3018	11.070967
3019	11.070967
3020	11.070967
3021	11.070967
3022	11.070967
3023	11.070967
3024	11.070967
3025	11.070967
3026	11.070967
3027	11.070967
3028	11.070967
3029	11.070967
3030	11.070967
3031	11.070967
3032	11.070967
3033	11.070967
3034	11.070967
3035	11.070967
3036	11.070967
3037	11.070967
3038	11.070967
3039	11.070967
3040	11.070967
3041	11.070967
3042	11.070967
3043	11.070967
3044	11.070967
3045	11.070967
3046	11.070967
3047	11.070967
3048	11.070967
3049	11.070967
3050	11.070967
3051	11.070967
3052	11.070967
3053	11.070967
3054	11.070967
3055	11.070967
3056	11.070967
3057	11.070967
3058	11.070967
3059	11.070967
3060	11.070967
3061	11.070967
3062	11.070967
3063	11.070967
3064	11.070967
3065	11.070967
3066	11.070967
3067	11.070967
3068	11.070967
3069	11.070967
3070	11.070967
3071	11.070967
3072	11.070967
3073	11.070967
3074	11.070967
3075	11.070967
3076	11.070967
3077	11.070967
3078	11.070967
3079	11.070967
3080	11.070967
3081	11.070967
3082	11.070967
3083	11.070967
3084	11.070967
3085	11.070967
3086	11.070967
3087	11.070967
3088	11.070967
3089	11.070967
3090	11.070967
3091	11.070967
3092	11.070967
3093	11.070967
3094	11.070967
3095	11.070967
3096	11.070967
3097	11.070967
3098	11.070967
3099	11.070967
3100	11.070967
3101	11.070967
3102	11.070967
3103	11.070967
3104	11.070967
3105	11.070967
3106	11.070967
3107	11.070967
3108	11.070967
3109	11.070967
3110	11.070967
3111	11.070967
3112	11.070967
3113	11.070967
3114	11.070967
3115	11.070967
3116	11.070967
3117	11.070967
3118	11.070967
3119	11.070967
3120	11.070967
3121	11.070967
3122	11.070967
3123	11.070967
3124	11.070967
3125	11.070967
3126	11.070967
3127	11.070967
3128	11.070967
3129	11.070967
3130	11.070967
3131	11.070967
3132	11.070967
3133	11.070967
3134	11.070967
3135	11.070967
3136	11.070967
3137	11.070967
3138	11.070967
3139	11.070967
3140	11.070967
3141	11.070967
3142	11.070967
3143	11.070967
3144	11.070967
3145	11.070967
3146	11.070967
3147	11.070967
3148	11.070967
3149	11.070967
3150	11.070967
3151	11.070967
3152	11.070967
3153	11.070967
3154	11.070967
3155	11.070967
3156	11.070967
3157	11.070967
3158	11.070967
3159	11.070967
3160	11.070967
3161	11.070967
3162	11.070967
3163	11.070967
3164	11.070967
3165	11.070967
3166	11.070967
3167	11.070967
3168	11.070967
3169	11.070967
3170	11.070967
3171	11.070967
3172	11.070967
3173	11.070967
3174	11.070967
3175	11.070967
3176	11.070967
3177	11.070967
3178	11.070967
3179	11.070967
3180	11.070967
3181	11.070967
3182	11.070967
3183	11.070967
3184	11.070967
3185	11.070967
3186	11.070967
3187	11.070967
3188	11.070967
3189	11.070967
3190	11.070967
3191	11.070967
3192	11.070967
3193	11.070967
3194	11.070967
3195	11.070967
3196	11.070967
3197	11.070967
3198	11.070967
3199	11.070967
3200	11.070967
3201	11.070967
3202	11.070967
3203	11.070967
3204	11.070967
3205	11.070967
3206	11.070967
3207	11.070967
3208	11.070967
3209	11.070967
3210	11.070967
3211	11.070967
3212	11.070967
3213	11.070967
3214	11.070967
3215	11.070967
3216	11.070967
3217	11.070967
3218	11.070967
3219	11.070967
3220	11.070967
3221	11.070967
3222	11.070967
3223	11.070967
3224	11.070967
3225	11.070967
3226	11.070967
3227	11.070967
3228	11.070967
3229	11.070967
3230	11.070967
3231	11.070967
3232	11.070967
3233	11.070967
3234	11.070967
3235	11.070967
3236	11.070967
3237	11.070967
3238	11.070967
3239	11.070967
3240	11.070967
3241	11.070967
3242	11.070967
3243	11.070967
3244	11.070967
3245	11.070967
3246	11.070967
3247	11.070967
3248	11.070967
3249	11.070967
3250	11.070967
3251	11.070967
3252	11.070967
3253	11.070967
3254	11.070967
3255	11.070967
3256	11.070967
3257	11.070967
3258	11.070967
3259	11.070967
3260	11.070967
3261	11.070967
3262	11.070967
3263	11.070967
3264	11.070967
3265	11.070967
3266	11.070967
3267	11.070967
3268	11.070967
3269	11.070967
3270	11.070967
3271	11.070967
3272	11.070967
3273	11.070967
3274	11.070967
3275	11.070967
3276	11.070967
3277	11.070967
3278	11.070967
3279	11.070967
3280	11.070967
3281	11.070967
3282	11.070967
3283	11.070967
3284	11.070967
3285	11.070967
3286	11.070967
3287	11.070967
3288	11.070967
3289	11.070967
3290	11.070967
3291	11.070967
3292	11.070967
3293	11.070967
3294	11.070967
3295	11.070967
3296	11.070967
3297	11.070967
3298	11.070967
3299	11.070967
3300	11.070967
3301	11.070967
3302	11.070967
3303	11.070967
3304	11.070967
3305	11.070967
3306	11.070967
3307	11.070967
3308	11.070967
3309	11.070967
3310	11.070967
3311	11.070967
3312	11.070967
3313	11.070967
3314	11.070967
3315	11.070967
3316	11.070967
3317	11.070967
3318	11.070967
3319	11.070967
3320	11.070967
3321	11.070967
3322	11.070967
3323	11.070967
3324	11.070967
3325	11.070967
3326	11.070967
3327	11.070967
3328	11.070967
3329	11.070967
3330	11.070967
3331	11.070967
3332	11.070967
3333	11.070967
3334	11.070967
3335	11.070967
3336	11.070967
3337	11.070967
3338	11.070967
3339	11.070967
3340	11.070967
3341	11.070967
3342	11.070967
3343	11.070967
3344	11.070967
3345	11.070967
3346	11.070967
3347	11.070967
3348	11.070967
3349	11.070967
3350	11.070967
3351	11.070967
3352	11.070967
3353	11.070967
3354	11.070967
3355	11.070967
3356	11.070967
3357	11.070967
3358	11.070967
3359	11.070967
3360	11.070967
3361	11.070967
3362	11.070967
3363	11.070967
3364	11.070967
3365	11.070967
3366	11.070967
3367	11.070967
3368	11.070967
3369	11.070967
3370	11.070967
3371	11.070967
3372	11.070967
3373	11.070967
3374	11.070967
3375	11.070967
3376	11.070967
3377	11.070967
3378	11.070967
3379	11.070967
3380	11.070967
3381	11.070967
3382	11.070967
3383	11.070967
3384	11.070967
3385	11.070967
3386	11.070967
3387	11.070967
3388	11.070967
3389	11.070967
3390	11.070967
3391	11.070967
3392	11.070967
3393	11.070967
3394	11.070967
3395	11.070967
3396	11.070967
3397	11.070967
3398	11.070967
3399	11.070967
3400	11.070967
3401	11.070967
3402	11.070967
3403	11.070967
3404	11.070967
3405	11.070967
3406	11.070967
3407	11.070967
3408	11.070967
3409	11.070967
3410	11.070967
3411	11.070967
3412	11.070967
3413	11.070967
3414	11.070967
3415	11.070967
3416	11.070967
3417	11.070967
3418	11.070967
3419	11.070967
3420	11.070967
3421	11.070967
3422	11.070967
3423	11.070967
3424	11.070967
3425	11.070967
3426	11.070967
3427	11.070967
3428	11.070967
3429	11.070967
3430	11.070967
3431	11.070967
3432	11.070967
3433	11.070967
3434	11.070967
3435	11.070967
3436	11.070967
3437	11.070967
3438	11.070967
3439	11.070967
3440	11.070967
3441	11.070967
3442	11.070967
3443	11.070967
3444	11.070967
3445	11.070967
3446	11.070967
3447	11.070967
3448	11.070967
3449	11.070967
3450	11.070967
3451	11.070967
3452	11.070967
3453	11.070967
3454	11.070967
3455	11.070967
3456	11.070967
3457	11.070967
3458	11.070967
3459	11.070967
3460	11.070967
3461	11.070967
3462	11.070967
3463	11.070967
3464	11.070967
3465	11.070967
3466	11.070967
3467	11.070967
3468	11.070967
3469	11.070967
3470	11.070967
3471	11.070967
3472	11.070967
3473	11.070967
3474	11.070967
3475	11.070967
3476	11.070967
3477	11.070967
3478	11.070967
3479	11.070967
3480	11.070967
3481	11.070967
3482	11.070967
3483	11.070967
3484	11.070967
3485	11.070967
3486	11.070967
3487	11.070967
3488	11.070967
3489	11.070967
3490	11.070967
3491	11.070967
3492	11.070967
3493	11.070967
3494	11.070967
3495	11.070967
3496	11.070967
3497	11.070967
3498	11.070967
3499	11.070967
3500	11.070967
3501	11.070967
3502	11.070967
3503	11.070967
3504	11.070967
3505	11.070967
3506	11.070967
3507	11.070967
3508	11.070967
3509	11.070967
3510	11.070967
3511	11.070967
3512	11.070967
3513	11.070967
3514	11.070967
3515	11.070967
3516	11.070967
3517	11.070967
3518	11.070967
3519	11.070967
3520	11.070967
3521	11.070967
3522	11.070967
3523	11.070967
3524	11.070967
3525	11.070967
3526	11.070967
3527	11.070967
3528	11.070967
3529	11.070967
3530	11.070967
3531	11.070967
3532	11.070967
3533	11.070967
3534	11.070967
3535	11.070967
3536	11.070967
3537	11.070967
3538	11.070967
3539	11.070967
3540	11.070967
3541	11.070967
3542	11.070967
3543	11.070967
3544	11.070967
3545	11.070967
3546	11.070967
3547	11.070967
3548	11.070967
3549	11.070967
3550	11.070967
3551	11.070967
3552	11.070967
3553	11.070967
3554	11.070967
3555	11.070967
3556	11.070967
3557	11.070967
3558	11.070967
3559	11.070967
3560	11.070967
3561	11.070967
3562	11.070967
3563	11.070967
3564	11.070967
3565	11.070967
3566	11.070967
3567	11.070967
3568	11.070967
3569	11.070967
3570	11.070967
3571	11.070967
3572	11.070967
3573	11.070967
3574	11.070967
3575	11.070967
3576	11.070967
3577	11.070967
3578	11.070967
3579	11.070967
3580	11.070967
3581	11.070967
3582	11.070967
3583	11.070967
3584	11.070967
3585	11.070967
3586	11.070967
3587	11.070967
3588	11.070967
3589	11.070967
3590	11.070967
3591	11.070967
3592	11.070967
3593	11.070967
3594	11.070967
3595	11.070967
3596	11.070967
3597	11.070967
3598	11.070967
3599	11.070967
3600	11.070967
3601	11.070967
3602	11.070967
3603	11.070967
3604	11.070967
3605	11.070967
3606	11.070967
3607	11.070967
3608	11.070967
3609	11.070967
3610	11.070967
3611	11.070967
3612	11.070967
3613	11.070967
3614	11.070967
3615	11.070967
3616	11.070967
3617	11.070967
3618	11.070967
3619	11.070967
3620	11.070967
3621	11.070967
3622	11.070967
3623	11.070967
3624	11.070967
3625	11.070967
3626	11.070967
3627	11.070967
3628	11.070967
3629	11.070967
3630	11.070967
3631	11.070967
3632	11.070967
3633	11.070967
3634	11.070967
3635	11.070967
3636	11.070967
3637	11.070967
3638	11.070967
3639	11.070967
3640	11.070967
3641	11.070967
3642	11.070967
3643	11.070967
3644	11.070967
3645	11.070967
3646	11.070967
3647	11.070967
3648	11.070967
3649	11.070967
3650	11.070967
3651	11.070967
3652	11.070967
3653	11.070967
3654	11.070967
3655	11.070967
3656	11.070967
3657	11.070967
3658	11.070967
3659	11.070967
3660	11.070967
3661	11.070967
3662	11.070967
3663	11.070967
3664	11.070967
3665	11.070967
3666	11.070967
3667	11.070967
3668	11.070967
3669	11.070967
3670	11.070967
3671	11.070967
3672	11.070967
3673	11.070967
3674	11.070967
3675	11.070967
3676	11.070967
3677	11.070967
3678	11.070967
3679	11.070967
3680	11.070967
3681	11.070967
3682	11.070967
3683	11.070967
3684	11.070967
3685	11.070967
3686	11.070967
3687	11.070967
3688	11.070967
3689	11.070967
3690	11.070967
3691	11.070967
3692	11.070967
3693	11.070967
3694	11.070967
3695	11.070967
3696	11.070967
3697	11.070967
3698	11.070967
3699	11.070967
3700	11.070967
3701	11.070967
3702	11.070967
3703	11.070967
3704	11.070967
3705	11.070967
3706	11.070967
3707	11.070967
3708	11.070967
3709	11.070967
3710	11.070967
3711	11.070967
3712	11.070967
3713	11.070967
3714	11.070967
3715	11.070967
3716	11.070967
3717	11.070967
3718	11.070967
3719	11.070967
3720	11.070967
3721	11.070967
3722	11.070967
3723	11.070967
3724	11.070967
3725	11.070967
3726	11.070967
3727	11.070967
3728	11.070967
3729	11.070967
3730	11.070967
3731	11.070967
3732	11.070967
3733	11.070967
3734	11.070967
3735	11.070967
3736	11.070967
3737	11.070967
3738	11.070967
3739	11.070967
3740	11.070967
3741	11.070967
3742	11.070967
3743	11.070967
3744	11.070967
3745	11.070967
3746	11.070967
3747	11.070967
3748	11.070967
3749	11.070967
3750	11.070967
3751	11.070967
3752	11.070967
3753	11.070967
3754	11.070967
3755	11.070967
3756	11.070967
3757	11.070967
3758	11.070967
3759	11.070967
3760	11.070967
3761	11.070967
3762	11.070967
3763	11.070967
3764	11.070967
3765	11.070967
3766	11.070967
3767	11.070967
3768	11.070967
3769	11.070967
3770	11.070967
3771	11.070967
3772	11.070967
3773	11.070967
3774	11.070967
3775	11.070967
3776	11.070967
3777	11.070967
3778	11.070967
3779	11.070967
3780	11.070967
3781	11.070967
3782	11.070967
3783	11.070967
3784	11.070967
3785	11.070967
3786	11.070967
3787	11.070967
3788	11.070967
3789	11.070967
3790	11.070967
3791	11.070967
3792	11.070967
3793	11.070967
3794	11.070967
3795	11.070967
3796	11.070967
3797	11.070967
3798	11.070967
3799	11.070967
3800	11.070967
3801	11.070967
3802	11.070967
3803	11.070967
3804	11.070967
3805	11.070967
3806	11.070967
3807	11.070967
3808	11.070967
3809	11.070967
3810	11.070967
3811	11.070967
3812	11.070967
3813	11.070967
3814	11.070967
3815	11.070967
3816	11.070967
3817	11.070967
3818	11.070967
3819	11.070967
3820	11.070967
3821	11.070967
3822	11.070967
3823	11.070967
3824	11.070967
3825	11.070967
3826	11.070967
3827	11.070967
3828	11.070967
3829	11.070967
3830	11.070967
3831	11.070967
3832	11.070967
3833	11.070967
3834	11.070967
3835	11.070967
3836	11.070967
3837	11.070967
3838	11.070967
3839	11.070967
3840	11.070967
3841	11.070967
3842	11.070967
3843	11.070967
3844	11.070967
3845	11.070967
3846	11.070967
3847	11.070967
3848	11.070967
3849	11.070967
3850	11.070967
3851	11.070967
3852	11.070967
3853	11.070967
3854	11.070967
3855	11.070967
3856	11.070967
3857	11.070967
3858	11.070967
3859	11.070967
3860	11.070967
3861	11.070967
3862	11.070967
3863	11.070967
3864	11.070967
3865	11.070967
3866	11.070967
3867	11.070967
3868	11.070967
3869	11.070967
3870	11.070967
3871	11.070967
3872	11.070967
3873	11.070967
3874	11.070967
3875	11.070967
3876	11.070967
3877	11.070967
3878	11.070967
3879	11.070967
3880	11.070967
3881	11.070967
3882	11.070967
3883	11.070967
3884	11.070967
3885	11.070967
3886	11.070967
3887	11.070967
3888	11.070967
3889	11.070967
3890	11.070967
3891	11.070967
3892	11.070967
3893	11.070967
3894	11.070967
3895	11.070967
3896	11.070967
3897	11.070967
3898	11.070967
3899	11.070967
3900	11.070967
3901	11.070967
3902	11.070967
3903	11.070967
3904	11.070967
3905	11.070967
3906	11.070967
3907	11.070967
3908	11.070967
3909	11.070967
3910	11.070967
3911	11.070967
3912	11.070967
3913	11.070967
3914	11.070967
3915	11.070967
3916	11.070967
3917	11.070967
3918	11.070967
3919	11.070967
3920	11.070967
3921	11.070967
3922	11.070967
3923	11.070967
3924	11.070967
3925	11.070967
3926	11.070967
3927	11.070967
3928	11.070967
3929	11.070967
3930	11.070967
3931	11.070967
3932	11.070967
3933	11.070967
3934	11.070967
3935	11.070967
3936	11.070967
3937	11.070967
3938	11.070967
3939	11.070967
3940	11.070967
3941	11.070967
3942	11.070967
3943	11.070967
3944	11.070967
3945	11.070967
3946	11.070967
3947	11.070967
3948	11.070967
3949	11.070967
3950	11.070967
3951	11.070967
3952	11.070967
3953	11.070967
3954	11.070967
3955	11.070967
3956	11.070967
3957	11.070967
3958	11.070967
3959	11.070967
3960	11.070967
3961	11.070967
3962	11.070967
3963	11.070967
3964	11.070967
3965	11.070967
3966	11.070967
3967	11.070967
3968	11.070967
3969	11.070967
3970	11.070967
3971	11.070967
3972	11.070967
3973	11.070967
3974	11.070967
3975	11.070967
3976	11.070967
3977	11.070967
3978	11.070967
3979	11.070967
3980	11.070967
3981	11.070967
3982	11.070967
3983	11.070967
3984	11.070967
3985	11.070967
3986	11.070967
3987	11.070967
3988	11.070967
3989	11.070967
3990	11.070967
3991	11.070967
3992	11.070967
3993	11.070967
3994	11.070967
3995	11.070967
3996	11.070967
3997	11.070967
3998	11.070967
3999	11.070967
4000	11.070967
4001	11.070967
4002	11.070967
4003	11.070967
4004	11.070967
4005	11.070967
4006	11.070967
4007	11.070967
4008	11.070967
4009	11.070967
4010	11.070967
4011	11.070967
4012	11.070967
4013	11.070967
4014	11.070967
4015	11.070967
4016	11.070967
4017	11.070967
4018	11.070967
4019	11.070967
4020	11.070967
4021	11.070967
4022	11.070967
4023	11.070967
4024	11.070967
4025	11.070967
4026	11.070967
4027	11.070967
4028	11.070967
4029	11.070967
4030	11.070967
4031	11.070967
4032	11.070967
4033	11.070967
4034	11.070967
4035	11.070967
4036	11.070967
4037	11.070967
4038	11.070967
4039	11.070967
4040	11.070967
4041	11.070967
4042	11.070967
4043	11.070967
4044	11.070967
4045	11.070967
4046	11.070967
4047	11.070967
4048	11.070967
4049	11.070967
4050	11.070967
4051	11.070967
4052	11.070967
4053	11.070967
4054	11.070967
4055	11.070967
4056	11.070967
4057	11.070967
4058	11.070967
4059	11.070967
4060	11.070967
4061	11.070967
4062	11.070967
4063	11.070967
4064	11.070967
4065	11.070967
4066	11.070967
4067	11.070967
4068	11.070967
4069	11.070967
4070	11.070967
4071	11.070967
4072	11.070967
4073	11.070967
4074	11.070967
4075	11.070967
4076	11.070967
4077	11.070967
4078	11.070967
4079	11.070967
4080	11.070967
4081	11.070967
4082	11.070967
4083	11.070967
4084	11.070967
4085	11.070967
4086	11.070967
4087	11.070967
4088	11.070967
4089	11.070967
4090	11.070967
4091	11.070967
4092	11.070967
4093	11.070967
4094	11.070967
4095	11.070967
4096	11.070967
4097	11.070967
4098	11.070967
4099	11.070967
4100	11.070967
4101	11.070967
4102	11.070967
4103	11.070967
4104	11.070967
4105	11.070967
4106	11.070967
4107	11.070967
4108	11.070967
4109	11.070967
4110	11.070967
4111	11.070967
4112	11.070967
4113	11.070967
4114	11.070967
4115	11.070967
4116	11.070967
4117	11.070967
4118	11.070967
4119	11.070967
4120	11.070967
4121	11.070967
4122	11.070967
4123	11.070967
4124	11.070967
4125	11.070967
4126	11.070967
4127	11.070967
4128	11.070967
4129	11.070967
4130	11.070967
4131	11.070967
4132	11.070967
4133	11.070967
4134	11.070967
4135	11.070967
4136	11.070967
4137	11.070967
4138	11.070967
4139	11.070967
4140	11.070967
4141	11.070967
4142	11.070967
4143	11.070967
4144	11.070967
4145	11.070967
4146	11.070967
4147	11.070967
4148	11.070967
4149	11.070967
4150	11.070967
4151	11.070967
4152	11.070967
4153	11.070967
4154	11.070967
4155	11.070967
4156	11.070967
4157	11.070967
4158	11.070967
4159	11.070967
4160	11.070967
4161	11.070967
4162	11.070967
4163	11.070967
4164	11.070967
4165	11.070967
4166	11.070967
4167	11.070967
4168	11.070967
4169	11.070967
4170	11.070967
4171	11.070967
4172	11.070967
4173	11.070967
4174	11.070967
4175	11.070967
4176	11.070967
4177	11.070967
4178	11.070967
4179	11.070967
4180	11.070967
4181	11.070967
4182	11.070967
4183	11.070967
4184	11.070967
4185	11.070967
4186	11.070967
4187	11.070967
4188	11.070967
4189	11.070967
4190	11.070967
4191	11.070967
4192	11.070967
4193	11.070967
4194	11.070967
4195	11.070967
4196	11.070967
4197	11.070967
4198	11.070967
4199	11.070967
4200	11.070967
4201	11.070967
4202	11.070967
4203	11.070967
4204	11.070967
4205	11.070967
4206	11.070967
4207	11.070967
4208	11.070967
4209	11.070967
4210	11.070967
4211	11.070967
4212	11.070967
4213	11.070967
4214	11.070967
4215	11.070967
4216	11.070967
4217	11.070967
4218	11.070967
4219	11.070967
4220	11.070967
4221	11.070967
4222	11.070967
4223	11.070967
4224	11.070967
4225	11.070967
4226	11.070967
4227	11.070967
4228	11.070967
4229	11.070967
4230	11.070967
4231	11.070967
4232	11.070967
4233	11.070967
4234	11.070967
4235	11.070967
4236	11.070967
4237	11.070967
4238	11.070967
4239	11.070967
4240	11.070967
4241	11.070967
4242	11.070967
4243	11.070967
4244	11.070967
4245	11.070967
4246	11.070967
4247	11.070967
4248	11.070967
4249	11.070967
4250	11.070967
4251	11.070967
4252	11.070967
4253	11.070967
4254	11.070967
4255	11.070967
4256	11.070967
4257	11.070967
4258	11.070967
4259	11.070967
4260	11.070967
4261	11.070967
4262	11.070967
4263	11.070967
4264	11.070967
4265	11.070967
4266	11.070967
4267	11.070967
4268	11.070967
4269	11.070967
4270	11.070967
4271	11.070967
4272	11.070967
4273	11.070967
4274	11.070967
4275	11.070967
4276	11.070967
4277	11.070967
4278	11.070967
4279	11.070967
4280	11.070967
4281	11.070967
4282	11.070967
4283	11.070967
4284	11.070967
4285	11.070967
4286	11.070967
4287	11.070967
4288	11.070967
4289	11.070967
4290	11.070967
4291	11.070967
4292	11.070967
4293	11.070967
4294	11.070967
4295	11.070967
4296	11.070967
4297	11.070967
4298	11.070967
4299	11.070967
4300	11.070967
4301	11.070967
4302	11.070967
4303	11.070967
4304	11.070967
4305	11.070967
4306	11.070967
4307	11.070967
4308	11.070967
4309	11.070967
4310	11.070967
4311	11.070967
4312	11.070967
4313	11.070967
4314	11.070967
4315	11.070967
4316	11.070967
4317	11.070967
4318	11.070967
4319	11.070967
4320	11.070967
4321	11.070967
4322	11.070967
4323	11.070967
4324	11.070967
4325	11.070967
4326	11.070967
4327	11.070967
4328	11.070967
4329	11.070967
4330	11.070967
4331	11.070967
4332	11.070967
4333	11.070967
4334	11.070967
4335	11.070967
4336	11.070967
4337	11.070967
4338	11.070967
4339	11.070967
4340	11.070967
4341	11.070967
4342	11.070967
4343	11.070967
4344	11.070967
4345	11.070967
4346	11.070967
4347	11.070967
4348	11.070967
4349	11.070967
4350	11.070967
4351	11.070967
4352	11.070967
4353	11.070967
4354	11.070967
4355	11.070967
4356	11.070967
4357	11.070967
4358	11.070967
4359	11.070967
4360	11.070967
4361	11.070967
4362	11.070967
4363	11.070967
4364	11.070967
4365	11.070967
4366	11.070967
4367	11.070967
4368	11.070967
4369	11.070967
4370	11.070967
4371	11.070967
4372	11.070967
4373	11.070967
4374	11.070967
4375	11.070967
4376	11.070967
4377	11.070967
4378	11.070967
4379	11.070967
4380	11.070967
4381	11.070967
4382	11.070967
4383	11.070967
4384	11.070967
4385	11.070967
4386	11.070967
4387	11.070967
4388	11.070967
4389	11.070967
4390	11.070967
4391	11.070967
4392	11.070967
4393	11.070967
4394	11.070967
4395	11.070967
4396	11.070967
4397	11.070967
4398	11.070967
4399	11.070967
4400	11.070967
4401	11.070967
4402	11.070967
4403	11.070967
4404	11.070967
4405	11.070967
4406	11.070967
4407	11.070967
4408	11.070967
4409	11.070967
4410	11.070967
4411	11.070967
4412	11.070967
4413	11.070967
4414	11.070967
4415	11.070967
4416	11.070967
4417	11.070967
4418	11.070967
4419	11.070967
4420	11.070967
4421	11.070967
4422	11.070967
4423	11.070967
4424	11.070967
4425	11.070967
4426	11.070967
4427	11.070967
4428	11.070967
4429	11.070967
4430	11.070967
4431	11.070967
4432	11.070967
4433	11.070967
4434	11.070967
4435	11.070967
4436	11.070967
4437	11.070967
4438	11.070967
4439	11.070967
4440	11.070967
4441	11.070967
4442	11.070967
4443	11.070967
4444	11.070967
4445	11.070967
4446	11.070967
4447	11.070967
4448	11.070967
4449	11.070967
4450	11.070967
4451	11.070967
4452	11.070967
4453	11.070967
4454	11.070967
4455	11.070967
4456	11.070967
4457	11.070967
4458	11.070967
4459	11.070967
4460	11.070967
4461	11.070967
4462	11.070967
4463	11.070967
4464	11.070967
4465	11.070967
4466	11.070967
4467	11.070967
4468	11.070967
4469	11.070967
4470	11.070967
4471	11.070967
4472	11.070967
4473	11.070967
4474	11.070967
4475	11.070967
4476	11.070967
4477	11.070967
4478	11.070967
4479	11.070967
4480	11.070967
4481	11.070967
4482	11.070967
4483	11.070967
4484	11.070967
4485	11.070967
4486	11.070967
4487	11.070967
4488	11.070967
4489	11.070967
4490	11.070967
4491	11.070967
4492	11.070967
4493	11.070967
4494	11.070967
4495	11.070967
4496	11.070967
4497	11.070967
4498	11.070967
4499	11.070967
4500	11.070967
4501	11.070967
4502	11.070967
4503	11.070967
4504	11.070967
4505	11.070967
4506	11.070967
4507	11.070967
4508	11.070967
4509	11.070967
4510	11.070967
4511	11.070967
4512	11.070967
4513	11.070967
4514	11.070967
4515	11.070967
4516	11.070967
4517	11.070967
4518	11.070967
4519	11.070967
4520	11.070967
4521	11.070967
4522	11.070967
4523	11.070967
4524	11.070967
4525	11.070967
4526	11.070967
4527	11.070967
4528	11.070967
4529	11.070967
4530	11.070967
4531	11.070967
4532	11.070967
4533	11.070967
4534	11.070967
4535	11.070967
4536	11.070967
4537	11.070967
4538	11.070967
4539	11.070967
4540	11.070967
4541	11.070967
4542	11.070967
4543	11.070967
4544	11.070967
4545	11.070967
4546	11.070967
4547	11.070967
4548	11.070967
4549	11.070967
4550	11.070967
4551	11.070967
4552	11.070967
4553	11.070967
4554	11.070967
4555	11.070967
4556	11.070967
4557	11.070967
4558	11.070967
4559	11.070967
4560	11.070967
4561	11.070967
4562	11.070967
4563	11.070967
4564	11.070967
4565	11.070967
4566	11.070967
4567	11.070967
4568	11.070967
4569	11.070967
4570	11.070967
4571	11.070967
4572	11.070967
4573	11.070967
4574	11.070967
4575	11.070967
4576	11.070967
4577	11.070967
4578	11.070967
4579	11.070967
4580	11.070967
4581	11.070967
4582	11.070967
4583	11.070967
4584	11.070967
4585	11.070967
4586	11.070967
4587	11.070967
4588	11.070967
4589	11.070967
4590	11.070967
4591	11.070967
4592	11.070967
4593	11.070967
4594	11.070967
4595	11.070967
4596	11.070967
4597	11.070967
4598	11.070967
4599	11.070967
4600	11.070967
4601	11.070967
4602	11.070967
4603	11.070967
4604	11.070967
4605	11.070967
4606	11.070967
4607	11.070967
4608	11.070967
4609	11.070967
4610	11.070967
4611	11.070967
4612	11.070967
4613	11.070967
4614	11.070967
4615	11.070967
4616	11.070967
4617	11.070967
4618	11.070967
4619	11.070967
4620	11.070967
4621	11.070967
4622	11.070967
4623	11.070967
4624	11.070967
4625	11.070967
4626	11.070967
4627	11.070967
4628	11.070967
4629	11.070967
4630	11.070967
4631	11.070967
4632	11.070967
4633	11.070967
4634	11.070967
4635	11.070967
4636	11.070967
4637	11.070967
4638	11.070967
4639	11.070967
4640	11.070967
4641	11.070967
4642	11.070967
4643	11.070967
4644	11.070967
4645	11.070967
4646	11.070967
4647	11.070967
4648	11.070967
4649	11.070967
4650	11.070967
4651	11.070967
4652	11.070967
4653	11.070967
4654	11.070967
4655	11.070967
4656	11.070967
4657	11.070967
4658	11.070967
4659	11.070967
4660	11.070967
4661	11.070967
4662	11.070967
4663	11.070967
4664	11.070967
4665	11.070967
4666	11.070967
4667	11.070967
4668	11.070967
4669	11.070967
4670	11.070967
4671	11.070967
4672	11.070967
4673	11.070967
4674	11.070967
4675	11.070967
4676	11.070967
4677	11.070967
4678	11.070967
4679	11.070967
4680	11.070967
4681	11.070967
4682	11.070967
4683	11.070967
4684	11.070967
4685	11.070967
4686	11.070967
4687	11.070967
4688	11.070967
4689	11.070967
4690	11.070967
4691	11.070967
4692	11.070967
4693	11.070967
4694	11.070967
4695	11.070967
4696	11.070967
4697	11.070967
4698	11.070967
4699	11.070967
4700	11.070967
4701	11.070967
4702	11.070967
4703	11.070967
4704	11.070967
4705	11.070967
4706	11.070967
4707	11.070967
4708	11.070967
4709	11.070967
4710	11.070967
4711	11.070967
4712	11.070967
4713	11.070967
4714	11.070967
4715	11.070967
4716	11.070967
4717	11.070967
4718	11.070967
4719	11.070967
4720	11.070967
4721	11.070967
4722	11.070967
4723	11.070967
4724	11.070967
4725	11.070967
4726	11.070967
4727	11.070967
4728	11.070967
4729	11.070967
4730	11.070967
4731	11.070967
4732	11.070967
4733	11.070967
4734	11.070967
4735	11.070967
4736	11.070967
4737	11.070967
4738	11.070967
4739	11.070967
4740	11.070967
4741	11.070967
4742	11.070967
4743	11.070967
4744	11.070967
4745	11.070967
4746	11.070967
4747	11.070967
4748	11.070967
4749	11.070967
4750	11.070967
4751	11.070967
4752	11.070967
4753	11.070967
4754	11.070967
4755	11.070967
4756	11.070967
4757	11.070967
4758	11.070967
4759	11.070967
4760	11.070967
4761	11.070967
4762	11.070967
4763	11.070967
4764	11.070967
4765	11.070967
4766	11.070967
4767	11.070967
4768	11.070967
4769	11.070967
4770	11.070967
4771	11.070967
4772	11.070967
4773	11.070967
4774	11.070967
4775	11.070967
4776	11.070967
4777	11.070967
4778	11.070967
4779	11.070967
4780	11.070967
4781	11.070967
4782	11.070967
4783	11.070967
4784	11.070967
4785	11.070967
4786	11.070967
4787	11.070967
4788	11.070967
4789	11.070967
4790	11.070967
4791	11.070967
4792	11.070967
4793	11.070967
4794	11.070967
4795	11.070967
4796	11.070967
4797	11.070967
4798	11.070967
4799	11.070967
4800	11.070967
4801	11.070967
4802	11.070967
4803	11.070967
4804	11.070967
4805	11.070967
4806	11.070967
4807	11.070967
4808	11.070967
4809	11.070967
4810	11.070967
4811	11.070967
4812	11.070967
4813	11.070967
4814	11.070967
4815	11.070967
4816	11.070967
4817	11.070967
4818	11.070967
4819	11.070967
4820	11.070967
4821	11.070967
4822	11.070967
4823	11.070967
4824	11.070967
4825	11.070967
4826	11.070967
4827	11.070967
4828	11.070967
4829	11.070967
4830	11.070967
4831	11.070967
4832	11.070967
4833	11.070967
4834	11.070967
4835	11.070967
4836	11.070967
4837	11.070967
4838	11.070967
4839	11.070967
4840	11.070967
4841	11.070967
4842	11.070967
4843	11.070967
4844	11.070967
4845	11.070967
4846	11.070967
4847	11.070967
4848	11.070967
4849	11.070967
4850	11.070967
4851	11.070967
4852	11.070967
4853	11.070967
4854	11.070967
4855	11.070967
4856	11.070967
4857	11.070967
4858	11.070967
4859	11.070967
4860	11.070967
4861	11.070967
4862	11.070967
4863	11.070967
4864	11.070967
4865	11.070967
4866	11.070967
4867	11.070967
4868	11.070967
4869	11.070967
4870	11.070967
4871	11.070967
4872	11.070967
4873	11.070967
4874	11.070967
4875	11.070967
4876	11.070967
