1	7736396.0
2	7832797.0
3	7950961.0
4	7958503.0
5	8025543.0
6	7857193.0
7	7769938.0
8	7776116.0
9	7805374.0
10	7657447.0
11	7655054.0
12	7718974.0
13	7745056.0
14	7324889.0
15	7313532.0
16	7321800.0
17	7090970.0
18	7139222.0
19	7140934.0
20	7118800.0
21	7125583.0
22	7389221.0
23	7406987.0
24	7080470.0
25	7080838.0
26	7107613.0
27	7129579.0
28	7192101.0
29	7203273.0
30	7332744.0
31	7280062.0
32	7186023.0
33	7292683.0
34	7284752.0
35	7264934.0
36	7539212.0
37	7578437.0
38	7821765.0
39	7828047.0
40	7796631.0
41	7833314.0
42	7835462.0
43	7728802.0
44	7780748.0
45	7498446.0
46	7511719.0
47	6990552.0
48	6703709.0
49	6639042.0
50	6671748.0
51	7021795.0
52	7003706.0
53	7173537.0
54	7195897.0
55	7308345.0
56	7101565.0
57	6885303.0
58	7066248.0
59	7170672.0
60	7220062.0
61	7259062.0
62	7385848.0
63	7358524.0
64	7109582.0
65	7315420.0
66	7407183.0
67	7478994.0
68	7545122.0
69	7495744.0
70	7587371.0
71	7604811.0
72	7989729.0
73	8243522.0
74	8303106.0
75	8281801.0
76	8321187.0
77	8133501.0
78	8193400.0
79	8443677.0
80	8456047.0
81	8418012.0
82	8437344.0
83	8505528.0
84	8478211.0
85	8191746.0
86	8183251.0
87	8191971.0
88	8282944.0
89	8305964.0
90	8253782.0
91	8244097.0
92	7702673.0
93	7904284.0
94	7907248.0
95	7951374.0
96	8011036.0
97	7998666.0
98	7955859.0
99	7979123.0
100	8000963.0
101	7992780.0
102	8005150.0
103	7317397.0
104	7285498.0
105	7347648.0
106	7376579.0
107	7499966.0
108	7503938.0
109	7427962.0
110	7829734.0
111	7887222.0
112	7582943.0
113	7570573.0
114	7571259.0
115	7630531.0
116	8318284.0
117	7984420.0
118	7949077.0
119	7983298.0
120	7996080.0
121	7997016.0
122	8023980.0
123	8091549.0
124	8097019.0
125	8248657.0
126	8303635.0
127	8308939.0
128	7772211.0
129	7721899.0
130	7571200.0
131	7854078.0
132	7792173.0
133	7794953.0
134	7859143.0
135	7945650.0
136	8022220.0
137	8023342.0
138	7526638.0
139	7659349.0
140	7621201.0
141	7624006.0
142	7312969.0
143	7197073.0
144	7197073.0
145	7265981.0
146	6947479.0
147	7267434.0
148	7186861.0
149	7051468.0
150	7411285.0
151	7549794.0
152	7551028.0
153	7586371.0
154	7673666.0
155	7699637.0
156	7673666.0
157	7558996.0
158	7709907.0
159	8317436.0
160	8635938.0
161	8642621.0
162	8377356.0
163	8433772.0
164	8489417.0
165	8435734.0
166	8275906.0
167	8082311.0
168	8215995.0
169	8266663.0
170	8291683.0
171	8613864.0
172	8576638.0
173	8500068.0
174	7852637.0
175	7827563.0
176	7516718.0
177	7593288.0
178	7643748.0
179	7530177.0
180	7598973.0
181	8006280.0
182	7421942.0
183	7311048.0
184	6912475.0
185	6764075.0
186	6580619.0
187	6617123.0
188	6727175.0
189	6971509.0
190	7001542.0
191	6908109.0
192	7206835.0
193	6983982.0
194	7000047.0
195	6783781.0
196	6933479.0
197	6793262.0
198	6642306.0
199	6673406.0
200	6553958.0
201	6628773.0
202	6470096.0
203	6641002.0
204	6680315.0
205	6488177.0
206	6890024.0
207	6545689.0
208	6363176.0
209	6288921.0
210	6190365.0
211	6204587.0
212	6390851.0
213	6367884.0
214	6354455.0
215	6542401.0
216	6542401.0
217	6652647.0
218	6652647.0
219	6576077.0
220	6390269.0
221	6390269.0
222	6406008.0
223	6509667.0
224	6492226.0
225	6797134.0
226	6295931.0
227	6480252.0
228	6498712.0
229	6638683.0
230	6638683.0
231	6585413.0
232	6222200.0
233	6140420.0
234	6728503.0
235	7080439.0
236	7190689.0
237	7201840.0
238	7205024.0
239	7353562.0
240	7385075.0
241	7571339.0
242	7372801.0
243	7499158.0
244	7206628.0
245	7242474.0
246	7244616.0
247	7218547.0
248	7279190.0
249	7412064.0
250	7350224.0
251	7438133.0
252	7456640.0
253	7466210.0
254	7550082.0
255	7918211.0
256	7379618.0
257	7462382.0
258	7648609.0
259	7741393.0
260	7541783.0
261	7315012.0
262	7128785.0
263	7128358.0
264	6866474.0
265	6778387.0
266	6881469.0
267	6930859.0
268	7378465.0
269	7389963.0
270	7017212.0
271	7093782.0
272	6963154.0
273	6786454.0
274	6671054.0
275	6687779.0
276	6622422.0
277	6658895.0
278	6791135.0
279	6918171.0
280	7161051.0
281	7459046.0
282	7104550.0
283	7192437.0
284	7184531.0
285	6851899.0
286	7052115.0
287	7066019.0
288	7134786.0
289	7067215.0
290	7348053.0
291	6890238.0
292	6921396.0
293	6993873.0
294	6813555.0
295	6592772.0
296	6808346.0
297	6857594.0
298	6912572.0
299	7085502.0
300	7224039.0
301	7034496.0
302	6976637.0
303	7019657.0
304	7116457.0
305	7079863.0
306	7345002.0
307	7127296.0
308	7182769.0
309	7199293.0
310	6944611.0
311	6910062.0
312	6636148.0
313	6638440.0
314	6685698.0
315	7005279.0
316	7404378.0
317	7414017.0
318	7149039.0
319	6773374.0
320	6922714.0
321	6891859.0
322	6895587.0
323	7125153.0
324	7042389.0
325	7026657.0
326	7267994.0
327	7416476.0
328	7420436.0
329	7702018.0
330	7939973.0
331	7742332.0
332	7722421.0
333	7754908.0
334	7780741.0
335	7777013.0
336	7643882.0
337	7735535.0
338	7029405.0
339	7033182.0
340	6917514.0
341	6913587.0
342	6935703.0
343	7073324.0
344	7075568.0
345	7513772.0
346	6984975.0
347	7063657.0
348	7084396.0
349	7235181.0
350	7317945.0
351	7247246.0
352	7276142.0
353	6983374.0
354	6960489.0
355	7086069.0
356	7306600.0
357	7400876.0
358	7230064.0
359	7282789.0
360	6687419.0
361	6420876.0
362	6460707.0
363	6303678.0
364	6138906.0
365	6143394.0
366	6241950.0
367	6068469.0
368	6044907.0
369	6047863.0
370	5858285.0
371	5717267.0
372	6138970.0
373	5971611.0
374	6089003.0
375	6252998.0
376	6159648.0
377	6397882.0
378	6490370.0
379	6776293.0
380	6770219.0
381	6790682.0
382	6889748.0
383	6896513.0
384	7049445.0
385	7136488.0
386	6947637.0
387	7084437.0
388	7181365.0
389	6971821.0
390	6821594.0
391	6762000.0
392	6860549.0
393	6874598.0
394	7021840.0
395	7007791.0
396	6981921.0
397	7077350.0
398	7082126.0
399	6832309.0
400	6893495.0
401	6783120.0
402	7084278.0
403	7242903.0
404	7090545.0
405	7253829.0
406	7210951.0
407	7063709.0
408	7509370.0
409	7409041.0
410	7379878.0
411	7442486.0
412	7252168.0
413	7190982.0
414	7475301.0
415	7455006.0
416	7358078.0
417	7095796.0
418	7000264.0
419	7049820.0
420	6967304.0
421	6465617.0
422	6569347.0
423	6652507.0
424	6720036.0
425	6532226.0
426	6411237.0
427	6999471.0
428	6789404.0
429	6504801.0
430	6230816.0
431	6179519.0
432	6198772.0
433	6373055.0
434	6497509.0
435	6747401.0
436	6684793.0
437	6982877.0
438	7178443.0
439	7416447.0
440	7494121.0
441	7465982.0
442	7445729.0
443	7555705.0
444	7796405.0
445	7747749.0
446	7874348.0
447	7536546.0
448	8024693.0
449	8217548.0
450	8091580.0
451	8133325.0
452	8154793.0
453	7903035.0
454	7889865.0
455	8255610.0
456	8183145.0
457	8069421.0
458	8052164.0
459	8023247.0
460	8085855.0
461	8381263.0
462	8293129.0
463	7694845.0
464	7275985.0
465	6793816.0
466	6723085.0
467	6656652.0
468	6527529.0
469	6982421.0
470	7207913.0
471	7265274.0
472	7709340.0
473	6883102.0
474	6934884.0
475	6937032.0
476	7148264.0
477	7406313.0
478	7443085.0
479	7558123.0
480	8337280.0
481	8002062.0
482	7845625.0
483	7701631.0
484	7857503.0
485	7871783.0
486	7946991.0
487	7930212.0
488	7967908.0
489	8014238.0
490	7571463.0
491	7670748.0
492	7522085.0
493	7420295.0
494	7488590.0
495	7543108.0
496	7570072.0
497	7479482.0
498	7453089.0
499	7498589.0
500	7243567.0
501	7160996.0
502	7261652.0
503	7225238.0
504	7230713.0
505	7059153.0
506	7100193.0
507	7098170.0
508	6896430.0
509	6994890.0
510	7145984.0
511	7119020.0
512	7020560.0
513	7036957.0
514	7240582.0
515	7458243.0
516	6859791.0
517	7031517.0
518	7013769.0
519	6733057.0
520	6340120.0
521	6195799.0
522	6399735.0
523	6510150.0
524	6532420.0
525	6477566.0
526	6619802.0
527	6652094.0
528	6882654.0
529	7518648.0
530	7339878.0
531	7112752.0
532	7034051.0
533	7005485.0
534	7032485.0
535	6831372.0
536	6964638.0
537	7060309.0
538	7101349.0
539	7180844.0
540	7374056.0
541	7519325.0
542	7602629.0
543	7655180.0
544	7614680.0
545	7946711.0
546	7737541.0
547	7852183.0
548	7878192.0
549	7901790.0
550	7607763.0
551	7686543.0
552	7707975.0
553	7350494.0
554	7350494.0
555	7068591.0
556	6478232.0
557	6277830.0
558	6281962.0
559	6117325.0
560	5830498.0
561	5847223.0
562	5988816.0
563	5995378.0
564	5447252.0
565	5363948.0
566	5864300.0
567	5947088.0
568	5964836.0
569	5670940.0
570	5745164.0
571	5837362.0
572	5950219.0
573	6048775.0
574	5963580.0
575	6410310.0
576	6920004.0
577	6931604.0
578	6920004.0
579	7058561.0
580	6558209.0
581	6209913.0
582	6219228.0
583	6719580.0
584	6960156.0
585	6981270.0
586	6804942.0
587	6859750.0
588	6432298.0
589	6580042.0
590	6808978.0
591	6953978.0
592	7023506.0
593	7145214.0
594	7398124.0
595	7460416.0
596	7435766.0
597	7545742.0
598	7045390.0
599	7207461.0
600	6970766.0
601	7036810.0
602	6756414.0
603	6909906.0
604	7096514.0
605	7036368.0
606	7103877.0
607	7434213.0
608	7432524.0
609	7438395.0
610	7351954.0
611	7356220.0
612	7578204.0
613	7522935.0
614	7534611.0
615	7528740.0
616	7650081.0
617	7476705.0
618	7465206.0
619	7238915.0
620	7216972.0
621	7200500.0
622	7038114.0
623	7067938.0
624	7149434.0
625	7232531.0
626	7174747.0
627	7219901.0
628	7241510.0
629	7243660.0
630	7253503.0
631	7140953.0
632	7080329.0
633	7564958.0
634	7655586.0
635	7667702.0
636	7796547.0
637	8141385.0
638	8125338.0
639	8246690.0
640	8324046.0
641	8287278.0
642	8290014.0
643	8161169.0
644	8138268.0
645	8165552.0
646	8111054.0
647	7662395.0
648	8116277.0
649	8186488.0
650	8191902.0
651	8136849.0
652	8289262.0
653	8365527.0
654	8504037.0
655	8432702.0
656	8644561.0
657	8925730.0
658	8499476.0
659	8391652.0
660	8299624.0
661	8291875.0
662	8139462.0
663	8011901.0
664	8125733.0
665	8131101.0
666	7975455.0
667	7428066.0
668	7370741.0
669	7300530.0
670	7832669.0
671	7902880.0
672	8024831.0
673	7883807.0
674	7758189.0
675	7996144.0
676	7517488.0
677	7755643.0
678	7780286.0
679	7755643.0
680	8008219.0
681	8080098.0
682	7917908.0
683	7973231.0
684	8013599.0
685	8270120.0
686	8479344.0
687	8374285.0
688	8160193.0
689	8117311.0
690	8076943.0
691	8561260.0
692	8489212.0
693	8469862.0
694	7961375.0
695	7714814.0
696	7773320.0
697	7386736.0
698	7442491.0
699	7238821.0
700	7512899.0
701	7897459.0
702	7590835.0
703	7615390.0
704	7843063.0
705	7502285.0
706	7505288.0
707	7478810.0
708	7859532.0
709	7763874.0
710	7755293.0
711	7711074.0
712	7342924.0
713	7298242.0
714	7273687.0
715	7108814.0
716	6814095.0
717	6972101.0
718	7040599.0
719	6919948.0
720	6621249.0
721	6464636.0
722	6557376.0
723	6404428.0
724	6655291.0
725	6390165.0
726	6431003.0
727	6857460.0
728	6788962.0
729	6739809.0
730	7107059.0
731	7460798.0
732	7463828.0
733	7357350.0
734	7426150.0
735	7282152.0
736	7524954.0
737	7284995.0
738	7306175.0
739	7223192.0
740	7098257.0
741	7077077.0
742	7107037.0
743	7094929.0
744	7243750.0
745	7042959.0
746	6861009.0
747	7323883.0
748	7221597.0
749	7482557.0
750	7019683.0
751	6818268.0
752	6954237.0
753	6703826.0
754	6843847.0
755	7412548.0
756	7440487.0
757	7327946.0
758	7477160.0
759	7511193.0
760	7550760.0
761	7644518.0
762	7502628.0
763	7533690.0
764	7545202.0
765	7392503.0
766	7512225.0
767	7454930.0
768	7295810.0
769	7300859.0
770	7310729.0
771	7173594.0
772	7192449.0
773	7264497.0
774	7366783.0
775	7271837.0
776	7282577.0
777	7122059.0
778	7007636.0
779	7029068.0
780	7197309.0
781	7413393.0
782	7697391.0
783	7450231.0
784	7208752.0
785	7276588.0
786	7467456.0
787	7175961.0
788	7072930.0
789	7283432.0
790	6993439.0
791	7043539.0
792	7195391.0
793	7046570.0
794	7068042.0
795	7148598.0
796	7007688.0
797	7174549.0
798	7262693.0
799	7020510.0
800	6955448.0
801	6863239.0
802	7058741.0
803	7074962.0
804	7167171.0
805	6975499.0
806	7000753.0
807	6898046.0
808	6917396.0
809	7118222.0
810	6923838.0
811	7048901.0
812	7129106.0
813	7048550.0
814	6982709.0
815	7255350.0
816	7131723.0
817	7258936.0
818	7328718.0
819	7468260.0
820	7248838.0
821	7680467.0
822	7698892.0
823	7738061.0
824	7968947.0
825	8267049.0
826	7834063.0
827	7773805.0
828	7949847.0
829	7448367.0
830	7583385.0
831	7658413.0
832	7700169.0
833	7690003.0
834	7648247.0
835	7779062.0
836	7937186.0
837	8080273.0
838	8229094.0
839	7689478.0
840	7818048.0
841	7739608.0
842	7977169.0
843	7824525.0
844	7827077.0
845	8252627.0
846	8414585.0
847	8493985.0
848	8374903.0
849	8115965.0
850	7994923.0
851	8055903.0
852	7871252.0
853	7708142.0
854	7662173.0
855	7324431.0
856	7330160.0
857	7289524.0
858	7325925.0
859	7333284.0
860	7385466.0
861	7804781.0
862	7483088.0
863	7488413.0
864	7402171.0
865	7742307.0
866	7662696.0
867	7649425.0
868	7657453.0
869	7474823.0
870	7041837.0
871	6500751.0
872	6714878.0
873	6872036.0
874	7014716.0
875	6858386.0
876	6904547.0
877	6967628.0
878	6952090.0
879	6552592.0
880	6263639.0
881	6268499.0
882	6318005.0
883	6637287.0
884	6330162.0
885	6697048.0
886	6855378.0
887	7065338.0
888	7083840.0
889	6803675.0
890	6930095.0
891	7072590.0
892	7074272.0
893	7243905.0
894	7477083.0
895	6826793.0
896	6830247.0
897	6790410.0
898	6817757.0
899	6844460.0
900	7417752.0
901	7419602.0
902	7722242.0
903	7843324.0
904	7814784.0
905	7725601.0
906	7938471.0
907	7987057.0
908	7893146.0
909	7967771.0
910	7695029.0
911	7691881.0
912	7910694.0
913	7941670.0
914	7954364.0
915	8256359.0
916	8254611.0
917	8054765.0
918	7959523.0
919	7964098.0
920	7799938.0
921	7680187.0
922	7719457.0
923	7570417.0
924	7598675.0
925	7679775.0
926	7310007.0
927	7206076.0
928	7209421.0
929	6972186.0
930	7067428.0
931	6934736.0
932	7013517.0
933	7177263.0
934	7165124.0
935	7010700.0
936	6960925.0
937	6827649.0
938	6660248.0
939	6672387.0
940	6507266.0
941	6611590.0
942	6667579.0
943	6457904.0
944	6388864.0
945	6420822.0
946	6307262.0
947	6462202.0
948	6393837.0
949	6559236.0
950	6508314.0
951	6469162.0
952	6626099.0
953	6504033.0
954	6693945.0
955	6624645.0
956	6918909.0
957	6974097.0
958	7098615.0
959	7108278.0
960	7252272.0
961	7246080.0
962	7089690.0
963	7081336.0
964	7349944.0
965	6950928.0
966	6942433.0
967	7337021.0
968	7527770.0
969	7622153.0
970	7540505.0
971	7452285.0
972	7432917.0
973	7360252.0
974	7365400.0
975	7374508.0
976	7232422.0
977	7508603.0
978	7525370.0
979	7662410.0
980	7715684.0
981	7798312.0
982	7551484.0
983	7603585.0
984	7581783.0
985	7570271.0
986	7713125.0
987	7443697.0
988	7393727.0
989	7171107.0
990	7209576.0
991	7109325.0
992	7246057.0
993	7479929.0
994	7490594.0
995	7284713.0
996	7301873.0
997	7322079.0
998	7598043.0
999	7418186.0
1000	7137371.0
1001	6930957.0
1002	6869478.0
1003	6693611.0
1004	6855767.0
1005	6757211.0
1006	6789169.0
1007	6785093.0
1008	6766463.0
1009	6558550.0
1010	6579799.0
1011	6656095.0
1012	6633175.0
1013	6409670.0
1014	6611085.0
1015	6881156.0
1016	6911585.0
1017	6938769.0
1018	7018966.0
1019	7151212.0
1020	7159906.0
1021	7262102.0
1022	6738985.0
1023	7002081.0
1024	7039525.0
1025	6893606.0
1026	6936502.0
1027	6800619.0
1028	6660165.0
1029	6732633.0
1030	6351335.0
1031	6548146.0
1032	6581512.0
1033	6665131.0
1034	6670756.0
1035	6579121.0
1036	6521278.0
1037	6239908.0
1038	6221908.0
1039	6554015.0
1040	6632819.0
1041	6816755.0
1042	6770098.0
1043	6510218.0
1044	6790410.0
1045	6742683.0
1046	6757283.0
1047	7175848.0
1048	7182553.0
1049	6642850.0
1050	5935549.0
1051	5935549.0
1052	5935549.0
1053	5936752.0
1054	5852936.0
1055	6003258.0
1056	6101376.0
1057	6233714.0
1058	6233714.0
1059	6264883.0
1060	6484431.0
1061	6646695.0
1062	6274852.0
1063	6253603.0
1064	6406531.0
1065	6117920.0
1066	6150325.0
1067	6139281.0
1068	6112992.0
1069	6133026.0
1070	6210912.0
1071	6450532.0
1072	6362685.0
1073	6472017.0
1074	6655135.0
1075	6570095.0
1076	6635705.0
1077	7282621.0
1078	7292469.0
1079	7355186.0
1080	6880247.0
1081	6829372.0
1082	7324034.0
1083	7312985.0
1084	7449049.0
1085	7478023.0
1086	7448226.0
1087	7709455.0
1088	7633868.0
1089	7828870.0
1090	7831843.0
1091	7873699.0
1092	7969897.0
1093	7967635.0
1094	8315446.0
1095	8545122.0
1096	8525222.0
1097	8231614.0
1098	8277782.0
1099	8279204.0
1100	8287898.0
1101	8314286.0
1102	8382953.0
1103	8094842.0
1104	7917171.0
1105	7981671.0
1106	8050761.0
1107	7925479.0
1108	7998181.0
1109	8192398.0
1110	8233890.0
1111	8521128.0
1112	8158984.0
1113	8240375.0
1114	8610124.0
1115	8581090.0
1116	7771089.0
1117	8021520.0
1118	8114149.0
1119	8507315.0
1120	8479921.0
1121	8439219.0
1122	8316635.0
1123	8345375.0
1124	8384034.0
1125	8205184.0
1126	8159016.0
1127	8065389.0
1128	8102829.0
1129	8064170.0
1130	8102829.0
1131	8029640.0
1132	7790484.0
1133	7812444.0
1134	7852458.0
1135	7852104.0
1136	7709017.0
1137	7599341.0
1138	7861925.0
1139	7942240.0
1140	7947608.0
1141	7717621.0
1142	8111172.0
1143	8271297.0
1144	8425263.0
1145	8604915.0
1146	8495880.0
1147	8463080.0
1148	8477129.0
1149	8408111.0
1150	8491970.0
1151	8541818.0
1152	8382484.0
1153	8397024.0
1154	8446178.0
1155	8561285.0
1156	8479629.0
1157	8512464.0
1158	8570248.0
1159	8537413.0
1160	8590765.0
1161	8212010.0
1162	8280566.0
1163	8264369.0
1164	8261756.0
1165	8288146.0
1166	8078378.0
1167	7961689.0
1168	7963420.0
1169	8060170.0
1170	7999354.0
1171	8056486.0
1172	7790025.0
1173	7407997.0
1174	7585472.0
1175	7599520.0
1176	7337906.0
1177	7453776.0
1178	7204916.0
1179	6902934.0
1180	6895331.0
1181	6837382.0
1182	6724728.0
1183	6847393.0
1184	6816468.0
1185	6871276.0
1186	7315187.0
1187	7334141.0
1188	7182108.0
1189	7531923.0
1190	7449585.0
1191	7381755.0
1192	7394319.0
1193	7433613.0
1194	7444236.0
1195	7461254.0
1196	7532420.0
1197	7566764.0
1198	7519508.0
1199	7567504.0
1200	7576344.0
1201	7773864.0
1202	7727465.0
1203	8069200.0
1204	8099197.0
1205	8367200.0
1206	8353152.0
1207	8350084.0
1208	8351733.0
1209	8377893.0
1210	8435423.0
1211	8440428.0
1212	8343678.0
1213	8162163.0
1214	8156790.0
1215	8205958.0
1216	8219079.0
1217	8385499.0
1218	8352395.0
1219	8379155.0
1220	8158762.0
1221	7652012.0
1222	7171478.0
1223	7152524.0
1224	7320098.0
1225	7758177.0
1226	7795357.0
1227	7811149.0
1228	7561892.0
1229	7611642.0
1230	7623002.0
1231	7607866.0
1232	7368071.0
1233	7547812.0
1234	7278300.0
1235	7231686.0
1236	6864789.0
1237	6925417.0
1238	6779931.0
1239	6888420.0
1240	6864942.0
1241	7028700.0
1242	6971170.0
1243	7012300.0
1244	7341726.0
1245	7437936.0
1246	7333610.0
1247	8020087.0
1248	7613215.0
1249	7504726.0
1250	7362960.0
1251	7402704.0
1252	7416298.0
1253	7407459.0
1254	7900789.0
1255	7800294.0
1256	7644796.0
1257	7757181.0
1258	7763356.0
1259	7134885.0
1260	7180422.0
1261	7206622.0
1262	7226382.0
1263	7130172.0
1264	6899777.0
1265	6932483.0
1266	6958253.0
1267	6929050.0
1268	7220902.0
1269	7590878.0
1270	7687088.0
1271	7890466.0
1272	7817316.0
1273	7886880.0
1274	8117697.0
1275	8224560.0
1276	8145089.0
1277	8570798.0
1278	8605673.0
1279	8622398.0
1280	8311162.0
1281	8237025.0
1282	8195633.0
1283	7654751.0
1284	7497737.0
1285	7749681.0
1286	7793046.0
1287	7914024.0
1288	8061882.0
1289	7798645.0
1290	7902292.0
1291	8085921.0
1292	8143451.0
1293	8130974.0
1294	8134471.0
1295	8448069.0
1296	8284889.0
1297	8270840.0
1298	8465608.0
1299	8617981.0
1300	8828761.0
1301	8503993.0
1302	8518042.0
1303	8438022.0
1304	8503262.0
1305	8475203.0
1306	8461154.0
1307	8073730.0
1308	7955168.0
1309	8147405.0
1310	8370034.0
1311	8259387.0
1312	7995556.0
1313	7913243.0
1314	7994148.0
1315	8309515.0
1316	8431255.0
1317	8802839.0
1318	8739083.0
1319	8719780.0
1320	8937486.0
1321	8788698.0
1322	8798377.0
1323	8534933.0
1324	8534485.0
1325	8550683.0
1326	8599949.0
1327	8526717.0
1328	8066231.0
1329	7767264.0
1330	7541307.0
1331	7651017.0
1332	8053040.0
1333	7860803.0
1334	7870834.0
1335	8015706.0
1336	7938561.0
1337	7909080.0
1338	8291629.0
1339	8054572.0
1340	8491526.0
1341	8394350.0
1342	8257493.0
1343	8380451.0
1344	8413157.0
1345	8515812.0
1346	8546337.0
1347	8568845.0
1348	8464171.0
1349	8340678.0
1350	7890529.0
1351	7872645.0
1352	8086253.0
1353	8233760.0
1354	8570398.0
1355	8755002.0
1356	8681777.0
1357	8796041.0
1358	8578067.0
1359	8580287.0
1360	8502961.0
1361	8299161.0
1362	8158330.0
1363	8077792.0
1364	8030515.0
1365	7966947.0
1366	8054478.0
1367	8175388.0
1368	8398700.0
1369	8685749.0
1370	8384198.0
1371	8490083.0
1372	8658278.0
1373	8046604.0
1374	7759555.0
1375	7823885.0
1376	7540465.0
1377	7540465.0
1378	7756477.0
1379	7783234.0
1380	7457954.0
1381	7712556.0
1382	7692372.0
1383	7699100.0
1384	7791436.0
1385	7584418.0
1386	7801218.0
1387	7883612.0
1388	7983152.0
1389	7827078.0
1390	7983766.0
1391	7665544.0
1392	7841860.0
1393	7798031.0
1394	7780468.0
1395	7961573.0
1396	7766765.0
1397	7825211.0
1398	7852732.0
1399	8068341.0
1400	8102549.0
1401	8719756.0
1402	8696055.0
1403	8300365.0
1404	7989983.0
1405	8053144.0
1406	8066600.0
1407	8176206.0
1408	8148441.0
1409	7898099.0
1410	7947503.0
1411	8415317.0
1412	8580555.0
1413	8704930.0
1414	8570941.0
1415	8624293.0
1416	8637849.0
1417	8632082.0
1418	8634301.0
1419	8748129.0
1420	8273416.0
1421	8108184.0
1422	8184716.0
1423	8096552.0
1424	7966965.0
1425	8214346.0
1426	7923403.0
1427	8445159.0
1428	8631286.0
1429	8685862.0
1430	8578884.0
1431	8783731.0
1432	8823745.0
1433	8618898.0
1434	8648375.0
1435	8627224.0
1436	7722024.0
1437	8007379.0
1438	8912579.0
1439	8588885.0
1440	8185005.0
1441	8011477.0
1442	7175078.0
1443	7142635.0
1444	7066103.0
1445	6879124.0
1446	7240361.0
1447	7187943.0
1448	7398438.0
1449	6987786.0
1450	6748659.0
1451	6831170.0
1452	6939077.0
1453	6996061.0
1454	7140139.0
1455	7337304.0
1456	7334120.0
1457	7337304.0
1458	7354892.0
1459	7216388.0
1460	7134248.0
1461	7139936.0
1462	7009889.0
1463	7058542.0
1464	7018528.0
1465	7072977.0
1466	6919548.0
1467	7120885.0
1468	7307067.0
1469	7351662.0
1470	7381323.0
1471	7158415.0
1472	7548256.0
1473	7543540.0
1474	7495890.0
1475	7420586.0
1476	7593676.0
1477	7570760.0
1478	7901142.0
1479	7806350.0
1480	7772078.0
1481	7753642.0
1482	7798773.0
1483	7669848.0
1484	7545892.0
1485	7609979.0
1486	7759677.0
1487	7778016.0
1488	7764036.0
1489	7795011.0
1490	7782336.0
1491	7710884.0
1492	7565241.0
1493	7591799.0
1494	7333908.0
1495	7783830.0
1496	7802789.0
1497	7692363.0
1498	7626999.0
1499	7691255.0
1500	7687019.0
1501	7399486.0
1502	7427744.0
1503	7375606.0
1504	7308156.0
1505	7529493.0
1506	7986361.0
1507	8116024.0
1508	8095010.0
1509	8139670.0
1510	8240632.0
1511	8373763.0
1512	7839868.0
1513	7868846.0
1514	7371073.0
1515	7207963.0
1516	7268606.0
1517	7310966.0
1518	7007671.0
1519	6926883.0
1520	6823053.0
1521	7105036.0
1522	7166536.0
1523	7059991.0
1524	6827587.0
1525	6759529.0
1526	7029372.0
1527	6968729.0
1528	6728115.0
1529	7257485.0
1530	7216463.0
1531	6946809.0
1532	6813678.0
1533	6904799.0
1534	6697172.0
1535	6763240.0
1536	6771772.0
1537	6505969.0
1538	6278370.0
1539	6514807.0
1540	6550177.0
1541	6731454.0
1542	6758976.0
1543	6670918.0
1544	6670918.0
1545	6638431.0
1546	6524584.0
1547	6333400.0
1548	6341932.0
1549	6336780.0
1550	6486921.0
1551	6838424.0
1552	6869840.0
1553	6798733.0
1554	6940953.0
1555	7233881.0
1556	7235331.0
1557	6922021.0
1558	6946401.0
1559	7025545.0
1560	7034839.0
1561	6789273.0
1562	7141304.0
1563	7143980.0
1564	6983338.0
1565	7010150.0
1566	7122416.0
1567	7041813.0
1568	7062750.0
1569	6984181.0
1570	6873537.0
1571	6785000.0
1572	6759307.0
1573	6727891.0
1574	7051699.0
1575	7077392.0
1576	7110987.0
1577	7119198.0
1578	6508518.0
1579	6559950.0
1580	6671780.0
1581	6590273.0
1582	6530500.0
1583	6354592.0
1584	6366094.0
1585	6381417.0
1586	6616875.0
1587	6778443.0
1588	7227867.0
1589	7212544.0
1590	7293597.0
1591	7242165.0
1592	7618916.0
1593	7685338.0
1594	7700725.0
1595	7757639.0
1596	7692888.0
1597	7543623.0
1598	7697814.0
1599	7731331.0
1600	7681847.0
1601	7931559.0
1602	7934583.0
1603	7932394.0
1604	8004807.0
1605	7822125.0
1606	7872633.0
1607	7655918.0
1608	7800510.0
1609	7821385.0
1610	8121301.0
1611	8201525.0
1612	8214893.0
1613	7875640.0
1614	7927072.0
1615	7821098.0
1616	7603958.0
1617	7630278.0
1618	7610164.0
1619	7711496.0
1620	7522218.0
1621	7444807.0
1622	7130510.0
1623	6974923.0
1624	6887669.0
1625	6760274.0
1626	6741674.0
1627	6844934.0
1628	7094903.0
1629	7122418.0
1630	7146580.0
1631	7117863.0
1632	7344735.0
1633	7236017.0
1634	7336979.0
1635	6982614.0
1636	7003907.0
1637	7066442.0
1638	7164998.0
1639	7334086.0
1640	6719747.0
1641	6810690.0
1642	6906807.0
1643	7116110.0
1644	6751178.0
1645	6839534.0
1646	6914846.0
1647	6506617.0
1648	6577660.0
1649	6590042.0
1650	6483067.0
1651	7110663.0
1652	7121403.0
1653	7162095.0
1654	6918345.0
1655	7159660.0
1656	7420189.0
1657	7308061.0
1658	7308260.0
1659	7048933.0
1660	6896897.0
1661	6740823.0
1662	6793204.0
1663	6639377.0
1664	6992005.0
1665	7299997.0
1666	7335817.0
1667	6870198.0
1668	6894474.0
1669	6775450.0
1670	6749161.0
1671	6547786.0
1672	6436977.0
1673	6311416.0
1674	6155086.0
1675	6062602.0
1676	6054767.0
1677	5663751.0
1678	5855339.0
1679	6259517.0
1680	6196993.0
1681	5914614.0
1682	5986974.0
1683	5661012.0
1684	5551508.0
1685	5613825.0
1686	5979480.0
1687	5890527.0
1688	5527325.0
1689	5541497.0
1690	5309643.0
1691	5365075.0
1692	5542816.0
1693	5599952.0
1694	5628410.0
1695	5642588.0
1696	5502644.0
1697	5525516.0
1698	5291252.0
1699	5322032.0
1700	5459080.0
1701	5389978.0
1702	5892942.0
1703	6157659.0
1704	6172888.0
1705	6408063.0
1706	6413222.0
1707	6212757.0
1708	5992485.0
1709	6114838.0
1710	5942614.0
1711	6067564.0
1712	5712353.0
1713	5840649.0
1714	5541491.0
1715	5613563.0
1716	5709979.0
1717	5684443.0
1718	5655985.0
1719	5766728.0
1720	5833885.0
1721	5858281.0
1722	5915019.0
1723	6480877.0
1724	6554830.0
1725	6617146.0
1726	6686054.0
1727	6741513.0
1728	6734708.0
1729	6947462.0
1730	7027022.0
1731	6814268.0
1732	7027022.0
1733	7095984.0
1734	7115578.0
1735	6981647.0
1736	7183394.0
1737	7030133.0
1738	7285695.0
1739	7505121.0
1740	7817349.0
1741	7714267.0
1742	7329616.0
1743	7358819.0
1744	7405677.0
1745	7253197.0
1746	7192531.0
1747	7847647.0
1748	7975563.0
1749	7978916.0
1750	8043253.0
1751	7930441.0
1752	7885648.0
1753	7846117.0
1754	7637909.0
1755	8022948.0
1756	7917462.0
1757	7924620.0
1758	7983657.0
1759	8055057.0
1760	8002663.0
1761	7916980.0
1762	8182817.0
1763	8184380.0
1764	8186948.0
1765	8282019.0
1766	7677418.0
1767	7691410.0
1768	7477224.0
1769	7483464.0
1770	7358817.0
1771	7482874.0
1772	7265242.0
1773	7322662.0
1774	7330798.0
1775	7125598.0
1776	6758331.0
1777	6898043.0
1778	6985930.0
1779	6766504.0
1780	6827711.0
1781	7085397.0
1782	7127403.0
1783	7193035.0
1784	7237062.0
1785	7261002.0
1786	7087408.0
1787	7247533.0
1788	7550013.0
1789	7438962.0
1790	7411562.0
1791	7388282.0
1792	7298482.0
1793	7022420.0
1794	6998144.0
1795	6917144.0
1796	7047161.0
1797	7008855.0
1798	7289545.0
1799	7296858.0
1800	7238326.0
1801	7311463.0
1802	7239306.0
1803	7286097.0
1804	7214657.0
1805	7597652.0
1806	7204374.0
1807	7221222.0
1808	7247758.0
1809	7537666.0
1810	7607498.0
1811	7150282.0
1812	7137490.0
1813	7143558.0
1814	7467461.0
1815	7484608.0
1816	7669386.0
1817	7449812.0
1818	7548624.0
1819	7403898.0
1820	7450815.0
1821	7617572.0
1822	7509117.0
1823	7653109.0
1824	7372419.0
1825	7230805.0
1826	7007861.0
1827	7397205.0
1828	7321569.0
1829	7157811.0
1830	7182833.0
1831	7271695.0
1832	7410205.0
1833	7576587.0
1834	7265163.0
1835	7629252.0
1836	7612105.0
1837	7546075.0
1838	7442794.0
1839	7411337.0
1840	7686819.0
1841	7409763.0
1842	7390736.0
1843	7579494.0
1844	7703298.0
1845	7778610.0
1846	7690706.0
1847	7906553.0
1848	8029529.0
1849	8270185.0
1850	8412868.0
1851	8246682.0
1852	7771366.0
1853	7908332.0
1854	7772335.0
1855	7788391.0
1856	7599225.0
1857	7872759.0
1858	7932008.0
1859	7920068.0
1860	7751808.0
1861	7652507.0
1862	7372676.0
1863	7248301.0
1864	7073711.0
1865	7159023.0
1866	7388241.0
1867	7480503.0
1868	7903995.0
1869	8200321.0
1870	8184265.0
1871	8085733.0
1872	8061844.0
1873	8078991.0
1874	8061844.0
1875	7911228.0
1876	7620567.0
1877	7636623.0
1878	7422038.0
1879	7457414.0
1880	6994160.0
1881	7201847.0
1882	6845836.0
1883	6988108.0
1884	6896023.0
1885	7547612.0
1886	7624562.0
1887	7629838.0
1888	7904213.0
1889	7896675.0
1890	7834359.0
1891	7997026.0
1892	8291745.0
1893	8149482.0
1894	8158322.0
1895	8488264.0
1896	8132997.0
1897	8007585.0
1898	7968979.0
1899	7808983.0
1900	7755921.0
1901	7632342.0
1902	7662771.0
1903	6978808.0
1904	7373624.0
1905	7270730.0
1906	7278128.0
1907	7208246.0
1908	7080799.0
1909	6902246.0
1910	6585121.0
1911	6839950.0
1912	6833651.0
1913	6817595.0
1914	6751533.0
1915	6836721.0
1916	6874854.0
1917	7041030.0
1918	7194481.0
1919	7154341.0
1920	7853997.0
1921	7911694.0
1922	7713726.0
1923	7721704.0
1924	7189053.0
1925	7504263.0
1926	7340094.0
1927	6640458.0
1928	6893298.0
1929	6890836.0
1930	7344061.0
1931	7510237.0
1932	7314834.0
1933	7098567.0
1934	6885439.0
1935	6986107.0
1936	7055407.0
1937	7194424.0
1938	7163351.0
1939	6838294.0
1940	7025353.0
1941	6751672.0
1942	6804044.0
1943	7123210.0
1944	7111472.0
1945	6982828.0
1946	7130639.0
1947	7188892.0
1948	7471613.0
1949	7543445.0
1950	7752433.0
1951	8246973.0
1952	8413176.0
1953	8303949.0
1954	8150434.0
1955	7764994.0
1956	7653734.0
1957	8132954.0
1958	8174782.0
1959	8148284.0
1960	8168004.0
1961	8018426.0
1962	8167766.0
1963	8348550.0
1964	8446334.0
1965	8201962.0
1966	7647872.0
1967	7517730.0
1968	7579013.0
1969	7326289.0
1970	7074360.0
1971	6872960.0
1972	6878360.0
1973	7126307.0
1974	7173791.0
1975	7208228.0
1976	7259964.0
1977	7140111.0
1978	7450200.0
1979	7470606.0
1980	7560930.0
1981	7545608.0
1982	7645566.0
1983	7378685.0
1984	7448534.0
1985	7291299.0
1986	7688274.0
1987	7849374.0
1988	7544065.0
1989	7793394.0
1990	7798548.0
1991	7730851.0
1992	7902631.0
1993	7813461.0
1994	7895697.0
1995	7890543.0
1996	7602674.0
1997	7638044.0
1998	7750600.0
1999	7495817.0
2000	7579047.0
2001	7511547.0
2002	7507747.0
2003	6969654.0
2004	7452826.0
2005	7528645.0
2006	7409845.0
2007	7371239.0
2008	7673048.0
2009	7746296.0
2010	7813449.0
2011	7723639.0
2012	7867475.0
2013	7495942.0
2014	7476281.0
2015	7387941.0
2016	7361466.0
2017	7595874.0
2018	7557589.0
2019	7908705.0
2020	7905699.0
2021	7911099.0
2022	8202756.0
2023	8188472.0
2024	8007018.0
2025	7774086.0
2026	8081665.0
2027	7932439.0
2028	7625979.0
2029	7708244.0
2030	7672659.0
2031	7915638.0
2032	7913444.0
2033	7812779.0
2034	7852353.0
2035	7997589.0
2036	7984033.0
2037	8112021.0
2038	8120036.0
2039	7965224.0
2040	7579852.0
2041	7383809.0
2042	7019354.0
2043	7228682.0
2044	6998542.0
2045	6958421.0
2046	7143766.0
2047	7571218.0
2048	7593844.0
2049	7812391.0
2050	7656317.0
2051	7811444.0
2052	7739837.0
2053	7442970.0
2054	7369297.0
2055	7419020.0
2056	7879344.0
2057	7837247.0
2058	8124738.0
2059	8227410.0
2060	8073286.0
2061	8083750.0
2062	7863988.0
2063	8351999.0
2064	7989048.0
2065	7528724.0
2066	7665102.0
2067	7474858.0
2068	8004197.0
2069	7996492.0
2070	7983368.0
2071	7607790.0
2072	7493765.0
2073	7633877.0
2074	7869343.0
2075	8077328.0
2076	7844118.0
2077	7448307.0
2078	7459251.0
2079	7380796.0
2080	7910284.0
2081	7954462.0
2082	7893982.0
2083	8149697.0
2084	7916334.0
2085	7833506.0
2086	7442319.0
2087	8007877.0
2088	8037528.0
2089	8154142.0
2090	7983364.0
2091	8021162.0
2092	7755446.0
2093	7499930.0
2094	7514893.0
2095	7375594.0
2096	7798378.0
2097	7467242.0
2098	7292843.0
2099	7280330.0
2100	7312550.0
2101	7486949.0
2102	7536530.0
2103	7616735.0
2104	6853418.0
2105	6665954.0
2106	6727058.0
2107	6856498.0
2108	6880665.0
2109	6722508.0
2110	6635861.0
2111	6879857.0
2112	6792326.0
2113	7310920.0
2114	7310920.0
2115	6923666.0
2116	6985826.0
2117	7059017.0
2118	7264182.0
2119	7129209.0
2120	7279852.0
2121	7489902.0
2122	7671949.0
2123	7638673.0
2124	7568915.0
2125	7408922.0
2126	7499810.0
2127	7885554.0
2128	7403775.0
2129	7431002.0
2130	7492544.0
2131	7527914.0
2132	7753182.0
2133	7770862.0
2134	7739222.0
2135	7410430.0
2136	7395592.0
2137	7556144.0
2138	7679835.0
2139	7528888.0
2140	7634781.0
2141	7534341.0
2142	7654293.0
2143	7655640.0
2144	7671054.0
2145	7335068.0
2146	7656406.0
2147	7604804.0
2148	7303844.0
2149	7599878.0
2150	7314450.0
2151	7424610.0
2152	7321477.0
2153	7230589.0
2154	7283481.0
2155	7674593.0
2156	6944198.0
2157	6859028.0
2158	6892544.0
2159	6817913.0
2160	6849888.0
2161	7021132.0
2162	7195958.0
2163	7021132.0
2164	7042842.0
2165	7133730.0
2166	7211667.0
2167	7651021.0
2168	7301484.0
2169	7262250.0
2170	6930719.0
2171	6933729.0
2172	7164951.0
2173	7132407.0
2174	6826512.0
2175	6541229.0
2176	6475373.0
2177	6876966.0
2178	6350213.0
2179	6393440.0
2180	6434943.0
2181	6985154.0
2182	6982144.0
2183	6834158.0
2184	6860912.0
2185	7129651.0
2186	7281289.0
2187	7088183.0
2188	7275546.0
2189	7034745.0
2190	7024273.0
2191	7118973.0
2192	6899078.0
2193	6899078.0
2194	6965117.0
2195	6777867.0
2196	6879777.0
2197	7016490.0
2198	7364342.0
2199	7364342.0
2200	7192866.0
2201	7095938.0
2202	6598524.0
2203	6598524.0
2204	6770027.0
2205	6599395.0
2206	6749314.0
2207	6891615.0
2208	6816211.0
2209	7033917.0
2210	7123469.0
2211	7350638.0
2212	7589602.0
2213	7498469.0
2214	7420262.0
2215	7222768.0
2216	7146352.0
2217	6981101.0
2218	7021898.0
2219	7223300.0
2220	7134052.0
2221	7065256.0
2222	7072082.0
2223	7155996.0
2224	6710467.0
2225	6372885.0
2226	6253298.0
2227	6648278.0
2228	6475360.0
2229	7056947.0
2230	7103000.0
2231	7207677.0
2232	7280639.0
2233	7210250.0
2234	7192475.0
2235	7133427.0
2236	7291847.0
2237	7332172.0
2238	7594441.0
2239	7596630.0
2240	7793684.0
2241	7892159.0
2242	7962785.0
2243	7956218.0
2244	8043368.0
2245	7629664.0
2246	7305294.0
2247	7374340.0
2248	7508572.0
2249	7372989.0
2250	7074257.0
2251	6923436.0
2252	7322630.0
2253	7642230.0
2254	7693165.0
2255	7676119.0
2256	7818258.0
2257	7677970.0
2258	7654289.0
2259	7469517.0
2260	7724939.0
2261	7526104.0
2262	7553122.0
2263	7561101.0
2264	7395732.0
2265	7063178.0
2266	7086194.0
2267	7369197.0
2268	7440663.0
2269	7361077.0
2270	7441967.0
2271	7125845.0
2272	7070278.0
2273	6812592.0
2274	6841328.0
2275	6772282.0
2276	6885000.0
2277	6909120.0
2278	7214119.0
2279	7336434.0
2280	7582995.0
2281	7386156.0
2282	7345532.0
2283	7373790.0
2284	7325694.0
2285	7441589.0
2286	7441589.0
2287	7459503.0
2288	7724292.0
2289	7593756.0
2290	7753084.0
2291	8101841.0
2292	7870621.0
2293	7964671.0
2294	8252673.0
2295	8440063.0
2296	8004296.0
2297	7667316.0
2298	7399116.0
2299	7425173.0
2300	7457981.0
2301	8053371.0
2302	7833969.0
2303	7759314.0
2304	7788121.0
2305	7809043.0
2306	7508259.0
2307	8074390.0
2308	7628194.0
2309	8051350.0
2310	7744222.0
2311	7727653.0
2312	7582187.0
2313	7414091.0
2314	7702947.0
2315	7927515.0
2316	8061221.0
2317	7939549.0
2318	7708818.0
2319	7691400.0
2320	7503730.0
2321	7525771.0
2322	7838002.0
2323	7818338.0
2324	7535719.0
2325	7684632.0
2326	7791307.0
2327	7840659.0
2328	7923794.0
2329	7689297.0
2330	7819108.0
2331	7606888.0
2332	7524322.0
2333	7008042.0
2334	7075632.0
2335	7142216.0
2336	7040360.0
2337	7255715.0
2338	7186845.0
2339	7248081.0
2340	7343707.0
2341	7066618.0
2342	7340641.0
2343	7315813.0
2344	7235138.0
2345	7126562.0
2346	7298761.0
2347	7367851.0
2348	7294663.0
2349	7422902.0
2350	7430202.0
2351	7495722.0
2352	7183491.0
2353	7059407.0
2354	6777878.0
2355	6819867.0
2356	7006010.0
2357	7392766.0
2358	7283461.0
2359	7688758.0
2360	7693054.0
2361	7773729.0
2362	7880347.0
2363	8006895.0
2364	8091759.0
2365	8494336.0
2366	8691147.0
2367	8713512.0
2368	8285861.0
2369	8130243.0
2370	7936169.0
2371	8017574.0
2372	7776601.0
2373	7860121.0
2374	7891397.0
2375	8184922.0
2376	7863917.0
2377	7682089.0
2378	7728275.0
2379	7746317.0
2380	7923986.0
2381	7956469.0
2382	7778800.0
2383	8006211.0
2384	8031253.0
2385	8024412.0
2386	8072482.0
2387	8091973.0
2388	8457796.0
2389	8379823.0
2390	8535775.0
2391	8664041.0
2392	9264623.0
2393	9304955.0
2394	9033008.0
2395	9052259.0
2396	9069250.0
2397	9026664.0
2398	9030045.0
2399	8866838.0
2400	8841796.0
2401	8839327.0
2402	8677314.0
2403	8631645.0
2404	8737078.0
2405	8563222.0
2406	8378655.0
2407	8624157.0
2408	8207378.0
2409	8520965.0
2410	8628788.0
2411	8631999.0
2412	8689783.0
2413	8713324.0
2414	8575748.0
2415	8256191.0
2416	8166442.0
2417	8201812.0
2418	8266132.0
2419	8230762.0
2420	8363237.0
2421	8245031.0
2422	8677814.0
2423	8698814.0
2424	8568668.0
2425	8494733.0
2426	8560385.0
2427	8282405.0
2428	8386908.0
2429	8568779.0
2430	8526671.0
2431	8129252.0
2432	8136821.0
2433	8089165.0
2434	7951730.0
2435	7998426.0
2436	8067151.0
2437	8072095.0
2438	8110704.0
2439	8089980.0
2440	8098188.0
2441	8080820.0
2442	8400306.0
2443	8425197.0
2444	8036627.0
2445	7747943.0
2446	7799918.0
2447	7882478.0
2448	7681336.0
2449	7856257.0
2450	7616064.0
2451	7409037.0
2452	7248295.0
2453	7036360.0
2454	7069285.0
2455	7140133.0
2456	6898042.0
2457	6999516.0
2458	6906043.0
2459	6864382.0
2460	7039414.0
2461	7119024.0
2462	6942152.0
2463	7391403.0
2464	7514797.0
2465	7306575.0
2466	7173735.0
2467	7138362.0
2468	7044666.0
2469	6914466.0
2470	6850354.0
2471	6776128.0
2472	6792391.0
2473	7179558.0
2474	7509396.0
2475	7788503.0
2476	7641157.0
2477	7697599.0
2478	7614115.0
2479	7493443.0
2480	7507213.0
2481	8035193.0
2482	8048677.0
2483	7725342.0
2484	7348834.0
2485	7677604.0
2486	7612809.0
2487	7953882.0
2488	7974668.0
2489	7689103.0
2490	7541963.0
2491	7518785.0
2492	7429400.0
2493	7344887.0
2494	7609194.0
2495	7792566.0
2496	7831247.0
2497	7087993.0
2498	7300280.0
2499	7328038.0
2500	7365298.0
2501	7376323.0
2502	7102300.0
2503	6825084.0
2504	6779005.0
2505	6655512.0
2506	6931326.0
2507	7056714.0
2508	6896999.0
2509	6911397.0
2510	7082722.0
2511	6931636.0
2512	7043205.0
2513	7282993.0
2514	7339881.0
2515	7339881.0
2516	7347809.0
2517	6638175.0
2518	7305144.0
2519	7297216.0
2520	7357918.0
2521	7232530.0
2522	7300219.0
2523	7661461.0
2524	7661461.0
2525	7048621.0
2526	7487976.0
2527	7496576.0
2528	7428877.0
2529	7461583.0
2530	7879889.0
2531	7858020.0
2532	7997289.0
2533	7997289.0
2534	8214995.0
2535	8221342.0
2536	8221342.0
2537	8258130.0
2538	8308176.0
2539	8448368.0
2540	8636099.0
2541	8776139.0
2542	8726093.0
2543	8324394.0
2544	8319141.0
2545	8173340.0
2546	7629070.0
2547	7655192.0
2548	7742686.0
2549	7666093.0
2550	7751693.0
2551	7138882.0
2552	7354729.0
2553	7091866.0
2554	7379091.0
2555	7298894.0
2556	7546131.0
2557	7321953.0
2558	7568514.0
2559	7609598.0
2560	7471482.0
2561	7840279.0
2562	8102709.0
2563	8356473.0
2564	8379665.0
2565	8370075.0
2566	8495058.0
2567	8273453.0
2568	8456894.0
2569	8530451.0
2570	8179983.0
2571	8218156.0
2572	8425827.0
2573	8216689.0
2574	7897961.0
2575	7546129.0
2576	7698679.0
2577	7830629.0
2578	7905821.0
2579	7678581.0
2580	7720701.0
2581	7722951.0
2582	7647382.0
2583	7552377.0
2584	7909936.0
2585	8176183.0
2586	7959273.0
2587	7970213.0
2588	7737781.0
2589	7590128.0
2590	7746080.0
2591	7985185.0
2592	8150889.0
2593	7907285.0
2594	7970933.0
2595	8043893.0
2596	8397145.0
2597	8128883.0
2598	8127362.0
2599	7950562.0
2600	8096561.0
2601	8127081.0
2602	8075061.0
2603	8154794.0
2604	8119361.0
2605	8233619.0
2606	8367546.0
2607	8428838.0
2608	8470148.0
2609	8234897.0
2610	8191141.0
2611	8585886.0
2612	8311568.0
2613	8258634.0
2614	8471763.0
2615	8448911.0
2616	8323141.0
2617	8118679.0
2618	8304851.0
2619	8198171.0
2620	8254228.0
2621	8096356.0
2622	8068530.0
2623	8079930.0
2624	8210275.0
2625	8162845.0
2626	8104315.0
2627	7987500.0
2628	8082738.0
2629	8015814.0
2630	7912366.0
2631	7944208.0
2632	8036872.0
2633	8183685.0
2634	8184597.0
2635	8294508.0
2636	8315471.0
2637	8126944.0
2638	8150724.0
2639	8181882.0
2640	8602090.0
2641	8475334.0
2642	8626370.0
2643	8637154.0
2644	8571699.0
2645	8377755.0
2646	8064863.0
2647	7741555.0
2648	7413681.0
2649	7492264.0
2650	7461106.0
2651	7484731.0
2652	7859692.0
2653	8026078.0
2654	7901224.0
2655	7949041.0
2656	7824556.0
2657	7682406.0
2658	7810039.0
2659	7987871.0
2660	7830940.0
2661	8028008.0
2662	7465827.0
2663	7268759.0
2664	7395650.0
2665	7473324.0
2666	7739959.0
2667	7677663.0
2668	7621876.0
2669	7574059.0
2670	7889322.0
2671	7959079.0
2672	7731423.0
2673	7799840.0
2674	7753232.0
2675	7538354.0
2676	7550724.0
2677	7511715.0
2678	7673784.0
2679	7732099.0
2680	7570030.0
2681	7586977.0
2682	7634794.0
2683	7584750.0
2684	7799777.0
2685	7866613.0
2686	7777391.0
2687	7584980.0
2688	7742250.0
2689	7436946.0
2690	7496837.0
2691	7478572.0
2692	7652348.0
2693	7252735.0
2694	7273044.0
2695	7389382.0
2696	7440626.0
2697	7451770.0
2698	7710938.0
2699	7487101.0
2700	7504489.0
2701	7526564.0
2702	7804823.0
2703	7833327.0
2704	7735314.0
2705	7739915.0
2706	7862822.0
2707	7721524.0
2708	7432613.0
2709	7845120.0
2710	7797303.0
2711	7827732.0
2712	7854768.0
2713	7874609.0
2714	8166987.0
2715	7942790.0
2716	7990607.0
2717	7923062.0
2718	7527665.0
2719	7411757.0
2720	7349966.0
2721	7594540.0
2722	7513340.0
2723	7168180.0
2724	6998632.0
2725	7144084.0
2726	7025247.0
2727	7071921.0
2728	7250540.0
2729	7487400.0
2730	7381725.0
2731	7574937.0
2732	7506422.0
2733	7593045.0
2734	7855763.0
2735	7245590.0
2736	7156630.0
2737	7342766.0
2738	7178768.0
2739	7344944.0
2740	7342232.0
2741	7438745.0
2742	7491565.0
2743	7226600.0
2744	7178783.0
2745	7125963.0
2746	7151523.0
2747	7340723.0
2748	7151523.0
2749	7232457.0
2750	7280274.0
2751	7443138.0
2752	7517172.0
2753	7357972.0
2754	7397688.0
2755	7365630.0
