1	6.967073
2	7.099195
3	7.376227
4	7.407907
5	7.415935
6	7.415935
7	7.432945
8	7.453686
9	7.512771
10	7.518328
11	7.607694
12	7.730074
13	7.790342
14	7.879542
15	7.925034
16	8.029919
17	8.085792
18	8.136287
19	8.136287
20	8.140295
21	8.140295
22	7.931465
23	7.931465
24	7.950455
25	8.082864
26	8.082864
27	8.104984
28	8.177488
29	8.177488
30	8.22601
31	8.239514
32	8.240828
33	8.240828
34	8.240828
35	8.240828
36	8.242324
37	8.245852
38	8.245852
39	7.886426
40	7.908613
41	7.923525
42	7.758852
43	7.61247
44	7.61247
45	7.623945
46	7.633268
47	7.687972
48	7.737895
49	7.747127
50	7.812607
51	7.812607
52	7.969646
53	7.911408
54	7.800374
55	7.801658
56	7.707149
57	7.736298
58	7.736298
59	7.736298
60	7.745138
61	7.748612
62	7.800137
63	7.910841
64	7.888216
65	7.888216
66	7.888216
67	7.921808
68	7.786618
69	7.891268
70	7.913636
71	8.023816
72	7.991986
73	8.139832
74	8.139832
75	8.150776
76	8.193868
77	8.376023
78	8.376023
79	8.354141
80	8.354141
81	8.354141
82	8.488336
83	8.506732
84	8.486852
85	8.53499
86	8.375884
87	8.291628
88	8.291628
89	8.109473
90	8.109473
91	8.173923
92	8.173923
93	8.196077
94	8.11547
95	8.297625
96	8.297625
97	8.150869
98	8.447636
99	8.447636
100	8.457986
101	8.457986
102	8.493026
103	8.457986
104	8.596575
105	8.596575
106	8.371891
107	8.631124
108	8.64448
109	8.64448
110	8.64448
111	8.684293
112	8.686077
113	8.698348
114	8.483779
115	8.503075
116	8.403535
117	8.552356
118	8.520519
119	8.533468
120	8.53185
121	8.528956
122	8.528956
123	8.610148
124	8.610148
125	8.598009
126	8.598009
127	8.598009
128	8.598009
129	8.617457
130	8.425161
131	8.425161
132	8.243006
133	8.425161
134	8.425161
135	8.425161
136	8.470986
137	8.470986
138	8.470986
139	8.475738
140	8.45111
141	8.45111
142	8.45111
143	8.45111
144	8.45111
145	8.461856
146	8.480292
147	8.759688
148	8.759688
149	8.759688
150	8.759688
151	8.759688
152	8.759688
153	8.759688
154	8.759688
155	8.754936
156	8.754936
157	8.626972
158	8.626972
159	9.004474
160	9.004474
161	9.004474
162	9.004474
163	9.065514
164	9.097556
165	9.101111
166	9.101111
167	9.101111
168	9.21076
169	9.30884
170	9.30884
171	9.30884
172	9.307759
173	8.995648
174	9.095188
175	9.095188
176	9.101383
177	9.015433
178	9.015433
179	9.015433
180	9.135193
181	9.135193
182	8.888693
183	8.892872
184	8.892872
185	8.892872
186	8.892872
187	9.0242
188	9.0242
189	9.0242
190	9.0242
191	9.0242
192	9.0242
193	9.0242
194	9.11524
195	9.11524
196	9.11524
197	9.147532
198	9.147532
199	9.097251
200	9.064959
201	9.064959
202	9.064959
203	9.064959
204	9.096081
205	9.096081
206	8.906434
207	8.906434
208	8.906434
209	8.906434
210	8.985286
211	8.985286
212	8.886652
213	8.886652
214	8.886652
215	8.886652
216	8.886652
217	8.886652
218	8.802497
219	8.802497
220	8.802497
221	8.802497
222	8.802497
223	8.802497
224	8.802497
225	8.802497
226	8.802497
227	8.802497
228	8.802497
229	8.930208
230	8.930208
231	8.930208
232	8.710862
233	8.710862
234	8.698519
235	8.698519
236	8.698519
237	8.607479
238	8.657229
239	8.657229
240	8.657229
241	8.657229
242	8.657229
243	8.657229
244	8.518973
245	8.518973
246	8.517591
247	8.517591
248	8.517591
249	8.517591
250	8.595599
251	8.595599
252	8.595599
253	8.595599
254	8.595599
255	8.595599
256	8.595599
257	8.323534
258	8.323534
259	8.323534
260	8.330388
261	8.685721
262	8.708221
263	8.608681
264	8.487117
265	8.58383
266	8.631714
267	8.664006
268	8.664006
269	8.763546
270	8.741046
271	8.741046
272	8.741046
273	8.763546
274	8.882973
275	8.867673
276	8.867673
277	8.867673
278	8.835381
279	8.835381
280	8.835381
281	8.862337
282	8.862337
283	8.862337
284	8.869838
285	8.90213
286	8.894629
287	8.894629
288	8.909054
289	8.909054
290	8.922044
291	8.922044
292	8.974
293	8.974
294	8.974
295	8.983348
296	8.977596
297	9.06038
298	9.06038
299	9.06038
300	9.06038
301	9.06038
302	9.06038
303	9.063972
304	9.121682
305	9.121682
306	9.121682
307	9.121682
308	9.121682
309	9.052629
310	9.124279
311	9.124279
312	9.124279
313	9.124279
314	9.136025
315	9.158159
316	9.161599
317	9.161599
318	9.161599
319	9.008928
320	9.008928
321	9.008928
322	9.008928
323	9.054726
324	9.054726
325	9.054726
326	9.054726
327	9.054726
328	9.054726
329	9.054726
330	9.054726
331	9.054726
332	9.054726
333	9.054726
334	9.052344
335	9.052344
336	9.052344
337	9.042394
338	9.064567
339	9.064567
340	9.09767
341	9.09767
342	9.09767
343	9.356971
344	9.356971
345	9.439095
346	9.474492
347	9.474492
348	9.474492
349	9.474492
350	9.474492
351	9.46379
352	9.46379
353	9.46379
354	9.46379
355	9.46379
356	9.46379
357	9.46379
358	9.46379
359	9.46379
360	9.587418
361	9.587418
362	9.587418
363	9.587418
364	9.587418
365	9.587418
366	9.587418
367	9.50742
368	9.50742
369	9.50742
370	9.50742
371	9.50742
372	9.50742
373	9.50742
374	9.50742
375	9.50742
376	9.50742
377	9.50742
378	9.458215
379	9.458215
380	9.458215
381	9.458215
382	9.458215
383	9.358675
384	9.358675
385	9.358675
386	9.358675
387	9.51091
388	9.51091
389	9.51091
390	9.577774
391	9.24057
392	9.24057
393	9.24057
394	9.298506
395	9.298506
396	9.298506
397	9.298506
398	9.298506
399	9.298506
400	9.298506
401	9.377358
402	9.377358
403	9.310494
404	9.310494
405	9.310494
406	9.310494
407	9.308504
408	9.086221
409	9.251988
410	9.251988
411	9.251988
412	9.251988
413	9.251988
414	9.251988
415	9.251988
416	9.251988
417	9.216591
418	9.216591
419	9.241665
420	9.241665
421	9.234659
422	9.564231
423	9.545383
424	9.545383
425	9.545383
426	9.545383
427	9.545383
428	9.545383
429	9.545383
430	9.54749
431	9.48231
432	9.48231
433	9.480203
434	9.480203
435	9.5221
436	9.5221
437	9.5221
438	9.5221
439	9.5221
440	9.570498
441	9.572488
442	9.572488
443	9.572488
444	9.572488
445	9.572488
446	9.583192
447	9.466732
448	9.545934
449	9.545934
450	9.545934
451	9.545934
452	9.545934
453	9.625932
454	9.625932
455	9.615228
456	9.615228
457	9.615228
458	9.615228
459	9.615228
460	9.615228
461	9.615228
462	9.615228
463	9.693236
464	9.693236
465	9.708878
466	9.708878
467	9.708878
468	9.708878
469	9.708878
470	9.612743
471	9.612743
472	9.612743
473	9.606598
474	9.606598
475	9.606598
476	9.606598
477	9.606598
478	9.562953
479	9.562953
480	9.562953
481	9.497504
482	9.497504
483	9.923961
484	9.923961
485	9.923961
486	9.923961
487	9.923961
488	9.923961
489	9.923961
490	9.923961
491	9.923961
492	9.923961
493	9.757943
494	9.757943
495	9.757943
496	9.757943
497	9.757943
498	9.757943
499	9.896686
500	9.896686
501	9.91823
502	9.886788
503	9.886788
504	10.015519
505	10.015519
506	10.015519
507	10.04806
508	10.04806
509	10.04806
510	10.143499
511	10.143499
512	10.143499
513	10.143499
514	10.143499
515	10.193512
516	10.193512
517	10.193512
518	10.193512
519	10.194109
520	10.194109
521	10.194109
522	10.194109
523	10.194109
524	10.194109
525	10.194109
526	10.194109
527	10.194109
528	10.028342
529	10.028342
530	10.028342
531	10.028342
532	10.028342
533	10.028342
534	10.133456
535	10.133456
536	10.133456
537	10.133456
538	10.133456
539	10.133456
540	10.147187
541	10.08092
542	10.08092
543	10.1066
544	10.1066
545	10.1066
546	10.1066
547	10.290874
548	10.338634
549	10.338634
550	10.338634
551	10.338634
552	10.338634
553	10.338634
554	10.338634
555	10.338634
556	10.338634
557	10.338634
558	10.338634
559	10.338634
560	10.338634
561	10.338037
562	10.338037
563	10.338037
564	10.338037
565	10.338037
566	10.338037
567	10.338037
568	10.338037
569	10.338037
570	10.338037
571	10.338037
572	10.338037
573	10.338037
574	10.338037
575	10.338037
576	10.338037
577	10.338037
578	10.338037
579	10.338037
580	10.338037
581	10.338037
582	10.338037
583	10.338037
584	10.338037
585	10.338037
586	10.338037
587	10.338037
588	10.338037
589	10.338037
590	10.312357
591	10.312357
592	10.312357
593	10.312357
594	10.312357
595	10.312357
596	10.312357
597	10.312954
598	10.312954
599	10.312954
600	10.312954
601	10.312954
602	10.265194
603	10.265194
604	10.265194
605	10.265194
606	10.326437
607	10.326437
608	10.326437
609	10.326437
610	10.326437
611	10.326437
612	10.326437
613	10.326437
614	10.326437
615	10.326437
616	10.326437
617	10.326437
618	10.303751
619	10.303751
620	10.303751
621	10.303751
622	10.303751
623	10.303751
624	10.329431
625	10.329431
626	10.329431
627	10.329431
628	10.448234
629	10.448234
630	10.448234
631	10.448234
632	10.448234
633	10.448234
634	10.448234
635	10.482661
636	10.482661
637	10.482661
638	10.462562
639	10.462562
640	10.462562
641	10.462562
642	10.462562
643	10.462562
644	10.462562
645	10.462562
646	10.382431
647	10.382431
648	10.382431
649	10.382431
650	10.382431
651	10.382431
652	10.382431
653	10.382431
654	10.477885
655	10.477885
656	10.477885
657	10.477885
658	10.477885
659	10.477885
660	10.477885
661	10.452205
662	10.452205
663	10.452205
664	10.452205
665	10.452205
666	10.452205
667	10.452205
668	10.452205
669	10.452205
670	10.452205
671	10.452205
672	10.452205
673	10.452205
674	10.452205
675	10.452205
676	10.452205
677	10.53479
678	10.53479
679	10.531606
680	10.557286
681	10.557286
682	10.557286
683	10.557286
684	10.557286
685	10.557286
686	10.594101
687	10.594101
688	10.594101
689	10.594101
690	10.594101
691	10.594101
692	10.594101
693	10.594101
694	10.594101
695	10.594101
696	10.594101
697	10.594101
698	10.594101
699	10.594101
700	10.594101
701	10.594101
702	10.594101
703	10.594101
704	10.558679
705	10.558679
706	10.558679
707	10.558679
708	10.558679
709	10.558679
710	10.558679
711	10.558679
712	10.558679
713	10.558679
714	10.558679
715	10.558679
716	10.558679
717	10.558679
718	10.558679
719	10.558679
720	10.558679
721	10.558679
722	10.558679
723	10.558679
724	10.558679
725	10.558679
726	10.558679
727	10.558679
728	10.558679
729	10.558679
730	10.558679
731	10.558679
732	10.558679
733	10.558679
734	10.558679
735	10.558679
736	10.558679
737	10.558679
738	10.558679
739	10.558679
740	10.558679
741	10.558679
742	10.558679
743	10.558679
744	10.558679
745	10.558679
746	10.558679
747	10.558679
748	10.558679
749	10.558679
750	10.558679
751	10.558679
752	10.558679
753	10.558679
754	10.558679
755	10.558679
756	10.558679
757	10.558679
758	10.558679
759	10.558679
760	10.558679
761	10.558679
762	10.558679
763	10.558679
764	10.558679
765	10.567037
766	10.567037
767	10.567037
768	10.567037
769	10.567037
770	10.567037
771	10.567037
772	10.567037
773	10.548729
774	10.548729
775	10.51271
776	10.51271
777	10.540243
778	10.540243
779	10.537762
780	10.537762
781	10.537762
782	10.537762
783	10.537762
784	10.537762
785	10.55607
786	10.55607
787	10.55607
788	10.55607
789	10.55607
790	10.55607
791	10.55607
792	10.55607
793	10.55607
794	10.55607
795	10.55607
796	10.55607
797	10.55607
798	10.55607
799	10.55607
800	10.55607
801	10.55607
802	10.55607
803	10.55607
804	10.55607
805	10.55607
806	10.55607
807	10.55607
808	10.55607
809	10.55607
810	10.576965
811	10.576965
812	10.576965
813	10.576965
814	10.576965
815	10.576965
816	10.576965
817	10.576965
818	10.576965
819	10.576965
820	10.576965
821	10.576965
822	10.576965
823	10.576965
824	10.576965
825	10.576965
826	10.576965
827	10.576965
828	10.576965
829	10.576965
830	10.551285
831	10.551285
832	10.551285
833	10.551285
834	10.551285
835	10.551285
836	10.551285
837	10.551285
838	10.521304
839	10.521304
840	10.521304
841	10.521304
842	10.521304
843	10.521304
844	10.521304
845	10.521304
846	10.521304
847	10.521304
848	10.521304
849	10.521304
850	10.521304
851	10.521304
852	10.521304
853	10.521304
854	10.521304
855	10.521304
856	10.521304
857	10.521304
858	10.521304
859	10.521304
860	10.551285
861	10.551285
862	10.551285
863	10.576965
864	10.576965
865	10.576965
866	10.576965
867	10.576965
868	10.576965
869	10.591408
870	10.591408
871	10.591408
872	10.591408
873	10.591408
874	10.591408
875	10.565728
876	10.565728
877	10.565728
878	10.565728
879	10.565728
880	10.565728
881	10.565728
882	10.565728
883	10.618861
884	10.618861
885	10.790301
886	10.790301
887	10.790301
888	10.790301
889	10.790301
890	10.790301
891	10.790301
892	10.790301
893	10.790301
894	10.790301
895	10.790301
896	10.790301
897	10.790301
898	10.790301
899	10.790301
900	10.790301
901	10.790301
902	10.790301
903	10.790301
904	10.790301
905	10.790301
906	10.790301
907	10.790301
908	10.790301
909	10.790301
910	10.790301
911	10.790301
912	10.790301
913	10.790301
914	10.790301
915	10.790301
916	10.790301
917	10.790301
918	10.790301
919	10.790301
920	10.790301
921	10.790301
922	10.790301
923	10.790301
924	10.790301
925	10.790301
926	10.790301
927	10.790301
928	10.790301
929	10.790301
930	10.790301
931	10.790301
932	10.790301
933	10.790301
934	10.790301
935	10.790301
936	10.790301
937	10.790301
938	10.790301
939	10.790301
940	10.790301
941	10.790301
942	10.790301
943	10.790301
944	10.790301
945	10.790301
946	10.790301
947	10.790301
948	10.790301
949	10.790301
950	10.790301
951	10.790301
952	10.790301
953	10.790301
954	10.790301
955	10.790301
956	10.790301
957	10.815981
958	10.815981
959	10.815981
960	10.815981
961	10.815981
962	10.815981
963	10.815981
964	10.815981
965	10.815981
966	10.815981
967	10.815981
968	10.815981
969	10.815981
970	10.815981
971	10.815981
972	10.815981
973	10.815981
974	10.815981
975	10.815981
976	10.815981
977	10.815981
978	10.815981
979	10.815981
980	10.815981
981	10.815981
982	10.815981
983	10.815981
984	10.815981
985	10.815981
986	10.815981
987	10.815981
988	10.815981
989	10.815981
990	10.815981
991	10.815981
992	10.815981
993	10.815981
994	10.815981
995	10.815981
996	10.815981
997	10.815981
998	10.815981
999	10.815981
1000	10.815981
1001	10.815981
1002	10.815981
1003	10.815981
1004	10.815981
1005	10.815981
1006	10.815981
1007	10.815981
1008	10.815981
1009	10.815981
1010	10.815981
1011	10.815981
1012	10.815981
1013	10.815981
1014	10.815981
1015	10.815981
1016	10.825931
1017	10.825931
1018	10.825931
1019	10.825931
1020	10.825931
1021	10.825931
1022	10.825931
1023	10.825931
1024	10.825931
1025	10.825931
1026	10.825931
1027	10.825931
1028	10.825931
1029	10.818568
1030	10.818568
1031	10.818568
1032	10.818568
1033	10.818568
1034	10.818568
1035	10.818568
1036	10.818568
1037	10.818568
1038	10.818568
1039	10.818568
1040	10.818568
1041	10.818568
1042	10.818568
1043	10.818568
1044	10.818568
1045	10.818568
1046	10.818568
1047	10.818568
1048	10.818568
1049	10.818568
1050	10.818568
1051	10.818568
1052	10.818568
1053	10.818568
1054	10.818568
1055	10.818568
1056	10.818568
1057	10.818568
1058	10.818568
1059	10.818568
1060	10.818568
1061	10.818568
1062	10.818568
1063	10.818568
1064	10.818568
1065	10.818568
1066	10.818568
1067	10.818568
1068	10.818568
1069	10.818568
1070	10.818568
1071	10.818568
1072	10.818568
1073	10.818568
1074	10.818568
1075	10.818568
1076	10.818568
1077	10.818568
1078	10.818568
1079	10.818568
1080	10.818568
1081	10.818568
1082	10.818568
1083	10.818568
1084	10.818568
1085	10.818568
1086	10.818568
1087	10.818568
1088	10.818568
1089	10.818568
1090	10.818568
1091	10.818568
1092	10.818568
1093	10.818568
1094	10.818568
1095	10.818568
1096	10.818568
1097	10.818568
1098	10.818568
1099	10.818568
1100	10.818568
1101	10.818568
1102	10.818568
1103	10.818568
1104	10.792888
1105	10.792888
1106	10.792888
1107	10.792888
1108	10.792888
1109	10.792888
1110	10.792888
1111	10.792888
1112	10.792888
1113	10.792888
1114	10.792888
1115	10.818568
1116	10.818568
1117	10.818568
1118	10.818568
1119	10.818568
1120	10.818568
1121	10.818568
1122	10.818568
1123	10.818568
1124	10.818568
1125	10.818568
1126	10.818568
1127	10.818568
1128	10.818568
1129	10.818568
1130	10.818568
1131	10.818568
1132	10.818568
1133	10.818568
1134	10.818568
1135	10.818568
1136	10.818568
1137	10.818568
1138	10.818568
1139	10.818568
1140	10.818568
1141	10.818568
1142	10.818568
1143	10.818568
1144	10.818568
1145	10.818568
1146	10.818568
1147	10.818568
1148	10.818568
1149	10.818568
1150	10.818568
1151	10.818568
1152	10.818568
1153	10.818568
1154	10.818568
1155	10.818568
1156	10.818568
1157	10.818568
1158	10.818568
1159	10.818568
1160	10.818568
1161	10.818568
1162	10.818568
1163	10.818568
1164	10.818568
1165	10.818568
1166	10.818568
1167	10.818568
1168	10.81021
1169	10.81021
1170	10.81021
1171	10.81021
1172	10.81021
1173	10.81021
1174	10.81021
1175	10.81021
1176	10.81021
1177	10.81021
1178	10.81021
1179	10.81021
1180	10.81021
1181	10.81021
1182	10.81021
1183	10.81021
1184	10.81021
1185	10.886427
1186	10.886427
1187	10.886427
1188	10.886427
1189	10.886427
1190	10.886427
1191	10.886427
1192	10.886427
1193	10.886427
1194	10.886427
1195	10.886427
1196	10.886427
1197	10.886427
1198	10.886427
1199	10.886427
1200	10.886427
1201	10.906526
1202	10.906526
1203	10.906526
1204	10.906526
1205	10.906526
1206	10.906526
1207	10.906526
1208	10.906526
1209	10.906526
1210	10.906526
1211	10.906526
1212	10.906526
1213	10.906526
1214	10.906526
1215	10.906526
1216	10.906526
1217	10.906526
1218	10.906526
1219	10.906526
1220	10.906526
1221	10.906526
1222	10.906526
1223	10.906526
1224	10.906526
1225	10.906526
1226	10.906526
1227	10.906526
1228	10.906526
1229	10.906526
1230	10.898168
1231	10.898168
1232	10.898168
1233	10.898168
1234	10.898168
1235	10.898168
1236	10.898168
1237	10.898168
1238	10.898168
1239	10.898168
1240	10.906526
1241	10.906526
1242	10.906526
1243	10.906526
1244	10.906526
1245	10.906526
1246	10.906526
1247	10.906526
1248	10.906526
1249	10.906526
1250	10.906526
1251	10.906526
1252	10.906526
1253	10.906526
1254	10.906526
1255	10.906526
1256	10.906526
1257	10.906526
1258	10.906526
1259	10.906526
1260	10.906526
1261	10.906526
1262	10.906526
1263	10.906526
1264	10.906526
1265	10.906526
1266	10.906526
1267	10.906526
1268	10.906526
1269	10.906526
1270	10.906526
1271	10.906526
1272	10.906526
1273	10.906526
1274	10.906526
1275	10.906526
1276	10.906526
1277	10.906526
1278	10.906526
1279	10.906526
1280	10.906526
1281	10.906526
1282	10.906526
1283	10.906526
1284	10.906526
1285	10.906526
1286	10.906526
1287	10.906526
1288	10.906526
1289	10.906526
1290	10.906526
1291	10.906526
1292	10.906526
1293	10.906526
1294	10.906526
1295	10.906526
1296	10.906526
1297	10.906526
1298	10.906526
1299	10.906526
1300	10.906526
1301	10.906526
1302	10.906526
1303	10.906526
1304	10.906526
1305	10.906526
1306	10.906526
1307	10.906526
1308	10.906526
1309	10.906526
1310	10.906526
1311	10.906526
1312	10.906526
1313	10.906526
1314	10.906526
1315	10.906526
1316	10.906526
1317	10.906526
1318	10.906526
1319	10.906526
1320	10.906526
1321	10.906526
1322	10.906526
1323	10.906526
1324	10.906526
1325	10.906526
1326	10.906526
1327	10.906526
1328	10.906526
1329	10.906526
1330	10.906526
1331	10.906526
1332	10.906526
1333	10.906526
1334	10.906526
1335	10.906526
1336	10.906526
1337	10.906526
1338	10.906526
1339	10.906526
1340	10.906526
1341	10.906526
1342	10.906526
1343	10.906526
1344	10.906526
1345	10.906526
1346	10.906526
1347	10.906526
1348	10.906526
1349	10.906526
1350	10.906526
1351	10.906526
1352	10.906526
1353	10.906526
1354	10.906526
1355	10.906526
1356	10.906526
1357	10.906526
1358	10.906526
1359	10.906526
1360	10.906526
1361	10.906526
1362	10.906526
1363	10.906526
1364	10.906526
1365	10.906526
1366	10.906526
1367	10.906526
1368	10.906526
1369	10.906526
1370	10.906526
1371	10.906526
1372	10.906526
1373	10.906526
1374	10.906526
1375	10.902148
1376	10.902148
1377	10.902148
1378	10.902148
1379	10.902148
1380	10.902148
1381	10.902148
1382	10.902148
1383	10.902148
1384	10.902148
1385	10.902148
1386	10.902148
1387	10.902148
1388	10.902148
1389	10.902148
1390	10.902148
1391	10.902148
1392	10.902148
1393	10.902148
1394	10.902148
1395	10.902148
1396	10.902148
1397	10.902148
1398	10.902148
1399	10.902148
1400	10.902148
1401	10.902148
1402	10.902148
1403	10.902148
1404	10.902148
1405	10.902148
1406	10.902148
1407	10.902148
1408	10.902148
1409	10.902148
1410	10.902148
1411	10.902148
1412	10.902148
1413	10.902148
1414	10.902148
1415	10.902148
1416	10.902148
1417	10.902148
1418	10.902148
1419	10.902148
1420	10.902148
1421	10.902148
1422	10.902148
1423	10.902148
1424	10.902148
1425	10.902148
1426	10.902148
1427	10.90175
1428	10.90175
1429	10.90175
1430	10.90175
1431	10.90175
1432	10.90175
1433	10.90175
1434	10.90175
1435	10.90175
1436	10.90175
1437	10.893392
1438	10.893392
1439	10.893392
1440	10.893392
1441	10.893392
1442	10.893392
1443	10.893392
1444	10.893392
1445	10.893392
1446	10.893392
1447	10.893392
1448	10.893392
1449	10.893392
1450	10.893392
1451	10.893392
1452	10.892795
1453	10.892795
1454	10.892795
1455	10.892795
1456	10.892795
1457	10.892795
1458	10.892795
1459	10.892795
1460	10.893392
1461	10.893392
1462	10.893392
1463	10.893392
1464	10.893392
1465	10.893392
1466	10.893392
1467	10.893392
1468	10.893392
1469	10.893392
1470	10.893392
1471	10.893392
1472	10.893392
1473	10.893392
1474	10.893392
1475	10.893392
1476	10.893392
1477	10.89379
1478	10.89379
1479	10.89379
1480	10.89379
1481	10.89379
1482	10.89379
1483	10.89379
1484	10.89379
1485	10.89379
1486	10.89379
1487	10.89379
1488	10.89379
1489	10.89379
1490	10.89379
1491	10.89379
1492	10.89379
1493	10.89379
1494	10.89379
1495	10.89379
1496	10.89379
1497	10.89379
1498	10.89379
1499	10.89379
1500	10.89379
1501	10.89379
1502	10.89379
1503	10.89379
1504	10.89379
1505	10.89379
1506	10.89379
1507	10.89379
1508	10.89379
1509	10.89379
1510	10.89379
1511	10.89379
1512	10.89379
1513	10.89379
1514	10.89379
1515	10.89379
1516	10.89379
1517	10.89379
1518	10.89379
1519	10.89379
1520	10.89379
1521	10.89379
1522	10.89379
1523	10.89379
1524	10.89379
1525	10.89379
1526	10.89379
1527	10.89379
1528	10.89379
1529	10.89379
1530	10.89379
1531	10.89379
1532	10.89379
1533	10.89379
1534	10.89379
1535	10.89379
1536	10.89379
1537	10.89379
1538	10.89379
1539	10.89379
1540	10.89379
1541	10.89379
1542	10.89379
1543	10.89379
1544	10.89379
1545	10.89379
1546	10.89379
1547	10.89379
1548	10.89379
1549	10.89379
1550	10.89379
1551	10.89379
1552	10.89379
1553	10.89379
1554	10.89379
1555	10.89379
1556	10.893193
1557	10.893193
1558	10.893193
1559	10.893193
1560	10.893193
1561	10.893193
1562	10.893193
1563	10.893193
1564	10.893193
1565	10.893193
1566	10.893193
1567	10.893193
1568	10.893193
1569	10.893193
1570	10.893193
1571	10.893193
1572	10.893193
1573	10.893193
1574	10.893193
1575	10.893193
1576	10.893193
1577	10.893193
1578	10.893193
1579	10.893193
1580	10.893193
1581	10.893193
1582	10.893193
1583	10.893193
1584	10.893193
1585	10.893193
1586	10.893193
1587	10.893193
1588	10.893193
1589	10.893193
1590	10.893193
1591	10.893193
1592	10.893193
1593	10.893193
1594	10.893193
1595	10.893193
1596	10.893193
1597	10.893193
1598	10.893193
1599	10.893193
1600	10.893193
1601	10.893193
1602	10.893193
1603	10.893193
1604	10.893193
1605	10.893193
1606	10.893193
1607	10.893193
1608	10.893193
1609	10.893193
1610	10.893193
1611	10.893193
1612	10.893193
1613	10.893193
1614	10.893193
1615	10.893193
1616	10.893193
1617	10.893193
1618	10.893193
1619	10.893193
1620	10.893193
1621	10.893193
1622	10.893193
1623	10.901551
1624	10.901551
1625	10.901551
1626	10.901551
1627	10.901551
1628	10.901551
1629	10.901551
1630	10.901551
1631	10.901551
1632	10.901551
1633	10.901551
1634	10.901551
1635	10.901551
1636	10.901551
1637	10.901551
1638	10.901551
1639	10.901551
1640	10.901551
1641	10.901551
1642	10.901551
1643	10.901551
1644	10.901551
1645	10.901551
1646	10.901551
1647	10.901551
1648	10.901551
1649	10.901551
1650	10.901551
1651	10.901551
1652	10.901551
1653	10.901551
1654	10.901551
1655	10.901551
1656	10.901551
1657	10.901551
1658	10.901551
1659	10.901551
1660	10.901551
1661	10.901551
1662	10.901551
1663	10.901551
1664	10.901551
1665	10.901551
1666	10.901551
1667	10.901551
1668	10.901551
1669	10.901551
1670	10.901551
1671	10.901551
1672	10.901551
1673	10.901551
1674	10.901551
1675	10.901551
1676	10.901551
1677	10.901551
1678	10.901551
1679	10.901551
1680	10.901551
1681	10.901551
1682	10.901551
1683	10.901551
1684	10.901551
1685	10.901551
1686	10.901551
1687	10.901551
1688	10.901551
1689	10.901551
1690	10.901551
1691	10.905929
1692	10.905929
1693	10.905929
1694	10.905929
1695	10.905929
1696	10.905929
1697	10.905929
1698	10.905929
1699	10.905929
1700	10.905929
1701	10.905929
1702	10.905929
1703	10.905929
1704	10.905929
1705	10.905929
1706	10.905929
1707	10.905929
1708	10.905929
1709	10.905929
1710	10.905929
1711	10.905929
1712	10.905929
1713	10.905929
1714	10.905929
1715	10.905929
1716	10.905929
1717	10.905929
1718	10.905929
1719	10.905929
1720	10.905929
1721	10.905929
1722	10.905929
1723	10.905929
1724	10.905929
1725	10.905929
1726	10.905929
1727	10.905929
1728	10.905929
1729	10.905929
1730	10.905929
1731	10.905929
1732	10.905929
1733	10.905929
1734	10.905929
1735	10.905929
1736	10.905929
1737	10.905929
1738	10.905929
1739	10.905929
1740	10.905929
1741	10.905929
1742	10.905929
1743	10.905929
1744	10.905929
1745	10.905929
1746	10.905929
1747	10.905929
1748	10.905929
1749	10.905929
1750	10.905929
1751	10.905929
1752	10.905929
1753	10.905929
1754	10.905929
1755	10.905929
1756	10.905929
1757	10.905929
1758	10.905929
1759	10.905929
1760	10.905929
1761	10.905929
1762	10.905929
1763	10.905929
1764	10.905929
1765	10.905929
1766	10.905929
1767	10.905929
1768	10.905929
1769	10.905929
1770	10.905929
1771	10.905929
1772	10.905929
1773	10.905929
1774	10.905929
1775	10.905929
1776	10.905929
1777	10.905929
1778	10.905929
1779	10.905929
1780	10.905929
1781	10.905929
1782	10.905929
1783	10.905929
1784	10.905929
1785	10.905929
1786	10.905929
1787	10.905929
1788	10.905929
1789	10.905929
1790	10.905929
1791	10.905929
1792	10.914287
1793	10.914287
1794	10.914287
1795	10.914287
1796	10.914287
1797	10.914287
1798	10.914287
1799	10.914287
1800	10.914287
1801	10.914287
1802	10.914287
1803	10.914287
1804	10.914287
1805	10.914287
1806	10.914287
1807	10.914287
1808	10.914287
1809	10.914287
1810	10.914287
1811	10.914287
1812	10.914287
1813	10.914287
1814	10.914287
1815	10.914287
1816	10.914287
1817	10.914287
1818	10.914287
1819	10.914287
1820	10.914287
1821	10.914287
1822	10.914287
1823	10.914287
1824	10.914287
1825	10.914287
1826	10.914287
1827	10.914287
1828	10.914287
1829	10.914287
1830	10.914287
1831	10.914287
1832	10.914287
1833	10.914287
1834	10.914287
1835	10.914287
1836	10.914287
1837	10.914287
1838	10.914287
1839	10.914287
1840	10.914287
1841	10.914287
1842	10.914287
1843	10.914287
1844	10.914287
1845	10.914287
1846	10.914287
1847	10.914287
1848	10.914287
1849	10.914287
1850	10.914287
1851	10.914287
1852	10.914287
1853	10.914287
1854	10.914287
1855	10.914287
1856	10.914287
1857	10.914287
1858	10.914287
1859	10.914287
1860	10.914287
1861	10.914287
1862	10.914287
1863	10.914287
1864	10.914287
1865	10.914287
1866	10.914287
1867	10.914287
1868	10.914287
1869	10.914287
1870	10.914287
1871	10.914287
1872	10.914287
1873	10.914287
1874	10.914287
1875	10.914287
1876	10.914287
1877	10.914287
1878	10.914287
1879	10.914287
1880	10.914287
1881	10.914287
1882	10.914287
1883	10.914287
1884	10.914287
1885	10.914287
1886	10.914287
1887	10.914287
1888	10.914287
1889	10.914287
1890	10.914287
1891	10.914287
1892	10.914287
1893	10.914287
1894	10.914287
1895	10.914287
1896	10.914287
1897	10.914287
1898	10.914287
1899	10.914287
1900	10.914287
1901	10.914287
1902	10.914287
1903	10.914287
1904	10.914287
1905	10.914287
1906	10.914287
1907	10.914287
1908	10.914287
1909	10.914287
1910	10.914287
1911	10.914287
1912	10.914287
1913	10.914287
1914	10.914287
1915	10.914287
1916	10.914287
1917	10.914287
1918	10.914287
1919	10.914287
1920	10.914287
1921	10.914287
1922	10.914287
1923	10.914287
1924	10.914287
1925	10.914287
1926	10.914287
1927	10.914287
1928	10.914287
1929	10.914287
1930	10.914287
1931	10.914287
1932	10.914287
1933	10.914287
1934	10.914287
1935	10.914287
1936	10.914287
1937	10.914287
1938	10.914287
1939	10.914287
1940	10.914287
1941	10.914287
1942	10.914287
1943	10.914287
1944	10.914287
1945	10.914287
1946	10.914287
1947	10.914287
1948	10.914287
1949	10.914287
1950	10.914287
1951	10.914287
1952	10.914287
1953	10.914287
1954	10.914287
1955	10.914287
1956	10.914287
1957	10.914287
1958	10.914287
1959	10.914287
1960	10.914287
1961	10.914287
1962	10.914287
1963	10.914287
1964	10.914287
1965	10.914287
1966	10.914287
1967	10.914287
1968	10.914287
1969	10.914287
1970	10.914287
1971	10.914287
1972	10.914287
1973	10.914287
1974	10.914287
1975	10.914287
1976	10.914287
1977	10.914287
1978	10.914287
1979	10.914287
1980	10.914287
1981	10.914287
1982	10.914287
1983	10.914287
1984	10.914287
1985	10.914287
1986	10.914287
1987	10.914287
1988	10.914287
1989	10.914287
1990	10.914287
1991	10.914287
1992	10.914287
1993	10.914287
1994	10.914287
1995	10.914287
1996	10.914884
1997	10.914884
1998	10.914884
1999	10.914884
2000	10.914884
2001	10.914884
2002	10.914884
2003	10.914884
2004	10.914884
2005	10.914884
2006	10.914884
2007	10.914884
2008	10.914884
2009	10.914884
2010	10.914884
2011	10.914884
2012	10.914884
2013	10.914884
2014	10.914884
2015	10.914884
2016	10.914884
2017	10.914884
2018	10.914884
2019	10.914884
2020	10.914884
2021	10.914884
2022	10.914884
2023	10.914884
2024	10.914884
2025	10.914884
2026	10.914884
2027	10.914884
2028	10.914884
2029	10.914884
2030	10.914884
2031	10.914884
2032	10.914884
2033	10.914884
2034	10.914884
2035	10.914884
2036	10.914884
2037	10.914884
2038	10.914884
2039	10.914884
2040	10.914884
2041	10.914884
2042	10.914884
2043	10.914884
2044	10.914884
2045	10.914884
2046	10.914884
2047	10.914884
2048	10.914884
2049	10.914884
2050	10.914884
2051	10.914884
2052	10.914884
2053	10.914884
2054	10.914884
2055	10.914884
2056	10.914884
2057	10.914884
2058	10.914884
2059	10.914884
2060	10.914884
2061	10.914884
2062	10.914884
2063	10.914884
2064	10.914884
2065	10.914884
2066	10.914884
2067	10.914884
2068	10.914884
2069	10.914884
2070	10.914884
2071	10.914884
2072	10.914884
2073	10.914884
2074	10.914884
2075	10.914884
2076	10.914884
2077	10.914884
2078	10.914884
2079	10.914884
2080	10.914884
2081	10.914884
2082	10.914884
2083	10.914884
2084	10.914884
2085	10.914884
2086	10.914884
2087	10.914884
2088	10.914884
2089	10.914884
2090	10.914884
2091	10.914884
2092	10.914884
2093	10.914884
2094	10.914884
2095	10.914884
2096	10.914884
2097	10.914884
2098	10.914884
2099	10.914884
2100	10.914884
2101	10.914884
2102	10.914884
2103	10.914884
2104	10.914884
2105	10.914884
2106	10.914884
2107	10.914884
2108	10.914884
2109	10.914884
2110	10.914884
2111	10.914884
2112	10.914884
2113	10.914884
2114	10.914884
2115	10.914884
2116	10.914884
2117	10.914884
2118	10.914884
2119	10.914884
2120	10.914884
2121	10.914884
2122	10.914884
2123	10.914884
2124	10.914884
2125	10.914884
2126	10.914884
2127	10.914884
2128	10.914884
2129	10.914884
2130	10.914884
2131	10.914884
2132	10.914884
2133	10.914884
2134	10.914884
2135	10.914884
2136	10.914884
2137	10.914884
2138	10.914884
2139	10.914884
2140	10.914884
2141	10.914884
2142	10.914884
2143	10.914884
2144	10.914884
2145	10.914884
2146	10.914884
2147	10.914884
2148	10.914884
2149	10.914884
2150	10.914884
2151	10.914884
2152	10.910506
2153	10.910506
2154	10.910506
2155	10.910506
2156	10.910506
2157	10.910506
2158	10.910506
2159	10.910506
2160	10.910506
2161	10.910506
2162	10.910506
2163	10.910506
2164	10.910506
2165	10.910506
2166	10.910506
2167	10.910506
2168	10.910506
2169	10.910506
2170	10.910506
2171	10.910506
2172	10.910506
2173	10.910506
2174	10.910506
2175	10.910506
2176	10.910506
2177	10.910506
2178	10.910506
2179	10.910506
2180	10.910506
2181	10.910506
2182	10.910506
2183	10.910506
2184	10.910506
2185	10.910506
2186	10.910506
2187	10.910506
2188	10.910506
2189	10.910506
2190	10.910506
2191	10.910506
2192	10.910506
2193	10.910506
2194	10.910506
2195	10.910506
2196	10.910506
2197	10.910506
2198	10.910506
2199	10.910506
2200	10.910506
2201	10.910506
2202	10.910506
2203	10.910506
2204	10.910506
2205	10.910506
2206	10.910506
2207	10.910506
2208	10.910506
2209	10.910506
2210	10.910506
2211	10.910506
2212	10.910506
2213	10.910506
2214	10.910506
2215	10.910506
2216	10.910506
2217	10.910506
2218	10.910506
2219	10.910506
2220	10.910506
2221	10.910506
2222	10.910506
2223	10.910506
2224	10.910506
2225	10.910506
2226	10.910506
2227	10.910506
2228	10.910506
2229	10.910506
2230	10.910506
2231	10.910506
2232	10.910506
2233	10.910506
2234	10.910506
2235	10.910506
2236	10.910506
2237	10.910506
2238	10.910506
2239	10.910506
2240	10.910506
2241	10.910506
2242	10.910506
2243	10.910506
2244	10.910506
2245	10.910506
2246	10.910506
2247	10.910506
2248	10.910506
2249	10.910506
2250	10.910506
2251	10.910506
2252	10.910506
2253	10.910506
2254	10.910506
2255	10.910506
2256	10.910506
2257	10.910506
2258	10.910506
2259	10.910506
2260	10.910506
2261	10.910506
2262	10.910506
2263	10.910506
2264	10.910506
2265	10.910506
2266	10.910506
2267	10.910506
2268	10.910506
2269	10.910506
2270	10.910506
2271	10.910506
2272	10.910506
2273	10.910506
2274	10.910506
2275	10.909909
2276	10.909909
2277	10.909909
2278	10.909909
2279	10.909909
2280	10.909909
2281	10.909909
2282	10.909909
2283	10.909909
2284	10.909909
2285	10.909909
2286	10.909909
2287	10.909909
2288	10.909909
2289	10.909909
2290	10.909909
2291	10.909909
2292	10.909909
2293	10.909909
2294	10.909909
2295	10.909909
2296	10.909909
2297	10.909909
2298	10.909909
2299	10.909909
2300	10.909909
2301	10.909909
2302	10.909909
2303	10.909909
2304	10.909909
2305	10.909909
2306	10.909909
2307	10.909909
2308	10.909909
2309	10.909909
2310	10.909909
2311	10.909909
2312	10.909909
2313	10.909909
2314	10.909909
2315	10.909909
2316	10.909909
2317	10.909909
2318	10.909909
2319	10.909909
2320	10.909909
2321	10.909909
2322	10.909909
2323	10.909909
2324	10.909909
2325	10.909909
2326	10.909909
2327	10.909909
2328	10.909909
2329	10.909909
2330	10.909909
2331	10.909909
2332	10.909909
2333	10.909909
2334	10.909909
2335	10.909909
2336	10.909909
2337	10.909909
2338	10.909909
2339	10.909909
2340	10.909909
2341	10.909909
2342	10.909909
2343	10.909909
2344	10.909909
2345	10.909909
2346	10.909909
2347	10.909909
2348	10.909909
2349	10.909909
2350	10.909909
2351	10.909909
2352	10.909909
2353	10.909909
2354	10.909909
2355	10.909909
2356	10.909909
2357	10.909909
2358	10.909909
2359	10.909909
2360	10.909909
2361	10.909909
2362	10.909909
2363	10.909909
2364	10.909909
2365	10.909909
2366	10.909909
2367	10.909909
2368	10.909909
2369	10.909909
2370	10.909909
2371	10.909909
2372	10.909909
2373	10.909909
2374	10.909909
2375	10.909909
2376	10.909909
2377	10.909909
2378	10.909909
2379	10.909909
2380	10.909909
2381	10.909909
2382	10.909909
2383	10.909909
2384	10.909909
2385	10.909909
2386	10.909909
2387	10.909909
2388	10.909909
2389	10.909909
2390	10.909909
2391	10.909909
2392	10.909909
2393	10.909909
2394	10.909909
2395	10.909909
2396	10.909909
2397	10.909909
2398	10.909909
2399	10.909909
2400	10.909909
2401	10.909909
2402	10.909909
2403	10.909909
2404	10.909909
2405	10.909909
2406	10.909909
2407	10.909909
2408	10.909909
2409	10.909909
2410	10.909909
2411	10.909909
2412	10.909909
2413	10.909909
2414	10.909909
2415	10.909909
2416	10.909909
2417	10.909909
2418	10.909909
2419	10.909909
2420	10.909909
2421	10.909909
2422	10.909909
2423	10.909909
2424	10.909909
2425	10.909909
2426	10.909909
2427	10.909909
2428	10.909909
2429	10.909909
2430	10.909909
2431	10.909909
2432	10.909909
2433	10.909909
2434	10.909909
2435	10.909909
2436	10.909909
2437	10.909909
2438	10.909909
2439	10.909909
2440	10.909909
2441	10.909909
2442	10.909909
2443	10.909909
2444	10.909909
2445	10.909909
2446	10.909909
2447	10.909909
2448	10.909909
2449	10.909909
2450	10.909909
2451	10.909909
2452	10.909909
2453	10.909909
2454	10.909909
2455	10.909909
2456	10.909909
2457	10.909909
2458	10.909909
2459	10.909909
2460	10.909909
2461	10.909909
2462	10.909909
2463	10.909909
2464	10.909909
2465	10.909909
2466	10.909909
2467	10.909909
2468	10.909909
2469	10.909909
2470	10.909909
2471	10.909909
2472	10.909909
2473	10.909909
2474	10.909909
2475	10.909909
2476	10.909909
2477	10.909909
2478	10.909909
2479	10.909909
2480	10.909909
2481	10.909909
2482	10.909909
2483	10.909909
2484	10.909909
2485	10.909909
2486	10.909909
2487	10.909909
2488	10.909909
2489	10.909909
2490	10.909909
2491	10.909909
2492	10.909909
2493	10.909909
2494	10.909909
2495	10.909909
2496	10.909909
2497	10.909909
2498	10.909909
2499	10.909909
2500	10.909909
2501	10.909909
2502	10.909909
2503	10.909909
2504	10.909909
2505	10.909909
2506	10.909909
2507	10.909909
2508	10.909909
2509	10.909909
2510	10.909909
2511	10.909909
2512	10.909909
2513	10.909909
2514	10.909909
2515	10.909909
2516	10.909909
2517	10.909909
2518	10.909909
2519	10.909909
2520	10.909909
2521	10.909909
2522	10.909909
2523	10.909909
2524	10.909909
2525	10.909909
2526	10.909909
2527	10.909909
2528	10.909909
2529	10.909909
2530	10.909909
2531	10.909909
2532	10.909909
2533	10.909909
2534	10.909909
2535	10.909909
2536	10.909909
2537	10.909909
2538	10.909909
2539	10.909909
2540	10.909909
2541	10.909909
2542	10.909909
2543	10.909909
2544	10.909909
2545	10.909909
2546	10.909909
2547	10.909909
2548	10.909909
2549	10.909909
2550	10.909909
2551	10.909909
2552	10.914287
2553	10.914287
2554	10.914287
2555	10.914287
2556	10.914287
2557	10.914287
2558	10.914287
2559	10.914287
2560	10.914287
2561	10.914287
2562	10.914287
2563	10.914287
2564	10.914287
2565	10.914287
2566	10.914287
2567	10.914287
2568	10.914287
2569	10.914287
2570	10.914287
2571	10.914287
2572	10.914287
2573	10.914287
2574	10.914287
2575	10.914287
2576	10.914287
2577	10.914287
2578	10.914287
2579	10.914287
2580	10.914287
2581	10.914287
2582	10.914287
2583	10.914287
2584	10.914287
2585	10.914287
2586	10.914287
2587	10.914287
2588	10.914287
2589	10.914287
2590	10.914287
2591	10.914287
2592	10.914287
2593	10.914287
2594	10.914287
2595	10.914287
2596	10.914287
2597	10.914287
2598	10.914287
2599	10.914287
2600	10.914287
2601	10.914287
2602	10.914287
2603	10.914287
2604	10.914287
2605	10.914287
2606	10.914287
2607	10.914287
2608	10.914287
2609	10.914287
2610	10.914287
2611	10.914287
2612	10.914287
2613	10.914287
2614	10.914287
2615	10.914287
2616	10.914287
2617	10.914287
2618	10.914287
2619	10.914287
2620	10.914287
2621	10.914287
2622	10.914287
2623	10.914287
2624	10.914287
2625	10.914287
2626	10.914287
2627	10.914287
2628	10.914287
2629	10.914287
2630	10.914287
2631	10.914287
2632	10.914287
2633	10.914287
2634	10.914287
2635	10.914287
2636	10.914287
2637	10.914287
2638	10.914287
2639	10.914287
2640	10.914287
2641	10.914287
2642	10.914287
2643	10.914287
2644	10.914287
2645	10.914287
2646	10.914287
2647	10.914287
2648	10.914287
2649	10.914287
2650	10.914287
2651	10.914287
2652	10.914287
2653	10.914287
2654	10.914287
2655	10.914287
2656	10.914287
2657	10.914287
2658	10.914287
2659	10.914287
2660	10.914287
2661	10.914287
2662	10.914287
2663	10.914287
2664	10.914287
2665	10.914287
2666	10.914287
2667	10.914287
2668	10.914287
2669	10.914287
2670	10.914287
2671	10.914287
2672	10.914287
2673	10.914287
2674	10.914287
2675	10.914287
2676	10.914287
2677	10.914287
2678	10.914287
2679	10.914287
2680	10.914287
2681	10.914287
2682	10.914287
2683	10.914287
2684	10.914287
2685	10.914287
2686	10.914287
2687	10.914287
2688	10.914287
2689	10.914287
2690	10.914287
2691	10.914287
2692	10.914287
2693	10.914287
2694	10.914287
2695	10.914287
2696	10.914287
2697	10.914287
2698	10.914287
2699	10.914287
2700	10.914287
2701	10.914287
2702	10.914287
2703	10.914287
2704	10.914287
2705	10.914287
2706	10.914287
2707	10.914287
2708	10.914287
2709	10.914287
2710	10.914287
2711	10.914287
2712	10.914287
2713	10.914287
2714	10.914287
2715	10.914287
2716	10.914287
2717	10.914287
2718	10.914287
2719	10.914287
2720	10.914287
2721	10.914287
2722	10.914287
2723	10.914287
2724	10.914287
2725	10.914287
2726	10.914287
2727	10.914287
2728	10.914287
2729	10.914287
2730	10.914287
2731	10.914287
2732	10.914287
2733	10.914287
2734	10.914287
2735	10.914287
2736	10.914287
2737	10.914287
2738	10.914287
2739	10.914287
2740	10.914287
2741	10.914287
2742	10.914287
2743	10.914287
2744	10.914287
2745	10.914287
2746	10.914287
2747	10.914287
2748	10.914287
2749	10.914287
2750	10.914287
2751	10.914287
2752	10.914287
2753	10.914287
2754	10.914287
2755	10.914287
2756	10.914287
2757	10.914287
2758	10.914287
2759	10.914287
2760	10.914287
2761	10.914287
2762	10.914287
2763	10.914287
2764	10.914287
2765	10.914287
2766	10.914287
2767	10.914287
2768	10.914287
2769	10.914287
2770	10.914287
2771	10.914287
2772	10.914287
2773	10.914287
2774	10.914287
2775	10.914287
2776	10.914287
2777	10.914287
2778	10.914287
2779	10.914287
2780	10.914287
2781	10.914287
2782	10.914287
2783	10.914287
2784	10.914287
2785	10.914287
2786	10.914287
2787	10.914287
2788	10.914287
2789	10.914287
2790	10.914287
2791	10.914287
2792	10.914287
2793	10.914287
2794	10.914287
2795	10.914287
2796	10.914287
2797	10.914287
2798	10.914287
2799	10.914287
2800	10.914287
2801	10.914287
2802	10.914287
2803	10.914287
2804	10.914287
2805	10.914287
2806	10.914287
2807	10.914287
2808	10.914287
2809	10.914287
2810	10.914287
2811	10.914287
2812	10.914287
2813	10.914287
2814	10.914287
2815	10.914287
2816	10.914287
2817	10.914287
2818	10.914287
2819	10.914287
2820	10.914287
2821	10.914287
2822	10.914287
2823	10.914287
2824	10.914287
2825	10.914287
2826	10.914287
2827	10.914287
2828	10.914287
2829	10.914287
2830	10.914287
2831	10.914287
2832	10.914287
2833	10.914287
2834	10.914287
2835	10.914287
2836	10.914287
2837	10.914287
2838	10.914287
2839	10.914287
2840	10.914287
2841	10.914287
2842	10.914287
2843	10.914287
2844	10.914287
2845	10.914287
2846	10.914287
2847	10.914287
2848	10.914287
2849	10.914287
2850	10.914287
2851	10.914287
2852	10.914287
2853	10.914287
2854	10.914287
2855	10.914287
2856	10.914287
2857	10.914287
2858	10.914287
2859	10.914287
2860	10.914287
2861	10.914287
2862	10.914287
2863	10.914287
2864	10.914287
2865	10.914287
2866	10.914287
2867	10.914287
2868	10.914287
2869	10.914287
2870	10.914287
2871	10.914287
2872	10.914287
2873	10.914287
2874	10.914287
2875	10.914287
2876	10.914287
2877	10.914287
2878	10.914287
2879	10.914287
2880	10.914287
2881	10.914287
2882	10.914287
2883	10.914287
2884	10.914287
2885	10.914287
2886	10.914287
2887	10.914287
2888	10.914287
2889	10.914287
2890	10.914287
2891	10.914287
2892	10.914287
2893	10.914287
2894	10.914287
2895	10.914287
2896	10.914287
2897	10.914287
2898	10.914287
2899	10.914287
2900	10.914287
2901	10.914287
2902	10.914287
2903	10.914287
2904	10.914287
2905	10.914287
2906	10.914287
2907	10.914287
2908	10.914287
2909	10.914287
2910	10.914287
2911	10.914287
2912	10.914287
2913	10.914287
2914	10.914287
2915	10.914287
2916	10.914287
2917	10.914287
2918	10.914287
2919	10.914287
2920	10.914287
2921	10.914287
2922	10.914287
2923	10.914287
2924	10.914287
2925	10.914287
2926	10.914287
2927	10.914287
2928	10.914287
2929	10.914287
2930	10.914287
2931	10.914287
2932	10.914287
2933	10.914287
2934	10.914287
2935	10.914287
2936	10.914287
2937	10.914287
2938	10.914287
2939	10.914287
2940	10.914287
2941	10.914287
2942	10.914287
2943	10.914287
2944	10.914287
2945	10.914287
2946	10.914287
2947	10.914287
2948	10.914287
2949	10.914287
2950	10.914287
2951	10.914287
2952	10.914287
2953	10.914287
2954	10.914287
2955	10.914287
2956	10.914287
2957	10.914287
2958	10.914287
2959	10.914287
2960	10.914287
2961	10.914287
2962	10.914287
2963	10.914287
2964	10.914287
2965	10.914287
2966	10.914287
2967	10.914287
2968	10.914287
2969	10.914287
2970	10.914287
2971	10.914287
2972	10.914287
2973	10.914287
2974	10.914287
2975	10.914287
2976	10.914287
2977	10.914287
2978	10.914287
2979	10.914287
2980	10.914287
2981	10.914287
2982	10.914287
2983	10.914287
2984	10.914287
2985	10.914287
2986	10.914287
2987	10.914287
2988	10.914287
2989	10.914287
2990	10.914287
2991	10.914287
2992	10.914287
2993	10.914287
2994	10.914287
2995	10.914287
2996	10.914287
2997	10.914287
2998	10.914287
2999	10.914287
3000	10.914287
3001	10.914287
3002	10.914287
3003	10.914287
3004	10.914287
3005	10.914287
3006	10.914287
3007	10.914287
3008	10.914287
3009	10.914287
3010	10.914287
3011	10.914287
3012	10.914287
3013	10.914287
3014	10.914287
3015	10.914287
3016	10.914287
3017	10.914287
3018	10.914287
3019	10.914287
3020	10.914287
3021	10.914287
3022	10.914287
3023	10.914287
3024	10.914287
3025	10.914287
3026	10.914287
3027	10.914287
3028	10.914287
3029	10.914287
3030	10.914287
3031	10.914287
3032	10.914287
3033	10.914287
3034	10.914287
3035	10.914287
3036	10.914287
3037	10.914287
3038	10.914287
3039	10.914287
3040	10.914287
3041	10.914287
3042	10.914287
3043	10.914287
3044	10.914287
3045	10.914287
3046	10.914287
3047	10.914287
3048	10.914287
3049	10.914287
3050	10.914287
3051	10.914287
3052	10.914287
3053	10.914287
3054	10.914287
3055	10.914287
3056	10.914287
3057	10.914287
3058	10.914287
3059	10.914287
3060	10.914287
3061	10.914287
3062	10.914287
3063	10.914287
3064	10.914287
3065	10.914287
3066	10.914287
3067	10.914287
3068	10.914287
3069	10.914287
3070	10.914287
3071	10.914287
3072	10.914287
3073	10.914287
3074	10.914287
3075	10.914287
3076	10.914287
3077	10.914287
3078	10.914287
3079	10.914287
3080	10.914287
3081	10.914287
3082	10.914287
3083	10.914287
3084	10.914287
3085	10.914287
3086	10.914287
3087	10.914287
3088	10.914287
3089	10.914287
3090	10.914287
3091	10.914287
3092	10.914287
3093	10.914287
3094	10.914287
3095	10.914287
3096	10.914287
3097	10.914287
3098	10.914287
3099	10.914287
3100	10.914287
3101	10.914287
3102	10.914287
3103	10.914287
3104	10.914287
3105	10.914287
3106	10.914287
3107	10.914287
3108	10.914287
3109	10.914287
3110	10.914287
3111	10.914287
3112	10.914287
3113	10.914287
3114	10.914287
3115	10.914287
3116	10.914287
3117	10.914287
3118	10.914287
3119	10.914287
3120	10.914287
3121	10.914287
3122	10.914287
3123	10.914287
3124	10.914287
3125	10.914287
3126	10.914287
3127	10.914287
3128	10.914287
3129	10.914287
3130	10.914287
3131	10.914287
3132	10.914287
3133	10.914287
3134	10.914287
3135	10.914287
3136	10.914287
3137	10.914287
3138	10.914287
3139	10.914287
3140	10.914287
3141	10.914287
3142	10.914287
3143	10.914287
3144	10.914287
3145	10.914287
3146	10.914287
3147	10.914287
3148	10.914287
3149	10.914287
3150	10.914287
3151	10.914287
3152	10.914287
3153	10.914287
3154	10.914287
3155	10.914287
3156	10.914287
3157	10.914287
3158	10.914287
3159	10.914287
3160	10.914287
3161	10.914287
3162	10.914287
3163	10.914287
3164	10.914287
3165	10.914287
3166	10.914287
3167	10.914287
3168	10.914287
3169	10.914287
3170	10.914287
3171	10.914287
3172	10.914287
3173	10.914287
3174	10.914287
3175	10.914287
3176	10.914287
3177	10.914287
3178	10.914287
3179	10.914287
3180	10.914287
3181	10.914287
3182	10.914287
3183	10.914287
3184	10.914287
3185	10.914287
3186	10.914287
3187	10.914287
3188	10.914287
3189	10.914287
3190	10.914287
3191	10.914287
3192	10.914287
3193	10.914287
3194	10.914287
3195	10.914287
3196	10.914287
3197	10.914287
3198	10.914287
3199	10.914287
3200	10.914287
3201	10.914287
3202	10.914287
3203	10.914287
3204	10.914287
3205	10.914287
3206	10.914287
3207	10.914287
3208	10.914287
3209	10.914287
3210	10.914287
3211	10.914287
3212	10.914287
3213	10.914287
3214	10.914287
3215	10.914287
3216	10.914287
3217	10.914287
3218	10.914287
3219	10.914287
3220	10.914287
3221	10.914287
3222	10.914287
3223	10.914287
3224	10.914287
3225	10.914287
3226	10.914287
3227	10.914287
3228	10.914287
3229	10.914287
3230	10.914287
3231	10.914287
3232	10.914287
3233	10.914287
3234	10.914287
3235	10.914287
3236	10.914287
3237	10.914287
3238	10.914287
3239	10.914287
3240	10.914287
3241	10.914287
3242	10.914287
3243	10.914287
3244	10.914287
3245	10.914287
3246	10.914287
3247	10.914287
3248	10.914287
3249	10.914287
3250	10.914287
3251	10.914287
3252	10.914287
3253	10.914287
3254	10.914287
3255	10.914287
3256	10.914287
3257	10.914287
3258	10.914287
3259	10.914287
3260	10.914287
3261	10.914287
3262	10.914287
3263	10.914287
3264	10.914287
3265	10.914287
3266	10.914287
3267	10.914287
3268	10.914287
3269	10.914287
3270	10.914287
3271	10.914287
3272	10.914884
3273	10.914884
3274	10.914884
3275	10.914884
3276	10.914884
3277	10.914884
3278	10.914884
3279	10.914884
3280	10.914884
3281	10.914884
3282	10.914884
3283	10.914884
3284	10.914884
3285	10.914884
3286	10.914884
3287	10.914884
3288	10.914884
3289	10.914884
3290	10.914884
3291	10.914884
3292	10.914884
3293	10.914884
3294	10.914884
3295	10.914884
3296	10.914884
3297	10.914884
3298	10.914884
3299	10.914884
3300	10.914884
3301	10.914884
3302	10.914884
3303	10.914884
3304	10.914884
3305	10.914884
3306	10.914884
3307	10.914884
3308	10.914884
3309	10.914884
3310	10.914884
3311	10.914884
3312	10.914884
3313	10.914884
3314	10.914884
3315	10.914884
3316	10.914884
3317	10.914884
3318	10.914884
3319	10.914884
3320	10.914884
3321	10.914884
3322	10.914884
3323	10.914884
3324	10.914884
3325	10.914884
3326	10.914884
3327	10.914884
3328	10.914884
3329	10.914884
3330	10.914884
3331	10.914884
3332	10.914884
3333	10.914884
3334	10.914884
3335	10.914884
3336	10.914884
3337	10.914884
3338	10.914884
3339	10.914884
3340	10.914884
3341	10.914884
3342	10.914884
3343	10.914884
3344	10.914884
3345	10.914884
3346	10.914884
3347	10.914884
3348	10.914884
3349	10.914884
3350	10.914884
3351	10.914884
3352	10.914884
3353	10.914884
3354	10.914884
3355	10.914884
3356	10.914884
3357	10.914884
3358	10.914884
3359	10.914884
3360	10.914884
3361	10.914884
3362	10.914884
3363	10.914884
3364	10.914884
3365	10.914884
3366	10.914884
3367	10.914884
3368	10.914884
3369	10.914884
3370	10.914884
3371	10.914884
3372	10.914884
3373	10.914884
3374	10.914884
3375	10.914884
3376	10.914884
3377	10.914884
3378	10.914884
3379	10.914884
3380	10.914884
3381	10.914884
3382	10.914884
3383	10.914884
3384	10.914884
3385	10.914884
3386	10.914884
3387	10.914884
3388	10.914884
3389	10.914884
3390	10.914884
3391	10.914884
3392	10.914884
3393	10.914884
3394	10.914884
3395	10.914884
3396	10.914884
3397	10.914884
3398	10.914884
3399	10.914884
3400	10.914884
3401	10.914884
3402	10.914884
3403	10.914884
3404	10.914884
3405	10.914884
3406	10.914884
3407	10.914884
3408	10.914884
3409	10.914884
3410	10.914884
3411	10.914884
3412	10.914884
3413	10.914884
3414	10.914884
3415	10.914884
3416	10.914884
3417	10.914884
3418	10.914884
3419	10.914884
3420	10.914884
3421	10.914884
3422	10.914884
3423	10.914884
3424	10.914884
3425	10.914884
3426	10.914884
3427	10.914884
3428	10.914884
3429	10.914884
3430	10.914884
3431	10.914884
3432	10.914884
3433	10.914884
3434	10.914884
3435	10.914884
3436	10.914884
3437	10.914884
3438	10.914884
3439	10.914884
3440	10.914884
3441	10.914884
3442	10.914884
3443	10.914884
3444	10.914884
3445	10.914884
3446	10.914884
3447	10.914884
3448	10.914884
3449	10.914884
3450	10.914884
3451	10.914884
3452	10.914884
3453	10.914884
3454	10.914884
3455	10.914884
3456	10.914884
3457	10.914884
3458	10.914884
3459	10.914884
3460	10.914884
3461	10.914884
3462	10.914884
3463	10.914884
3464	10.914884
3465	10.914884
3466	10.914884
3467	10.914884
3468	10.914884
3469	10.914884
3470	10.914884
3471	10.914884
3472	10.914884
3473	10.914884
3474	10.914884
3475	10.914884
3476	10.914884
3477	10.914884
3478	10.914884
3479	10.914884
3480	10.914884
3481	10.914884
3482	10.914884
3483	10.914884
3484	10.914884
3485	10.914884
3486	10.914884
3487	10.914884
3488	10.914884
3489	10.914884
3490	10.914884
3491	10.914884
3492	10.914884
3493	10.914884
3494	10.914884
3495	10.914884
3496	10.914884
3497	10.914884
3498	10.914884
3499	10.914884
3500	10.914884
3501	10.914884
3502	10.914884
3503	10.914884
3504	10.914884
3505	10.914884
3506	10.914884
3507	10.914884
3508	10.914884
3509	10.914884
3510	10.914884
3511	10.914884
3512	10.914884
3513	10.914884
3514	10.914884
3515	10.914884
3516	10.914884
3517	10.914884
3518	10.914884
3519	10.914884
3520	10.914884
3521	10.914884
3522	10.914884
3523	10.914884
3524	10.914884
3525	10.914884
3526	10.914884
3527	10.914884
3528	10.914884
3529	10.914884
3530	10.914884
3531	10.914884
3532	10.914884
3533	10.914884
3534	10.914884
3535	10.914884
3536	10.914884
3537	10.914884
3538	10.914884
3539	10.914884
3540	10.914884
3541	10.914884
3542	10.914884
3543	10.914884
3544	10.914884
3545	10.914884
3546	10.914884
3547	10.914884
3548	10.914884
3549	10.914884
3550	10.914884
3551	10.914884
3552	10.914884
3553	10.914884
3554	10.914884
3555	10.914884
3556	10.914884
3557	10.914884
3558	10.914884
3559	10.914884
3560	10.914884
3561	10.914884
3562	10.914884
3563	10.914884
3564	10.914884
3565	10.914884
3566	10.914884
3567	10.914884
3568	10.914884
3569	10.914884
3570	10.914884
3571	10.914884
3572	10.914884
3573	10.914884
3574	10.914884
3575	10.914884
3576	10.914884
3577	10.914884
3578	10.914884
3579	10.914884
3580	10.914884
3581	10.914884
3582	10.914884
3583	10.914884
3584	10.914884
3585	10.914884
3586	10.914884
3587	10.914884
3588	10.914884
3589	10.914884
3590	10.914884
3591	10.914884
3592	10.914884
3593	10.914884
3594	10.914884
3595	10.914884
3596	10.914884
3597	10.914884
3598	10.914884
3599	10.914884
3600	10.914884
3601	10.914884
3602	10.914884
3603	10.914884
3604	10.914884
3605	10.914884
3606	10.914884
3607	10.914884
3608	10.914884
3609	10.914884
3610	10.914884
3611	10.914884
3612	10.914884
3613	10.914884
3614	10.914884
3615	10.914884
3616	10.914884
3617	10.914884
3618	10.914884
3619	10.914884
3620	10.914884
3621	10.914884
3622	10.914884
3623	10.914884
3624	10.914884
3625	10.914884
3626	10.914884
3627	10.914884
3628	10.914884
3629	10.914884
3630	10.914884
3631	10.914884
3632	10.914884
3633	10.914884
3634	10.914884
3635	10.914884
3636	10.914884
3637	10.914884
3638	10.914884
3639	10.914884
3640	10.914884
3641	10.914884
3642	10.914884
3643	10.914884
3644	10.914884
3645	10.914884
3646	10.914884
3647	10.914884
3648	10.914884
3649	10.914884
3650	10.914884
3651	10.914884
3652	10.914884
3653	10.914884
3654	10.914884
3655	10.914884
3656	10.914884
3657	10.914884
3658	10.914884
3659	10.914884
3660	10.914884
3661	10.914884
3662	10.914884
3663	10.914884
3664	10.914884
3665	10.914884
3666	10.914884
3667	10.914884
3668	10.914884
3669	10.914884
3670	10.914884
3671	10.914884
3672	10.914884
3673	10.914884
3674	10.914884
3675	10.914884
3676	10.914884
3677	10.914884
3678	10.914884
3679	10.914884
3680	10.914884
3681	10.914884
3682	10.914884
3683	10.914884
3684	10.914884
3685	10.914884
3686	10.914884
3687	10.914884
3688	10.914884
3689	10.914884
3690	10.914884
3691	10.914884
3692	10.914884
3693	10.914884
3694	10.914884
3695	10.914884
3696	10.914884
3697	10.914884
3698	10.914884
3699	10.914884
3700	10.914884
3701	10.914884
3702	10.914884
3703	10.914884
3704	10.914884
3705	10.914884
3706	10.914884
3707	10.914884
3708	10.914884
3709	10.914884
3710	10.914884
3711	10.914884
3712	10.914884
3713	10.914884
3714	10.914884
3715	10.914884
3716	10.914884
3717	10.914884
3718	10.914884
3719	10.914884
3720	10.914884
3721	10.914884
3722	10.914884
3723	10.914884
3724	10.914884
3725	10.914884
3726	10.914884
3727	10.914884
3728	10.914884
3729	10.914884
3730	10.914884
3731	10.914884
3732	10.914884
3733	10.914884
3734	10.914884
3735	10.914884
3736	10.914884
3737	10.914884
3738	10.914884
3739	10.914884
3740	10.914884
3741	10.914884
3742	10.914884
3743	10.914884
3744	10.914884
3745	10.914884
3746	10.914884
3747	10.914884
3748	10.914884
3749	10.914884
3750	10.914884
3751	10.914884
3752	10.914884
3753	10.914884
3754	10.914884
3755	10.914884
3756	10.914884
3757	10.914884
3758	10.914884
3759	10.914884
3760	10.914884
3761	10.914884
3762	10.914884
3763	10.914884
3764	10.914884
3765	10.914884
3766	10.914884
3767	10.914884
3768	10.914884
3769	10.914884
3770	10.914884
3771	10.914884
3772	10.914884
3773	10.914884
3774	10.914884
3775	10.914884
3776	10.914884
3777	10.914884
3778	10.914884
3779	10.914884
3780	10.914884
3781	10.914884
3782	10.914884
3783	10.914884
3784	10.914884
3785	10.914884
3786	10.914884
3787	10.914884
3788	10.914884
3789	10.914884
3790	10.914884
3791	10.914884
3792	10.914884
3793	10.914884
3794	10.914884
3795	10.914884
3796	10.914884
3797	10.914884
3798	10.914884
3799	10.914884
3800	10.914884
3801	10.914884
3802	10.914884
3803	10.914884
3804	10.914884
3805	10.914884
3806	10.914884
3807	10.914884
3808	10.914884
3809	10.914884
3810	10.914884
3811	10.914884
3812	10.914884
3813	10.914884
3814	10.914884
3815	10.914884
3816	10.914884
3817	10.914884
3818	10.914884
3819	10.914884
3820	10.914884
3821	10.914884
3822	10.914884
3823	10.914884
3824	10.914884
3825	10.914884
3826	10.914884
3827	10.914884
3828	10.914884
3829	10.914884
3830	10.914884
3831	10.914884
3832	10.914884
3833	10.914884
3834	10.914884
3835	10.914884
3836	10.914884
3837	10.914884
3838	10.914884
3839	10.914884
3840	10.914884
3841	10.914884
3842	10.914884
3843	10.914884
3844	10.914884
3845	10.914884
3846	10.914884
3847	10.914884
3848	10.914884
3849	10.914884
3850	10.914884
3851	10.914884
3852	10.914884
3853	10.914884
3854	10.914884
3855	10.914884
3856	10.914884
3857	10.914884
3858	10.914884
3859	10.914884
3860	10.914884
3861	10.914884
3862	10.914884
3863	10.914884
3864	10.914884
3865	10.914884
3866	10.914884
3867	10.914884
3868	10.914884
3869	10.914884
3870	10.914884
3871	10.914884
3872	10.914884
3873	10.914884
3874	10.914884
3875	10.914884
3876	10.914884
3877	10.914884
3878	10.914884
3879	10.914884
3880	10.914884
3881	10.914884
3882	10.914884
3883	10.914884
3884	10.914884
3885	10.914884
3886	10.914884
3887	10.914884
3888	10.914884
3889	10.914884
3890	10.914884
3891	10.914884
3892	10.914884
3893	10.914884
3894	10.914884
3895	10.914884
3896	10.914884
3897	10.914884
3898	10.914884
3899	10.914884
3900	10.914884
3901	10.914884
3902	10.914884
3903	10.914884
3904	10.914884
3905	10.914884
3906	10.914884
3907	10.914884
3908	10.914884
3909	10.914884
3910	10.914884
3911	10.914884
3912	10.914884
3913	10.914884
3914	10.914884
3915	10.914884
3916	10.914884
3917	10.914884
3918	10.914884
3919	10.914884
3920	10.914884
3921	10.914884
3922	10.914884
3923	10.914884
3924	10.914884
3925	10.914884
3926	10.914884
3927	10.914884
3928	10.914884
3929	10.914884
3930	10.914884
3931	10.914884
3932	10.914884
3933	10.914884
3934	10.914884
3935	10.914884
3936	10.914884
3937	10.914884
3938	10.914884
3939	10.914884
3940	10.914884
3941	10.914884
3942	10.914884
3943	10.914884
3944	10.914884
3945	10.914884
3946	10.914884
3947	10.914884
3948	10.914884
3949	10.914884
3950	10.914884
3951	10.914884
3952	10.914884
3953	10.914884
3954	10.914884
3955	10.914884
3956	10.914884
3957	10.914884
3958	10.914884
3959	10.914884
3960	10.914884
3961	10.914884
3962	10.914884
3963	10.914884
3964	10.914884
3965	10.914884
3966	10.914884
3967	10.914884
3968	10.914884
3969	10.914884
3970	10.914884
3971	10.914884
3972	10.914884
3973	10.914884
3974	10.914884
3975	10.914884
3976	10.914884
3977	10.914884
3978	10.914884
3979	10.914884
3980	10.914884
3981	10.914884
3982	10.914884
3983	10.914884
3984	10.914884
3985	10.914884
3986	10.914884
3987	10.914884
3988	10.914884
3989	10.914884
3990	10.914884
3991	10.914884
3992	10.914884
3993	10.914884
3994	10.914884
3995	10.914884
3996	10.914884
3997	10.914884
3998	10.914884
3999	10.914884
4000	10.914884
4001	10.914884
4002	10.914884
4003	10.914884
4004	10.914884
4005	10.914884
4006	10.914884
4007	10.914884
4008	10.914884
4009	10.914884
4010	10.914884
4011	10.914884
4012	10.914884
4013	10.914884
4014	10.914884
4015	10.914884
4016	10.914884
4017	10.914884
4018	10.914884
4019	10.914884
4020	10.914884
4021	10.914884
4022	10.914884
4023	10.914884
4024	10.914884
4025	10.914884
4026	10.914884
4027	10.914884
4028	10.914884
4029	10.914884
4030	10.914884
4031	10.914884
4032	10.914884
4033	10.914884
4034	10.914884
4035	10.914884
4036	10.914884
4037	10.914884
4038	10.914884
4039	10.914884
4040	10.914884
4041	10.914884
4042	10.914884
4043	10.914884
4044	10.914884
4045	10.914884
4046	10.914884
4047	10.914884
4048	10.914884
4049	10.914884
4050	10.914884
4051	10.914884
4052	10.914884
4053	10.914884
4054	10.914884
4055	10.914884
4056	10.914884
4057	10.914884
4058	10.914884
4059	10.914884
4060	10.914884
4061	10.914884
4062	10.914884
4063	10.914884
4064	10.914884
4065	10.914884
4066	10.914884
4067	10.914884
4068	10.914884
4069	10.914884
4070	10.914884
4071	10.914884
4072	10.914884
4073	10.914884
4074	10.914884
4075	10.914884
4076	10.914884
4077	10.914884
4078	10.914884
4079	10.914884
4080	10.914884
4081	10.914884
4082	10.914884
4083	10.914884
4084	10.914884
4085	10.914884
4086	10.914884
4087	10.914884
4088	10.914884
4089	10.914884
4090	10.914884
4091	10.914884
4092	10.914884
4093	10.914884
4094	10.914884
4095	10.914884
4096	10.914884
4097	10.914884
4098	10.914884
4099	10.914884
4100	10.914884
4101	10.914884
4102	10.914884
4103	10.914884
4104	10.914884
4105	10.914884
4106	10.914884
4107	10.914884
4108	10.914884
4109	10.914884
4110	10.914884
4111	10.914884
4112	10.914884
4113	10.914884
4114	10.914884
4115	10.914884
4116	10.914884
4117	10.914884
4118	10.914884
4119	10.914884
4120	10.914884
4121	10.914884
4122	10.914884
4123	10.914884
4124	10.914884
4125	10.914884
4126	10.914884
4127	10.914884
4128	10.914884
4129	10.914884
4130	10.914884
4131	10.914884
4132	10.914884
4133	10.914884
4134	10.914884
4135	10.914884
4136	10.914884
4137	10.914884
4138	10.914884
4139	10.914884
4140	10.914884
4141	10.914884
4142	10.914884
4143	10.914884
4144	10.914884
4145	10.914884
4146	10.914884
4147	10.914884
4148	10.914884
4149	10.914884
4150	10.914884
4151	10.914884
4152	10.914884
4153	10.914884
4154	10.914884
4155	10.914884
4156	10.914884
4157	10.914884
4158	10.914884
4159	10.914884
4160	10.914884
4161	10.914884
4162	10.914884
4163	10.914884
4164	10.914884
4165	10.914884
4166	10.914884
4167	10.914884
4168	10.914884
4169	10.914884
4170	10.914884
4171	10.914884
4172	10.914884
4173	10.914884
4174	10.914884
4175	10.914884
4176	10.914884
4177	10.914884
4178	10.914884
4179	10.914884
4180	10.914884
4181	10.914884
4182	10.914884
4183	10.914884
4184	10.914884
4185	10.914884
4186	10.914884
4187	10.914884
4188	10.914884
4189	10.914884
4190	10.914884
4191	10.914884
4192	10.914884
4193	10.914884
4194	10.914884
4195	10.914884
4196	10.914884
4197	10.914884
4198	10.914884
4199	10.914884
4200	10.914884
4201	10.914884
4202	10.914884
4203	10.914884
4204	10.914884
4205	10.914884
4206	10.914884
4207	10.914884
4208	10.914884
4209	10.914884
4210	10.914884
4211	10.914884
4212	10.914884
4213	10.914884
4214	10.914884
4215	10.914884
4216	10.914884
4217	10.914884
4218	10.914884
4219	10.914884
4220	10.914884
4221	10.914884
4222	10.914884
4223	10.914884
4224	10.914884
4225	10.914884
4226	10.914884
4227	10.914884
4228	10.914884
4229	10.914884
4230	10.914884
4231	10.914884
4232	10.914884
4233	10.914884
4234	10.914884
4235	10.914884
4236	10.914884
4237	10.914884
4238	10.914884
4239	10.914884
4240	10.914884
4241	10.914884
4242	10.914884
4243	10.914884
4244	10.914884
4245	10.914884
4246	10.914884
4247	10.914884
4248	10.914884
4249	10.914884
4250	10.914884
4251	10.914884
4252	10.914884
4253	10.914884
4254	10.914884
4255	10.914884
4256	10.914884
4257	10.914884
4258	10.914884
4259	10.914884
4260	10.914884
4261	10.914884
4262	10.914884
4263	10.914884
4264	10.914884
4265	10.914884
4266	10.914884
4267	10.914884
4268	10.914884
4269	10.914884
4270	10.914884
4271	10.914884
4272	10.914884
4273	10.914884
4274	10.914884
4275	10.914884
4276	10.914884
4277	10.914884
4278	10.914884
4279	10.914884
4280	10.914884
4281	10.914884
4282	10.914884
4283	10.914884
4284	10.914884
4285	10.914884
4286	10.914884
4287	10.914884
4288	10.914884
4289	10.914884
4290	10.914884
4291	10.914884
4292	10.914884
4293	10.914884
4294	10.914884
4295	10.914884
4296	10.914884
4297	10.914884
4298	10.914884
4299	10.914884
4300	10.914884
4301	10.914884
4302	10.914884
4303	10.914884
4304	10.914884
4305	10.914884
4306	10.914884
4307	10.914884
4308	10.914884
4309	10.914884
4310	10.914884
4311	10.914884
4312	10.914884
4313	10.914884
4314	10.914884
4315	10.914884
4316	10.914884
4317	10.914884
4318	10.914884
4319	10.914884
4320	10.914884
4321	10.914884
4322	10.914884
4323	10.914884
4324	10.914884
4325	10.914884
4326	10.914884
4327	10.914884
4328	10.914884
4329	10.914884
4330	10.914884
4331	10.914884
4332	10.914884
4333	10.914884
4334	10.914884
4335	10.914884
4336	10.914884
4337	10.914884
4338	10.914884
4339	10.914884
4340	10.914884
4341	10.914884
4342	10.914884
4343	10.914884
4344	10.914884
4345	10.914884
4346	10.914884
4347	10.914884
4348	10.914884
4349	10.914884
4350	10.914884
4351	10.914884
4352	10.914884
4353	10.914884
4354	10.914884
4355	10.914884
4356	10.914884
4357	10.914884
4358	10.914884
4359	10.914884
4360	10.914884
4361	10.914884
4362	10.914884
4363	10.914884
4364	10.914884
4365	10.914884
4366	10.914884
4367	10.914884
4368	10.914884
4369	10.914884
4370	10.914884
4371	10.914884
4372	10.914884
4373	10.914884
4374	10.914884
4375	10.914884
4376	10.914884
4377	10.914884
4378	10.914884
4379	10.914884
4380	10.914884
4381	10.914884
4382	10.914884
4383	10.914884
4384	10.914884
4385	10.914884
4386	10.914884
4387	10.914884
4388	10.914884
4389	10.914884
4390	10.914884
4391	10.914884
4392	10.914884
4393	10.914884
4394	10.914884
4395	10.914884
4396	10.914884
4397	10.914884
4398	10.914884
4399	10.914884
4400	10.914884
4401	10.914884
4402	10.914884
4403	10.914884
4404	10.914884
4405	10.914884
4406	10.914884
4407	10.914884
4408	10.914884
4409	10.914884
4410	10.914884
4411	10.914884
4412	10.914884
4413	10.914884
4414	10.914884
4415	10.914884
4416	10.914884
4417	10.914884
4418	10.914884
4419	10.914884
4420	10.914884
4421	10.914884
4422	10.914884
4423	10.914884
4424	10.914884
4425	10.914884
4426	10.914884
4427	10.914884
4428	10.914884
4429	10.914884
4430	10.914884
4431	10.914884
4432	10.914884
4433	10.914884
4434	10.914884
4435	10.914884
4436	10.914884
4437	10.914884
4438	10.914884
4439	10.914884
4440	10.914884
4441	10.914884
4442	10.914884
4443	10.914884
4444	10.914884
4445	10.914884
4446	10.914884
4447	10.914884
4448	10.914884
4449	10.914884
4450	10.914884
4451	10.914884
4452	10.914884
4453	10.914884
4454	10.914884
4455	10.914884
4456	10.914884
4457	10.914884
4458	10.914884
4459	10.914884
4460	10.914884
4461	10.914884
4462	10.914884
4463	10.914884
4464	10.914884
4465	10.914884
4466	10.914884
4467	10.914884
4468	10.914884
4469	10.914884
4470	10.914884
4471	10.914884
4472	10.914884
4473	10.914884
4474	10.914884
4475	10.914884
4476	10.914884
4477	10.914884
4478	10.914884
4479	10.914884
4480	10.914884
4481	10.914884
4482	10.914884
4483	10.914884
4484	10.914884
4485	10.914884
4486	10.914884
4487	10.914884
4488	10.914884
4489	10.914884
4490	10.914884
4491	10.914884
4492	10.914884
4493	10.914884
4494	10.914884
4495	10.914884
4496	10.914884
4497	10.914884
4498	10.914884
4499	10.914884
4500	10.914884
4501	10.914884
4502	10.914884
4503	10.914884
4504	10.914884
4505	10.914884
4506	10.914884
4507	10.914884
4508	10.914884
4509	10.914884
4510	10.914884
4511	10.914884
4512	10.914884
4513	10.914884
4514	10.914884
4515	10.914884
4516	10.914884
4517	10.914884
4518	10.914884
4519	10.914884
4520	10.914884
4521	10.914884
4522	10.914884
4523	10.914884
4524	10.914884
4525	10.914884
4526	10.914884
4527	10.914884
4528	10.914884
4529	10.914884
4530	10.914884
4531	10.914884
4532	10.914884
4533	10.914884
4534	10.914884
4535	10.914884
4536	10.914884
4537	10.914884
4538	10.914884
4539	10.914884
4540	10.914884
4541	10.914884
4542	10.914884
4543	10.914884
4544	10.914884
4545	10.914884
4546	10.914884
4547	10.914884
4548	10.914884
4549	10.914884
4550	10.914884
4551	10.914884
4552	10.914884
4553	10.914884
4554	10.914884
4555	10.914884
4556	10.914884
4557	10.914884
4558	10.914884
4559	10.914884
4560	10.914884
4561	10.914884
4562	10.914884
4563	10.914884
4564	10.914884
4565	10.914884
4566	10.914884
4567	10.914884
4568	10.914884
4569	10.914884
4570	10.914884
4571	10.914884
4572	10.914884
4573	10.914884
4574	10.914884
4575	10.914884
4576	10.914884
4577	10.914884
4578	10.914884
4579	10.914884
4580	10.914884
4581	10.914884
4582	10.914884
4583	10.914884
4584	10.914884
4585	10.914884
4586	10.914884
4587	10.914884
4588	10.914884
4589	10.914884
4590	10.914884
4591	10.914884
4592	10.914884
4593	10.914884
4594	10.914884
4595	10.914884
4596	10.914884
4597	10.914884
4598	10.914884
4599	10.914884
4600	10.914884
4601	10.914884
4602	10.914884
4603	10.914884
4604	10.914884
4605	10.914884
4606	10.914884
4607	10.914884
4608	10.914884
4609	10.914884
4610	10.914884
4611	10.914884
4612	10.914884
4613	10.914884
4614	10.914884
4615	10.914884
4616	10.914884
4617	10.914884
4618	10.914884
4619	10.914884
4620	10.914884
4621	10.914884
4622	10.914884
4623	10.914884
4624	10.914884
4625	10.914884
4626	10.914884
4627	10.914884
4628	10.914884
4629	10.914884
4630	10.914884
4631	10.914884
4632	10.914884
4633	10.914884
4634	10.914884
4635	10.914884
4636	10.914884
4637	10.914884
4638	10.914884
4639	10.914884
4640	10.914884
4641	10.914884
4642	10.914884
4643	10.914884
4644	10.914884
4645	10.914884
4646	10.914884
4647	10.914884
4648	10.914884
4649	10.914884
4650	10.914884
4651	10.914884
4652	10.914884
4653	10.914884
4654	10.914884
4655	10.914884
4656	10.914884
4657	10.914884
4658	10.914884
4659	10.914884
4660	10.914884
4661	10.914884
4662	10.914884
4663	10.914884
4664	10.914884
4665	10.914884
4666	10.914884
4667	10.914884
4668	10.914884
4669	10.914884
4670	10.914884
4671	10.914884
4672	10.914884
4673	10.914884
4674	10.914884
4675	10.914884
4676	10.914884
4677	10.914884
4678	10.914884
4679	10.914884
4680	10.914884
4681	10.914884
4682	10.914884
4683	10.914884
4684	10.914884
4685	10.914884
4686	10.914884
4687	10.914884
4688	10.914884
4689	10.914884
4690	10.914884
4691	10.914884
4692	10.914884
4693	10.914884
4694	10.914884
4695	10.914884
4696	10.914884
4697	10.914884
4698	10.914884
4699	10.914884
4700	10.914884
4701	10.914884
4702	10.914884
4703	10.914884
4704	10.914884
4705	10.914884
4706	10.914884
4707	10.914884
4708	10.914884
4709	10.914884
4710	10.914884
4711	10.914884
4712	10.914884
4713	10.914884
4714	10.914884
4715	10.914884
4716	10.914884
4717	10.914884
4718	10.914884
4719	10.914884
4720	10.914884
4721	10.914884
4722	10.914884
4723	10.914884
4724	10.914884
4725	10.914884
4726	10.914884
4727	10.914884
4728	10.914884
4729	10.914884
4730	10.914884
4731	10.914884
4732	10.914884
4733	10.914884
4734	10.914884
4735	10.914884
4736	10.914884
4737	10.914884
4738	10.914884
4739	10.914884
4740	10.914884
4741	10.914884
4742	10.914884
4743	10.914884
4744	10.914884
4745	10.914884
4746	10.914884
4747	10.914884
4748	10.914884
4749	10.914884
4750	10.914884
4751	10.914884
4752	10.914884
4753	10.914884
4754	10.914884
4755	10.914884
4756	10.914884
4757	10.914884
4758	10.914884
4759	10.914884
4760	10.914884
4761	10.914884
4762	10.914884
4763	10.914884
4764	10.914884
4765	10.914884
4766	10.914884
4767	10.914884
4768	10.914884
4769	10.914884
4770	10.914884
4771	10.914884
4772	10.914884
4773	10.914884
4774	10.914884
4775	10.914884
4776	10.914884
4777	10.914884
4778	10.914884
4779	10.914884
4780	10.914884
4781	10.914884
4782	10.914884
4783	10.914884
4784	10.914884
4785	10.914884
4786	10.914884
4787	10.914884
4788	10.914884
4789	10.914884
4790	10.914884
4791	10.914884
4792	10.914884
4793	10.914884
4794	10.914884
4795	10.914884
4796	10.914884
4797	10.914884
4798	10.914884
4799	10.914884
4800	10.914884
4801	10.914884
4802	10.914884
4803	10.914884
4804	10.914884
4805	10.914884
4806	10.914884
4807	10.914884
4808	10.914884
4809	10.914884
4810	10.914884
4811	10.914884
4812	10.914884
4813	10.914884
4814	10.914884
4815	10.914884
4816	10.914884
4817	10.914884
4818	10.914884
4819	10.914884
4820	10.914884
4821	10.914884
4822	10.914884
4823	10.914884
4824	10.914884
4825	10.914884
4826	10.914884
4827	10.914884
4828	10.914884
4829	10.914884
4830	10.914884
4831	10.914884
4832	10.914884
4833	10.914884
4834	10.914884
4835	10.914884
4836	10.914884
4837	10.914884
4838	10.914884
4839	10.914884
4840	10.914884
4841	10.914884
4842	10.914884
4843	10.914884
4844	10.914884
4845	10.914884
4846	10.914884
4847	10.914884
4848	10.914884
4849	10.914884
4850	10.914884
4851	10.914884
4852	10.914884
4853	10.914884
4854	10.914884
4855	10.914884
4856	10.914884
4857	10.914884
4858	10.914884
4859	10.914884
4860	10.914884
4861	10.914884
4862	10.914884
4863	10.914884
4864	10.914884
4865	10.914884
4866	10.914884
4867	10.914884
4868	10.914884
4869	10.914884
4870	10.914884
4871	10.914884
4872	10.914884
4873	10.914884
4874	10.914884
4875	10.914884
4876	10.914884
4877	10.914884
4878	10.914884
4879	10.914884
4880	10.914884
4881	10.914884
4882	10.914884
4883	10.914884
4884	10.914884
4885	10.914884
4886	10.914884
4887	10.914884
4888	10.914884
4889	10.914884
4890	10.914884
4891	10.914884
4892	10.914884
4893	10.914884
4894	10.914884
4895	10.914884
4896	10.914884
4897	10.914884
4898	10.914884
4899	10.914884
4900	10.914884
4901	10.914884
4902	10.914884
4903	10.914884
4904	10.914884
4905	10.914884
4906	10.914884
4907	10.914884
4908	10.914884
4909	10.914884
4910	10.914884
4911	10.914884
4912	10.914884
4913	10.914884
4914	10.914884
4915	10.914884
4916	10.914884
4917	10.914884
4918	10.914884
4919	10.914884
4920	10.914884
4921	10.914884
4922	10.914884
4923	10.914884
4924	10.914884
4925	10.914884
4926	10.914884
4927	10.914884
4928	10.914884
4929	10.914884
4930	10.914884
4931	10.914884
4932	10.914884
4933	10.914884
4934	10.914884
4935	10.914884
4936	10.914884
4937	10.914884
4938	10.914884
4939	10.914884
4940	10.914884
4941	10.914884
4942	10.914884
4943	10.914884
4944	10.914884
4945	10.914884
4946	10.914884
4947	10.914884
4948	10.914884
4949	10.914884
4950	10.914884
4951	10.914884
4952	10.914884
4953	10.914884
4954	10.914884
4955	10.914884
4956	10.914884
4957	10.914884
4958	10.914884
4959	10.914884
4960	10.914884
4961	10.914884
4962	10.914884
4963	10.914884
4964	10.914884
4965	10.914884
4966	10.914884
4967	10.914884
4968	10.914884
4969	10.914884
4970	10.914884
4971	10.914884
4972	10.914884
4973	10.914884
4974	10.914884
4975	10.914884
4976	10.914884
4977	10.914884
4978	10.914884
4979	10.914884
4980	10.914884
4981	10.914884
4982	10.914884
4983	10.914884
4984	10.914884
4985	10.914884
4986	10.914884
4987	10.914884
4988	10.914884
4989	10.914884
4990	10.914884
4991	10.914884
4992	10.914884
4993	10.914884
4994	10.914884
4995	10.914884
4996	10.914884
4997	10.914884
4998	10.914884
4999	10.914884
5000	10.914884
5001	10.914884
5002	10.914884
5003	10.914884
5004	10.914884
5005	10.914884
5006	10.914884
5007	10.914884
5008	10.914884
5009	10.914884
5010	10.914884
5011	10.914884
5012	10.914884
5013	10.914884
5014	10.914884
5015	10.914884
5016	10.914884
5017	10.914884
5018	10.914884
5019	10.914884
5020	10.914884
5021	10.914884
5022	10.914884
5023	10.914884
5024	10.914884
5025	10.914884
5026	10.914884
5027	10.914884
5028	10.914884
5029	10.914884
5030	10.914884
5031	10.914884
5032	10.914884
5033	10.914884
5034	10.914884
5035	10.914884
5036	10.914884
5037	10.914884
5038	10.914884
5039	10.914884
5040	10.914884
5041	10.914884
5042	10.914884
5043	10.914884
5044	10.914884
5045	10.914884
5046	10.914884
5047	10.914884
5048	10.914884
5049	10.914884
5050	10.914884
5051	10.914884
5052	10.914884
5053	10.914884
5054	10.914884
5055	10.914884
5056	10.914884
5057	10.914884
5058	10.914884
5059	10.914884
5060	10.914884
5061	10.914884
5062	10.914884
5063	10.914884
5064	10.914884
5065	10.914884
5066	10.914884
5067	10.914884
5068	10.914884
5069	10.914884
5070	10.914884
5071	10.914884
5072	10.914884
5073	10.914884
5074	10.914884
5075	10.914884
5076	10.914884
5077	10.914884
5078	10.914884
5079	10.914884
5080	10.914884
5081	10.914884
5082	10.914884
5083	10.914884
5084	10.914884
5085	10.914884
5086	10.914884
5087	10.914884
5088	10.914884
5089	10.914884
5090	10.914884
5091	10.914884
5092	10.914884
5093	10.914884
5094	10.914884
5095	10.914884
5096	10.914884
5097	10.914884
5098	10.914884
5099	10.914884
5100	10.914884
5101	10.914884
5102	10.914884
5103	10.914884
5104	10.914884
5105	10.914884
5106	10.914884
5107	10.914884
5108	10.914884
5109	10.914884
5110	10.914884
5111	10.914884
5112	10.914884
5113	10.914884
5114	10.914884
5115	10.914884
5116	10.914884
5117	10.914884
5118	10.914884
5119	10.914884
5120	10.914884
5121	10.914884
5122	10.914884
5123	10.914884
5124	10.914884
5125	10.914884
5126	10.914884
5127	10.914884
5128	10.914884
5129	10.914884
5130	10.914884
5131	10.914884
5132	10.914884
5133	10.914884
5134	10.914884
5135	10.914884
5136	10.914884
5137	10.914884
5138	10.914884
5139	10.914884
5140	10.914884
5141	10.914884
5142	10.914884
5143	10.914884
5144	10.914884
5145	10.914884
5146	10.914884
5147	10.914884
5148	10.914884
5149	10.914884
5150	10.914884
5151	10.914884
5152	10.914884
5153	10.914884
5154	10.914884
5155	10.914884
5156	10.914884
5157	10.914884
5158	10.914884
5159	10.914884
5160	10.914884
5161	10.914884
5162	10.914884
5163	10.914884
5164	10.914884
5165	10.914884
5166	10.914884
5167	10.914884
5168	10.914884
5169	10.914884
5170	10.914884
5171	10.914884
5172	10.914884
5173	10.914884
5174	10.914884
5175	10.914884
5176	10.914884
5177	10.914884
5178	10.914884
5179	10.914884
5180	10.914884
5181	10.914884
5182	10.914884
5183	10.914884
5184	10.914884
5185	10.914884
5186	10.914884
5187	10.914884
5188	10.914884
5189	10.914884
5190	10.914884
5191	10.914884
5192	10.914884
5193	10.914884
5194	10.914884
5195	10.914884
5196	10.914884
5197	10.914884
5198	10.914884
5199	10.914884
5200	10.914884
5201	10.914884
5202	10.914884
5203	10.914884
5204	10.914884
5205	10.914884
5206	10.914884
5207	10.914884
5208	10.914884
5209	10.914884
5210	10.914884
5211	10.914884
5212	10.914884
5213	10.914884
5214	10.914884
5215	10.914884
5216	10.914884
5217	10.914884
5218	10.914884
5219	10.914884
5220	10.914884
5221	10.914884
5222	10.914884
5223	10.914884
5224	10.914884
5225	10.914884
5226	10.914884
5227	10.914884
5228	10.914884
5229	10.914884
5230	10.914884
5231	10.914884
5232	10.914884
5233	10.914884
5234	10.914884
5235	10.914884
5236	10.914884
5237	10.914884
5238	10.914884
5239	10.914884
5240	10.914884
5241	10.914884
5242	10.914884
5243	10.914884
5244	10.914884
5245	10.914884
5246	10.914884
5247	10.914884
5248	10.914884
5249	10.914884
5250	10.914884
5251	10.914884
5252	10.914884
5253	10.914884
5254	10.914884
5255	10.914884
5256	10.914884
5257	10.914884
5258	10.914884
5259	10.914884
5260	10.914884
5261	10.914884
5262	10.914884
5263	10.914884
5264	10.914884
5265	10.914884
5266	10.914884
5267	10.914884
5268	10.914884
5269	10.914884
5270	10.914884
5271	10.914884
5272	10.914884
5273	10.914884
5274	10.914884
5275	10.914884
5276	10.914884
5277	10.914884
5278	10.914884
5279	10.914884
5280	10.914884
5281	10.914884
5282	10.914884
5283	10.914884
5284	10.914884
5285	10.914884
5286	10.914884
5287	10.914884
5288	10.914884
5289	10.914884
5290	10.914884
5291	10.914884
5292	10.914884
5293	10.914884
5294	10.914884
5295	10.914884
5296	10.914884
5297	10.914884
5298	10.914884
5299	10.914884
5300	10.914884
