1	9.061646
2	9.300507
3	9.310676
4	9.313352
5	9.313352
6	9.248855
7	9.248855
8	9.287349
9	9.310804
10	9.357529
11	9.370064
12	9.370064
13	9.415379
14	9.41688
15	9.41688
16	9.435076
17	9.54259
18	9.641276
19	9.711882
20	9.711882
21	9.711882
22	9.74017
23	9.74017
24	9.74791
25	9.79916
26	9.862834
27	9.862834
28	9.889594
29	9.892618
30	9.896762
31	9.896762
32	9.896762
33	9.896762
34	9.896762
35	9.976552
36	9.976552
37	9.980077
38	9.980077
39	9.998109
40	10.000707
41	10.043061
42	10.056045
43	10.07071
44	10.097773
45	10.104928
46	10.106888
47	10.112413
48	10.119228
49	10.119228
50	10.119228
51	10.105566
52	10.105566
53	10.129191
54	10.129191
55	10.129191
56	10.129191
57	10.123817
58	10.140665
59	10.140665
60	10.148953
61	10.185733
62	10.185733
63	10.185733
64	10.198698
65	10.198698
66	9.977121
67	9.977121
68	9.977121
69	9.977121
70	9.977121
71	9.977121
72	9.977121
73	9.977121
74	9.977121
75	9.966449
76	9.966449
77	9.966449
78	9.966449
79	9.966449
80	9.971132
81	9.971132
82	9.971132
83	10.002798
84	10.005808
85	10.005808
86	10.0052
87	10.043108
88	10.043108
89	10.043108
90	10.043108
91	10.055578
92	10.078982
93	10.078982
94	10.092118
95	10.103296
96	10.103359
97	10.103359
98	10.103359
99	10.103359
100	10.103359
101	10.106267
102	10.109924
103	10.126745
104	10.126745
105	10.126745
106	10.131677
107	10.142857
108	10.269337
109	10.269337
110	10.269337
111	10.269337
112	10.269337
113	10.269337
114	10.269337
115	10.269337
116	10.269337
117	10.269337
118	10.269337
119	10.269337
120	10.258159
121	10.258159
122	10.255419
123	10.255419
124	10.386139
125	10.391617
126	10.391617
127	10.391617
128	10.391617
129	10.391617
130	10.391617
131	10.391753
132	10.391753
133	10.391753
134	10.391753
135	10.391753
136	10.391457
137	10.391457
138	10.391457
139	10.391457
140	10.385979
141	10.385979
142	10.385979
143	10.194245
144	10.194245
145	10.194245
146	10.194245
147	10.2099
148	10.2099
149	10.224307
150	10.224307
151	10.225735
152	10.236439
153	10.240907
154	10.2194
155	10.203658
156	10.203658
157	10.220434
158	10.220434
159	10.220434
160	10.220434
161	10.226438
162	10.226438
163	10.226438
164	10.226438
165	10.22197
166	10.224454
167	10.26301
168	10.248384
169	10.248384
170	10.248384
171	10.248384
172	10.248384
173	10.298064
174	10.298064
175	10.299784
176	10.299784
177	10.299784
178	10.299784
179	10.299784
180	10.302774
181	10.302774
182	10.302774
183	10.302774
184	10.302774
185	10.31247
186	10.31247
187	10.31247
188	10.31247
189	10.31247
190	10.31247
191	10.31247
192	10.31247
193	10.31247
194	10.31247
195	10.305067
196	10.305067
197	10.305067
198	10.305067
199	10.305067
200	10.305067
201	10.305627
202	10.305627
203	10.305627
204	10.295371
205	10.295371
206	10.295371
207	10.295371
208	10.295371
209	10.295371
210	10.302774
211	10.302774
212	10.302774
213	10.302774
214	10.302774
215	10.302774
216	10.302774
217	10.302774
218	10.302774
219	10.302774
220	10.31303
221	10.31303
222	10.31303
223	10.31303
224	10.31303
225	10.31303
226	10.313342
227	10.313342
228	10.313342
229	10.313342
230	10.313342
231	10.313342
232	10.313342
233	10.313342
234	10.313342
235	10.313342
236	10.313342
237	10.313342
238	10.313342
239	10.302774
240	10.295371
241	10.295371
242	10.305299
243	10.305299
244	10.255619
245	10.274166
246	10.274166
247	10.274166
248	10.274166
249	10.231861
250	10.231861
251	10.231861
252	10.249071
253	10.288075
254	10.288075
255	10.288075
256	10.288075
257	10.288075
258	10.288075
259	10.288075
260	10.288075
261	10.288075
262	10.288075
263	10.288075
264	10.288075
265	10.288075
266	10.2936
267	10.275053
268	10.275053
269	10.275053
270	10.342308
271	10.342308
272	10.342308
273	10.342308
274	10.34563
275	10.34563
276	10.345518
277	10.345518
278	10.345518
279	10.345518
280	10.345518
281	10.345518
282	10.345518
283	10.345518
284	10.345518
285	10.345518
286	10.345518
287	10.408514
288	10.408514
289	10.408514
290	10.410702
291	10.410702
292	10.410702
293	10.421579
294	10.421579
295	10.432765
296	10.432765
297	10.432765
298	10.432765
299	10.432765
300	10.480373
301	10.480373
302	10.485649
303	10.485649
304	10.491744
305	10.491744
306	10.510698
307	10.510698
308	10.510698
309	10.510698
310	10.510698
311	10.510698
312	10.510698
313	10.510698
314	10.510698
315	10.510698
316	10.510698
317	10.507751
318	10.507751
319	10.507751
320	10.507751
321	10.507751
322	10.507751
323	10.507751
324	10.507751
325	10.507751
326	10.507751
327	10.507751
328	10.507751
329	10.530251
330	10.530251
331	10.530251
332	10.530251
333	10.530251
334	10.530251
335	10.530251
336	10.530251
337	10.488063
338	10.488063
339	10.488063
340	10.488063
341	10.488063
342	10.488063
343	10.488063
344	10.488063
345	10.488063
346	10.488063
347	10.524843
348	10.524843
349	10.524843
350	10.524843
351	10.502343
352	10.502343
353	10.524843
354	10.524843
355	10.524843
356	10.524843
357	10.524843
358	10.524843
359	10.524843
360	10.55927
361	10.55927
362	10.55927
363	10.55927
364	10.548541
365	10.548541
366	10.548541
367	10.548541
368	10.548541
369	10.548541
370	10.548541
371	10.548541
372	10.548541
373	10.548541
374	10.548541
375	10.523962
376	10.59645
377	10.59645
378	10.59645
379	10.59645
380	10.59645
381	10.59645
382	10.59645
383	10.59645
384	10.59645
385	10.59645
386	10.59645
387	10.59645
388	10.59645
389	10.59645
390	10.59645
391	10.725999
392	10.725999
393	10.725999
394	10.725999
395	10.725999
396	10.725999
397	10.725999
398	10.725999
399	10.725999
400	10.699385
401	10.699385
402	10.699385
403	10.692455
404	10.692455
405	10.691879
406	10.691879
407	10.695414
408	10.693289
409	10.686471
410	10.686471
411	10.686471
412	10.686471
413	10.686471
414	10.686471
415	10.686471
416	10.686471
417	10.686471
418	10.686471
419	10.686471
420	10.686471
421	10.686471
422	10.686471
423	10.686471
424	10.686471
425	10.686471
426	10.686471
427	10.686471
428	10.686471
429	10.686471
430	10.686471
431	10.686471
432	10.69513
433	10.69513
434	10.69513
435	10.69513
436	10.69513
437	10.69513
438	10.69513
439	10.69513
440	10.69513
441	10.69513
442	10.69513
443	10.69513
444	10.69513
445	10.69513
446	10.69513
447	10.69513
448	10.69513
449	10.69513
450	10.69513
451	10.69513
452	10.69513
453	10.69513
454	10.690339
455	10.690339
456	10.690339
457	10.690339
458	10.655161
459	10.655161
460	10.655161
461	10.655161
462	10.655161
463	10.655161
464	10.655161
465	10.655161
466	10.655161
467	10.655161
468	10.655161
469	10.655161
470	10.655161
471	10.655161
472	10.655161
473	10.655161
474	10.655161
475	10.655161
476	10.655161
477	10.655161
478	10.655161
479	10.655161
480	10.655161
481	10.655161
482	10.655161
483	10.655161
484	10.647348
485	10.647348
486	10.647348
487	10.647348
488	10.647348
489	10.647348
490	10.689536
491	10.667036
492	10.667036
493	10.667036
494	10.667036
495	10.667036
496	10.667036
497	10.667036
498	10.689536
499	10.689536
500	10.689536
501	10.689536
502	10.689536
503	10.689536
504	10.689536
505	10.703466
506	10.703466
507	10.703466
508	10.703466
509	10.757191
510	10.757191
511	10.757191
512	10.757191
513	10.757191
514	10.757191
515	10.757191
516	10.757191
517	10.757191
518	10.749925
519	10.6962
520	10.6962
521	10.6962
522	10.708692
523	10.729464
524	10.729464
525	10.729464
526	10.729464
527	10.729464
528	10.729464
529	10.729464
530	10.729464
531	10.718992
532	10.718992
533	10.718992
534	10.718992
535	10.718992
536	10.73414
537	10.73414
538	10.73414
539	10.73414
540	10.73414
541	10.73414
542	10.73414
543	10.73414
544	10.73414
545	10.73414
546	10.73414
547	10.73414
548	10.73414
549	10.73414
550	10.73414
551	10.73414
552	10.73414
553	10.73414
554	10.73414
555	10.73414
556	10.734828
557	10.712328
558	10.712328
559	10.734828
560	10.734828
561	10.734828
562	10.734828
563	10.734716
564	10.734716
565	10.734716
566	10.734716
567	10.734716
568	10.734716
569	10.734716
570	10.734716
571	10.734716
572	10.734716
573	10.720786
574	10.720786
575	10.720786
576	10.720786
577	10.720786
578	10.777307
579	10.777307
580	10.777307
581	10.777307
582	10.777307
583	10.777307
584	10.777307
585	10.777307
586	10.777307
587	10.777307
588	10.777307
589	10.777307
590	10.779292
591	10.777307
592	10.777307
593	10.777307
594	10.777307
595	10.777307
596	10.777307
597	10.777307
598	10.777307
599	10.777307
600	10.777307
601	10.777307
602	10.777307
603	10.777307
604	10.777307
605	10.777307
606	10.777307
607	10.777307
608	10.777307
609	10.777307
610	10.777307
611	10.777307
612	10.777307
613	10.777307
614	10.777307
615	10.777307
616	10.777307
617	10.777307
618	10.777307
619	10.777307
620	10.777307
621	10.778059
622	10.778059
623	10.778059
624	10.778059
625	10.778059
626	10.778059
627	10.777307
628	10.779292
629	10.779292
630	10.779292
631	10.779292
632	10.823182
633	10.823182
634	10.823182
635	10.823182
636	10.823182
637	10.823182
638	10.823182
639	10.823182
640	10.823182
641	10.823182
642	10.823182
643	10.823182
644	10.856375
645	10.856375
646	10.856375
647	10.856375
648	10.856375
649	10.856375
650	10.85576
651	10.85576
652	10.855362
653	10.855362
654	10.855362
655	10.855362
656	10.855362
657	10.855362
658	10.855362
659	10.855362
660	10.889789
661	10.889789
662	10.889789
663	10.889789
664	10.889789
665	10.888499
666	10.888499
667	10.888499
668	10.888499
669	10.888499
670	10.888499
671	10.888499
672	10.888499
673	10.888499
674	10.888499
675	10.888499
676	10.890404
677	10.890404
678	10.890404
679	10.890404
680	10.890404
681	10.890404
682	10.890404
683	10.890404
684	10.890404
685	10.890404
686	10.888499
687	10.889789
688	10.889789
689	10.889789
690	10.889789
691	10.889789
692	10.889789
693	10.889789
694	10.889789
695	10.889789
696	10.889789
697	10.889789
698	10.889789
699	10.889789
700	10.889789
701	10.889789
702	10.889789
703	10.889789
704	10.889789
705	10.889789
706	10.889789
707	10.889789
708	10.889789
709	10.889789
710	10.889789
711	10.889789
712	10.889789
713	10.889789
714	10.889789
715	10.867883
716	10.867883
717	10.867883
718	10.867883
719	10.867883
720	10.867883
721	10.867883
722	10.867883
723	10.867883
724	10.867883
725	10.867883
726	10.867883
727	10.867883
728	10.867883
729	10.867883
730	10.867883
731	10.867883
732	10.867883
733	10.867883
734	10.867883
735	10.867883
736	10.867883
737	10.867883
738	10.867883
739	10.867883
740	10.867883
741	10.867883
742	10.867883
743	10.867883
744	10.867883
745	10.867883
746	10.867883
747	10.867883
748	10.867883
749	10.867883
750	10.867883
751	10.867883
752	10.867883
753	10.867883
754	10.867883
755	10.867883
756	10.867883
757	10.867883
758	10.867883
759	10.867883
760	10.867883
761	10.867883
762	10.877833
763	10.877833
764	10.877833
765	10.877833
766	10.877833
767	10.877833
768	10.877833
769	10.877833
770	10.877833
771	10.877833
772	10.877833
773	10.877833
774	10.877833
775	10.877833
776	10.877833
777	10.877833
778	10.877833
779	10.877833
780	10.877833
781	10.877623
782	10.877623
783	10.877623
784	10.877623
785	10.877047
786	10.877047
787	10.877047
788	10.877047
789	10.877047
790	10.877047
791	10.877047
792	10.875851
793	10.875851
794	10.875851
795	10.875851
796	10.875851
797	10.875851
798	10.875851
799	10.875851
800	10.875851
801	10.875851
802	10.876526
803	10.876526
804	10.876526
805	10.876526
806	10.876526
807	10.876526
808	10.876526
809	10.876526
810	10.876526
811	10.876526
812	10.876526
813	10.876526
814	10.876526
815	10.876526
816	10.876526
817	10.871336
818	10.876676
819	10.876676
820	10.876676
821	10.877252
822	10.877252
823	10.877252
824	10.877252
825	10.877252
826	10.877252
827	10.877252
828	10.877252
829	10.877252
830	10.877252
831	10.877252
832	10.877252
833	10.877252
834	10.877252
835	10.877252
836	10.877252
837	10.872874
838	10.872874
839	10.872874
840	10.872874
841	10.872874
842	10.872874
843	10.872874
844	10.872874
845	10.872874
846	10.872874
847	10.872874
848	10.872874
849	10.872874
850	10.872874
851	10.872874
852	10.872874
853	10.872874
854	10.872754
855	10.872754
856	10.872754
857	10.872754
858	10.872754
859	10.872754
860	10.872754
861	10.872754
862	10.872754
863	10.872754
864	10.872754
865	10.872754
866	10.872754
867	10.872754
868	10.872754
869	10.872754
870	10.872754
871	10.872754
872	10.872874
873	10.872874
874	10.872874
875	10.872874
876	10.872874
877	10.872874
878	10.872874
879	10.872874
880	10.872874
881	10.872874
882	10.872874
883	10.872874
884	10.872874
885	10.872874
886	10.872874
887	10.872874
888	10.872874
889	10.872874
890	10.872874
891	10.872874
892	10.872874
893	10.872874
894	10.872874
895	10.872874
896	10.891421
897	10.891421
898	10.891421
899	10.891421
900	10.891421
901	10.891421
902	10.891421
903	10.891421
904	10.891421
905	10.891421
906	10.891421
907	10.891421
908	10.891421
909	10.891421
910	10.891421
911	10.891421
912	10.891421
913	10.891421
914	10.891421
915	10.891421
916	10.891421
917	10.891421
918	10.891421
919	10.891421
920	10.891421
921	10.891421
922	10.891421
923	10.891421
924	10.891421
925	10.891421
926	10.891421
927	10.891421
928	10.891421
929	10.891421
930	10.891421
931	10.891421
932	10.891421
933	10.891421
934	10.891421
935	10.891421
936	10.891421
937	10.889516
938	10.889516
939	10.889516
940	10.889516
941	10.889516
942	10.889516
943	10.889516
944	10.889516
945	10.889516
946	10.889516
947	10.889516
948	10.889516
949	10.889516
950	10.889516
951	10.889516
952	10.889516
953	10.889516
954	10.889516
955	10.889516
956	10.889956
957	10.889956
958	10.889956
959	10.889956
960	10.889956
961	10.889956
962	10.889956
963	10.889956
964	10.889956
965	10.889956
966	10.889956
967	10.889956
968	10.889956
969	10.889956
970	10.889956
971	10.889956
972	10.889956
973	10.889956
974	10.876838
975	10.876838
976	10.876838
977	10.876838
978	10.876838
979	10.876838
980	10.876838
981	10.876838
982	10.876838
983	10.876838
984	10.876838
985	10.891166
986	10.891166
987	10.950269
988	10.950269
989	10.950269
990	10.950269
991	10.950269
992	10.950269
993	10.950269
994	10.950269
995	10.950269
996	10.950269
997	10.950269
998	10.950269
999	10.950269
1000	10.950269
1001	10.950269
1002	10.950269
1003	10.950269
1004	10.950269
1005	10.950269
1006	10.950269
1007	10.950269
1008	10.950269
1009	10.950269
1010	10.950269
1011	10.950269
1012	10.950269
1013	10.950269
1014	10.950269
1015	10.950269
1016	10.950269
1017	10.950269
1018	10.950269
1019	10.950269
1020	10.950269
1021	10.950269
1022	10.950269
1023	10.950269
1024	10.950269
1025	10.950269
1026	10.950269
1027	10.950269
1028	10.950269
1029	10.950269
1030	10.950269
1031	10.950269
1032	10.950269
1033	10.950269
1034	10.950269
1035	10.950269
1036	10.950269
1037	10.950269
1038	10.950269
1039	10.950269
1040	10.950269
1041	10.950269
1042	10.950269
1043	10.950269
1044	10.950269
1045	10.950269
1046	10.950269
1047	10.950269
1048	10.950269
1049	10.950269
1050	10.950269
1051	10.950269
1052	10.950269
1053	10.950269
1054	10.950269
1055	10.950269
1056	10.950269
1057	10.950269
1058	10.950269
1059	10.950269
1060	10.952759
1061	10.952759
1062	10.952759
1063	10.952759
1064	10.952759
1065	10.952759
1066	10.952759
1067	10.952759
1068	10.952759
1069	10.952759
1070	10.952759
1071	10.952759
1072	10.952759
1073	10.952759
1074	10.952759
1075	10.952759
1076	10.952759
1077	10.952759
1078	10.952759
1079	10.952759
1080	10.952759
1081	10.952759
1082	10.952759
1083	10.952759
1084	10.952759
1085	10.952759
1086	10.952759
1087	10.952174
1088	10.952174
1089	10.952174
1090	10.952174
1091	10.952174
1092	10.952174
1093	10.952174
1094	10.952174
1095	10.952174
1096	10.952174
1097	10.952174
1098	10.952174
1099	10.952174
1100	10.952174
1101	10.952174
1102	10.952174
1103	10.952174
1104	10.952174
1105	10.952174
1106	10.952174
1107	10.952174
1108	10.952174
1109	10.952174
1110	10.952174
1111	10.952486
1112	10.952486
1113	10.952336
1114	10.952336
1115	10.952336
1116	10.952336
1117	10.952336
1118	10.952336
1119	10.952336
1120	10.952336
1121	10.952336
1122	10.952336
1123	10.952336
1124	10.952336
1125	10.952336
1126	10.952336
1127	10.952336
1128	10.952336
1129	10.952336
1130	10.952336
1131	10.952336
1132	10.952336
1133	10.952336
1134	10.952336
1135	10.952336
1136	10.952336
1137	10.952336
1138	10.952336
1139	10.952336
1140	10.952336
1141	10.952336
1142	10.952336
1143	10.952336
1144	10.952336
1145	10.952336
1146	10.952336
1147	10.952336
1148	10.952336
1149	10.951661
1150	10.951661
1151	10.951661
1152	10.951661
1153	10.951661
1154	10.951661
1155	10.951661
1156	10.951661
1157	10.951661
1158	10.951661
1159	10.951661
1160	10.951661
1161	10.951661
1162	10.951661
1163	10.951661
1164	10.951871
1165	10.951871
1166	10.951871
1167	10.951871
1168	10.951871
1169	10.951871
1170	10.951871
1171	10.951871
1172	10.951871
1173	10.951871
1174	10.951871
1175	10.951871
1176	10.951871
1177	10.951871
1178	10.951871
1179	10.951871
1180	10.951871
1181	10.951871
1182	10.951871
1183	10.951871
1184	10.951871
1185	10.951871
1186	10.951871
1187	10.951871
1188	10.951871
1189	10.951871
1190	10.951871
1191	10.951871
1192	10.951871
1193	10.951871
1194	10.951871
1195	10.951871
1196	10.951871
1197	10.951871
1198	10.951871
1199	10.951871
1200	10.951871
1201	10.951871
1202	10.953067
1203	10.953067
1204	10.953067
1205	10.953067
1206	10.953067
1207	10.953067
1208	10.953067
1209	10.953067
1210	10.953067
1211	10.953067
1212	10.953067
1213	10.953067
1214	10.953067
1215	10.953067
1216	10.953067
1217	10.953067
1218	10.953067
1219	10.953067
1220	10.953067
1221	10.953067
1222	10.953067
1223	10.953067
1224	10.953067
1225	10.953067
1226	10.953067
1227	10.953067
1228	10.953067
1229	10.953067
1230	10.953067
1231	10.953067
1232	10.953067
1233	10.953067
1234	10.953067
1235	10.953067
1236	10.953067
1237	10.953067
1238	10.953067
1239	10.953067
1240	10.952632
1241	10.952632
1242	10.952632
1243	10.952632
1244	10.952632
1245	10.952632
1246	10.952632
1247	10.952632
1248	10.952632
1249	10.952632
1250	10.952632
1251	10.952632
1252	10.952632
1253	10.952632
1254	10.952632
1255	10.952632
1256	10.952632
1257	10.952632
1258	10.952632
1259	10.952632
1260	10.952632
1261	10.952632
1262	10.953532
1263	10.953532
1264	10.953532
1265	10.953532
1266	10.953532
1267	10.953067
1268	10.952675
1269	10.952675
1270	10.952675
1271	10.952675
1272	10.952675
1273	10.952675
1274	10.952675
1275	10.952675
1276	10.952675
1277	10.952675
1278	10.952675
1279	10.951479
1280	10.951479
1281	10.951479
1282	10.951479
1283	10.951479
1284	10.951479
1285	10.951479
1286	10.951479
1287	10.951479
1288	10.951479
1289	10.951479
1290	10.951479
1291	10.951559
1292	10.951559
1293	10.951559
1294	10.951559
1295	10.951559
1296	10.951559
1297	10.951559
1298	10.951559
1299	10.951559
1300	10.951559
1301	10.951559
1302	10.951559
1303	10.951559
1304	10.951559
1305	10.951559
1306	10.951559
1307	10.951559
1308	10.951559
1309	10.951559
1310	10.952759
1311	10.952759
1312	10.952759
1313	10.952759
1314	10.952759
1315	10.952759
1316	10.952759
1317	10.952759
1318	10.952759
1319	10.952759
1320	10.952759
1321	10.952759
1322	10.952759
1323	10.952759
1324	10.952759
1325	10.952759
1326	10.952759
1327	10.952759
1328	10.952759
1329	10.952759
1330	10.952759
1331	10.952759
1332	10.952759
1333	10.952759
1334	10.952759
1335	10.952759
1336	10.952759
1337	10.952759
1338	10.952759
1339	10.952759
1340	10.952759
1341	10.952759
1342	10.952759
1343	10.952759
1344	10.952174
1345	10.952174
1346	10.952174
1347	10.952174
1348	10.952174
1349	10.952174
1350	10.952174
1351	10.952174
1352	10.952174
1353	10.952174
1354	10.952174
1355	10.952174
1356	10.952174
1357	10.952174
1358	10.952174
1359	10.952174
1360	10.952174
1361	10.952174
1362	10.952174
1363	10.952174
1364	10.952174
1365	10.952174
1366	10.952174
1367	10.952174
1368	10.952174
1369	10.952174
1370	10.951124
1371	10.951124
1372	10.952954
1373	10.952954
1374	10.952954
1375	10.952954
1376	10.952954
1377	10.952954
1378	10.952954
1379	10.952954
1380	10.952954
1381	10.952954
1382	10.952954
1383	10.952954
1384	10.952954
1385	10.952954
1386	10.952954
1387	10.952954
1388	10.952954
1389	10.952954
1390	10.952514
1391	10.952514
1392	10.952514
1393	10.952514
1394	10.952514
1395	10.952514
1396	10.952514
1397	10.952514
1398	10.952514
1399	10.952514
1400	10.952514
1401	10.952514
1402	10.952514
1403	10.952514
1404	10.952514
1405	10.952514
1406	10.952514
1407	10.952514
1408	10.952514
1409	10.952514
1410	10.952514
1411	10.952514
1412	10.952514
1413	10.952514
1414	10.952514
1415	10.952514
1416	10.952514
1417	10.952514
1418	10.952514
1419	10.952514
1420	10.952514
1421	10.952514
1422	10.952514
1423	10.952514
1424	10.952514
1425	10.952514
1426	10.952514
1427	10.952514
1428	10.952514
1429	10.952514
1430	10.952514
1431	10.952514
1432	10.952514
1433	10.952514
1434	10.952514
1435	10.952514
1436	10.952514
1437	10.952514
1438	10.949829
1439	10.949829
1440	10.949829
1441	10.949829
1442	10.949829
1443	10.949829
1444	10.949829
1445	10.949829
1446	10.949829
1447	10.950189
1448	10.950189
1449	10.950189
1450	10.950189
1451	10.950189
1452	10.950189
1453	10.950189
1454	10.950189
1455	10.950189
1456	10.950189
1457	10.950189
1458	10.950189
1459	10.950189
1460	10.950189
1461	10.950189
1462	10.950189
1463	10.950189
1464	10.950189
1465	10.950189
1466	10.950189
1467	10.949253
1468	10.949253
1469	10.949253
1470	10.949253
1471	10.949253
1472	10.949253
1473	10.949253
1474	10.949253
1475	10.949253
1476	10.949253
1477	10.949253
1478	10.949253
1479	10.949253
1480	10.949253
1481	10.949253
1482	10.949253
1483	10.949253
1484	10.949253
1485	10.949253
1486	10.949253
1487	10.949253
1488	10.949253
1489	10.949253
1490	10.949253
1491	10.949253
1492	10.949253
1493	10.949253
1494	10.949253
1495	10.949253
1496	10.951743
1497	10.951743
1498	10.951743
1499	10.951743
1500	10.951743
1501	10.951743
1502	10.951743
1503	10.951743
1504	10.951743
1505	10.951743
1506	10.951743
1507	10.951743
1508	10.951743
1509	10.951743
1510	10.951743
1511	10.951743
1512	10.951743
1513	10.951743
1514	10.951743
1515	10.951743
1516	10.951743
1517	10.951743
1518	10.951743
1519	10.951743
1520	10.951743
1521	10.951743
1522	10.951743
1523	10.951743
1524	10.951743
1525	10.951743
1526	10.951743
1527	10.951743
1528	10.951743
1529	10.951743
1530	10.951743
1531	10.951743
1532	10.951743
1533	10.951743
1534	10.951743
1535	10.951743
1536	10.951743
1537	10.951743
1538	10.952759
1539	10.952759
1540	10.952759
1541	10.952759
1542	10.952759
1543	10.952759
1544	10.952759
1545	10.952759
1546	10.952759
1547	10.952759
1548	10.952759
1549	10.952319
1550	10.952319
1551	10.952319
1552	10.952319
1553	10.952319
1554	10.952319
1555	10.952319
1556	10.952319
1557	10.952319
1558	10.952319
1559	10.952319
1560	10.952319
1561	10.952319
1562	10.952319
1563	10.952319
1564	10.952319
1565	10.952319
1566	10.952319
1567	10.952319
1568	10.952319
1569	10.951119
1570	10.951119
1571	10.951119
1572	10.951119
1573	10.951119
1574	10.951119
1575	10.951119
1576	10.951119
1577	10.951119
1578	10.951559
1579	10.951559
1580	10.951559
1581	10.951559
1582	10.951559
1583	10.951559
1584	10.951559
1585	10.951559
1586	10.951119
1587	10.951119
1588	10.951119
1589	10.951119
1590	10.951119
1591	10.951119
1592	10.951119
1593	10.951119
1594	10.951119
1595	10.951119
1596	10.951119
1597	10.951119
1598	10.951119
1599	10.951119
1600	10.951119
1601	10.951119
1602	10.951119
1603	10.951119
1604	10.951119
1605	10.951119
1606	10.951119
1607	10.951119
1608	10.951119
1609	10.951119
1610	10.951119
1611	10.951119
1612	10.951119
1613	10.951119
1614	10.951119
1615	10.951119
1616	10.951119
1617	10.951119
1618	10.951119
1619	10.951119
1620	10.951119
1621	10.951119
1622	10.951119
1623	10.951119
1624	10.951119
1625	10.951119
1626	10.951119
1627	10.951119
1628	10.951119
1629	10.951119
1630	10.951119
1631	10.951119
1632	10.951119
1633	10.951119
1634	10.951119
1635	10.951119
1636	10.951119
1637	10.951119
1638	10.951119
1639	10.951119
1640	10.951119
1641	10.951119
1642	10.951119
1643	10.951119
1644	10.951119
1645	10.951119
1646	10.951119
1647	10.951119
1648	10.951119
1649	10.951119
1650	10.951119
1651	10.951119
1652	10.951119
1653	10.951119
1654	10.951119
1655	10.951119
1656	10.951119
1657	10.951231
1658	10.951231
1659	10.951231
1660	10.951231
1661	10.951231
1662	10.951231
1663	10.951231
1664	10.951231
1665	10.951231
1666	10.951231
1667	10.951231
1668	10.951231
1669	10.951231
1670	10.951231
1671	10.951231
1672	10.951231
1673	10.951231
1674	10.951231
1675	10.951231
1676	10.951231
1677	10.951231
1678	10.951231
1679	10.951231
1680	10.951231
1681	10.951231
1682	10.951231
1683	10.951231
1684	10.951231
1685	10.951231
1686	10.951231
1687	10.951231
1688	10.951231
1689	10.951231
1690	10.951846
1691	10.951846
1692	10.951846
1693	10.951846
1694	10.951846
1695	10.951846
1696	10.951846
1697	10.951846
1698	10.951846
1699	10.951846
1700	10.951846
1701	10.951846
1702	10.951846
1703	10.951846
1704	10.952094
1705	10.952094
1706	10.952094
1707	10.952094
1708	10.952094
1709	10.952094
1710	10.952094
1711	10.952094
1712	10.952094
1713	10.952094
1714	10.952094
1715	10.952094
1716	10.952094
1717	10.952094
1718	10.952094
1719	10.952094
1720	10.952094
1721	10.952094
1722	10.952094
1723	10.952094
1724	10.952094
1725	10.952094
1726	10.952094
1727	10.952094
1728	10.952094
1729	10.952094
1730	10.952094
1731	10.952094
1732	10.952094
1733	10.952094
1734	10.952094
1735	10.952094
1736	10.952094
1737	10.952094
1738	10.952094
1739	10.952094
1740	10.952094
1741	10.952094
1742	10.952094
1743	10.952094
1744	10.952094
1745	10.952094
1746	10.952094
1747	10.952094
1748	10.952094
1749	10.952094
1750	10.952094
1751	10.952094
1752	10.952094
1753	10.952094
1754	10.952094
1755	10.952094
1756	10.952094
1757	10.952094
1758	10.952094
1759	10.952094
1760	10.952094
1761	10.952094
1762	10.952094
1763	10.952094
1764	10.952094
1765	10.952094
1766	10.952094
1767	10.952094
1768	10.952094
1769	10.952094
1770	10.952094
1771	10.952094
1772	10.952094
1773	10.952094
1774	10.952094
1775	10.952094
1776	10.952094
1777	10.952094
1778	10.952094
1779	10.952094
1780	10.952094
1781	10.952094
1782	10.952094
1783	10.952094
1784	10.952094
1785	10.952094
1786	10.952094
1787	10.952094
1788	10.952094
1789	10.952094
1790	10.952094
1791	10.952094
1792	10.952094
1793	10.952094
1794	10.952094
1795	10.952094
1796	10.952094
1797	10.952094
1798	10.952094
1799	10.952094
1800	10.952094
1801	10.952094
1802	10.952094
1803	10.952094
1804	10.952094
1805	10.952094
1806	10.952094
1807	10.952094
1808	10.952094
1809	10.952094
1810	10.952094
1811	10.952094
1812	10.952094
1813	10.952094
1814	10.952094
1815	10.952094
1816	10.952094
1817	10.952094
1818	10.952094
1819	10.952094
1820	10.952094
1821	10.952094
1822	10.952094
1823	10.952094
1824	10.952094
1825	10.952679
1826	10.952679
1827	10.952679
1828	10.952874
1829	10.952874
1830	10.952874
1831	10.952874
1832	10.952874
1833	10.952874
1834	10.952874
1835	10.952874
1836	10.952874
1837	10.952874
1838	10.952874
1839	10.952874
1840	10.952874
1841	10.952874
1842	10.952874
1843	10.952874
1844	10.952874
1845	10.952874
1846	10.952874
1847	10.952874
1848	10.952874
1849	10.952874
1850	10.952874
1851	10.952874
1852	10.952874
1853	10.952874
1854	10.952874
1855	10.952874
1856	10.952874
1857	10.952874
1858	10.952874
1859	10.952874
1860	10.952874
1861	10.952874
1862	10.952874
1863	10.952874
1864	10.952874
1865	10.952874
1866	10.952874
1867	10.952874
1868	10.952874
1869	10.952874
1870	10.952874
1871	10.952874
1872	10.952874
1873	10.952874
1874	10.952874
1875	10.953266
1876	10.953266
1877	10.953266
1878	10.953266
1879	10.953266
1880	10.953266
1881	10.953266
1882	10.953266
1883	10.953266
1884	10.953266
1885	10.953266
1886	10.953266
1887	10.953266
1888	10.953266
1889	10.953266
1890	10.953266
1891	10.953266
1892	10.953266
1893	10.953266
1894	10.953266
1895	10.953266
1896	10.953266
1897	10.953266
1898	10.953266
1899	10.953266
1900	10.953266
1901	10.953266
1902	10.953266
1903	10.953266
1904	10.953266
1905	10.953266
1906	10.953266
1907	10.953266
1908	10.953266
1909	10.953266
1910	10.953266
1911	10.953266
1912	10.953266
1913	10.953266
1914	10.953266
1915	10.953266
1916	10.953266
1917	10.953266
1918	10.953266
1919	10.953266
1920	10.953266
1921	10.953266
1922	10.953266
1923	10.953266
1924	10.953266
1925	10.953266
1926	10.953266
1927	10.953266
1928	10.953266
1929	10.953266
1930	10.953266
1931	10.953266
1932	10.953266
1933	10.953266
1934	10.953266
1935	10.953266
1936	10.953266
1937	10.953266
1938	10.953266
1939	10.953266
1940	10.953266
1941	10.953266
1942	10.953266
1943	10.953266
1944	10.953266
1945	10.953266
1946	10.953266
1947	10.953266
1948	10.953266
1949	10.953266
1950	10.953266
1951	10.953266
1952	10.953266
1953	10.953266
1954	10.953266
1955	10.953266
1956	10.953266
1957	10.953266
1958	10.953266
1959	10.953266
1960	10.953266
1961	10.953266
1962	10.953266
1963	10.953266
1964	10.953266
1965	10.953266
1966	10.953266
1967	10.953266
1968	10.953266
1969	10.953266
1970	10.953266
1971	10.953266
1972	10.953266
1973	10.953266
1974	10.953266
1975	10.953266
1976	10.953266
1977	10.953266
1978	10.953266
1979	10.953266
1980	10.953266
1981	10.953266
1982	10.953266
1983	10.953266
1984	10.953266
1985	10.953266
1986	10.953266
1987	10.953266
1988	10.953266
1989	10.953266
1990	10.953266
1991	10.953266
1992	10.953266
1993	10.953266
1994	10.953266
1995	10.953266
1996	10.953266
1997	10.953266
1998	10.953266
1999	10.953266
2000	10.953266
2001	10.953266
2002	10.953266
2003	10.953266
2004	10.953266
2005	10.953266
2006	10.953266
2007	10.953266
2008	10.953266
2009	10.953266
2010	10.953266
2011	10.953266
2012	10.953266
2013	10.953266
2014	10.953266
2015	10.953266
2016	10.953266
2017	10.953266
2018	10.953266
2019	10.953266
2020	10.953266
2021	10.953266
2022	10.953266
2023	10.953266
2024	10.953266
2025	10.953266
2026	10.953266
2027	10.953266
2028	10.953266
2029	10.953266
2030	10.953266
2031	10.953266
2032	10.953266
2033	10.953266
2034	10.953266
2035	10.953266
2036	10.953266
2037	10.953266
2038	10.953266
2039	10.953266
2040	10.953266
2041	10.953266
2042	10.953266
2043	10.953266
2044	10.953266
2045	10.953266
2046	10.953266
2047	10.953266
2048	10.953266
2049	10.953266
2050	10.953266
2051	10.953266
2052	10.953266
2053	10.953266
2054	10.953266
2055	10.953266
2056	10.953266
2057	10.953266
2058	10.953266
2059	10.953266
2060	10.953266
2061	10.953266
2062	10.953266
2063	10.953266
2064	10.953266
2065	10.953266
2066	10.953266
2067	10.953266
2068	10.953266
2069	10.953266
2070	10.953266
2071	10.953266
2072	10.953266
2073	10.953266
2074	10.953266
2075	10.953266
2076	10.953266
2077	10.953266
2078	10.953266
2079	10.953266
2080	10.953266
2081	10.953266
2082	10.953266
2083	10.953266
2084	10.953266
2085	10.953266
2086	10.953266
2087	10.953266
2088	10.953266
2089	10.953266
2090	10.953266
2091	10.953266
2092	10.953266
2093	10.953266
2094	10.953266
2095	10.953266
2096	10.953266
2097	10.953266
2098	10.953266
2099	10.953266
2100	10.953266
2101	10.953266
2102	10.953266
2103	10.953266
2104	10.953266
2105	10.953266
2106	10.953266
2107	10.953266
2108	10.953266
2109	10.953266
2110	10.953266
2111	10.953266
2112	10.953266
2113	10.953266
2114	10.953266
2115	10.953266
2116	10.953266
2117	10.953266
2118	10.953266
2119	10.953266
2120	10.953266
2121	10.953266
2122	10.953266
2123	10.953266
2124	10.953266
2125	10.953266
2126	10.953266
2127	10.953266
2128	10.953266
2129	10.953266
2130	10.953266
2131	10.953266
2132	10.953266
2133	10.953266
2134	10.953266
2135	10.953266
2136	10.953266
2137	10.953266
2138	10.953266
2139	10.953266
2140	10.953266
2141	10.953266
2142	10.953266
2143	10.953266
2144	10.953266
2145	10.953266
2146	10.953266
2147	10.953266
2148	10.953266
2149	10.954462
2150	10.954462
2151	10.954462
2152	10.954462
2153	10.954462
2154	10.954462
2155	10.954462
2156	10.954462
2157	10.954462
2158	10.954462
2159	10.954462
2160	10.954462
2161	10.954462
2162	10.954462
2163	10.954462
2164	10.954462
2165	10.954462
2166	10.954462
2167	10.954462
2168	10.954462
2169	10.954462
2170	10.954462
2171	10.954462
2172	10.954462
2173	10.954462
2174	10.954462
2175	10.954462
2176	10.954462
2177	10.954462
2178	10.954462
2179	10.954462
2180	10.954462
2181	10.954462
2182	10.954462
2183	10.954462
2184	10.954462
2185	10.954462
2186	10.954462
2187	10.954462
2188	10.954462
2189	10.954462
2190	10.954462
2191	10.954462
2192	10.954462
2193	10.954462
2194	10.954462
2195	10.954462
2196	10.954462
2197	10.954462
2198	10.954462
2199	10.954462
2200	10.954462
2201	10.954462
2202	10.954462
2203	10.954462
2204	10.954462
2205	10.954462
2206	10.954462
2207	10.954462
2208	10.954462
2209	10.954462
2210	10.95415
2211	10.95415
2212	10.95415
2213	10.95415
2214	10.95415
2215	10.95415
2216	10.95415
2217	10.95415
2218	10.95415
2219	10.95415
2220	10.95415
2221	10.95415
2222	10.95415
2223	10.95415
2224	10.95415
2225	10.95415
2226	10.95415
2227	10.95415
2228	10.95415
2229	10.95415
2230	10.95415
2231	10.95415
2232	10.95415
2233	10.95415
2234	10.95415
2235	10.95415
2236	10.95415
2237	10.95415
2238	10.95415
2239	10.95415
2240	10.95415
2241	10.95415
2242	10.95415
2243	10.95415
2244	10.95415
2245	10.95415
2246	10.95415
2247	10.95415
2248	10.95415
2249	10.95415
2250	10.95415
2251	10.95415
2252	10.95415
2253	10.95415
2254	10.95415
2255	10.95415
2256	10.95415
2257	10.95415
2258	10.95415
2259	10.95415
2260	10.95415
2261	10.95415
2262	10.95415
2263	10.95415
2264	10.95415
2265	10.95415
2266	10.95415
2267	10.95415
2268	10.95415
2269	10.95415
2270	10.95415
2271	10.95415
2272	10.95415
2273	10.95415
2274	10.95415
2275	10.95415
2276	10.95415
2277	10.95415
2278	10.95415
2279	10.95415
2280	10.95415
2281	10.95415
2282	10.95415
2283	10.95415
2284	10.95415
2285	10.95415
2286	10.95415
2287	10.95415
2288	10.95415
2289	10.95415
2290	10.95415
2291	10.95415
2292	10.95415
2293	10.95415
2294	10.95415
2295	10.95415
2296	10.95415
2297	10.95415
2298	10.95415
2299	10.95415
2300	10.95415
2301	10.95415
2302	10.95415
2303	10.95415
2304	10.95415
2305	10.95415
2306	10.95415
2307	10.95415
2308	10.95415
2309	10.95415
2310	10.95415
2311	10.95415
2312	10.95415
2313	10.95415
2314	10.95415
2315	10.95415
2316	10.95415
2317	10.95415
2318	10.95415
2319	10.95415
2320	10.95415
2321	10.95415
2322	10.95415
2323	10.95415
2324	10.95415
2325	10.95415
2326	10.95415
2327	10.95415
2328	10.95415
2329	10.95415
2330	10.95415
2331	10.95415
2332	10.95415
2333	10.95415
2334	10.95415
2335	10.95415
2336	10.95415
2337	10.95415
2338	10.95415
2339	10.95415
2340	10.95415
2341	10.95415
2342	10.95415
2343	10.95415
2344	10.95415
2345	10.95415
2346	10.95415
2347	10.95415
2348	10.95415
2349	10.95415
2350	10.95415
2351	10.95415
2352	10.95415
2353	10.95415
2354	10.95415
2355	10.95415
2356	10.95415
2357	10.95415
2358	10.95415
2359	10.95415
2360	10.95415
2361	10.95415
2362	10.95415
2363	10.95415
2364	10.95415
2365	10.95415
2366	10.95415
2367	10.95415
2368	10.95415
2369	10.95415
2370	10.95415
2371	10.95415
2372	10.95415
2373	10.95415
2374	10.95415
2375	10.95415
2376	10.95415
2377	10.95415
2378	10.95415
2379	10.95415
2380	10.95415
2381	10.95415
2382	10.95415
2383	10.954462
2384	10.954462
2385	10.954462
2386	10.954462
2387	10.954462
2388	10.954462
2389	10.954462
2390	10.954462
2391	10.954462
2392	10.954462
2393	10.954462
2394	10.954566
2395	10.954566
2396	10.954566
2397	10.954566
2398	10.954566
2399	10.954566
2400	10.954566
2401	10.954566
2402	10.954566
2403	10.954566
2404	10.954566
2405	10.954566
2406	10.954566
2407	10.954566
2408	10.954566
2409	10.954566
2410	10.954566
2411	10.954566
2412	10.954566
2413	10.954566
2414	10.954566
2415	10.954566
2416	10.954566
2417	10.954566
2418	10.954566
2419	10.954566
2420	10.954566
2421	10.954566
2422	10.954566
2423	10.954566
2424	10.954566
2425	10.954566
2426	10.954566
2427	10.954566
2428	10.954566
2429	10.954566
2430	10.954566
2431	10.954566
2432	10.954566
2433	10.954566
2434	10.954566
2435	10.954566
2436	10.954566
2437	10.954566
2438	10.954566
2439	10.954566
2440	10.954566
2441	10.954566
2442	10.954566
2443	10.954566
2444	10.954566
2445	10.954566
2446	10.954566
2447	10.954566
2448	10.954566
2449	10.954566
2450	10.954566
2451	10.954566
2452	10.954566
2453	10.954566
2454	10.954566
2455	10.954566
2456	10.954566
2457	10.954566
2458	10.954566
2459	10.954566
2460	10.954566
2461	10.954566
2462	10.954566
2463	10.954566
2464	10.954566
2465	10.954566
2466	10.954566
2467	10.954566
2468	10.954566
2469	10.954566
2470	10.954566
2471	10.954566
2472	10.954566
2473	10.954566
2474	10.954566
2475	10.954566
2476	10.954566
2477	10.954566
2478	10.954566
2479	10.954566
2480	10.954566
2481	10.954566
2482	10.954566
2483	10.954566
2484	10.954566
2485	10.954566
2486	10.954566
2487	10.954566
2488	10.954566
2489	10.954566
2490	10.954566
2491	10.954566
2492	10.954566
2493	10.954566
2494	10.954566
2495	10.954566
2496	10.954566
2497	10.954566
2498	10.954566
2499	10.954566
2500	10.954566
2501	10.954566
2502	10.954566
2503	10.954566
2504	10.954566
2505	10.954566
2506	10.954566
2507	10.954566
2508	10.954566
2509	10.954566
2510	10.954566
2511	10.954566
2512	10.954566
2513	10.954566
2514	10.954566
2515	10.954566
2516	10.954566
2517	10.954566
2518	10.954566
2519	10.954566
2520	10.954566
2521	10.954566
2522	10.954566
2523	10.954566
2524	10.954566
2525	10.954566
2526	10.954566
2527	10.954566
2528	10.954566
2529	10.954566
2530	10.954566
2531	10.954566
2532	10.954566
2533	10.954566
2534	10.954566
2535	10.954566
2536	10.954566
2537	10.954566
2538	10.954566
2539	10.954566
2540	10.954566
2541	10.954566
2542	10.954566
2543	10.954566
2544	10.954566
2545	10.954566
2546	10.954566
2547	10.954566
2548	10.954566
2549	10.954566
2550	10.954566
2551	10.954566
2552	10.954566
2553	10.954566
2554	10.954566
2555	10.954566
2556	10.954566
2557	10.954566
2558	10.954566
2559	10.954566
2560	10.954566
2561	10.954566
2562	10.954566
2563	10.954566
2564	10.954566
2565	10.954566
2566	10.954566
2567	10.954566
2568	10.954566
2569	10.954566
2570	10.954566
2571	10.954566
2572	10.954566
2573	10.954566
2574	10.954566
2575	10.954566
2576	10.954566
2577	10.954566
2578	10.954566
2579	10.954566
2580	10.954566
2581	10.954566
2582	10.954566
2583	10.954566
2584	10.954566
2585	10.954566
2586	10.954566
2587	10.954566
2588	10.954566
2589	10.954566
2590	10.954566
2591	10.954566
2592	10.954566
2593	10.954566
2594	10.954566
2595	10.954566
2596	10.954566
2597	10.954566
2598	10.954566
2599	10.954566
2600	10.954566
2601	10.954566
2602	10.954566
2603	10.954566
2604	10.954566
2605	10.954566
2606	10.954566
2607	10.954566
2608	10.954566
2609	10.954566
2610	10.954566
2611	10.954566
2612	10.954566
2613	10.954566
2614	10.954566
2615	10.954566
2616	10.954566
2617	10.954566
2618	10.954566
2619	10.954566
2620	10.954566
2621	10.954566
2622	10.954566
2623	10.954566
2624	10.954566
2625	10.954566
2626	10.954566
2627	10.954566
2628	10.954566
2629	10.954566
2630	10.954566
2631	10.954566
2632	10.954566
2633	10.954566
2634	10.954566
2635	10.954566
2636	10.954566
2637	10.954566
2638	10.954566
2639	10.954566
2640	10.954566
2641	10.954566
2642	10.954566
2643	10.954566
2644	10.954566
2645	10.954566
2646	10.954566
2647	10.954566
2648	10.954566
2649	10.954566
2650	10.954566
2651	10.954566
2652	10.954566
2653	10.954566
2654	10.954566
2655	10.954566
2656	10.954566
2657	10.954566
2658	10.954566
2659	10.954566
2660	10.954566
2661	10.954566
2662	10.954566
2663	10.954566
2664	10.954566
2665	10.954566
2666	10.954566
2667	10.954566
2668	10.954566
2669	10.954566
2670	10.954566
2671	10.954566
2672	10.954566
2673	10.954566
2674	10.954566
2675	10.954566
2676	10.954566
2677	10.954566
2678	10.954566
2679	10.954566
2680	10.954566
2681	10.954566
2682	10.954566
2683	10.954566
2684	10.954566
2685	10.954566
2686	10.954566
2687	10.954566
2688	10.954566
2689	10.954566
2690	10.954566
2691	10.954566
2692	10.954566
2693	10.954566
2694	10.954566
2695	10.954566
2696	10.954566
2697	10.954566
2698	10.954566
2699	10.954566
2700	10.954566
2701	10.954566
2702	10.954566
2703	10.954566
2704	10.954566
2705	10.954566
2706	10.954566
2707	10.954566
2708	10.954566
2709	10.954566
2710	10.954566
2711	10.954566
2712	10.954566
2713	10.954566
2714	10.954566
2715	10.954566
2716	10.954566
2717	10.954566
2718	10.954566
2719	10.954566
2720	10.954566
2721	10.954566
2722	10.954566
2723	10.954566
2724	10.954566
2725	10.954566
2726	10.954566
2727	10.954566
2728	10.954566
2729	10.954566
2730	10.954566
2731	10.954566
2732	10.954566
2733	10.954566
2734	10.954566
2735	10.954566
2736	10.954566
2737	10.954566
2738	10.954566
2739	10.954566
2740	10.954566
2741	10.954566
2742	10.954566
2743	10.954566
2744	10.954566
2745	10.954566
2746	10.954566
2747	10.954566
2748	10.954566
2749	10.954566
2750	10.954566
2751	10.954566
2752	10.954566
2753	10.954566
2754	10.954566
2755	10.954566
2756	10.954566
2757	10.954566
2758	10.954566
2759	10.954566
2760	10.954566
2761	10.954566
2762	10.954566
2763	10.954566
2764	10.954566
2765	10.954566
2766	10.954566
2767	10.954566
2768	10.954566
2769	10.954566
2770	10.954566
2771	10.954566
2772	10.954566
2773	10.954566
2774	10.954566
2775	10.954566
2776	10.954566
2777	10.954566
2778	10.954566
2779	10.954566
2780	10.954566
2781	10.954566
2782	10.954566
2783	10.954566
2784	10.954566
2785	10.954566
2786	10.954566
2787	10.954566
2788	10.954566
2789	10.954566
2790	10.954566
2791	10.954566
2792	10.954566
2793	10.954566
2794	10.954566
2795	10.954566
2796	10.954566
2797	10.954566
2798	10.954566
2799	10.954566
2800	10.954566
2801	10.954566
2802	10.954566
2803	10.954566
2804	10.954566
2805	10.954566
2806	10.954566
2807	10.954566
2808	10.954566
2809	10.954566
2810	10.954566
2811	10.954566
2812	10.954566
2813	10.954566
2814	10.954566
2815	10.954566
2816	10.954566
2817	10.954566
2818	10.954566
2819	10.954566
2820	10.954566
2821	10.954566
2822	10.954566
2823	10.954566
2824	10.954566
2825	10.954566
2826	10.954566
2827	10.954566
2828	10.954566
2829	10.954566
2830	10.954566
2831	10.954566
2832	10.954566
2833	10.954566
2834	10.954566
2835	10.954566
2836	10.954566
2837	10.954566
2838	10.954566
2839	10.954566
2840	10.954566
2841	10.954566
2842	10.954566
2843	10.954566
2844	10.954566
2845	10.954566
2846	10.954566
2847	10.954566
2848	10.954566
2849	10.954566
2850	10.954566
2851	10.954566
2852	10.954566
2853	10.954566
2854	10.954566
2855	10.954566
2856	10.954566
2857	10.954566
2858	10.954566
2859	10.954566
2860	10.954566
2861	10.954566
2862	10.954566
2863	10.954566
2864	10.954566
2865	10.954566
2866	10.954566
2867	10.954566
2868	10.954566
2869	10.954566
2870	10.954566
2871	10.954566
2872	10.954566
2873	10.954566
2874	10.954566
2875	10.954566
2876	10.954566
2877	10.954566
2878	10.954566
2879	10.954566
2880	10.954566
2881	10.954566
2882	10.954566
2883	10.954566
2884	10.954566
2885	10.954566
2886	10.954566
2887	10.954566
2888	10.954566
2889	10.954566
2890	10.954566
2891	10.954566
2892	10.954566
2893	10.954566
2894	10.954566
2895	10.954566
2896	10.954566
2897	10.954566
2898	10.954566
2899	10.954566
2900	10.954566
2901	10.954566
2902	10.954566
2903	10.954566
2904	10.954566
2905	10.954566
2906	10.954566
2907	10.954566
2908	10.954566
2909	10.954566
2910	10.954566
2911	10.954566
2912	10.954566
2913	10.954566
2914	10.954566
2915	10.954566
2916	10.954566
2917	10.954566
2918	10.954566
2919	10.954566
2920	10.954566
2921	10.954566
2922	10.954566
2923	10.954566
2924	10.954566
2925	10.954566
2926	10.954566
2927	10.954566
2928	10.954566
2929	10.954566
2930	10.954566
2931	10.954566
2932	10.954566
2933	10.954566
2934	10.954566
2935	10.954566
2936	10.954566
2937	10.954566
2938	10.954566
2939	10.954566
2940	10.954566
2941	10.954566
2942	10.954566
2943	10.954566
2944	10.954566
2945	10.954566
2946	10.954566
2947	10.954566
2948	10.954566
2949	10.954566
2950	10.954566
2951	10.954566
2952	10.954566
2953	10.954566
2954	10.954566
2955	10.954566
2956	10.954566
2957	10.954566
2958	10.954566
2959	10.954566
2960	10.954566
2961	10.954566
2962	10.954566
2963	10.954566
2964	10.954566
2965	10.954566
2966	10.954566
2967	10.954566
2968	10.954566
2969	10.954566
2970	10.954566
2971	10.954566
2972	10.954566
2973	10.954566
2974	10.954566
2975	10.954566
2976	10.954566
2977	10.954566
2978	10.954566
2979	10.954566
2980	10.954566
2981	10.954566
2982	10.954566
2983	10.954566
2984	10.954566
2985	10.954566
2986	10.954566
2987	10.954566
2988	10.954566
2989	10.954566
2990	10.954566
2991	10.954566
2992	10.954566
2993	10.954566
2994	10.954566
2995	10.954566
2996	10.954566
2997	10.954566
2998	10.954566
2999	10.954566
3000	10.954566
3001	10.954566
3002	10.954566
3003	10.954566
3004	10.954566
3005	10.954566
3006	10.954566
3007	10.954566
3008	10.954566
3009	10.954566
3010	10.954566
3011	10.954566
3012	10.954566
3013	10.954566
3014	10.954566
3015	10.954566
3016	10.954566
3017	10.954566
3018	10.954566
3019	10.954566
3020	10.954566
3021	10.954566
3022	10.954566
3023	10.954566
3024	10.954566
3025	10.954566
3026	10.954566
3027	10.954566
3028	10.954566
3029	10.954566
3030	10.954566
3031	10.954566
3032	10.954566
3033	10.954566
3034	10.954566
3035	10.954566
3036	10.954566
3037	10.954566
3038	10.954566
3039	10.954566
3040	10.954566
3041	10.954566
3042	10.954566
3043	10.954566
3044	10.954566
3045	10.954566
3046	10.954566
3047	10.954566
3048	10.954566
3049	10.954566
3050	10.954566
3051	10.954566
3052	10.954566
3053	10.954566
3054	10.954566
3055	10.954566
3056	10.954566
3057	10.954566
3058	10.954566
3059	10.954566
3060	10.954566
3061	10.954566
3062	10.954566
3063	10.954566
3064	10.954566
3065	10.954566
3066	10.954566
3067	10.954566
3068	10.954566
3069	10.954566
3070	10.954566
3071	10.954566
3072	10.954566
3073	10.954566
3074	10.954566
3075	10.954566
3076	10.954566
3077	10.954566
3078	10.954566
3079	10.954566
3080	10.954566
3081	10.954566
3082	10.954566
3083	10.954566
3084	10.954566
3085	10.954566
3086	10.954566
3087	10.954566
3088	10.954566
3089	10.954566
3090	10.954566
3091	10.954566
3092	10.954566
3093	10.954566
3094	10.954566
3095	10.954566
3096	10.954566
3097	10.954566
3098	10.954566
3099	10.954566
3100	10.954566
3101	10.954566
3102	10.954566
3103	10.954566
3104	10.954566
3105	10.954566
3106	10.954566
3107	10.954566
3108	10.954566
3109	10.954566
3110	10.954566
3111	10.954566
3112	10.954566
3113	10.954566
3114	10.954566
3115	10.954566
3116	10.954566
3117	10.954566
3118	10.954566
3119	10.954566
3120	10.954566
3121	10.954566
3122	10.954566
3123	10.954566
3124	10.954566
3125	10.954566
3126	10.954566
3127	10.954566
3128	10.954566
3129	10.954566
3130	10.954566
3131	10.954566
3132	10.954566
3133	10.954566
3134	10.954566
3135	10.954566
3136	10.954566
3137	10.954566
3138	10.954566
3139	10.954566
3140	10.954566
3141	10.954566
3142	10.954566
3143	10.954566
3144	10.954566
3145	10.954566
3146	10.954566
3147	10.954566
3148	10.954566
3149	10.954566
3150	10.954566
3151	10.954566
3152	10.954566
3153	10.954566
3154	10.954566
3155	10.954566
3156	10.954566
3157	10.954566
3158	10.954566
3159	10.954566
3160	10.954566
3161	10.954566
3162	10.954566
3163	10.954566
3164	10.954566
3165	10.954566
3166	10.954566
3167	10.954566
3168	10.954566
3169	10.954566
3170	10.954566
3171	10.954566
3172	10.954566
3173	10.954566
3174	10.954566
3175	10.954566
3176	10.954566
3177	10.954566
3178	10.954566
3179	10.954566
3180	10.954566
3181	10.954566
3182	10.954566
3183	10.954566
3184	10.954566
3185	10.954566
3186	10.954566
3187	10.954566
3188	10.954566
3189	10.954566
3190	10.954566
3191	10.954566
3192	10.954566
3193	10.954566
3194	10.954566
3195	10.954566
3196	10.954566
3197	10.954566
3198	10.954566
3199	10.954566
3200	10.954566
3201	10.954566
3202	10.954566
3203	10.954566
3204	10.954566
3205	10.954566
3206	10.954566
3207	10.954566
3208	10.954566
3209	10.954566
3210	10.954566
3211	10.954566
3212	10.954566
3213	10.954566
3214	10.954566
3215	10.954566
3216	10.954566
3217	10.954566
3218	10.954566
3219	10.954566
3220	10.954566
3221	10.954566
3222	10.954566
3223	10.954566
3224	10.954566
3225	10.954566
3226	10.954566
3227	10.954566
3228	10.954566
3229	10.954566
3230	10.954566
3231	10.954566
3232	10.954566
3233	10.954566
3234	10.954566
3235	10.954566
3236	10.954566
3237	10.954566
3238	10.954566
3239	10.954566
3240	10.954566
3241	10.954566
3242	10.954566
3243	10.954566
3244	10.954566
3245	10.954566
3246	10.954566
3247	10.954566
3248	10.954566
3249	10.954566
3250	10.954566
3251	10.954566
3252	10.954566
3253	10.954566
3254	10.954566
3255	10.954566
3256	10.954566
3257	10.954566
3258	10.954566
3259	10.954566
3260	10.954566
3261	10.954566
3262	10.954566
3263	10.954566
3264	10.954566
3265	10.954566
3266	10.954566
3267	10.954566
3268	10.954566
3269	10.954566
3270	10.954566
3271	10.954566
3272	10.954566
3273	10.954566
3274	10.954566
3275	10.954566
3276	10.954566
3277	10.954566
3278	10.954566
3279	10.954566
3280	10.954566
3281	10.954566
3282	10.954566
3283	10.954566
3284	10.954566
3285	10.954566
3286	10.954566
3287	10.954566
3288	10.954566
3289	10.954566
3290	10.954566
3291	10.954566
3292	10.954566
3293	10.954566
3294	10.954566
3295	10.954566
3296	10.954566
3297	10.954566
3298	10.954566
3299	10.954566
3300	10.954566
3301	10.954566
3302	10.954566
3303	10.954566
3304	10.954566
3305	10.954566
3306	10.954566
3307	10.954566
3308	10.954566
3309	10.954566
3310	10.954566
3311	10.954566
3312	10.954566
3313	10.954566
3314	10.954566
3315	10.954566
3316	10.954566
3317	10.954566
3318	10.954566
3319	10.954566
3320	10.954566
3321	10.954566
3322	10.954566
3323	10.954566
3324	10.954566
3325	10.954566
3326	10.954566
3327	10.954566
3328	10.954566
3329	10.954566
3330	10.954566
3331	10.954566
3332	10.954566
3333	10.954566
3334	10.954566
3335	10.954566
3336	10.954566
3337	10.954566
3338	10.954566
3339	10.954566
3340	10.954566
3341	10.954566
3342	10.954566
3343	10.954566
3344	10.954566
3345	10.954566
3346	10.954566
3347	10.954566
3348	10.954566
3349	10.954566
3350	10.954566
3351	10.954566
3352	10.954566
3353	10.954566
3354	10.954566
3355	10.954566
3356	10.954566
3357	10.954566
3358	10.954566
3359	10.954566
3360	10.954566
3361	10.954566
3362	10.954566
3363	10.954566
3364	10.954566
3365	10.954566
3366	10.954566
3367	10.954566
3368	10.954566
3369	10.954566
3370	10.954566
3371	10.954566
3372	10.954566
3373	10.954566
3374	10.954566
3375	10.954566
3376	10.954566
3377	10.954566
3378	10.954566
3379	10.954566
3380	10.954566
3381	10.954566
3382	10.954566
3383	10.954566
3384	10.954566
3385	10.954566
3386	10.954566
3387	10.954566
3388	10.954566
3389	10.954566
3390	10.954566
3391	10.954566
3392	10.954566
3393	10.954566
3394	10.954566
3395	10.954566
3396	10.954566
3397	10.954566
3398	10.954566
3399	10.954566
3400	10.954566
3401	10.954566
3402	10.954566
3403	10.954566
3404	10.954566
3405	10.954566
3406	10.954566
3407	10.954566
3408	10.954566
3409	10.954566
3410	10.954566
3411	10.954566
3412	10.954566
3413	10.954566
3414	10.954566
3415	10.954566
3416	10.954566
3417	10.954566
3418	10.954566
3419	10.954566
3420	10.954566
3421	10.954566
3422	10.954566
3423	10.954566
3424	10.954566
3425	10.954566
3426	10.954566
3427	10.954566
3428	10.954566
3429	10.954566
3430	10.954566
3431	10.954566
3432	10.954566
3433	10.954566
3434	10.954566
3435	10.954566
3436	10.954566
3437	10.954566
3438	10.954566
3439	10.954566
3440	10.954566
3441	10.954566
3442	10.954566
3443	10.954566
3444	10.954566
3445	10.954566
3446	10.954566
3447	10.954566
3448	10.954566
3449	10.954566
3450	10.954566
3451	10.954566
3452	10.954566
3453	10.954566
3454	10.954566
3455	10.954566
3456	10.954566
3457	10.954566
3458	10.954566
3459	10.954566
3460	10.954566
3461	10.954566
3462	10.954566
3463	10.954566
3464	10.954566
3465	10.954566
3466	10.954566
3467	10.954566
3468	10.954566
3469	10.954566
3470	10.954566
3471	10.954566
3472	10.954566
3473	10.954566
3474	10.954566
3475	10.954566
3476	10.954566
3477	10.954566
3478	10.954566
3479	10.954566
3480	10.954566
3481	10.954566
3482	10.954566
3483	10.954566
3484	10.954566
3485	10.954566
3486	10.954566
3487	10.954566
3488	10.954566
3489	10.954566
3490	10.954566
3491	10.954566
3492	10.954566
3493	10.954566
3494	10.954566
3495	10.954566
3496	10.954566
3497	10.954566
3498	10.954566
3499	10.954566
3500	10.954566
3501	10.954566
3502	10.954566
3503	10.954566
3504	10.954566
3505	10.954566
3506	10.954566
3507	10.954566
3508	10.954566
3509	10.954566
3510	10.954566
3511	10.954566
3512	10.954566
3513	10.954566
3514	10.954566
3515	10.954566
3516	10.954566
3517	10.954566
3518	10.954566
3519	10.954566
3520	10.954566
3521	10.954566
3522	10.954566
3523	10.954566
3524	10.954566
3525	10.954566
3526	10.954566
3527	10.954566
3528	10.954566
3529	10.954566
3530	10.954566
3531	10.954566
3532	10.954566
3533	10.954566
3534	10.954566
3535	10.954566
3536	10.954566
3537	10.954566
3538	10.954566
3539	10.954566
3540	10.954566
3541	10.954566
3542	10.954566
3543	10.954566
3544	10.954566
3545	10.954566
3546	10.954566
3547	10.954566
3548	10.954566
3549	10.954566
3550	10.954566
3551	10.954566
3552	10.954566
3553	10.954566
3554	10.954566
3555	10.954566
3556	10.954566
3557	10.954566
3558	10.954566
3559	10.954566
3560	10.954566
3561	10.954566
3562	10.954566
3563	10.954566
3564	10.954566
3565	10.954566
3566	10.954566
3567	10.954566
3568	10.954566
3569	10.954566
3570	10.954566
3571	10.954566
3572	10.954566
3573	10.954566
3574	10.954566
3575	10.954566
3576	10.954566
3577	10.954566
3578	10.954566
3579	10.954566
3580	10.954566
3581	10.954566
3582	10.954566
3583	10.954566
3584	10.954566
3585	10.954566
3586	10.954566
3587	10.954566
3588	10.954566
3589	10.954566
3590	10.954566
3591	10.954566
3592	10.954566
3593	10.954566
3594	10.954566
3595	10.954566
3596	10.954566
3597	10.954566
3598	10.954566
3599	10.954566
3600	10.954566
3601	10.954566
3602	10.954566
3603	10.954566
3604	10.954566
3605	10.954566
3606	10.954566
3607	10.954566
3608	10.954566
3609	10.954566
3610	10.954566
3611	10.954566
3612	10.954566
3613	10.954566
3614	10.954566
3615	10.954566
3616	10.954566
3617	10.954566
3618	10.954566
3619	10.954566
3620	10.954566
3621	10.954566
3622	10.954566
3623	10.954566
3624	10.954566
3625	10.954566
3626	10.954566
3627	10.954566
3628	10.954566
3629	10.954566
3630	10.954566
3631	10.954566
3632	10.954566
3633	10.954566
3634	10.954566
3635	10.954566
3636	10.954566
3637	10.954566
3638	10.954566
3639	10.954566
3640	10.954566
3641	10.954566
3642	10.954566
3643	10.954566
3644	10.954566
3645	10.954566
3646	10.954566
3647	10.954566
3648	10.954566
3649	10.954566
3650	10.954566
3651	10.954566
3652	10.954566
3653	10.954566
3654	10.954566
3655	10.954566
3656	10.954566
3657	10.954566
3658	10.954566
3659	10.954566
3660	10.954566
3661	10.954566
3662	10.954566
3663	10.954566
3664	10.954566
3665	10.954566
3666	10.954566
3667	10.954566
3668	10.954566
3669	10.954566
3670	10.954566
3671	10.954566
3672	10.954566
3673	10.954566
3674	10.954566
3675	10.954566
3676	10.954566
3677	10.954566
3678	10.954566
3679	10.954566
3680	10.954566
3681	10.954566
3682	10.954566
3683	10.954566
3684	10.954566
3685	10.954566
3686	10.954566
3687	10.954566
3688	10.954566
3689	10.954566
3690	10.954566
3691	10.954566
3692	10.954566
3693	10.954566
3694	10.954566
3695	10.954566
3696	10.954566
3697	10.954566
3698	10.954566
3699	10.954566
3700	10.954566
3701	10.954566
3702	10.954566
3703	10.954566
3704	10.954566
3705	10.954566
3706	10.954566
3707	10.954566
3708	10.954566
3709	10.954566
3710	10.954566
3711	10.954566
3712	10.954566
3713	10.954566
3714	10.954566
3715	10.954566
3716	10.954566
3717	10.954566
3718	10.954566
3719	10.954566
3720	10.954566
3721	10.954566
3722	10.954566
3723	10.954566
3724	10.954566
3725	10.954566
3726	10.954566
3727	10.954566
3728	10.954566
3729	10.954566
3730	10.954566
3731	10.954566
3732	10.954566
3733	10.954566
3734	10.954566
3735	10.954566
3736	10.954566
3737	10.954566
3738	10.954566
3739	10.954566
3740	10.954566
3741	10.954566
3742	10.954566
3743	10.954566
3744	10.954566
3745	10.954566
3746	10.954566
3747	10.954566
3748	10.954566
3749	10.954566
3750	10.954566
3751	10.954566
3752	10.954566
3753	10.954566
3754	10.954566
3755	10.954566
3756	10.954566
3757	10.954566
3758	10.954566
3759	10.954566
3760	10.954566
3761	10.954566
3762	10.954566
3763	10.954566
3764	10.954566
3765	10.954566
3766	10.954566
3767	10.954566
3768	10.954566
3769	10.954566
3770	10.954566
3771	10.954566
3772	10.954566
3773	10.954566
3774	10.954566
3775	10.954566
3776	10.954566
3777	10.954566
3778	10.954566
3779	10.954566
3780	10.954566
3781	10.954566
3782	10.954566
3783	10.954566
3784	10.954566
3785	10.954566
3786	10.954566
3787	10.954566
3788	10.954566
3789	10.954566
3790	10.954566
3791	10.954566
3792	10.954566
3793	10.954566
3794	10.954566
3795	10.954566
3796	10.954566
3797	10.954566
3798	10.954566
3799	10.954566
3800	10.954566
3801	10.954566
3802	10.954566
3803	10.954566
3804	10.954566
3805	10.954566
3806	10.954566
3807	10.954566
3808	10.954566
3809	10.954566
3810	10.954566
3811	10.954566
3812	10.954566
3813	10.954566
3814	10.954566
3815	10.954566
3816	10.954566
3817	10.954566
3818	10.954566
3819	10.954566
3820	10.954566
3821	10.954566
3822	10.954566
3823	10.954566
3824	10.954566
3825	10.954566
3826	10.954566
3827	10.954566
3828	10.954566
3829	10.954566
3830	10.954566
3831	10.954566
3832	10.954566
