1	6.726502
2	6.726502
3	6.749732
4	6.765374
5	6.747778
6	6.677929
7	6.7096
8	6.742118
9	6.755574
10	6.693324
11	6.702454
12	6.640062
13	6.721009
14	6.729892
15	6.729892
16	6.881488
17	6.881488
18	6.923095
19	6.914822
20	7.011113
21	7.214123
22	7.214123
23	7.179058
24	7.142413
25	7.151011
26	7.181652
27	7.265008
28	7.265008
29	7.276591
30	7.493367
31	7.610857
32	7.610857
33	7.624134
34	7.624134
35	7.620219
36	7.559982
37	7.570797
38	7.568652
39	7.573956
40	7.59066
41	7.59066
42	7.59066
43	7.693413
44	7.693413
45	7.729197
46	7.734789
47	7.737024
48	7.754589
49	7.66364
50	7.66364
51	7.80689
52	7.80689
53	7.808753
54	7.774313
55	7.774313
56	7.44865
57	7.44865
58	7.487152
59	7.525252
60	7.945352
61	7.945352
62	7.945352
63	7.947003
64	7.947003
65	7.947003
66	8.065868
67	7.902479
68	7.822683
69	7.822683
70	7.857307
71	7.926259
72	8.143138
73	8.331729
74	8.331729
75	8.831458
76	8.813911
77	8.841159
78	8.841159
79	8.94705
80	8.994847
81	9.035482
82	9.04604
83	9.036437
84	9.036437
85	8.819965
86	8.819965
87	8.823981
88	8.823981
89	8.823981
90	8.827005
91	8.999671
92	9.021791
93	9.021791
94	9.023118
95	9.023118
96	9.023118
97	9.023118
98	9.023118
99	8.985298
100	9.008034
101	9.097921
102	9.098539
103	9.098539
104	9.135654
105	9.177684
106	9.179106
107	9.179106
108	9.179106
109	9.163466
110	9.163466
111	9.054567
112	9.054567
113	9.054567
114	8.924955
115	8.827685
116	8.827685
117	8.8922
118	8.897504
119	9.014994
120	9.026002
121	8.857567
122	8.943598
123	8.943598
124	8.957368
125	8.957368
126	8.957368
127	8.957368
128	9.14866
129	9.121159
130	9.146459
131	9.153245
132	9.474791
133	9.443195
134	9.484649
135	9.484649
136	9.505241
137	9.551276
138	9.621521
139	9.621521
140	9.621521
141	9.621521
142	9.785737
143	9.787299
144	9.787299
145	9.89572
146	9.89572
147	9.89572
148	9.852241
149	9.852241
150	9.852241
151	9.852241
152	9.863395
153	9.863395
154	9.863395
155	9.621411
156	9.621411
157	9.595176
158	9.587513
159	9.587513
160	9.633288
161	9.633288
162	9.633288
163	9.633288
164	9.633288
165	9.633369
166	9.649132
167	9.649132
168	9.615077
169	9.615077
170	9.615077
171	9.649132
172	9.649132
173	9.649132
174	9.649132
175	9.649132
176	9.392372
177	9.392372
178	9.392372
179	9.392372
180	9.396932
181	9.46184
182	9.331385
183	9.46184
184	9.47723
185	9.49402
186	9.49402
187	9.49402
188	9.400742
189	9.425954
190	9.368257
191	9.672536
192	9.672536
193	9.672536
194	9.672536
195	9.567192
196	9.567192
197	9.567192
198	9.567192
199	9.567192
200	9.567192
201	9.567192
202	9.567192
203	9.567192
204	9.461081
205	9.461081
206	9.47567
207	9.483389
208	9.484526
209	9.470994
210	9.8766
211	9.899584
212	9.899584
213	9.899584
214	9.899584
215	9.899584
216	9.899584
217	9.899584
218	9.899584
219	9.899584
220	9.899584
221	9.903296
222	9.903296
223	9.943467
224	9.943467
225	9.943467
226	9.943467
227	9.994004
228	9.897598
229	9.919966
230	9.919966
231	9.919966
232	9.964426
233	9.964426
234	9.925582
235	9.925582
236	9.925582
237	9.6471
238	9.6471
239	9.653491
240	9.653491
241	9.708564
242	9.753564
243	9.714396
244	9.714396
245	9.714396
246	9.714396
247	9.714396
248	9.714396
249	9.714396
250	9.714396
251	9.720455
252	9.774393
253	9.626469
254	9.626469
255	9.458414
256	9.458414
257	9.083498
258	9.083498
259	9.238412
260	9.238412
261	9.278912
262	9.332191
263	9.346095
264	9.346095
265	9.347422
266	9.347422
267	9.450645
268	9.333155
269	9.333155
270	9.333155
271	9.333155
272	9.327096
273	9.327096
274	9.327096
275	9.337728
276	9.28379
277	9.28379
278	9.28379
279	9.316617
280	9.316617
281	9.316617
282	9.636609
283	9.636609
284	9.596109
285	9.636609
286	9.636609
287	9.636609
288	9.636609
289	9.655959
290	9.655959
291	9.655959
292	9.655959
293	9.655959
294	9.655959
295	9.663483
296	9.663483
297	9.663483
298	9.663483
299	9.663807
300	9.663807
301	9.663807
302	9.663807
303	9.663807
304	9.663807
305	9.521645
306	9.521645
307	9.521645
308	9.488739
309	9.488739
310	9.488739
311	9.488739
312	9.488739
313	9.336302
314	9.32974
315	9.32974
316	9.40136
317	9.40136
318	9.40136
319	9.40136
320	9.40136
321	9.40136
322	9.40136
323	9.381551
324	9.499041
325	9.499041
326	9.502788
327	9.502788
328	9.506873
329	9.467698
330	9.467698
331	9.599551
332	9.599551
333	9.710384
334	9.710384
335	9.710384
336	9.706299
337	9.706299
338	9.633074
339	9.633074
340	9.65542
341	9.489383
342	9.489383
343	9.481423
344	9.402202
345	9.609509
346	9.728088
347	9.732173
348	9.732173
349	9.732173
350	9.642194
351	9.527204
352	9.29433
353	9.29433
354	9.29433
355	9.336351
356	9.595179
357	9.595179
358	9.595179
359	9.595179
360	9.595179
361	9.595179
362	9.595179
363	9.580599
364	9.580599
365	9.580599
366	9.582097
367	9.582097
368	9.582097
369	9.582097
370	9.582097
371	9.580599
372	9.580599
373	9.600371
374	9.600371
375	9.600371
376	9.600371
377	9.546547
378	9.546547
379	9.546547
380	9.546547
381	9.546547
382	9.546547
383	9.546547
384	9.546547
385	9.443677
386	9.443677
387	9.443677
388	9.443677
389	9.54109
390	9.54109
391	9.54109
392	9.54109
393	9.656232
394	9.645061
395	9.624466
396	9.649101
397	9.821823
398	9.821823
399	9.821823
400	9.821823
401	9.821823
402	9.821823
403	9.821823
404	9.821823
405	9.821823
406	9.98786
407	9.98786
408	9.98786
409	9.94415
410	9.94415
411	9.94415
412	9.920296
413	9.920296
414	9.920296
415	9.929668
416	9.929668
417	9.933449
418	9.933449
419	9.783518
420	9.783518
421	9.783518
422	9.783518
423	9.783518
424	9.783518
425	9.783518
426	9.904677
427	9.94412
428	9.94412
429	9.94412
430	9.94412
431	9.94412
432	9.94412
433	9.94412
434	9.94412
435	9.94412
436	9.94412
437	9.94412
438	9.94412
439	9.94412
440	9.94412
441	9.897755
442	9.897755
443	9.897755
444	10.019156
445	10.019156
446	9.924984
447	9.924984
448	9.924984
449	9.924984
450	9.924984
451	9.924984
452	9.971349
453	9.971349
454	10.033665
455	9.999211
456	10.0156
457	9.925322
458	9.925322
459	9.925322
460	9.900845
461	9.838529
462	9.838529
463	9.838529
464	9.838529
465	9.838529
466	9.860073
467	9.860073
468	9.860073
469	9.922389
470	9.922389
471	9.922389
472	9.922389
473	9.828326
474	9.828326
475	9.877081
476	9.907528
477	9.907528
478	9.907528
479	9.907528
480	9.907528
481	9.879668
482	9.879668
483	9.879668
484	9.879668
485	9.879668
486	9.879668
487	9.879668
488	9.879668
489	9.719618
490	9.719618
491	9.719618
492	9.719618
493	9.719618
494	9.762687
495	9.762687
496	9.762687
497	9.762687
498	9.762687
499	9.762687
500	9.762687
501	9.762687
502	9.96623
503	9.96623
504	9.96623
505	9.96623
506	9.96623
507	9.96623
508	9.96623
509	9.96623
510	9.96623
511	9.96623
512	9.96623
513	9.96623
514	9.96623
515	10.077525
516	10.077525
517	10.077525
518	10.077525
519	10.077525
520	10.077525
521	10.077525
522	10.181226
523	10.181226
524	10.181226
525	9.949409
526	9.949409
527	9.949409
528	9.968128
529	9.968128
530	9.968128
531	9.968128
532	9.968128
533	10.301236
534	10.301236
535	10.352644
536	10.352644
537	10.352644
538	10.352644
539	10.352644
540	10.3311
541	10.3311
542	10.3311
543	10.3311
544	10.3311
545	10.3311
546	10.3311
547	10.3311
548	10.314711
549	10.322671
550	10.322671
551	10.322671
552	10.322671
553	10.322671
554	10.322671
555	10.322671
556	10.322671
557	10.322671
558	10.322671
559	10.397495
560	10.397495
561	10.397495
562	10.346087
563	10.330848
564	10.330848
565	10.382256
566	10.382256
567	10.382256
568	10.382256
569	10.330848
570	10.330848
571	10.330848
572	10.268532
573	10.268532
574	10.268532
575	10.268532
576	10.268532
577	10.268532
578	10.268532
579	10.268532
580	10.268532
581	10.31994
582	10.31994
583	10.338472
584	10.338472
585	10.338472
586	10.330512
587	10.330512
588	10.330512
589	10.015063
590	10.015063
591	10.015063
592	10.030302
593	10.030302
594	10.030302
595	9.978894
596	9.978894
597	9.978894
598	9.978894
599	9.978894
600	9.978894
601	10.030302
602	10.030302
603	10.030302
604	10.030302
605	10.092618
606	10.092618
607	10.227265
608	10.227265
609	10.227265
610	10.227265
611	10.227265
612	10.227265
613	10.227265
614	10.134474
615	10.134474
616	10.134474
617	10.176702
618	10.176702
619	10.176702
620	10.176702
621	10.176702
622	10.176702
623	10.176702
624	10.160981
625	10.160981
626	10.160981
627	10.160981
628	10.118753
629	10.118753
630	10.118753
631	10.365472
632	10.365472
633	10.365472
634	10.365472
635	10.314064
636	10.314064
637	10.314064
638	10.314064
639	10.374055
640	10.374055
641	10.406094
642	10.406094
643	10.406094
644	10.422483
645	10.422483
646	10.422483
647	10.422483
648	10.296568
649	10.296568
650	10.296568
651	10.296568
652	10.296568
653	10.249206
654	10.249206
655	10.249206
656	10.249206
657	10.249206
658	10.249206
659	10.249206
660	10.237863
661	10.237863
662	10.237863
663	10.225473
664	10.225473
665	10.225473
666	10.225473
667	10.225473
668	10.225473
669	10.314426
670	10.314426
671	10.329821
672	10.329821
673	10.329821
674	10.329821
675	10.329821
676	10.329821
677	10.329821
678	10.329821
679	10.329821
680	10.352981
681	10.352981
682	10.433995
683	10.418756
684	10.418756
685	10.418756
686	10.418756
687	10.418756
688	10.627017
689	10.627017
690	10.627017
691	10.627017
692	10.627017
693	10.659064
694	10.659064
695	10.659064
696	10.574605
697	10.574605
698	10.574605
699	10.574605
700	10.574605
701	10.574605
702	10.574605
703	10.574605
704	10.574605
705	10.574605
706	10.574605
707	10.574605
708	10.574605
709	10.574605
710	10.574605
711	10.574605
712	10.602596
713	10.602596
714	10.602596
715	10.602596
716	10.602596
717	10.525151
718	10.525151
719	10.525151
720	10.525151
721	10.585715
722	10.585715
723	10.585715
724	10.585715
725	10.585715
726	10.589279
727	10.589279
728	10.589279
729	10.589279
730	10.589279
731	10.589279
732	10.589279
733	10.589279
734	10.589279
735	10.589279
736	10.589279
737	10.589279
738	10.589279
739	10.589279
740	10.589279
741	10.589279
742	10.589279
743	10.589279
744	10.589279
745	10.589279
746	10.589279
747	10.589279
748	10.589279
749	10.589279
750	10.589279
751	10.589279
752	10.589279
753	10.589279
754	10.589279
755	10.589279
756	10.589279
757	10.589279
758	10.589279
759	10.589279
760	10.589279
761	10.589279
762	10.589279
763	10.589279
764	10.589279
765	10.589279
766	10.589279
767	10.589279
768	10.589279
769	10.589279
770	10.589279
771	10.589279
772	10.589279
773	10.589279
774	10.589279
775	10.589279
776	10.589279
777	10.589279
778	10.589279
779	10.589279
780	10.597239
781	10.597239
782	10.597239
783	10.597239
784	10.597239
785	10.597239
786	10.597239
787	10.597239
788	10.597239
789	10.597239
790	10.597239
791	10.597239
792	10.597239
793	10.597239
794	10.597239
795	10.597239
796	10.593458
797	10.593458
798	10.593458
799	10.640613
800	10.640613
801	10.723173
802	10.723173
803	10.723173
804	10.723173
805	10.723173
806	10.723173
807	10.718679
808	10.718679
809	10.718679
810	10.718679
811	10.718679
812	10.718679
813	10.718679
814	10.718679
815	10.807632
816	10.807632
817	10.807632
818	10.807632
819	10.807632
820	10.807632
821	10.807632
822	10.807632
823	10.807632
824	10.836141
825	10.836743
826	10.836743
827	10.836743
828	10.836743
829	10.836743
830	10.836743
831	10.836743
832	10.836743
833	10.836743
834	10.836743
835	10.896244
836	10.896244
837	10.896244
838	10.896244
839	10.896244
840	10.896244
841	10.896244
842	10.896244
843	10.896244
844	10.896244
845	10.896244
846	10.896244
847	10.896244
848	10.896244
849	10.896244
850	10.896244
851	10.896244
852	10.896244
853	10.896244
854	10.896244
855	10.896244
856	10.896244
857	10.896244
858	10.896244
859	10.896244
860	10.896244
861	10.896244
862	10.896244
863	10.896244
864	10.896244
865	10.896244
866	10.896244
867	10.948485
868	10.948485
869	11.006486
870	11.006486
871	11.006486
872	11.006486
873	11.006486
874	11.006486
875	11.006486
876	11.006486
877	11.006486
878	11.006486
879	11.006486
880	11.006486
881	11.006486
882	11.006486
883	11.006486
884	11.006486
885	11.006486
886	11.006486
887	11.006486
888	11.006486
889	11.006486
890	11.006486
891	11.006486
892	11.006486
893	11.006486
894	11.006486
895	11.006486
896	11.006486
897	11.006486
898	11.006486
899	11.006486
900	11.006486
901	11.006486
902	11.006486
903	11.006486
904	11.006486
905	11.006486
906	11.006486
907	11.006486
908	11.006486
909	11.002108
910	11.002108
911	11.002108
912	11.002108
913	11.028975
914	11.047377
915	11.047377
916	11.047377
917	11.047377
918	11.047377
919	11.047377
920	11.047377
921	11.004791
922	11.004791
923	11.004791
924	11.004791
925	11.047377
926	11.083331
927	11.083331
928	11.083331
929	11.083331
930	11.083331
931	11.083331
932	11.083331
933	11.083331
934	11.083331
935	11.083331
936	11.083331
937	11.083331
938	11.083331
939	11.083331
940	11.083331
941	11.083331
942	11.083331
943	11.083331
944	11.083331
945	11.083331
946	11.083331
947	11.083331
948	11.083331
949	11.083331
950	11.083331
951	11.083331
952	11.083331
953	11.083331
954	11.083331
955	11.083331
956	11.083331
957	11.083331
958	11.083331
959	11.083331
960	11.083331
961	11.083331
962	11.083331
963	11.083331
964	11.083331
965	11.083331
966	11.083331
967	11.083331
968	11.083331
969	11.083331
970	11.083331
971	11.083331
972	11.083331
973	11.083331
974	11.083331
975	11.083331
976	11.083331
977	11.083331
978	11.083331
979	11.083331
980	11.083331
981	11.083331
982	11.083331
983	11.083331
984	11.083331
985	11.083331
986	11.083331
987	11.083331
988	11.083331
989	11.083331
990	11.083331
991	11.083331
992	11.083331
993	11.083331
994	11.083331
995	11.083331
996	11.083331
997	11.083331
998	11.083331
999	11.083331
1000	11.083331
1001	11.083331
1002	11.083331
1003	11.083331
1004	11.083331
1005	11.083331
1006	11.083331
1007	11.083331
1008	11.083331
1009	11.083331
1010	11.083331
1011	11.083331
1012	11.083331
1013	11.083331
1014	11.083331
1015	11.083331
1016	11.083331
1017	11.083331
1018	11.083331
1019	11.083331
1020	11.083331
1021	11.083331
1022	11.083331
1023	11.083331
1024	11.083331
1025	11.083331
1026	11.083331
1027	11.083331
1028	11.083331
1029	11.083331
1030	11.083331
1031	11.083331
1032	11.083331
1033	11.083331
1034	11.083331
1035	11.083331
1036	11.083331
1037	11.083331
1038	11.083331
1039	11.083331
1040	11.083331
1041	11.083331
1042	11.083331
1043	11.083331
1044	11.083331
1045	11.083331
1046	11.083331
1047	11.083331
1048	11.083331
1049	11.083331
1050	11.083331
1051	11.083331
1052	11.083331
1053	11.083331
1054	11.083331
1055	11.083331
1056	11.083331
1057	11.083331
1058	11.083331
1059	11.083331
1060	11.083331
1061	11.083331
1062	11.083331
1063	11.083331
1064	11.083331
1065	11.083331
1066	11.083331
1067	11.083331
1068	11.083331
1069	11.083331
1070	11.083331
1071	11.083331
1072	11.083331
1073	11.083331
1074	11.083331
1075	11.083331
1076	11.083331
1077	11.083331
1078	11.083331
1079	11.083331
1080	11.083331
1081	11.083331
1082	11.083331
1083	11.083331
1084	11.083331
1085	11.078754
1086	11.059451
1087	11.059451
1088	11.059451
1089	11.059451
1090	11.059451
1091	11.059451
1092	11.059451
1093	11.059451
1094	11.059451
1095	11.059451
1096	11.059451
1097	11.059451
1098	11.059451
1099	11.059451
1100	11.059451
1101	11.059451
1102	11.059451
1103	11.035571
1104	11.035571
1105	11.035571
1106	11.035571
1107	11.035571
1108	11.035571
1109	11.035571
1110	11.035571
1111	11.035571
1112	11.035571
1113	11.035571
1114	11.035571
1115	11.035571
1116	11.035571
1117	11.035571
1118	11.035571
1119	11.035571
1120	11.035571
1121	11.035571
1122	11.035571
1123	11.035571
1124	11.035571
1125	11.035571
1126	11.035571
1127	11.035571
1128	11.046914
1129	11.046914
1130	11.046914
1131	11.046914
1132	11.051292
1133	11.051292
1134	11.051292
1135	11.051292
1136	11.051292
1137	11.012618
1138	11.012618
1139	11.012618
1140	11.012618
1141	11.012618
1142	11.012618
1143	11.012618
1144	11.012618
1145	11.012618
1146	11.012618
1147	11.012618
1148	11.012618
1149	11.012618
1150	11.012618
1151	11.012618
1152	11.012618
1153	11.012618
1154	11.012618
1155	11.012618
1156	11.012618
1157	11.012618
1158	11.012618
1159	11.012618
1160	11.012618
1161	11.012618
1162	11.012618
1163	11.012618
1164	11.012618
1165	11.012618
1166	11.012618
1167	11.031921
1168	11.031921
1169	11.031921
1170	11.031921
1171	11.031921
1172	11.031921
1173	11.031921
1174	11.031921
1175	11.031921
1176	11.031921
1177	11.031921
1178	11.031921
1179	11.047309
1180	11.047309
1181	11.047309
1182	11.047309
1183	11.047309
1184	11.047309
1185	11.047309
1186	11.047309
1187	11.047309
1188	11.047309
1189	11.047309
1190	11.047309
1191	11.047309
1192	11.047309
1193	11.047309
1194	11.047309
1195	11.047309
1196	11.047309
1197	11.047309
1198	11.047309
1199	11.047309
1200	11.047309
1201	11.047309
1202	11.051886
1203	11.051886
1204	11.051886
1205	11.051886
1206	11.051886
1207	11.051886
1208	11.051886
1209	11.051886
1210	11.051886
1211	11.051886
1212	11.051886
1213	11.051886
1214	11.051886
1215	11.049299
1216	11.049299
1217	11.049299
1218	11.049299
1219	11.049299
1220	11.051886
1221	11.051886
1222	11.051886
1223	11.051886
1224	11.051886
1225	11.051886
1226	11.084323
1227	11.084323
1228	11.084323
1229	11.084323
1230	11.084323
1231	11.084323
1232	11.084323
1233	11.084323
1234	11.084323
1235	11.084323
1236	11.084323
1237	11.079746
1238	11.079746
1239	11.101835
1240	11.101835
1241	11.101835
1242	11.101835
1243	11.101835
1244	11.101835
1245	11.101835
1246	11.101835
1247	11.101835
1248	11.101835
1249	11.101835
1250	11.101835
1251	11.101835
1252	11.101835
1253	11.101835
1254	11.101835
1255	11.101835
1256	11.101835
1257	11.101835
1258	11.101835
1259	11.101835
1260	11.101835
1261	11.101835
1262	11.101835
1263	11.101835
1264	11.101835
1265	11.101835
1266	11.101835
1267	11.101835
1268	11.101835
1269	11.101835
1270	11.101835
1271	11.101835
1272	11.101835
1273	11.101835
1274	11.101835
1275	11.101835
1276	11.101835
1277	11.101835
1278	11.101835
1279	11.101835
1280	11.101835
1281	11.101835
1282	11.101835
1283	11.101835
1284	11.101835
1285	11.101835
1286	11.101835
1287	11.101835
1288	11.101835
1289	11.101835
1290	11.101835
1291	11.101835
1292	11.101835
1293	11.101835
1294	11.101835
1295	11.101835
1296	11.101835
1297	11.101835
1298	11.101835
1299	11.101835
1300	11.101835
1301	11.101835
1302	11.101835
1303	11.101835
1304	11.101835
1305	11.101835
1306	11.101835
1307	11.101835
1308	11.101835
1309	11.101835
1310	11.101835
1311	11.101835
1312	11.101835
1313	11.101835
1314	11.101835
1315	11.101835
1316	11.101835
1317	11.101835
1318	11.101835
1319	11.101835
1320	11.101835
1321	11.101835
1322	11.101835
1323	11.101835
1324	11.101835
1325	11.101835
1326	11.101835
1327	11.101835
1328	11.101835
1329	11.101835
1330	11.101835
1331	11.101835
1332	11.101835
1333	11.101835
1334	11.106412
1335	11.106412
1336	11.106412
1337	11.106412
1338	11.106412
1339	11.106412
1340	11.106412
1341	11.106412
1342	11.106412
1343	11.106412
1344	11.106412
1345	11.106412
1346	11.106412
1347	11.106412
1348	11.106412
1349	11.106412
1350	11.106412
1351	11.106412
1352	11.106412
1353	11.106412
1354	11.106412
1355	11.106412
1356	11.106412
1357	11.106412
1358	11.106412
1359	11.106412
1360	11.106412
1361	11.106412
1362	11.106412
1363	11.106412
1364	11.106412
1365	11.106412
1366	11.106412
1367	11.106412
1368	11.106412
1369	11.106412
1370	11.106412
1371	11.106412
1372	11.106412
1373	11.106412
1374	11.106412
1375	11.106412
1376	11.106412
1377	11.106412
1378	11.106412
1379	11.106412
1380	11.106412
1381	11.106412
1382	11.106412
1383	11.106412
1384	11.106412
1385	11.106412
1386	11.106412
1387	11.106412
1388	11.106412
1389	11.106412
1390	11.106412
1391	11.106412
1392	11.106412
1393	11.106412
1394	11.106412
1395	11.106412
1396	11.106412
1397	11.106412
1398	11.106412
1399	11.106412
1400	11.106412
1401	11.106412
1402	11.106412
1403	11.106412
1404	11.106412
1405	11.106412
1406	11.106412
1407	11.106412
1408	11.106412
1409	11.106412
1410	11.106412
1411	11.106412
1412	11.106412
1413	11.106412
1414	11.106412
1415	11.106412
1416	11.106412
1417	11.106412
1418	11.106412
1419	11.106412
1420	11.106412
1421	11.106412
1422	11.106412
1423	11.106412
1424	11.106412
1425	11.106412
1426	11.106412
1427	11.106412
1428	11.106412
1429	11.106412
1430	11.106412
1431	11.106412
1432	11.106412
1433	11.106412
1434	11.106412
1435	11.106412
1436	11.106412
1437	11.106412
1438	11.106412
1439	11.106412
1440	11.106412
1441	11.106412
1442	11.106412
1443	11.106412
1444	11.106412
1445	11.103825
1446	11.103825
1447	11.103825
1448	11.103825
1449	11.103825
1450	11.103825
1451	11.103825
1452	11.103825
1453	11.103825
1454	11.103825
1455	11.103825
1456	11.103825
1457	11.103825
1458	11.103825
1459	11.103825
1460	11.103825
1461	11.103825
1462	11.103825
1463	11.103825
1464	11.103825
1465	11.103825
1466	11.103825
1467	11.103825
1468	11.103825
1469	11.103825
1470	11.103825
1471	11.103825
1472	11.103825
1473	11.103825
1474	11.103825
1475	11.103825
1476	11.103825
1477	11.103825
1478	11.103825
1479	11.103825
1480	11.103825
1481	11.103825
1482	11.103825
1483	11.103825
1484	11.103825
1485	11.103825
1486	11.103825
1487	11.103825
1488	11.103825
1489	11.103825
1490	11.103825
1491	11.103825
1492	11.103825
1493	11.103825
1494	11.103825
1495	11.103825
1496	11.103825
1497	11.103825
1498	11.103825
1499	11.103825
1500	11.103825
1501	11.103825
1502	11.103825
1503	11.103825
1504	11.103825
1505	11.103825
1506	11.106412
1507	11.106412
1508	11.106412
1509	11.106412
1510	11.106412
1511	11.106412
1512	11.106412
1513	11.106412
1514	11.106412
1515	11.106412
1516	11.106412
1517	11.106412
1518	11.106412
1519	11.106412
1520	11.106412
1521	11.106412
1522	11.106412
1523	11.106412
1524	11.106412
1525	11.106412
1526	11.106412
1527	11.106412
1528	11.106412
1529	11.106412
1530	11.106412
1531	11.106412
1532	11.106412
1533	11.106412
1534	11.106412
1535	11.106412
1536	11.106412
1537	11.106412
1538	11.106412
1539	11.106412
1540	11.106412
1541	11.106412
1542	11.106412
1543	11.106412
1544	11.106412
1545	11.106412
1546	11.106412
1547	11.106412
1548	11.106412
1549	11.106412
1550	11.106412
1551	11.106412
1552	11.106412
1553	11.106412
1554	11.106412
1555	11.106412
1556	11.106412
1557	11.106412
1558	11.106412
1559	11.106412
1560	11.106412
1561	11.106412
1562	11.106412
1563	11.106412
1564	11.106412
1565	11.106412
1566	11.106412
1567	11.106412
1568	11.106412
1569	11.106412
1570	11.106412
1571	11.106412
1572	11.106412
1573	11.106412
1574	11.128501
1575	11.128501
1576	11.128501
1577	11.128501
1578	11.128501
1579	11.128501
1580	11.128501
1581	11.128501
1582	11.128501
1583	11.128501
1584	11.128501
1585	11.128501
1586	11.128501
1587	11.128501
1588	11.128501
1589	11.128501
1590	11.128501
1591	11.128501
1592	11.128501
1593	11.128501
1594	11.128501
1595	11.128501
1596	11.128501
1597	11.128501
1598	11.128501
1599	11.128501
1600	11.128501
1601	11.128501
1602	11.128501
1603	11.128501
1604	11.128501
1605	11.128501
1606	11.128501
1607	11.128501
1608	11.128501
1609	11.128501
1610	11.128501
1611	11.128501
1612	11.128501
1613	11.128501
1614	11.128501
1615	11.128501
1616	11.128501
1617	11.128501
1618	11.128501
1619	11.128501
1620	11.128501
1621	11.128501
1622	11.128501
1623	11.128501
1624	11.128501
1625	11.128501
1626	11.128501
1627	11.128501
1628	11.128501
1629	11.128501
1630	11.128501
1631	11.128501
1632	11.128501
1633	11.128501
1634	11.128501
1635	11.128501
1636	11.128501
1637	11.128501
1638	11.128501
1639	11.128501
1640	11.128501
1641	11.128501
1642	11.128501
1643	11.128501
1644	11.128501
1645	11.128501
1646	11.128501
1647	11.128501
1648	11.128501
1649	11.128501
1650	11.128501
1651	11.128501
1652	11.128501
1653	11.128501
1654	11.128501
1655	11.128501
1656	11.128501
1657	11.128501
1658	11.128501
1659	11.128501
1660	11.128501
1661	11.128501
1662	11.128501
1663	11.128501
1664	11.128501
1665	11.128501
1666	11.128501
1667	11.128501
1668	11.128501
1669	11.128501
1670	11.128501
1671	11.128501
1672	11.128501
1673	11.128501
1674	11.128501
1675	11.128501
1676	11.128501
1677	11.128501
1678	11.128501
1679	11.128501
1680	11.128501
1681	11.128501
1682	11.128501
1683	11.128501
1684	11.128501
1685	11.128501
1686	11.128501
1687	11.128501
1688	11.128501
1689	11.128501
1690	11.128501
1691	11.128501
1692	11.128501
1693	11.128501
1694	11.128501
1695	11.128501
1696	11.128501
1697	11.128501
1698	11.128501
1699	11.128501
1700	11.128501
1701	11.128501
1702	11.128501
1703	11.128501
1704	11.128501
1705	11.128501
1706	11.128501
1707	11.128501
1708	11.128501
1709	11.128501
1710	11.128501
1711	11.128501
1712	11.128501
1713	11.128501
1714	11.128501
1715	11.128501
1716	11.128501
1717	11.128501
1718	11.123924
1719	11.123924
1720	11.123924
1721	11.123924
1722	11.123924
1723	11.123924
1724	11.123924
1725	11.123924
1726	11.123924
1727	11.123924
1728	11.123924
1729	11.123924
1730	11.123924
1731	11.123924
1732	11.123924
1733	11.123924
1734	11.123924
1735	11.123924
1736	11.123924
1737	11.123924
1738	11.123924
1739	11.123924
1740	11.123924
1741	11.123924
1742	11.123924
1743	11.123924
1744	11.123924
1745	11.123924
1746	11.123924
1747	11.123924
1748	11.123924
1749	11.123924
1750	11.123924
1751	11.123924
1752	11.123924
1753	11.123924
1754	11.123924
1755	11.123924
1756	11.123924
1757	11.123924
1758	11.123924
1759	11.123924
1760	11.123924
1761	11.123924
1762	11.123924
1763	11.123924
1764	11.123924
1765	11.123924
1766	11.123924
1767	11.123924
1768	11.123924
1769	11.123924
1770	11.123924
1771	11.123924
1772	11.123924
1773	11.123924
1774	11.123924
1775	11.123924
1776	11.123924
1777	11.123924
1778	11.123924
1779	11.123924
1780	11.123924
1781	11.123924
1782	11.123924
1783	11.123924
1784	11.123924
1785	11.123924
1786	11.123924
1787	11.123924
1788	11.123924
1789	11.123924
1790	11.123924
1791	11.123924
1792	11.123924
1793	11.123924
1794	11.123924
1795	11.123924
1796	11.123924
1797	11.123924
1798	11.123924
1799	11.123924
1800	11.123924
1801	11.123924
1802	11.123924
1803	11.123924
1804	11.123924
1805	11.123924
1806	11.123924
1807	11.123924
1808	11.123924
1809	11.123924
1810	11.123924
1811	11.123924
1812	11.123924
1813	11.123924
1814	11.123924
1815	11.123924
1816	11.123924
1817	11.123924
1818	11.123924
1819	11.123924
1820	11.123924
1821	11.123924
1822	11.123924
1823	11.123924
1824	11.128501
1825	11.128501
1826	11.128501
1827	11.128501
1828	11.128501
1829	11.128501
1830	11.128501
1831	11.128501
1832	11.128501
1833	11.128501
1834	11.128501
1835	11.128501
1836	11.128501
1837	11.129697
1838	11.129697
1839	11.129697
1840	11.129697
1841	11.129697
1842	11.129697
1843	11.129697
1844	11.129697
1845	11.129697
1846	11.129697
1847	11.129697
1848	11.129697
1849	11.129697
1850	11.129697
1851	11.129697
1852	11.129697
1853	11.129697
1854	11.129697
1855	11.129697
1856	11.129697
1857	11.129697
1858	11.129697
1859	11.129697
1860	11.129697
1861	11.129697
1862	11.129697
1863	11.129697
1864	11.129697
1865	11.129697
1866	11.129697
1867	11.129697
1868	11.129697
1869	11.129697
1870	11.129697
1871	11.129697
1872	11.129697
1873	11.129697
1874	11.129697
1875	11.129697
1876	11.129697
1877	11.129697
1878	11.129697
1879	11.129697
1880	11.129697
1881	11.129697
1882	11.129697
1883	11.129697
1884	11.129697
1885	11.129697
1886	11.129697
1887	11.129697
1888	11.129697
1889	11.129697
1890	11.129697
1891	11.129697
1892	11.129697
1893	11.129697
1894	11.129697
1895	11.129697
1896	11.129697
1897	11.129697
1898	11.129697
1899	11.129697
1900	11.129697
1901	11.129697
1902	11.129697
1903	11.129697
1904	11.129697
1905	11.129697
1906	11.129697
1907	11.129697
1908	11.129697
1909	11.129697
1910	11.129697
1911	11.129697
1912	11.129697
1913	11.129697
1914	11.129697
1915	11.129697
1916	11.129697
1917	11.129697
1918	11.129697
1919	11.129697
1920	11.129697
1921	11.129697
1922	11.129697
1923	11.129697
1924	11.129697
1925	11.129697
1926	11.129697
1927	11.129697
1928	11.129697
1929	11.129697
1930	11.129697
1931	11.129697
1932	11.129697
1933	11.129697
1934	11.129697
1935	11.129697
1936	11.129697
1937	11.129697
1938	11.129697
1939	11.129697
1940	11.129697
1941	11.129697
1942	11.129697
1943	11.129697
1944	11.129697
1945	11.129697
1946	11.129697
1947	11.129697
1948	11.129697
1949	11.129697
1950	11.129697
1951	11.129697
1952	11.129697
1953	11.129697
1954	11.129697
1955	11.129697
1956	11.129697
1957	11.129697
1958	11.129697
1959	11.129697
1960	11.129697
1961	11.129697
1962	11.129697
1963	11.129697
1964	11.129697
1965	11.129697
1966	11.129697
1967	11.129697
1968	11.129697
1969	11.129697
1970	11.129697
1971	11.129697
1972	11.129697
1973	11.129697
1974	11.129697
1975	11.129697
1976	11.129697
1977	11.129697
1978	11.129697
1979	11.129697
1980	11.129697
1981	11.129697
1982	11.129697
1983	11.129697
1984	11.129697
1985	11.129697
1986	11.129697
1987	11.129697
1988	11.129697
1989	11.129697
1990	11.129697
1991	11.129697
1992	11.129697
1993	11.129697
1994	11.129697
1995	11.129697
1996	11.129697
1997	11.129697
1998	11.129697
1999	11.129697
2000	11.129697
2001	11.129697
2002	11.129697
2003	11.129697
2004	11.129697
2005	11.129697
2006	11.129697
2007	11.129697
2008	11.129697
2009	11.129697
2010	11.129697
2011	11.129697
2012	11.129697
2013	11.129697
2014	11.129697
2015	11.129697
2016	11.129697
2017	11.129697
2018	11.129697
2019	11.129697
2020	11.129697
2021	11.129697
2022	11.129697
2023	11.129697
2024	11.129697
2025	11.129697
2026	11.129697
2027	11.129697
2028	11.129697
2029	11.129697
2030	11.129697
2031	11.129697
2032	11.129697
2033	11.129697
2034	11.129697
2035	11.129697
2036	11.129697
2037	11.129697
2038	11.129697
2039	11.129697
2040	11.129697
2041	11.129697
2042	11.129697
2043	11.129697
2044	11.129697
2045	11.129697
2046	11.129697
2047	11.129697
2048	11.129697
2049	11.129697
2050	11.129697
2051	11.129697
2052	11.129697
2053	11.129697
2054	11.129697
2055	11.129697
2056	11.129697
2057	11.129697
2058	11.129697
2059	11.129697
2060	11.129697
2061	11.129697
2062	11.129697
2063	11.129697
2064	11.129697
2065	11.129697
2066	11.129697
2067	11.129697
2068	11.129697
2069	11.129697
2070	11.129697
2071	11.129697
2072	11.129697
2073	11.129697
2074	11.129697
2075	11.129697
2076	11.129697
2077	11.129697
2078	11.129697
2079	11.129697
2080	11.129697
2081	11.129697
2082	11.129697
2083	11.129697
2084	11.129697
2085	11.129697
2086	11.129697
2087	11.129697
2088	11.129697
2089	11.129697
2090	11.129697
2091	11.129697
2092	11.129697
2093	11.129697
2094	11.129697
2095	11.129697
2096	11.129697
2097	11.129697
2098	11.129697
2099	11.129697
2100	11.129697
2101	11.129697
2102	11.129697
2103	11.129697
2104	11.129697
2105	11.129697
2106	11.129697
2107	11.129697
2108	11.129697
2109	11.129697
2110	11.129697
2111	11.129697
2112	11.129697
2113	11.129697
2114	11.129697
2115	11.129697
2116	11.129697
2117	11.129697
2118	11.129697
2119	11.129697
2120	11.129697
2121	11.129697
2122	11.129697
2123	11.129697
2124	11.129697
2125	11.129697
2126	11.129697
2127	11.129697
2128	11.129697
2129	11.129697
2130	11.129697
2131	11.129697
2132	11.129697
2133	11.129697
2134	11.129697
2135	11.129697
2136	11.129697
2137	11.129697
2138	11.129697
2139	11.129697
2140	11.129697
2141	11.129697
2142	11.129697
2143	11.129697
2144	11.129697
2145	11.129697
2146	11.129697
2147	11.129697
2148	11.129697
2149	11.129697
2150	11.129697
2151	11.129697
2152	11.129697
2153	11.129697
2154	11.129697
2155	11.129697
2156	11.129697
2157	11.129697
2158	11.129697
2159	11.129697
2160	11.129697
2161	11.129697
2162	11.129697
2163	11.129697
2164	11.129697
2165	11.129697
2166	11.129697
2167	11.129697
2168	11.129697
2169	11.129697
2170	11.129697
2171	11.129697
2172	11.129697
2173	11.129697
2174	11.129697
2175	11.129697
2176	11.129697
2177	11.129697
2178	11.129697
2179	11.129697
2180	11.129697
2181	11.129697
2182	11.129697
2183	11.129697
2184	11.129697
2185	11.129697
2186	11.129697
2187	11.129697
2188	11.129697
2189	11.129697
2190	11.129697
2191	11.129697
2192	11.129697
2193	11.129697
2194	11.129697
2195	11.129697
2196	11.12711
2197	11.12711
2198	11.12711
2199	11.12711
2200	11.12711
2201	11.12711
2202	11.12711
2203	11.12711
2204	11.12711
2205	11.12711
2206	11.12711
2207	11.12711
2208	11.12711
2209	11.12711
2210	11.12711
2211	11.12711
2212	11.12711
2213	11.12711
2214	11.12711
2215	11.12711
2216	11.12711
2217	11.12711
2218	11.12711
2219	11.12711
2220	11.12711
2221	11.12711
2222	11.12711
2223	11.12711
2224	11.12711
2225	11.12711
2226	11.12711
2227	11.12711
2228	11.12711
2229	11.12711
2230	11.12711
2231	11.12711
2232	11.12711
2233	11.12711
2234	11.12711
2235	11.12711
2236	11.12711
2237	11.12711
2238	11.12711
2239	11.12711
2240	11.12711
2241	11.12711
2242	11.12711
2243	11.12711
2244	11.12711
2245	11.12711
2246	11.12711
2247	11.12711
2248	11.12711
2249	11.12711
2250	11.12711
2251	11.12711
2252	11.12711
2253	11.12711
2254	11.12711
2255	11.12711
2256	11.12711
2257	11.12711
2258	11.12711
2259	11.12711
2260	11.12711
2261	11.12711
2262	11.12711
2263	11.12711
2264	11.12711
2265	11.12711
2266	11.12711
2267	11.12711
2268	11.12711
2269	11.12711
2270	11.12711
2271	11.12711
2272	11.12711
2273	11.12711
2274	11.12711
2275	11.12711
2276	11.12711
2277	11.12711
2278	11.12711
2279	11.12711
2280	11.12711
2281	11.12711
2282	11.12711
2283	11.12711
2284	11.12711
2285	11.12711
2286	11.12711
2287	11.12711
2288	11.12711
2289	11.12711
2290	11.12711
2291	11.12711
2292	11.12711
2293	11.12711
2294	11.12711
2295	11.12711
2296	11.12711
2297	11.12711
2298	11.12711
2299	11.12711
2300	11.12711
2301	11.12711
2302	11.12711
2303	11.12711
2304	11.12711
2305	11.12711
2306	11.12711
2307	11.12711
2308	11.12711
2309	11.12711
2310	11.12711
2311	11.12711
2312	11.12711
2313	11.12711
2314	11.12711
2315	11.12711
2316	11.12711
2317	11.12711
2318	11.12711
2319	11.12711
2320	11.12711
2321	11.12711
2322	11.12711
2323	11.12711
2324	11.12711
2325	11.12711
2326	11.12711
2327	11.12711
2328	11.12711
2329	11.12711
2330	11.12711
2331	11.12711
2332	11.12711
2333	11.12711
2334	11.12711
2335	11.12711
2336	11.12711
2337	11.12711
2338	11.12711
2339	11.12711
2340	11.12711
2341	11.12711
2342	11.12711
2343	11.12711
2344	11.12711
2345	11.12711
2346	11.12711
2347	11.12711
2348	11.12711
2349	11.12711
2350	11.12711
2351	11.12711
2352	11.12711
2353	11.12711
2354	11.12711
2355	11.12711
2356	11.12711
2357	11.12711
2358	11.12711
2359	11.12711
2360	11.12711
2361	11.12711
2362	11.12711
2363	11.12711
2364	11.12711
2365	11.12711
2366	11.12711
2367	11.12711
2368	11.12711
2369	11.12711
2370	11.12711
2371	11.12711
2372	11.12711
2373	11.12711
2374	11.12711
2375	11.12711
2376	11.12711
2377	11.12711
2378	11.12711
2379	11.12711
2380	11.12711
2381	11.12711
2382	11.12711
2383	11.12711
2384	11.12711
2385	11.12711
2386	11.12711
2387	11.12711
2388	11.12711
2389	11.12711
2390	11.12711
2391	11.12711
2392	11.12711
2393	11.12711
2394	11.12711
2395	11.12711
2396	11.12711
2397	11.12711
2398	11.12711
2399	11.12711
2400	11.12711
2401	11.12711
2402	11.12711
2403	11.12711
2404	11.12711
2405	11.12711
2406	11.12711
2407	11.12711
2408	11.12711
2409	11.12711
2410	11.12711
2411	11.12711
2412	11.12711
2413	11.12711
2414	11.12711
2415	11.12711
2416	11.12711
2417	11.12711
2418	11.12711
2419	11.12711
2420	11.12711
2421	11.12711
2422	11.12711
2423	11.12711
2424	11.12711
2425	11.12711
2426	11.12711
2427	11.12711
2428	11.12711
2429	11.12711
2430	11.12711
2431	11.12711
2432	11.12711
2433	11.12711
2434	11.12711
2435	11.12711
2436	11.12711
2437	11.12711
2438	11.12711
2439	11.12711
2440	11.12711
2441	11.12711
2442	11.12711
2443	11.12711
2444	11.12711
2445	11.12711
2446	11.12711
2447	11.12711
2448	11.12711
2449	11.12711
2450	11.12711
2451	11.12711
2452	11.12711
2453	11.12711
2454	11.12711
2455	11.12711
2456	11.12711
2457	11.12711
2458	11.12711
2459	11.12711
2460	11.12711
2461	11.12711
2462	11.12711
2463	11.12711
2464	11.12711
2465	11.12711
2466	11.12711
2467	11.12711
2468	11.12711
2469	11.12711
2470	11.12711
2471	11.12711
2472	11.12711
2473	11.12711
2474	11.12711
2475	11.12711
2476	11.12711
2477	11.12711
2478	11.12711
2479	11.12711
2480	11.12711
2481	11.12711
2482	11.12711
2483	11.12711
2484	11.12711
2485	11.12711
2486	11.12711
2487	11.12711
2488	11.12711
2489	11.12711
2490	11.12711
2491	11.12711
2492	11.12711
2493	11.12711
2494	11.12711
2495	11.12711
2496	11.12711
2497	11.12711
2498	11.12711
2499	11.12711
2500	11.12711
2501	11.12711
2502	11.12711
2503	11.12711
2504	11.12711
2505	11.12711
2506	11.12711
2507	11.12711
2508	11.12711
2509	11.12711
2510	11.12711
2511	11.12711
2512	11.12711
2513	11.12711
2514	11.12711
2515	11.12711
2516	11.12711
2517	11.12711
2518	11.12711
2519	11.12711
2520	11.12711
2521	11.12711
2522	11.12711
2523	11.12711
2524	11.12711
2525	11.12711
2526	11.12711
2527	11.12711
2528	11.12711
2529	11.12711
2530	11.12711
2531	11.12711
2532	11.12711
2533	11.12711
2534	11.12711
2535	11.12711
2536	11.12711
2537	11.12711
2538	11.12711
2539	11.12711
2540	11.12711
2541	11.12711
2542	11.12711
2543	11.12711
2544	11.12711
2545	11.12711
2546	11.12711
2547	11.12711
2548	11.12711
2549	11.12711
2550	11.129697
2551	11.129697
2552	11.129697
2553	11.129697
2554	11.129697
2555	11.129697
2556	11.129697
2557	11.129697
2558	11.129697
2559	11.129697
2560	11.129697
2561	11.129697
2562	11.129697
2563	11.129697
2564	11.129697
2565	11.129697
2566	11.129697
2567	11.129697
2568	11.129697
2569	11.129697
2570	11.129697
2571	11.129697
2572	11.129697
2573	11.129697
2574	11.129697
2575	11.129697
2576	11.129697
2577	11.129697
2578	11.129697
2579	11.129697
2580	11.129697
2581	11.129697
2582	11.129697
2583	11.129697
2584	11.129697
2585	11.129697
2586	11.129697
2587	11.129697
2588	11.129697
2589	11.129697
2590	11.129697
2591	11.129697
2592	11.129697
2593	11.129697
2594	11.129697
2595	11.129697
2596	11.129697
2597	11.129697
2598	11.129697
2599	11.129697
2600	11.129697
2601	11.129697
2602	11.129697
2603	11.129697
2604	11.129697
2605	11.129697
2606	11.129697
2607	11.129697
2608	11.129697
2609	11.129697
2610	11.129697
2611	11.129697
2612	11.129697
2613	11.129697
2614	11.129697
2615	11.129697
2616	11.129697
2617	11.129697
2618	11.129697
2619	11.129697
2620	11.129697
2621	11.129697
2622	11.129697
2623	11.129697
2624	11.129697
2625	11.129697
2626	11.129697
2627	11.129697
2628	11.129697
2629	11.129697
2630	11.129697
2631	11.129697
2632	11.129697
2633	11.129697
2634	11.129697
2635	11.129697
2636	11.129697
2637	11.129697
2638	11.129697
2639	11.129697
2640	11.129697
2641	11.129697
2642	11.129697
2643	11.129697
2644	11.129697
2645	11.129697
2646	11.129697
2647	11.129697
2648	11.129697
2649	11.129697
2650	11.129697
2651	11.129697
2652	11.129697
2653	11.129697
2654	11.129697
2655	11.129697
2656	11.129697
2657	11.129697
2658	11.129697
2659	11.129697
2660	11.129697
2661	11.129697
2662	11.129697
2663	11.129697
2664	11.129697
2665	11.129697
2666	11.129697
2667	11.129697
2668	11.129697
2669	11.129697
2670	11.129697
2671	11.129697
2672	11.129697
2673	11.129697
2674	11.129697
2675	11.129697
2676	11.129697
2677	11.129697
2678	11.129697
2679	11.129697
2680	11.129697
2681	11.129697
2682	11.129697
2683	11.129697
2684	11.129697
2685	11.129697
2686	11.129697
2687	11.129697
2688	11.129697
2689	11.129697
2690	11.129697
2691	11.129697
2692	11.129697
2693	11.129697
2694	11.129697
2695	11.129697
2696	11.129697
2697	11.129697
2698	11.129697
2699	11.129697
2700	11.129697
2701	11.129697
2702	11.129697
2703	11.129697
2704	11.129697
2705	11.129697
2706	11.129697
2707	11.129697
2708	11.129697
2709	11.129697
2710	11.129697
2711	11.129697
2712	11.129697
2713	11.129697
2714	11.129697
2715	11.129697
2716	11.129697
2717	11.129697
2718	11.129697
2719	11.129697
2720	11.129697
2721	11.129697
2722	11.129697
2723	11.129697
2724	11.129697
2725	11.129697
2726	11.129697
2727	11.129697
2728	11.129697
2729	11.129697
2730	11.129697
2731	11.129697
2732	11.129697
2733	11.129697
2734	11.129697
2735	11.129697
2736	11.129697
2737	11.129697
2738	11.129697
2739	11.129697
2740	11.129697
2741	11.129697
2742	11.129697
2743	11.129697
2744	11.129697
2745	11.129697
2746	11.129697
2747	11.129697
2748	11.129697
2749	11.129697
2750	11.129697
2751	11.129697
2752	11.129697
2753	11.129697
2754	11.129697
2755	11.129697
2756	11.129697
2757	11.129697
2758	11.129697
2759	11.129697
2760	11.129697
2761	11.129697
2762	11.129697
2763	11.129697
2764	11.129697
2765	11.129697
2766	11.129697
2767	11.129697
2768	11.129697
2769	11.129697
2770	11.129697
2771	11.129697
2772	11.129697
2773	11.129697
2774	11.129697
2775	11.129697
2776	11.129697
2777	11.129697
2778	11.129697
2779	11.129697
2780	11.129697
2781	11.129697
2782	11.129697
2783	11.129697
2784	11.129697
2785	11.129697
2786	11.129697
2787	11.129697
2788	11.129697
2789	11.129697
2790	11.129697
2791	11.129697
2792	11.129697
2793	11.129697
2794	11.129697
2795	11.129697
2796	11.129697
2797	11.129697
2798	11.129697
2799	11.129697
2800	11.129697
2801	11.129697
2802	11.129697
2803	11.129697
2804	11.129697
2805	11.129697
2806	11.129697
2807	11.129697
2808	11.129697
2809	11.129697
2810	11.129697
2811	11.129697
2812	11.129697
2813	11.129697
2814	11.129697
2815	11.129697
2816	11.129697
2817	11.129697
2818	11.129697
2819	11.129697
2820	11.129697
2821	11.129697
2822	11.129697
2823	11.129697
2824	11.129697
2825	11.129697
2826	11.129697
2827	11.129697
2828	11.129697
2829	11.129697
2830	11.129697
2831	11.129697
2832	11.129697
2833	11.129697
2834	11.129697
2835	11.129697
2836	11.129697
2837	11.129697
2838	11.129697
2839	11.129697
2840	11.129697
2841	11.129697
2842	11.129697
2843	11.129697
2844	11.129697
2845	11.129697
2846	11.129697
2847	11.129697
2848	11.129697
2849	11.129697
2850	11.129697
2851	11.129697
2852	11.129697
2853	11.129697
2854	11.129697
2855	11.129697
2856	11.129697
2857	11.129697
2858	11.129697
2859	11.129697
2860	11.129697
2861	11.129697
2862	11.129697
2863	11.129697
2864	11.129697
2865	11.129697
2866	11.129697
2867	11.129697
2868	11.129697
2869	11.129697
2870	11.129697
2871	11.129697
2872	11.129697
2873	11.129697
2874	11.129697
2875	11.129697
2876	11.129697
2877	11.129697
2878	11.129697
2879	11.129697
2880	11.129697
2881	11.129697
2882	11.129697
2883	11.129697
2884	11.129697
2885	11.129697
2886	11.129697
2887	11.129697
2888	11.129697
2889	11.129697
2890	11.129697
2891	11.129697
2892	11.129697
2893	11.129697
2894	11.129697
2895	11.129697
2896	11.129697
2897	11.129697
2898	11.129697
2899	11.129697
2900	11.129697
2901	11.129697
2902	11.129697
2903	11.129697
2904	11.129697
2905	11.129697
2906	11.129697
2907	11.129697
2908	11.129697
2909	11.129697
2910	11.129697
2911	11.129697
2912	11.129697
2913	11.129697
2914	11.129697
2915	11.129697
2916	11.129697
2917	11.129697
2918	11.129697
2919	11.129697
2920	11.129697
2921	11.129697
2922	11.129697
2923	11.129697
2924	11.129697
2925	11.129697
2926	11.129697
2927	11.129697
2928	11.129697
2929	11.129697
2930	11.129697
2931	11.129697
2932	11.129697
2933	11.129697
2934	11.129697
2935	11.129697
2936	11.129697
2937	11.129697
2938	11.129697
2939	11.129697
2940	11.129697
2941	11.129697
2942	11.129697
2943	11.129697
2944	11.129697
2945	11.129697
2946	11.129697
2947	11.129697
2948	11.129697
2949	11.129697
2950	11.129697
2951	11.129697
2952	11.129697
2953	11.129697
2954	11.129697
2955	11.129697
2956	11.129697
2957	11.129697
2958	11.129697
2959	11.129697
2960	11.129697
2961	11.129697
2962	11.129697
2963	11.129697
2964	11.129697
2965	11.129697
2966	11.129697
2967	11.129697
2968	11.129697
2969	11.129697
2970	11.129697
2971	11.129697
2972	11.129697
2973	11.129697
2974	11.129697
2975	11.129697
2976	11.129697
2977	11.129697
2978	11.129697
2979	11.129697
2980	11.129697
2981	11.129697
2982	11.129697
2983	11.129697
2984	11.129697
2985	11.129697
2986	11.129697
2987	11.129697
2988	11.129697
2989	11.129697
2990	11.129697
2991	11.129697
2992	11.129697
2993	11.129697
2994	11.129697
2995	11.129697
2996	11.129697
2997	11.129697
2998	11.129697
2999	11.129697
3000	11.129697
3001	11.129697
3002	11.129697
3003	11.129697
3004	11.129697
3005	11.129697
3006	11.129697
3007	11.129697
3008	11.129697
3009	11.129697
3010	11.129697
3011	11.129697
3012	11.129697
3013	11.129697
3014	11.129697
3015	11.129697
3016	11.129697
3017	11.129697
3018	11.129697
3019	11.129697
3020	11.129697
3021	11.129697
3022	11.129697
3023	11.129697
3024	11.129697
3025	11.129697
3026	11.129697
3027	11.129697
3028	11.129697
3029	11.129697
3030	11.129697
3031	11.129697
3032	11.129697
3033	11.129697
3034	11.129697
3035	11.129697
3036	11.129697
3037	11.129697
3038	11.129697
3039	11.129697
3040	11.129697
3041	11.129697
3042	11.129697
3043	11.129697
3044	11.129697
3045	11.129697
3046	11.129697
3047	11.129697
3048	11.129697
3049	11.129697
3050	11.129697
3051	11.129697
3052	11.129697
3053	11.129697
3054	11.129697
3055	11.129697
3056	11.129697
3057	11.129697
3058	11.129697
3059	11.129697
3060	11.129697
3061	11.129697
3062	11.129697
3063	11.129697
3064	11.129697
3065	11.129697
3066	11.129697
3067	11.129697
3068	11.129697
3069	11.129697
3070	11.129697
3071	11.129697
3072	11.129697
3073	11.129697
3074	11.129697
3075	11.129697
3076	11.129697
3077	11.129697
3078	11.129697
3079	11.129697
3080	11.129697
3081	11.129697
3082	11.129697
3083	11.129697
3084	11.129697
3085	11.129697
3086	11.129697
3087	11.129697
3088	11.129697
3089	11.129697
3090	11.129697
3091	11.129697
3092	11.129697
3093	11.129697
3094	11.129697
3095	11.129697
3096	11.129697
3097	11.129697
3098	11.129697
3099	11.129697
3100	11.129697
3101	11.129697
3102	11.129697
3103	11.129697
3104	11.129697
3105	11.129697
3106	11.129697
3107	11.129697
3108	11.129697
3109	11.129697
3110	11.129697
3111	11.129697
3112	11.129697
3113	11.129697
3114	11.129697
3115	11.129697
3116	11.129697
3117	11.129697
3118	11.129697
3119	11.129697
3120	11.129697
3121	11.129697
3122	11.129697
3123	11.129697
3124	11.129697
3125	11.129697
3126	11.129697
3127	11.129697
3128	11.129697
3129	11.129697
3130	11.129697
3131	11.129697
3132	11.129697
3133	11.129697
3134	11.129697
3135	11.129697
3136	11.129697
3137	11.129697
3138	11.129697
3139	11.129697
3140	11.129697
3141	11.129697
3142	11.129697
3143	11.129697
3144	11.129697
3145	11.129697
3146	11.129697
3147	11.129697
3148	11.129697
3149	11.129697
3150	11.129697
3151	11.129697
3152	11.129697
3153	11.129697
3154	11.129697
3155	11.129697
3156	11.129697
3157	11.129697
3158	11.129697
3159	11.129697
3160	11.129697
3161	11.129697
3162	11.129697
3163	11.129697
3164	11.129697
3165	11.129697
3166	11.129697
3167	11.129697
3168	11.129697
3169	11.129697
3170	11.129697
3171	11.129697
3172	11.129697
3173	11.129697
3174	11.129697
3175	11.129697
3176	11.129697
3177	11.129697
3178	11.129697
3179	11.129697
3180	11.129697
3181	11.129697
3182	11.129697
3183	11.129697
3184	11.129697
3185	11.129697
3186	11.129697
3187	11.129697
3188	11.129697
3189	11.129697
3190	11.129697
3191	11.129697
3192	11.129697
3193	11.129697
3194	11.129697
3195	11.129697
3196	11.129697
3197	11.129697
3198	11.129697
3199	11.129697
3200	11.129697
3201	11.129697
3202	11.129697
3203	11.129697
3204	11.129697
3205	11.129697
3206	11.129697
3207	11.129697
3208	11.129697
3209	11.129697
3210	11.129697
3211	11.129697
3212	11.129697
3213	11.129697
3214	11.129697
3215	11.129697
3216	11.129697
3217	11.129697
3218	11.129697
3219	11.129697
3220	11.129697
3221	11.129697
3222	11.129697
3223	11.129697
3224	11.129697
3225	11.129697
3226	11.129697
3227	11.129697
3228	11.129697
3229	11.129697
3230	11.129697
3231	11.129697
3232	11.129697
3233	11.129697
3234	11.129697
3235	11.129697
3236	11.129697
3237	11.129697
3238	11.129697
3239	11.129697
3240	11.129697
3241	11.129697
3242	11.129697
3243	11.129697
3244	11.129697
3245	11.129697
3246	11.129697
3247	11.129697
3248	11.129697
3249	11.129697
3250	11.129697
3251	11.129697
3252	11.129697
3253	11.129697
3254	11.129697
3255	11.129697
3256	11.129697
3257	11.129697
3258	11.129697
3259	11.129697
3260	11.129697
3261	11.129697
3262	11.129697
3263	11.129697
3264	11.129697
3265	11.129697
3266	11.129697
3267	11.129697
3268	11.129697
3269	11.129697
3270	11.129697
3271	11.129697
3272	11.129697
3273	11.129697
3274	11.129697
3275	11.129697
3276	11.129697
3277	11.129697
3278	11.129697
3279	11.129697
3280	11.129697
3281	11.129697
3282	11.129697
3283	11.129697
3284	11.129697
3285	11.129697
3286	11.129697
3287	11.129697
3288	11.129697
3289	11.129697
3290	11.129697
3291	11.129697
3292	11.129697
3293	11.129697
3294	11.129697
3295	11.129697
3296	11.129697
3297	11.129697
3298	11.129697
3299	11.129697
3300	11.129697
3301	11.129697
3302	11.129697
3303	11.129697
3304	11.129697
3305	11.129697
3306	11.129697
3307	11.129697
3308	11.129697
3309	11.129697
3310	11.129697
3311	11.129697
3312	11.129697
3313	11.129697
3314	11.129697
3315	11.129697
3316	11.129697
3317	11.129697
3318	11.129697
3319	11.129697
3320	11.129697
3321	11.129697
3322	11.129697
3323	11.129697
3324	11.129697
3325	11.129697
3326	11.129697
3327	11.129697
3328	11.129697
3329	11.129697
3330	11.129697
3331	11.129697
3332	11.129697
3333	11.129697
3334	11.129697
3335	11.129697
3336	11.129697
3337	11.129697
3338	11.129697
3339	11.129697
3340	11.129697
3341	11.129697
3342	11.129697
3343	11.129697
3344	11.129697
3345	11.129697
3346	11.129697
3347	11.129697
3348	11.129697
3349	11.129697
3350	11.129697
3351	11.129697
3352	11.129697
3353	11.129697
3354	11.129697
3355	11.129697
3356	11.129697
3357	11.129697
3358	11.129697
3359	11.129697
3360	11.129697
3361	11.129697
3362	11.129697
3363	11.129697
3364	11.129697
3365	11.129697
3366	11.129697
3367	11.129697
3368	11.129697
3369	11.129697
3370	11.129697
3371	11.129697
3372	11.129697
3373	11.129697
3374	11.129697
3375	11.129697
3376	11.129697
3377	11.129697
3378	11.129697
3379	11.129697
3380	11.129697
3381	11.129697
3382	11.129697
3383	11.129697
3384	11.129697
3385	11.129697
3386	11.129697
3387	11.129697
3388	11.129697
3389	11.129697
3390	11.129697
3391	11.129697
3392	11.129697
3393	11.129697
3394	11.129697
3395	11.129697
3396	11.129697
3397	11.129697
3398	11.129697
3399	11.129697
3400	11.129697
3401	11.129697
3402	11.129697
3403	11.129697
3404	11.129697
3405	11.129697
3406	11.129697
3407	11.129697
3408	11.129697
3409	11.129697
3410	11.129697
3411	11.129697
3412	11.129697
3413	11.129697
3414	11.129697
3415	11.129697
3416	11.129697
3417	11.129697
3418	11.129697
3419	11.129697
3420	11.129697
3421	11.129697
3422	11.129697
3423	11.129697
3424	11.129697
3425	11.129697
3426	11.129697
3427	11.129697
3428	11.129697
3429	11.129697
3430	11.129697
3431	11.129697
3432	11.129697
3433	11.129697
3434	11.129697
3435	11.129697
3436	11.129697
3437	11.129697
3438	11.129697
3439	11.129697
3440	11.129697
3441	11.129697
3442	11.129697
3443	11.129697
3444	11.129697
3445	11.129697
3446	11.129697
3447	11.129697
3448	11.129697
3449	11.129697
3450	11.129697
3451	11.129697
3452	11.129697
3453	11.129697
3454	11.129697
3455	11.129697
3456	11.129697
3457	11.129697
3458	11.129697
3459	11.129697
3460	11.129697
3461	11.129697
3462	11.129697
3463	11.129697
3464	11.129697
3465	11.129697
3466	11.129697
3467	11.129697
3468	11.129697
3469	11.129697
3470	11.129697
3471	11.129697
3472	11.129697
3473	11.129697
3474	11.129697
3475	11.129697
3476	11.129697
3477	11.129697
3478	11.129697
3479	11.129697
3480	11.129697
3481	11.129697
3482	11.129697
3483	11.129697
3484	11.129697
3485	11.129697
3486	11.129697
3487	11.129697
3488	11.129697
3489	11.129697
3490	11.129697
3491	11.129697
3492	11.129697
3493	11.129697
3494	11.129697
3495	11.129697
3496	11.129697
3497	11.129697
3498	11.129697
3499	11.129697
3500	11.129697
3501	11.129697
3502	11.129697
3503	11.129697
3504	11.129697
3505	11.129697
3506	11.129697
3507	11.129697
3508	11.129697
3509	11.129697
3510	11.129697
3511	11.129697
3512	11.129697
3513	11.129697
3514	11.129697
3515	11.129697
3516	11.129697
3517	11.129697
3518	11.129697
3519	11.129697
3520	11.129697
3521	11.129697
3522	11.129697
3523	11.129697
3524	11.129697
3525	11.129697
3526	11.129697
3527	11.129697
3528	11.129697
3529	11.129697
3530	11.129697
3531	11.129697
3532	11.129697
3533	11.129697
3534	11.129697
3535	11.129697
3536	11.129697
3537	11.129697
3538	11.129697
3539	11.129697
3540	11.129697
3541	11.129697
3542	11.129697
3543	11.129697
3544	11.129697
3545	11.129697
3546	11.129697
3547	11.129697
3548	11.129697
3549	11.129697
3550	11.129697
3551	11.129697
3552	11.129697
3553	11.129697
3554	11.129697
3555	11.129697
3556	11.129697
3557	11.129697
3558	11.129697
3559	11.129697
3560	11.129697
3561	11.129697
3562	11.129697
3563	11.129697
3564	11.129697
3565	11.129697
3566	11.129697
3567	11.129697
3568	11.129697
3569	11.129697
3570	11.129697
3571	11.129697
3572	11.129697
3573	11.129697
3574	11.129697
3575	11.129697
3576	11.129697
3577	11.129697
3578	11.129697
3579	11.129697
3580	11.129697
3581	11.129697
3582	11.129697
3583	11.129697
3584	11.129697
3585	11.129697
3586	11.129697
3587	11.129697
3588	11.129697
3589	11.129697
3590	11.129697
3591	11.129697
3592	11.129697
3593	11.129697
3594	11.129697
3595	11.129697
3596	11.129697
3597	11.129697
3598	11.129697
3599	11.129697
3600	11.129697
3601	11.129697
3602	11.129697
3603	11.129697
3604	11.129697
3605	11.129697
3606	11.129697
3607	11.129697
3608	11.129697
3609	11.129697
3610	11.129697
3611	11.129697
3612	11.129697
3613	11.129697
3614	11.129697
3615	11.129697
3616	11.129697
3617	11.129697
3618	11.129697
3619	11.129697
3620	11.129697
3621	11.129697
3622	11.129697
3623	11.129697
3624	11.129697
3625	11.129697
3626	11.129697
3627	11.129697
3628	11.129697
3629	11.129697
3630	11.129697
3631	11.129697
3632	11.129697
3633	11.129697
3634	11.129697
3635	11.129697
3636	11.129697
3637	11.129697
3638	11.129697
3639	11.129697
3640	11.129697
3641	11.129697
3642	11.129697
3643	11.129697
3644	11.129697
3645	11.129697
3646	11.129697
3647	11.129697
3648	11.129697
3649	11.129697
3650	11.129697
3651	11.129697
3652	11.129697
3653	11.129697
3654	11.129697
3655	11.129697
3656	11.129697
3657	11.129697
3658	11.129697
3659	11.129697
3660	11.129697
3661	11.129697
3662	11.129697
3663	11.129697
3664	11.129697
3665	11.129697
3666	11.129697
3667	11.129697
3668	11.129697
3669	11.129697
3670	11.129697
3671	11.129697
3672	11.129697
3673	11.129697
3674	11.129697
3675	11.129697
3676	11.129697
3677	11.129697
3678	11.129697
3679	11.129697
3680	11.129697
3681	11.129697
3682	11.129697
3683	11.129697
3684	11.129697
3685	11.129697
3686	11.129697
3687	11.129697
3688	11.129697
3689	11.129697
3690	11.129697
3691	11.129697
3692	11.129697
3693	11.129697
3694	11.129697
3695	11.129697
3696	11.129697
3697	11.129697
3698	11.129697
3699	11.129697
3700	11.129697
3701	11.129697
3702	11.129697
3703	11.129697
3704	11.129697
3705	11.129697
3706	11.129697
3707	11.129697
3708	11.129697
3709	11.129697
3710	11.129697
3711	11.129697
3712	11.129697
3713	11.129697
3714	11.129697
3715	11.129697
3716	11.129697
3717	11.129697
3718	11.129697
3719	11.129697
3720	11.129697
3721	11.129697
3722	11.129697
3723	11.129697
3724	11.129697
3725	11.129697
3726	11.129697
3727	11.129697
3728	11.129697
3729	11.129697
3730	11.129697
3731	11.129697
3732	11.129697
3733	11.129697
3734	11.129697
3735	11.129697
3736	11.129697
3737	11.129697
3738	11.129697
3739	11.129697
3740	11.129697
3741	11.129697
3742	11.129697
3743	11.129697
3744	11.129697
3745	11.129697
3746	11.129697
3747	11.129697
3748	11.129697
3749	11.129697
3750	11.129697
3751	11.129697
3752	11.129697
3753	11.129697
3754	11.129697
3755	11.129697
3756	11.129697
3757	11.129697
3758	11.129697
3759	11.129697
3760	11.129697
3761	11.129697
3762	11.129697
3763	11.129697
3764	11.129697
3765	11.129697
3766	11.129697
3767	11.129697
3768	11.129697
3769	11.129697
3770	11.129697
3771	11.129697
3772	11.129697
3773	11.129697
3774	11.129697
3775	11.129697
3776	11.129697
3777	11.129697
3778	11.129697
3779	11.129697
3780	11.129697
3781	11.129697
3782	11.129697
3783	11.129697
3784	11.129697
3785	11.129697
3786	11.129697
3787	11.129697
3788	11.129697
3789	11.129697
3790	11.129697
3791	11.129697
3792	11.129697
3793	11.129697
3794	11.129697
3795	11.129697
3796	11.129697
3797	11.129697
3798	11.129697
3799	11.129697
3800	11.129697
3801	11.129697
3802	11.129697
3803	11.129697
3804	11.129697
3805	11.129697
3806	11.129697
3807	11.129697
3808	11.129697
3809	11.129697
3810	11.129697
3811	11.129697
3812	11.129697
3813	11.129697
3814	11.129697
3815	11.129697
3816	11.129697
3817	11.129697
3818	11.129697
3819	11.129697
3820	11.129697
3821	11.129697
3822	11.129697
3823	11.129697
3824	11.129697
3825	11.129697
3826	11.129697
3827	11.129697
3828	11.129697
3829	11.129697
3830	11.129697
3831	11.129697
3832	11.129697
3833	11.129697
3834	11.129697
3835	11.129697
3836	11.129697
3837	11.129697
3838	11.129697
3839	11.129697
3840	11.129697
3841	11.129697
3842	11.129697
3843	11.129697
3844	11.129697
3845	11.129697
3846	11.129697
3847	11.129697
3848	11.129697
3849	11.129697
3850	11.129697
3851	11.129697
3852	11.129697
3853	11.129697
3854	11.129697
3855	11.129697
3856	11.129697
3857	11.129697
3858	11.129697
3859	11.129697
3860	11.129697
3861	11.129697
3862	11.129697
3863	11.129697
3864	11.129697
3865	11.129697
3866	11.129697
3867	11.129697
3868	11.129697
3869	11.129697
3870	11.129697
3871	11.129697
3872	11.129697
3873	11.129697
3874	11.129697
3875	11.129697
3876	11.129697
3877	11.129697
3878	11.129697
3879	11.129697
3880	11.129697
3881	11.129697
3882	11.129697
3883	11.129697
3884	11.129697
3885	11.129697
3886	11.129697
3887	11.129697
3888	11.129697
3889	11.129697
3890	11.129697
3891	11.129697
3892	11.129697
3893	11.129697
3894	11.129697
3895	11.129697
3896	11.129697
3897	11.129697
3898	11.129697
3899	11.129697
3900	11.129697
3901	11.129697
3902	11.129697
3903	11.129697
3904	11.129697
3905	11.129697
3906	11.129697
3907	11.129697
3908	11.129697
3909	11.129697
3910	11.129697
3911	11.129697
3912	11.129697
3913	11.129697
3914	11.129697
3915	11.129697
3916	11.129697
3917	11.129697
3918	11.129697
3919	11.129697
3920	11.129697
3921	11.129697
3922	11.129697
3923	11.129697
3924	11.129697
3925	11.129697
3926	11.129697
3927	11.129697
3928	11.129697
3929	11.129697
3930	11.129697
3931	11.129697
3932	11.129697
3933	11.129697
3934	11.129697
3935	11.129697
3936	11.129697
3937	11.129697
3938	11.129697
3939	11.129697
3940	11.129697
3941	11.129697
3942	11.129697
3943	11.129697
3944	11.129697
3945	11.129697
3946	11.129697
3947	11.129697
3948	11.129697
3949	11.129697
3950	11.129697
3951	11.129697
3952	11.129697
3953	11.129697
3954	11.129697
3955	11.129697
3956	11.129697
3957	11.129697
3958	11.129697
3959	11.129697
3960	11.129697
3961	11.129697
3962	11.129697
3963	11.129697
3964	11.129697
3965	11.129697
3966	11.129697
3967	11.129697
3968	11.129697
3969	11.129697
3970	11.129697
3971	11.129697
3972	11.129697
3973	11.129697
3974	11.129697
3975	11.129697
3976	11.129697
3977	11.129697
3978	11.129697
3979	11.129697
3980	11.129697
3981	11.129697
3982	11.129697
3983	11.129697
3984	11.129697
3985	11.129697
3986	11.129697
3987	11.129697
3988	11.129697
3989	11.129697
3990	11.129697
3991	11.129697
3992	11.129697
3993	11.129697
3994	11.129697
3995	11.129697
3996	11.129697
3997	11.129697
3998	11.129697
3999	11.129697
4000	11.129697
4001	11.129697
4002	11.129697
4003	11.129697
4004	11.129697
4005	11.129697
4006	11.129697
4007	11.129697
4008	11.129697
4009	11.129697
4010	11.129697
4011	11.129697
4012	11.129697
4013	11.129697
4014	11.129697
4015	11.129697
4016	11.129697
4017	11.129697
4018	11.129697
4019	11.129697
4020	11.129697
4021	11.129697
4022	11.129697
4023	11.129697
4024	11.129697
4025	11.129697
4026	11.129697
4027	11.129697
4028	11.129697
4029	11.129697
4030	11.129697
4031	11.129697
4032	11.129697
4033	11.129697
4034	11.129697
4035	11.129697
4036	11.129697
4037	11.129697
4038	11.129697
4039	11.129697
4040	11.129697
4041	11.129697
4042	11.129697
4043	11.129697
4044	11.129697
4045	11.129697
4046	11.129697
4047	11.129697
4048	11.129697
4049	11.129697
4050	11.129697
4051	11.129697
4052	11.129697
4053	11.129697
4054	11.129697
4055	11.129697
4056	11.129697
4057	11.129697
4058	11.129697
4059	11.129697
4060	11.129697
4061	11.129697
4062	11.129697
4063	11.129697
4064	11.129697
4065	11.129697
4066	11.129697
4067	11.129697
4068	11.129697
4069	11.129697
4070	11.129697
4071	11.129697
4072	11.129697
4073	11.129697
4074	11.129697
4075	11.129697
4076	11.129697
4077	11.129697
4078	11.129697
4079	11.129697
4080	11.129697
4081	11.129697
4082	11.129697
4083	11.129697
4084	11.129697
4085	11.129697
4086	11.129697
4087	11.129697
4088	11.129697
4089	11.129697
4090	11.129697
4091	11.129697
4092	11.129697
4093	11.129697
4094	11.129697
4095	11.129697
4096	11.129697
4097	11.129697
4098	11.129697
4099	11.129697
4100	11.129697
4101	11.129697
4102	11.129697
4103	11.129697
4104	11.129697
4105	11.129697
4106	11.129697
4107	11.129697
4108	11.129697
4109	11.129697
4110	11.129697
4111	11.129697
4112	11.129697
4113	11.129697
4114	11.129697
4115	11.129697
4116	11.129697
4117	11.129697
4118	11.129697
4119	11.129697
4120	11.129697
4121	11.129697
4122	11.129697
4123	11.129697
4124	11.129697
4125	11.129697
4126	11.129697
4127	11.129697
4128	11.129697
4129	11.129697
4130	11.129697
4131	11.129697
4132	11.129697
4133	11.129697
4134	11.129697
4135	11.129697
4136	11.129697
4137	11.129697
4138	11.129697
4139	11.129697
4140	11.129697
4141	11.129697
4142	11.129697
4143	11.129697
4144	11.129697
4145	11.129697
4146	11.129697
4147	11.129697
4148	11.129697
4149	11.129697
4150	11.129697
4151	11.129697
4152	11.129697
4153	11.129697
4154	11.129697
4155	11.129697
4156	11.129697
4157	11.129697
4158	11.129697
4159	11.129697
4160	11.129697
4161	11.129697
4162	11.129697
4163	11.129697
4164	11.129697
4165	11.129697
4166	11.129697
4167	11.129697
4168	11.129697
4169	11.129697
4170	11.129697
4171	11.129697
4172	11.129697
4173	11.129697
4174	11.129697
4175	11.129697
4176	11.129697
4177	11.129697
4178	11.129697
4179	11.129697
4180	11.129697
4181	11.129697
4182	11.129697
4183	11.129697
4184	11.129697
4185	11.129697
4186	11.129697
4187	11.129697
4188	11.129697
4189	11.129697
4190	11.129697
4191	11.129697
4192	11.129697
4193	11.129697
4194	11.129697
4195	11.129697
4196	11.129697
4197	11.129697
4198	11.129697
4199	11.129697
4200	11.129697
4201	11.129697
4202	11.129697
4203	11.129697
4204	11.129697
4205	11.129697
4206	11.129697
4207	11.129697
4208	11.129697
4209	11.129697
4210	11.129697
4211	11.129697
4212	11.129697
4213	11.129697
4214	11.129697
4215	11.129697
4216	11.129697
4217	11.129697
4218	11.129697
4219	11.129697
4220	11.129697
4221	11.129697
4222	11.129697
4223	11.129697
4224	11.129697
4225	11.129697
4226	11.129697
4227	11.129697
4228	11.129697
4229	11.129697
4230	11.129697
4231	11.129697
4232	11.129697
4233	11.129697
4234	11.129697
4235	11.129697
4236	11.129697
4237	11.129697
4238	11.129697
4239	11.129697
4240	11.129697
4241	11.129697
4242	11.129697
4243	11.129697
4244	11.129697
4245	11.129697
4246	11.129697
4247	11.129697
4248	11.129697
4249	11.129697
4250	11.129697
4251	11.129697
4252	11.129697
4253	11.129697
4254	11.129697
4255	11.129697
4256	11.129697
4257	11.129697
4258	11.129697
4259	11.129697
4260	11.129697
4261	11.129697
4262	11.129697
4263	11.129697
4264	11.129697
4265	11.129697
4266	11.129697
4267	11.129697
4268	11.129697
4269	11.129697
4270	11.129697
4271	11.129697
4272	11.129697
4273	11.129697
4274	11.129697
4275	11.129697
4276	11.129697
4277	11.129697
4278	11.129697
4279	11.129697
4280	11.129697
4281	11.129697
4282	11.129697
4283	11.129697
4284	11.129697
4285	11.129697
4286	11.129697
4287	11.129697
4288	11.129697
4289	11.129697
4290	11.129697
4291	11.129697
4292	11.129697
4293	11.129697
4294	11.129697
4295	11.129697
4296	11.129697
4297	11.129697
4298	11.129697
4299	11.129697
4300	11.129697
4301	11.129697
4302	11.129697
4303	11.129697
4304	11.129697
4305	11.129697
4306	11.129697
4307	11.129697
4308	11.129697
4309	11.129697
4310	11.129697
4311	11.129697
4312	11.129697
4313	11.129697
4314	11.129697
4315	11.129697
4316	11.129697
4317	11.129697
4318	11.129697
4319	11.129697
4320	11.129697
4321	11.129697
4322	11.129697
4323	11.129697
4324	11.129697
4325	11.129697
4326	11.129697
4327	11.129697
4328	11.129697
4329	11.129697
4330	11.129697
4331	11.129697
4332	11.129697
4333	11.129697
4334	11.129697
4335	11.129697
4336	11.129697
4337	11.129697
4338	11.129697
4339	11.129697
4340	11.129697
4341	11.129697
4342	11.129697
4343	11.129697
4344	11.129697
4345	11.129697
4346	11.129697
4347	11.129697
4348	11.129697
4349	11.129697
4350	11.129697
4351	11.129697
4352	11.129697
4353	11.129697
4354	11.129697
4355	11.129697
4356	11.129697
4357	11.129697
4358	11.129697
4359	11.129697
4360	11.129697
4361	11.129697
4362	11.129697
4363	11.129697
4364	11.129697
4365	11.129697
4366	11.129697
4367	11.129697
4368	11.129697
4369	11.129697
4370	11.129697
4371	11.129697
4372	11.129697
4373	11.129697
4374	11.129697
4375	11.129697
4376	11.129697
4377	11.129697
4378	11.129697
4379	11.129697
4380	11.129697
4381	11.129697
4382	11.129697
4383	11.129697
4384	11.129697
4385	11.129697
4386	11.129697
4387	11.129697
4388	11.129697
4389	11.129697
4390	11.129697
4391	11.129697
4392	11.129697
4393	11.129697
4394	11.129697
4395	11.129697
4396	11.129697
4397	11.129697
4398	11.129697
4399	11.129697
4400	11.129697
4401	11.129697
4402	11.129697
4403	11.129697
4404	11.129697
4405	11.129697
4406	11.129697
4407	11.129697
4408	11.129697
4409	11.129697
4410	11.129697
4411	11.129697
4412	11.129697
4413	11.129697
4414	11.129697
4415	11.129697
4416	11.129697
4417	11.129697
4418	11.129697
4419	11.129697
4420	11.129697
4421	11.129697
4422	11.129697
4423	11.129697
4424	11.129697
4425	11.129697
4426	11.129697
4427	11.129697
4428	11.129697
4429	11.129697
4430	11.129697
4431	11.129697
4432	11.129697
4433	11.129697
4434	11.129697
4435	11.129697
4436	11.129697
4437	11.129697
4438	11.129697
4439	11.129697
4440	11.129697
4441	11.129697
4442	11.129697
4443	11.129697
4444	11.129697
4445	11.129697
4446	11.129697
4447	11.129697
4448	11.129697
4449	11.129697
4450	11.129697
4451	11.129697
4452	11.129697
4453	11.129697
4454	11.129697
4455	11.129697
4456	11.129697
4457	11.129697
4458	11.129697
4459	11.129697
4460	11.129697
4461	11.129697
4462	11.129697
4463	11.129697
4464	11.129697
4465	11.129697
4466	11.129697
4467	11.129697
4468	11.129697
4469	11.129697
4470	11.129697
4471	11.129697
4472	11.129697
4473	11.129697
4474	11.129697
4475	11.129697
4476	11.129697
4477	11.129697
4478	11.129697
4479	11.129697
4480	11.129697
4481	11.129697
4482	11.129697
4483	11.129697
4484	11.129697
4485	11.129697
4486	11.129697
4487	11.129697
4488	11.129697
4489	11.129697
4490	11.129697
4491	11.129697
4492	11.129697
4493	11.129697
4494	11.129697
4495	11.129697
4496	11.129697
4497	11.129697
4498	11.129697
4499	11.129697
4500	11.129697
4501	11.129697
4502	11.129697
4503	11.129697
4504	11.129697
4505	11.129697
4506	11.129697
4507	11.129697
4508	11.129697
4509	11.129697
4510	11.129697
4511	11.129697
4512	11.129697
4513	11.129697
4514	11.129697
4515	11.129697
4516	11.129697
4517	11.129697
4518	11.129697
4519	11.129697
4520	11.129697
4521	11.129697
4522	11.129697
4523	11.129697
4524	11.129697
4525	11.129697
4526	11.129697
4527	11.129697
4528	11.129697
4529	11.129697
4530	11.129697
4531	11.129697
4532	11.129697
4533	11.129697
4534	11.129697
4535	11.129697
4536	11.129697
4537	11.129697
4538	11.129697
4539	11.129697
4540	11.129697
4541	11.129697
4542	11.129697
4543	11.129697
4544	11.129697
4545	11.129697
4546	11.129697
4547	11.129697
4548	11.129697
4549	11.129697
4550	11.129697
4551	11.129697
4552	11.129697
4553	11.129697
4554	11.129697
4555	11.129697
4556	11.129697
4557	11.129697
4558	11.129697
4559	11.129697
4560	11.129697
4561	11.129697
4562	11.129697
4563	11.129697
4564	11.129697
4565	11.129697
4566	11.129697
4567	11.129697
4568	11.129697
4569	11.129697
4570	11.129697
4571	11.129697
4572	11.129697
4573	11.129697
4574	11.129697
4575	11.129697
4576	11.129697
4577	11.129697
4578	11.129697
4579	11.129697
4580	11.129697
4581	11.129697
4582	11.129697
4583	11.129697
4584	11.129697
4585	11.129697
4586	11.129697
4587	11.129697
4588	11.129697
4589	11.129697
4590	11.129697
4591	11.129697
4592	11.129697
4593	11.129697
4594	11.129697
4595	11.129697
4596	11.129697
4597	11.129697
4598	11.129697
4599	11.129697
4600	11.129697
4601	11.129697
4602	11.129697
4603	11.129697
4604	11.129697
4605	11.129697
4606	11.129697
4607	11.129697
4608	11.129697
4609	11.129697
4610	11.129697
4611	11.129697
4612	11.129697
4613	11.129697
4614	11.129697
4615	11.129697
4616	11.129697
4617	11.129697
4618	11.129697
4619	11.129697
4620	11.129697
4621	11.129697
4622	11.129697
4623	11.129697
4624	11.129697
4625	11.129697
4626	11.129697
4627	11.129697
4628	11.129697
4629	11.129697
4630	11.129697
4631	11.129697
4632	11.129697
4633	11.129697
4634	11.129697
4635	11.129697
4636	11.129697
4637	11.129697
4638	11.129697
4639	11.129697
4640	11.129697
4641	11.129697
4642	11.129697
4643	11.129697
4644	11.129697
4645	11.129697
4646	11.129697
4647	11.129697
4648	11.129697
4649	11.129697
4650	11.129697
4651	11.129697
4652	11.129697
4653	11.129697
4654	11.129697
4655	11.129697
4656	11.129697
4657	11.129697
4658	11.129697
4659	11.129697
4660	11.129697
4661	11.129697
4662	11.129697
4663	11.129697
4664	11.129697
4665	11.129697
4666	11.129697
4667	11.129697
4668	11.129697
4669	11.129697
4670	11.129697
4671	11.129697
4672	11.129697
4673	11.129697
4674	11.129697
4675	11.129697
4676	11.129697
4677	11.129697
4678	11.129697
4679	11.129697
4680	11.129697
4681	11.129697
4682	11.129697
4683	11.129697
4684	11.129697
4685	11.129697
4686	11.129697
4687	11.129697
4688	11.129697
4689	11.129697
4690	11.129697
4691	11.129697
4692	11.129697
4693	11.129697
4694	11.129697
4695	11.129697
4696	11.129697
4697	11.129697
4698	11.129697
4699	11.129697
4700	11.129697
4701	11.129697
4702	11.129697
4703	11.129697
4704	11.129697
4705	11.129697
4706	11.129697
4707	11.129697
4708	11.129697
4709	11.129697
4710	11.129697
4711	11.129697
4712	11.129697
4713	11.129697
4714	11.129697
4715	11.129697
4716	11.129697
4717	11.129697
4718	11.129697
4719	11.129697
4720	11.129697
4721	11.129697
4722	11.129697
4723	11.129697
4724	11.129697
4725	11.129697
4726	11.129697
4727	11.129697
4728	11.129697
4729	11.129697
4730	11.129697
4731	11.129697
4732	11.129697
4733	11.129697
4734	11.129697
4735	11.129697
4736	11.129697
4737	11.129697
4738	11.129697
4739	11.129697
4740	11.129697
4741	11.129697
4742	11.129697
4743	11.129697
4744	11.129697
4745	11.129697
4746	11.129697
4747	11.129697
4748	11.129697
4749	11.129697
4750	11.129697
4751	11.129697
4752	11.129697
4753	11.129697
4754	11.129697
4755	11.129697
4756	11.129697
4757	11.129697
4758	11.129697
4759	11.129697
4760	11.129697
4761	11.129697
4762	11.129697
4763	11.129697
4764	11.129697
4765	11.129697
4766	11.129697
4767	11.129697
4768	11.129697
4769	11.129697
4770	11.129697
4771	11.129697
4772	11.129697
4773	11.129697
4774	11.129697
4775	11.129697
4776	11.129697
4777	11.129697
4778	11.129697
4779	11.129697
4780	11.129697
4781	11.129697
4782	11.129697
4783	11.129697
4784	11.129697
4785	11.129697
4786	11.129697
4787	11.129697
4788	11.129697
4789	11.129697
4790	11.129697
4791	11.129697
4792	11.129697
4793	11.129697
4794	11.129697
4795	11.129697
4796	11.129697
4797	11.129697
4798	11.129697
4799	11.129697
4800	11.129697
4801	11.129697
4802	11.129697
4803	11.129697
4804	11.129697
4805	11.129697
4806	11.129697
4807	11.129697
4808	11.129697
4809	11.129697
4810	11.129697
4811	11.129697
4812	11.129697
4813	11.129697
4814	11.129697
4815	11.129697
4816	11.129697
4817	11.129697
4818	11.129697
4819	11.129697
4820	11.129697
4821	11.129697
4822	11.129697
4823	11.129697
4824	11.129697
4825	11.129697
4826	11.129697
4827	11.129697
4828	11.129697
4829	11.129697
4830	11.129697
4831	11.129697
4832	11.129697
4833	11.129697
4834	11.129697
4835	11.129697
4836	11.129697
4837	11.129697
4838	11.129697
4839	11.129697
4840	11.129697
4841	11.129697
4842	11.129697
4843	11.129697
4844	11.129697
4845	11.129697
4846	11.129697
4847	11.129697
4848	11.129697
4849	11.129697
4850	11.129697
4851	11.129697
4852	11.129697
4853	11.129697
4854	11.129697
4855	11.129697
4856	11.129697
4857	11.129697
4858	11.129697
4859	11.129697
4860	11.129697
4861	11.129697
4862	11.129697
4863	11.129697
4864	11.129697
4865	11.129697
4866	11.129697
4867	11.129697
4868	11.129697
4869	11.129697
4870	11.129697
4871	11.129697
4872	11.129697
4873	11.129697
4874	11.129697
4875	11.129697
4876	11.129697
