1	6.907179
2	6.91455
3	6.838255
4	6.88522
5	6.91704
6	7.098313
7	7.3394
8	7.3394
9	7.434845
10	7.43663
11	7.43663
12	7.516262
13	7.516262
14	7.418475
15	7.428771
16	7.428771
17	7.437465
18	7.618269
19	7.648698
20	7.688558
21	7.704083
22	7.712915
23	7.713626
24	7.713626
25	7.826604
26	7.892876
27	7.795263
28	7.852711
29	7.897785
30	7.900795
31	7.873936
32	7.872444
33	7.925484
34	7.931256
35	7.932748
36	7.955323
37	7.955323
38	7.954537
39	7.893282
40	7.929988
41	7.970272
42	7.971208
43	7.971208
44	8.031628
45	8.127339
46	8.134695
47	8.096059
48	8.096059
49	8.105522
50	8.103271
51	8.103271
52	8.131806
53	7.83172
54	7.83172
55	7.83172
56	7.821832
57	7.821832
58	7.821832
59	7.802834
60	7.810394
61	7.820258
62	7.842508
63	7.818289
64	7.857527
65	7.979091
66	7.979091
67	8.286438
68	8.086979
69	8.086979
70	8.080441
71	8.105805
72	8.105805
73	8.105805
74	8.120909
75	8.198064
76	8.198064
77	8.3276
78	8.384855
79	8.481527
80	8.536432
81	8.542122
82	8.77857
83	8.778398
84	8.529844
85	8.529844
86	8.531272
87	8.531272
88	8.531272
89	8.516277
90	8.516277
91	8.516277
92	8.312863
93	8.312863
94	8.29455
95	8.281608
96	8.119585
97	8.110008
98	8.118081
99	8.804915
100	8.802134
101	8.804297
102	8.804297
103	8.767976
104	8.767976
105	8.767976
106	8.77172
107	8.774392
108	8.78896
109	8.866396
110	8.866396
111	8.876692
112	8.957252
113	8.957252
114	8.957252
115	8.95693
116	8.95693
117	8.954767
118	8.783229
119	8.783229
120	8.714586
121	8.836024
122	8.539566
123	8.539566
124	8.548546
125	8.548546
126	8.555082
127	8.611628
128	8.653387
129	8.726431
130	8.51542
131	8.51542
132	8.51542
133	8.406255
134	8.415336
135	8.434589
136	8.334026
137	8.348436
138	8.432776
139	8.432776
140	8.463313
141	8.463313
142	8.536421
143	8.583389
144	8.639266
145	8.639266
146	8.652699
147	8.628823
148	8.651308
149	8.629764
150	8.568242
151	8.568242
152	8.568242
153	8.568242
154	8.690151
155	8.508598
156	8.517604
157	8.377066
158	8.377066
159	8.75356
160	8.767299
161	8.767299
162	8.821731
163	8.821731
164	8.821731
165	8.832546
166	8.861396
167	8.861396
168	8.864068
169	8.864068
170	8.9129
171	9.035882
172	9.035882
173	9.126215
174	9.344791
175	9.342119
176	9.342119
177	9.342119
178	9.275763
179	9.320936
180	9.281595
181	9.281595
182	9.281595
183	9.053373
184	9.000636
185	9.000636
186	8.955463
187	8.923566
188	8.923566
189	8.923566
190	8.99607
191	9.034217
192	9.088163
193	9.091147
194	9.182913
195	9.182913
196	9.204123
197	9.356198
198	9.356198
199	9.38627
200	9.45339
201	9.45339
202	9.332676
203	9.360514
204	9.444802
205	9.444802
206	9.1009
207	9.103243
208	9.103243
209	9.114457
210	9.114457
211	9.030169
212	9.030169
213	9.129577
214	9.129577
215	9.129577
216	9.129577
217	9.129577
218	9.299652
219	9.297309
220	9.342909
221	9.158877
222	9.586594
223	9.586594
224	9.585798
225	9.585798
226	9.585798
227	9.581471
228	9.582216
229	9.858213
230	9.676351
231	9.606149
232	9.562846
233	9.557556
234	9.557556
235	9.557556
236	9.557556
237	9.559662
238	9.5634
239	9.5634
240	9.688786
241	9.688786
242	9.688786
243	9.688786
244	9.688786
245	9.688786
246	9.688786
247	9.68801
248	9.68801
249	9.68801
250	9.68801
251	9.73179
252	9.792441
253	9.894193
254	9.894193
255	9.939847
256	9.939847
257	9.945319
258	9.945319
259	9.945319
260	9.945319
261	9.945319
262	9.945319
263	9.894247
264	9.894247
265	9.894247
266	10.06678
267	9.980215
268	9.995464
269	9.995464
270	9.995464
271	9.995464
272	9.995464
273	9.995464
274	9.997807
275	9.997807
276	9.971926
277	9.971926
278	9.971926
279	9.782677
280	9.782677
281	9.782677
282	9.782677
283	9.841183
284	9.841183
285	9.948926
286	9.948926
287	9.948926
288	10.085838
289	10.047132
290	10.047132
291	10.047132
292	10.084736
293	10.084736
294	10.084736
295	10.084736
296	10.256075
297	10.256075
298	10.256075
299	10.256075
300	10.156575
301	10.156575
302	10.156575
303	10.289647
304	10.289647
305	10.289647
306	10.289647
307	10.289647
308	10.289647
309	10.289647
310	10.289647
311	10.289647
312	10.289647
313	10.289647
314	10.278073
315	10.278073
316	10.278073
317	10.278073
318	10.278073
319	10.278073
320	10.278073
321	10.245125
322	10.245125
323	10.398442
324	10.398442
325	10.44063
326	10.44063
327	10.44063
328	10.44063
329	10.44063
330	10.44063
331	10.458837
332	10.458837
333	10.447494
334	10.447494
335	10.447494
336	10.447494
337	10.447494
338	10.447494
339	10.447494
340	10.447494
341	10.447494
342	10.447494
343	10.386869
344	10.386869
345	10.368662
346	10.368662
347	10.380005
348	10.380005
349	10.380005
350	10.380005
351	10.380005
352	10.352459
353	10.352459
354	10.352459
355	10.352459
356	10.536516
357	10.536516
358	10.536516
359	10.536516
360	10.421744
361	10.421744
362	10.421744
363	10.536516
364	10.536516
365	10.536516
366	10.573304
367	10.573304
368	10.573304
369	10.573304
370	10.573304
371	10.573304
372	10.573304
373	10.573304
374	10.570961
375	10.573304
376	10.573304
377	10.573304
378	10.573304
379	10.543438
380	10.543438
381	10.543438
382	10.543438
383	10.571696
384	10.571696
385	10.571696
386	10.571696
387	10.571696
388	10.571696
389	10.571696
390	10.571696
391	10.571696
392	10.571696
393	10.571696
394	10.571696
395	10.571696
396	10.571696
397	10.571696
398	10.571696
399	10.569353
400	10.602586
401	10.602586
402	10.602586
403	10.602586
404	10.602586
405	10.602586
406	10.602586
407	10.602586
408	10.602586
409	10.602586
410	10.602586
411	10.602586
412	10.602586
413	10.602586
414	10.602586
415	10.602586
416	10.632452
417	10.632452
418	10.632452
419	10.632452
420	10.632452
421	10.632452
422	10.632452
423	10.632452
424	10.632452
425	10.660104
426	10.660104
427	10.660104
428	10.679009
429	10.679009
430	10.679009
431	10.679009
432	10.681352
433	10.681352
434	10.681352
435	10.681352
436	10.681352
437	10.681352
438	10.681352
439	10.681352
440	10.681352
441	10.681352
442	10.681352
443	10.681352
444	10.681352
445	10.664437
446	10.664437
447	10.664437
448	10.682644
449	10.717071
450	10.717071
451	10.717071
452	10.717071
453	10.717071
454	10.717071
455	10.717071
456	10.717071
457	10.717071
458	10.717071
459	10.654187
460	10.654187
461	10.654187
462	10.654187
463	10.654187
464	10.654187
465	10.654187
466	10.654187
467	10.654187
468	10.654187
469	10.675794
470	10.675794
471	10.675794
472	10.6002
473	10.597857
474	10.579947
475	10.579947
476	10.579947
477	10.579947
478	10.579947
479	10.579947
480	10.579947
481	10.579947
482	10.56174
483	10.56174
484	10.56174
485	10.56174
486	10.56174
487	10.56174
488	10.56174
489	10.56174
490	10.56174
491	10.56174
492	10.56174
493	10.589055
494	10.589055
495	10.589055
496	10.589055
497	10.589055
498	10.589055
499	10.589055
500	10.589055
501	10.607262
502	10.607262
503	10.607262
504	10.607262
505	10.607262
506	10.502266
507	10.502266
508	10.719773
509	10.719773
510	10.719773
511	10.719773
512	10.719773
513	10.719773
514	10.731815
515	10.731815
516	10.731815
517	10.731815
518	10.731815
519	10.731815
520	10.731815
521	10.731815
522	10.731815
523	10.731815
524	10.731815
525	10.731815
526	10.731815
527	10.731815
528	10.693459
529	10.693459
530	10.693459
531	10.693459
532	10.693459
533	10.695802
534	10.715587
535	10.715587
536	10.69738
537	10.69738
538	10.69738
539	10.69738
540	10.69738
541	10.69738
542	10.69738
543	10.69738
544	10.69738
545	10.69738
546	10.69738
547	10.69738
548	10.69738
549	10.715587
550	10.715587
551	10.715587
552	10.715587
553	10.715587
554	10.715587
555	10.715587
556	10.69738
557	10.69738
558	10.69412
559	10.658499
560	10.660887
561	10.660887
562	10.660887
563	10.660887
564	10.660887
565	10.660887
566	10.660887
567	10.679094
568	10.676751
569	10.676751
570	10.676751
571	10.650284
572	10.650284
573	10.632077
574	10.632077
575	10.632077
576	10.632077
577	10.632077
578	10.632077
579	10.642781
580	10.642781
581	10.642781
582	10.642781
583	10.794021
584	10.794021
585	10.794021
586	10.794021
587	10.794021
588	10.794021
589	10.794021
590	10.794021
591	10.812228
592	10.83988
593	10.83988
594	10.83988
595	10.83988
596	10.83988
597	10.83988
598	10.83988
599	10.83988
600	10.83988
601	10.83988
602	10.83988
603	10.83988
604	10.83988
605	10.83988
606	10.83988
607	10.83988
608	10.83988
609	10.83988
610	10.821673
611	10.821673
612	10.821673
613	10.821673
614	10.821673
615	10.821673
616	10.821673
617	10.821673
618	10.821673
619	10.821673
620	10.821673
621	10.821673
622	10.821673
623	10.821673
624	10.821673
625	10.821673
626	10.821673
627	10.821673
628	10.821673
629	10.821673
630	10.821673
631	10.821673
632	10.821673
633	10.821673
634	10.821673
635	10.821673
636	10.821673
637	10.821673
638	10.821673
639	10.821673
640	10.893483
641	10.893483
642	10.893483
643	10.893483
644	10.893483
645	10.893483
646	10.893483
647	10.893483
648	10.895826
649	10.895826
650	10.895826
651	10.895826
652	10.895826
653	10.895826
654	10.895826
655	10.895826
656	10.895826
657	10.895826
658	10.895826
659	10.895826
660	10.895826
661	10.895826
662	10.895826
663	10.85747
664	10.85747
665	10.85747
666	10.85747
667	10.85747
668	10.85747
669	10.85747
670	10.85747
671	10.85747
672	10.85747
673	10.85747
674	10.855127
675	10.855127
676	10.85747
677	10.85747
678	10.85747
679	10.85747
680	10.85747
681	10.85747
682	10.85747
683	10.85747
684	10.85747
685	10.85747
686	10.85747
687	10.85747
688	10.85747
689	10.855127
690	10.855127
691	10.855127
692	10.855127
693	10.855127
694	10.855127
695	10.855127
696	10.855127
697	10.855127
698	10.855127
699	10.855127
700	10.855127
701	10.855127
702	10.855127
703	10.855127
704	10.855127
705	10.855127
706	10.855127
707	10.855127
708	10.85747
709	10.85747
710	10.85747
711	10.895826
712	10.895826
713	10.895826
714	10.895826
715	10.895826
716	10.895826
717	10.895826
718	10.895826
719	10.895826
720	10.895826
721	10.895826
722	10.895826
723	10.895826
724	10.895826
725	10.895826
726	10.895826
727	10.895826
728	10.895826
729	10.895826
730	10.895826
731	10.895826
732	10.895826
733	10.895826
734	10.895826
735	10.895826
736	10.895826
737	10.895826
738	10.895826
739	10.895826
740	10.893483
741	10.893483
742	10.893483
743	10.893483
744	10.893483
745	10.893483
746	10.893483
747	10.893483
748	10.893483
749	10.893483
750	10.893483
751	10.893483
752	10.893483
753	10.893483
754	10.893483
755	10.893483
756	10.893483
757	10.893483
758	10.893483
759	10.893483
760	10.893483
761	10.893483
762	10.893483
763	10.893483
764	10.893483
765	10.893483
766	10.893483
767	10.893483
768	10.893483
769	10.893483
770	10.893483
771	10.893483
772	10.893483
773	10.893483
774	10.893483
775	10.893483
776	10.893483
777	10.893483
778	10.893483
779	10.893483
780	10.893483
781	10.893483
782	10.893483
783	10.893483
784	10.893483
785	10.893483
786	10.893483
787	10.893483
788	10.893483
789	10.895826
790	10.895826
791	10.895826
792	10.893483
793	10.893483
794	10.893483
795	10.893483
796	10.893483
797	10.893483
798	10.893483
799	10.893483
800	10.893483
801	10.893483
802	10.893483
803	10.893483
804	10.893483
805	10.893483
806	10.893483
807	10.893483
808	10.893483
809	10.893483
810	10.893483
811	10.893483
812	10.893483
813	10.895826
814	10.895826
815	10.895826
816	10.895826
817	10.895826
818	10.895826
819	10.895826
820	10.895826
821	11.017294
822	11.017294
823	11.017294
824	11.017294
825	11.017294
826	11.017294
827	11.017294
828	11.017294
829	11.017294
830	11.017294
831	11.017294
832	11.017294
833	11.017294
834	11.017294
835	11.017294
836	11.017294
837	11.017294
838	11.017294
839	11.019682
840	11.019682
841	11.019682
842	11.017339
843	11.017339
844	11.017339
845	11.017339
846	11.017339
847	11.03536
848	11.03536
849	11.03536
850	11.03536
851	11.03536
852	11.03536
853	11.03536
854	11.03536
855	11.03536
856	11.03536
857	11.03536
858	11.03536
859	11.03536
860	11.03536
861	11.03536
862	11.03536
863	11.03536
864	11.03536
865	11.03536
866	11.046538
867	11.048881
868	11.048881
869	11.048881
870	11.048881
871	11.048881
872	11.048881
873	11.046538
874	11.046538
875	11.046538
876	11.046538
877	11.046538
878	11.046538
879	11.046538
880	11.046538
881	11.046538
882	11.046538
883	11.046538
884	11.046538
885	11.046538
886	11.046538
887	11.046538
888	11.046538
889	11.046538
890	11.048881
891	11.048881
892	11.046538
893	11.046538
894	11.046538
895	11.046538
896	11.046538
897	11.073005
898	11.073005
899	11.073005
900	11.073005
901	11.073005
902	11.073005
903	11.073005
904	11.073005
905	11.073005
906	11.073005
907	11.073005
908	11.073005
909	11.073005
910	11.073005
911	11.073005
912	11.073005
913	11.073005
914	11.073005
915	11.073005
916	11.073005
917	11.073005
918	11.073005
919	11.073005
920	11.073005
921	11.073005
922	11.073005
923	11.073005
924	11.073005
925	11.073005
926	11.075348
927	11.073005
928	11.073005
929	11.073005
930	11.073005
931	11.073005
932	11.073005
933	11.073005
934	11.073005
935	11.075348
936	11.075348
937	11.075348
938	11.075348
939	11.075348
940	11.075348
941	11.075348
942	11.075348
943	11.075348
944	11.075348
945	11.075348
946	11.075348
947	11.075348
948	11.075348
949	11.075348
950	11.075348
951	11.075348
952	11.075348
953	11.075348
954	11.075348
955	11.075348
956	11.075348
957	11.075348
958	11.075348
959	11.075348
960	11.075348
961	11.075348
962	11.075348
963	11.075348
964	11.075348
965	11.075348
966	11.075348
967	11.075348
968	11.075348
969	11.075348
970	11.075348
971	11.075348
972	11.075348
973	11.075348
974	11.075348
975	11.075348
976	11.075348
977	11.075348
978	11.075348
979	11.075348
980	11.075348
981	11.075348
982	11.075348
983	11.075348
984	11.075348
985	11.075348
986	11.075348
987	11.075348
988	11.075348
989	11.075348
990	11.075348
991	11.075348
992	11.075348
993	11.075348
994	11.075348
995	11.075348
996	11.075348
997	11.075348
998	11.075348
999	11.075348
1000	11.075348
1001	11.075348
1002	11.075348
1003	11.075348
1004	11.075348
1005	11.075348
1006	11.075348
1007	11.075348
1008	11.075348
1009	11.075348
1010	11.075348
1011	11.075348
1012	11.075348
1013	11.073005
1014	11.073005
1015	11.073005
1016	11.073005
1017	11.073005
1018	11.073005
1019	11.073005
1020	11.073005
1021	11.073005
1022	11.073005
1023	11.075348
1024	11.075348
1025	11.075348
1026	11.075348
1027	11.075348
1028	11.075348
1029	11.075348
1030	11.075348
1031	11.075348
1032	11.075348
1033	11.075348
1034	11.075348
1035	11.075348
1036	11.075348
1037	11.075348
1038	11.075348
1039	11.075348
1040	11.075348
1041	11.075348
1042	11.075348
1043	11.075348
1044	11.075348
1045	11.075348
1046	11.075348
1047	11.075348
1048	11.075348
1049	11.075348
1050	11.075348
1051	11.075348
1052	11.073005
1053	11.073005
1054	11.073005
1055	11.073005
1056	11.073005
1057	11.073005
1058	11.073005
1059	11.073005
1060	11.073005
1061	11.073005
1062	11.073005
1063	11.073005
1064	11.073005
1065	11.070617
1066	11.070617
1067	11.070617
1068	11.070617
1069	11.070617
1070	11.070617
1071	11.070617
1072	11.070617
1073	11.070617
1074	11.070617
1075	11.070617
1076	11.070617
1077	11.070617
1078	11.070617
1079	11.070617
1080	11.070617
1081	11.070617
1082	11.070617
1083	11.070617
1084	11.070617
1085	11.070617
1086	11.070617
1087	11.070617
1088	11.070617
1089	11.070617
1090	11.070617
1091	11.070617
1092	11.070617
1093	11.070617
1094	11.070617
1095	11.070617
1096	11.070617
1097	11.070617
1098	11.070617
1099	11.070617
1100	11.070617
1101	11.070617
1102	11.070617
1103	11.070617
1104	11.070617
1105	11.070617
1106	11.070617
1107	11.070617
1108	11.070617
1109	11.070617
1110	11.070617
1111	11.070617
1112	11.070617
1113	11.070617
1114	11.070617
1115	11.070617
1116	11.070617
1117	11.070617
1118	11.070617
1119	11.070617
1120	11.070617
1121	11.070617
1122	11.070617
1123	11.070617
1124	11.070617
1125	11.070617
1126	11.070617
1127	11.070617
1128	11.070617
1129	11.070617
1130	11.070617
1131	11.070617
1132	11.070617
1133	11.070617
1134	11.070617
1135	11.070617
1136	11.070617
1137	11.070617
1138	11.070617
1139	11.070617
1140	11.070617
1141	11.070617
1142	11.070617
1143	11.070617
1144	11.070617
1145	11.070617
1146	11.070617
1147	11.070617
1148	11.070617
1149	11.070617
1150	11.070617
1151	11.070617
1152	11.070617
1153	11.070617
1154	11.070617
1155	11.070617
1156	11.070617
1157	11.070617
1158	11.070617
1159	11.070617
1160	11.070617
1161	11.070617
1162	11.070617
1163	11.070617
1164	11.070617
1165	11.07296
1166	11.07296
1167	11.07296
1168	11.07296
1169	11.07296
1170	11.07296
1171	11.07296
1172	11.07296
1173	11.07296
1174	11.07296
1175	11.07296
1176	11.07296
1177	11.07296
1178	11.07296
1179	11.07296
1180	11.07296
1181	11.07296
1182	11.070617
1183	11.070617
1184	11.070617
1185	11.070617
1186	11.070617
1187	11.070617
1188	11.070617
1189	11.070617
1190	11.070617
1191	11.070617
1192	11.070617
1193	11.07296
1194	11.07296
1195	11.070617
1196	11.070617
1197	11.070617
1198	11.070617
1199	11.070617
1200	11.070617
1201	11.070617
1202	11.070617
1203	11.070617
1204	11.072135
1205	11.072135
1206	11.072135
1207	11.072135
1208	11.072135
1209	11.072135
1210	11.072135
1211	11.072135
1212	11.072135
1213	11.072135
1214	11.072135
1215	11.072135
1216	11.072135
1217	11.072135
1218	11.072135
1219	11.072135
1220	11.072135
1221	11.072135
1222	11.072135
1223	11.072135
1224	11.072135
1225	11.072135
1226	11.072135
1227	11.072135
1228	11.072135
1229	11.072135
1230	11.072135
1231	11.072135
1232	11.072135
1233	11.072135
1234	11.072135
1235	11.072135
1236	11.072135
1237	11.072135
1238	11.072135
1239	11.072135
1240	11.072135
1241	11.072135
1242	11.072135
1243	11.072135
1244	11.072135
1245	11.072135
1246	11.072135
1247	11.074478
1248	11.074478
1249	11.074478
1250	11.074478
1251	11.074478
1252	11.074478
1253	11.074478
1254	11.074478
1255	11.074478
1256	11.074478
1257	11.074478
1258	11.074478
1259	11.074478
1260	11.074478
1261	11.07296
1262	11.07296
1263	11.07296
1264	11.07296
1265	11.07296
1266	11.07296
1267	11.07296
1268	11.07296
1269	11.07296
1270	11.07296
1271	11.07296
1272	11.07296
1273	11.07296
1274	11.07296
1275	11.07296
1276	11.07296
1277	11.07296
1278	11.07296
1279	11.07296
1280	11.07296
1281	11.07296
1282	11.07296
1283	11.07296
1284	11.07296
1285	11.07296
1286	11.07296
1287	11.07296
1288	11.07296
1289	11.07296
1290	11.07296
1291	11.07296
1292	11.07296
1293	11.07296
1294	11.07296
1295	11.07296
1296	11.07296
1297	11.07296
1298	11.07296
1299	11.07296
1300	11.07296
1301	11.07296
1302	11.07296
1303	11.07296
1304	11.07296
1305	11.07296
1306	11.07296
1307	11.07296
1308	11.07296
1309	11.07296
1310	11.07296
1311	11.07296
1312	11.07296
1313	11.07296
1314	11.07296
1315	11.07296
1316	11.07296
1317	11.07296
1318	11.07296
1319	11.07296
1320	11.07296
1321	11.07296
1322	11.07296
1323	11.07296
1324	11.07296
1325	11.07296
1326	11.07296
1327	11.07296
1328	11.07296
1329	11.07296
1330	11.07296
1331	11.07296
1332	11.07296
1333	11.07296
1334	11.07296
1335	11.07296
1336	11.07296
1337	11.07296
1338	11.07296
1339	11.07296
1340	11.07296
1341	11.07296
1342	11.07296
1343	11.07296
1344	11.07296
1345	11.07296
1346	11.07296
1347	11.07296
1348	11.07296
1349	11.07296
1350	11.07296
1351	11.07296
1352	11.07296
1353	11.07296
1354	11.07296
1355	11.07296
1356	11.07296
1357	11.07296
1358	11.07296
1359	11.07296
1360	11.07296
1361	11.07296
1362	11.07296
1363	11.07296
1364	11.07296
1365	11.07296
1366	11.07296
1367	11.07296
1368	11.07296
1369	11.074478
1370	11.074478
1371	11.074478
1372	11.074478
1373	11.074478
1374	11.074478
1375	11.074478
1376	11.074478
1377	11.074478
1378	11.074478
1379	11.074478
1380	11.074478
1381	11.074478
1382	11.074478
1383	11.074478
1384	11.074478
1385	11.074478
1386	11.074478
1387	11.074478
1388	11.074478
1389	11.074478
1390	11.141236
1391	11.141236
1392	11.138893
1393	11.138893
1394	11.138893
1395	11.138893
1396	11.138893
1397	11.138893
1398	11.138893
1399	11.138893
1400	11.138893
1401	11.138893
1402	11.138893
1403	11.138893
1404	11.138893
1405	11.138893
1406	11.138893
1407	11.138893
1408	11.138893
1409	11.138893
1410	11.138893
1411	11.138893
1412	11.138893
1413	11.138893
1414	11.138893
1415	11.138893
1416	11.138893
1417	11.141236
1418	11.141236
1419	11.141236
1420	11.141236
1421	11.141236
1422	11.141236
1423	11.141236
1424	11.141236
1425	11.141236
1426	11.141236
1427	11.141236
1428	11.141236
1429	11.141236
1430	11.141236
1431	11.141236
1432	11.141236
1433	11.141236
1434	11.141236
1435	11.141236
1436	11.141236
1437	11.141236
1438	11.141236
1439	11.141236
1440	11.141236
1441	11.141236
1442	11.141236
1443	11.141236
1444	11.141236
1445	11.141236
1446	11.141236
1447	11.141236
1448	11.141236
1449	11.141236
1450	11.141236
1451	11.141236
1452	11.141236
1453	11.141236
1454	11.141236
1455	11.141236
1456	11.141236
1457	11.141236
1458	11.141236
1459	11.141236
1460	11.141236
1461	11.141236
1462	11.141236
1463	11.141236
1464	11.141236
1465	11.141236
1466	11.141236
1467	11.141236
1468	11.141236
1469	11.141236
1470	11.141236
1471	11.141236
1472	11.141236
1473	11.141236
1474	11.141236
1475	11.141236
1476	11.141236
1477	11.141236
1478	11.141236
1479	11.141236
1480	11.141236
1481	11.141236
1482	11.141236
1483	11.141236
1484	11.138893
1485	11.138893
1486	11.138893
1487	11.138893
1488	11.138893
1489	11.138893
1490	11.138893
1491	11.138893
1492	11.138893
1493	11.138893
1494	11.138893
1495	11.138893
1496	11.138893
1497	11.138893
1498	11.138893
1499	11.138893
1500	11.138893
1501	11.138893
1502	11.138893
1503	11.138893
1504	11.138893
1505	11.138893
1506	11.141236
1507	11.141236
1508	11.141236
1509	11.141236
1510	11.141236
1511	11.141236
1512	11.141236
1513	11.141236
1514	11.141236
1515	11.141236
1516	11.141236
1517	11.141236
1518	11.141236
1519	11.141236
1520	11.141236
1521	11.141236
1522	11.141236
1523	11.141236
1524	11.141236
1525	11.141236
1526	11.141236
1527	11.141236
1528	11.141236
1529	11.141236
1530	11.141236
1531	11.141236
1532	11.141236
1533	11.141236
1534	11.141236
1535	11.141236
1536	11.141236
1537	11.141236
1538	11.141236
1539	11.141236
1540	11.141236
1541	11.141236
1542	11.141236
1543	11.141236
1544	11.141236
1545	11.141236
1546	11.141236
1547	11.141236
1548	11.141236
1549	11.141236
1550	11.141236
1551	11.141236
1552	11.141236
1553	11.141236
1554	11.141236
1555	11.141236
1556	11.141236
1557	11.141236
1558	11.141236
1559	11.141236
1560	11.141236
1561	11.141236
1562	11.141236
1563	11.141236
1564	11.141236
1565	11.138893
1566	11.138893
1567	11.138893
1568	11.138893
1569	11.138893
1570	11.138893
1571	11.137375
1572	11.137375
1573	11.137375
1574	11.137375
1575	11.137375
1576	11.137375
1577	11.137375
1578	11.137375
1579	11.137375
1580	11.137375
1581	11.137375
1582	11.137375
1583	11.137375
1584	11.137375
1585	11.137375
1586	11.139718
1587	11.139718
1588	11.139718
1589	11.139718
1590	11.139718
1591	11.139718
1592	11.172097
1593	11.172097
1594	11.172097
1595	11.172097
1596	11.172097
1597	11.172097
1598	11.172097
1599	11.172097
1600	11.172097
1601	11.172097
1602	11.172097
1603	11.172097
1604	11.172097
1605	11.169754
1606	11.169754
1607	11.169754
1608	11.169754
1609	11.169754
1610	11.169754
1611	11.169754
1612	11.169754
1613	11.169754
1614	11.169754
1615	11.169754
1616	11.169754
1617	11.169754
1618	11.169754
1619	11.169754
1620	11.169754
1621	11.169754
1622	11.169754
1623	11.169754
1624	11.169754
1625	11.169754
1626	11.169754
1627	11.169754
1628	11.169754
1629	11.169754
1630	11.169754
1631	11.169754
1632	11.169754
1633	11.169754
1634	11.169754
1635	11.169754
1636	11.169754
1637	11.169754
1638	11.169754
1639	11.169754
1640	11.169754
1641	11.171272
1642	11.171272
1643	11.171272
1644	11.171272
1645	11.171272
1646	11.171272
1647	11.171272
1648	11.171272
1649	11.171272
1650	11.171272
1651	11.171272
1652	11.171272
1653	11.173615
1654	11.173615
1655	11.173615
1656	11.173615
1657	11.173615
1658	11.173615
1659	11.173615
1660	11.173615
1661	11.173615
1662	11.173615
1663	11.173615
1664	11.173615
1665	11.173615
1666	11.173615
1667	11.173615
1668	11.173615
1669	11.173615
1670	11.173615
1671	11.173615
1672	11.173615
1673	11.173615
1674	11.173615
1675	11.173615
1676	11.173615
1677	11.173615
1678	11.173615
1679	11.173615
1680	11.173615
1681	11.173615
1682	11.173615
1683	11.173615
1684	11.173615
1685	11.173615
1686	11.173615
1687	11.173615
1688	11.173615
1689	11.173615
1690	11.173615
1691	11.173615
1692	11.173615
1693	11.173615
1694	11.173615
1695	11.173615
1696	11.173615
1697	11.173615
1698	11.173615
1699	11.173615
1700	11.173615
1701	11.173615
1702	11.173615
1703	11.173615
1704	11.173615
1705	11.173615
1706	11.173615
1707	11.173615
1708	11.173615
1709	11.173615
1710	11.173615
1711	11.173615
1712	11.173615
1713	11.173615
1714	11.173615
1715	11.173615
1716	11.173615
1717	11.173615
1718	11.173615
1719	11.173615
1720	11.173615
1721	11.173615
1722	11.173615
1723	11.173615
1724	11.173615
1725	11.173615
1726	11.173615
1727	11.173615
1728	11.173615
1729	11.173615
1730	11.173615
1731	11.173615
1732	11.173615
1733	11.173615
1734	11.173615
1735	11.173615
1736	11.171272
1737	11.171272
1738	11.171272
1739	11.171272
1740	11.171272
1741	11.171272
1742	11.171272
1743	11.171272
1744	11.171272
1745	11.171272
1746	11.171272
1747	11.171272
1748	11.171272
1749	11.171272
1750	11.171272
1751	11.171272
1752	11.171272
1753	11.171272
1754	11.171272
1755	11.171272
1756	11.171272
1757	11.171272
1758	11.171272
1759	11.171272
1760	11.171272
1761	11.171272
1762	11.171272
1763	11.171272
1764	11.171272
1765	11.171272
1766	11.171272
1767	11.171272
1768	11.171272
1769	11.171272
1770	11.171272
1771	11.171272
1772	11.171272
1773	11.171272
1774	11.171272
1775	11.171272
1776	11.171272
1777	11.171272
1778	11.171272
1779	11.171272
1780	11.171272
1781	11.171272
1782	11.171272
1783	11.171272
1784	11.171272
1785	11.171272
1786	11.171272
1787	11.171272
1788	11.171272
1789	11.171272
1790	11.171272
1791	11.171272
1792	11.171272
1793	11.171272
1794	11.171272
1795	11.171272
1796	11.171272
1797	11.171272
1798	11.171272
1799	11.171272
1800	11.171272
1801	11.171272
1802	11.171272
1803	11.171272
1804	11.171272
1805	11.171272
1806	11.171272
1807	11.171272
1808	11.171272
1809	11.171272
1810	11.171272
1811	11.171272
1812	11.171272
1813	11.171272
1814	11.171272
1815	11.171272
1816	11.171272
1817	11.171272
1818	11.171272
1819	11.171272
1820	11.171272
1821	11.171272
1822	11.171272
1823	11.171272
1824	11.171272
1825	11.173615
1826	11.173615
1827	11.173615
1828	11.173615
1829	11.173615
1830	11.173615
1831	11.173615
1832	11.173615
1833	11.173615
1834	11.173615
1835	11.173615
1836	11.173615
1837	11.173615
1838	11.173615
1839	11.173615
1840	11.173615
1841	11.173615
1842	11.173615
1843	11.173615
1844	11.173615
1845	11.173615
1846	11.173615
1847	11.173615
1848	11.173615
1849	11.173615
1850	11.173615
1851	11.173615
1852	11.173615
1853	11.173615
1854	11.173615
1855	11.173615
1856	11.173615
1857	11.173615
1858	11.173615
1859	11.173615
1860	11.173615
1861	11.173615
1862	11.173615
1863	11.173615
1864	11.173615
1865	11.173615
1866	11.173615
1867	11.173615
1868	11.173615
1869	11.173615
1870	11.173615
1871	11.173615
1872	11.173615
1873	11.173615
1874	11.173615
1875	11.173615
1876	11.173615
1877	11.173615
1878	11.173615
1879	11.173615
1880	11.173615
1881	11.173615
1882	11.173615
1883	11.173615
1884	11.173615
1885	11.173615
1886	11.173615
1887	11.173615
1888	11.173615
1889	11.173615
1890	11.173615
1891	11.173615
1892	11.173615
1893	11.173615
1894	11.173615
1895	11.173615
1896	11.173615
1897	11.173615
1898	11.173615
1899	11.173615
1900	11.173615
1901	11.173615
1902	11.173615
1903	11.173615
1904	11.173615
1905	11.173615
1906	11.173615
1907	11.173615
1908	11.173615
1909	11.173615
1910	11.173615
1911	11.173615
1912	11.173615
1913	11.173615
1914	11.173615
1915	11.173615
1916	11.173615
1917	11.173615
1918	11.173615
1919	11.173615
1920	11.173615
1921	11.173615
1922	11.173615
1923	11.173615
1924	11.173615
1925	11.173615
1926	11.173615
1927	11.173615
1928	11.173615
1929	11.173615
1930	11.173615
1931	11.173615
1932	11.171272
1933	11.171272
1934	11.171272
1935	11.171272
1936	11.171272
1937	11.171272
1938	11.171272
1939	11.173615
1940	11.173615
1941	11.173615
1942	11.173615
1943	11.173615
1944	11.173615
1945	11.173615
1946	11.173615
1947	11.173615
1948	11.173615
1949	11.173615
1950	11.173615
1951	11.173615
1952	11.173615
1953	11.173615
1954	11.173615
1955	11.173615
1956	11.173615
1957	11.173615
1958	11.173615
1959	11.173615
1960	11.173615
1961	11.173615
1962	11.173615
1963	11.173615
1964	11.173615
1965	11.173615
1966	11.173615
1967	11.173615
1968	11.173615
1969	11.173615
1970	11.173615
1971	11.173615
1972	11.173615
1973	11.173615
1974	11.173615
1975	11.173615
1976	11.173615
1977	11.173615
1978	11.173615
1979	11.173615
1980	11.173615
1981	11.173615
1982	11.173615
1983	11.173615
1984	11.173615
1985	11.173615
1986	11.173615
1987	11.173615
1988	11.173615
1989	11.173615
1990	11.173615
1991	11.173615
1992	11.173615
1993	11.173615
1994	11.173615
1995	11.173615
1996	11.173615
1997	11.173615
1998	11.173615
1999	11.173615
2000	11.173615
2001	11.173615
2002	11.173615
2003	11.173615
2004	11.173615
2005	11.173615
2006	11.173615
2007	11.173615
2008	11.173615
2009	11.173615
2010	11.173615
2011	11.173615
2012	11.173615
2013	11.173615
2014	11.173615
2015	11.173615
2016	11.173615
2017	11.173615
2018	11.173615
2019	11.173615
2020	11.173615
2021	11.173615
2022	11.173615
2023	11.173615
2024	11.173615
2025	11.173615
2026	11.173615
2027	11.173615
2028	11.173615
2029	11.173615
2030	11.173615
2031	11.173615
2032	11.173615
2033	11.173615
2034	11.173615
2035	11.173615
2036	11.173615
2037	11.173615
2038	11.173615
2039	11.173615
2040	11.173615
2041	11.173615
2042	11.173615
2043	11.173615
2044	11.173615
2045	11.173615
2046	11.173615
2047	11.173615
2048	11.173615
2049	11.173615
2050	11.173615
2051	11.173615
2052	11.173615
2053	11.173615
2054	11.176003
2055	11.176003
2056	11.176003
2057	11.176003
2058	11.176003
2059	11.176003
2060	11.176003
2061	11.176003
2062	11.176003
2063	11.176003
2064	11.176003
2065	11.176003
2066	11.176003
2067	11.176003
2068	11.176003
2069	11.176003
2070	11.176003
2071	11.176003
2072	11.176003
2073	11.176003
2074	11.176003
2075	11.176003
2076	11.176003
2077	11.176003
2078	11.176003
2079	11.176003
2080	11.176003
2081	11.176003
2082	11.176003
2083	11.176003
2084	11.176003
2085	11.176003
2086	11.176003
2087	11.176003
2088	11.176003
2089	11.176003
2090	11.176003
2091	11.176003
2092	11.176003
2093	11.176003
2094	11.176003
2095	11.176003
2096	11.176003
2097	11.176003
2098	11.176003
2099	11.176003
2100	11.176003
2101	11.176003
2102	11.176003
2103	11.176003
2104	11.176003
2105	11.176003
2106	11.176003
2107	11.176003
2108	11.176003
2109	11.176003
2110	11.176003
2111	11.176003
2112	11.176003
2113	11.176003
2114	11.176003
2115	11.176003
2116	11.176003
2117	11.176003
2118	11.176003
2119	11.176003
2120	11.176003
2121	11.176003
2122	11.176003
2123	11.176003
2124	11.176003
2125	11.176003
2126	11.176003
2127	11.176003
2128	11.176003
2129	11.176003
2130	11.176003
2131	11.176003
2132	11.176003
2133	11.176003
2134	11.176003
2135	11.176003
2136	11.176003
2137	11.176003
2138	11.176003
2139	11.176003
2140	11.176003
2141	11.176003
2142	11.176003
2143	11.176003
2144	11.176003
2145	11.176003
2146	11.176003
2147	11.176003
2148	11.176003
2149	11.176003
2150	11.176003
2151	11.176003
2152	11.176003
2153	11.176003
2154	11.176003
2155	11.176003
2156	11.176003
2157	11.176003
2158	11.176003
2159	11.176003
2160	11.176003
2161	11.176003
2162	11.176003
2163	11.176003
2164	11.176003
2165	11.176003
2166	11.176003
2167	11.176003
2168	11.176003
2169	11.176003
2170	11.176003
2171	11.176003
2172	11.176003
2173	11.176003
2174	11.176003
2175	11.176003
2176	11.176003
2177	11.176003
2178	11.176003
2179	11.176003
2180	11.176003
2181	11.176003
2182	11.176003
2183	11.176003
2184	11.176003
2185	11.176003
2186	11.176003
2187	11.176003
2188	11.176003
2189	11.176003
2190	11.176003
2191	11.176003
2192	11.176003
2193	11.176003
2194	11.176003
2195	11.176003
2196	11.176003
2197	11.176003
2198	11.176003
2199	11.176003
2200	11.176003
2201	11.176003
2202	11.176003
2203	11.176003
2204	11.176003
2205	11.176003
2206	11.176003
2207	11.176003
2208	11.176003
2209	11.176003
2210	11.176003
2211	11.176003
2212	11.176003
2213	11.176003
2214	11.176003
2215	11.176003
2216	11.176003
2217	11.176003
2218	11.176003
2219	11.176003
2220	11.176003
2221	11.176003
2222	11.176003
2223	11.176003
2224	11.176003
2225	11.176003
2226	11.176003
2227	11.176003
2228	11.176003
2229	11.176003
2230	11.176003
2231	11.176003
2232	11.176003
2233	11.176003
2234	11.176003
2235	11.176003
2236	11.176003
2237	11.176003
2238	11.176003
2239	11.176003
2240	11.176003
2241	11.176003
2242	11.176003
2243	11.176003
2244	11.176003
2245	11.176003
2246	11.176003
2247	11.176003
2248	11.176003
2249	11.176003
2250	11.176003
2251	11.176003
2252	11.176003
2253	11.176003
2254	11.176003
2255	11.176003
2256	11.176003
2257	11.176003
2258	11.176003
2259	11.176003
2260	11.176003
2261	11.176003
2262	11.176003
2263	11.176003
2264	11.176003
2265	11.176003
2266	11.176003
2267	11.176003
2268	11.176003
2269	11.176003
2270	11.176003
2271	11.176003
2272	11.176003
2273	11.176003
2274	11.176003
2275	11.176003
2276	11.176003
2277	11.176003
2278	11.176003
2279	11.176003
2280	11.176003
2281	11.176003
2282	11.176003
2283	11.176003
2284	11.176003
2285	11.176003
2286	11.176003
2287	11.176003
2288	11.176003
2289	11.176003
2290	11.176003
2291	11.176003
2292	11.176003
2293	11.176003
2294	11.176003
2295	11.176003
2296	11.176003
2297	11.176003
2298	11.176003
2299	11.176003
2300	11.176003
2301	11.176003
2302	11.176003
2303	11.176003
2304	11.176003
2305	11.176003
2306	11.176003
2307	11.176003
2308	11.176003
2309	11.176003
2310	11.176003
2311	11.176003
2312	11.176003
2313	11.176003
2314	11.176003
2315	11.176003
2316	11.176003
2317	11.176003
2318	11.176003
2319	11.176003
2320	11.176003
2321	11.176003
2322	11.176003
2323	11.176003
2324	11.176003
2325	11.176003
2326	11.176003
2327	11.176003
2328	11.176003
2329	11.176003
2330	11.176003
2331	11.176003
2332	11.176003
2333	11.176003
2334	11.176003
2335	11.176003
2336	11.176003
2337	11.176003
2338	11.176003
2339	11.176003
2340	11.176003
2341	11.176003
2342	11.176003
2343	11.176003
2344	11.176003
2345	11.176003
2346	11.176003
2347	11.176003
2348	11.176003
2349	11.176003
2350	11.176003
2351	11.176003
2352	11.176003
2353	11.176003
2354	11.176003
2355	11.176003
2356	11.176003
2357	11.176003
2358	11.176003
2359	11.176003
2360	11.176003
2361	11.176003
2362	11.176003
2363	11.176003
2364	11.176003
2365	11.176003
2366	11.176003
2367	11.176003
2368	11.176003
2369	11.176003
2370	11.176003
2371	11.176003
2372	11.176003
2373	11.176003
2374	11.176003
2375	11.176003
2376	11.176003
2377	11.176003
2378	11.176003
2379	11.176003
2380	11.176003
2381	11.176003
2382	11.176003
2383	11.176003
2384	11.176003
2385	11.176003
2386	11.176003
2387	11.176003
2388	11.176003
2389	11.176003
2390	11.176003
2391	11.176003
2392	11.176003
2393	11.176003
2394	11.176003
2395	11.176003
2396	11.176003
2397	11.176003
2398	11.176003
2399	11.176003
2400	11.176003
2401	11.176003
2402	11.176003
2403	11.176003
2404	11.176003
2405	11.176003
2406	11.176003
2407	11.176003
2408	11.176003
2409	11.176003
2410	11.176003
2411	11.176003
2412	11.176003
2413	11.176003
2414	11.176003
2415	11.176003
2416	11.176003
2417	11.176003
2418	11.176003
2419	11.176003
2420	11.176003
2421	11.176003
2422	11.176003
2423	11.176003
2424	11.176003
2425	11.176003
2426	11.176003
2427	11.176003
2428	11.176003
2429	11.176003
2430	11.176003
2431	11.176003
2432	11.176003
2433	11.176003
2434	11.176003
2435	11.176003
2436	11.176003
2437	11.176003
2438	11.176003
2439	11.176003
2440	11.176003
2441	11.176003
2442	11.176003
2443	11.176003
2444	11.176003
2445	11.176003
2446	11.176003
2447	11.176003
2448	11.176003
2449	11.176003
2450	11.176003
2451	11.176003
2452	11.176003
2453	11.176003
2454	11.176003
2455	11.176003
2456	11.176003
2457	11.176003
2458	11.176003
2459	11.176003
2460	11.176003
2461	11.176003
2462	11.176003
2463	11.176003
2464	11.176003
2465	11.176003
2466	11.176003
2467	11.176003
2468	11.176003
2469	11.176003
2470	11.176003
2471	11.176003
2472	11.176003
2473	11.176003
2474	11.176003
2475	11.176003
2476	11.176003
2477	11.176003
2478	11.176003
2479	11.176003
2480	11.176003
2481	11.176003
2482	11.176003
2483	11.176003
2484	11.176003
2485	11.176003
2486	11.176003
2487	11.176003
2488	11.176003
2489	11.176003
2490	11.176003
2491	11.176003
2492	11.176003
2493	11.176003
2494	11.176003
2495	11.176003
2496	11.176003
2497	11.176003
2498	11.176003
2499	11.176003
2500	11.176003
2501	11.176003
2502	11.176003
2503	11.176003
2504	11.176003
2505	11.176003
2506	11.176003
2507	11.176003
2508	11.176003
2509	11.176003
2510	11.176003
2511	11.176003
2512	11.176003
2513	11.176003
2514	11.176003
2515	11.176003
2516	11.176003
2517	11.176003
2518	11.176003
2519	11.176003
2520	11.176003
2521	11.176003
2522	11.176003
2523	11.176003
2524	11.176003
2525	11.176003
2526	11.176003
2527	11.176003
2528	11.176003
2529	11.176003
2530	11.176003
2531	11.176003
2532	11.176003
2533	11.176003
2534	11.176003
2535	11.176003
2536	11.176003
2537	11.176003
2538	11.176003
2539	11.176003
2540	11.176003
2541	11.176003
2542	11.176003
2543	11.176003
2544	11.176003
2545	11.176003
2546	11.176003
2547	11.176003
2548	11.176003
2549	11.176003
2550	11.176003
2551	11.176003
2552	11.176003
2553	11.176003
2554	11.176003
2555	11.176003
2556	11.176003
2557	11.176003
2558	11.176003
2559	11.176003
2560	11.176003
2561	11.176003
2562	11.176003
2563	11.176003
2564	11.176003
2565	11.176003
2566	11.176003
2567	11.176003
2568	11.176003
2569	11.176003
2570	11.176003
2571	11.176003
2572	11.176003
2573	11.176003
2574	11.176003
2575	11.176003
2576	11.176003
2577	11.176003
2578	11.176003
2579	11.176003
2580	11.176003
2581	11.176003
2582	11.176003
2583	11.176003
2584	11.176003
2585	11.176003
2586	11.176003
2587	11.176003
2588	11.176003
2589	11.176003
2590	11.176003
2591	11.176003
2592	11.176003
2593	11.176003
2594	11.176003
2595	11.176003
2596	11.176003
2597	11.176003
2598	11.176003
2599	11.176003
2600	11.176003
2601	11.176003
2602	11.176003
2603	11.176003
2604	11.176003
2605	11.176003
2606	11.176003
2607	11.176003
2608	11.176003
2609	11.176003
2610	11.176003
2611	11.176003
2612	11.176003
2613	11.176003
2614	11.176003
2615	11.176003
2616	11.176003
2617	11.176003
2618	11.176003
2619	11.176003
2620	11.176003
2621	11.176003
2622	11.176003
2623	11.176003
2624	11.176003
2625	11.176003
2626	11.176003
2627	11.176003
2628	11.176003
2629	11.176003
2630	11.176003
2631	11.176003
2632	11.176003
2633	11.176003
2634	11.176003
2635	11.176003
2636	11.176003
2637	11.176003
2638	11.176003
2639	11.176003
2640	11.176003
2641	11.176003
2642	11.176003
2643	11.176003
2644	11.176003
2645	11.176003
2646	11.176003
2647	11.176003
2648	11.176003
2649	11.176003
2650	11.176003
2651	11.176003
2652	11.176003
2653	11.176003
2654	11.176003
2655	11.176003
2656	11.176003
2657	11.176003
2658	11.176003
2659	11.176003
2660	11.176003
2661	11.176003
2662	11.176003
2663	11.176003
2664	11.176003
2665	11.176003
2666	11.176003
2667	11.176003
2668	11.176003
2669	11.176003
2670	11.176003
2671	11.176003
2672	11.176003
2673	11.176003
2674	11.176003
2675	11.176003
2676	11.176003
2677	11.176003
2678	11.176003
2679	11.176003
2680	11.176003
2681	11.176003
2682	11.176003
2683	11.176003
2684	11.176003
2685	11.176003
2686	11.176003
2687	11.176003
2688	11.176003
2689	11.176003
2690	11.176003
2691	11.176003
2692	11.176003
2693	11.176003
2694	11.176003
2695	11.176003
2696	11.176003
2697	11.176003
2698	11.176003
2699	11.176003
2700	11.176003
2701	11.176003
2702	11.176003
2703	11.176003
2704	11.176003
2705	11.176003
2706	11.176003
2707	11.176003
2708	11.176003
2709	11.176003
2710	11.176003
2711	11.176003
2712	11.176003
2713	11.176003
2714	11.176003
2715	11.176003
2716	11.176003
2717	11.176003
2718	11.176003
2719	11.176003
2720	11.176003
2721	11.176003
2722	11.176003
2723	11.176003
2724	11.176003
2725	11.176003
2726	11.176003
2727	11.176003
2728	11.176003
2729	11.176003
2730	11.176003
2731	11.176003
2732	11.176003
2733	11.176003
2734	11.176003
2735	11.176003
2736	11.176003
2737	11.176003
2738	11.176003
2739	11.176003
2740	11.176003
2741	11.176003
2742	11.176003
2743	11.176003
2744	11.176003
2745	11.176003
2746	11.176003
2747	11.176003
2748	11.176003
2749	11.176003
2750	11.176003
2751	11.176003
2752	11.176003
2753	11.176003
2754	11.176003
2755	11.176003
2756	11.176003
2757	11.176003
2758	11.176003
2759	11.176003
2760	11.176003
2761	11.176003
2762	11.176003
2763	11.176003
2764	11.176003
2765	11.176003
2766	11.176003
2767	11.176003
2768	11.176003
2769	11.176003
2770	11.176003
2771	11.176003
2772	11.176003
2773	11.176003
2774	11.176003
2775	11.176003
2776	11.176003
2777	11.176003
2778	11.176003
2779	11.176003
2780	11.176003
2781	11.176003
2782	11.176003
2783	11.176003
2784	11.176003
2785	11.176003
2786	11.176003
2787	11.176003
2788	11.176003
2789	11.176003
2790	11.176003
2791	11.176003
2792	11.176003
2793	11.176003
2794	11.176003
2795	11.176003
2796	11.176003
2797	11.176003
2798	11.176003
2799	11.176003
2800	11.176003
2801	11.176003
2802	11.176003
2803	11.176003
2804	11.176003
2805	11.176003
2806	11.176003
2807	11.176003
2808	11.176003
2809	11.176003
2810	11.176003
2811	11.176003
2812	11.176003
2813	11.176003
2814	11.176003
2815	11.176003
2816	11.176003
2817	11.176003
2818	11.176003
2819	11.176003
2820	11.176003
2821	11.176003
2822	11.176003
2823	11.176003
2824	11.176003
2825	11.176003
2826	11.176003
2827	11.176003
2828	11.176003
2829	11.176003
2830	11.176003
2831	11.176003
2832	11.176003
2833	11.176003
2834	11.176003
2835	11.176003
2836	11.176003
2837	11.176003
2838	11.176003
2839	11.176003
2840	11.176003
2841	11.176003
2842	11.176003
2843	11.176003
2844	11.176003
2845	11.176003
2846	11.176003
2847	11.176003
2848	11.176003
2849	11.176003
2850	11.176003
2851	11.176003
2852	11.176003
2853	11.176003
2854	11.176003
2855	11.176003
2856	11.176003
2857	11.176003
2858	11.176003
2859	11.176003
2860	11.176003
2861	11.176003
2862	11.176003
2863	11.176003
2864	11.176003
2865	11.176003
2866	11.176003
2867	11.176003
2868	11.176003
2869	11.176003
2870	11.176003
2871	11.176003
2872	11.176003
2873	11.176003
2874	11.176003
2875	11.176003
2876	11.176003
2877	11.176003
2878	11.176003
2879	11.176003
2880	11.176003
2881	11.176003
2882	11.176003
2883	11.176003
2884	11.176003
2885	11.176003
2886	11.176003
2887	11.176003
2888	11.176003
2889	11.176003
2890	11.176003
2891	11.176003
2892	11.176003
2893	11.176003
2894	11.176003
2895	11.176003
2896	11.176003
2897	11.176003
2898	11.176003
2899	11.176003
2900	11.176003
2901	11.176003
2902	11.176003
2903	11.176003
2904	11.176003
2905	11.176003
2906	11.176003
2907	11.176003
2908	11.176003
2909	11.176003
2910	11.176003
2911	11.176003
2912	11.176003
2913	11.176003
2914	11.176003
2915	11.176003
2916	11.176003
2917	11.176003
2918	11.176003
2919	11.176003
2920	11.176003
2921	11.176003
2922	11.176003
2923	11.176003
2924	11.176003
2925	11.176003
2926	11.176003
2927	11.176003
2928	11.176003
2929	11.176003
2930	11.176003
2931	11.176003
2932	11.176003
2933	11.176003
2934	11.176003
2935	11.176003
2936	11.176003
2937	11.176003
2938	11.176003
2939	11.176003
2940	11.176003
2941	11.176003
2942	11.176003
2943	11.176003
2944	11.176003
2945	11.176003
2946	11.176003
2947	11.176003
2948	11.176003
2949	11.176003
2950	11.176003
2951	11.176003
2952	11.176003
2953	11.176003
2954	11.176003
2955	11.176003
2956	11.176003
2957	11.176003
2958	11.176003
2959	11.176003
2960	11.176003
2961	11.176003
2962	11.176003
2963	11.176003
2964	11.176003
2965	11.176003
2966	11.176003
2967	11.176003
2968	11.176003
2969	11.176003
2970	11.176003
2971	11.176003
2972	11.176003
2973	11.176003
2974	11.176003
2975	11.176003
2976	11.176003
2977	11.176003
2978	11.176003
2979	11.176003
2980	11.176003
2981	11.176003
2982	11.176003
2983	11.176003
2984	11.176003
2985	11.176003
2986	11.176003
2987	11.176003
2988	11.176003
2989	11.176003
2990	11.176003
2991	11.176003
2992	11.176003
2993	11.176003
2994	11.176003
2995	11.176003
2996	11.176003
2997	11.176003
2998	11.176003
2999	11.176003
3000	11.176003
3001	11.176003
3002	11.176003
3003	11.176003
3004	11.176003
3005	11.176003
3006	11.176003
3007	11.176003
3008	11.176003
3009	11.176003
3010	11.176003
3011	11.176003
3012	11.176003
3013	11.176003
3014	11.176003
3015	11.176003
3016	11.176003
3017	11.176003
3018	11.176003
3019	11.176003
3020	11.176003
3021	11.176003
3022	11.176003
3023	11.176003
3024	11.176003
3025	11.176003
3026	11.176003
3027	11.176003
3028	11.176003
3029	11.176003
3030	11.176003
3031	11.176003
3032	11.176003
3033	11.176003
3034	11.176003
3035	11.176003
3036	11.176003
3037	11.176003
3038	11.176003
3039	11.176003
3040	11.176003
3041	11.176003
3042	11.176003
3043	11.176003
3044	11.176003
3045	11.176003
3046	11.176003
3047	11.176003
3048	11.176003
3049	11.176003
3050	11.176003
3051	11.176003
3052	11.176003
3053	11.176003
3054	11.176003
3055	11.176003
3056	11.176003
3057	11.176003
3058	11.176003
3059	11.176003
3060	11.176003
3061	11.176003
3062	11.176003
3063	11.176003
3064	11.176003
3065	11.176003
3066	11.176003
3067	11.176003
3068	11.176003
3069	11.176003
3070	11.176003
3071	11.176003
3072	11.176003
3073	11.176003
3074	11.176003
3075	11.176003
3076	11.176003
3077	11.176003
3078	11.176003
3079	11.176003
3080	11.176003
3081	11.176003
3082	11.176003
3083	11.176003
3084	11.176003
3085	11.176003
3086	11.176003
3087	11.176003
3088	11.176003
3089	11.176003
3090	11.176003
3091	11.176003
3092	11.176003
3093	11.176003
3094	11.176003
3095	11.176003
3096	11.176003
3097	11.176003
3098	11.176003
3099	11.176003
3100	11.176003
3101	11.176003
3102	11.176003
3103	11.176003
3104	11.176003
3105	11.176003
3106	11.176003
3107	11.176003
3108	11.176003
3109	11.176003
3110	11.176003
3111	11.176003
3112	11.176003
3113	11.176003
3114	11.176003
3115	11.176003
3116	11.176003
3117	11.176003
3118	11.176003
3119	11.176003
3120	11.176003
3121	11.176003
3122	11.176003
3123	11.176003
3124	11.176003
3125	11.176003
3126	11.176003
3127	11.176003
3128	11.176003
3129	11.176003
3130	11.176003
3131	11.176003
3132	11.176003
3133	11.176003
3134	11.176003
3135	11.176003
3136	11.176003
3137	11.176003
3138	11.176003
3139	11.176003
3140	11.176003
3141	11.176003
3142	11.176003
3143	11.176003
3144	11.176003
3145	11.176003
3146	11.176003
3147	11.176003
3148	11.176003
3149	11.176003
3150	11.176003
3151	11.176003
3152	11.176003
3153	11.176003
3154	11.176003
3155	11.176003
3156	11.176003
3157	11.176003
3158	11.176003
3159	11.176003
3160	11.176003
3161	11.176003
3162	11.176003
3163	11.176003
3164	11.176003
3165	11.176003
3166	11.176003
3167	11.176003
3168	11.176003
3169	11.176003
3170	11.176003
3171	11.176003
3172	11.176003
3173	11.176003
3174	11.176003
3175	11.176003
3176	11.176003
3177	11.176003
3178	11.176003
3179	11.176003
3180	11.176003
3181	11.176003
3182	11.176003
3183	11.176003
3184	11.176003
3185	11.176003
3186	11.176003
3187	11.176003
3188	11.176003
3189	11.176003
3190	11.176003
3191	11.176003
3192	11.176003
3193	11.176003
3194	11.176003
3195	11.176003
3196	11.176003
3197	11.176003
3198	11.176003
3199	11.176003
3200	11.176003
3201	11.176003
3202	11.176003
3203	11.176003
3204	11.176003
3205	11.176003
3206	11.176003
3207	11.176003
3208	11.176003
3209	11.176003
3210	11.176003
3211	11.176003
3212	11.176003
3213	11.176003
3214	11.176003
3215	11.176003
3216	11.176003
3217	11.176003
3218	11.176003
3219	11.176003
3220	11.176003
3221	11.176003
3222	11.176003
3223	11.176003
3224	11.176003
3225	11.176003
3226	11.176003
3227	11.176003
3228	11.176003
3229	11.176003
3230	11.176003
3231	11.176003
3232	11.176003
3233	11.176003
3234	11.176003
3235	11.176003
3236	11.176003
3237	11.176003
3238	11.176003
3239	11.176003
3240	11.176003
3241	11.176003
3242	11.176003
3243	11.176003
3244	11.176003
3245	11.176003
3246	11.176003
3247	11.176003
3248	11.176003
3249	11.176003
3250	11.176003
3251	11.176003
3252	11.176003
3253	11.176003
3254	11.176003
3255	11.176003
3256	11.176003
3257	11.176003
3258	11.176003
3259	11.176003
3260	11.176003
3261	11.176003
3262	11.176003
3263	11.176003
3264	11.176003
3265	11.176003
3266	11.176003
3267	11.176003
3268	11.176003
3269	11.176003
3270	11.176003
3271	11.176003
3272	11.176003
3273	11.176003
3274	11.176003
3275	11.176003
3276	11.176003
3277	11.176003
3278	11.176003
3279	11.176003
3280	11.176003
3281	11.176003
3282	11.176003
3283	11.176003
3284	11.176003
3285	11.176003
3286	11.176003
3287	11.176003
3288	11.176003
3289	11.176003
3290	11.176003
3291	11.176003
3292	11.176003
3293	11.176003
3294	11.176003
3295	11.176003
3296	11.176003
3297	11.176003
3298	11.176003
3299	11.176003
3300	11.176003
3301	11.176003
3302	11.176003
3303	11.176003
3304	11.176003
3305	11.176003
3306	11.176003
3307	11.176003
3308	11.176003
3309	11.176003
3310	11.176003
3311	11.176003
3312	11.176003
3313	11.176003
3314	11.176003
3315	11.176003
3316	11.176003
3317	11.176003
3318	11.176003
3319	11.176003
3320	11.176003
3321	11.176003
3322	11.176003
3323	11.176003
3324	11.176003
3325	11.176003
3326	11.176003
3327	11.176003
3328	11.176003
3329	11.176003
3330	11.176003
3331	11.176003
3332	11.176003
3333	11.176003
3334	11.176003
3335	11.176003
3336	11.176003
3337	11.176003
3338	11.176003
3339	11.176003
3340	11.176003
3341	11.176003
3342	11.176003
3343	11.176003
3344	11.176003
3345	11.176003
3346	11.176003
3347	11.176003
3348	11.176003
3349	11.176003
3350	11.176003
3351	11.176003
3352	11.176003
3353	11.176003
3354	11.176003
3355	11.176003
3356	11.176003
3357	11.176003
3358	11.176003
3359	11.176003
3360	11.176003
3361	11.176003
3362	11.176003
3363	11.176003
3364	11.176003
3365	11.176003
3366	11.176003
3367	11.176003
3368	11.176003
3369	11.176003
3370	11.176003
3371	11.176003
3372	11.176003
3373	11.176003
3374	11.176003
3375	11.176003
3376	11.176003
3377	11.176003
3378	11.176003
3379	11.176003
3380	11.176003
3381	11.176003
3382	11.176003
3383	11.176003
3384	11.176003
3385	11.176003
3386	11.176003
3387	11.176003
3388	11.176003
3389	11.176003
3390	11.176003
3391	11.176003
3392	11.176003
3393	11.176003
3394	11.176003
3395	11.176003
3396	11.176003
3397	11.176003
3398	11.176003
3399	11.176003
3400	11.176003
3401	11.176003
3402	11.176003
3403	11.176003
3404	11.176003
3405	11.176003
3406	11.176003
3407	11.176003
3408	11.176003
3409	11.176003
3410	11.176003
3411	11.176003
3412	11.176003
3413	11.176003
3414	11.176003
3415	11.176003
3416	11.176003
3417	11.176003
3418	11.176003
3419	11.176003
3420	11.176003
3421	11.176003
3422	11.176003
3423	11.176003
3424	11.176003
3425	11.176003
3426	11.176003
3427	11.176003
3428	11.176003
3429	11.176003
3430	11.176003
3431	11.176003
3432	11.176003
3433	11.176003
3434	11.176003
3435	11.176003
3436	11.176003
3437	11.176003
3438	11.176003
3439	11.176003
3440	11.176003
3441	11.176003
3442	11.176003
3443	11.176003
3444	11.176003
3445	11.176003
3446	11.176003
3447	11.176003
3448	11.176003
3449	11.176003
3450	11.176003
3451	11.176003
3452	11.176003
3453	11.176003
3454	11.176003
3455	11.176003
3456	11.176003
3457	11.176003
3458	11.176003
3459	11.176003
3460	11.176003
3461	11.176003
3462	11.176003
3463	11.176003
3464	11.176003
3465	11.176003
3466	11.176003
3467	11.176003
3468	11.176003
3469	11.176003
3470	11.176003
3471	11.176003
3472	11.176003
3473	11.176003
3474	11.176003
3475	11.176003
3476	11.176003
3477	11.176003
3478	11.176003
3479	11.176003
3480	11.176003
3481	11.176003
3482	11.176003
3483	11.176003
3484	11.176003
3485	11.176003
3486	11.176003
3487	11.176003
3488	11.176003
3489	11.176003
3490	11.176003
3491	11.176003
3492	11.176003
3493	11.176003
3494	11.176003
3495	11.176003
3496	11.176003
3497	11.176003
3498	11.176003
3499	11.176003
3500	11.176003
3501	11.176003
3502	11.176003
3503	11.176003
3504	11.176003
3505	11.176003
3506	11.176003
3507	11.176003
3508	11.176003
3509	11.176003
3510	11.176003
3511	11.176003
3512	11.176003
3513	11.176003
3514	11.176003
3515	11.176003
3516	11.176003
3517	11.176003
3518	11.176003
3519	11.176003
3520	11.176003
3521	11.176003
3522	11.176003
3523	11.176003
3524	11.176003
3525	11.176003
3526	11.176003
3527	11.176003
3528	11.176003
3529	11.176003
3530	11.176003
3531	11.176003
3532	11.176003
3533	11.176003
3534	11.176003
3535	11.176003
3536	11.176003
3537	11.176003
3538	11.176003
3539	11.176003
3540	11.176003
3541	11.176003
3542	11.176003
3543	11.176003
3544	11.176003
3545	11.176003
3546	11.176003
3547	11.176003
3548	11.176003
3549	11.176003
3550	11.176003
3551	11.176003
3552	11.176003
3553	11.176003
3554	11.176003
3555	11.176003
3556	11.176003
3557	11.176003
3558	11.176003
3559	11.176003
3560	11.176003
3561	11.176003
3562	11.176003
3563	11.176003
3564	11.176003
3565	11.176003
3566	11.176003
3567	11.176003
3568	11.176003
3569	11.176003
3570	11.176003
3571	11.176003
3572	11.176003
3573	11.176003
3574	11.176003
3575	11.176003
3576	11.176003
3577	11.176003
3578	11.176003
3579	11.176003
3580	11.176003
3581	11.176003
3582	11.176003
3583	11.176003
3584	11.176003
3585	11.176003
3586	11.176003
3587	11.176003
3588	11.176003
3589	11.176003
3590	11.176003
3591	11.176003
3592	11.176003
3593	11.176003
3594	11.176003
3595	11.176003
3596	11.176003
3597	11.176003
3598	11.176003
3599	11.176003
3600	11.176003
3601	11.176003
3602	11.176003
3603	11.176003
3604	11.176003
3605	11.176003
3606	11.176003
3607	11.176003
3608	11.176003
3609	11.176003
3610	11.176003
3611	11.176003
3612	11.176003
3613	11.176003
3614	11.176003
3615	11.176003
3616	11.176003
3617	11.176003
3618	11.176003
3619	11.176003
3620	11.176003
3621	11.176003
3622	11.176003
3623	11.176003
3624	11.176003
3625	11.176003
3626	11.176003
3627	11.176003
3628	11.176003
3629	11.176003
3630	11.176003
3631	11.176003
3632	11.176003
3633	11.176003
3634	11.176003
3635	11.176003
3636	11.176003
3637	11.176003
3638	11.176003
3639	11.176003
3640	11.176003
3641	11.176003
3642	11.176003
3643	11.176003
3644	11.176003
3645	11.176003
3646	11.176003
3647	11.176003
3648	11.176003
3649	11.176003
3650	11.176003
3651	11.176003
3652	11.176003
3653	11.176003
3654	11.176003
3655	11.176003
3656	11.176003
3657	11.176003
3658	11.176003
3659	11.176003
3660	11.176003
3661	11.176003
3662	11.176003
3663	11.176003
3664	11.176003
3665	11.176003
3666	11.176003
3667	11.176003
3668	11.176003
3669	11.176003
3670	11.176003
3671	11.176003
3672	11.176003
3673	11.176003
3674	11.176003
3675	11.176003
3676	11.176003
3677	11.176003
3678	11.176003
3679	11.176003
3680	11.176003
3681	11.176003
3682	11.176003
3683	11.176003
3684	11.176003
3685	11.176003
3686	11.176003
3687	11.176003
3688	11.176003
3689	11.176003
3690	11.176003
3691	11.176003
3692	11.176003
3693	11.176003
3694	11.176003
3695	11.176003
3696	11.176003
3697	11.176003
3698	11.176003
3699	11.176003
3700	11.176003
3701	11.176003
3702	11.176003
3703	11.176003
3704	11.176003
3705	11.176003
3706	11.176003
3707	11.176003
3708	11.176003
3709	11.176003
3710	11.176003
3711	11.176003
3712	11.176003
3713	11.176003
3714	11.176003
3715	11.176003
3716	11.176003
3717	11.176003
3718	11.176003
3719	11.176003
3720	11.176003
3721	11.176003
3722	11.176003
3723	11.176003
3724	11.176003
3725	11.176003
3726	11.176003
3727	11.176003
3728	11.176003
3729	11.176003
3730	11.176003
3731	11.176003
3732	11.176003
3733	11.176003
3734	11.176003
3735	11.176003
3736	11.176003
3737	11.176003
3738	11.176003
3739	11.176003
3740	11.176003
3741	11.176003
3742	11.176003
3743	11.176003
3744	11.176003
3745	11.176003
3746	11.176003
3747	11.176003
3748	11.176003
3749	11.176003
3750	11.176003
3751	11.176003
3752	11.176003
3753	11.176003
3754	11.176003
3755	11.176003
3756	11.176003
3757	11.176003
3758	11.176003
3759	11.176003
3760	11.176003
3761	11.176003
3762	11.176003
3763	11.176003
3764	11.176003
3765	11.176003
3766	11.176003
3767	11.176003
3768	11.176003
3769	11.176003
3770	11.176003
3771	11.176003
3772	11.176003
3773	11.176003
3774	11.176003
3775	11.176003
3776	11.176003
3777	11.176003
3778	11.176003
3779	11.176003
3780	11.176003
3781	11.176003
3782	11.176003
3783	11.176003
3784	11.176003
3785	11.176003
3786	11.176003
3787	11.176003
3788	11.176003
3789	11.176003
3790	11.176003
3791	11.176003
3792	11.176003
3793	11.176003
3794	11.176003
3795	11.176003
3796	11.176003
3797	11.176003
3798	11.176003
3799	11.176003
3800	11.176003
3801	11.176003
3802	11.176003
3803	11.176003
3804	11.176003
3805	11.176003
3806	11.176003
3807	11.176003
3808	11.176003
3809	11.176003
3810	11.176003
3811	11.176003
3812	11.176003
3813	11.176003
3814	11.176003
3815	11.176003
3816	11.176003
3817	11.176003
3818	11.176003
3819	11.176003
3820	11.176003
3821	11.176003
3822	11.176003
3823	11.176003
3824	11.176003
3825	11.176003
3826	11.176003
3827	11.176003
3828	11.176003
3829	11.176003
3830	11.176003
3831	11.176003
3832	11.176003
3833	11.176003
3834	11.176003
3835	11.176003
3836	11.176003
3837	11.176003
3838	11.176003
3839	11.176003
3840	11.176003
3841	11.176003
3842	11.176003
3843	11.176003
3844	11.176003
3845	11.176003
3846	11.176003
3847	11.176003
3848	11.176003
3849	11.176003
3850	11.176003
3851	11.176003
3852	11.176003
3853	11.176003
3854	11.176003
3855	11.176003
3856	11.176003
3857	11.176003
3858	11.176003
3859	11.176003
3860	11.176003
3861	11.176003
3862	11.176003
3863	11.176003
3864	11.176003
3865	11.176003
3866	11.176003
3867	11.176003
3868	11.176003
3869	11.176003
3870	11.176003
3871	11.176003
3872	11.176003
3873	11.176003
3874	11.176003
3875	11.176003
3876	11.176003
3877	11.176003
3878	11.176003
3879	11.176003
3880	11.176003
3881	11.176003
3882	11.176003
3883	11.176003
3884	11.176003
3885	11.176003
3886	11.176003
3887	11.176003
3888	11.176003
3889	11.176003
3890	11.176003
3891	11.176003
3892	11.176003
3893	11.176003
3894	11.176003
3895	11.176003
3896	11.176003
3897	11.176003
3898	11.176003
3899	11.176003
3900	11.176003
3901	11.176003
3902	11.176003
3903	11.176003
3904	11.176003
3905	11.176003
3906	11.176003
3907	11.176003
3908	11.176003
3909	11.176003
3910	11.176003
3911	11.176003
3912	11.176003
3913	11.176003
3914	11.176003
3915	11.176003
3916	11.176003
3917	11.176003
3918	11.176003
3919	11.176003
3920	11.176003
3921	11.176003
3922	11.176003
3923	11.176003
3924	11.176003
3925	11.176003
3926	11.176003
3927	11.176003
3928	11.176003
3929	11.176003
3930	11.176003
3931	11.176003
3932	11.176003
3933	11.176003
3934	11.176003
3935	11.176003
3936	11.176003
3937	11.176003
3938	11.176003
3939	11.176003
3940	11.176003
3941	11.176003
3942	11.176003
3943	11.176003
3944	11.176003
3945	11.176003
3946	11.176003
3947	11.176003
3948	11.176003
3949	11.176003
3950	11.176003
3951	11.176003
3952	11.176003
3953	11.176003
3954	11.176003
3955	11.176003
3956	11.176003
3957	11.176003
3958	11.176003
3959	11.176003
3960	11.176003
3961	11.176003
3962	11.176003
3963	11.176003
3964	11.176003
3965	11.176003
3966	11.176003
3967	11.176003
3968	11.176003
3969	11.176003
3970	11.176003
3971	11.176003
3972	11.176003
3973	11.176003
3974	11.176003
3975	11.176003
3976	11.176003
3977	11.176003
3978	11.176003
3979	11.176003
3980	11.176003
3981	11.176003
3982	11.176003
3983	11.176003
3984	11.176003
3985	11.176003
3986	11.176003
3987	11.176003
3988	11.176003
3989	11.176003
3990	11.176003
3991	11.176003
3992	11.176003
3993	11.176003
3994	11.176003
3995	11.176003
3996	11.176003
3997	11.176003
3998	11.176003
3999	11.176003
4000	11.176003
4001	11.176003
4002	11.176003
4003	11.176003
4004	11.176003
4005	11.176003
4006	11.176003
4007	11.176003
4008	11.176003
4009	11.176003
4010	11.176003
4011	11.176003
4012	11.176003
4013	11.176003
4014	11.176003
4015	11.176003
4016	11.176003
4017	11.176003
4018	11.176003
4019	11.176003
4020	11.176003
4021	11.176003
4022	11.176003
4023	11.176003
4024	11.176003
4025	11.176003
4026	11.176003
4027	11.176003
4028	11.176003
4029	11.176003
4030	11.176003
4031	11.176003
4032	11.176003
4033	11.176003
4034	11.176003
4035	11.176003
4036	11.176003
4037	11.176003
4038	11.176003
4039	11.176003
4040	11.176003
4041	11.176003
4042	11.176003
4043	11.176003
4044	11.176003
4045	11.176003
4046	11.176003
4047	11.176003
4048	11.176003
4049	11.176003
4050	11.176003
4051	11.176003
4052	11.176003
4053	11.176003
4054	11.176003
4055	11.176003
4056	11.176003
4057	11.176003
4058	11.176003
4059	11.176003
4060	11.176003
4061	11.176003
4062	11.176003
