1	7.217195
2	7.217195
3	7.217195
4	7.277283
5	7.377885
6	7.393769
7	7.404986
8	7.455824
9	7.501511
10	7.563353
11	7.565367
12	7.568945
13	7.613705
14	7.716225
15	7.752168
16	7.817863
17	7.817863
18	7.694237
19	7.691795
20	7.779028
21	7.793608
22	7.920208
23	7.920208
24	7.910733
25	7.892582
26	7.916615
27	7.916615
28	7.929765
29	7.935501
30	8.108808
31	8.108808
32	8.241012
33	8.24382
34	8.2662
35	8.222081
36	8.222081
37	8.35296
38	8.585892
39	8.678916
40	8.678916
41	8.689581
42	8.715921
43	8.718897
44	8.731065
45	8.731065
46	8.731065
47	8.731065
48	8.682385
49	8.77671
50	8.77671
51	8.77671
52	8.834386
53	8.834386
54	8.852756
55	9.0437
56	9.0437
57	9.01182
58	9.110506
59	9.125021
60	9.105653
61	9.019899
62	9.019899
63	9.059067
64	9.059067
65	9.090947
66	9.096917
67	9.096917
68	9.142115
69	9.142115
70	9.171012
71	9.085883
72	9.085883
73	9.067513
74	9.072013
75	9.353018
76	9.353018
77	9.353018
78	9.173554
79	9.173554
80	9.173554
81	9.186184
82	9.236383
83	9.256156
84	9.242995
85	9.242995
86	9.283275
87	9.283275
88	9.29774
89	9.29774
90	9.29774
91	9.168268
92	9.169026
93	9.207436
94	9.207436
95	9.270664
96	9.270664
97	9.306112
98	9.316816
99	9.316816
100	9.316816
101	9.316816
102	9.316816
103	9.316816
104	9.306112
105	9.306112
106	9.306112
107	9.385987
108	9.393016
109	9.448748
110	9.448748
111	9.45042
112	9.45042
113	9.461652
114	9.473508
115	9.479577
116	9.479577
117	9.891414
118	9.891414
119	9.891414
120	9.627431
121	9.627431
122	9.638135
123	9.638135
124	9.638135
125	9.638135
126	9.638135
127	9.652807
128	9.658277
129	9.658277
130	9.658277
131	9.735761
132	9.735761
133	9.735761
134	9.735761
135	9.735761
136	9.735761
137	9.735761
138	9.77998
139	9.77998
140	9.677678
141	9.951368
142	9.951368
143	9.951368
144	9.951368
145	9.951368
146	9.951368
147	9.937648
148	9.937648
149	9.937648
150	9.836041
151	9.849717
152	9.924704
153	9.677404
154	9.702874
155	9.702874
156	9.702874
157	9.712314
158	9.712314
159	9.712314
160	9.909665
161	9.909665
162	9.909665
163	9.836905
164	9.841457
165	10.072496
166	10.072496
167	10.072496
168	10.072496
169	10.072496
170	10.072496
171	10.072496
172	10.090207
173	10.090207
174	10.090207
175	10.061783
176	10.075211
177	10.075211
178	10.075211
179	10.075211
180	10.182515
181	10.182515
182	10.190224
183	10.190224
184	9.999755
185	9.999755
186	9.999755
187	10.024747
188	10.024747
189	9.953627
190	10.140272
191	10.140272
192	10.140272
193	10.140272
194	10.199348
195	10.199348
196	10.199348
197	10.199348
198	10.199348
199	10.199348
200	10.199348
201	10.199348
202	10.199348
203	10.199348
204	10.199348
205	10.0132
206	10.0132
207	10.0132
208	10.072276
209	10.117892
210	10.288321
211	10.310692
212	10.310692
213	10.310692
214	10.310692
215	10.26546
216	10.276874
217	10.276874
218	10.276874
219	10.276874
220	10.276874
221	10.276874
222	10.276874
223	10.276874
224	10.276874
225	10.276874
226	10.276874
227	10.41637
228	10.41637
229	10.41637
230	10.485416
231	10.485416
232	10.506316
233	10.449004
234	10.449004
235	10.449004
236	10.468108
237	10.468108
238	10.468108
239	10.495641
240	10.47327
241	10.47327
242	10.47327
243	10.47327
244	10.47327
245	10.47327
246	10.596849
247	10.596849
248	10.527803
249	10.527803
250	10.527803
251	10.527803
252	10.610292
253	10.610292
254	10.610292
255	10.610292
256	10.610292
257	10.610292
258	10.610292
259	10.679338
260	10.679338
261	10.679338
262	10.679338
263	10.679338
264	10.679338
265	10.544305
266	10.544305
267	10.544305
268	10.544305
269	10.544305
270	10.544305
271	10.382924
272	10.382924
273	10.382924
274	10.382924
275	10.382924
276	10.382924
277	10.382924
278	10.382924
279	10.382924
280	10.382924
281	10.382924
282	10.382924
283	10.382924
284	10.382924
285	10.382924
286	10.382924
287	10.382924
288	10.382924
289	10.382924
290	10.382924
291	10.382924
292	10.382924
293	10.382924
294	10.382924
295	10.382924
296	10.32822
297	10.32822
298	10.32822
299	10.293427
300	10.293427
301	10.293427
302	10.293427
303	10.293427
304	10.293427
305	10.293427
306	10.293427
307	10.293427
308	10.293427
309	10.306711
310	10.306711
311	10.464719
312	10.464719
313	10.464719
314	10.464719
315	10.464719
316	10.464719
317	10.469279
318	10.469279
319	10.630075
320	10.630075
321	10.630075
322	10.664782
323	10.402102
324	10.402102
325	10.402102
326	10.402102
327	10.402102
328	10.402102
329	10.402102
330	10.402102
331	10.402102
332	10.393863
333	10.393863
334	10.393863
335	10.393863
336	10.512566
337	10.512566
338	10.512566
339	10.468189
340	10.468189
341	10.468189
342	10.468189
343	10.468189
344	10.468189
345	10.468189
346	10.468189
347	10.468189
348	10.468189
349	10.468189
350	10.468189
351	10.468189
352	10.468189
353	10.755593
354	10.755593
355	10.755593
356	10.755593
357	10.755593
358	10.584243
359	10.584243
360	10.584243
361	10.584243
362	10.584243
363	10.584243
364	10.584243
365	10.584243
366	10.584243
367	10.515811
368	10.515811
369	10.528406
370	10.577078
371	10.591136
372	10.769726
373	10.769726
374	10.769726
375	10.769726
376	10.769726
377	10.769726
378	10.769726
379	10.641977
380	10.641977
381	10.593305
382	10.593305
383	10.593305
384	10.593305
385	10.593305
386	10.593305
387	10.641977
388	10.641977
389	10.641977
390	10.502876
391	10.4583
392	10.526479
393	10.526479
394	10.526479
395	10.526479
396	10.526479
397	10.526479
398	10.526479
399	10.526479
400	10.568468
401	10.568468
402	10.568468
403	10.568468
404	10.568468
405	10.460013
406	10.428354
407	10.428354
408	10.556103
409	10.557861
410	10.557861
411	10.557861
412	10.557861
413	10.557861
414	10.557861
415	10.573665
416	10.573665
417	10.573665
418	10.573665
419	10.573665
420	10.573665
421	10.52559
422	10.52559
423	10.52559
424	10.398915
425	10.398915
426	10.398915
427	10.406823
428	10.353093
429	10.353093
430	10.353093
431	10.353093
432	10.353093
433	10.378565
434	10.378565
435	10.378565
436	10.378565
437	10.378565
438	10.378565
439	10.378565
440	10.35971
441	10.35971
442	10.203346
443	10.203346
444	10.217692
445	10.217692
446	10.217692
447	10.203346
448	10.203346
449	10.203346
450	10.203346
451	10.502153
452	10.502153
453	10.583327
454	10.583327
455	10.615497
456	10.615497
457	10.59059
458	10.626205
459	10.643982
460	10.635453
461	10.635453
462	10.646316
463	10.646316
464	10.646316
465	10.646316
466	10.646316
467	10.646316
468	10.646316
469	10.646316
470	10.646316
471	10.646316
472	10.646316
473	10.646316
474	10.646316
475	10.646316
476	10.646316
477	10.7159
478	10.7159
479	10.7159
480	10.755454
481	10.755454
482	10.755454
483	10.755454
484	10.755454
485	10.755454
486	10.755454
487	10.928982
488	10.928982
489	10.928982
490	10.928982
491	10.890013
492	10.890013
493	10.890013
494	10.890013
495	10.946933
496	10.946933
497	10.946933
498	10.946933
499	10.946933
500	10.946933
501	10.946933
502	10.937335
503	10.946933
504	10.946933
505	10.946933
506	10.946933
507	10.946933
508	10.946933
509	10.946933
510	10.946933
511	10.902714
512	10.902714
513	10.902714
514	10.820225
515	10.820225
516	10.820225
517	10.732321
518	10.732321
519	10.732321
520	10.732321
521	10.683649
522	10.60547
523	10.60547
524	10.654142
525	10.654142
526	10.654142
527	10.654142
528	10.654142
529	10.654142
530	10.654142
531	10.654142
532	10.654142
533	10.654142
534	10.548198
535	10.548198
536	10.548198
537	10.548198
538	10.548198
539	10.545994
540	10.545994
541	10.545994
542	10.559716
543	10.559716
544	10.559716
545	10.497305
546	10.550239
547	10.550239
548	10.550239
549	10.550239
550	10.550239
551	10.550239
552	10.550239
553	10.56947
554	10.56947
555	10.56947
556	10.56947
557	10.56947
558	10.56947
559	10.56947
560	10.56947
561	10.56947
562	10.56947
563	10.619223
564	10.579821
565	10.579821
566	10.579821
567	10.579821
568	10.579821
569	10.579821
570	10.579821
571	10.579821
572	10.579821
573	10.692942
574	10.692942
575	10.692942
576	10.692942
577	10.692942
578	10.692942
579	10.692942
580	10.750055
581	10.796863
582	10.796863
583	10.796863
584	10.796863
585	10.796863
586	10.796863
587	10.796863
588	10.796863
589	10.796863
590	10.796863
591	10.796863
592	10.79686
593	10.79686
594	10.79686
595	10.915016
596	10.915016
597	10.915016
598	10.915016
599	10.970785
600	10.970785
601	10.970785
602	10.922113
603	10.922113
604	10.922113
605	10.922113
606	10.922113
607	10.922113
608	10.922113
609	10.970785
610	10.970785
611	10.970785
612	10.970785
613	10.970785
614	11.063889
615	11.063889
616	11.063889
617	11.063889
618	11.063889
619	10.835454
620	10.768789
621	10.761277
622	10.761277
623	10.761277
624	10.778838
625	10.778838
626	10.778838
627	10.778838
628	10.854194
629	10.854194
630	10.744663
631	10.744663
632	10.744663
633	10.751418
634	10.818083
635	10.838147
636	10.838147
637	10.838147
638	10.838147
639	10.838147
640	10.838147
641	10.838147
642	10.838147
643	10.838147
644	10.838147
645	10.838147
646	10.849333
647	10.849333
648	10.846945
649	10.868298
650	10.913122
651	10.913122
652	11.028182
653	11.028182
654	11.028182
655	11.028182
656	10.913122
657	10.913122
658	10.913122
659	10.913122
660	10.913122
661	11.028182
662	11.028182
663	11.028182
664	11.028182
665	11.028182
666	11.028182
667	11.028182
668	11.028182
669	11.028182
670	11.03057
671	11.03057
672	11.03057
673	10.978849
674	10.978849
675	10.978849
676	10.978849
677	10.978849
678	10.978849
679	10.978849
680	10.978849
681	10.978849
682	10.978849
683	10.978849
684	10.978849
685	10.978849
686	10.847
687	10.847
688	10.847
689	10.847
690	10.847
691	10.847
692	10.847
693	10.847
694	10.847
695	10.847
696	10.847
697	10.862579
698	10.862579
699	10.862579
700	10.862579
701	10.943465
702	10.943465
703	11.033981
704	11.033981
705	11.033981
706	11.033981
707	11.033981
708	11.033981
709	11.033981
710	11.033981
711	11.033981
712	11.033981
713	11.033981
714	11.033981
715	11.033981
716	11.007912
717	11.007912
718	11.007912
719	11.007912
720	11.007912
721	11.007912
722	11.007912
723	11.007912
724	11.007912
725	10.974281
726	10.95657
727	10.95657
728	10.95657
729	10.95657
730	10.95657
731	10.95657
732	10.95657
733	10.95657
734	10.95657
735	10.95657
736	10.95657
737	10.95657
738	10.95657
739	10.95657
740	10.95657
741	10.95657
742	10.95657
743	10.95657
744	10.95657
745	10.95657
746	10.95657
747	10.95657
748	10.95657
749	10.95657
750	10.95657
751	10.95657
752	10.95657
753	10.95657
754	10.95657
755	10.95657
756	10.84151
757	10.84151
758	10.84151
759	10.84151
760	10.843898
761	10.843898
762	10.843898
763	10.843898
764	10.843898
765	10.843898
766	10.843898
767	10.843898
768	10.843898
769	10.843898
770	10.843898
771	10.843898
772	10.843898
773	10.958958
774	10.958958
775	11.000619
776	11.000619
777	11.000619
778	11.000619
779	11.000619
780	11.000619
781	11.000619
782	11.000619
783	11.026373
784	11.026373
785	11.026373
786	11.026373
787	11.026373
788	11.026373
789	11.026373
790	11.026373
791	11.026373
792	11.026373
793	11.026373
794	11.026373
795	11.026373
796	11.026373
797	11.026373
798	11.026373
799	11.026373
800	11.026373
801	11.026373
802	11.010254
803	11.010254
804	11.021608
805	11.021608
806	11.021608
807	11.021608
808	11.021608
809	11.021608
810	10.870884
811	10.870884
812	10.870884
813	10.870884
814	10.870884
815	10.870884
816	10.870884
817	10.870884
818	10.870884
819	10.870884
820	10.870884
821	10.870884
822	10.870884
823	10.870884
824	10.870884
825	10.870884
826	10.870884
827	10.870884
828	10.870884
829	10.870884
830	10.870884
831	10.896356
832	10.896356
833	10.896356
834	10.896356
835	10.896356
836	10.896356
837	10.896356
838	10.896356
839	10.896356
840	10.896356
841	10.896356
842	10.896356
843	10.896356
844	10.896356
845	10.896356
846	10.896356
847	10.896356
848	10.896356
849	10.896356
850	10.896356
851	10.896356
852	10.896356
853	10.896356
854	10.896356
855	10.896356
856	10.896356
857	10.896356
858	10.857872
859	10.857872
860	10.857872
861	10.857872
862	10.857872
863	10.857872
864	10.857872
865	10.857872
866	10.857872
867	10.857872
868	10.857872
869	10.857872
870	10.857872
871	10.857872
872	10.857872
873	10.857872
874	10.857872
875	10.857872
876	10.857872
877	10.857872
878	10.857872
879	10.866031
880	10.866031
881	10.866031
882	10.866031
883	10.866031
884	10.866031
885	10.866031
886	10.884774
887	10.884774
888	10.884774
889	10.884774
890	10.884774
891	10.884774
892	10.884774
893	10.884774
894	10.884774
895	10.884774
896	10.884774
897	10.884774
898	10.884774
899	10.884774
900	10.884774
901	10.884774
902	10.884774
903	10.884774
904	10.884774
905	10.884774
906	10.884774
907	10.884774
908	10.884774
909	10.884774
910	10.884774
911	10.884774
912	10.884774
913	10.841956
914	10.841956
915	10.841956
916	10.841956
917	11.031164
918	11.031164
919	11.031164
920	11.031164
921	11.031164
922	11.031164
923	11.031164
924	11.031164
925	11.031164
926	11.031164
927	11.031164
928	11.031164
929	11.031164
930	11.031164
931	11.031164
932	11.031164
933	11.031164
934	11.031164
935	11.031164
936	11.031164
937	11.031164
938	11.031164
939	11.031164
940	11.031164
941	11.031164
942	11.031164
943	11.031164
944	11.031164
945	11.031164
946	11.031164
947	11.031164
948	11.031164
949	11.031164
950	11.031164
951	11.028776
952	11.028776
953	11.028776
954	11.028776
955	11.028776
956	11.028776
957	11.028776
958	11.028776
959	11.028776
960	11.028776
961	11.028776
962	11.028776
963	11.028776
964	11.028776
965	11.028776
966	11.028776
967	11.028776
968	11.028776
969	11.028776
970	11.028776
971	11.028776
972	11.028776
973	11.028776
974	11.028776
975	11.028776
976	11.036537
977	11.036537
978	11.036537
979	11.036537
980	11.036537
981	11.036537
982	11.036537
983	11.036537
984	11.036537
985	11.036537
986	11.036537
987	11.036537
988	11.036537
989	11.060612
990	11.060612
991	11.060612
992	11.079355
993	11.079355
994	11.079355
995	11.079355
996	11.079355
997	11.079355
998	11.079355
999	11.079355
1000	11.079355
1001	11.079355
1002	11.079355
1003	11.079355
1004	11.079355
1005	11.079355
1006	11.079355
1007	11.079355
1008	11.079355
1009	11.079355
1010	11.079355
1011	11.079355
1012	11.079355
1013	11.079355
1014	11.079355
1015	11.079355
1016	11.079355
1017	11.079355
1018	11.079355
1019	11.079355
1020	11.079355
1021	11.079355
1022	11.079355
1023	11.079355
1024	11.079355
1025	11.079355
1026	11.079355
1027	11.079355
1028	11.079355
1029	11.079355
1030	11.079355
1031	11.079355
1032	11.079355
1033	11.079355
1034	11.079355
1035	11.079355
1036	11.079355
1037	11.079355
1038	11.079355
1039	11.079355
1040	11.066728
1041	11.066728
1042	11.066728
1043	11.066728
1044	11.066728
1045	11.066728
1046	11.066728
1047	11.066728
1048	11.066728
1049	11.066728
1050	11.066728
1051	11.066728
1052	11.106984
1053	11.106984
1054	11.106984
1055	11.106984
1056	11.106984
1057	11.106984
1058	11.106984
1059	11.106984
1060	11.106984
1061	11.106984
1062	11.106984
1063	11.106984
1064	11.106984
1065	11.106984
1066	11.106984
1067	11.106984
1068	11.106984
1069	11.106984
1070	11.106984
1071	11.106984
1072	11.106984
1073	11.106984
1074	11.106984
1075	11.106984
1076	11.106984
1077	11.106984
1078	11.106984
1079	11.106984
1080	11.106984
1081	11.106984
1082	11.106984
1083	11.106984
1084	11.106984
1085	11.106984
1086	11.106984
1087	11.106984
1088	11.106984
1089	11.106984
1090	11.106984
1091	11.106984
1092	11.106984
1093	11.106984
1094	11.106984
1095	11.106984
1096	11.106984
1097	11.106984
1098	11.106984
1099	11.106984
1100	11.106984
1101	11.106984
1102	11.106984
1103	11.106984
1104	11.106984
1105	11.106984
1106	11.106984
1107	11.106984
1108	11.106984
1109	11.106984
1110	11.106984
1111	11.106984
1112	11.106984
1113	11.106984
1114	11.106984
1115	11.106984
1116	11.106984
1117	11.106984
1118	11.106984
1119	11.106984
1120	11.106984
1121	11.106984
1122	11.106984
1123	11.106984
1124	11.106984
1125	11.106984
1126	11.106984
1127	11.106984
1128	11.106984
1129	11.106984
1130	11.106984
1131	11.106984
1132	11.106984
1133	11.066728
1134	11.066728
1135	11.066728
1136	11.066728
1137	11.066728
1138	11.066728
1139	11.066728
1140	11.066728
1141	11.066728
1142	11.066728
1143	11.066728
1144	11.066728
1145	11.072626
1146	11.072626
1147	11.072626
1148	11.072626
1149	11.072626
1150	11.072626
1151	11.072626
1152	11.072626
1153	11.072626
1154	11.072626
1155	11.072626
1156	11.072626
1157	11.113601
1158	11.153857
1159	11.153857
1160	11.153857
1161	11.153857
1162	11.153857
1163	11.153857
1164	11.153857
1165	11.153857
1166	11.153857
1167	11.153857
1168	11.153857
1169	11.153857
1170	11.153857
1171	11.153857
1172	11.148484
1173	11.148484
1174	11.148484
1175	11.148484
1176	11.148484
1177	11.148484
1178	11.148484
1179	11.148484
1180	11.148484
1181	11.148484
1182	11.148484
1183	11.148484
1184	11.148484
1185	11.148484
1186	11.148484
1187	11.148484
1188	11.148484
1189	11.148484
1190	11.148484
1191	11.148484
1192	11.148484
1193	11.148484
1194	11.148484
1195	11.186493
1196	11.186493
1197	11.169976
1198	11.169976
1199	11.169976
1200	11.169976
1201	11.169976
1202	11.169976
1203	11.169976
1204	11.169976
1205	11.169976
1206	11.169976
1207	11.169976
1208	11.169976
1209	11.169976
1210	11.169976
1211	11.169976
1212	11.169976
1213	11.169976
1214	11.169976
1215	11.169976
1216	11.169976
1217	11.169976
1218	11.169976
1219	11.169976
1220	11.212562
1221	11.212562
1222	11.212562
1223	11.212562
1224	11.212562
1225	11.212562
1226	11.212562
1227	11.212562
1228	11.212562
1229	11.212562
1230	11.212562
1231	11.212562
1232	11.212562
1233	11.212562
1234	11.212562
1235	11.212562
1236	11.212562
1237	11.212562
1238	11.212562
1239	11.212562
1240	11.212562
1241	11.212562
1242	11.212562
1243	11.212562
1244	11.212562
1245	11.212562
1246	11.212562
1247	11.212562
1248	11.212562
1249	11.212562
1250	11.212562
1251	11.212562
1252	11.212562
1253	11.212562
1254	11.212562
1255	11.212562
1256	11.212562
1257	11.212562
1258	11.212562
1259	11.212562
1260	11.212562
1261	11.212562
1262	11.216144
1263	11.216144
1264	11.216144
1265	11.216144
1266	11.216144
1267	11.216144
1268	11.216144
1269	11.216144
1270	11.216144
1271	11.216144
1272	11.216144
1273	11.216144
1274	11.216144
1275	11.216144
1276	11.216144
1277	11.216144
1278	11.216144
1279	11.216144
1280	11.216144
1281	11.216144
1282	11.216144
1283	11.216144
1284	11.216144
1285	11.216144
1286	11.216144
1287	11.216144
1288	11.216144
1289	11.216144
1290	11.216144
1291	11.216144
1292	11.216144
1293	11.216144
1294	11.216144
1295	11.216144
1296	11.216144
1297	11.216144
1298	11.216144
1299	11.216144
1300	11.216144
1301	11.216144
1302	11.216144
1303	11.216144
1304	11.216144
1305	11.216144
1306	11.216144
1307	11.216144
1308	11.216144
1309	11.216144
1310	11.216144
1311	11.216144
1312	11.216144
1313	11.216144
1314	11.216144
1315	11.216144
1316	11.216144
1317	11.216144
1318	11.216144
1319	11.216144
1320	11.216144
1321	11.216144
1322	11.216144
1323	11.216144
1324	11.216144
1325	11.216144
1326	11.216144
1327	11.216144
1328	11.216144
1329	11.216144
1330	11.216144
1331	11.216144
1332	11.216144
1333	11.216144
1334	11.216144
1335	11.216144
1336	11.216144
1337	11.216144
1338	11.216144
1339	11.216144
1340	11.216144
1341	11.216144
1342	11.216144
1343	11.216144
1344	11.216144
1345	11.216144
1346	11.216144
1347	11.216144
1348	11.216144
1349	11.216144
1350	11.216144
1351	11.216144
1352	11.216144
1353	11.216144
1354	11.216144
1355	11.216144
1356	11.216144
1357	11.216144
1358	11.216144
1359	11.216144
1360	11.216144
1361	11.216144
1362	11.216144
1363	11.216144
1364	11.216144
1365	11.216144
1366	11.216144
1367	11.216144
1368	11.216144
1369	11.216144
1370	11.216144
1371	11.216144
1372	11.216144
1373	11.216144
1374	11.216144
1375	11.216144
1376	11.216144
1377	11.216144
1378	11.216144
1379	11.216144
1380	11.216144
1381	11.216144
1382	11.216144
1383	11.216144
1384	11.216144
1385	11.216144
1386	11.216144
1387	11.216144
1388	11.216144
1389	11.216144
1390	11.216144
1391	11.216144
1392	11.216144
1393	11.216144
1394	11.216144
1395	11.216144
1396	11.216144
1397	11.216144
1398	11.216144
1399	11.216144
1400	11.216144
1401	11.216144
1402	11.216144
1403	11.216144
1404	11.216144
1405	11.20479
1406	11.20479
1407	11.20479
1408	11.20479
1409	11.20479
1410	11.20479
1411	11.20479
1412	11.20479
1413	11.20479
1414	11.20479
1415	11.20479
1416	11.20479
1417	11.20479
1418	11.20479
1419	11.20479
1420	11.201208
1421	11.201208
1422	11.201208
1423	11.201208
1424	11.201208
1425	11.201208
1426	11.201208
1427	11.201208
1428	11.201208
1429	11.201208
1430	11.201208
1431	11.201208
1432	11.201208
1433	11.201208
1434	11.201208
1435	11.201208
1436	11.201208
1437	11.201208
1438	11.201208
1439	11.201208
1440	11.201208
1441	11.201208
1442	11.201208
1443	11.201208
1444	11.201208
1445	11.201208
1446	11.201208
1447	11.201208
1448	11.201208
1449	11.201208
1450	11.201208
1451	11.201208
1452	11.201208
1453	11.199417
1454	11.199417
1455	11.199417
1456	11.199417
1457	11.199417
1458	11.199417
1459	11.199417
1460	11.199417
1461	11.199417
1462	11.199417
1463	11.199417
1464	11.199417
1465	11.199417
1466	11.199417
1467	11.199417
1468	11.199417
1469	11.159161
1470	11.159161
1471	11.159161
1472	11.159161
1473	11.159161
1474	11.159161
1475	11.159161
1476	11.159161
1477	11.159161
1478	11.159161
1479	11.159161
1480	11.159161
1481	11.17528
1482	11.17528
1483	11.17528
1484	11.17528
1485	11.17528
1486	11.17528
1487	11.17528
1488	11.17528
1489	11.17528
1490	11.17528
1491	11.17528
1492	11.17528
1493	11.17528
1494	11.17528
1495	11.17528
1496	11.17528
1497	11.17528
1498	11.17528
1499	11.17528
1500	11.17528
1501	11.17528
1502	11.17528
1503	11.197235
1504	11.197235
1505	11.197235
1506	11.197235
1507	11.197235
1508	11.197235
1509	11.197235
1510	11.197235
1511	11.197235
1512	11.197235
1513	11.197235
1514	11.197235
1515	11.197235
1516	11.197235
1517	11.197235
1518	11.197235
1519	11.197235
1520	11.197235
1521	11.197235
1522	11.197235
1523	11.237491
1524	11.237491
1525	11.237491
1526	11.237491
1527	11.237491
1528	11.237491
1529	11.237491
1530	11.237491
1531	11.237491
1532	11.237491
1533	11.237491
1534	11.237491
1535	11.237491
1536	11.237491
1537	11.237491
1538	11.237491
1539	11.237491
1540	11.237491
1541	11.237491
1542	11.237491
1543	11.237491
1544	11.237491
1545	11.237491
1546	11.237491
1547	11.237491
1548	11.237491
1549	11.237491
1550	11.237491
1551	11.237491
1552	11.237491
1553	11.237491
1554	11.237491
1555	11.237491
1556	11.237491
1557	11.237491
1558	11.237491
1559	11.237491
1560	11.237491
1561	11.237491
1562	11.237491
1563	11.237491
1564	11.237491
1565	11.237491
1566	11.237491
1567	11.237491
1568	11.237491
1569	11.237491
1570	11.237491
1571	11.237491
1572	11.237491
1573	11.237491
1574	11.237491
1575	11.237491
1576	11.241073
1577	11.241073
1578	11.241073
1579	11.241073
1580	11.241073
1581	11.241073
1582	11.241073
1583	11.241073
1584	11.241073
1585	11.241073
1586	11.241073
1587	11.241073
1588	11.241073
1589	11.241073
1590	11.241073
1591	11.241073
1592	11.241073
1593	11.241073
1594	11.241073
1595	11.241073
1596	11.241073
1597	11.241073
1598	11.241073
1599	11.241073
1600	11.241073
1601	11.241073
1602	11.241073
1603	11.241073
1604	11.241073
1605	11.241073
1606	11.241073
1607	11.241073
1608	11.241073
1609	11.241073
1610	11.241073
1611	11.241073
1612	11.241073
1613	11.241073
1614	11.242864
1615	11.242864
1616	11.242864
1617	11.242864
1618	11.242864
1619	11.242864
1620	11.242864
1621	11.242864
1622	11.242864
1623	11.242864
1624	11.242864
1625	11.242864
1626	11.242864
1627	11.242864
1628	11.242864
1629	11.242864
1630	11.242864
1631	11.242864
1632	11.242864
1633	11.242864
1634	11.242864
1635	11.242864
1636	11.242864
1637	11.242864
1638	11.242864
1639	11.242864
1640	11.242864
1641	11.242864
1642	11.242864
1643	11.242864
1644	11.242864
1645	11.242864
1646	11.242864
1647	11.242864
1648	11.242864
1649	11.242864
1650	11.242864
1651	11.242864
1652	11.242864
1653	11.242864
1654	11.242864
1655	11.242864
1656	11.242864
1657	11.242864
1658	11.242864
1659	11.242864
1660	11.242864
1661	11.242864
1662	11.242864
1663	11.242864
1664	11.242864
1665	11.242864
1666	11.242864
1667	11.242864
1668	11.242864
1669	11.242864
1670	11.242864
1671	11.242864
1672	11.242864
1673	11.242864
1674	11.242864
1675	11.242864
1676	11.242864
1677	11.242864
1678	11.242864
1679	11.242864
1680	11.242864
1681	11.242864
1682	11.242864
1683	11.242864
1684	11.242864
1685	11.242864
1686	11.242864
1687	11.242864
1688	11.242864
1689	11.242864
1690	11.242864
1691	11.242864
1692	11.242864
1693	11.242864
1694	11.242864
1695	11.242864
1696	11.242864
1697	11.242864
1698	11.242864
1699	11.242864
1700	11.242864
1701	11.242864
1702	11.242864
1703	11.242864
1704	11.242864
1705	11.242864
1706	11.242864
1707	11.242864
1708	11.242864
1709	11.242864
1710	11.242864
1711	11.242864
1712	11.242864
1713	11.242864
1714	11.242864
1715	11.242864
1716	11.242864
1717	11.242864
1718	11.242864
1719	11.242864
1720	11.242864
1721	11.242864
1722	11.242864
1723	11.242864
1724	11.242864
1725	11.242864
1726	11.242864
1727	11.242864
1728	11.242864
1729	11.242864
1730	11.242864
1731	11.242864
1732	11.242864
1733	11.248592
1734	11.248592
1735	11.248592
1736	11.248592
1737	11.248592
1738	11.248592
1739	11.248592
1740	11.248592
1741	11.248592
1742	11.248592
1743	11.248592
1744	11.248592
1745	11.248592
1746	11.248592
1747	11.248592
1748	11.248592
1749	11.248592
1750	11.248592
1751	11.248592
1752	11.248592
1753	11.248592
1754	11.248592
1755	11.248592
1756	11.248592
1757	11.248484
1758	11.248484
1759	11.259169
1760	11.279889
1761	11.279889
1762	11.279889
1763	11.279889
1764	11.279889
1765	11.279889
1766	11.279889
1767	11.279889
1768	11.279889
1769	11.279889
1770	11.279889
1771	11.279889
1772	11.279889
1773	11.279889
1774	11.279889
1775	11.279889
1776	11.279889
1777	11.279889
1778	11.279889
1779	11.279889
1780	11.279889
1781	11.279889
1782	11.279889
1783	11.279889
1784	11.279889
1785	11.279889
1786	11.279889
1787	11.279889
1788	11.279889
1789	11.279889
1790	11.279889
1791	11.279889
1792	11.279889
1793	11.279889
1794	11.279889
1795	11.279889
1796	11.279889
1797	11.279889
1798	11.279889
1799	11.279889
1800	11.279889
1801	11.279889
1802	11.279889
1803	11.279889
1804	11.279889
1805	11.279889
1806	11.279889
1807	11.279889
1808	11.279889
1809	11.279889
1810	11.279889
1811	11.279889
1812	11.279889
1813	11.279889
1814	11.279889
1815	11.279889
1816	11.279889
1817	11.279889
1818	11.279889
1819	11.279889
1820	11.279889
1821	11.279889
1822	11.279889
1823	11.279889
1824	11.279889
1825	11.279889
1826	11.279889
1827	11.279889
1828	11.279889
1829	11.279889
1830	11.279889
1831	11.279889
1832	11.279889
1833	11.279889
1834	11.279889
1835	11.279889
1836	11.279889
1837	11.279889
1838	11.279889
1839	11.279889
1840	11.279889
1841	11.279889
1842	11.279889
1843	11.279889
1844	11.279889
1845	11.279889
1846	11.279889
1847	11.279889
1848	11.279889
1849	11.279889
1850	11.279889
1851	11.279889
1852	11.279889
1853	11.279889
1854	11.279889
1855	11.279889
1856	11.279889
1857	11.279889
1858	11.279889
1859	11.279889
1860	11.279889
1861	11.279889
1862	11.279889
1863	11.279889
1864	11.279889
1865	11.279889
1866	11.279889
1867	11.279889
1868	11.279889
1869	11.279889
1870	11.279889
1871	11.279889
1872	11.279889
1873	11.279889
1874	11.279889
1875	11.279889
1876	11.279889
1877	11.279889
1878	11.279889
1879	11.279889
1880	11.279889
1881	11.279889
1882	11.279889
1883	11.279889
1884	11.279889
1885	11.279889
1886	11.279889
1887	11.279889
1888	11.279889
1889	11.279889
1890	11.279889
1891	11.279889
1892	11.279889
1893	11.279889
1894	11.279889
1895	11.279889
1896	11.279889
1897	11.279889
1898	11.279889
1899	11.279889
1900	11.279889
1901	11.279889
1902	11.279889
1903	11.279889
1904	11.279889
1905	11.279889
1906	11.279889
1907	11.279889
1908	11.279889
1909	11.279889
1910	11.279889
1911	11.279889
1912	11.279889
1913	11.279889
1914	11.279889
1915	11.279889
1916	11.279889
1917	11.279889
1918	11.279889
1919	11.279889
1920	11.279889
1921	11.279889
1922	11.279889
1923	11.279889
1924	11.279889
1925	11.279889
1926	11.279889
1927	11.279889
1928	11.279889
1929	11.279889
1930	11.279889
1931	11.279889
1932	11.279889
1933	11.279889
1934	11.279889
1935	11.279889
1936	11.279889
1937	11.279889
1938	11.279889
1939	11.279889
1940	11.279889
1941	11.279889
1942	11.279889
1943	11.279889
1944	11.279889
1945	11.279889
1946	11.279889
1947	11.279889
1948	11.279889
1949	11.279889
1950	11.279889
1951	11.279889
1952	11.279889
1953	11.279889
1954	11.279889
1955	11.279889
1956	11.279889
1957	11.279889
1958	11.279889
1959	11.279889
1960	11.279889
1961	11.279889
1962	11.279889
1963	11.279889
1964	11.279889
1965	11.279889
1966	11.279889
1967	11.279889
1968	11.279889
1969	11.279889
1970	11.279889
1971	11.279889
1972	11.279889
1973	11.291243
1974	11.291243
1975	11.291243
1976	11.291243
1977	11.291243
1978	11.291243
1979	11.291243
1980	11.291243
1981	11.291243
1982	11.291243
1983	11.291243
1984	11.291243
1985	11.291243
1986	11.291243
1987	11.291243
1988	11.287661
1989	11.287661
1990	11.287661
1991	11.287661
1992	11.287661
1993	11.287661
1994	11.287661
1995	11.287661
1996	11.287661
1997	11.287661
1998	11.287661
1999	11.287661
2000	11.287661
2001	11.287661
2002	11.287661
2003	11.287661
2004	11.287661
2005	11.287661
2006	11.287661
2007	11.287661
2008	11.287661
2009	11.287661
2010	11.287661
2011	11.287661
2012	11.287661
2013	11.287661
2014	11.287661
2015	11.287661
2016	11.287661
2017	11.287661
2018	11.287661
2019	11.287661
2020	11.287661
2021	11.287661
2022	11.287661
2023	11.287661
2024	11.287661
2025	11.287661
2026	11.287661
2027	11.287661
2028	11.287661
2029	11.287661
2030	11.287661
2031	11.287661
2032	11.287661
2033	11.287661
2034	11.287661
2035	11.287661
2036	11.287661
2037	11.287661
2038	11.287661
2039	11.287661
2040	11.287661
2041	11.287661
2042	11.287661
2043	11.287661
2044	11.287661
2045	11.287661
2046	11.287661
2047	11.287661
2048	11.287661
2049	11.287661
2050	11.287661
2051	11.287661
2052	11.287661
2053	11.287661
2054	11.287661
2055	11.287661
2056	11.287661
2057	11.287661
2058	11.287661
2059	11.287661
2060	11.287661
2061	11.287661
2062	11.287661
2063	11.287661
2064	11.287661
2065	11.287661
2066	11.287661
2067	11.287661
2068	11.287661
2069	11.287661
2070	11.287661
2071	11.287661
2072	11.287661
2073	11.287661
2074	11.287661
2075	11.287661
2076	11.287661
2077	11.287661
2078	11.287661
2079	11.287661
2080	11.287661
2081	11.287661
2082	11.287661
2083	11.287661
2084	11.287661
2085	11.287661
2086	11.287661
2087	11.287661
2088	11.287661
2089	11.287661
2090	11.287661
2091	11.287661
2092	11.284477
2093	11.284477
2094	11.284477
2095	11.284477
2096	11.284477
2097	11.284477
2098	11.284477
2099	11.284477
2100	11.284477
2101	11.284477
2102	11.284477
2103	11.284477
2104	11.284477
2105	11.284477
2106	11.284477
2107	11.284477
2108	11.284477
2109	11.284477
2110	11.284477
2111	11.284477
2112	11.284477
2113	11.284477
2114	11.284477
2115	11.284477
2116	11.284477
2117	11.284477
2118	11.284477
2119	11.284477
2120	11.284477
2121	11.284477
2122	11.284477
2123	11.284477
2124	11.284477
2125	11.284477
2126	11.284477
2127	11.284477
2128	11.284477
2129	11.284477
2130	11.284477
2131	11.284477
2132	11.284477
2133	11.284477
2134	11.284477
2135	11.284477
2136	11.284477
2137	11.284477
2138	11.284477
2139	11.284477
2140	11.284477
2141	11.284477
2142	11.284477
2143	11.284477
2144	11.284477
2145	11.284477
2146	11.284477
2147	11.284477
2148	11.284477
2149	11.284477
2150	11.284477
2151	11.284477
2152	11.284477
2153	11.284477
2154	11.284477
2155	11.284477
2156	11.284477
2157	11.284477
2158	11.284477
2159	11.284477
2160	11.288059
2161	11.288059
2162	11.288059
2163	11.288059
2164	11.288059
2165	11.288059
2166	11.288059
2167	11.288059
2168	11.288059
2169	11.288059
2170	11.288059
2171	11.288059
2172	11.288059
2173	11.288059
2174	11.288059
2175	11.288059
2176	11.288059
2177	11.288059
2178	11.288059
2179	11.288059
2180	11.288059
2181	11.288059
2182	11.288059
2183	11.288059
2184	11.288059
2185	11.288059
2186	11.288059
2187	11.288059
2188	11.288059
2189	11.288059
2190	11.288059
2191	11.288059
2192	11.288059
2193	11.288059
2194	11.288059
2195	11.288059
2196	11.288059
2197	11.288059
2198	11.288059
2199	11.288059
2200	11.288059
2201	11.288059
2202	11.288059
2203	11.288059
2204	11.288059
2205	11.288059
2206	11.288059
2207	11.288059
2208	11.288059
2209	11.288059
2210	11.288059
2211	11.288059
2212	11.288059
2213	11.288059
2214	11.288059
2215	11.288059
2216	11.288059
2217	11.288059
2218	11.288059
2219	11.288059
2220	11.288059
2221	11.288059
2222	11.288059
2223	11.288059
2224	11.288059
2225	11.288059
2226	11.288059
2227	11.288059
2228	11.288059
2229	11.288059
2230	11.288059
2231	11.288059
2232	11.288059
2233	11.288059
2234	11.288059
2235	11.288059
2236	11.288059
2237	11.288059
2238	11.288059
2239	11.288059
2240	11.288059
2241	11.288059
2242	11.288059
2243	11.288059
2244	11.288059
2245	11.288059
2246	11.288059
2247	11.288059
2248	11.288059
2249	11.288059
2250	11.288059
2251	11.288059
2252	11.288059
2253	11.288059
2254	11.288059
2255	11.288059
2256	11.288059
2257	11.288059
2258	11.288059
2259	11.288059
2260	11.288059
2261	11.288059
2262	11.288059
2263	11.288059
2264	11.288059
2265	11.288059
2266	11.288059
2267	11.288059
2268	11.288059
2269	11.288059
2270	11.288059
2271	11.288059
2272	11.288059
2273	11.288059
2274	11.288059
2275	11.288059
2276	11.288059
2277	11.288059
2278	11.288059
2279	11.288059
2280	11.288059
2281	11.288059
2282	11.288059
2283	11.288059
2284	11.288059
2285	11.288059
2286	11.288059
2287	11.288059
2288	11.288059
2289	11.288059
2290	11.288059
2291	11.288059
2292	11.288059
2293	11.288059
2294	11.288059
2295	11.288059
2296	11.288059
2297	11.288059
2298	11.288059
2299	11.288059
2300	11.288059
2301	11.288059
2302	11.288059
2303	11.288059
2304	11.288059
2305	11.288059
2306	11.288059
2307	11.288059
2308	11.288059
2309	11.288059
2310	11.288059
2311	11.288059
2312	11.288059
2313	11.288059
2314	11.288059
2315	11.288059
2316	11.288059
2317	11.288059
2318	11.288059
2319	11.288059
2320	11.288059
2321	11.288059
2322	11.288059
2323	11.288059
2324	11.288059
2325	11.288059
2326	11.288059
2327	11.288059
2328	11.288059
2329	11.288059
2330	11.288059
2331	11.288059
2332	11.288059
2333	11.288059
2334	11.288059
2335	11.288059
2336	11.288059
2337	11.288059
2338	11.288059
2339	11.288059
2340	11.288059
2341	11.288059
2342	11.288059
2343	11.288059
2344	11.288059
2345	11.291243
2346	11.291243
2347	11.291243
2348	11.291243
2349	11.291243
2350	11.291243
2351	11.291243
2352	11.291243
2353	11.291243
2354	11.291243
2355	11.291243
2356	11.291243
2357	11.291243
2358	11.291243
2359	11.291243
2360	11.291243
2361	11.291243
2362	11.291243
2363	11.291243
2364	11.291243
2365	11.291243
2366	11.291243
2367	11.291243
2368	11.291243
2369	11.291243
2370	11.291243
2371	11.291243
2372	11.291243
2373	11.291243
2374	11.291243
2375	11.291243
2376	11.291243
2377	11.291243
2378	11.291243
2379	11.291243
2380	11.291243
2381	11.291243
2382	11.291243
2383	11.291243
2384	11.291243
2385	11.291243
2386	11.291243
2387	11.291243
2388	11.291243
2389	11.291243
2390	11.291243
2391	11.291243
2392	11.291243
2393	11.291243
2394	11.291243
2395	11.291243
2396	11.291243
2397	11.291243
2398	11.291243
2399	11.291243
2400	11.291243
2401	11.291243
2402	11.291243
2403	11.291243
2404	11.291243
2405	11.291243
2406	11.291243
2407	11.291243
2408	11.291243
2409	11.291243
2410	11.291243
2411	11.291243
2412	11.291243
2413	11.291243
2414	11.291243
2415	11.291243
2416	11.291243
2417	11.288059
2418	11.288059
2419	11.288059
2420	11.288059
2421	11.288059
2422	11.288059
2423	11.288059
2424	11.288059
2425	11.288059
2426	11.288059
2427	11.288059
2428	11.288059
2429	11.288059
2430	11.288059
2431	11.288059
2432	11.288059
2433	11.288059
2434	11.288059
2435	11.288059
2436	11.288059
2437	11.288059
2438	11.288059
2439	11.288059
2440	11.288059
2441	11.288059
2442	11.288059
2443	11.288059
2444	11.288059
2445	11.288059
2446	11.288059
2447	11.288059
2448	11.288059
2449	11.288059
2450	11.288059
2451	11.288059
2452	11.288059
2453	11.288059
2454	11.288059
2455	11.288059
2456	11.288059
2457	11.288059
2458	11.288059
2459	11.288059
2460	11.288059
2461	11.288059
2462	11.288059
2463	11.288059
2464	11.288059
2465	11.288059
2466	11.288059
2467	11.288059
2468	11.288059
2469	11.288059
2470	11.288059
2471	11.288059
2472	11.288059
2473	11.288059
2474	11.288059
2475	11.288059
2476	11.288059
2477	11.288059
2478	11.288059
2479	11.288059
2480	11.288059
2481	11.288059
2482	11.288059
2483	11.288059
2484	11.288059
2485	11.288059
2486	11.288059
2487	11.288059
2488	11.288059
2489	11.288059
2490	11.288059
2491	11.288059
2492	11.288059
2493	11.288059
2494	11.288059
2495	11.288059
2496	11.288059
2497	11.288059
2498	11.288059
2499	11.288059
2500	11.288059
2501	11.288059
2502	11.288059
2503	11.288059
2504	11.288059
2505	11.288059
2506	11.288059
2507	11.288059
2508	11.288059
2509	11.288059
2510	11.288059
2511	11.288059
2512	11.288059
2513	11.288059
2514	11.288059
2515	11.288059
2516	11.288059
2517	11.288059
2518	11.288059
2519	11.288059
2520	11.288059
2521	11.288059
2522	11.288059
2523	11.288059
2524	11.288059
2525	11.288059
2526	11.288059
2527	11.288059
2528	11.288059
2529	11.288059
2530	11.288059
2531	11.288059
2532	11.288059
2533	11.288059
2534	11.288059
2535	11.288059
2536	11.288059
2537	11.288059
2538	11.288059
2539	11.288059
2540	11.288059
2541	11.288059
2542	11.288059
2543	11.288059
2544	11.288059
2545	11.288059
2546	11.288059
2547	11.288059
2548	11.288059
2549	11.288059
2550	11.288059
2551	11.288059
2552	11.288059
2553	11.288059
2554	11.288059
2555	11.288059
2556	11.288059
2557	11.288059
2558	11.288059
2559	11.288059
2560	11.288059
2561	11.288059
2562	11.288059
2563	11.288059
2564	11.288059
2565	11.288059
2566	11.288059
2567	11.288059
2568	11.288059
2569	11.288059
2570	11.288059
2571	11.288059
2572	11.288059
2573	11.288059
2574	11.288059
2575	11.288059
2576	11.288059
2577	11.288059
2578	11.288059
2579	11.288059
2580	11.288059
2581	11.288059
2582	11.288059
2583	11.288059
2584	11.288059
2585	11.288059
2586	11.288059
2587	11.288059
2588	11.288059
2589	11.288059
2590	11.288059
2591	11.288059
2592	11.288059
2593	11.288059
2594	11.288059
2595	11.288059
2596	11.288059
2597	11.288059
2598	11.288059
2599	11.288059
2600	11.288059
2601	11.288059
2602	11.288059
2603	11.288059
2604	11.288059
2605	11.288059
2606	11.288059
2607	11.288059
2608	11.288059
2609	11.288059
2610	11.288059
2611	11.288059
2612	11.288059
2613	11.288059
2614	11.288059
2615	11.288059
2616	11.288059
2617	11.288059
2618	11.288059
2619	11.288059
2620	11.288059
2621	11.288059
2622	11.288059
2623	11.288059
2624	11.288059
2625	11.288059
2626	11.288059
2627	11.288059
2628	11.288059
2629	11.288059
2630	11.288059
2631	11.288059
2632	11.288059
2633	11.288059
2634	11.288059
2635	11.288059
2636	11.288059
2637	11.288059
2638	11.288059
2639	11.288059
2640	11.288059
2641	11.288059
2642	11.288059
2643	11.288059
2644	11.288059
2645	11.288059
2646	11.288059
2647	11.288059
2648	11.288059
2649	11.288059
2650	11.288059
2651	11.288059
2652	11.288059
2653	11.288059
2654	11.288059
2655	11.288059
2656	11.288059
2657	11.288059
2658	11.288059
2659	11.288059
2660	11.288059
2661	11.288059
2662	11.288059
2663	11.288059
2664	11.288059
2665	11.288059
2666	11.288059
2667	11.288059
2668	11.288059
2669	11.288059
2670	11.288059
2671	11.288059
2672	11.288059
2673	11.288059
2674	11.288059
2675	11.288059
2676	11.288059
2677	11.288059
2678	11.288059
2679	11.288059
2680	11.288059
2681	11.288059
2682	11.288059
2683	11.288059
2684	11.288059
2685	11.288059
2686	11.288059
2687	11.288059
2688	11.288059
2689	11.288059
2690	11.288059
2691	11.288059
2692	11.288059
2693	11.288059
2694	11.288059
2695	11.288059
2696	11.288059
2697	11.288059
2698	11.288059
2699	11.288059
2700	11.288059
2701	11.288059
2702	11.288059
2703	11.288059
2704	11.288059
2705	11.288059
2706	11.288059
2707	11.288059
2708	11.288059
2709	11.288059
2710	11.288059
2711	11.288059
2712	11.288059
2713	11.288059
2714	11.291243
2715	11.291243
2716	11.291243
2717	11.291243
2718	11.291243
2719	11.291243
2720	11.291243
2721	11.291243
2722	11.291243
2723	11.291243
2724	11.291243
2725	11.291243
2726	11.291243
2727	11.291243
2728	11.291243
2729	11.291243
2730	11.291243
2731	11.291243
2732	11.291243
2733	11.291243
2734	11.291243
2735	11.291243
2736	11.291243
2737	11.291243
2738	11.291243
2739	11.291243
2740	11.291243
2741	11.291243
2742	11.291243
2743	11.291243
2744	11.291243
2745	11.291243
2746	11.291243
2747	11.291243
2748	11.291243
2749	11.291243
2750	11.291243
2751	11.291243
2752	11.291243
2753	11.291243
2754	11.291243
2755	11.291243
2756	11.291243
2757	11.291243
2758	11.291243
2759	11.291243
2760	11.291243
2761	11.291243
2762	11.291243
2763	11.291243
2764	11.291243
2765	11.291243
2766	11.291243
2767	11.291243
2768	11.291243
2769	11.291243
2770	11.291243
2771	11.291243
2772	11.291243
2773	11.291243
2774	11.291243
2775	11.291243
2776	11.291243
2777	11.291243
2778	11.291243
2779	11.291243
2780	11.291243
2781	11.291243
2782	11.291243
2783	11.291243
2784	11.291243
2785	11.291243
2786	11.291243
2787	11.291243
2788	11.291243
2789	11.291243
2790	11.291243
2791	11.291243
2792	11.291243
2793	11.291243
2794	11.291243
2795	11.291243
2796	11.291243
2797	11.291243
2798	11.291243
2799	11.291243
2800	11.291243
2801	11.291243
2802	11.291243
2803	11.291243
2804	11.291243
2805	11.291243
2806	11.291243
2807	11.291243
2808	11.291243
2809	11.291243
2810	11.291243
2811	11.291243
2812	11.291243
2813	11.291243
2814	11.291243
2815	11.291243
2816	11.291243
2817	11.291243
2818	11.291243
2819	11.291243
2820	11.291243
2821	11.291243
2822	11.291243
2823	11.291243
2824	11.291243
2825	11.291243
2826	11.291243
2827	11.291243
2828	11.291243
2829	11.291243
2830	11.291243
2831	11.291243
2832	11.291243
2833	11.291243
2834	11.291243
2835	11.291243
2836	11.291243
2837	11.291243
2838	11.291243
2839	11.291243
2840	11.291243
2841	11.291243
2842	11.291243
2843	11.291243
2844	11.291243
2845	11.291243
2846	11.291243
2847	11.291243
2848	11.291243
2849	11.291243
2850	11.291243
2851	11.291243
2852	11.291243
2853	11.291243
2854	11.291243
2855	11.291243
2856	11.291243
2857	11.291243
2858	11.291243
2859	11.291243
2860	11.291243
2861	11.291243
2862	11.291243
2863	11.291243
2864	11.291243
2865	11.291243
2866	11.291243
2867	11.291243
2868	11.291243
2869	11.291243
2870	11.291243
2871	11.291243
2872	11.291243
2873	11.291243
2874	11.291243
2875	11.291243
2876	11.291243
2877	11.291243
2878	11.291243
2879	11.291243
2880	11.291243
2881	11.291243
2882	11.291243
2883	11.291243
2884	11.291243
2885	11.291243
2886	11.291243
2887	11.291243
2888	11.291243
2889	11.291243
2890	11.291243
2891	11.291243
2892	11.291243
2893	11.291243
2894	11.291243
2895	11.291243
2896	11.291243
2897	11.291243
2898	11.291243
2899	11.291243
2900	11.291243
2901	11.291243
2902	11.291243
2903	11.291243
2904	11.291243
2905	11.291243
2906	11.291243
2907	11.291243
2908	11.291243
2909	11.291243
2910	11.291243
2911	11.291243
2912	11.291243
2913	11.291243
2914	11.291243
2915	11.291243
2916	11.291243
2917	11.291243
2918	11.291243
2919	11.291243
2920	11.291243
2921	11.291243
2922	11.291243
2923	11.291243
2924	11.291243
2925	11.291243
2926	11.291243
2927	11.291243
2928	11.291243
2929	11.291243
2930	11.291243
2931	11.291243
2932	11.291243
2933	11.291243
2934	11.291243
2935	11.291243
2936	11.291243
2937	11.291243
2938	11.291243
2939	11.291243
2940	11.291243
2941	11.291243
2942	11.291243
2943	11.291243
2944	11.291243
2945	11.291243
2946	11.291243
2947	11.291243
2948	11.291243
2949	11.291243
2950	11.291243
2951	11.291243
2952	11.291243
2953	11.291243
2954	11.291243
2955	11.291243
2956	11.291243
2957	11.291243
2958	11.291243
2959	11.291243
2960	11.291243
2961	11.291243
2962	11.291243
2963	11.291243
2964	11.291243
2965	11.291243
2966	11.291243
2967	11.291243
2968	11.291243
2969	11.291243
2970	11.291243
2971	11.291243
2972	11.291243
2973	11.291243
2974	11.291243
2975	11.291243
2976	11.291243
2977	11.291243
2978	11.291243
2979	11.291243
2980	11.291243
2981	11.291243
2982	11.291243
2983	11.291243
2984	11.291243
2985	11.291243
2986	11.291243
2987	11.291243
2988	11.291243
2989	11.291243
2990	11.291243
2991	11.291243
2992	11.291243
2993	11.291243
2994	11.291243
2995	11.291243
2996	11.291243
2997	11.291243
2998	11.291243
2999	11.291243
3000	11.291243
3001	11.291243
3002	11.291243
3003	11.291243
3004	11.291243
3005	11.291243
3006	11.291243
3007	11.291243
3008	11.291243
3009	11.291243
3010	11.291243
3011	11.291243
3012	11.291243
3013	11.291243
3014	11.291243
3015	11.291243
3016	11.291243
3017	11.291243
3018	11.291243
3019	11.291243
3020	11.291243
3021	11.291243
3022	11.291243
3023	11.291243
3024	11.291243
3025	11.291243
3026	11.291243
3027	11.291243
3028	11.291243
3029	11.291243
3030	11.291243
3031	11.291243
3032	11.291243
3033	11.291243
3034	11.291243
3035	11.291243
3036	11.291243
3037	11.291243
3038	11.291243
3039	11.291243
3040	11.291243
3041	11.291243
3042	11.291243
3043	11.291243
3044	11.291243
3045	11.291243
3046	11.291243
3047	11.291243
3048	11.291243
3049	11.291243
3050	11.291243
3051	11.291243
3052	11.291243
3053	11.291243
3054	11.291243
3055	11.291243
3056	11.291243
3057	11.291243
3058	11.291243
3059	11.291243
3060	11.291243
3061	11.291243
3062	11.291243
3063	11.291243
3064	11.291243
3065	11.291243
3066	11.291243
3067	11.291243
3068	11.291243
3069	11.291243
3070	11.291243
3071	11.291243
3072	11.291243
3073	11.291243
3074	11.291243
3075	11.291243
3076	11.291243
3077	11.291243
3078	11.291243
3079	11.291243
3080	11.291243
3081	11.291243
3082	11.291243
3083	11.291243
3084	11.291243
3085	11.291243
3086	11.291243
3087	11.291243
3088	11.291243
3089	11.291243
3090	11.291243
3091	11.291243
3092	11.291243
3093	11.291243
3094	11.291243
3095	11.291243
3096	11.291243
3097	11.291243
3098	11.291243
3099	11.291243
3100	11.291243
3101	11.291243
3102	11.291243
3103	11.291243
3104	11.291243
3105	11.291243
3106	11.291243
3107	11.291243
3108	11.291243
3109	11.291243
3110	11.291243
3111	11.291243
3112	11.291243
3113	11.291243
3114	11.291243
3115	11.291243
3116	11.291243
3117	11.291243
3118	11.291243
3119	11.291243
3120	11.291243
3121	11.291243
3122	11.291243
3123	11.291243
3124	11.291243
3125	11.291243
3126	11.291243
3127	11.291243
3128	11.291243
3129	11.291243
3130	11.291243
3131	11.291243
3132	11.291243
3133	11.291243
3134	11.291243
3135	11.291243
3136	11.291243
3137	11.291243
3138	11.291243
3139	11.291243
3140	11.291243
3141	11.291243
3142	11.291243
3143	11.291243
3144	11.291243
3145	11.291243
3146	11.291243
3147	11.291243
3148	11.291243
3149	11.291243
3150	11.291243
3151	11.291243
3152	11.291243
3153	11.291243
3154	11.291243
3155	11.291243
3156	11.291243
3157	11.291243
3158	11.291243
3159	11.291243
3160	11.291243
3161	11.291243
3162	11.291243
3163	11.291243
3164	11.291243
3165	11.291243
3166	11.291243
3167	11.291243
3168	11.291243
3169	11.291243
3170	11.291243
3171	11.291243
3172	11.291243
3173	11.291243
3174	11.291243
3175	11.291243
3176	11.291243
3177	11.291243
3178	11.291243
3179	11.291243
3180	11.291243
3181	11.291243
3182	11.291243
3183	11.291243
3184	11.291243
3185	11.291243
3186	11.291243
3187	11.291243
3188	11.291243
3189	11.291243
3190	11.291243
3191	11.291243
3192	11.291243
3193	11.291243
3194	11.291243
3195	11.291243
3196	11.291243
3197	11.291243
3198	11.291243
3199	11.291243
3200	11.291243
3201	11.291243
3202	11.291243
3203	11.291243
3204	11.291243
3205	11.291243
3206	11.291243
3207	11.291243
3208	11.291243
3209	11.291243
3210	11.291243
3211	11.291243
3212	11.291243
3213	11.291243
3214	11.291243
3215	11.291243
3216	11.291243
3217	11.291243
3218	11.291243
3219	11.291243
3220	11.291243
3221	11.291243
3222	11.291243
3223	11.291243
3224	11.291243
3225	11.291243
3226	11.291243
3227	11.291243
3228	11.291243
3229	11.291243
3230	11.291243
3231	11.291243
3232	11.291243
3233	11.291243
3234	11.291243
3235	11.291243
3236	11.291243
3237	11.291243
3238	11.291243
3239	11.291243
3240	11.291243
3241	11.291243
3242	11.291243
3243	11.291243
3244	11.291243
3245	11.291243
3246	11.291243
3247	11.291243
3248	11.291243
3249	11.291243
3250	11.291243
3251	11.291243
3252	11.291243
3253	11.291243
3254	11.291243
3255	11.291243
3256	11.291243
3257	11.291243
3258	11.291243
3259	11.291243
3260	11.291243
3261	11.291243
3262	11.291243
3263	11.291243
3264	11.291243
3265	11.291243
3266	11.291243
3267	11.291243
3268	11.291243
3269	11.291243
3270	11.291243
3271	11.291243
3272	11.291243
3273	11.291243
3274	11.291243
3275	11.291243
3276	11.291243
3277	11.291243
3278	11.291243
3279	11.291243
3280	11.291243
3281	11.291243
3282	11.291243
3283	11.291243
3284	11.291243
3285	11.291243
3286	11.291243
3287	11.291243
3288	11.291243
3289	11.291243
3290	11.291243
3291	11.291243
3292	11.291243
3293	11.291243
3294	11.291243
3295	11.291243
3296	11.291243
3297	11.291243
3298	11.291243
3299	11.291243
3300	11.291243
3301	11.291243
3302	11.291243
3303	11.291243
3304	11.291243
3305	11.291243
3306	11.291243
3307	11.291243
3308	11.291243
3309	11.291243
3310	11.291243
3311	11.291243
3312	11.291243
3313	11.291243
3314	11.291243
3315	11.291243
3316	11.291243
3317	11.291243
3318	11.291243
3319	11.291243
3320	11.291243
3321	11.291243
3322	11.291243
3323	11.291243
3324	11.291243
3325	11.291243
3326	11.291243
3327	11.291243
3328	11.291243
3329	11.291243
3330	11.291243
3331	11.291243
3332	11.291243
3333	11.291243
3334	11.291243
3335	11.291243
3336	11.291243
3337	11.291243
3338	11.291243
3339	11.291243
3340	11.291243
3341	11.291243
3342	11.291243
3343	11.291243
3344	11.291243
3345	11.291243
3346	11.291243
3347	11.291243
3348	11.291243
3349	11.291243
3350	11.291243
3351	11.291243
3352	11.291243
3353	11.291243
3354	11.291243
3355	11.291243
3356	11.291243
3357	11.291243
3358	11.291243
3359	11.291243
3360	11.291243
3361	11.291243
3362	11.291243
3363	11.291243
3364	11.291243
3365	11.291243
3366	11.291243
3367	11.291243
3368	11.291243
3369	11.291243
3370	11.291243
3371	11.291243
3372	11.291243
3373	11.291243
3374	11.291243
3375	11.291243
3376	11.291243
3377	11.291243
3378	11.291243
3379	11.291243
3380	11.291243
3381	11.291243
3382	11.291243
3383	11.291243
3384	11.291243
3385	11.291243
3386	11.291243
3387	11.291243
3388	11.291243
3389	11.291243
3390	11.291243
3391	11.291243
3392	11.291243
3393	11.291243
3394	11.291243
3395	11.291243
3396	11.291243
3397	11.291243
3398	11.291243
3399	11.291243
3400	11.291243
3401	11.291243
3402	11.291243
3403	11.291243
3404	11.291243
3405	11.291243
3406	11.291243
3407	11.291243
3408	11.291243
3409	11.291243
3410	11.291243
3411	11.291243
3412	11.291243
3413	11.291243
3414	11.291243
3415	11.291243
3416	11.291243
3417	11.291243
3418	11.291243
3419	11.291243
3420	11.291243
3421	11.291243
3422	11.291243
3423	11.291243
3424	11.291243
3425	11.291243
3426	11.291243
3427	11.291243
3428	11.291243
3429	11.291243
3430	11.291243
3431	11.291243
3432	11.291243
3433	11.291243
3434	11.291243
3435	11.291243
3436	11.291243
3437	11.291243
3438	11.291243
3439	11.291243
3440	11.291243
3441	11.291243
3442	11.291243
3443	11.291243
3444	11.291243
3445	11.291243
3446	11.291243
3447	11.291243
3448	11.291243
3449	11.291243
3450	11.291243
3451	11.291243
3452	11.291243
3453	11.291243
3454	11.291243
3455	11.291243
3456	11.291243
3457	11.291243
3458	11.291243
3459	11.291243
3460	11.291243
3461	11.291243
3462	11.291243
3463	11.291243
3464	11.291243
3465	11.291243
3466	11.291243
3467	11.291243
3468	11.291243
3469	11.291243
3470	11.291243
3471	11.291243
3472	11.291243
3473	11.291243
3474	11.291243
3475	11.291243
3476	11.291243
3477	11.291243
3478	11.291243
3479	11.291243
3480	11.291243
3481	11.291243
3482	11.291243
3483	11.291243
3484	11.291243
3485	11.291243
3486	11.291243
3487	11.291243
3488	11.291243
3489	11.291243
3490	11.291243
3491	11.291243
3492	11.291243
3493	11.291243
3494	11.291243
3495	11.291243
3496	11.291243
3497	11.291243
3498	11.291243
3499	11.291243
3500	11.291243
3501	11.291243
3502	11.291243
3503	11.291243
3504	11.291243
3505	11.291243
3506	11.291243
3507	11.291243
3508	11.291243
3509	11.291243
3510	11.291243
3511	11.291243
3512	11.291243
3513	11.291243
3514	11.291243
3515	11.291243
3516	11.291243
3517	11.291243
3518	11.291243
3519	11.291243
3520	11.291243
3521	11.291243
3522	11.291243
3523	11.291243
3524	11.291243
3525	11.291243
3526	11.291243
3527	11.291243
3528	11.291243
3529	11.291243
3530	11.291243
3531	11.291243
3532	11.291243
3533	11.291243
3534	11.291243
3535	11.291243
3536	11.291243
3537	11.291243
3538	11.291243
3539	11.291243
3540	11.291243
3541	11.291243
3542	11.291243
3543	11.291243
3544	11.291243
3545	11.291243
3546	11.291243
3547	11.291243
3548	11.291243
3549	11.291243
3550	11.291243
3551	11.291243
3552	11.291243
3553	11.291243
3554	11.291243
3555	11.291243
3556	11.291243
3557	11.291243
3558	11.291243
3559	11.291243
3560	11.291243
3561	11.291243
3562	11.291243
3563	11.291243
3564	11.291243
3565	11.291243
3566	11.291243
3567	11.291243
3568	11.291243
3569	11.291243
3570	11.291243
3571	11.291243
3572	11.291243
3573	11.291243
3574	11.291243
3575	11.291243
3576	11.291243
3577	11.291243
3578	11.291243
3579	11.291243
3580	11.291243
3581	11.291243
3582	11.291243
3583	11.291243
3584	11.291243
3585	11.291243
3586	11.291243
3587	11.291243
3588	11.291243
3589	11.291243
3590	11.291243
3591	11.291243
3592	11.291243
3593	11.291243
3594	11.291243
3595	11.291243
3596	11.291243
3597	11.291243
3598	11.291243
3599	11.291243
3600	11.291243
3601	11.291243
3602	11.291243
3603	11.291243
3604	11.291243
3605	11.291243
3606	11.291243
3607	11.291243
3608	11.291243
3609	11.291243
3610	11.291243
3611	11.291243
3612	11.291243
3613	11.291243
3614	11.291243
3615	11.291243
3616	11.291243
3617	11.291243
3618	11.291243
3619	11.291243
3620	11.291243
3621	11.291243
3622	11.291243
3623	11.291243
3624	11.291243
3625	11.291243
3626	11.291243
3627	11.291243
3628	11.291243
3629	11.291243
3630	11.291243
3631	11.291243
3632	11.291243
3633	11.291243
3634	11.291243
3635	11.291243
3636	11.291243
3637	11.291243
3638	11.291243
3639	11.291243
3640	11.291243
3641	11.291243
3642	11.291243
3643	11.291243
3644	11.291243
3645	11.291243
3646	11.291243
3647	11.291243
3648	11.291243
3649	11.291243
3650	11.291243
3651	11.291243
3652	11.291243
3653	11.291243
3654	11.291243
3655	11.291243
3656	11.291243
3657	11.291243
3658	11.291243
3659	11.291243
3660	11.291243
3661	11.291243
3662	11.291243
3663	11.291243
3664	11.291243
3665	11.291243
3666	11.291243
3667	11.291243
3668	11.291243
3669	11.291243
3670	11.291243
3671	11.291243
3672	11.291243
3673	11.291243
3674	11.291243
3675	11.291243
3676	11.291243
3677	11.291243
3678	11.291243
3679	11.291243
3680	11.291243
3681	11.291243
3682	11.291243
3683	11.291243
3684	11.291243
3685	11.291243
3686	11.291243
3687	11.291243
3688	11.291243
3689	11.291243
3690	11.291243
3691	11.291243
3692	11.291243
3693	11.291243
3694	11.291243
3695	11.291243
3696	11.291243
3697	11.291243
3698	11.291243
3699	11.291243
3700	11.291243
3701	11.291243
3702	11.291243
3703	11.291243
3704	11.291243
3705	11.291243
3706	11.291243
3707	11.291243
3708	11.291243
3709	11.291243
3710	11.291243
3711	11.291243
3712	11.291243
3713	11.291243
3714	11.291243
3715	11.291243
3716	11.291243
3717	11.291243
3718	11.291243
3719	11.291243
3720	11.291243
3721	11.291243
3722	11.291243
3723	11.291243
3724	11.291243
3725	11.291243
3726	11.291243
3727	11.291243
3728	11.291243
3729	11.291243
3730	11.291243
3731	11.291243
3732	11.291243
3733	11.291243
3734	11.291243
3735	11.291243
3736	11.291243
3737	11.291243
3738	11.291243
3739	11.291243
3740	11.291243
3741	11.291243
3742	11.291243
3743	11.291243
3744	11.291243
3745	11.291243
3746	11.291243
3747	11.291243
3748	11.291243
3749	11.291243
3750	11.291243
3751	11.291243
3752	11.291243
3753	11.291243
3754	11.291243
3755	11.291243
3756	11.291243
3757	11.291243
3758	11.291243
3759	11.291243
3760	11.291243
3761	11.291243
3762	11.291243
3763	11.291243
3764	11.291243
3765	11.291243
3766	11.291243
3767	11.291243
3768	11.291243
3769	11.291243
3770	11.291243
3771	11.291243
3772	11.291243
3773	11.291243
3774	11.291243
3775	11.291243
3776	11.291243
3777	11.291243
3778	11.291243
3779	11.291243
3780	11.291243
3781	11.291243
3782	11.291243
3783	11.291243
3784	11.291243
3785	11.291243
3786	11.291243
3787	11.291243
3788	11.291243
3789	11.291243
3790	11.291243
3791	11.291243
3792	11.291243
3793	11.291243
3794	11.291243
3795	11.291243
3796	11.291243
3797	11.291243
3798	11.291243
3799	11.291243
3800	11.291243
3801	11.291243
3802	11.291243
3803	11.291243
3804	11.291243
3805	11.291243
3806	11.291243
3807	11.291243
3808	11.291243
3809	11.291243
3810	11.291243
3811	11.291243
3812	11.291243
3813	11.291243
3814	11.291243
3815	11.291243
3816	11.291243
3817	11.291243
3818	11.291243
3819	11.291243
3820	11.291243
3821	11.291243
3822	11.291243
3823	11.291243
3824	11.291243
3825	11.291243
3826	11.291243
3827	11.291243
3828	11.291243
3829	11.291243
3830	11.291243
3831	11.291243
3832	11.291243
3833	11.291243
3834	11.291243
3835	11.291243
3836	11.291243
3837	11.291243
3838	11.291243
3839	11.291243
3840	11.291243
3841	11.291243
3842	11.291243
3843	11.291243
3844	11.291243
3845	11.291243
3846	11.291243
3847	11.291243
3848	11.291243
3849	11.291243
3850	11.291243
3851	11.291243
3852	11.291243
3853	11.291243
3854	11.291243
3855	11.291243
3856	11.291243
3857	11.291243
3858	11.291243
3859	11.291243
3860	11.291243
3861	11.291243
3862	11.291243
3863	11.291243
3864	11.291243
3865	11.291243
3866	11.291243
3867	11.291243
3868	11.291243
3869	11.291243
3870	11.291243
3871	11.291243
3872	11.291243
3873	11.291243
3874	11.291243
3875	11.291243
3876	11.291243
3877	11.291243
3878	11.291243
3879	11.291243
3880	11.291243
3881	11.291243
3882	11.291243
3883	11.291243
3884	11.291243
3885	11.291243
3886	11.291243
3887	11.291243
3888	11.291243
3889	11.291243
3890	11.291243
3891	11.291243
3892	11.291243
3893	11.291243
3894	11.291243
3895	11.291243
3896	11.291243
3897	11.291243
3898	11.291243
3899	11.291243
3900	11.291243
3901	11.291243
3902	11.291243
3903	11.291243
3904	11.291243
3905	11.291243
3906	11.291243
3907	11.291243
3908	11.291243
3909	11.291243
3910	11.291243
3911	11.291243
3912	11.291243
3913	11.291243
3914	11.291243
3915	11.291243
3916	11.291243
3917	11.291243
3918	11.291243
3919	11.291243
3920	11.291243
3921	11.291243
3922	11.291243
3923	11.291243
3924	11.291243
3925	11.291243
3926	11.291243
3927	11.291243
3928	11.291243
3929	11.291243
3930	11.291243
3931	11.291243
3932	11.291243
3933	11.291243
3934	11.291243
3935	11.291243
3936	11.291243
3937	11.291243
3938	11.291243
3939	11.291243
3940	11.291243
3941	11.291243
3942	11.291243
3943	11.291243
3944	11.291243
3945	11.291243
3946	11.291243
3947	11.291243
3948	11.291243
3949	11.291243
3950	11.291243
3951	11.291243
3952	11.291243
3953	11.291243
3954	11.291243
3955	11.291243
3956	11.291243
3957	11.291243
3958	11.291243
3959	11.291243
3960	11.291243
3961	11.291243
3962	11.291243
3963	11.291243
3964	11.291243
3965	11.291243
3966	11.291243
3967	11.291243
3968	11.291243
3969	11.291243
3970	11.291243
3971	11.291243
3972	11.291243
3973	11.291243
3974	11.291243
3975	11.291243
3976	11.291243
3977	11.291243
3978	11.291243
3979	11.291243
3980	11.291243
3981	11.291243
3982	11.291243
3983	11.291243
3984	11.291243
3985	11.291243
3986	11.291243
3987	11.291243
3988	11.291243
3989	11.291243
3990	11.291243
3991	11.291243
3992	11.291243
3993	11.291243
3994	11.291243
3995	11.291243
3996	11.291243
3997	11.291243
3998	11.291243
3999	11.291243
4000	11.291243
4001	11.291243
4002	11.291243
4003	11.291243
4004	11.291243
4005	11.291243
4006	11.291243
4007	11.291243
4008	11.291243
4009	11.291243
4010	11.291243
4011	11.291243
4012	11.291243
4013	11.291243
4014	11.291243
4015	11.291243
4016	11.291243
4017	11.291243
4018	11.291243
4019	11.291243
4020	11.291243
4021	11.291243
4022	11.291243
4023	11.291243
4024	11.291243
4025	11.291243
4026	11.291243
4027	11.291243
4028	11.291243
4029	11.291243
4030	11.291243
4031	11.291243
4032	11.291243
4033	11.291243
4034	11.291243
4035	11.291243
4036	11.291243
4037	11.291243
4038	11.291243
4039	11.291243
4040	11.291243
4041	11.291243
4042	11.291243
4043	11.291243
4044	11.291243
4045	11.291243
4046	11.291243
4047	11.291243
4048	11.291243
4049	11.291243
4050	11.291243
4051	11.291243
4052	11.291243
4053	11.291243
4054	11.291243
4055	11.291243
4056	11.291243
4057	11.291243
4058	11.291243
4059	11.291243
4060	11.291243
4061	11.291243
4062	11.291243
4063	11.291243
4064	11.291243
4065	11.291243
4066	11.291243
4067	11.291243
4068	11.291243
4069	11.291243
4070	11.291243
4071	11.291243
4072	11.291243
4073	11.291243
4074	11.291243
4075	11.291243
4076	11.291243
4077	11.291243
4078	11.291243
4079	11.291243
4080	11.291243
4081	11.291243
4082	11.291243
4083	11.291243
4084	11.291243
4085	11.291243
4086	11.291243
4087	11.291243
4088	11.291243
4089	11.291243
4090	11.291243
4091	11.291243
4092	11.291243
4093	11.291243
4094	11.291243
4095	11.291243
4096	11.291243
4097	11.291243
4098	11.291243
4099	11.291243
4100	11.291243
4101	11.291243
4102	11.291243
4103	11.291243
4104	11.291243
4105	11.291243
4106	11.291243
4107	11.291243
4108	11.291243
4109	11.291243
4110	11.291243
4111	11.291243
4112	11.291243
4113	11.291243
4114	11.291243
4115	11.291243
4116	11.291243
4117	11.291243
4118	11.291243
4119	11.291243
4120	11.291243
4121	11.291243
4122	11.291243
4123	11.291243
4124	11.291243
4125	11.291243
4126	11.291243
4127	11.291243
4128	11.291243
4129	11.291243
4130	11.291243
4131	11.291243
4132	11.291243
4133	11.291243
4134	11.291243
4135	11.291243
4136	11.291243
4137	11.291243
4138	11.291243
4139	11.291243
4140	11.291243
4141	11.291243
4142	11.291243
4143	11.291243
4144	11.291243
4145	11.291243
4146	11.291243
4147	11.291243
4148	11.291243
4149	11.291243
4150	11.291243
4151	11.291243
4152	11.291243
4153	11.291243
4154	11.291243
4155	11.291243
4156	11.291243
4157	11.291243
4158	11.291243
4159	11.291243
4160	11.291243
4161	11.291243
4162	11.291243
4163	11.291243
4164	11.291243
4165	11.291243
4166	11.291243
4167	11.291243
4168	11.291243
4169	11.291243
4170	11.291243
4171	11.291243
4172	11.291243
4173	11.291243
4174	11.291243
4175	11.291243
4176	11.291243
4177	11.291243
4178	11.291243
4179	11.291243
4180	11.291243
4181	11.291243
4182	11.291243
4183	11.291243
4184	11.291243
4185	11.291243
4186	11.291243
4187	11.291243
4188	11.291243
4189	11.291243
4190	11.291243
4191	11.291243
4192	11.291243
4193	11.291243
4194	11.291243
4195	11.291243
4196	11.291243
4197	11.291243
4198	11.291243
4199	11.291243
4200	11.291243
4201	11.291243
4202	11.291243
4203	11.291243
4204	11.291243
4205	11.291243
4206	11.291243
4207	11.291243
4208	11.291243
4209	11.291243
4210	11.291243
4211	11.291243
4212	11.291243
4213	11.291243
4214	11.291243
4215	11.291243
4216	11.291243
4217	11.291243
4218	11.291243
4219	11.291243
4220	11.291243
4221	11.291243
4222	11.291243
4223	11.291243
4224	11.291243
4225	11.291243
4226	11.291243
4227	11.291243
4228	11.291243
4229	11.291243
4230	11.291243
4231	11.291243
4232	11.291243
4233	11.291243
4234	11.291243
4235	11.291243
4236	11.291243
4237	11.291243
4238	11.291243
4239	11.291243
4240	11.291243
4241	11.291243
4242	11.291243
4243	11.291243
4244	11.291243
4245	11.291243
4246	11.291243
4247	11.291243
4248	11.291243
4249	11.291243
4250	11.291243
4251	11.291243
4252	11.291243
4253	11.291243
4254	11.291243
4255	11.291243
4256	11.291243
4257	11.291243
4258	11.291243
4259	11.291243
4260	11.291243
4261	11.291243
4262	11.291243
4263	11.291243
4264	11.291243
4265	11.291243
4266	11.291243
4267	11.291243
4268	11.291243
4269	11.291243
4270	11.291243
4271	11.291243
4272	11.291243
4273	11.291243
4274	11.291243
4275	11.291243
4276	11.291243
4277	11.291243
4278	11.291243
4279	11.291243
4280	11.291243
4281	11.291243
4282	11.291243
4283	11.291243
4284	11.291243
4285	11.291243
4286	11.291243
4287	11.291243
4288	11.291243
4289	11.291243
4290	11.291243
4291	11.291243
4292	11.291243
4293	11.291243
4294	11.291243
4295	11.291243
4296	11.291243
4297	11.291243
4298	11.291243
4299	11.291243
4300	11.291243
4301	11.291243
4302	11.291243
4303	11.291243
4304	11.291243
4305	11.291243
4306	11.291243
4307	11.291243
4308	11.291243
4309	11.291243
4310	11.291243
4311	11.291243
4312	11.291243
4313	11.291243
4314	11.291243
4315	11.291243
4316	11.291243
4317	11.291243
4318	11.291243
4319	11.291243
4320	11.291243
4321	11.291243
4322	11.291243
4323	11.291243
4324	11.291243
4325	11.291243
4326	11.291243
4327	11.291243
4328	11.291243
4329	11.291243
4330	11.291243
4331	11.291243
4332	11.291243
4333	11.291243
4334	11.291243
4335	11.291243
4336	11.291243
4337	11.291243
4338	11.291243
4339	11.291243
4340	11.291243
4341	11.291243
4342	11.291243
4343	11.291243
4344	11.291243
4345	11.291243
4346	11.291243
4347	11.291243
4348	11.291243
4349	11.291243
4350	11.291243
4351	11.291243
4352	11.291243
4353	11.291243
4354	11.291243
4355	11.291243
4356	11.291243
4357	11.291243
4358	11.291243
4359	11.291243
4360	11.291243
4361	11.291243
4362	11.291243
4363	11.291243
4364	11.291243
4365	11.291243
4366	11.291243
4367	11.291243
4368	11.291243
4369	11.291243
4370	11.291243
4371	11.291243
4372	11.291243
4373	11.291243
4374	11.291243
4375	11.291243
4376	11.291243
4377	11.291243
4378	11.291243
4379	11.291243
4380	11.291243
4381	11.291243
4382	11.291243
4383	11.291243
4384	11.291243
4385	11.291243
4386	11.291243
4387	11.291243
4388	11.291243
4389	11.291243
4390	11.291243
4391	11.291243
4392	11.291243
4393	11.291243
4394	11.291243
4395	11.291243
4396	11.291243
4397	11.291243
4398	11.291243
4399	11.291243
4400	11.291243
4401	11.291243
4402	11.291243
4403	11.291243
4404	11.291243
4405	11.291243
4406	11.291243
4407	11.291243
4408	11.291243
4409	11.291243
4410	11.291243
4411	11.291243
4412	11.291243
4413	11.291243
4414	11.291243
4415	11.291243
4416	11.291243
4417	11.291243
4418	11.291243
4419	11.291243
4420	11.291243
4421	11.291243
4422	11.291243
4423	11.291243
4424	11.291243
4425	11.291243
4426	11.291243
4427	11.291243
4428	11.291243
4429	11.291243
4430	11.291243
4431	11.291243
4432	11.291243
4433	11.291243
4434	11.291243
4435	11.291243
4436	11.291243
4437	11.291243
4438	11.291243
4439	11.291243
4440	11.291243
4441	11.291243
4442	11.291243
4443	11.291243
4444	11.291243
4445	11.291243
4446	11.291243
4447	11.291243
4448	11.291243
4449	11.291243
4450	11.291243
4451	11.291243
4452	11.291243
4453	11.291243
4454	11.291243
4455	11.291243
4456	11.291243
4457	11.291243
4458	11.291243
4459	11.291243
4460	11.291243
4461	11.291243
4462	11.291243
4463	11.291243
4464	11.291243
4465	11.291243
4466	11.291243
4467	11.291243
4468	11.291243
4469	11.291243
4470	11.291243
4471	11.291243
4472	11.291243
4473	11.291243
4474	11.291243
4475	11.291243
4476	11.291243
4477	11.291243
4478	11.291243
4479	11.291243
4480	11.291243
4481	11.291243
4482	11.291243
4483	11.291243
4484	11.291243
4485	11.291243
4486	11.291243
4487	11.291243
4488	11.291243
4489	11.291243
4490	11.291243
4491	11.291243
4492	11.291243
4493	11.291243
4494	11.291243
4495	11.291243
4496	11.291243
4497	11.291243
4498	11.291243
4499	11.291243
4500	11.291243
4501	11.291243
4502	11.291243
4503	11.291243
4504	11.291243
4505	11.291243
4506	11.291243
4507	11.291243
4508	11.291243
4509	11.291243
4510	11.291243
4511	11.291243
4512	11.291243
4513	11.291243
4514	11.291243
4515	11.291243
4516	11.291243
4517	11.291243
4518	11.291243
4519	11.291243
4520	11.291243
4521	11.291243
4522	11.291243
4523	11.291243
4524	11.291243
4525	11.291243
4526	11.291243
4527	11.291243
4528	11.291243
4529	11.291243
4530	11.291243
4531	11.291243
4532	11.291243
4533	11.291243
4534	11.291243
4535	11.291243
4536	11.291243
4537	11.291243
4538	11.291243
4539	11.291243
4540	11.291243
4541	11.291243
4542	11.291243
4543	11.291243
4544	11.291243
4545	11.291243
4546	11.291243
4547	11.291243
4548	11.291243
4549	11.291243
4550	11.291243
4551	11.291243
4552	11.291243
4553	11.291243
4554	11.291243
4555	11.291243
4556	11.291243
4557	11.291243
4558	11.291243
4559	11.291243
4560	11.291243
4561	11.291243
4562	11.291243
4563	11.291243
4564	11.291243
4565	11.291243
4566	11.291243
4567	11.291243
4568	11.291243
4569	11.291243
4570	11.291243
4571	11.291243
4572	11.291243
4573	11.291243
4574	11.291243
4575	11.291243
4576	11.291243
4577	11.291243
4578	11.291243
4579	11.291243
4580	11.291243
4581	11.291243
4582	11.291243
4583	11.291243
4584	11.291243
4585	11.291243
4586	11.291243
4587	11.291243
4588	11.291243
4589	11.291243
4590	11.291243
4591	11.291243
4592	11.291243
4593	11.291243
4594	11.291243
4595	11.291243
4596	11.291243
4597	11.291243
4598	11.291243
4599	11.291243
4600	11.291243
4601	11.291243
4602	11.291243
4603	11.291243
4604	11.291243
4605	11.291243
4606	11.291243
4607	11.291243
4608	11.291243
4609	11.291243
4610	11.291243
4611	11.291243
4612	11.291243
4613	11.291243
4614	11.291243
4615	11.291243
4616	11.291243
4617	11.291243
4618	11.291243
4619	11.291243
4620	11.291243
4621	11.291243
4622	11.291243
4623	11.291243
4624	11.291243
4625	11.291243
4626	11.291243
4627	11.291243
4628	11.291243
4629	11.291243
4630	11.291243
4631	11.291243
4632	11.291243
4633	11.291243
4634	11.291243
4635	11.291243
4636	11.291243
4637	11.291243
4638	11.291243
4639	11.291243
4640	11.291243
4641	11.291243
4642	11.291243
4643	11.291243
4644	11.291243
4645	11.291243
4646	11.291243
4647	11.291243
4648	11.291243
4649	11.291243
4650	11.291243
4651	11.291243
4652	11.291243
4653	11.291243
4654	11.291243
4655	11.291243
4656	11.291243
4657	11.291243
4658	11.291243
4659	11.291243
4660	11.291243
4661	11.291243
4662	11.291243
4663	11.291243
4664	11.291243
4665	11.291243
4666	11.291243
4667	11.291243
4668	11.291243
4669	11.291243
4670	11.291243
4671	11.291243
4672	11.291243
4673	11.291243
4674	11.291243
4675	11.291243
4676	11.291243
4677	11.291243
4678	11.291243
4679	11.291243
4680	11.291243
4681	11.291243
4682	11.291243
4683	11.291243
4684	11.291243
4685	11.291243
4686	11.291243
4687	11.291243
4688	11.291243
4689	11.291243
4690	11.291243
4691	11.291243
4692	11.291243
4693	11.291243
4694	11.291243
4695	11.291243
4696	11.291243
4697	11.291243
4698	11.291243
4699	11.291243
4700	11.291243
4701	11.291243
4702	11.291243
4703	11.291243
4704	11.291243
4705	11.291243
4706	11.291243
4707	11.291243
4708	11.291243
4709	11.291243
4710	11.291243
4711	11.291243
4712	11.291243
4713	11.291243
4714	11.291243
4715	11.291243
4716	11.291243
4717	11.291243
4718	11.291243
4719	11.291243
4720	11.291243
4721	11.291243
4722	11.291243
4723	11.291243
4724	11.291243
4725	11.291243
4726	11.291243
4727	11.291243
4728	11.291243
4729	11.291243
4730	11.291243
4731	11.291243
4732	11.291243
4733	11.291243
4734	11.291243
4735	11.291243
4736	11.291243
4737	11.291243
4738	11.291243
4739	11.291243
4740	11.291243
4741	11.291243
4742	11.291243
4743	11.291243
4744	11.291243
4745	11.291243
4746	11.291243
4747	11.291243
4748	11.291243
4749	11.291243
4750	11.291243
4751	11.291243
4752	11.291243
4753	11.291243
4754	11.291243
4755	11.291243
4756	11.291243
4757	11.291243
4758	11.291243
4759	11.291243
4760	11.291243
4761	11.291243
4762	11.291243
4763	11.291243
4764	11.291243
4765	11.291243
4766	11.291243
4767	11.291243
4768	11.291243
4769	11.291243
4770	11.291243
4771	11.291243
4772	11.291243
4773	11.291243
4774	11.291243
4775	11.291243
4776	11.291243
4777	11.291243
4778	11.291243
4779	11.291243
4780	11.291243
4781	11.291243
4782	11.291243
4783	11.291243
4784	11.291243
4785	11.291243
4786	11.291243
4787	11.291243
4788	11.291243
4789	11.291243
4790	11.291243
4791	11.291243
4792	11.291243
4793	11.291243
4794	11.291243
4795	11.291243
4796	11.291243
4797	11.291243
4798	11.291243
4799	11.291243
4800	11.291243
4801	11.291243
4802	11.291243
4803	11.291243
4804	11.291243
4805	11.291243
4806	11.291243
4807	11.291243
4808	11.291243
4809	11.291243
4810	11.291243
4811	11.291243
4812	11.291243
4813	11.291243
4814	11.291243
4815	11.291243
4816	11.291243
4817	11.291243
4818	11.291243
4819	11.291243
4820	11.291243
4821	11.291243
4822	11.291243
4823	11.291243
4824	11.291243
4825	11.291243
4826	11.291243
4827	11.291243
4828	11.291243
4829	11.291243
4830	11.291243
4831	11.291243
4832	11.291243
4833	11.291243
4834	11.291243
4835	11.291243
4836	11.291243
4837	11.291243
4838	11.291243
4839	11.291243
4840	11.291243
4841	11.291243
4842	11.291243
4843	11.291243
4844	11.291243
4845	11.291243
4846	11.291243
4847	11.291243
4848	11.291243
4849	11.291243
4850	11.291243
4851	11.291243
4852	11.291243
4853	11.291243
4854	11.291243
4855	11.291243
4856	11.291243
4857	11.291243
4858	11.291243
4859	11.291243
4860	11.291243
4861	11.291243
4862	11.291243
4863	11.291243
4864	11.291243
4865	11.291243
4866	11.291243
4867	11.291243
4868	11.291243
4869	11.291243
4870	11.291243
4871	11.291243
4872	11.291243
4873	11.291243
4874	11.291243
4875	11.291243
4876	11.291243
4877	11.291243
4878	11.291243
4879	11.291243
4880	11.291243
4881	11.291243
4882	11.291243
4883	11.291243
4884	11.291243
4885	11.291243
4886	11.291243
4887	11.291243
4888	11.291243
4889	11.291243
4890	11.291243
4891	11.291243
4892	11.291243
4893	11.291243
4894	11.291243
4895	11.291243
4896	11.291243
4897	11.291243
4898	11.291243
4899	11.291243
4900	11.291243
4901	11.291243
4902	11.291243
4903	11.291243
4904	11.291243
4905	11.291243
4906	11.291243
4907	11.291243
4908	11.291243
4909	11.291243
4910	11.291243
4911	11.291243
4912	11.291243
4913	11.291243
4914	11.291243
4915	11.291243
4916	11.291243
4917	11.291243
4918	11.291243
4919	11.291243
4920	11.291243
4921	11.291243
4922	11.291243
4923	11.291243
4924	11.291243
4925	11.291243
4926	11.291243
4927	11.291243
4928	11.291243
4929	11.291243
4930	11.291243
4931	11.291243
4932	11.291243
4933	11.291243
4934	11.291243
4935	11.291243
4936	11.291243
4937	11.291243
4938	11.291243
4939	11.291243
4940	11.291243
4941	11.291243
4942	11.291243
4943	11.291243
4944	11.291243
4945	11.291243
4946	11.291243
4947	11.291243
4948	11.291243
4949	11.291243
4950	11.291243
4951	11.291243
4952	11.291243
4953	11.291243
4954	11.291243
4955	11.291243
4956	11.291243
4957	11.291243
4958	11.291243
4959	11.291243
4960	11.291243
4961	11.291243
4962	11.291243
4963	11.291243
4964	11.291243
4965	11.291243
4966	11.291243
4967	11.291243
4968	11.291243
4969	11.291243
4970	11.291243
4971	11.291243
4972	11.291243
4973	11.291243
4974	11.291243
4975	11.291243
4976	11.291243
4977	11.291243
4978	11.291243
4979	11.291243
4980	11.291243
4981	11.291243
4982	11.291243
4983	11.291243
4984	11.291243
4985	11.291243
4986	11.291243
4987	11.291243
4988	11.291243
4989	11.291243
4990	11.291243
4991	11.291243
4992	11.291243
4993	11.291243
4994	11.291243
4995	11.291243
4996	11.291243
4997	11.291243
4998	11.291243
4999	11.291243
5000	11.291243
5001	11.291243
5002	11.291243
5003	11.291243
5004	11.291243
5005	11.291243
5006	11.291243
5007	11.291243
5008	11.291243
5009	11.291243
5010	11.291243
5011	11.291243
5012	11.291243
5013	11.291243
5014	11.291243
5015	11.291243
5016	11.291243
5017	11.291243
5018	11.291243
5019	11.291243
5020	11.291243
5021	11.291243
5022	11.291243
5023	11.291243
5024	11.291243
5025	11.291243
5026	11.291243
5027	11.291243
5028	11.291243
5029	11.291243
5030	11.291243
5031	11.291243
5032	11.291243
5033	11.291243
5034	11.291243
5035	11.291243
5036	11.291243
5037	11.291243
5038	11.291243
5039	11.291243
5040	11.291243
5041	11.291243
5042	11.291243
5043	11.291243
5044	11.291243
5045	11.291243
5046	11.291243
5047	11.291243
5048	11.291243
5049	11.291243
5050	11.291243
5051	11.291243
5052	11.291243
5053	11.291243
5054	11.291243
5055	11.291243
5056	11.291243
5057	11.291243
5058	11.291243
5059	11.291243
5060	11.291243
5061	11.291243
5062	11.291243
5063	11.291243
5064	11.291243
5065	11.291243
5066	11.291243
5067	11.291243
5068	11.291243
5069	11.291243
5070	11.291243
5071	11.291243
5072	11.291243
5073	11.291243
5074	11.291243
5075	11.291243
5076	11.291243
5077	11.291243
5078	11.291243
5079	11.291243
5080	11.291243
5081	11.291243
5082	11.291243
5083	11.291243
5084	11.291243
5085	11.291243
5086	11.291243
5087	11.291243
5088	11.291243
5089	11.291243
5090	11.291243
5091	11.291243
5092	11.291243
5093	11.291243
5094	11.291243
5095	11.291243
5096	11.291243
5097	11.291243
5098	11.291243
5099	11.291243
5100	11.291243
5101	11.291243
5102	11.291243
5103	11.291243
5104	11.291243
5105	11.291243
5106	11.291243
5107	11.291243
5108	11.291243
5109	11.291243
5110	11.291243
5111	11.291243
5112	11.291243
5113	11.291243
5114	11.291243
5115	11.291243
5116	11.291243
5117	11.291243
5118	11.291243
5119	11.291243
5120	11.291243
5121	11.291243
5122	11.291243
5123	11.291243
5124	11.291243
5125	11.291243
5126	11.291243
5127	11.291243
5128	11.291243
5129	11.291243
5130	11.291243
5131	11.291243
5132	11.291243
5133	11.291243
5134	11.291243
5135	11.291243
5136	11.291243
5137	11.291243
5138	11.291243
5139	11.291243
5140	11.291243
5141	11.291243
5142	11.291243
5143	11.291243
5144	11.291243
5145	11.291243
5146	11.291243
5147	11.291243
5148	11.291243
5149	11.291243
5150	11.291243
5151	11.291243
5152	11.291243
5153	11.291243
5154	11.291243
5155	11.291243
5156	11.291243
5157	11.291243
5158	11.291243
5159	11.291243
5160	11.291243
5161	11.291243
5162	11.291243
5163	11.291243
5164	11.291243
5165	11.291243
5166	11.291243
5167	11.291243
5168	11.291243
5169	11.291243
5170	11.291243
5171	11.291243
5172	11.291243
5173	11.291243
5174	11.291243
5175	11.291243
5176	11.291243
5177	11.291243
5178	11.291243
5179	11.291243
5180	11.291243
5181	11.291243
5182	11.291243
5183	11.291243
5184	11.291243
5185	11.291243
5186	11.291243
5187	11.291243
5188	11.291243
5189	11.291243
5190	11.291243
5191	11.291243
5192	11.291243
5193	11.291243
5194	11.291243
5195	11.291243
5196	11.291243
5197	11.291243
5198	11.291243
5199	11.291243
5200	11.291243
5201	11.291243
5202	11.291243
5203	11.291243
5204	11.291243
5205	11.291243
5206	11.291243
5207	11.291243
5208	11.291243
5209	11.291243
5210	11.291243
5211	11.291243
5212	11.291243
5213	11.291243
5214	11.291243
5215	11.291243
5216	11.291243
5217	11.291243
5218	11.291243
5219	11.291243
5220	11.291243
5221	11.291243
5222	11.291243
5223	11.291243
5224	11.291243
5225	11.291243
5226	11.291243
5227	11.291243
5228	11.291243
5229	11.291243
5230	11.291243
5231	11.291243
5232	11.291243
5233	11.291243
5234	11.291243
5235	11.291243
5236	11.291243
5237	11.291243
5238	11.291243
5239	11.291243
5240	11.291243
5241	11.291243
5242	11.291243
5243	11.291243
5244	11.291243
5245	11.291243
5246	11.291243
5247	11.291243
5248	11.291243
5249	11.291243
5250	11.291243
5251	11.291243
5252	11.291243
5253	11.291243
5254	11.291243
5255	11.291243
5256	11.291243
5257	11.291243
5258	11.291243
5259	11.291243
5260	11.291243
5261	11.291243
5262	11.291243
5263	11.291243
5264	11.291243
5265	11.291243
5266	11.291243
5267	11.291243
5268	11.291243
5269	11.291243
5270	11.291243
5271	11.291243
5272	11.291243
5273	11.291243
5274	11.291243
5275	11.291243
5276	11.291243
5277	11.291243
5278	11.291243
5279	11.291243
5280	11.291243
5281	11.291243
5282	11.291243
5283	11.291243
5284	11.291243
5285	11.291243
5286	11.291243
5287	11.291243
5288	11.291243
5289	11.291243
5290	11.291243
5291	11.291243
5292	11.291243
5293	11.291243
5294	11.291243
5295	11.291243
5296	11.291243
5297	11.291243
5298	11.291243
5299	11.291243
5300	11.291243
5301	11.291243
5302	11.291243
5303	11.291243
5304	11.291243
5305	11.291243
5306	11.291243
5307	11.291243
5308	11.291243
5309	11.291243
5310	11.291243
5311	11.291243
5312	11.291243
5313	11.291243
5314	11.291243
5315	11.291243
5316	11.291243
5317	11.291243
5318	11.291243
5319	11.291243
5320	11.291243
5321	11.291243
5322	11.291243
5323	11.291243
5324	11.291243
5325	11.291243
5326	11.291243
5327	11.291243
5328	11.291243
5329	11.291243
5330	11.291243
5331	11.291243
5332	11.291243
5333	11.291243
5334	11.291243
5335	11.291243
5336	11.291243
5337	11.291243
5338	11.291243
5339	11.291243
5340	11.291243
5341	11.291243
5342	11.291243
5343	11.291243
5344	11.291243
5345	11.291243
5346	11.291243
5347	11.291243
5348	11.291243
5349	11.291243
5350	11.291243
5351	11.291243
5352	11.291243
5353	11.291243
5354	11.291243
5355	11.291243
5356	11.291243
5357	11.291243
5358	11.291243
5359	11.291243
5360	11.291243
5361	11.291243
5362	11.291243
5363	11.291243
5364	11.291243
5365	11.291243
5366	11.291243
5367	11.291243
5368	11.291243
5369	11.291243
5370	11.291243
5371	11.291243
5372	11.291243
5373	11.291243
5374	11.291243
5375	11.291243
5376	11.291243
5377	11.291243
5378	11.291243
5379	11.291243
5380	11.291243
5381	11.291243
5382	11.291243
5383	11.291243
5384	11.291243
5385	11.291243
5386	11.291243
5387	11.291243
5388	11.291243
5389	11.291243
5390	11.291243
5391	11.291243
5392	11.291243
5393	11.291243
5394	11.291243
5395	11.291243
5396	11.291243
5397	11.291243
5398	11.291243
5399	11.291243
5400	11.291243
5401	11.291243
5402	11.291243
5403	11.291243
5404	11.291243
5405	11.291243
5406	11.291243
5407	11.291243
5408	11.291243
5409	11.291243
5410	11.291243
5411	11.291243
5412	11.291243
5413	11.291243
5414	11.291243
5415	11.291243
5416	11.291243
5417	11.291243
5418	11.291243
5419	11.291243
5420	11.291243
5421	11.291243
5422	11.291243
5423	11.291243
5424	11.291243
5425	11.291243
5426	11.291243
5427	11.291243
5428	11.291243
5429	11.291243
5430	11.291243
5431	11.291243
5432	11.291243
5433	11.291243
5434	11.291243
5435	11.291243
5436	11.291243
5437	11.291243
5438	11.291243
5439	11.291243
5440	11.291243
5441	11.291243
5442	11.291243
5443	11.291243
5444	11.291243
5445	11.291243
5446	11.291243
5447	11.291243
5448	11.291243
5449	11.291243
5450	11.291243
5451	11.291243
5452	11.291243
5453	11.291243
5454	11.291243
5455	11.291243
5456	11.291243
5457	11.291243
5458	11.291243
5459	11.291243
5460	11.291243
5461	11.291243
5462	11.291243
5463	11.291243
5464	11.291243
5465	11.291243
5466	11.291243
5467	11.291243
5468	11.291243
5469	11.291243
5470	11.291243
5471	11.291243
5472	11.291243
5473	11.291243
5474	11.291243
5475	11.291243
5476	11.291243
5477	11.291243
5478	11.291243
5479	11.291243
5480	11.291243
5481	11.291243
5482	11.291243
5483	11.291243
5484	11.291243
5485	11.291243
5486	11.291243
5487	11.291243
5488	11.291243
5489	11.291243
5490	11.291243
5491	11.291243
5492	11.291243
5493	11.291243
5494	11.291243
5495	11.291243
5496	11.291243
5497	11.291243
5498	11.291243
5499	11.291243
5500	11.291243
5501	11.291243
5502	11.291243
5503	11.291243
5504	11.291243
5505	11.291243
5506	11.291243
5507	11.291243
5508	11.291243
5509	11.291243
5510	11.291243
5511	11.291243
5512	11.291243
5513	11.291243
5514	11.291243
5515	11.291243
5516	11.291243
5517	11.291243
5518	11.291243
5519	11.291243
5520	11.291243
5521	11.291243
5522	11.291243
5523	11.291243
5524	11.291243
5525	11.291243
5526	11.291243
5527	11.291243
5528	11.291243
5529	11.291243
5530	11.291243
5531	11.291243
5532	11.291243
5533	11.291243
5534	11.291243
5535	11.291243
5536	11.291243
5537	11.291243
5538	11.291243
5539	11.291243
5540	11.291243
5541	11.291243
5542	11.291243
5543	11.291243
5544	11.291243
5545	11.291243
5546	11.291243
5547	11.291243
5548	11.291243
5549	11.291243
5550	11.291243
5551	11.291243
5552	11.291243
5553	11.291243
5554	11.291243
5555	11.291243
5556	11.291243
5557	11.291243
5558	11.291243
5559	11.291243
5560	11.291243
5561	11.291243
5562	11.291243
5563	11.291243
5564	11.291243
5565	11.291243
5566	11.291243
5567	11.291243
5568	11.291243
5569	11.291243
5570	11.291243
5571	11.291243
5572	11.291243
5573	11.291243
5574	11.291243
5575	11.291243
5576	11.291243
5577	11.291243
5578	11.291243
5579	11.291243
5580	11.291243
5581	11.291243
5582	11.291243
5583	11.291243
5584	11.291243
5585	11.291243
5586	11.291243
5587	11.291243
5588	11.291243
5589	11.291243
5590	11.291243
5591	11.291243
5592	11.291243
5593	11.291243
5594	11.291243
5595	11.291243
5596	11.291243
5597	11.291243
5598	11.291243
5599	11.291243
5600	11.291243
5601	11.291243
5602	11.291243
5603	11.291243
5604	11.291243
5605	11.291243
5606	11.291243
5607	11.291243
5608	11.291243
5609	11.291243
5610	11.291243
5611	11.291243
5612	11.291243
5613	11.291243
5614	11.291243
5615	11.291243
5616	11.291243
5617	11.291243
5618	11.291243
5619	11.291243
5620	11.291243
5621	11.291243
5622	11.291243
5623	11.291243
5624	11.291243
5625	11.291243
5626	11.291243
5627	11.291243
5628	11.291243
5629	11.291243
5630	11.291243
5631	11.291243
5632	11.291243
5633	11.291243
5634	11.291243
5635	11.291243
5636	11.291243
5637	11.291243
5638	11.291243
5639	11.291243
5640	11.291243
5641	11.291243
5642	11.291243
5643	11.291243
5644	11.291243
5645	11.291243
5646	11.291243
5647	11.291243
5648	11.291243
5649	11.291243
5650	11.291243
5651	11.291243
5652	11.291243
5653	11.291243
5654	11.291243
5655	11.291243
5656	11.291243
5657	11.291243
5658	11.291243
5659	11.291243
5660	11.291243
5661	11.291243
5662	11.291243
5663	11.291243
5664	11.291243
5665	11.291243
5666	11.291243
5667	11.291243
5668	11.291243
5669	11.291243
5670	11.291243
5671	11.291243
5672	11.291243
5673	11.291243
5674	11.291243
5675	11.291243
5676	11.291243
5677	11.291243
5678	11.291243
5679	11.291243
5680	11.291243
5681	11.291243
5682	11.291243
5683	11.291243
5684	11.291243
5685	11.291243
5686	11.291243
5687	11.291243
5688	11.291243
5689	11.291243
5690	11.291243
5691	11.291243
5692	11.291243
5693	11.291243
5694	11.291243
5695	11.291243
5696	11.291243
5697	11.291243
5698	11.291243
5699	11.291243
5700	11.291243
5701	11.291243
5702	11.291243
5703	11.291243
5704	11.291243
5705	11.291243
5706	11.291243
5707	11.291243
5708	11.291243
5709	11.291243
5710	11.291243
5711	11.291243
5712	11.291243
5713	11.291243
5714	11.291243
5715	11.291243
5716	11.291243
5717	11.291243
5718	11.291243
5719	11.291243
5720	11.291243
5721	11.291243
5722	11.291243
5723	11.291243
5724	11.291243
5725	11.291243
5726	11.291243
5727	11.291243
5728	11.291243
5729	11.291243
5730	11.291243
5731	11.291243
5732	11.291243
5733	11.291243
5734	11.291243
5735	11.291243
5736	11.291243
5737	11.291243
5738	11.291243
5739	11.291243
5740	11.291243
5741	11.291243
5742	11.291243
5743	11.291243
5744	11.291243
5745	11.291243
5746	11.291243
5747	11.291243
5748	11.291243
5749	11.291243
5750	11.291243
5751	11.291243
5752	11.291243
5753	11.291243
5754	11.291243
5755	11.291243
5756	11.291243
5757	11.291243
5758	11.291243
5759	11.291243
5760	11.291243
5761	11.291243
5762	11.291243
5763	11.291243
5764	11.291243
5765	11.291243
5766	11.291243
5767	11.291243
5768	11.291243
5769	11.291243
5770	11.291243
5771	11.291243
5772	11.291243
5773	11.291243
5774	11.291243
5775	11.291243
5776	11.291243
5777	11.291243
5778	11.291243
5779	11.291243
5780	11.291243
5781	11.291243
5782	11.291243
5783	11.291243
5784	11.291243
5785	11.291243
5786	11.291243
5787	11.291243
5788	11.291243
5789	11.291243
5790	11.291243
5791	11.291243
5792	11.291243
5793	11.291243
5794	11.291243
5795	11.291243
5796	11.291243
5797	11.291243
5798	11.291243
5799	11.291243
5800	11.291243
5801	11.291243
5802	11.291243
5803	11.291243
5804	11.291243
5805	11.291243
5806	11.291243
5807	11.291243
5808	11.291243
5809	11.291243
5810	11.291243
5811	11.291243
5812	11.291243
5813	11.291243
5814	11.291243
5815	11.291243
5816	11.291243
5817	11.291243
5818	11.291243
5819	11.291243
5820	11.291243
5821	11.291243
5822	11.291243
5823	11.291243
5824	11.291243
5825	11.291243
5826	11.291243
5827	11.291243
5828	11.291243
5829	11.291243
5830	11.291243
5831	11.291243
5832	11.291243
5833	11.291243
5834	11.291243
5835	11.291243
5836	11.291243
5837	11.291243
5838	11.291243
5839	11.291243
5840	11.291243
5841	11.291243
5842	11.291243
5843	11.291243
5844	11.291243
5845	11.291243
5846	11.291243
5847	11.291243
5848	11.291243
5849	11.291243
5850	11.291243
5851	11.291243
5852	11.291243
5853	11.291243
5854	11.291243
5855	11.291243
5856	11.291243
5857	11.291243
5858	11.291243
5859	11.291243
5860	11.291243
5861	11.291243
5862	11.291243
5863	11.291243
5864	11.291243
5865	11.291243
5866	11.291243
5867	11.291243
5868	11.291243
5869	11.291243
5870	11.291243
5871	11.291243
5872	11.291243
5873	11.291243
5874	11.291243
5875	11.291243
5876	11.291243
5877	11.291243
5878	11.291243
5879	11.291243
5880	11.291243
5881	11.291243
5882	11.291243
5883	11.291243
5884	11.291243
5885	11.291243
5886	11.291243
5887	11.291243
5888	11.291243
5889	11.291243
5890	11.291243
5891	11.291243
5892	11.291243
5893	11.291243
5894	11.291243
5895	11.291243
5896	11.291243
5897	11.291243
5898	11.291243
5899	11.291243
5900	11.291243
5901	11.291243
5902	11.291243
5903	11.291243
5904	11.291243
5905	11.291243
5906	11.291243
5907	11.291243
5908	11.291243
5909	11.291243
5910	11.291243
5911	11.291243
5912	11.291243
5913	11.291243
5914	11.291243
5915	11.291243
5916	11.291243
5917	11.291243
5918	11.291243
5919	11.291243
5920	11.291243
5921	11.291243
5922	11.291243
5923	11.291243
5924	11.291243
5925	11.291243
5926	11.291243
5927	11.291243
5928	11.291243
5929	11.291243
5930	11.291243
5931	11.291243
5932	11.291243
5933	11.291243
5934	11.291243
5935	11.291243
5936	11.291243
5937	11.291243
5938	11.291243
5939	11.291243
5940	11.291243
5941	11.291243
5942	11.291243
5943	11.291243
5944	11.291243
5945	11.291243
5946	11.291243
5947	11.291243
5948	11.291243
5949	11.291243
5950	11.291243
5951	11.291243
5952	11.291243
5953	11.291243
5954	11.291243
