1	7.362063
2	7.383205
3	7.383205
4	7.462813
5	7.586068
6	7.586068
7	7.586068
8	7.586068
9	7.68234
10	7.746468
11	7.739379
12	7.819126
13	7.911204
14	8.082924
15	8.087649
16	8.100042
17	8.182336
18	8.182336
19	8.184644
20	8.192149
21	8.261959
22	8.261959
23	8.311531
24	8.33882
25	8.197367
26	8.197367
27	8.197367
28	8.200635
29	8.204748
30	8.204748
31	8.209048
32	8.11537
33	8.112944
34	8.334464
35	8.445934
36	8.334064
37	8.334064
38	8.397922
39	8.434916
40	8.442111
41	8.452023
42	8.457619
43	8.325845
44	8.335385
45	8.338054
46	8.342614
47	8.449174
48	8.467181
49	8.552059
50	8.552059
51	8.609593
52	8.570387
53	8.570387
54	8.570387
55	8.567788
56	8.166038
57	8.160773
58	8.285632
59	8.285632
60	8.361437
61	8.361437
62	8.370909
63	8.336079
64	8.233431
65	8.233431
66	8.233431
67	8.249847
68	8.233935
69	8.238821
70	8.241185
71	8.290054
72	8.300326
73	8.467488
74	8.467488
75	8.473626
76	8.489538
77	8.491016
78	8.563775
79	8.569607
80	8.560247
81	8.560247
82	8.560247
83	8.560247
84	8.617193
85	8.617193
86	8.617193
87	8.559386
88	8.569861
89	8.642093
90	8.620572
91	8.626898
92	8.626898
93	8.626898
94	8.626898
95	8.400364
96	8.400364
97	8.400364
98	8.326419
99	8.334019
100	8.334019
101	8.335003
102	8.335003
103	8.350013
104	8.651184
105	8.651184
106	8.714352
107	8.714352
108	8.714352
109	8.769228
110	8.757098
111	8.761172
112	8.761172
113	8.764174
114	8.645078
115	8.674318
116	8.674318
117	8.562418
118	8.562418
119	8.618852
120	8.771759
121	8.838827
122	8.857966
123	8.817407
124	8.817407
125	8.760973
126	8.765448
127	8.765448
128	8.765448
129	8.765448
130	8.765448
131	8.59892
132	8.585825
133	8.889101
134	8.889101
135	8.890449
136	8.890449
137	8.870337
138	8.870337
139	8.870337
140	8.868941
141	8.994122
142	8.994122
143	8.998982
144	8.767694
145	8.774148
146	8.788779
147	8.788779
148	8.675226
149	8.675226
150	8.675226
151	8.684521
152	8.688795
153	8.813339
154	8.741092
155	8.741092
156	8.616548
157	8.616548
158	8.616257
159	8.616257
160	8.702136
161	8.702136
162	8.842937
163	8.715992
164	8.751076
165	8.78693
166	8.78693
167	8.78693
168	8.78693
169	8.78693
170	8.848797
171	8.818455
172	8.913239
173	8.913239
174	9.145728
175	9.145728
176	9.145728
177	9.145728
178	9.07722
179	9.07722
180	9.039403
181	9.026641
182	9.015198
183	9.015198
184	9.015198
185	9.003905
186	9.003905
187	9.003905
188	9.003905
189	9.003905
190	8.993168
191	8.993168
192	9.003905
193	8.971974
194	9.163584
195	9.163584
196	9.163584
197	9.163584
198	9.163584
199	9.151104
200	9.28088
201	9.28088
202	9.290192
203	9.144781
204	9.144781
205	9.144781
206	9.149236
207	9.159158
208	9.159158
209	9.159158
210	9.159158
211	9.159158
212	9.159158
213	9.064374
214	9.064374
215	9.064374
216	9.064374
217	9.064374
218	9.064374
219	9.102725
220	9.003511
221	9.003511
222	9.003511
223	9.003511
224	9.043498
225	9.043498
226	9.043498
227	9.071956
228	9.032499
229	9.032499
230	9.086787
231	9.0468
232	9.0468
233	9.104099
234	9.10522
235	9.145207
236	9.145207
237	9.12863
238	9.616065
239	9.755709
240	9.755709
241	9.755709
242	9.755709
243	9.755709
244	9.755709
245	9.755709
246	9.57976
247	9.725948
248	9.725948
249	9.216156
250	9.193308
251	9.193308
252	9.352398
253	9.352398
254	9.352398
255	9.35307
256	9.35307
257	9.35307
258	9.35307
259	9.372762
260	9.338715
261	9.20461
262	9.21358
263	9.229632
264	9.276304
265	9.276304
266	9.276304
267	9.316584
268	9.316584
269	9.37397
270	9.37397
271	9.396146
272	9.473666
273	9.749721
274	9.749721
275	9.749721
276	9.820694
277	10.013531
278	10.013531
279	10.013531
280	10.013025
281	10.038297
282	10.038297
283	10.041396
284	10.041396
285	9.998611
286	10.007307
287	10.098882
288	10.098882
289	10.098882
290	10.058313
291	10.058313
292	10.058313
293	10.058313
294	10.058313
295	10.058313
296	10.058313
297	10.092217
298	10.072525
299	10.090537
300	10.101597
301	10.101597
302	10.101597
303	10.101597
304	10.101597
305	10.101597
306	10.101597
307	10.101597
308	10.101597
309	10.101597
310	10.101597
311	10.101597
312	10.101597
313	10.121289
314	10.183693
315	10.183693
316	10.183693
317	10.183693
318	10.203349
319	10.193677
320	10.193677
321	10.193677
322	10.185311
323	10.185311
324	10.199098
325	10.199098
326	10.199098
327	10.199098
328	10.180831
329	10.193371
330	10.193371
331	10.193371
332	10.220435
333	10.220435
334	10.220435
335	10.220435
336	10.220435
337	10.220435
338	10.220435
339	10.220435
340	10.220435
341	10.220435
342	10.223999
343	10.223999
344	10.223999
345	10.223999
346	10.223999
347	10.039297
348	10.039297
349	10.039297
350	10.039297
351	10.039297
352	10.039297
353	10.039297
354	10.039297
355	10.200757
356	10.189397
357	10.189397
358	10.171092
359	10.171092
360	10.171092
361	10.189812
362	10.270238
363	10.252869
364	10.225805
365	10.225805
366	10.225805
367	10.225805
368	10.225805
369	10.276147
370	10.276147
371	10.276147
372	10.276147
373	10.192965
374	10.192965
375	10.192965
376	10.145426
377	10.145426
378	10.145426
379	10.191896
380	10.198075
381	10.198075
382	10.198075
383	10.364219
384	10.364219
385	10.364219
386	10.375734
387	10.41045
388	10.41045
389	10.41045
390	10.41045
391	10.306953
392	10.306953
393	10.306953
394	10.306953
395	10.340337
396	10.340337
397	10.340337
398	10.348916
399	10.348916
400	10.348916
401	10.405753
402	10.373361
403	10.335274
404	10.335274
405	10.335274
406	10.36639
407	10.395444
408	10.395444
409	10.395444
410	10.395444
411	10.397234
412	10.259799
413	10.259799
414	10.259799
415	10.259799
416	10.259799
417	10.259799
418	10.259799
419	10.259799
420	10.259799
421	10.259799
422	10.259799
423	10.259799
424	10.259799
425	10.259799
426	10.182587
427	10.182587
428	10.288877
429	10.352057
430	10.352057
431	10.352057
432	10.352057
433	10.058981
434	10.029927
435	10.097786
436	10.11697
437	10.030969
438	10.030969
439	10.030969
440	10.030969
441	10.030969
442	10.030969
443	10.030969
444	10.030969
445	10.030969
446	10.030969
447	10.030969
448	10.057699
449	10.057699
450	10.285465
451	10.253841
452	10.253841
453	10.253841
454	10.253841
455	10.253841
456	10.253841
457	10.253841
458	10.253841
459	10.253841
460	10.253841
461	10.253841
462	10.253841
463	10.253841
464	10.253841
465	10.253841
466	10.201811
467	10.201811
468	10.201811
469	10.183374
470	10.196623
471	10.245809
472	10.245809
473	10.245809
474	10.245809
475	10.245809
476	10.132077
477	10.132077
478	10.132077
479	10.132077
480	10.18485
481	10.18485
482	10.12167
483	10.12167
484	10.12167
485	10.23737
486	10.23737
487	10.23737
488	10.23737
489	10.23737
490	10.23737
491	10.23737
492	10.23737
493	10.304632
494	10.304632
495	10.304632
496	10.304632
497	10.304632
498	10.304632
499	10.304632
500	10.304632
501	10.304632
502	10.304632
503	10.304632
504	10.367812
505	10.367812
506	10.367812
507	10.367812
508	10.367812
509	10.367812
510	10.367812
511	10.367812
512	10.367812
513	10.345922
514	10.345922
515	10.380978
516	10.399415
517	10.399415
518	10.399415
519	10.399415
520	10.399415
521	10.399415
522	10.399415
523	10.399415
524	10.399415
525	10.399415
526	10.399415
527	10.399415
528	10.399415
529	10.399415
530	10.332153
531	10.332153
532	10.332153
533	10.296603
534	10.296603
535	10.296603
536	10.296603
537	10.296603
538	10.296603
539	10.296603
540	10.450032
541	10.450032
542	10.427614
543	10.427614
544	10.427614
545	10.400351
546	10.400351
547	10.400351
548	10.400351
549	10.335198
550	10.335198
551	10.337586
552	10.337586
553	10.337586
554	10.384302
555	10.384302
556	10.384302
557	10.384302
558	10.384302
559	10.384302
560	10.384302
561	10.384302
562	10.384302
563	10.384302
564	10.384302
565	10.384302
566	10.384302
567	10.384302
568	10.384302
569	10.384302
570	10.384302
571	10.384302
572	10.406192
573	10.406192
574	10.406192
575	10.309083
576	10.309083
577	10.309083
578	10.309083
579	10.309083
580	10.309083
581	10.309083
582	10.309083
583	10.309083
584	10.309083
585	10.309083
586	10.309083
587	10.309083
588	10.309083
589	10.309083
590	10.309083
591	10.309083
592	10.309083
593	10.309083
594	10.398232
595	10.398232
596	10.398232
597	10.398232
598	10.407672
599	10.407672
600	10.407672
601	10.407672
602	10.407672
603	10.407672
604	10.407672
605	10.433741
606	10.433741
607	10.433741
608	10.433741
609	10.387025
610	10.387025
611	10.387025
612	10.387025
613	10.387025
614	10.387025
615	10.43777
616	10.43777
617	10.43777
618	10.43777
619	10.43777
620	10.43777
621	10.43777
622	10.43777
623	10.43777
624	10.43777
625	10.43777
626	10.43777
627	10.43777
628	10.437066
629	10.427514
630	10.427514
631	10.427514
632	10.427514
633	10.427514
634	10.427514
635	10.427514
636	10.427514
637	10.427514
638	10.427514
639	10.427514
640	10.427514
641	10.184227
642	10.184227
643	10.184227
644	10.184227
645	10.180053
646	10.180053
647	10.180053
648	10.180053
649	10.180053
650	10.180053
651	10.180053
652	10.180053
653	10.180053
654	10.268453
655	10.268453
656	10.268453
657	10.268453
658	10.268453
659	10.268453
660	10.268453
661	10.268453
662	10.268453
663	10.268453
664	10.268453
665	10.268453
666	10.268453
667	10.202414
668	10.225494
669	10.225494
670	10.225494
671	10.225494
672	10.225494
673	10.225494
674	10.152338
675	10.152338
676	10.152338
677	10.152338
678	10.152338
679	10.152338
680	10.152338
681	10.283509
682	10.283509
683	10.283509
684	10.283509
685	10.283509
686	10.283509
687	10.283509
688	10.283509
689	10.283509
690	10.283509
691	10.292339
692	10.292339
693	10.292339
694	10.292339
695	10.292339
696	10.200608
697	10.21016
698	10.21016
699	10.21016
700	10.22216
701	10.22216
702	10.22216
703	10.22216
704	10.252832
705	10.252832
706	10.252832
707	10.252832
708	10.252832
709	10.252832
710	10.252832
711	10.252832
712	10.252832
713	10.252832
714	10.323824
715	10.323824
716	10.323824
717	10.323824
718	10.323824
719	10.323824
720	10.323824
721	10.323824
722	10.323824
723	10.323824
724	10.323824
725	10.323824
726	10.253942
727	10.253942
728	10.253942
729	10.253942
730	10.253942
731	10.253942
732	10.253942
733	10.253942
734	10.253942
735	10.253942
736	10.253942
737	10.253942
738	10.253942
739	10.253942
740	10.253942
741	10.253942
742	10.253942
743	10.305483
744	10.305483
745	10.305483
746	10.305483
747	10.305483
748	10.351651
749	10.351651
750	10.351651
751	10.351651
752	10.351651
753	10.351651
754	10.351651
755	10.351651
756	10.414506
757	10.414506
758	10.414506
759	10.418884
760	10.418884
761	10.418884
762	10.418884
763	10.429232
764	10.41968
765	10.41968
766	10.41968
767	10.41968
768	10.41968
769	10.41968
770	10.41968
771	10.41968
772	10.41968
773	10.376099
774	10.376099
775	10.376099
776	10.376099
777	10.376099
778	10.371721
779	10.371721
780	10.371721
781	10.371721
782	10.371721
783	10.371721
784	10.371721
785	10.371721
786	10.371721
787	10.371721
788	10.371721
789	10.464455
790	10.464455
791	10.380551
792	10.380551
793	10.380551
794	10.380551
795	10.380551
796	10.380551
797	10.380551
798	10.380551
799	10.390496
800	10.390496
801	10.400081
802	10.400081
803	10.400081
804	10.400081
805	10.400081
806	10.400081
807	10.400081
808	10.400081
809	10.400081
810	10.400081
811	10.400081
812	10.400081
813	10.400081
814	10.400081
815	10.400081
816	10.400081
817	10.400081
818	10.400081
819	10.400081
820	10.400081
821	10.400081
822	10.400081
823	10.400081
824	10.400081
825	10.443662
826	10.621961
827	10.672869
828	10.579737
829	10.579737
830	10.579737
831	10.579737
832	10.579737
833	10.579737
834	10.579737
835	10.584115
836	10.584115
837	10.584115
838	10.584115
839	10.584115
840	10.584115
841	10.584115
842	10.584115
843	10.584115
844	10.584115
845	10.584115
846	10.584115
847	10.584115
848	10.677247
849	10.677247
850	10.677247
851	10.677247
852	10.677247
853	10.677247
854	10.727594
855	10.727594
856	10.727594
857	10.727594
858	10.727594
859	10.727594
860	10.727594
861	10.727594
862	10.727594
863	10.727594
864	10.727594
865	10.727594
866	10.727594
867	10.727594
868	10.727594
869	10.727594
870	10.69741
871	10.69741
872	10.69741
873	10.69741
874	10.69741
875	10.69741
876	10.69741
877	10.69741
878	10.69741
879	10.69741
880	10.69741
881	10.69741
882	10.69741
883	10.76059
884	10.76059
885	10.76059
886	10.76059
887	10.76059
888	10.76059
889	10.76059
890	10.76059
891	10.76059
892	10.76059
893	10.76059
894	10.76059
895	10.76059
896	10.76059
897	10.76059
898	10.76059
899	10.76059
900	10.76059
901	10.76059
902	10.76059
903	10.76059
904	10.76059
905	10.76059
906	10.76059
907	10.76059
908	10.76059
909	10.736909
910	10.736909
911	10.722434
912	10.722434
913	10.722434
914	10.730033
915	10.730033
916	10.730033
917	10.730033
918	10.730033
919	10.730033
920	10.730033
921	10.730033
922	10.730033
923	10.734863
924	10.730033
925	10.730033
926	10.730033
927	10.730033
928	10.730033
929	10.730033
930	10.730033
931	10.730033
932	10.730033
933	10.730033
934	10.730033
935	10.734863
936	10.734863
937	10.734863
938	10.734863
939	10.734863
940	10.734863
941	10.734863
942	10.734863
943	10.734863
944	10.734863
945	10.734863
946	10.734863
947	10.730033
948	10.730033
949	10.730033
950	10.730033
951	10.730033
952	10.730033
953	10.730033
954	10.730033
955	10.730033
956	10.734863
957	10.734863
958	10.734863
959	10.734863
960	10.734863
961	10.734863
962	10.734863
963	10.734863
964	10.734863
965	10.734863
966	10.734863
967	10.734863
968	10.734863
969	10.734863
970	10.734863
971	10.734863
972	10.734863
973	10.734863
974	10.734863
975	10.734863
976	10.734863
977	10.734863
978	10.734863
979	10.734863
980	10.734863
981	10.734863
982	10.734863
983	10.734863
984	10.734863
985	10.734863
986	10.734863
987	10.734863
988	10.734863
989	10.734863
990	10.734863
991	10.734863
992	10.734863
993	10.734863
994	10.694466
995	10.694466
996	10.704615
997	10.699785
998	10.699785
999	10.699785
1000	10.699785
1001	10.699785
1002	10.704615
1003	10.704615
1004	10.704615
1005	10.704615
1006	10.704615
1007	10.704615
1008	10.704615
1009	10.704615
1010	10.704615
1011	10.704615
1012	10.704615
1013	10.704615
1014	10.704615
1015	10.704615
1016	10.704615
1017	10.704615
1018	10.704615
1019	10.704615
1020	10.704615
1021	10.704615
1022	10.704615
1023	10.704615
1024	10.704615
1025	10.705013
1026	10.705013
1027	10.705013
1028	10.705013
1029	10.705013
1030	10.705013
1031	10.705013
1032	10.705013
1033	10.705013
1034	10.777233
1035	10.777233
1036	10.777233
1037	10.772403
1038	10.772403
1039	10.772403
1040	10.772403
1041	10.772403
1042	10.772403
1043	10.772403
1044	10.772403
1045	10.777233
1046	10.777233
1047	10.777233
1048	10.777233
1049	10.777233
1050	10.777233
1051	10.777233
1052	10.777233
1053	10.777233
1054	10.777233
1055	10.777233
1056	10.777233
1057	10.777233
1058	10.777233
1059	10.777233
1060	10.777233
1061	10.777233
1062	10.777233
1063	10.777233
1064	10.777233
1065	10.777233
1066	10.777233
1067	10.777233
1068	10.777233
1069	10.777233
1070	10.777233
1071	10.777233
1072	10.777233
1073	10.772403
1074	10.777233
1075	10.777233
1076	10.777233
1077	10.777233
1078	10.777233
1079	10.777233
1080	10.777233
1081	10.777233
1082	10.777233
1083	10.777233
1084	10.777233
1085	10.777233
1086	10.777233
1087	10.777233
1088	10.777233
1089	10.777233
1090	10.777233
1091	10.777233
1092	10.777233
1093	10.772403
1094	10.777233
1095	10.777233
1096	10.777233
1097	10.777233
1098	10.777233
1099	10.777233
1100	10.777233
1101	10.777233
1102	10.777233
1103	10.777233
1104	10.777233
1105	10.777233
1106	10.772403
1107	10.772403
1108	10.772403
1109	10.772403
1110	10.772403
1111	10.777233
1112	10.777233
1113	10.777233
1114	10.777233
1115	10.777233
1116	10.777233
1117	10.777233
1118	10.777233
1119	10.777233
1120	10.777233
1121	10.777233
1122	10.777233
1123	10.777233
1124	10.777233
1125	10.777233
1126	10.777233
1127	10.777233
1128	10.777233
1129	10.777233
1130	10.777233
1131	10.777233
1132	10.777233
1133	10.777233
1134	10.777233
1135	10.777233
1136	10.777233
1137	10.777233
1138	10.777233
1139	10.776835
1140	10.776835
1141	10.776835
1142	10.776835
1143	10.776835
1144	10.776835
1145	10.776835
1146	10.776835
1147	10.776835
1148	10.777233
1149	10.777233
1150	10.777233
1151	10.777233
1152	10.777233
1153	10.777233
1154	10.777233
1155	10.777233
1156	10.777233
1157	10.777233
1158	10.777233
1159	10.777233
1160	10.777233
1161	10.777233
1162	10.777233
1163	10.777233
1164	10.777233
1165	10.772403
1166	10.772403
1167	10.772403
1168	10.772403
1169	10.772403
1170	10.772403
1171	10.772403
1172	10.772403
1173	10.772403
1174	10.772403
1175	10.772403
1176	10.772403
1177	10.772403
1178	10.772403
1179	10.772403
1180	10.772403
1181	10.772403
1182	10.772403
1183	10.772403
1184	10.772403
1185	10.777233
1186	10.777233
1187	10.777233
1188	10.777233
1189	10.777233
1190	10.777233
1191	10.777233
1192	10.777233
1193	10.777233
1194	10.777233
1195	10.777233
1196	10.777233
1197	10.777233
1198	10.777233
1199	10.777233
1200	10.777233
1201	10.777233
1202	10.777233
1203	10.777233
1204	10.777233
1205	10.793551
1206	10.793551
1207	10.793551
1208	10.793551
1209	10.793551
1210	10.793551
1211	10.793551
1212	10.793551
1213	10.788721
1214	10.788721
1215	10.788721
1216	10.788721
1217	10.793551
1218	10.793551
1219	10.793551
1220	10.793551
1221	10.793551
1222	10.793551
1223	10.793551
1224	10.793551
1225	10.793551
1226	10.793551
1227	10.793551
1228	10.788721
1229	10.788721
1230	10.788721
1231	10.788721
1232	10.788721
1233	10.788721
1234	10.788721
1235	10.788721
1236	10.795727
1237	10.795727
1238	10.795727
1239	10.795727
1240	10.795727
1241	10.795727
1242	10.795727
1243	10.795727
1244	10.795727
1245	10.795727
1246	10.795727
1247	10.795727
1248	10.795727
1249	10.795727
1250	10.795727
1251	10.795727
1252	10.795727
1253	10.795727
1254	10.795727
1255	10.795727
1256	10.795727
1257	10.795727
1258	10.795727
1259	10.795727
1260	10.795727
1261	10.795727
1262	10.795727
1263	10.795727
1264	10.795727
1265	10.795727
1266	10.795727
1267	10.795727
1268	10.795727
1269	10.795727
1270	10.795727
1271	10.795727
1272	10.795727
1273	10.795727
1274	10.795727
1275	10.795727
1276	10.795727
1277	10.824219
1278	10.824219
1279	10.831746
1280	10.831746
1281	10.831746
1282	10.831746
1283	10.831746
1284	10.831746
1285	10.831746
1286	10.831746
1287	10.831746
1288	10.831746
1289	10.831746
1290	10.831746
1291	10.831746
1292	10.831746
1293	10.831746
1294	10.831746
1295	10.831746
1296	10.831746
1297	10.831746
1298	10.831746
1299	10.831746
1300	10.831746
1301	10.831746
1302	10.831746
1303	10.831746
1304	10.831746
1305	10.831746
1306	10.831746
1307	10.831746
1308	10.831746
1309	10.831746
1310	10.831746
1311	10.831746
1312	10.831746
1313	10.831746
1314	10.831746
1315	10.831746
1316	10.831746
1317	10.831746
1318	10.831746
1319	10.831746
1320	10.82474
1321	10.82474
1322	10.82474
1323	10.82474
1324	10.82474
1325	10.82474
1326	10.82474
1327	10.82474
1328	10.82474
1329	10.82474
1330	10.82474
1331	10.82474
1332	10.82474
1333	10.82474
1334	10.82474
1335	10.82474
1336	10.82474
1337	10.82474
1338	10.82474
1339	10.82957
1340	10.82957
1341	10.82957
1342	10.82957
1343	10.82957
1344	10.82957
1345	10.82474
1346	10.82474
1347	10.82474
1348	10.82474
1349	10.82474
1350	10.82474
1351	10.82474
1352	10.82474
1353	10.82474
1354	10.82474
1355	10.82474
1356	10.82474
1357	10.82957
1358	10.82957
1359	10.82957
1360	10.82957
1361	10.82957
1362	10.82957
1363	10.82957
1364	10.82957
1365	10.82957
1366	10.82957
1367	10.82957
1368	10.82957
1369	10.82957
1370	10.82957
1371	10.82957
1372	10.82957
1373	10.82957
1374	10.82957
1375	10.82957
1376	10.82957
1377	10.82957
1378	10.82957
1379	10.82957
1380	10.82957
1381	10.82957
1382	10.82957
1383	10.82957
1384	10.82957
1385	10.82957
1386	10.82957
1387	10.82957
1388	10.82957
1389	10.82957
1390	10.82957
1391	10.82957
1392	10.82957
1393	10.82957
1394	10.82957
1395	10.82957
1396	10.82957
1397	10.82957
1398	10.82474
1399	10.815495
1400	10.815495
1401	10.815495
1402	10.815495
1403	10.815495
1404	10.815495
1405	10.815495
1406	10.820325
1407	10.820325
1408	10.820325
1409	10.820325
1410	10.820325
1411	10.820325
1412	10.820325
1413	10.820325
1414	10.820325
1415	10.820325
1416	10.820325
1417	10.820325
1418	10.820325
1419	10.820325
1420	10.820325
1421	10.820325
1422	10.820325
1423	10.820325
1424	10.820325
1425	10.820325
1426	10.820325
1427	10.820325
1428	10.820325
1429	10.820325
1430	10.820325
1431	10.820325
1432	10.820325
1433	10.820325
1434	10.820325
1435	10.820325
1436	10.820325
1437	10.820325
1438	10.820325
1439	10.820325
1440	10.820325
1441	10.820325
1442	10.820325
1443	10.820325
1444	10.820325
1445	10.815495
1446	10.815495
1447	10.815495
1448	10.815495
1449	10.815495
1450	10.815495
1451	10.815495
1452	10.815495
1453	10.815495
1454	10.815495
1455	10.815495
1456	10.815495
1457	10.815495
1458	10.815495
1459	10.815495
1460	10.815495
1461	10.815495
1462	10.815495
1463	10.815495
1464	10.815495
1465	10.815495
1466	10.815495
1467	10.820325
1468	10.820325
1469	10.820325
1470	10.820325
1471	10.820325
1472	10.820325
1473	10.820325
1474	10.820325
1475	10.820325
1476	10.820325
1477	10.820325
1478	10.820325
1479	10.820325
1480	10.815495
1481	10.815495
1482	10.815495
1483	10.815495
1484	10.815495
1485	10.815495
1486	10.815495
1487	10.815495
1488	10.815495
1489	10.815495
1490	10.815495
1491	10.815495
1492	10.815495
1493	10.820325
1494	10.820325
1495	10.820325
1496	10.820325
1497	10.820325
1498	10.820325
1499	10.820325
1500	10.820325
1501	10.820325
1502	10.820325
1503	10.820325
1504	10.820325
1505	10.820325
1506	10.820325
1507	10.820325
1508	10.820325
1509	10.820325
1510	10.820325
1511	10.820325
1512	10.820325
1513	10.820325
1514	10.820325
1515	10.820325
1516	10.820325
1517	10.820325
1518	10.820325
1519	10.820325
1520	10.820325
1521	10.820325
1522	10.820325
1523	10.820325
1524	10.820325
1525	10.820325
1526	10.820325
1527	10.820325
1528	10.820325
1529	10.820325
1530	10.820325
1531	10.820325
1532	10.820325
1533	10.820325
1534	10.820325
1535	10.820325
1536	10.820325
1537	10.82957
1538	10.82957
1539	10.833948
1540	10.833948
1541	10.833948
1542	10.833948
1543	10.833948
1544	10.833948
1545	10.833948
1546	10.833948
1547	10.833948
1548	10.833948
1549	10.833948
1550	10.833948
1551	10.833948
1552	10.833948
1553	10.833948
1554	10.833948
1555	10.833948
1556	10.833948
1557	10.833948
1558	10.833948
1559	10.833948
1560	10.833948
1561	10.833948
1562	10.833948
1563	10.833948
1564	10.824703
1565	10.824703
1566	10.824703
1567	10.824703
1568	10.824703
1569	10.824703
1570	10.824703
1571	10.824703
1572	10.824703
1573	10.824703
1574	10.824703
1575	10.824703
1576	10.824703
1577	10.824703
1578	10.824703
1579	10.824703
1580	10.824703
1581	10.824703
1582	10.824703
1583	10.824703
1584	10.819873
1585	10.819873
1586	10.819873
1587	10.819873
1588	10.819873
1589	10.819873
1590	10.819873
1591	10.819873
1592	10.819873
1593	10.819873
1594	10.819873
1595	10.819873
1596	10.819873
1597	10.819873
1598	10.819873
1599	10.819873
1600	10.819873
1601	10.819873
1602	10.819873
1603	10.819873
1604	10.824703
1605	10.824703
1606	10.824703
1607	10.824703
1608	10.824703
1609	10.824703
1610	10.819873
1611	10.819873
1612	10.819873
1613	10.819873
1614	10.819873
1615	10.824703
1616	10.824703
1617	10.824703
1618	10.826879
1619	10.826879
1620	10.826879
1621	10.826879
1622	10.826879
1623	10.826879
1624	10.826879
1625	10.826879
1626	10.826879
1627	10.826879
1628	10.826879
1629	10.826879
1630	10.826879
1631	10.826879
1632	10.826879
1633	10.826879
1634	10.826879
1635	10.826879
1636	10.826879
1637	10.826879
1638	10.826879
1639	10.826879
1640	10.826879
1641	10.826879
1642	10.826879
1643	10.826879
1644	10.826879
1645	10.826879
1646	10.826879
1647	10.826879
1648	10.826879
1649	10.826879
1650	10.826879
1651	10.826879
1652	10.826879
1653	10.826879
1654	10.826879
1655	10.826879
1656	10.826879
1657	10.826879
1658	10.826879
1659	10.826879
1660	10.826879
1661	10.826879
1662	10.826879
1663	10.826879
1664	10.826879
1665	10.826879
1666	10.826879
1667	10.826879
1668	10.826879
1669	10.826879
1670	10.826879
1671	10.826879
1672	10.826879
1673	10.826879
1674	10.826879
1675	10.826879
1676	10.826879
1677	10.826879
1678	10.826879
1679	10.826879
1680	10.826879
1681	10.826879
1682	10.826879
1683	10.826879
1684	10.826879
1685	10.826879
1686	10.826879
1687	10.826879
1688	10.826879
1689	10.826879
1690	10.826879
1691	10.826879
1692	10.826879
1693	10.826879
1694	10.826879
1695	10.826879
1696	10.822501
1697	10.822501
1698	10.822501
1699	10.822501
1700	10.822501
1701	10.822501
1702	10.822501
1703	10.822501
1704	10.822501
1705	10.822501
1706	10.822501
1707	10.822501
1708	10.822501
1709	10.822501
1710	10.822501
1711	10.822501
1712	10.822501
1713	10.822501
1714	10.822501
1715	10.822501
1716	10.822501
1717	10.822501
1718	10.822501
1719	10.822501
1720	10.822501
1721	10.822501
1722	10.822501
1723	10.822501
1724	10.822501
1725	10.822501
1726	10.822501
1727	10.822501
1728	10.822501
1729	10.822501
1730	10.822501
1731	10.822501
1732	10.822501
1733	10.822501
1734	10.822501
1735	10.822501
1736	10.822501
1737	10.822501
1738	10.822501
1739	10.822501
1740	10.822501
1741	10.822501
1742	10.822501
1743	10.822501
1744	10.822501
1745	10.822501
1746	10.822501
1747	10.822501
1748	10.822501
1749	10.822501
1750	10.822501
1751	10.822501
1752	10.822501
1753	10.822501
1754	10.822501
1755	10.822501
1756	10.822501
1757	10.822501
1758	10.822501
1759	10.822501
1760	10.822501
1761	10.822501
1762	10.822501
1763	10.822501
1764	10.822501
1765	10.822501
1766	10.822501
1767	10.822501
1768	10.822501
1769	10.822501
1770	10.822501
1771	10.822501
1772	10.822501
1773	10.822501
1774	10.822501
1775	10.822501
1776	10.822501
1777	10.822501
1778	10.822501
1779	10.822501
1780	10.822501
1781	10.822501
1782	10.822501
1783	10.822501
1784	10.822501
1785	10.822501
1786	10.822501
1787	10.822501
1788	10.822501
1789	10.822501
1790	10.822501
1791	10.822501
1792	10.822501
1793	10.822501
1794	10.822501
1795	10.822501
1796	10.831746
1797	10.831746
1798	10.831746
1799	10.831746
1800	10.831746
1801	10.831746
1802	10.831746
1803	10.831746
1804	10.831746
1805	10.831746
1806	10.831746
1807	10.831746
1808	10.831746
1809	10.831746
1810	10.831746
1811	10.831746
1812	10.831746
1813	10.831746
1814	10.831746
1815	10.831746
1816	10.831746
1817	10.831746
1818	10.831746
1819	10.831746
1820	10.831746
1821	10.831746
1822	10.831746
1823	10.831746
1824	10.831746
1825	10.831746
1826	10.831746
1827	10.831746
1828	10.831746
1829	10.831746
1830	10.831746
1831	10.831746
1832	10.831746
1833	10.831746
1834	10.831746
1835	10.831746
1836	10.831746
1837	10.831746
1838	10.831746
1839	10.831746
1840	10.831746
1841	10.831746
1842	10.831746
1843	10.831746
1844	10.831746
1845	10.831746
1846	10.831746
1847	10.831746
1848	10.831746
1849	10.831746
1850	10.831746
1851	10.831746
1852	10.831746
1853	10.831746
1854	10.831746
1855	10.831746
1856	10.831746
1857	10.831746
1858	10.831746
1859	10.831746
1860	10.831746
1861	10.831746
1862	10.831746
1863	10.831746
1864	10.831746
1865	10.831746
1866	10.831746
1867	10.831746
1868	10.831746
1869	10.831746
1870	10.831746
1871	10.831746
1872	10.831746
1873	10.831746
1874	10.831746
1875	10.831746
1876	10.831746
1877	10.831746
1878	10.831746
1879	10.831746
1880	10.831746
1881	10.831746
1882	10.831746
1883	10.831746
1884	10.831746
1885	10.831746
1886	10.831746
1887	10.831746
1888	10.831746
1889	10.831746
1890	10.831746
1891	10.831746
1892	10.831746
1893	10.831746
1894	10.831746
1895	10.831746
1896	10.831746
1897	10.831746
1898	10.831746
1899	10.831746
1900	10.831746
1901	10.831746
1902	10.831746
1903	10.831746
1904	10.831746
1905	10.831746
1906	10.831746
1907	10.831746
1908	10.831746
1909	10.831746
1910	10.831746
1911	10.831746
1912	10.831746
1913	10.831746
1914	10.831746
1915	10.831746
1916	10.831746
1917	10.831746
1918	10.831746
1919	10.831746
1920	10.831746
1921	10.831746
1922	10.831746
1923	10.831746
1924	10.831746
1925	10.831746
1926	10.831746
1927	10.831746
1928	10.831746
1929	10.831746
1930	10.831746
1931	10.831746
1932	10.831746
1933	10.831746
1934	10.831746
1935	10.831746
1936	10.831746
1937	10.831746
1938	10.831746
1939	10.831746
1940	10.831746
1941	10.831746
1942	10.831746
1943	10.831746
1944	10.831746
1945	10.831746
1946	10.831746
1947	10.831746
1948	10.831746
1949	10.831746
1950	10.831746
1951	10.831746
1952	10.831746
1953	10.831746
1954	10.831746
1955	10.831746
1956	10.831746
1957	10.831746
1958	10.831746
1959	10.831746
1960	10.831746
1961	10.831746
1962	10.831746
1963	10.831746
1964	10.831746
1965	10.831746
1966	10.831746
1967	10.831746
1968	10.831746
1969	10.831746
1970	10.831746
1971	10.831746
1972	10.831746
1973	10.831746
1974	10.831746
1975	10.831746
1976	10.831746
1977	10.831746
1978	10.831746
1979	10.831746
1980	10.831746
1981	10.831746
1982	10.831746
1983	10.831746
1984	10.831746
1985	10.831746
1986	10.831746
1987	10.831746
1988	10.831746
1989	10.831746
1990	10.831746
1991	10.831746
1992	10.831746
1993	10.831746
1994	10.831746
1995	10.831746
1996	10.831746
1997	10.831746
1998	10.831746
1999	10.831746
2000	10.831746
2001	10.831746
2002	10.831746
2003	10.831746
2004	10.831746
2005	10.831746
2006	10.831746
2007	10.831746
2008	10.831746
2009	10.831746
2010	10.831746
2011	10.831746
2012	10.831746
2013	10.831746
2014	10.831746
2015	10.831746
2016	10.831746
2017	10.831746
2018	10.831746
2019	10.831746
2020	10.831746
2021	10.831746
2022	10.831746
2023	10.831746
2024	10.831746
2025	10.831746
2026	10.831746
2027	10.831746
2028	10.831746
2029	10.831746
2030	10.831746
2031	10.831746
2032	10.831746
2033	10.831746
2034	10.831746
2035	10.831746
2036	10.831746
2037	10.831746
2038	10.831746
2039	10.831746
2040	10.831746
2041	10.831746
2042	10.831746
2043	10.831746
2044	10.831746
2045	10.831746
2046	10.831746
2047	10.831746
2048	10.831746
2049	10.831746
2050	10.831746
2051	10.831746
2052	10.831746
2053	10.831746
2054	10.831746
2055	10.831746
2056	10.831746
2057	10.831746
2058	10.831746
2059	10.831746
2060	10.831746
2061	10.831746
2062	10.831746
2063	10.831746
2064	10.831746
2065	10.831746
2066	10.831746
2067	10.831746
2068	10.831746
2069	10.831746
2070	10.831746
2071	10.831746
2072	10.831746
2073	10.831746
2074	10.831746
2075	10.831746
2076	10.831746
2077	10.831746
2078	10.831746
2079	10.831746
2080	10.831746
2081	10.831746
2082	10.831746
2083	10.831746
2084	10.831746
2085	10.831746
2086	10.831746
2087	10.831746
2088	10.831746
2089	10.831746
2090	10.831746
2091	10.831746
2092	10.831746
2093	10.831746
2094	10.831746
2095	10.831746
2096	10.831746
2097	10.831746
2098	10.831746
2099	10.831746
2100	10.831746
2101	10.831746
2102	10.831746
2103	10.831746
2104	10.831746
2105	10.831746
2106	10.831746
2107	10.831746
2108	10.831746
2109	10.831746
2110	10.831746
2111	10.831746
2112	10.831746
2113	10.831746
2114	10.831746
2115	10.831746
2116	10.831746
2117	10.831746
2118	10.831746
2119	10.831746
2120	10.831746
2121	10.831746
2122	10.831746
2123	10.831746
2124	10.831746
2125	10.831746
2126	10.831746
2127	10.831746
2128	10.831746
2129	10.831746
2130	10.831746
2131	10.831746
2132	10.831746
2133	10.831746
2134	10.831746
2135	10.831746
2136	10.831746
2137	10.831746
2138	10.831746
2139	10.831746
2140	10.831746
2141	10.831746
2142	10.831746
2143	10.831746
2144	10.831746
2145	10.831746
2146	10.831746
2147	10.831746
2148	10.831746
2149	10.831746
2150	10.831746
2151	10.831746
2152	10.831746
2153	10.831746
2154	10.831746
2155	10.831746
2156	10.831746
2157	10.831746
2158	10.831746
2159	10.831746
2160	10.831746
2161	10.831746
2162	10.831746
2163	10.831746
2164	10.831746
2165	10.831746
2166	10.831746
2167	10.831746
2168	10.831746
2169	10.831746
2170	10.831746
2171	10.831746
2172	10.831746
2173	10.831746
2174	10.831746
2175	10.831746
2176	10.831746
2177	10.831746
2178	10.831746
2179	10.831746
2180	10.831746
2181	10.831746
2182	10.831746
2183	10.831746
2184	10.831746
2185	10.831746
2186	10.831746
2187	10.831746
2188	10.831746
2189	10.831746
2190	10.831746
2191	10.831746
2192	10.831746
2193	10.831746
2194	10.831746
2195	10.831746
2196	10.831746
2197	10.831746
2198	10.831746
2199	10.831746
2200	10.831746
2201	10.831746
2202	10.831746
2203	10.831746
2204	10.831746
2205	10.831746
2206	10.831746
2207	10.831746
2208	10.831746
2209	10.831746
2210	10.831746
2211	10.831746
2212	10.831746
2213	10.831746
2214	10.831746
2215	10.831746
2216	10.831746
2217	10.831746
2218	10.831746
2219	10.831746
2220	10.831746
2221	10.831746
2222	10.831746
2223	10.831746
2224	10.831746
2225	10.831746
2226	10.831746
2227	10.831746
2228	10.831746
2229	10.831746
2230	10.831746
2231	10.831746
2232	10.831746
2233	10.831746
2234	10.831746
2235	10.831746
2236	10.831746
2237	10.831746
2238	10.831746
2239	10.831746
2240	10.831746
2241	10.831746
2242	10.831746
2243	10.831746
2244	10.831746
2245	10.831746
2246	10.831746
2247	10.831746
2248	10.831746
2249	10.831746
2250	10.831746
2251	10.831746
2252	10.831746
2253	10.831746
2254	10.831746
2255	10.831746
2256	10.831746
2257	10.831746
2258	10.831746
2259	10.831746
2260	10.831746
2261	10.831746
2262	10.831746
2263	10.831746
2264	10.831746
2265	10.831746
2266	10.831746
2267	10.831746
2268	10.831746
2269	10.831746
2270	10.831746
2271	10.831746
2272	10.831746
2273	10.831746
2274	10.831746
2275	10.831746
2276	10.831746
2277	10.831746
2278	10.831746
2279	10.831746
2280	10.831746
2281	10.831746
2282	10.831746
2283	10.831746
2284	10.831746
2285	10.831746
2286	10.831746
2287	10.831746
2288	10.831746
2289	10.831746
2290	10.831746
2291	10.831746
2292	10.831746
2293	10.831746
2294	10.831746
2295	10.831746
2296	10.831746
2297	10.831746
2298	10.831746
2299	10.831746
2300	10.831746
2301	10.831746
2302	10.831746
2303	10.831746
2304	10.831746
2305	10.831746
2306	10.831746
2307	10.831746
2308	10.831746
2309	10.831746
2310	10.831746
2311	10.831746
2312	10.831746
2313	10.831746
2314	10.831746
2315	10.831746
2316	10.831746
2317	10.831746
2318	10.831746
2319	10.831746
2320	10.831746
2321	10.831746
2322	10.831746
2323	10.831746
2324	10.831746
2325	10.831746
2326	10.831746
2327	10.831746
2328	10.831746
2329	10.831746
2330	10.831746
2331	10.831746
2332	10.831746
2333	10.831746
2334	10.831746
2335	10.831746
2336	10.831746
2337	10.831746
2338	10.831746
2339	10.831746
2340	10.831746
2341	10.831746
2342	10.831746
2343	10.831746
2344	10.831746
2345	10.831746
2346	10.831746
2347	10.831746
2348	10.831746
2349	10.831746
2350	10.831746
2351	10.831746
2352	10.831746
2353	10.831746
2354	10.831746
2355	10.831746
2356	10.831746
2357	10.831746
2358	10.831746
2359	10.831746
2360	10.831746
2361	10.831746
2362	10.831746
2363	10.831746
2364	10.831746
2365	10.831746
2366	10.831746
2367	10.831746
2368	10.831746
2369	10.831746
2370	10.831746
2371	10.831746
2372	10.831746
2373	10.831746
2374	10.831746
2375	10.831746
2376	10.831746
2377	10.831746
2378	10.831746
2379	10.831746
2380	10.831746
2381	10.831746
2382	10.831746
2383	10.831746
2384	10.831746
2385	10.831746
2386	10.831746
2387	10.831746
2388	10.831746
2389	10.831746
2390	10.831746
2391	10.831746
2392	10.831746
2393	10.831746
2394	10.831746
2395	10.831746
2396	10.831746
2397	10.831746
2398	10.831746
2399	10.831746
2400	10.831746
2401	10.831746
2402	10.831746
2403	10.831746
2404	10.831746
2405	10.831746
2406	10.831746
2407	10.831746
2408	10.831746
2409	10.831746
2410	10.831746
2411	10.831746
2412	10.831746
2413	10.831746
2414	10.831746
2415	10.831746
2416	10.831746
2417	10.831746
2418	10.831746
2419	10.831746
2420	10.831746
2421	10.831746
2422	10.831746
2423	10.831746
2424	10.831746
2425	10.831746
2426	10.831746
2427	10.831746
2428	10.831746
2429	10.831746
2430	10.831746
2431	10.831746
2432	10.831746
2433	10.831746
2434	10.831746
2435	10.831746
2436	10.831746
2437	10.831746
2438	10.831746
2439	10.831746
2440	10.831746
2441	10.831746
2442	10.831746
2443	10.831746
2444	10.831746
2445	10.831746
2446	10.831746
2447	10.831746
2448	10.831746
2449	10.831746
2450	10.831746
2451	10.831746
2452	10.831746
2453	10.831746
2454	10.831746
2455	10.831746
2456	10.831746
2457	10.831746
2458	10.831746
2459	10.831746
2460	10.831746
2461	10.831746
2462	10.831746
2463	10.831746
2464	10.831746
2465	10.831746
2466	10.831746
2467	10.831746
2468	10.831746
2469	10.831746
2470	10.831746
2471	10.831746
2472	10.831746
2473	10.831746
2474	10.831746
2475	10.831746
2476	10.831746
2477	10.831746
2478	10.831746
2479	10.831746
2480	10.831746
2481	10.831746
2482	10.831746
2483	10.831746
2484	10.831746
2485	10.831746
2486	10.831746
2487	10.831746
2488	10.831746
2489	10.831746
2490	10.831746
2491	10.831746
2492	10.831746
2493	10.831746
2494	10.831746
2495	10.831746
2496	10.831746
2497	10.831746
2498	10.831746
2499	10.831746
2500	10.831746
2501	10.831746
2502	10.831746
2503	10.831746
2504	10.831746
2505	10.831746
2506	10.831746
2507	10.831746
2508	10.831746
2509	10.831746
2510	10.831746
2511	10.831746
2512	10.831746
2513	10.831746
2514	10.831746
2515	10.831746
2516	10.831746
2517	10.831746
2518	10.831746
2519	10.831746
2520	10.831746
2521	10.831746
2522	10.831746
2523	10.831746
2524	10.831746
2525	10.831746
2526	10.831746
2527	10.831746
2528	10.831746
2529	10.831746
2530	10.831746
2531	10.831746
2532	10.831746
2533	10.831746
2534	10.831746
2535	10.831746
2536	10.831746
2537	10.831746
2538	10.831746
2539	10.831746
2540	10.831746
2541	10.831746
2542	10.831746
2543	10.831746
2544	10.831746
2545	10.831746
2546	10.831746
2547	10.831746
2548	10.831746
2549	10.836124
2550	10.836124
2551	10.836124
2552	10.836124
2553	10.836124
2554	10.836124
2555	10.836124
2556	10.836124
2557	10.836124
2558	10.836124
2559	10.836124
2560	10.836124
2561	10.836124
2562	10.836124
2563	10.836124
2564	10.836124
2565	10.836124
2566	10.836124
2567	10.836124
2568	10.836124
2569	10.836124
2570	10.836124
2571	10.836124
2572	10.836124
2573	10.836124
2574	10.836124
2575	10.836124
2576	10.836124
2577	10.836124
2578	10.836124
2579	10.836124
2580	10.836124
2581	10.836124
2582	10.836124
2583	10.836124
2584	10.836124
2585	10.836124
2586	10.836124
2587	10.836124
2588	10.836124
2589	10.836124
2590	10.836124
2591	10.836124
2592	10.836124
2593	10.836124
2594	10.836124
2595	10.836124
2596	10.836124
2597	10.836124
2598	10.836124
2599	10.836124
2600	10.836124
2601	10.836124
2602	10.836124
2603	10.836124
2604	10.836124
2605	10.836124
2606	10.836124
2607	10.836124
2608	10.836124
2609	10.836124
2610	10.836124
2611	10.836124
2612	10.836124
2613	10.836124
2614	10.836124
2615	10.836124
2616	10.836124
2617	10.836124
2618	10.836124
2619	10.836124
2620	10.836124
2621	10.836124
2622	10.836124
2623	10.836124
2624	10.836124
2625	10.836124
2626	10.836124
2627	10.836124
2628	10.836124
2629	10.836124
2630	10.836124
2631	10.836124
2632	10.836124
2633	10.836124
2634	10.836124
2635	10.836124
2636	10.836124
2637	10.836124
2638	10.836124
2639	10.836124
2640	10.836124
2641	10.836124
2642	10.836124
2643	10.836124
2644	10.836124
2645	10.836124
2646	10.836124
2647	10.836124
2648	10.836124
2649	10.836124
2650	10.836124
2651	10.836124
2652	10.836124
2653	10.836124
2654	10.836124
2655	10.836124
2656	10.836124
2657	10.836124
2658	10.836124
2659	10.836124
2660	10.836124
2661	10.836124
2662	10.836124
2663	10.836124
2664	10.836124
2665	10.836124
2666	10.836124
2667	10.836124
2668	10.836124
2669	10.836124
2670	10.836124
2671	10.836124
2672	10.836124
2673	10.836124
2674	10.836124
2675	10.836124
2676	10.836124
2677	10.836124
2678	10.836124
2679	10.836124
2680	10.836124
2681	10.836124
2682	10.836124
2683	10.836124
2684	10.836124
2685	10.836124
2686	10.836124
2687	10.836124
2688	10.836124
2689	10.836124
2690	10.836124
2691	10.836124
2692	10.836124
2693	10.836124
2694	10.836124
2695	10.836124
2696	10.836124
2697	10.836124
2698	10.836124
2699	10.836124
2700	10.836124
2701	10.836124
2702	10.836124
2703	10.836124
2704	10.836124
2705	10.836124
2706	10.836124
2707	10.836124
2708	10.836124
2709	10.836124
2710	10.836124
2711	10.836124
2712	10.836124
2713	10.836124
2714	10.836124
2715	10.836124
2716	10.836124
2717	10.836124
2718	10.836124
2719	10.836124
2720	10.836124
2721	10.836124
2722	10.836124
2723	10.836124
2724	10.836124
2725	10.836124
2726	10.836124
2727	10.836124
2728	10.836124
2729	10.836124
2730	10.836124
2731	10.836124
2732	10.836124
2733	10.836124
2734	10.836124
2735	10.836124
2736	10.836124
2737	10.836124
2738	10.836124
2739	10.836124
2740	10.836124
2741	10.836124
2742	10.836124
2743	10.836124
2744	10.836124
2745	10.836124
2746	10.836124
2747	10.836124
2748	10.836124
2749	10.836124
2750	10.836124
2751	10.836124
2752	10.836124
2753	10.836124
2754	10.836124
2755	10.836124
2756	10.836124
2757	10.836124
2758	10.836124
2759	10.836124
2760	10.836124
2761	10.836124
2762	10.836124
2763	10.836124
2764	10.836124
2765	10.836124
2766	10.836124
2767	10.836124
2768	10.836124
2769	10.836124
2770	10.836124
2771	10.836124
2772	10.836124
2773	10.836124
2774	10.836124
2775	10.836124
2776	10.836124
2777	10.836124
2778	10.836124
2779	10.836124
2780	10.836124
2781	10.836124
2782	10.836124
2783	10.836124
2784	10.836124
2785	10.836124
2786	10.836124
2787	10.836124
2788	10.836124
2789	10.836124
2790	10.836124
2791	10.836124
2792	10.836124
2793	10.836124
2794	10.836124
2795	10.836124
2796	10.836124
2797	10.836124
2798	10.836124
2799	10.836124
2800	10.836124
2801	10.836124
2802	10.836124
2803	10.836124
2804	10.836124
2805	10.836124
2806	10.836124
2807	10.836124
2808	10.836124
2809	10.836124
2810	10.836124
2811	10.836124
2812	10.836124
2813	10.836124
2814	10.836124
2815	10.836124
2816	10.836124
2817	10.836124
2818	10.836124
2819	10.836124
2820	10.836124
2821	10.836124
2822	10.836124
2823	10.836124
2824	10.836124
2825	10.836124
2826	10.836124
2827	10.836124
2828	10.836124
2829	10.836124
2830	10.836124
2831	10.836124
2832	10.836124
2833	10.836124
2834	10.836124
2835	10.836124
2836	10.836124
2837	10.836124
2838	10.836124
2839	10.836124
2840	10.836124
2841	10.836124
2842	10.836124
2843	10.836124
2844	10.836124
2845	10.836124
2846	10.836124
2847	10.836124
2848	10.836124
2849	10.836124
2850	10.836124
2851	10.836124
2852	10.836124
2853	10.836124
2854	10.836124
2855	10.836124
2856	10.836124
2857	10.836124
2858	10.836124
2859	10.836124
2860	10.836124
2861	10.836124
2862	10.836124
2863	10.836124
2864	10.836124
2865	10.836124
2866	10.836124
2867	10.836124
2868	10.836124
2869	10.836124
2870	10.836124
2871	10.836124
2872	10.836124
2873	10.836124
2874	10.836124
2875	10.836124
2876	10.836124
2877	10.836124
2878	10.836124
2879	10.836124
2880	10.836124
2881	10.836124
2882	10.836124
2883	10.836124
2884	10.836124
2885	10.836124
2886	10.836124
2887	10.836124
2888	10.836124
2889	10.836124
2890	10.836124
2891	10.836124
2892	10.836124
2893	10.836124
2894	10.836124
2895	10.836124
2896	10.836124
2897	10.836124
2898	10.836124
2899	10.836124
2900	10.836124
2901	10.836124
2902	10.836124
2903	10.836124
2904	10.836124
2905	10.836124
2906	10.836124
2907	10.836124
2908	10.836124
2909	10.836124
2910	10.836124
2911	10.836124
2912	10.836124
2913	10.836124
2914	10.836124
2915	10.836124
2916	10.836124
2917	10.836124
2918	10.836124
2919	10.836124
2920	10.836124
2921	10.836124
2922	10.836124
2923	10.836124
2924	10.836124
2925	10.836124
2926	10.836124
2927	10.836124
2928	10.836124
2929	10.836124
2930	10.836124
2931	10.836124
2932	10.836124
2933	10.836124
2934	10.836124
2935	10.836124
2936	10.836124
2937	10.836124
2938	10.836124
2939	10.836124
2940	10.836124
2941	10.836124
2942	10.836124
2943	10.836124
2944	10.836124
2945	10.836124
2946	10.836124
2947	10.836124
2948	10.836124
2949	10.836124
2950	10.836124
2951	10.836124
2952	10.836124
2953	10.836124
2954	10.836124
2955	10.836124
2956	10.836124
2957	10.836124
2958	10.836124
2959	10.836124
2960	10.836124
2961	10.836124
2962	10.836124
2963	10.836124
2964	10.836124
2965	10.836124
2966	10.836124
2967	10.836124
2968	10.836124
2969	10.836124
2970	10.836124
2971	10.836124
2972	10.836124
2973	10.836124
2974	10.836124
2975	10.836124
2976	10.836124
2977	10.836124
2978	10.836124
2979	10.836124
2980	10.836124
2981	10.836124
2982	10.836124
2983	10.836124
2984	10.836124
2985	10.836124
2986	10.836124
2987	10.836124
2988	10.836124
2989	10.836124
2990	10.836124
2991	10.836124
2992	10.836124
2993	10.836124
2994	10.836124
2995	10.836124
2996	10.836124
2997	10.836124
2998	10.836124
2999	10.836124
3000	10.836124
3001	10.836124
3002	10.836124
3003	10.836124
3004	10.836124
3005	10.836124
3006	10.836124
3007	10.836124
3008	10.836124
3009	10.836124
3010	10.836124
3011	10.836124
3012	10.836124
3013	10.836124
3014	10.836124
3015	10.836124
3016	10.836124
3017	10.836124
3018	10.836124
3019	10.836124
3020	10.836124
3021	10.836124
3022	10.836124
3023	10.836124
3024	10.836124
3025	10.836124
3026	10.836124
3027	10.836124
3028	10.836124
3029	10.836124
3030	10.836124
3031	10.836124
3032	10.836124
3033	10.836124
3034	10.836124
3035	10.836124
3036	10.836124
3037	10.836124
3038	10.836124
3039	10.836124
3040	10.836124
3041	10.836124
3042	10.836124
3043	10.836124
3044	10.836124
3045	10.836124
3046	10.836124
3047	10.836124
3048	10.836124
3049	10.836124
3050	10.836124
3051	10.836124
3052	10.836124
3053	10.836124
3054	10.836124
3055	10.836124
3056	10.836124
3057	10.836124
3058	10.836124
3059	10.836124
3060	10.836124
3061	10.836124
3062	10.836124
3063	10.836124
3064	10.836124
3065	10.836124
3066	10.836124
3067	10.836124
3068	10.836124
3069	10.836124
3070	10.836124
3071	10.836124
3072	10.836124
3073	10.836124
3074	10.836124
3075	10.836124
3076	10.836124
3077	10.836124
3078	10.836124
3079	10.836124
3080	10.836124
3081	10.836124
3082	10.836124
3083	10.836124
3084	10.836124
3085	10.836124
3086	10.836124
3087	10.836124
3088	10.836124
3089	10.836124
3090	10.836124
3091	10.836124
3092	10.836124
3093	10.836124
3094	10.836124
3095	10.836124
3096	10.836124
3097	10.836124
3098	10.836124
3099	10.836124
3100	10.836124
3101	10.836124
3102	10.836124
3103	10.836124
3104	10.836124
3105	10.836124
3106	10.836124
3107	10.836124
3108	10.836124
3109	10.836124
3110	10.836124
3111	10.836124
3112	10.836124
3113	10.836124
3114	10.836124
3115	10.836124
3116	10.836124
3117	10.836124
3118	10.836124
3119	10.836124
3120	10.836124
3121	10.836124
3122	10.836124
3123	10.836124
3124	10.836124
3125	10.836124
3126	10.836124
3127	10.836124
3128	10.836124
3129	10.836124
3130	10.836124
3131	10.836124
3132	10.836124
3133	10.836124
3134	10.836124
3135	10.836124
3136	10.836124
3137	10.836124
3138	10.836124
3139	10.836124
3140	10.836124
3141	10.836124
3142	10.836124
3143	10.836124
3144	10.836124
3145	10.836124
3146	10.836124
3147	10.836124
3148	10.836124
3149	10.836124
3150	10.836124
3151	10.836124
3152	10.836124
3153	10.836124
3154	10.836124
3155	10.836124
3156	10.836124
3157	10.836124
3158	10.836124
3159	10.836124
3160	10.836124
3161	10.836124
3162	10.836124
3163	10.836124
3164	10.836124
3165	10.836124
3166	10.836124
3167	10.836124
3168	10.836124
3169	10.836124
3170	10.836124
3171	10.836124
3172	10.836124
3173	10.836124
3174	10.836124
3175	10.836124
3176	10.836124
3177	10.836124
3178	10.836124
3179	10.836124
3180	10.836124
3181	10.836124
3182	10.836124
3183	10.836124
3184	10.836124
3185	10.836124
3186	10.836124
3187	10.836124
3188	10.836124
3189	10.836124
3190	10.836124
3191	10.836124
3192	10.836124
3193	10.836124
3194	10.836124
3195	10.836124
3196	10.836124
3197	10.836124
3198	10.836124
3199	10.836124
3200	10.836124
3201	10.836124
3202	10.836124
3203	10.836124
3204	10.836124
3205	10.836124
3206	10.836124
3207	10.836124
3208	10.836124
3209	10.836124
3210	10.836124
3211	10.836124
3212	10.836124
3213	10.836124
3214	10.836124
3215	10.836124
3216	10.836124
3217	10.836124
3218	10.836124
3219	10.836124
3220	10.836124
3221	10.836124
3222	10.836124
3223	10.836124
3224	10.836124
3225	10.836124
3226	10.836124
3227	10.836124
3228	10.836124
3229	10.836124
3230	10.836124
3231	10.836124
3232	10.836124
3233	10.836124
3234	10.836124
3235	10.836124
3236	10.836124
3237	10.836124
3238	10.836124
3239	10.836124
3240	10.836124
3241	10.836124
3242	10.836124
3243	10.836124
3244	10.836124
3245	10.836124
3246	10.836124
3247	10.836124
3248	10.836124
3249	10.836124
3250	10.836124
3251	10.836124
3252	10.836124
3253	10.836124
3254	10.836124
3255	10.836124
3256	10.836124
3257	10.836124
3258	10.836124
3259	10.836124
3260	10.836124
3261	10.836124
3262	10.836124
3263	10.836124
3264	10.836124
3265	10.836124
3266	10.836124
3267	10.836124
3268	10.836124
3269	10.836124
3270	10.836124
3271	10.836124
3272	10.836124
3273	10.836124
3274	10.836124
3275	10.836124
3276	10.836124
3277	10.836124
3278	10.836124
3279	10.836124
3280	10.836124
3281	10.836124
3282	10.836124
3283	10.836124
3284	10.836124
3285	10.836124
3286	10.836124
3287	10.836124
3288	10.836124
3289	10.836124
3290	10.836124
3291	10.836124
3292	10.836124
3293	10.836124
3294	10.836124
3295	10.836124
3296	10.836124
3297	10.836124
3298	10.836124
3299	10.836124
3300	10.836124
3301	10.836124
3302	10.836124
3303	10.836124
3304	10.836124
3305	10.836124
3306	10.836124
3307	10.836124
3308	10.836124
3309	10.836124
3310	10.836124
3311	10.836124
3312	10.836124
3313	10.836124
3314	10.836124
3315	10.836124
3316	10.836124
3317	10.836124
3318	10.836124
3319	10.836124
3320	10.836124
3321	10.836124
3322	10.836124
3323	10.836124
3324	10.836124
3325	10.836124
3326	10.836124
3327	10.836124
3328	10.836124
3329	10.836124
3330	10.836124
3331	10.836124
3332	10.836124
3333	10.836124
3334	10.836124
3335	10.836124
3336	10.836124
3337	10.836124
3338	10.836124
3339	10.836124
3340	10.836124
3341	10.836124
3342	10.836124
3343	10.836124
3344	10.836124
3345	10.836124
3346	10.836124
3347	10.836124
3348	10.836124
3349	10.836124
3350	10.836124
3351	10.836124
3352	10.836124
3353	10.836124
3354	10.836124
3355	10.836124
3356	10.836124
3357	10.836124
3358	10.836124
3359	10.836124
3360	10.836124
3361	10.836124
3362	10.836124
3363	10.836124
3364	10.836124
3365	10.836124
3366	10.836124
3367	10.836124
3368	10.836124
3369	10.836124
3370	10.836124
3371	10.836124
3372	10.836124
3373	10.836124
3374	10.836124
3375	10.836124
3376	10.836124
3377	10.836124
3378	10.836124
3379	10.836124
3380	10.836124
3381	10.836124
3382	10.836124
3383	10.836124
3384	10.836124
3385	10.836124
3386	10.836124
3387	10.836124
3388	10.836124
3389	10.836124
3390	10.836124
3391	10.836124
3392	10.836124
3393	10.836124
3394	10.836124
3395	10.836124
3396	10.836124
3397	10.836124
3398	10.836124
3399	10.836124
3400	10.836124
3401	10.836124
3402	10.836124
3403	10.836124
3404	10.836124
3405	10.836124
3406	10.836124
3407	10.836124
3408	10.836124
3409	10.836124
3410	10.836124
3411	10.836124
3412	10.836124
3413	10.836124
3414	10.836124
3415	10.836124
3416	10.836124
3417	10.836124
3418	10.836124
3419	10.836124
3420	10.836124
3421	10.836124
3422	10.836124
3423	10.836124
3424	10.836124
3425	10.836124
3426	10.836124
3427	10.836124
3428	10.836124
3429	10.836124
3430	10.836124
3431	10.836124
3432	10.836124
3433	10.836124
3434	10.836124
3435	10.836124
3436	10.836124
3437	10.836124
3438	10.836124
3439	10.836124
3440	10.836124
3441	10.836124
3442	10.836124
3443	10.836124
3444	10.836124
3445	10.836124
3446	10.836124
3447	10.836124
3448	10.836124
3449	10.836124
3450	10.836124
3451	10.836124
3452	10.836124
3453	10.836124
3454	10.836124
3455	10.836124
3456	10.836124
3457	10.836124
3458	10.836124
3459	10.836124
3460	10.836124
3461	10.836124
3462	10.836124
3463	10.836124
3464	10.836124
3465	10.836124
3466	10.836124
3467	10.836124
3468	10.836124
3469	10.836124
3470	10.836124
3471	10.836124
3472	10.836124
3473	10.836124
3474	10.836124
3475	10.836124
3476	10.836124
3477	10.836124
3478	10.836124
3479	10.836124
3480	10.836124
3481	10.836124
3482	10.836124
3483	10.836124
3484	10.836124
3485	10.836124
3486	10.836124
3487	10.836124
3488	10.836124
3489	10.836124
3490	10.836124
3491	10.836124
3492	10.836124
3493	10.836124
3494	10.836124
3495	10.836124
3496	10.836124
3497	10.836124
3498	10.836124
3499	10.836124
3500	10.836124
3501	10.836124
3502	10.836124
3503	10.836124
3504	10.836124
3505	10.836124
3506	10.836124
3507	10.836124
3508	10.836124
3509	10.836124
3510	10.836124
3511	10.836124
3512	10.836124
3513	10.836124
3514	10.836124
3515	10.836124
3516	10.836124
3517	10.836124
3518	10.836124
3519	10.836124
3520	10.836124
3521	10.836124
3522	10.836124
3523	10.836124
3524	10.836124
3525	10.836124
3526	10.836124
3527	10.836124
3528	10.836124
3529	10.836124
3530	10.836124
3531	10.836124
3532	10.836124
3533	10.836124
3534	10.836124
3535	10.836124
3536	10.836124
3537	10.836124
3538	10.836124
3539	10.836124
3540	10.836124
3541	10.836124
3542	10.836124
3543	10.836124
3544	10.836124
3545	10.836124
3546	10.836124
3547	10.836124
3548	10.836124
3549	10.836124
3550	10.836124
3551	10.836124
3552	10.836124
3553	10.836124
3554	10.836124
3555	10.836124
3556	10.836124
3557	10.836124
3558	10.836124
3559	10.836124
3560	10.836124
3561	10.836124
3562	10.836124
3563	10.836124
3564	10.836124
3565	10.836124
3566	10.836124
3567	10.836124
3568	10.836124
3569	10.836124
3570	10.836124
3571	10.836124
3572	10.836124
3573	10.836124
3574	10.836124
3575	10.836124
3576	10.836124
3577	10.836124
3578	10.836124
3579	10.836124
3580	10.836124
3581	10.836124
3582	10.836124
3583	10.836124
3584	10.836124
3585	10.836124
3586	10.836124
3587	10.836124
3588	10.836124
3589	10.836124
3590	10.836124
3591	10.836124
3592	10.836124
3593	10.836124
3594	10.836124
3595	10.836124
3596	10.836124
3597	10.836124
3598	10.836124
3599	10.836124
3600	10.836124
3601	10.836124
3602	10.836124
3603	10.836124
3604	10.836124
3605	10.836124
3606	10.836124
3607	10.836124
3608	10.836124
3609	10.836124
3610	10.836124
3611	10.836124
3612	10.836124
3613	10.836124
3614	10.836124
3615	10.836124
3616	10.836124
3617	10.836124
3618	10.836124
3619	10.836124
3620	10.836124
3621	10.836124
3622	10.836124
3623	10.836124
3624	10.836124
3625	10.836124
3626	10.836124
3627	10.836124
3628	10.836124
3629	10.836124
3630	10.836124
3631	10.836124
3632	10.836124
3633	10.836124
3634	10.836124
3635	10.836124
3636	10.836124
3637	10.836124
3638	10.836124
3639	10.836124
3640	10.836124
3641	10.836124
3642	10.836124
3643	10.836124
3644	10.836124
3645	10.836124
3646	10.836124
3647	10.836124
3648	10.836124
3649	10.836124
3650	10.836124
3651	10.836124
3652	10.836124
3653	10.836124
3654	10.836124
3655	10.836124
3656	10.836124
3657	10.836124
3658	10.836124
3659	10.836124
3660	10.836124
3661	10.836124
3662	10.836124
3663	10.836124
3664	10.836124
3665	10.836124
3666	10.836124
3667	10.836124
3668	10.836124
3669	10.836124
3670	10.836124
3671	10.836124
3672	10.836124
3673	10.836124
3674	10.836124
3675	10.836124
3676	10.836124
3677	10.836124
3678	10.836124
3679	10.836124
3680	10.836124
3681	10.836124
3682	10.836124
3683	10.836124
3684	10.836124
3685	10.836124
3686	10.836124
3687	10.836124
3688	10.836124
3689	10.836124
3690	10.836124
3691	10.836124
3692	10.836124
3693	10.836124
3694	10.836124
3695	10.836124
3696	10.836124
3697	10.836124
3698	10.836124
3699	10.836124
3700	10.836124
3701	10.836124
3702	10.836124
3703	10.836124
3704	10.836124
3705	10.836124
3706	10.836124
3707	10.836124
3708	10.836124
3709	10.836124
3710	10.836124
3711	10.836124
3712	10.836124
3713	10.836124
3714	10.836124
3715	10.836124
3716	10.836124
3717	10.836124
3718	10.836124
3719	10.836124
3720	10.836124
3721	10.836124
3722	10.836124
3723	10.836124
3724	10.836124
3725	10.836124
3726	10.836124
3727	10.836124
3728	10.836124
3729	10.836124
3730	10.836124
3731	10.836124
3732	10.836124
3733	10.836124
3734	10.836124
3735	10.836124
3736	10.836124
3737	10.836124
3738	10.836124
3739	10.836124
3740	10.836124
3741	10.836124
3742	10.836124
3743	10.836124
3744	10.836124
3745	10.836124
3746	10.836124
3747	10.836124
3748	10.836124
3749	10.836124
3750	10.836124
3751	10.836124
3752	10.836124
3753	10.836124
3754	10.836124
3755	10.836124
3756	10.836124
3757	10.836124
3758	10.836124
3759	10.836124
3760	10.836124
3761	10.836124
3762	10.836124
3763	10.836124
3764	10.836124
3765	10.836124
3766	10.836124
3767	10.836124
3768	10.836124
3769	10.836124
3770	10.836124
3771	10.836124
3772	10.836124
3773	10.836124
3774	10.836124
3775	10.836124
3776	10.836124
3777	10.836124
3778	10.836124
3779	10.836124
3780	10.836124
3781	10.836124
3782	10.836124
3783	10.836124
3784	10.836124
3785	10.836124
3786	10.836124
3787	10.836124
3788	10.836124
3789	10.836124
3790	10.836124
3791	10.836124
3792	10.836124
3793	10.836124
3794	10.836124
3795	10.836124
3796	10.836124
3797	10.836124
3798	10.836124
3799	10.836124
3800	10.836124
3801	10.836124
3802	10.836124
3803	10.836124
3804	10.836124
3805	10.836124
3806	10.836124
3807	10.836124
3808	10.836124
3809	10.836124
3810	10.836124
3811	10.836124
3812	10.836124
3813	10.836124
3814	10.836124
3815	10.836124
3816	10.836124
3817	10.836124
3818	10.836124
3819	10.836124
3820	10.836124
3821	10.836124
3822	10.836124
3823	10.836124
3824	10.836124
3825	10.836124
3826	10.836124
3827	10.836124
3828	10.836124
3829	10.836124
3830	10.836124
3831	10.836124
3832	10.836124
3833	10.836124
3834	10.836124
3835	10.836124
3836	10.836124
3837	10.836124
3838	10.836124
3839	10.836124
3840	10.836124
3841	10.836124
3842	10.836124
3843	10.836124
3844	10.836124
3845	10.836124
3846	10.836124
3847	10.836124
3848	10.836124
3849	10.836124
3850	10.836124
3851	10.836124
3852	10.836124
3853	10.836124
3854	10.836124
3855	10.836124
3856	10.836124
3857	10.836124
3858	10.836124
3859	10.836124
3860	10.836124
3861	10.836124
3862	10.836124
3863	10.836124
3864	10.836124
3865	10.836124
3866	10.836124
3867	10.836124
3868	10.836124
3869	10.836124
3870	10.836124
3871	10.836124
3872	10.836124
3873	10.836124
3874	10.836124
3875	10.836124
3876	10.836124
3877	10.836124
3878	10.836124
3879	10.836124
3880	10.836124
3881	10.836124
3882	10.836124
3883	10.836124
3884	10.836124
3885	10.836124
3886	10.836124
3887	10.836124
3888	10.836124
3889	10.836124
3890	10.836124
3891	10.836124
3892	10.836124
3893	10.836124
3894	10.836124
3895	10.836124
3896	10.836124
3897	10.836124
3898	10.836124
3899	10.836124
3900	10.836124
3901	10.836124
3902	10.836124
3903	10.836124
3904	10.836124
3905	10.836124
3906	10.836124
3907	10.836124
3908	10.836124
3909	10.836124
3910	10.836124
3911	10.836124
3912	10.836124
3913	10.836124
3914	10.836124
3915	10.836124
3916	10.836124
3917	10.836124
3918	10.836124
3919	10.836124
3920	10.836124
3921	10.836124
3922	10.836124
3923	10.836124
3924	10.836124
3925	10.836124
3926	10.836124
3927	10.836124
3928	10.836124
3929	10.836124
3930	10.836124
3931	10.836124
3932	10.836124
3933	10.836124
3934	10.836124
3935	10.836124
3936	10.836124
3937	10.836124
3938	10.836124
3939	10.836124
3940	10.836124
3941	10.836124
3942	10.836124
3943	10.836124
3944	10.836124
3945	10.836124
3946	10.836124
3947	10.836124
3948	10.836124
3949	10.836124
3950	10.836124
3951	10.836124
3952	10.836124
3953	10.836124
3954	10.836124
3955	10.836124
3956	10.836124
3957	10.836124
3958	10.836124
3959	10.836124
3960	10.836124
3961	10.836124
3962	10.836124
3963	10.836124
3964	10.836124
3965	10.836124
3966	10.836124
3967	10.836124
3968	10.836124
3969	10.836124
3970	10.836124
3971	10.836124
3972	10.836124
3973	10.836124
3974	10.836124
3975	10.836124
3976	10.836124
3977	10.836124
3978	10.836124
3979	10.836124
3980	10.836124
3981	10.836124
3982	10.836124
3983	10.836124
3984	10.836124
3985	10.836124
3986	10.836124
3987	10.836124
3988	10.836124
3989	10.836124
3990	10.836124
3991	10.836124
3992	10.836124
3993	10.836124
3994	10.836124
3995	10.836124
3996	10.836124
3997	10.836124
3998	10.836124
3999	10.836124
4000	10.836124
4001	10.836124
4002	10.836124
4003	10.836124
4004	10.836124
4005	10.836124
4006	10.836124
4007	10.836124
4008	10.836124
4009	10.836124
4010	10.836124
4011	10.836124
4012	10.836124
4013	10.836124
4014	10.836124
4015	10.836124
4016	10.836124
4017	10.836124
4018	10.836124
4019	10.836124
4020	10.836124
4021	10.836124
4022	10.836124
4023	10.836124
4024	10.836124
4025	10.836124
4026	10.836124
4027	10.836124
4028	10.836124
4029	10.836124
4030	10.836124
4031	10.836124
4032	10.836124
4033	10.836124
4034	10.836124
4035	10.836124
4036	10.836124
4037	10.836124
4038	10.836124
4039	10.836124
4040	10.836124
4041	10.836124
4042	10.836124
4043	10.836124
4044	10.836124
4045	10.836124
4046	10.836124
4047	10.836124
4048	10.836124
4049	10.836124
4050	10.836124
4051	10.836124
4052	10.836124
4053	10.836124
4054	10.836124
4055	10.836124
4056	10.836124
4057	10.836124
4058	10.836124
4059	10.836124
4060	10.836124
4061	10.836124
4062	10.836124
4063	10.836124
4064	10.836124
4065	10.836124
4066	10.836124
4067	10.836124
4068	10.836124
4069	10.836124
4070	10.836124
4071	10.836124
4072	10.836124
4073	10.836124
4074	10.836124
4075	10.836124
4076	10.836124
4077	10.836124
4078	10.836124
4079	10.836124
4080	10.836124
4081	10.836124
4082	10.836124
4083	10.836124
4084	10.836124
4085	10.836124
4086	10.836124
4087	10.836124
4088	10.836124
4089	10.836124
4090	10.836124
4091	10.836124
4092	10.836124
4093	10.836124
4094	10.836124
4095	10.836124
4096	10.836124
4097	10.836124
4098	10.836124
4099	10.836124
4100	10.836124
4101	10.836124
4102	10.836124
4103	10.836124
4104	10.836124
4105	10.836124
4106	10.836124
4107	10.836124
4108	10.836124
4109	10.836124
4110	10.836124
4111	10.836124
4112	10.836124
4113	10.836124
4114	10.836124
4115	10.836124
4116	10.836124
4117	10.836124
4118	10.836124
4119	10.836124
4120	10.836124
4121	10.836124
4122	10.836124
4123	10.836124
4124	10.836124
4125	10.836124
4126	10.836124
4127	10.836124
4128	10.836124
4129	10.836124
4130	10.836124
4131	10.836124
4132	10.836124
4133	10.836124
4134	10.836124
4135	10.836124
4136	10.836124
4137	10.836124
4138	10.836124
4139	10.836124
4140	10.836124
4141	10.836124
4142	10.836124
4143	10.836124
4144	10.836124
4145	10.836124
4146	10.836124
4147	10.836124
4148	10.836124
4149	10.836124
4150	10.836124
4151	10.836124
4152	10.836124
4153	10.836124
4154	10.836124
4155	10.836124
4156	10.836124
4157	10.836124
4158	10.836124
4159	10.836124
4160	10.836124
4161	10.836124
4162	10.836124
4163	10.836124
4164	10.836124
4165	10.836124
4166	10.836124
4167	10.836124
4168	10.836124
4169	10.836124
4170	10.836124
4171	10.836124
4172	10.836124
4173	10.836124
4174	10.836124
4175	10.836124
4176	10.836124
4177	10.836124
4178	10.836124
4179	10.836124
4180	10.836124
4181	10.836124
4182	10.836124
4183	10.836124
4184	10.836124
4185	10.836124
4186	10.836124
4187	10.836124
4188	10.836124
4189	10.836124
4190	10.836124
4191	10.836124
4192	10.836124
4193	10.836124
4194	10.836124
4195	10.836124
4196	10.836124
4197	10.836124
4198	10.836124
4199	10.836124
4200	10.836124
4201	10.836124
4202	10.836124
4203	10.836124
4204	10.836124
4205	10.836124
4206	10.836124
4207	10.836124
4208	10.836124
4209	10.836124
4210	10.836124
4211	10.836124
4212	10.836124
4213	10.836124
4214	10.836124
4215	10.836124
4216	10.836124
4217	10.836124
4218	10.836124
4219	10.836124
4220	10.836124
4221	10.836124
4222	10.836124
4223	10.836124
4224	10.836124
4225	10.836124
4226	10.836124
4227	10.836124
4228	10.836124
4229	10.836124
4230	10.836124
4231	10.836124
4232	10.836124
4233	10.836124
4234	10.836124
4235	10.836124
4236	10.836124
4237	10.836124
4238	10.836124
4239	10.836124
4240	10.836124
4241	10.836124
4242	10.836124
4243	10.836124
4244	10.836124
4245	10.836124
4246	10.836124
4247	10.836124
4248	10.836124
4249	10.836124
4250	10.836124
4251	10.836124
4252	10.836124
4253	10.836124
4254	10.836124
4255	10.836124
4256	10.836124
4257	10.836124
4258	10.836124
4259	10.836124
4260	10.836124
4261	10.836124
4262	10.836124
4263	10.836124
4264	10.836124
4265	10.836124
4266	10.836124
4267	10.836124
4268	10.836124
4269	10.836124
4270	10.836124
4271	10.836124
4272	10.836124
4273	10.836124
4274	10.836124
4275	10.836124
4276	10.836124
4277	10.836124
4278	10.836124
4279	10.836124
4280	10.836124
4281	10.836124
4282	10.836124
4283	10.836124
4284	10.836124
4285	10.836124
4286	10.836124
4287	10.836124
4288	10.836124
4289	10.836124
4290	10.836124
4291	10.836124
4292	10.836124
4293	10.836124
4294	10.836124
4295	10.836124
4296	10.836124
4297	10.836124
4298	10.836124
4299	10.836124
4300	10.836124
4301	10.836124
4302	10.836124
4303	10.836124
4304	10.836124
4305	10.836124
4306	10.836124
4307	10.836124
4308	10.836124
4309	10.836124
4310	10.836124
4311	10.836124
4312	10.836124
4313	10.836124
4314	10.836124
4315	10.836124
4316	10.836124
4317	10.836124
4318	10.836124
4319	10.836124
4320	10.836124
4321	10.836124
4322	10.836124
4323	10.836124
4324	10.836124
4325	10.836124
4326	10.836124
4327	10.836124
4328	10.836124
4329	10.836124
4330	10.836124
4331	10.836124
4332	10.836124
4333	10.836124
4334	10.836124
4335	10.836124
4336	10.836124
4337	10.836124
4338	10.836124
4339	10.836124
4340	10.836124
4341	10.836124
4342	10.836124
4343	10.836124
4344	10.836124
4345	10.836124
4346	10.836124
4347	10.836124
4348	10.836124
4349	10.836124
4350	10.836124
4351	10.836124
4352	10.836124
4353	10.836124
4354	10.836124
4355	10.836124
4356	10.836124
4357	10.836124
4358	10.836124
4359	10.836124
4360	10.836124
4361	10.836124
4362	10.836124
4363	10.836124
4364	10.836124
4365	10.836124
4366	10.836124
4367	10.836124
4368	10.836124
4369	10.836124
4370	10.836124
4371	10.836124
4372	10.836124
4373	10.836124
4374	10.836124
4375	10.836124
4376	10.836124
4377	10.836124
4378	10.836124
4379	10.836124
4380	10.836124
4381	10.836124
4382	10.836124
4383	10.836124
4384	10.836124
4385	10.836124
4386	10.836124
4387	10.836124
4388	10.836124
4389	10.836124
4390	10.836124
4391	10.836124
4392	10.836124
4393	10.836124
4394	10.836124
4395	10.836124
4396	10.836124
4397	10.836124
4398	10.836124
4399	10.836124
4400	10.836124
4401	10.836124
4402	10.836124
4403	10.836124
4404	10.836124
4405	10.836124
4406	10.836124
4407	10.836124
4408	10.836124
4409	10.836124
4410	10.836124
4411	10.836124
4412	10.836124
4413	10.836124
4414	10.836124
4415	10.836124
4416	10.836124
4417	10.836124
4418	10.836124
4419	10.836124
4420	10.836124
4421	10.836124
4422	10.836124
4423	10.836124
4424	10.836124
4425	10.836124
4426	10.836124
4427	10.836124
4428	10.836124
4429	10.836124
4430	10.836124
4431	10.836124
4432	10.836124
4433	10.836124
4434	10.836124
4435	10.836124
4436	10.836124
4437	10.836124
4438	10.836124
4439	10.836124
4440	10.836124
4441	10.836124
4442	10.836124
4443	10.836124
4444	10.836124
4445	10.836124
4446	10.836124
4447	10.836124
4448	10.836124
4449	10.836124
4450	10.836124
4451	10.836124
4452	10.836124
4453	10.836124
4454	10.836124
4455	10.836124
4456	10.836124
4457	10.836124
4458	10.836124
4459	10.836124
4460	10.836124
4461	10.836124
4462	10.836124
4463	10.836124
4464	10.836124
4465	10.836124
4466	10.836124
4467	10.836124
4468	10.836124
4469	10.836124
4470	10.836124
4471	10.836124
4472	10.836124
4473	10.836124
4474	10.836124
4475	10.836124
4476	10.836124
4477	10.836124
4478	10.836124
4479	10.836124
4480	10.836124
4481	10.836124
4482	10.836124
4483	10.836124
4484	10.836124
4485	10.836124
4486	10.836124
4487	10.836124
4488	10.836124
4489	10.836124
4490	10.836124
4491	10.836124
4492	10.836124
4493	10.836124
4494	10.836124
4495	10.836124
4496	10.836124
4497	10.836124
4498	10.836124
4499	10.836124
4500	10.836124
4501	10.836124
4502	10.836124
4503	10.836124
4504	10.836124
4505	10.836124
4506	10.836124
4507	10.836124
4508	10.836124
4509	10.836124
4510	10.836124
4511	10.836124
4512	10.836124
4513	10.836124
4514	10.836124
4515	10.836124
4516	10.836124
4517	10.836124
4518	10.836124
4519	10.836124
4520	10.836124
4521	10.836124
4522	10.836124
4523	10.836124
4524	10.836124
4525	10.836124
4526	10.836124
4527	10.836124
4528	10.836124
4529	10.836124
4530	10.836124
4531	10.836124
4532	10.836124
4533	10.836124
4534	10.836124
4535	10.836124
4536	10.836124
4537	10.836124
4538	10.836124
4539	10.836124
4540	10.836124
4541	10.836124
4542	10.836124
4543	10.836124
4544	10.836124
4545	10.836124
4546	10.836124
4547	10.836124
4548	10.836124
4549	10.836124
4550	10.836124
4551	10.836124
4552	10.836124
4553	10.836124
4554	10.836124
4555	10.836124
4556	10.836124
4557	10.836124
4558	10.836124
4559	10.836124
4560	10.836124
4561	10.836124
4562	10.836124
4563	10.836124
4564	10.836124
4565	10.836124
4566	10.836124
4567	10.836124
4568	10.836124
4569	10.836124
4570	10.836124
4571	10.836124
4572	10.836124
4573	10.836124
4574	10.836124
4575	10.836124
4576	10.836124
4577	10.836124
4578	10.836124
4579	10.836124
4580	10.836124
4581	10.836124
4582	10.836124
4583	10.836124
4584	10.836124
4585	10.836124
4586	10.836124
4587	10.836124
4588	10.836124
4589	10.836124
4590	10.836124
4591	10.836124
4592	10.836124
4593	10.836124
4594	10.836124
4595	10.836124
4596	10.836124
4597	10.836124
4598	10.836124
4599	10.836124
4600	10.836124
4601	10.836124
4602	10.836124
4603	10.836124
4604	10.836124
4605	10.836124
4606	10.836124
4607	10.836124
4608	10.836124
4609	10.836124
4610	10.836124
4611	10.836124
4612	10.836124
4613	10.836124
4614	10.836124
4615	10.836124
4616	10.836124
4617	10.836124
4618	10.836124
4619	10.836124
4620	10.836124
4621	10.836124
4622	10.836124
4623	10.836124
4624	10.836124
4625	10.836124
4626	10.836124
4627	10.836124
4628	10.836124
4629	10.836124
4630	10.836124
4631	10.836124
4632	10.836124
4633	10.836124
4634	10.836124
4635	10.836124
4636	10.836124
4637	10.836124
4638	10.836124
4639	10.836124
4640	10.836124
4641	10.836124
4642	10.836124
4643	10.836124
4644	10.836124
4645	10.836124
4646	10.836124
4647	10.836124
4648	10.836124
4649	10.836124
4650	10.836124
4651	10.836124
4652	10.836124
4653	10.836124
4654	10.836124
4655	10.836124
4656	10.836124
4657	10.836124
4658	10.836124
4659	10.836124
4660	10.836124
4661	10.836124
4662	10.836124
4663	10.836124
4664	10.836124
4665	10.836124
4666	10.836124
4667	10.836124
4668	10.836124
4669	10.836124
4670	10.836124
4671	10.836124
4672	10.836124
4673	10.836124
4674	10.836124
4675	10.836124
4676	10.836124
4677	10.836124
4678	10.836124
4679	10.836124
4680	10.836124
4681	10.836124
4682	10.836124
4683	10.836124
4684	10.836124
4685	10.836124
4686	10.836124
4687	10.836124
4688	10.836124
4689	10.836124
4690	10.836124
4691	10.836124
4692	10.836124
4693	10.836124
4694	10.836124
4695	10.836124
4696	10.836124
4697	10.836124
4698	10.836124
4699	10.836124
4700	10.836124
4701	10.836124
4702	10.836124
4703	10.836124
4704	10.836124
4705	10.836124
4706	10.836124
4707	10.836124
4708	10.836124
4709	10.836124
4710	10.836124
4711	10.836124
4712	10.836124
4713	10.836124
4714	10.836124
4715	10.836124
4716	10.836124
4717	10.836124
4718	10.836124
4719	10.836124
4720	10.836124
4721	10.836124
4722	10.836124
4723	10.836124
4724	10.836124
4725	10.836124
4726	10.836124
4727	10.836124
4728	10.836124
4729	10.836124
4730	10.836124
4731	10.836124
4732	10.836124
4733	10.836124
4734	10.836124
4735	10.836124
4736	10.836124
4737	10.836124
4738	10.836124
4739	10.836124
4740	10.836124
4741	10.836124
4742	10.836124
4743	10.836124
4744	10.836124
4745	10.836124
4746	10.836124
4747	10.836124
4748	10.836124
4749	10.836124
4750	10.836124
4751	10.836124
4752	10.836124
4753	10.836124
4754	10.836124
4755	10.836124
4756	10.836124
4757	10.836124
4758	10.836124
4759	10.836124
4760	10.836124
4761	10.836124
4762	10.836124
4763	10.836124
4764	10.836124
4765	10.836124
4766	10.836124
4767	10.836124
4768	10.836124
4769	10.836124
4770	10.836124
4771	10.836124
4772	10.836124
4773	10.836124
4774	10.836124
4775	10.836124
4776	10.836124
4777	10.836124
4778	10.836124
4779	10.836124
4780	10.836124
4781	10.836124
4782	10.836124
4783	10.836124
4784	10.836124
4785	10.836124
4786	10.836124
4787	10.836124
4788	10.836124
4789	10.836124
4790	10.836124
4791	10.836124
4792	10.836124
4793	10.836124
4794	10.836124
4795	10.836124
4796	10.836124
4797	10.836124
4798	10.836124
4799	10.836124
4800	10.836124
4801	10.836124
4802	10.836124
4803	10.836124
4804	10.836124
4805	10.836124
4806	10.836124
4807	10.836124
4808	10.836124
4809	10.836124
4810	10.836124
4811	10.836124
4812	10.836124
4813	10.836124
4814	10.836124
4815	10.836124
4816	10.836124
4817	10.836124
4818	10.836124
4819	10.836124
4820	10.836124
4821	10.836124
4822	10.836124
4823	10.836124
4824	10.836124
4825	10.836124
4826	10.836124
4827	10.836124
4828	10.836124
4829	10.836124
4830	10.836124
4831	10.836124
4832	10.836124
4833	10.836124
4834	10.836124
4835	10.836124
4836	10.836124
4837	10.836124
4838	10.836124
4839	10.836124
4840	10.836124
4841	10.836124
4842	10.836124
4843	10.836124
4844	10.836124
4845	10.836124
4846	10.836124
4847	10.836124
4848	10.836124
4849	10.836124
4850	10.836124
4851	10.836124
4852	10.836124
4853	10.836124
4854	10.836124
4855	10.836124
4856	10.836124
4857	10.836124
4858	10.836124
4859	10.836124
4860	10.836124
4861	10.836124
4862	10.836124
4863	10.836124
4864	10.836124
4865	10.836124
4866	10.836124
4867	10.836124
4868	10.836124
4869	10.836124
4870	10.836124
4871	10.836124
4872	10.836124
4873	10.836124
4874	10.836124
4875	10.836124
4876	10.836124
