1	6.880296
2	6.903759
3	6.909104
4	6.928431
5	6.938275
6	6.991735
7	7.041291
8	7.198067
9	7.250735
10	7.250735
11	7.242566
12	7.224742
13	7.257922
14	7.257922
15	7.257922
16	7.364554
17	7.385722
18	7.385722
19	7.633082
20	7.596786
21	7.621927
22	7.621927
23	7.623791
24	7.626199
25	7.615031
26	7.608749
27	7.725437
28	7.725437
29	7.745378
30	7.782237
31	7.782237
32	7.896081
33	7.879612
34	7.948132
35	7.986032
36	8.046624
37	8.081579
38	8.086904
39	8.11339
40	8.11781
41	8.1806
42	8.228419
43	8.241949
44	8.222658
45	8.236933
46	8.328013
47	8.32543
48	8.29267
49	8.29267
50	8.294468
51	8.224488
52	8.247472
53	8.2555
54	8.297845
55	8.295412
56	8.363775
57	8.363775
58	8.413531
59	8.413531
60	8.430163
61	8.495987
62	8.590373
63	8.622265
64	8.732371
65	8.797343
66	8.797343
67	8.864892
68	8.864892
69	8.867504
70	8.86933
71	8.884781
72	9.017325
73	9.053997
74	9.053997
75	9.080016
76	9.080016
77	9.14602
78	9.205668
79	9.315351
80	9.315351
81	9.315351
82	9.315351
83	9.329199
84	9.329199
85	9.329199
86	9.030129
87	9.030129
88	9.050459
89	9.051663
90	9.110547
91	9.176459
92	9.174311
93	9.174311
94	9.174311
95	9.174311
96	9.174311
97	8.850442
98	8.827784
99	8.964295
100	8.964295
101	9.091123
102	9.108435
103	9.123688
104	9.026775
105	9.026775
106	9.026775
107	9.026775
108	9.026775
109	9.026775
110	8.765542
111	8.702076
112	8.698464
113	8.714664
114	8.714664
115	8.714664
116	8.714664
117	8.714664
118	8.737368
119	8.737368
120	8.737368
121	8.738235
122	8.738235
123	8.688519
124	8.647882
125	8.647882
126	8.692482
127	8.756658
128	8.780957
129	8.794805
130	8.820089
131	8.716798
132	8.736051
133	8.784731
134	8.764231
135	8.764231
136	8.795351
137	8.751079
138	8.790043
139	8.77191
140	8.77191
141	8.745165
142	8.745165
143	8.623673
144	8.503273
145	8.503273
146	8.650395
147	8.650715
148	8.675807
149	8.57558
150	8.471724
151	8.393386
152	8.393386
153	8.405356
154	8.367987
155	8.230673
156	8.308417
157	8.308417
158	8.314486
159	8.419956
160	8.476471
161	8.350902
162	8.27622
163	8.27622
164	8.279463
165	8.289783
166	8.241289
167	8.23866
168	8.23866
169	8.156809
170	8.115966
171	8.115966
172	8.176824
173	8.176824
174	8.293944
175	8.328425
176	8.423795
177	8.410243
178	8.659635
179	8.702151
180	8.702151
181	8.752927
182	8.790377
183	8.721374
184	8.721374
185	8.721374
186	8.721374
187	8.690494
188	8.709101
189	8.817151
190	8.817151
191	8.817151
192	8.838444
193	8.838444
194	8.888405
195	8.956088
196	8.956088
197	8.956088
198	8.956088
199	8.956088
200	9.060088
201	9.060088
202	9.081688
203	9.06049
204	9.063416
205	9.063416
206	9.023398
207	9.023398
208	9.023398
209	9.023398
210	9.009279
211	9.009279
212	9.033579
213	9.087182
214	9.087182
215	9.119312
216	9.185584
217	9.185584
218	9.185584
219	9.199612
220	9.178012
221	9.178012
222	9.178012
223	9.2184
224	9.178569
225	9.178569
226	9.279314
227	9.2598
228	9.2598
229	9.26107
230	9.241791
231	9.241791
232	9.241791
233	9.255035
234	9.255035
235	9.226413
236	9.226413
237	9.226413
238	9.253363
239	9.253363
240	9.253363
241	9.253363
242	9.291203
243	9.268753
244	9.082976
245	9.094085
246	9.1127
247	9.1127
248	9.125036
249	9.135206
250	9.135206
251	9.135206
252	9.135206
253	9.154106
254	9.178906
255	9.069373
256	9.085025
257	8.978655
258	8.978655
259	8.969004
260	8.969004
261	8.980062
262	8.980062
263	8.980062
264	8.981796
265	9.093833
266	9.226283
267	9.226283
268	9.120163
269	9.120163
270	9.120163
271	9.120163
272	9.164906
273	9.164906
274	9.043826
275	9.043826
276	9.043826
277	9.094997
278	9.108767
279	9.262262
280	9.233366
281	9.233366
282	9.233366
283	9.076846
284	9.076846
285	9.076846
286	9.076846
287	9.205502
288	9.205502
289	9.269762
290	9.269762
291	9.269762
292	9.328022
293	9.328022
294	9.316964
295	9.316964
296	9.316964
297	9.367508
298	9.367508
299	9.364921
300	9.369415
301	9.451647
302	9.461853
303	9.461853
304	9.543011
305	9.543011
306	9.543011
307	9.568295
308	9.568295
309	9.568295
310	9.568295
311	9.568295
312	9.575171
313	9.50719
314	9.50719
315	9.531747
316	9.553863
317	9.553863
318	9.553863
319	9.648457
320	9.73891
321	9.73891
322	9.732034
323	9.732034
324	9.732034
325	9.732034
326	9.732034
327	9.732034
328	9.732034
329	9.766773
330	9.78172
331	9.788596
332	9.803606
333	9.803606
334	9.788596
335	9.773649
336	9.773649
337	9.773649
338	9.773649
339	9.773649
340	9.731826
341	9.731826
342	9.746836
343	9.72472
344	9.553788
345	9.550339
346	9.550339
347	9.550339
348	9.550339
349	9.400699
350	9.448999
351	9.448999
352	9.533055
353	9.555171
354	9.555171
355	9.555171
356	9.555171
357	9.555171
358	9.553977
359	9.553977
360	9.553977
361	9.553977
362	9.553977
363	9.553977
364	9.553977
365	9.553977
366	9.553977
367	9.498098
368	9.498098
369	9.498098
370	9.498098
371	9.498098
372	9.596404
373	9.596404
374	9.596404
375	9.574288
376	9.574288
377	9.587112
378	9.587908
379	9.60346
380	9.618869
381	9.629609
382	9.669936
383	9.669936
384	9.669936
385	9.660274
386	9.776194
387	9.934868
388	9.934868
389	9.934868
390	9.948368
391	9.948368
392	9.948368
393	9.948368
394	9.934868
395	9.944738
396	9.944738
397	9.944738
398	9.944738
399	9.944738
400	9.944738
401	9.944738
402	9.869655
403	9.869655
404	9.869655
405	9.877143
406	9.877143
407	9.954198
408	9.954198
409	9.943458
410	9.943458
411	9.943458
412	9.943458
413	9.943458
414	9.954198
415	9.954198
416	9.947322
417	9.810166
418	9.814294
419	9.84319
420	9.84319
421	9.84319
422	9.84319
423	9.84319
424	9.84319
425	9.84319
426	9.83245
427	9.83245
428	9.83245
429	9.83245
430	9.83245
431	9.83245
432	9.83245
433	9.83245
434	9.83245
435	9.83245
436	9.83245
437	9.699834
438	9.784608
439	10.060136
440	10.060136
441	9.95015
442	9.964918
443	9.950398
444	9.950398
445	9.950398
446	9.950398
447	10.044601
448	10.044601
449	10.044601
450	10.044601
451	10.087503
452	10.087503
453	10.087503
454	10.087503
455	10.087503
456	10.087503
457	10.126324
458	10.126324
459	10.126324
460	10.126324
461	10.126324
462	10.126324
463	10.126324
464	10.126324
465	10.126324
466	10.030514
467	10.030514
468	10.015746
469	9.98685
470	9.98685
471	9.98685
472	9.98685
473	9.98685
474	10.001618
475	10.001618
476	10.001618
477	10.009472
478	10.009472
479	10.052388
480	10.104182
481	10.104182
482	10.066936
483	10.066936
484	10.066936
485	10.052168
486	10.066936
487	10.077676
488	10.077676
489	10.077676
490	10.114922
491	10.114922
492	10.114922
493	10.114922
494	10.114922
495	10.114922
496	10.107068
497	10.107068
498	10.075776
499	10.075776
500	10.075776
501	10.075776
502	10.075776
503	10.075776
504	10.065036
505	10.065036
506	10.065036
507	10.065036
508	10.050268
509	10.058122
510	10.07289
511	10.026215
512	10.026215
513	10.075675
514	10.075675
515	10.075675
516	10.075675
517	10.075675
518	10.087752
519	10.087752
520	10.10649
521	10.10649
522	10.11723
523	10.10649
524	10.10649
525	10.10649
526	10.091722
527	10.091722
528	10.091722
529	10.091722
530	10.261892
531	10.261892
532	10.261892
533	10.261892
534	10.27666
535	10.27666
536	10.27666
537	10.27666
538	10.27666
539	10.27666
540	10.353872
541	10.353872
542	10.353872
543	10.353872
544	10.353872
545	10.353872
546	10.353872
547	10.353872
548	10.353872
549	10.389542
550	10.389542
551	10.389542
552	10.389542
553	10.394119
554	10.394119
555	10.394119
556	10.394119
557	10.394119
558	10.390109
559	10.390109
560	10.390109
561	10.390109
562	10.371371
563	10.383112
564	10.383112
565	10.383112
566	10.383112
567	10.383112
568	10.383112
569	10.383112
570	10.383112
571	10.383112
572	10.383112
573	10.383112
574	10.383112
575	10.383112
576	10.383112
577	10.383112
578	10.383112
579	10.383112
580	10.383112
581	10.383112
582	10.383112
583	10.383112
584	10.383112
585	10.383112
586	10.383112
587	10.383112
588	10.383112
589	10.383112
590	10.383112
591	10.383112
592	10.387122
593	10.387122
594	10.40586
595	10.40586
596	10.40586
597	10.40586
598	10.40586
599	10.40586
600	10.40586
601	10.401283
602	10.389542
603	10.351118
604	10.351118
605	10.351118
606	10.33238
607	10.33238
608	10.33238
609	10.33238
610	10.33238
611	10.357585
612	10.357585
613	10.357585
614	10.357585
615	10.357585
616	10.357585
617	10.357585
618	10.357585
619	10.357585
620	10.357585
621	10.357585
622	10.357585
623	10.357585
624	10.357585
625	10.357585
626	10.357585
627	10.384052
628	10.384052
629	10.384052
630	10.384052
631	10.384052
632	10.384052
633	10.384052
634	10.323585
635	10.323585
636	10.323585
637	10.323585
638	10.323585
639	10.323585
640	10.323585
641	10.323585
642	10.323585
643	10.323585
644	10.323585
645	10.323585
646	10.323585
647	10.323585
648	10.342323
649	10.342323
650	10.342323
651	10.342323
652	10.342323
653	10.342323
654	10.342323
655	10.342323
656	10.342323
657	10.342323
658	10.342323
659	10.342323
660	10.342323
661	10.342323
662	10.342323
663	10.342323
664	10.342323
665	10.342323
666	10.342323
667	10.342323
668	10.342323
669	10.388022
670	10.388022
671	10.388022
672	10.369284
673	10.466993
674	10.466993
675	10.466993
676	10.466993
677	10.466993
678	10.466993
679	10.466993
680	10.466993
681	10.466993
682	10.466993
683	10.466993
684	10.466993
685	10.466993
686	10.466993
687	10.466993
688	10.466993
689	10.466993
690	10.466993
691	10.466993
692	10.466993
693	10.466993
694	10.457242
695	10.457242
696	10.457242
697	10.457242
698	10.47201
699	10.47201
700	10.47201
701	10.47201
702	10.47201
703	10.47201
704	10.47201
705	10.47201
706	10.47201
707	10.47201
708	10.47201
709	10.47201
710	10.47201
711	10.457242
712	10.457242
713	10.457242
714	10.457242
715	10.511967
716	10.511967
717	10.511967
718	10.530705
719	10.530705
720	10.530705
721	10.530705
722	10.530705
723	10.530705
724	10.530705
725	10.530705
726	10.530705
727	10.530705
728	10.530705
729	10.530705
730	10.530705
731	10.530705
732	10.545473
733	10.545473
734	10.545473
735	10.545473
736	10.530705
737	10.530705
738	10.530705
739	10.530705
740	10.530705
741	10.530705
742	10.530705
743	10.530705
744	10.530705
745	10.530705
746	10.530705
747	10.530705
748	10.530705
749	10.530705
750	10.514188
751	10.528956
752	10.528956
753	10.528956
754	10.528956
755	10.528956
756	10.565771
757	10.565771
758	10.565771
759	10.565771
760	10.565771
761	10.591464
762	10.591464
763	10.591464
764	10.591464
765	10.591464
766	10.591464
767	10.591464
768	10.591464
769	10.591464
770	10.576696
771	10.576696
772	10.576696
773	10.576696
774	10.576696
775	10.576696
776	10.576696
777	10.576696
778	10.720971
779	10.720971
780	10.720971
781	10.720971
782	10.720971
783	10.720971
784	10.720971
785	10.693656
786	10.693656
787	10.674918
788	10.674918
789	10.674918
790	10.674918
791	10.674918
792	10.689686
793	10.689686
794	10.689686
795	10.689686
796	10.689686
797	10.669156
798	10.669156
799	10.669156
800	10.669156
801	10.669156
802	10.669156
803	10.66637
804	10.685108
805	10.685108
806	10.685108
807	10.685108
808	10.685108
809	10.685108
810	10.685108
811	10.685108
812	10.685108
813	10.685108
814	10.685108
815	10.685108
816	10.685108
817	10.685108
818	10.685108
819	10.67034
820	10.67034
821	10.67034
822	10.67034
823	10.67034
824	10.67034
825	10.67034
826	10.67034
827	10.67034
828	10.67034
829	10.67034
830	10.67034
831	10.67034
832	10.67034
833	10.67034
834	10.67034
835	10.67034
836	10.67034
837	10.67034
838	10.67034
839	10.67034
840	10.67034
841	10.67034
842	10.67034
843	10.67034
844	10.67034
845	10.67034
846	10.67034
847	10.685108
848	10.685108
849	10.685108
850	10.685108
851	10.685108
852	10.685108
853	10.685108
854	10.685108
855	10.685108
856	10.685108
857	10.685108
858	10.685108
859	10.685108
860	10.685108
861	10.685108
862	10.685108
863	10.685108
864	10.685108
865	10.665009
866	10.665009
867	10.665009
868	10.665009
869	10.665009
870	10.665009
871	10.665009
872	10.685108
873	10.685108
874	10.685108
875	10.685108
876	10.685108
877	10.685108
878	10.685108
879	10.685108
880	10.685108
881	10.685108
882	10.685108
883	10.685108
884	10.685108
885	10.661386
886	10.661386
887	10.661386
888	10.661386
889	10.661386
890	10.646618
891	10.646618
892	10.649404
893	10.649404
894	10.649404
895	10.649404
896	10.649404
897	10.649404
898	10.649404
899	10.649404
900	10.649404
901	10.649404
902	10.649404
903	10.646618
904	10.646618
905	10.646618
906	10.646618
907	10.646618
908	10.646618
909	10.646618
910	10.661386
911	10.661386
912	10.661386
913	10.661386
914	10.661386
915	10.661386
916	10.661386
917	10.661386
918	10.661386
919	10.661386
920	10.661386
921	10.661386
922	10.661386
923	10.661386
924	10.661386
925	10.661386
926	10.661386
927	10.661386
928	10.688701
929	10.688701
930	10.706837
931	10.669226
932	10.669226
933	10.669226
934	10.669226
935	10.669226
936	10.669226
937	10.669226
938	10.669226
939	10.669226
940	10.654458
941	10.654458
942	10.654458
943	10.654458
944	10.654458
945	10.669226
946	10.669226
947	10.669226
948	10.669226
949	10.669226
950	10.669226
951	10.669226
952	10.669226
953	10.669226
954	10.669226
955	10.669226
956	10.669226
957	10.669226
958	10.669226
959	10.669226
960	10.669226
961	10.669226
962	10.669226
963	10.669226
964	10.669226
965	10.669226
966	10.669226
967	10.669226
968	10.669226
969	10.669226
970	10.669226
971	10.669226
972	10.669226
973	10.669226
974	10.669226
975	10.669226
976	10.669226
977	10.669226
978	10.669226
979	10.669226
980	10.669226
981	10.669226
982	10.669226
983	10.669226
984	10.669226
985	10.669226
986	10.669226
987	10.669226
988	10.669226
989	10.669226
990	10.669226
991	10.706837
992	10.706837
993	10.706837
994	10.706837
995	10.706837
996	10.706837
997	10.706837
998	10.706837
999	10.706837
1000	10.706837
1001	10.706837
1002	10.706837
1003	10.692069
1004	10.692069
1005	10.692069
1006	10.692069
1007	10.692069
1008	10.692069
1009	10.692069
1010	10.692069
1011	10.692069
1012	10.692069
1013	10.692069
1014	10.692069
1015	10.692069
1016	10.692069
1017	10.692069
1018	10.692069
1019	10.692069
1020	10.692069
1021	10.692069
1022	10.692069
1023	10.692069
1024	10.692069
1025	10.706837
1026	10.706837
1027	10.706837
1028	10.706837
1029	10.692069
1030	10.692069
1031	10.692069
1032	10.713959
1033	10.713959
1034	10.713959
1035	10.713959
1036	10.713959
1037	10.713959
1038	10.713959
1039	10.713959
1040	10.713959
1041	10.728727
1042	10.728727
1043	10.728727
1044	10.728727
1045	10.728727
1046	10.728727
1047	10.728727
1048	10.728727
1049	10.728727
1050	10.728727
1051	10.728727
1052	10.728727
1053	10.728727
1054	10.728727
1055	10.728727
1056	10.728727
1057	10.728727
1058	10.728727
1059	10.728727
1060	10.728727
1061	10.728727
1062	10.728727
1063	10.728727
1064	10.728727
1065	10.728727
1066	10.728727
1067	10.728727
1068	10.728727
1069	10.728727
1070	10.728727
1071	10.728727
1072	10.728727
1073	10.728727
1074	10.728727
1075	10.728727
1076	10.728727
1077	10.728727
1078	10.728727
1079	10.713959
1080	10.713959
1081	10.713959
1082	10.728727
1083	10.728727
1084	10.728727
1085	10.728727
1086	10.728727
1087	10.728727
1088	10.728727
1089	10.728727
1090	10.728727
1091	10.728727
1092	10.728727
1093	10.728727
1094	10.728727
1095	10.707036
1096	10.707036
1097	10.707036
1098	10.707036
1099	10.707036
1100	10.707036
1101	10.707036
1102	10.707036
1103	10.707036
1104	10.707036
1105	10.707036
1106	10.707036
1107	10.707036
1108	10.707036
1109	10.707036
1110	10.707036
1111	10.707036
1112	10.707036
1113	10.707036
1114	10.707036
1115	10.707036
1116	10.707036
1117	10.707036
1118	10.707036
1119	10.707036
1120	10.707036
1121	10.707036
1122	10.707036
1123	10.707036
1124	10.707036
1125	10.707036
1126	10.707036
1127	10.707036
1128	10.707036
1129	10.707036
1130	10.707036
1131	10.707036
1132	10.707036
1133	10.707036
1134	10.707036
1135	10.707036
1136	10.707036
1137	10.707036
1138	10.707036
1139	10.707036
1140	10.707036
1141	10.707036
1142	10.707036
1143	10.707036
1144	10.707036
1145	10.707036
1146	10.707036
1147	10.707036
1148	10.707036
1149	10.707036
1150	10.707036
1151	10.707036
1152	10.707036
1153	10.707036
1154	10.707036
1155	10.707036
1156	10.707036
1157	10.707036
1158	10.707036
1159	10.707036
1160	10.707036
1161	10.707036
1162	10.707036
1163	10.707036
1164	10.707036
1165	10.707036
1166	10.707036
1167	10.707036
1168	10.707036
1169	10.707036
1170	10.707036
1171	10.707036
1172	10.707036
1173	10.707036
1174	10.707036
1175	10.707036
1176	10.707036
1177	10.707036
1178	10.707036
1179	10.707036
1180	10.707036
1181	10.707036
1182	10.707036
1183	10.707036
1184	10.707036
1185	10.707036
1186	10.707036
1187	10.707036
1188	10.707036
1189	10.707036
1190	10.707036
1191	10.707036
1192	10.707036
1193	10.707036
1194	10.707036
1195	10.707036
1196	10.707036
1197	10.707036
1198	10.707036
1199	10.707036
1200	10.707036
1201	10.707036
1202	10.707036
1203	10.707036
1204	10.707036
1205	10.707036
1206	10.707036
1207	10.707036
1208	10.707036
1209	10.707036
1210	10.707036
1211	10.707036
1212	10.707036
1213	10.707036
1214	10.707036
1215	10.707036
1216	10.707036
1217	10.707036
1218	10.707036
1219	10.707036
1220	10.707036
1221	10.707036
1222	10.707036
1223	10.707036
1224	10.707036
1225	10.707036
1226	10.707036
1227	10.707036
1228	10.707036
1229	10.707036
1230	10.707036
1231	10.707036
1232	10.707036
1233	10.707036
1234	10.707036
1235	10.707036
1236	10.707036
1237	10.707036
1238	10.707036
1239	10.707036
1240	10.707036
1241	10.707036
1242	10.707036
1243	10.707036
1244	10.707036
1245	10.707036
1246	10.707036
1247	10.707036
1248	10.707036
1249	10.707036
1250	10.707036
1251	10.707036
1252	10.707036
1253	10.707036
1254	10.707036
1255	10.707036
1256	10.707036
1257	10.707036
1258	10.707036
1259	10.707036
1260	10.707036
1261	10.707036
1262	10.707036
1263	10.707036
1264	10.707036
1265	10.707036
1266	10.707036
1267	10.707036
1268	10.707036
1269	10.707036
1270	10.692268
1271	10.692268
1272	10.692268
1273	10.692268
1274	10.692268
1275	10.692268
1276	10.692268
1277	10.692268
1278	10.692268
1279	10.692268
1280	10.707036
1281	10.707036
1282	10.707036
1283	10.707036
1284	10.707036
1285	10.707036
1286	10.707036
1287	10.707036
1288	10.707036
1289	10.707036
1290	10.707036
1291	10.707036
1292	10.707036
1293	10.707036
1294	10.707036
1295	10.707036
1296	10.707036
1297	10.707036
1298	10.707036
1299	10.739819
1300	10.739819
1301	10.739819
1302	10.739819
1303	10.739819
1304	10.739819
1305	10.739819
1306	10.76151
1307	10.76151
1308	10.76151
1309	10.76151
1310	10.76151
1311	10.76151
1312	10.76151
1313	10.76151
1314	10.76151
1315	10.76151
1316	10.76151
1317	10.76151
1318	10.76151
1319	10.76151
1320	10.76151
1321	10.76151
1322	10.76151
1323	10.76151
1324	10.76151
1325	10.76151
1326	10.76151
1327	10.76151
1328	10.76151
1329	10.76151
1330	10.76151
1331	10.76151
1332	10.76151
1333	10.76151
1334	10.76151
1335	10.76151
1336	10.76151
1337	10.76151
1338	10.76151
1339	10.76151
1340	10.76151
1341	10.76151
1342	10.76151
1343	10.76151
1344	10.76151
1345	10.76151
1346	10.76151
1347	10.76151
1348	10.76151
1349	10.76151
1350	10.76151
1351	10.76151
1352	10.76151
1353	10.76151
1354	10.76151
1355	10.76151
1356	10.76151
1357	10.76151
1358	10.76151
1359	10.76151
1360	10.76151
1361	10.76151
1362	10.76151
1363	10.76151
1364	10.76151
1365	10.76151
1366	10.76151
1367	10.76151
1368	10.76151
1369	10.76151
1370	10.76151
1371	10.76151
1372	10.76151
1373	10.76151
1374	10.76151
1375	10.76151
1376	10.76151
1377	10.76151
1378	10.76151
1379	10.76151
1380	10.76151
1381	10.76151
1382	10.76151
1383	10.76151
1384	10.76151
1385	10.76151
1386	10.76151
1387	10.76151
1388	10.76151
1389	10.76151
1390	10.76151
1391	10.76151
1392	10.76151
1393	10.76151
1394	10.76151
1395	10.76151
1396	10.76151
1397	10.76151
1398	10.76151
1399	10.76151
1400	10.76151
1401	10.76151
1402	10.76151
1403	10.76151
1404	10.76151
1405	10.76151
1406	10.76151
1407	10.76151
1408	10.76151
1409	10.76151
1410	10.76151
1411	10.76151
1412	10.76151
1413	10.76151
1414	10.76151
1415	10.76151
1416	10.76151
1417	10.76151
1418	10.76151
1419	10.76151
1420	10.76151
1421	10.76151
1422	10.76151
1423	10.76151
1424	10.76151
1425	10.76151
1426	10.76151
1427	10.76151
1428	10.76151
1429	10.76151
1430	10.76151
1431	10.76151
1432	10.76151
1433	10.76151
1434	10.76151
1435	10.76151
1436	10.76151
1437	10.76151
1438	10.76151
1439	10.76151
1440	10.76151
1441	10.76151
1442	10.76151
1443	10.76151
1444	10.76151
1445	10.76151
1446	10.76151
1447	10.76151
1448	10.76151
1449	10.76151
1450	10.76151
1451	10.76151
1452	10.76151
1453	10.76151
1454	10.76151
1455	10.76151
1456	10.76151
1457	10.76151
1458	10.76151
1459	10.76151
1460	10.76151
1461	10.76151
1462	10.76151
1463	10.76151
1464	10.76151
1465	10.76151
1466	10.76151
1467	10.76151
1468	10.76151
1469	10.76151
1470	10.76151
1471	10.76151
1472	10.76151
1473	10.76151
1474	10.76151
1475	10.76151
1476	10.76151
1477	10.76151
1478	10.76151
1479	10.76151
1480	10.76151
1481	10.76151
1482	10.76151
1483	10.76151
1484	10.76151
1485	10.76151
1486	10.76151
1487	10.76151
1488	10.76151
1489	10.76151
1490	10.76151
1491	10.76151
1492	10.76151
1493	10.76151
1494	10.76151
1495	10.76151
1496	10.76151
1497	10.76151
1498	10.76151
1499	10.76151
1500	10.76151
1501	10.76151
1502	10.76151
1503	10.76151
1504	10.76151
1505	10.76151
1506	10.76151
1507	10.76151
1508	10.76151
1509	10.76151
1510	10.76151
1511	10.76151
1512	10.76151
1513	10.76151
1514	10.76151
1515	10.76151
1516	10.76151
1517	10.76151
1518	10.76151
1519	10.76151
1520	10.76151
1521	10.76151
1522	10.76151
1523	10.76151
1524	10.76151
1525	10.76151
1526	10.76151
1527	10.76151
1528	10.76151
1529	10.76151
1530	10.76151
1531	10.76151
1532	10.76151
1533	10.76151
1534	10.76151
1535	10.76151
1536	10.76151
1537	10.76151
1538	10.76151
1539	10.76151
1540	10.76151
1541	10.76151
1542	10.76151
1543	10.76151
1544	10.76151
1545	10.76151
1546	10.76151
1547	10.764296
1548	10.764296
1549	10.764296
1550	10.764296
1551	10.764296
1552	10.764296
1553	10.764296
1554	10.764296
1555	10.764296
1556	10.764296
1557	10.764296
1558	10.764296
1559	10.764296
1560	10.764296
1561	10.764296
1562	10.764296
1563	10.764296
1564	10.764296
1565	10.764296
1566	10.764296
1567	10.764296
1568	10.764296
1569	10.764296
1570	10.764296
1571	10.764296
1572	10.764296
1573	10.764296
1574	10.764296
1575	10.764296
1576	10.764296
1577	10.764296
1578	10.764296
1579	10.764296
1580	10.764296
1581	10.764296
1582	10.764296
1583	10.764296
1584	10.764296
1585	10.764296
1586	10.764296
1587	10.764296
1588	10.764296
1589	10.764296
1590	10.764296
1591	10.764296
1592	10.764296
1593	10.764296
1594	10.764296
1595	10.764296
1596	10.764296
1597	10.764296
1598	10.764296
1599	10.764296
1600	10.764296
1601	10.764296
1602	10.764296
1603	10.764296
1604	10.764296
1605	10.764296
1606	10.764296
1607	10.764296
1608	10.764296
1609	10.764296
1610	10.764296
1611	10.764296
1612	10.764296
1613	10.764296
1614	10.764296
1615	10.764296
1616	10.764296
1617	10.764296
1618	10.764296
1619	10.764296
1620	10.764296
1621	10.764296
1622	10.764296
1623	10.764296
1624	10.764296
1625	10.764296
1626	10.764296
1627	10.764296
1628	10.764296
1629	10.764296
1630	10.764296
1631	10.764296
1632	10.764296
1633	10.764296
1634	10.76151
1635	10.76151
1636	10.76151
1637	10.76151
1638	10.76151
1639	10.76151
1640	10.76151
1641	10.76151
1642	10.76151
1643	10.76151
1644	10.76151
1645	10.76151
1646	10.76151
1647	10.76151
1648	10.76151
1649	10.76151
1650	10.76151
1651	10.76151
1652	10.76151
1653	10.76151
1654	10.76151
1655	10.76151
1656	10.76151
1657	10.76151
1658	10.76151
1659	10.76151
1660	10.76151
1661	10.76151
1662	10.76151
1663	10.76151
1664	10.76151
1665	10.76151
1666	10.76151
1667	10.76151
1668	10.76151
1669	10.76151
1670	10.76151
1671	10.76151
1672	10.76151
1673	10.76151
1674	10.76151
1675	10.76151
1676	10.76151
1677	10.76151
1678	10.76151
1679	10.76151
1680	10.76151
1681	10.76151
1682	10.76151
1683	10.76151
1684	10.76151
1685	10.76151
1686	10.76151
1687	10.76151
1688	10.76151
1689	10.76151
1690	10.76151
1691	10.76151
1692	10.76151
1693	10.76151
1694	10.76151
1695	10.76151
1696	10.76151
1697	10.76151
1698	10.76151
1699	10.76151
1700	10.76151
1701	10.76151
1702	10.76151
1703	10.76151
1704	10.76151
1705	10.76151
1706	10.76151
1707	10.76151
1708	10.76151
1709	10.76151
1710	10.76151
1711	10.76151
1712	10.76151
1713	10.76151
1714	10.76151
1715	10.76151
1716	10.76151
1717	10.76151
1718	10.76151
1719	10.76151
1720	10.76151
1721	10.76151
1722	10.76151
1723	10.76151
1724	10.76151
1725	10.76151
1726	10.76151
1727	10.76151
1728	10.76151
1729	10.76151
1730	10.76151
1731	10.76151
1732	10.76151
1733	10.76151
1734	10.76151
1735	10.76151
1736	10.76151
1737	10.76151
1738	10.76151
1739	10.76151
1740	10.76151
1741	10.76151
1742	10.76151
1743	10.76151
1744	10.76151
1745	10.76151
1746	10.76151
1747	10.76151
1748	10.76151
1749	10.76151
1750	10.76151
1751	10.76151
1752	10.76151
1753	10.76151
1754	10.76151
1755	10.76151
1756	10.76151
1757	10.76151
1758	10.76151
1759	10.76151
1760	10.76151
1761	10.76151
1762	10.76151
1763	10.76151
1764	10.76151
1765	10.76151
1766	10.76151
1767	10.76151
1768	10.76151
1769	10.76151
1770	10.76151
1771	10.76151
1772	10.76151
1773	10.76151
1774	10.76151
1775	10.76151
1776	10.76151
1777	10.76151
1778	10.76151
1779	10.76151
1780	10.76151
1781	10.76151
1782	10.76151
1783	10.76151
1784	10.76151
1785	10.76151
1786	10.76151
1787	10.76151
1788	10.76151
1789	10.76151
1790	10.76151
1791	10.76151
1792	10.76151
1793	10.76151
1794	10.76151
1795	10.76151
1796	10.76151
1797	10.76151
1798	10.76151
1799	10.76151
1800	10.76151
1801	10.76151
1802	10.76151
1803	10.76151
1804	10.76151
1805	10.76151
1806	10.76151
1807	10.76151
1808	10.76151
1809	10.76151
1810	10.76151
1811	10.76151
1812	10.76151
1813	10.76151
1814	10.76151
1815	10.76151
1816	10.76151
1817	10.76151
1818	10.76151
1819	10.76151
1820	10.76151
1821	10.76151
1822	10.76151
1823	10.76151
1824	10.76151
1825	10.76151
1826	10.76151
1827	10.76151
1828	10.76151
1829	10.76151
1830	10.76151
1831	10.76151
1832	10.76151
1833	10.76151
1834	10.76151
1835	10.76151
1836	10.76151
1837	10.76151
1838	10.76151
1839	10.76151
1840	10.76151
1841	10.76151
1842	10.76151
1843	10.76151
1844	10.76151
1845	10.76151
1846	10.76151
1847	10.76151
1848	10.76151
1849	10.76151
1850	10.76151
1851	10.76151
1852	10.764296
1853	10.764296
1854	10.764296
1855	10.764296
1856	10.764296
1857	10.764296
1858	10.764296
1859	10.764296
1860	10.764296
1861	10.764296
1862	10.764296
1863	10.764296
1864	10.764296
1865	10.764296
1866	10.764296
1867	10.764296
1868	10.764296
1869	10.764296
1870	10.764296
1871	10.764296
1872	10.764296
1873	10.764296
1874	10.764296
1875	10.764296
1876	10.764296
1877	10.764296
1878	10.764296
1879	10.764296
1880	10.764296
1881	10.764296
1882	10.764296
1883	10.764296
1884	10.764296
1885	10.764296
1886	10.764296
1887	10.764296
1888	10.764296
1889	10.764296
1890	10.764296
1891	10.764296
1892	10.764296
1893	10.764296
1894	10.764296
1895	10.764296
1896	10.764296
1897	10.764296
1898	10.764296
1899	10.764296
1900	10.764296
1901	10.764296
1902	10.764296
1903	10.764296
1904	10.764296
1905	10.764296
1906	10.764296
1907	10.764296
1908	10.764296
1909	10.764296
1910	10.764296
1911	10.764296
1912	10.764296
1913	10.764296
1914	10.764296
1915	10.764296
1916	10.764296
1917	10.764296
1918	10.764296
1919	10.764296
1920	10.764296
1921	10.764296
1922	10.764296
1923	10.764296
1924	10.764296
1925	10.764296
1926	10.764296
1927	10.764296
1928	10.764296
1929	10.764296
1930	10.764296
1931	10.764296
1932	10.764296
1933	10.764296
1934	10.764296
1935	10.764296
1936	10.764296
1937	10.764296
1938	10.764296
1939	10.764296
1940	10.764296
1941	10.764296
1942	10.764296
1943	10.764296
1944	10.764296
1945	10.764296
1946	10.764296
1947	10.764296
1948	10.764296
1949	10.764296
1950	10.764296
1951	10.764296
1952	10.764296
1953	10.764296
1954	10.764296
1955	10.764296
1956	10.764296
1957	10.764296
1958	10.764296
1959	10.764296
1960	10.764296
1961	10.764296
1962	10.764296
1963	10.764296
1964	10.764296
1965	10.764296
1966	10.764296
1967	10.764296
1968	10.764296
1969	10.764296
1970	10.764296
1971	10.764296
1972	10.764296
1973	10.764296
1974	10.764296
1975	10.764296
1976	10.764296
1977	10.764296
1978	10.764296
1979	10.764296
1980	10.764296
1981	10.764296
1982	10.764296
1983	10.764296
1984	10.764296
1985	10.764296
1986	10.764296
1987	10.764296
1988	10.764296
1989	10.764296
1990	10.764296
1991	10.764296
1992	10.764296
1993	10.764296
1994	10.764296
1995	10.764296
1996	10.764296
1997	10.764296
1998	10.764296
1999	10.764296
2000	10.764296
2001	10.764296
2002	10.764296
2003	10.764296
2004	10.764296
2005	10.764296
2006	10.764296
2007	10.764296
2008	10.764296
2009	10.764296
2010	10.764296
2011	10.764296
2012	10.764296
2013	10.764296
2014	10.764296
2015	10.764296
2016	10.764296
2017	10.764296
2018	10.764296
2019	10.764296
2020	10.764296
2021	10.764296
2022	10.764296
2023	10.764296
2024	10.764296
2025	10.764296
2026	10.764296
2027	10.764296
2028	10.764296
2029	10.764296
2030	10.764296
2031	10.764296
2032	10.764296
2033	10.764296
2034	10.764296
2035	10.764296
2036	10.764296
2037	10.764296
2038	10.764296
2039	10.764296
2040	10.764296
2041	10.764296
2042	10.764296
2043	10.764296
2044	10.764296
2045	10.764296
2046	10.764296
2047	10.764296
2048	10.764296
2049	10.764296
2050	10.764296
2051	10.764296
2052	10.764296
2053	10.764296
2054	10.764296
2055	10.764296
2056	10.764296
2057	10.764296
2058	10.764296
2059	10.764296
2060	10.764296
2061	10.764296
2062	10.764296
2063	10.764296
2064	10.764296
2065	10.764296
2066	10.764296
2067	10.764296
2068	10.764296
2069	10.764296
2070	10.764296
2071	10.764296
2072	10.764296
2073	10.764296
2074	10.764296
2075	10.764296
2076	10.764296
2077	10.764296
2078	10.764296
2079	10.764296
2080	10.764296
2081	10.764296
2082	10.764296
2083	10.764296
2084	10.764296
2085	10.764296
2086	10.764296
2087	10.764296
2088	10.764296
2089	10.764296
2090	10.764296
2091	10.764296
2092	10.764296
2093	10.764296
2094	10.764296
2095	10.764296
2096	10.764296
2097	10.764296
2098	10.764296
2099	10.764296
2100	10.764296
2101	10.764296
2102	10.764296
2103	10.764296
2104	10.764296
2105	10.764296
2106	10.764296
2107	10.764296
2108	10.764296
2109	10.764296
2110	10.764296
2111	10.764296
2112	10.764296
2113	10.764296
2114	10.764296
2115	10.764296
2116	10.764296
2117	10.764296
2118	10.764296
2119	10.764296
2120	10.764296
2121	10.764296
2122	10.764296
2123	10.764296
2124	10.764296
2125	10.764296
2126	10.764296
2127	10.764296
2128	10.764296
2129	10.764296
2130	10.764296
2131	10.764296
2132	10.764296
2133	10.764296
2134	10.764296
2135	10.764296
2136	10.764296
2137	10.764296
2138	10.764296
2139	10.764296
2140	10.764296
2141	10.764296
2142	10.764296
2143	10.764296
2144	10.764296
2145	10.764296
2146	10.764296
2147	10.764296
2148	10.764296
2149	10.764296
2150	10.764296
2151	10.764296
2152	10.764296
2153	10.764296
2154	10.764296
2155	10.764296
2156	10.764296
2157	10.764296
2158	10.764296
2159	10.764296
2160	10.764296
2161	10.764296
2162	10.764296
2163	10.764296
2164	10.764296
2165	10.764296
2166	10.764296
2167	10.764296
2168	10.764296
2169	10.764296
2170	10.764296
2171	10.764296
2172	10.764296
2173	10.764296
2174	10.764296
2175	10.764296
2176	10.764296
2177	10.764296
2178	10.764296
2179	10.764296
2180	10.764296
2181	10.764296
2182	10.764296
2183	10.764296
2184	10.764296
2185	10.764296
2186	10.764296
2187	10.764296
2188	10.764296
2189	10.764296
2190	10.764296
2191	10.764296
2192	10.764296
2193	10.764296
2194	10.764296
2195	10.764296
2196	10.764296
2197	10.764296
2198	10.764296
2199	10.764296
2200	10.764296
2201	10.764296
2202	10.764296
2203	10.764296
2204	10.764296
2205	10.764296
2206	10.764296
2207	10.764296
2208	10.764296
2209	10.764296
2210	10.764296
2211	10.764296
2212	10.764296
2213	10.764296
2214	10.764296
2215	10.764296
2216	10.764296
2217	10.764296
2218	10.764296
2219	10.764296
2220	10.764296
2221	10.764296
2222	10.764296
2223	10.764296
2224	10.764296
2225	10.764296
2226	10.764296
2227	10.764296
2228	10.764296
2229	10.764296
2230	10.764296
2231	10.764296
2232	10.764296
2233	10.764296
2234	10.764296
2235	10.764296
2236	10.764296
2237	10.764296
2238	10.764296
2239	10.764296
2240	10.764296
2241	10.764296
2242	10.764296
2243	10.764296
2244	10.764296
2245	10.764296
2246	10.764296
2247	10.764296
2248	10.764296
2249	10.764296
2250	10.764296
2251	10.764296
2252	10.764296
2253	10.764296
2254	10.764296
2255	10.764296
2256	10.764296
2257	10.764296
2258	10.764296
2259	10.764296
2260	10.764296
2261	10.764296
2262	10.764296
2263	10.764296
2264	10.764296
2265	10.764296
2266	10.764296
2267	10.764296
2268	10.764296
2269	10.764296
2270	10.764296
2271	10.764296
2272	10.764296
2273	10.764296
2274	10.764296
2275	10.764296
2276	10.764296
2277	10.764296
2278	10.764296
2279	10.764296
2280	10.764296
2281	10.764296
2282	10.764296
2283	10.764296
2284	10.764296
2285	10.764296
2286	10.764296
2287	10.764296
2288	10.764296
2289	10.764296
2290	10.764296
2291	10.764296
2292	10.764296
2293	10.764296
2294	10.764296
2295	10.764296
2296	10.764296
2297	10.764296
2298	10.764296
2299	10.764296
2300	10.764296
2301	10.764296
2302	10.764296
2303	10.764296
2304	10.764296
2305	10.764296
2306	10.764296
2307	10.764296
2308	10.764296
2309	10.764296
2310	10.764296
2311	10.764296
2312	10.764296
2313	10.764296
2314	10.764296
2315	10.764296
2316	10.764296
2317	10.764296
2318	10.764296
2319	10.764296
2320	10.764296
2321	10.764296
2322	10.764296
2323	10.764296
2324	10.764296
2325	10.764296
2326	10.764296
2327	10.764296
2328	10.764296
2329	10.764296
2330	10.764296
2331	10.764296
2332	10.764296
2333	10.764296
2334	10.764296
2335	10.764296
2336	10.764296
2337	10.764296
2338	10.764296
2339	10.764296
2340	10.764296
2341	10.764296
2342	10.764296
2343	10.764296
2344	10.764296
2345	10.764296
2346	10.764296
2347	10.764296
2348	10.764296
2349	10.764296
2350	10.764296
2351	10.764296
2352	10.764296
2353	10.764296
2354	10.764296
2355	10.764296
2356	10.764296
2357	10.764296
2358	10.764296
2359	10.764296
2360	10.764296
2361	10.764296
2362	10.764296
2363	10.764296
2364	10.764296
2365	10.764296
2366	10.764296
2367	10.764296
2368	10.764296
2369	10.764296
2370	10.764296
2371	10.764296
2372	10.764296
2373	10.764296
2374	10.764296
2375	10.764296
2376	10.764296
2377	10.764296
2378	10.764296
2379	10.764296
2380	10.764296
2381	10.764296
2382	10.764296
2383	10.764296
2384	10.764296
2385	10.764296
2386	10.764296
2387	10.764296
2388	10.764296
2389	10.764296
2390	10.764296
2391	10.764296
2392	10.764296
2393	10.764296
2394	10.764296
2395	10.764296
2396	10.764296
2397	10.764296
2398	10.764296
2399	10.764296
2400	10.764296
2401	10.764296
2402	10.764296
2403	10.764296
2404	10.764296
2405	10.764296
2406	10.764296
2407	10.764296
2408	10.764296
2409	10.764296
2410	10.764296
2411	10.764296
2412	10.764296
2413	10.764296
2414	10.764296
2415	10.764296
2416	10.764296
2417	10.764296
2418	10.764296
2419	10.764296
2420	10.764296
2421	10.764296
2422	10.764296
2423	10.764296
2424	10.764296
2425	10.764296
2426	10.764296
2427	10.764296
2428	10.764296
2429	10.764296
2430	10.764296
2431	10.764296
2432	10.764296
2433	10.764296
2434	10.764296
2435	10.764296
2436	10.764296
2437	10.764296
2438	10.764296
2439	10.764296
2440	10.764296
2441	10.764296
2442	10.764296
2443	10.764296
2444	10.764296
2445	10.764296
2446	10.764296
2447	10.764296
2448	10.764296
2449	10.764296
2450	10.764296
2451	10.764296
2452	10.764296
2453	10.764296
2454	10.764296
2455	10.764296
2456	10.764296
2457	10.764296
2458	10.764296
2459	10.764296
2460	10.764296
2461	10.764296
2462	10.764296
2463	10.764296
2464	10.764296
2465	10.764296
2466	10.764296
2467	10.764296
2468	10.764296
2469	10.764296
2470	10.764296
2471	10.764296
2472	10.764296
2473	10.764296
2474	10.764296
2475	10.764296
2476	10.764296
2477	10.764296
2478	10.764296
2479	10.764296
2480	10.764296
2481	10.764296
2482	10.764296
2483	10.764296
2484	10.764296
2485	10.764296
2486	10.764296
2487	10.764296
2488	10.764296
2489	10.764296
2490	10.764296
2491	10.764296
2492	10.764296
2493	10.764296
2494	10.764296
2495	10.764296
2496	10.764296
2497	10.764296
2498	10.764296
2499	10.764296
2500	10.764296
2501	10.764296
2502	10.764296
2503	10.764296
2504	10.764296
2505	10.764296
2506	10.764296
2507	10.764296
2508	10.764296
2509	10.764296
2510	10.764296
2511	10.764296
2512	10.764296
2513	10.764296
2514	10.764296
2515	10.764296
2516	10.764296
2517	10.764296
2518	10.764296
2519	10.764296
2520	10.764296
2521	10.764296
2522	10.764296
2523	10.764296
2524	10.764296
2525	10.764296
2526	10.764296
2527	10.764296
2528	10.764296
2529	10.764296
2530	10.764296
2531	10.764296
2532	10.764296
2533	10.764296
2534	10.764296
2535	10.764296
2536	10.764296
2537	10.764296
2538	10.764296
2539	10.764296
2540	10.764296
2541	10.764296
2542	10.764296
2543	10.764296
2544	10.764296
2545	10.764296
2546	10.764296
2547	10.764296
2548	10.764296
2549	10.764296
2550	10.764296
2551	10.764296
2552	10.764296
2553	10.764296
2554	10.764296
2555	10.764296
2556	10.764296
2557	10.764296
2558	10.764296
2559	10.764296
2560	10.764296
2561	10.764296
2562	10.764296
2563	10.764296
2564	10.764296
2565	10.764296
2566	10.764296
2567	10.764296
2568	10.764296
2569	10.764296
2570	10.764296
2571	10.764296
2572	10.764296
2573	10.764296
2574	10.764296
2575	10.764296
2576	10.764296
2577	10.764296
2578	10.764296
2579	10.764296
2580	10.764296
2581	10.764296
2582	10.764296
2583	10.764296
2584	10.764296
2585	10.764296
2586	10.764296
2587	10.764296
2588	10.764296
2589	10.764296
2590	10.764296
2591	10.764296
2592	10.764296
2593	10.764296
2594	10.764296
2595	10.764296
2596	10.764296
2597	10.764296
2598	10.764296
2599	10.764296
2600	10.764296
2601	10.764296
2602	10.764296
2603	10.764296
2604	10.764296
2605	10.764296
2606	10.764296
2607	10.764296
2608	10.764296
2609	10.764296
2610	10.764296
2611	10.764296
2612	10.764296
2613	10.764296
2614	10.764296
2615	10.764296
2616	10.764296
2617	10.764296
2618	10.764296
2619	10.764296
2620	10.764296
2621	10.764296
2622	10.764296
2623	10.764296
2624	10.764296
2625	10.764296
2626	10.764296
2627	10.764296
2628	10.764296
2629	10.764296
2630	10.764296
2631	10.764296
2632	10.764296
2633	10.764296
2634	10.764296
2635	10.764296
2636	10.764296
2637	10.764296
2638	10.764296
2639	10.764296
2640	10.764296
2641	10.764296
2642	10.764296
2643	10.764296
2644	10.764296
2645	10.764296
2646	10.764296
2647	10.764296
2648	10.764296
2649	10.764296
2650	10.764296
2651	10.764296
2652	10.764296
2653	10.764296
2654	10.764296
2655	10.764296
2656	10.764296
2657	10.764296
2658	10.764296
2659	10.764296
2660	10.764296
2661	10.764296
2662	10.764296
2663	10.764296
2664	10.764296
2665	10.764296
2666	10.764296
2667	10.764296
2668	10.764296
2669	10.764296
2670	10.764296
2671	10.764296
2672	10.764296
2673	10.764296
2674	10.764296
2675	10.764296
2676	10.764296
2677	10.764296
2678	10.764296
2679	10.764296
2680	10.764296
2681	10.764296
2682	10.764296
2683	10.764296
2684	10.764296
2685	10.764296
2686	10.764296
2687	10.764296
2688	10.764296
2689	10.764296
2690	10.764296
2691	10.764296
2692	10.764296
2693	10.764296
2694	10.764296
2695	10.764296
2696	10.764296
2697	10.764296
2698	10.764296
2699	10.764296
2700	10.764296
2701	10.764296
2702	10.764296
2703	10.764296
2704	10.764296
2705	10.764296
2706	10.764296
2707	10.764296
2708	10.764296
2709	10.764296
2710	10.764296
2711	10.764296
2712	10.764296
2713	10.764296
2714	10.764296
2715	10.764296
2716	10.764296
2717	10.764296
2718	10.764296
2719	10.764296
2720	10.764296
2721	10.764296
2722	10.764296
2723	10.764296
2724	10.764296
2725	10.764296
2726	10.764296
2727	10.764296
2728	10.764296
2729	10.764296
2730	10.764296
2731	10.764296
2732	10.764296
2733	10.764296
2734	10.764296
2735	10.764296
2736	10.764296
2737	10.764296
2738	10.764296
2739	10.764296
2740	10.764296
2741	10.764296
2742	10.764296
2743	10.764296
2744	10.764296
2745	10.764296
2746	10.764296
2747	10.764296
2748	10.764296
2749	10.764296
2750	10.764296
2751	10.764296
2752	10.764296
2753	10.764296
2754	10.764296
2755	10.764296
2756	10.764296
2757	10.764296
2758	10.764296
2759	10.764296
2760	10.764296
2761	10.764296
2762	10.764296
2763	10.764296
2764	10.764296
2765	10.764296
2766	10.764296
2767	10.764296
2768	10.764296
2769	10.764296
2770	10.764296
2771	10.764296
2772	10.764296
2773	10.764296
2774	10.764296
2775	10.764296
2776	10.764296
2777	10.764296
2778	10.764296
2779	10.764296
2780	10.764296
2781	10.764296
2782	10.764296
2783	10.764296
2784	10.764296
2785	10.764296
2786	10.764296
2787	10.764296
2788	10.764296
2789	10.764296
2790	10.764296
2791	10.764296
2792	10.764296
2793	10.764296
2794	10.764296
2795	10.764296
2796	10.764296
2797	10.764296
2798	10.764296
2799	10.764296
2800	10.764296
2801	10.764296
2802	10.764296
2803	10.764296
2804	10.764296
2805	10.764296
2806	10.764296
2807	10.764296
2808	10.764296
2809	10.764296
2810	10.764296
2811	10.764296
2812	10.764296
2813	10.764296
2814	10.764296
2815	10.764296
2816	10.764296
2817	10.764296
2818	10.764296
2819	10.764296
2820	10.764296
2821	10.764296
2822	10.764296
2823	10.764296
2824	10.764296
2825	10.764296
2826	10.764296
2827	10.764296
2828	10.764296
2829	10.764296
2830	10.764296
2831	10.764296
2832	10.764296
2833	10.764296
2834	10.764296
2835	10.764296
2836	10.764296
2837	10.764296
2838	10.764296
2839	10.764296
2840	10.764296
2841	10.764296
2842	10.764296
2843	10.764296
2844	10.764296
2845	10.764296
2846	10.764296
2847	10.764296
2848	10.764296
2849	10.764296
2850	10.764296
2851	10.764296
2852	10.764296
2853	10.764296
2854	10.764296
2855	10.764296
2856	10.764296
2857	10.764296
2858	10.764296
2859	10.764296
2860	10.764296
2861	10.764296
2862	10.764296
2863	10.764296
2864	10.764296
2865	10.764296
2866	10.764296
2867	10.764296
2868	10.764296
2869	10.764296
2870	10.764296
2871	10.764296
2872	10.764296
2873	10.764296
2874	10.764296
2875	10.764296
2876	10.764296
2877	10.764296
2878	10.764296
2879	10.764296
2880	10.764296
2881	10.764296
2882	10.764296
2883	10.764296
2884	10.764296
2885	10.764296
2886	10.764296
2887	10.764296
2888	10.764296
2889	10.764296
2890	10.764296
2891	10.764296
2892	10.764296
2893	10.764296
2894	10.764296
2895	10.764296
2896	10.764296
2897	10.764296
2898	10.764296
2899	10.764296
2900	10.764296
2901	10.764296
2902	10.764296
2903	10.764296
2904	10.764296
2905	10.764296
2906	10.764296
2907	10.764296
2908	10.764296
2909	10.764296
2910	10.764296
2911	10.764296
2912	10.764296
2913	10.764296
2914	10.764296
2915	10.764296
2916	10.764296
2917	10.764296
2918	10.764296
2919	10.764296
2920	10.764296
2921	10.764296
2922	10.764296
2923	10.764296
2924	10.764296
2925	10.764296
2926	10.764296
2927	10.764296
2928	10.764296
2929	10.764296
2930	10.764296
2931	10.764296
2932	10.764296
2933	10.764296
2934	10.764296
2935	10.764296
2936	10.764296
2937	10.764296
2938	10.764296
2939	10.764296
2940	10.764296
2941	10.764296
2942	10.764296
2943	10.764296
2944	10.764296
2945	10.764296
2946	10.764296
2947	10.764296
2948	10.764296
2949	10.764296
2950	10.764296
2951	10.764296
2952	10.764296
2953	10.764296
2954	10.764296
2955	10.764296
2956	10.764296
2957	10.764296
2958	10.764296
2959	10.764296
2960	10.764296
2961	10.764296
2962	10.764296
2963	10.764296
2964	10.764296
2965	10.764296
2966	10.764296
2967	10.764296
2968	10.764296
2969	10.764296
2970	10.764296
2971	10.764296
2972	10.764296
2973	10.764296
2974	10.764296
2975	10.764296
2976	10.764296
2977	10.764296
2978	10.764296
2979	10.764296
2980	10.764296
2981	10.764296
2982	10.764296
2983	10.764296
2984	10.764296
2985	10.764296
2986	10.764296
2987	10.764296
2988	10.764296
2989	10.764296
2990	10.764296
2991	10.764296
2992	10.764296
2993	10.764296
2994	10.764296
2995	10.764296
2996	10.764296
2997	10.764296
2998	10.764296
2999	10.764296
3000	10.764296
3001	10.764296
3002	10.764296
3003	10.764296
3004	10.764296
3005	10.764296
3006	10.764296
3007	10.764296
3008	10.764296
3009	10.764296
3010	10.764296
3011	10.764296
3012	10.764296
3013	10.764296
3014	10.764296
3015	10.764296
3016	10.764296
3017	10.764296
3018	10.764296
3019	10.764296
3020	10.764296
3021	10.764296
3022	10.764296
3023	10.764296
3024	10.764296
3025	10.764296
3026	10.764296
3027	10.764296
3028	10.764296
3029	10.764296
3030	10.764296
3031	10.764296
3032	10.764296
3033	10.764296
3034	10.764296
3035	10.764296
3036	10.764296
3037	10.764296
3038	10.764296
3039	10.764296
3040	10.764296
3041	10.764296
3042	10.764296
3043	10.764296
3044	10.764296
3045	10.764296
3046	10.764296
3047	10.764296
3048	10.764296
3049	10.764296
3050	10.764296
3051	10.764296
3052	10.764296
3053	10.764296
3054	10.764296
3055	10.764296
3056	10.764296
3057	10.764296
3058	10.764296
3059	10.764296
3060	10.764296
3061	10.764296
3062	10.764296
3063	10.764296
3064	10.764296
3065	10.764296
3066	10.764296
3067	10.764296
3068	10.764296
3069	10.764296
3070	10.764296
3071	10.764296
3072	10.764296
3073	10.764296
3074	10.764296
3075	10.764296
3076	10.764296
3077	10.764296
3078	10.764296
3079	10.764296
3080	10.764296
3081	10.764296
3082	10.764296
3083	10.764296
3084	10.764296
3085	10.764296
3086	10.764296
3087	10.764296
3088	10.764296
3089	10.764296
3090	10.764296
3091	10.764296
3092	10.764296
3093	10.764296
3094	10.764296
3095	10.764296
3096	10.764296
3097	10.764296
3098	10.764296
3099	10.764296
3100	10.764296
3101	10.764296
3102	10.764296
3103	10.764296
3104	10.764296
3105	10.764296
3106	10.764296
3107	10.764296
3108	10.764296
3109	10.764296
3110	10.764296
3111	10.764296
3112	10.764296
3113	10.764296
3114	10.764296
3115	10.764296
3116	10.764296
3117	10.764296
3118	10.764296
3119	10.764296
3120	10.764296
3121	10.764296
3122	10.764296
3123	10.764296
3124	10.764296
3125	10.764296
3126	10.764296
3127	10.764296
3128	10.764296
3129	10.764296
3130	10.764296
3131	10.764296
3132	10.764296
3133	10.764296
3134	10.764296
3135	10.764296
3136	10.764296
3137	10.764296
3138	10.764296
3139	10.764296
3140	10.764296
3141	10.764296
3142	10.764296
3143	10.764296
3144	10.764296
3145	10.764296
3146	10.764296
3147	10.764296
3148	10.764296
3149	10.764296
3150	10.764296
3151	10.764296
3152	10.764296
3153	10.764296
3154	10.764296
3155	10.764296
3156	10.764296
3157	10.764296
3158	10.764296
3159	10.764296
3160	10.764296
3161	10.764296
3162	10.764296
3163	10.764296
3164	10.764296
3165	10.764296
3166	10.764296
3167	10.764296
3168	10.764296
3169	10.764296
3170	10.764296
3171	10.764296
3172	10.764296
3173	10.764296
3174	10.764296
3175	10.764296
3176	10.764296
3177	10.764296
3178	10.764296
3179	10.764296
3180	10.764296
3181	10.764296
3182	10.764296
3183	10.764296
3184	10.764296
3185	10.764296
3186	10.764296
3187	10.764296
3188	10.764296
3189	10.764296
3190	10.764296
3191	10.764296
3192	10.764296
3193	10.764296
3194	10.764296
3195	10.764296
3196	10.764296
3197	10.764296
3198	10.764296
3199	10.764296
3200	10.764296
3201	10.764296
3202	10.764296
3203	10.764296
3204	10.764296
3205	10.764296
3206	10.764296
3207	10.764296
3208	10.764296
3209	10.764296
3210	10.764296
3211	10.764296
3212	10.764296
3213	10.764296
3214	10.764296
3215	10.764296
3216	10.764296
3217	10.764296
3218	10.764296
3219	10.764296
3220	10.764296
3221	10.764296
3222	10.764296
3223	10.764296
3224	10.764296
3225	10.764296
3226	10.764296
3227	10.764296
3228	10.764296
3229	10.764296
3230	10.764296
3231	10.764296
3232	10.764296
3233	10.764296
3234	10.764296
3235	10.764296
3236	10.764296
3237	10.764296
3238	10.764296
3239	10.764296
3240	10.764296
3241	10.764296
3242	10.764296
3243	10.764296
3244	10.764296
3245	10.764296
3246	10.764296
3247	10.764296
3248	10.764296
3249	10.764296
3250	10.764296
3251	10.764296
3252	10.764296
3253	10.764296
3254	10.764296
3255	10.764296
3256	10.764296
3257	10.764296
3258	10.764296
3259	10.764296
3260	10.764296
3261	10.764296
3262	10.764296
3263	10.764296
3264	10.764296
3265	10.764296
3266	10.764296
3267	10.764296
3268	10.764296
3269	10.764296
3270	10.764296
3271	10.764296
3272	10.764296
3273	10.764296
3274	10.764296
3275	10.764296
3276	10.764296
3277	10.764296
3278	10.764296
3279	10.764296
3280	10.764296
3281	10.764296
3282	10.764296
3283	10.764296
3284	10.764296
3285	10.764296
3286	10.764296
3287	10.764296
3288	10.764296
3289	10.764296
3290	10.764296
3291	10.764296
3292	10.764296
3293	10.764296
3294	10.764296
3295	10.764296
3296	10.764296
3297	10.764296
3298	10.764296
3299	10.764296
3300	10.764296
3301	10.764296
3302	10.764296
3303	10.764296
3304	10.764296
3305	10.764296
3306	10.764296
3307	10.764296
3308	10.764296
3309	10.764296
3310	10.764296
3311	10.764296
3312	10.764296
3313	10.764296
3314	10.764296
3315	10.764296
3316	10.764296
3317	10.764296
3318	10.764296
3319	10.764296
3320	10.764296
3321	10.764296
3322	10.764296
3323	10.764296
3324	10.764296
3325	10.764296
3326	10.764296
3327	10.764296
3328	10.764296
3329	10.764296
3330	10.764296
3331	10.764296
3332	10.764296
3333	10.764296
3334	10.764296
3335	10.764296
3336	10.764296
3337	10.764296
3338	10.764296
3339	10.764296
3340	10.764296
3341	10.764296
3342	10.764296
3343	10.764296
3344	10.764296
3345	10.764296
3346	10.764296
3347	10.764296
3348	10.764296
3349	10.764296
3350	10.764296
3351	10.764296
3352	10.764296
3353	10.764296
3354	10.764296
3355	10.764296
3356	10.764296
3357	10.764296
3358	10.764296
3359	10.764296
3360	10.764296
3361	10.764296
3362	10.764296
3363	10.764296
3364	10.764296
3365	10.764296
3366	10.764296
3367	10.764296
3368	10.764296
3369	10.764296
3370	10.764296
3371	10.764296
3372	10.764296
3373	10.764296
3374	10.764296
3375	10.764296
3376	10.764296
3377	10.764296
3378	10.764296
3379	10.764296
3380	10.764296
3381	10.764296
3382	10.764296
3383	10.764296
3384	10.764296
3385	10.764296
3386	10.764296
3387	10.764296
3388	10.764296
3389	10.764296
3390	10.764296
3391	10.764296
3392	10.764296
3393	10.764296
3394	10.764296
3395	10.764296
3396	10.764296
3397	10.764296
3398	10.764296
3399	10.764296
3400	10.764296
3401	10.764296
3402	10.764296
3403	10.764296
3404	10.764296
3405	10.764296
3406	10.764296
3407	10.764296
3408	10.764296
3409	10.764296
3410	10.764296
3411	10.764296
3412	10.764296
3413	10.764296
3414	10.764296
3415	10.764296
3416	10.764296
3417	10.764296
3418	10.764296
3419	10.764296
3420	10.764296
3421	10.764296
3422	10.764296
3423	10.764296
3424	10.764296
3425	10.764296
3426	10.764296
3427	10.764296
3428	10.764296
3429	10.764296
3430	10.764296
3431	10.764296
3432	10.764296
3433	10.764296
3434	10.764296
3435	10.764296
3436	10.764296
3437	10.764296
3438	10.764296
3439	10.764296
3440	10.764296
3441	10.764296
3442	10.764296
3443	10.764296
3444	10.764296
3445	10.764296
3446	10.764296
3447	10.764296
3448	10.764296
3449	10.764296
3450	10.764296
3451	10.764296
3452	10.764296
3453	10.764296
3454	10.764296
3455	10.764296
3456	10.764296
3457	10.764296
3458	10.764296
3459	10.764296
3460	10.764296
3461	10.764296
3462	10.764296
3463	10.764296
3464	10.764296
3465	10.764296
3466	10.764296
3467	10.764296
3468	10.764296
3469	10.764296
3470	10.764296
3471	10.764296
3472	10.764296
3473	10.764296
3474	10.764296
3475	10.764296
3476	10.764296
3477	10.764296
3478	10.764296
3479	10.764296
3480	10.764296
3481	10.764296
3482	10.764296
3483	10.764296
3484	10.764296
3485	10.764296
3486	10.764296
3487	10.764296
3488	10.764296
3489	10.764296
3490	10.764296
3491	10.764296
3492	10.764296
3493	10.764296
3494	10.764296
3495	10.764296
3496	10.764296
3497	10.764296
3498	10.764296
3499	10.764296
3500	10.764296
3501	10.764296
3502	10.764296
3503	10.764296
3504	10.764296
3505	10.764296
3506	10.764296
3507	10.764296
3508	10.764296
3509	10.764296
3510	10.764296
3511	10.764296
3512	10.764296
3513	10.764296
3514	10.764296
3515	10.764296
3516	10.764296
3517	10.764296
3518	10.764296
3519	10.764296
3520	10.764296
3521	10.764296
3522	10.764296
3523	10.764296
3524	10.764296
3525	10.764296
3526	10.764296
3527	10.764296
3528	10.764296
3529	10.764296
3530	10.764296
3531	10.764296
3532	10.764296
3533	10.764296
3534	10.764296
3535	10.764296
3536	10.764296
3537	10.764296
3538	10.764296
3539	10.764296
3540	10.764296
3541	10.764296
3542	10.764296
3543	10.764296
3544	10.764296
3545	10.764296
3546	10.764296
3547	10.764296
3548	10.764296
3549	10.764296
3550	10.764296
3551	10.764296
3552	10.764296
3553	10.764296
3554	10.764296
3555	10.764296
3556	10.764296
3557	10.764296
3558	10.764296
3559	10.764296
3560	10.764296
3561	10.764296
3562	10.764296
3563	10.764296
3564	10.764296
3565	10.764296
3566	10.764296
3567	10.764296
3568	10.764296
3569	10.764296
3570	10.764296
3571	10.764296
3572	10.764296
3573	10.764296
3574	10.764296
3575	10.764296
3576	10.764296
3577	10.764296
3578	10.764296
3579	10.764296
3580	10.764296
3581	10.764296
3582	10.764296
3583	10.764296
3584	10.764296
3585	10.764296
3586	10.764296
3587	10.764296
3588	10.764296
3589	10.764296
3590	10.764296
3591	10.764296
3592	10.764296
3593	10.764296
3594	10.764296
3595	10.764296
3596	10.764296
3597	10.764296
3598	10.764296
3599	10.764296
3600	10.764296
3601	10.764296
3602	10.764296
3603	10.764296
3604	10.764296
3605	10.764296
3606	10.764296
3607	10.764296
3608	10.764296
3609	10.764296
3610	10.764296
3611	10.764296
3612	10.764296
3613	10.764296
3614	10.764296
3615	10.764296
3616	10.764296
3617	10.764296
3618	10.764296
3619	10.764296
3620	10.764296
3621	10.764296
3622	10.764296
3623	10.764296
3624	10.764296
3625	10.764296
3626	10.764296
3627	10.764296
3628	10.764296
3629	10.764296
3630	10.764296
3631	10.764296
3632	10.764296
3633	10.764296
3634	10.764296
3635	10.764296
3636	10.764296
3637	10.764296
3638	10.764296
3639	10.764296
3640	10.764296
3641	10.764296
3642	10.764296
3643	10.764296
3644	10.764296
3645	10.764296
3646	10.764296
3647	10.764296
3648	10.764296
3649	10.764296
3650	10.764296
3651	10.764296
3652	10.764296
3653	10.764296
3654	10.764296
3655	10.764296
3656	10.764296
3657	10.764296
3658	10.764296
3659	10.764296
3660	10.764296
3661	10.764296
3662	10.764296
3663	10.764296
3664	10.764296
3665	10.764296
3666	10.764296
3667	10.764296
3668	10.764296
3669	10.764296
3670	10.764296
3671	10.764296
3672	10.764296
3673	10.764296
3674	10.764296
3675	10.764296
3676	10.764296
3677	10.764296
3678	10.764296
3679	10.764296
3680	10.764296
3681	10.764296
3682	10.764296
3683	10.764296
3684	10.764296
3685	10.764296
3686	10.764296
3687	10.764296
3688	10.764296
3689	10.764296
3690	10.764296
3691	10.764296
3692	10.764296
3693	10.764296
3694	10.764296
3695	10.764296
3696	10.764296
3697	10.764296
3698	10.764296
3699	10.764296
3700	10.764296
3701	10.764296
3702	10.764296
3703	10.764296
3704	10.764296
3705	10.764296
3706	10.764296
3707	10.764296
3708	10.764296
3709	10.764296
3710	10.764296
3711	10.764296
3712	10.764296
3713	10.764296
3714	10.764296
3715	10.764296
3716	10.764296
3717	10.764296
3718	10.764296
3719	10.764296
3720	10.764296
3721	10.764296
3722	10.764296
3723	10.764296
3724	10.764296
3725	10.764296
3726	10.764296
3727	10.764296
3728	10.764296
3729	10.764296
3730	10.764296
3731	10.764296
3732	10.764296
3733	10.764296
3734	10.764296
3735	10.764296
3736	10.764296
3737	10.764296
3738	10.764296
3739	10.764296
3740	10.764296
3741	10.764296
3742	10.764296
3743	10.764296
3744	10.764296
3745	10.764296
3746	10.764296
3747	10.764296
3748	10.764296
3749	10.764296
3750	10.764296
3751	10.764296
3752	10.764296
3753	10.764296
3754	10.764296
3755	10.764296
3756	10.764296
3757	10.764296
3758	10.764296
3759	10.764296
3760	10.764296
3761	10.764296
3762	10.764296
3763	10.764296
3764	10.764296
3765	10.764296
3766	10.764296
3767	10.764296
3768	10.764296
3769	10.764296
3770	10.764296
3771	10.764296
3772	10.764296
3773	10.764296
3774	10.764296
3775	10.764296
3776	10.764296
3777	10.764296
3778	10.764296
3779	10.764296
3780	10.764296
3781	10.764296
3782	10.764296
3783	10.764296
3784	10.764296
3785	10.764296
3786	10.764296
3787	10.764296
3788	10.764296
3789	10.764296
3790	10.764296
3791	10.764296
3792	10.764296
3793	10.764296
3794	10.764296
3795	10.764296
3796	10.764296
3797	10.764296
3798	10.764296
3799	10.764296
3800	10.764296
3801	10.764296
3802	10.764296
3803	10.764296
3804	10.764296
3805	10.764296
3806	10.764296
3807	10.764296
3808	10.764296
3809	10.764296
3810	10.764296
3811	10.764296
3812	10.764296
3813	10.764296
3814	10.764296
3815	10.764296
3816	10.764296
3817	10.764296
3818	10.764296
3819	10.764296
3820	10.764296
3821	10.764296
3822	10.764296
3823	10.764296
3824	10.764296
3825	10.764296
3826	10.764296
3827	10.764296
3828	10.764296
3829	10.764296
3830	10.764296
3831	10.764296
3832	10.764296
3833	10.764296
3834	10.764296
3835	10.764296
3836	10.764296
3837	10.764296
3838	10.764296
3839	10.764296
3840	10.764296
3841	10.764296
3842	10.764296
3843	10.764296
3844	10.764296
3845	10.764296
3846	10.764296
3847	10.764296
3848	10.764296
3849	10.764296
3850	10.764296
3851	10.764296
3852	10.764296
3853	10.764296
3854	10.764296
3855	10.764296
3856	10.764296
3857	10.764296
3858	10.764296
3859	10.764296
3860	10.764296
3861	10.764296
3862	10.764296
3863	10.764296
3864	10.764296
3865	10.764296
3866	10.764296
3867	10.764296
3868	10.764296
3869	10.764296
3870	10.764296
3871	10.764296
3872	10.764296
3873	10.764296
3874	10.764296
3875	10.764296
3876	10.764296
3877	10.764296
3878	10.764296
3879	10.764296
3880	10.764296
3881	10.764296
3882	10.764296
3883	10.764296
3884	10.764296
3885	10.764296
3886	10.764296
3887	10.764296
3888	10.764296
3889	10.764296
3890	10.764296
3891	10.764296
3892	10.764296
3893	10.764296
3894	10.764296
3895	10.764296
3896	10.764296
3897	10.764296
3898	10.764296
3899	10.764296
3900	10.764296
3901	10.764296
3902	10.764296
3903	10.764296
3904	10.764296
3905	10.764296
3906	10.764296
3907	10.764296
3908	10.764296
3909	10.764296
3910	10.764296
3911	10.764296
3912	10.764296
3913	10.764296
3914	10.764296
3915	10.764296
3916	10.764296
3917	10.764296
3918	10.764296
3919	10.764296
3920	10.764296
3921	10.764296
3922	10.764296
3923	10.764296
3924	10.764296
3925	10.764296
3926	10.764296
3927	10.764296
3928	10.764296
3929	10.764296
3930	10.764296
3931	10.764296
3932	10.764296
3933	10.764296
3934	10.764296
3935	10.764296
3936	10.764296
3937	10.764296
3938	10.764296
3939	10.764296
3940	10.764296
3941	10.764296
3942	10.764296
3943	10.764296
3944	10.764296
3945	10.764296
3946	10.764296
3947	10.764296
3948	10.764296
3949	10.764296
3950	10.764296
3951	10.764296
3952	10.764296
3953	10.764296
3954	10.764296
3955	10.764296
3956	10.764296
3957	10.764296
3958	10.764296
3959	10.764296
3960	10.764296
3961	10.764296
3962	10.764296
3963	10.764296
3964	10.764296
3965	10.764296
3966	10.764296
3967	10.764296
3968	10.764296
3969	10.764296
3970	10.764296
3971	10.764296
3972	10.764296
3973	10.764296
3974	10.764296
3975	10.764296
3976	10.764296
3977	10.764296
3978	10.764296
3979	10.764296
3980	10.764296
3981	10.764296
3982	10.764296
3983	10.764296
3984	10.764296
3985	10.764296
3986	10.764296
3987	10.764296
3988	10.764296
3989	10.764296
3990	10.764296
3991	10.764296
3992	10.764296
3993	10.764296
3994	10.764296
3995	10.764296
3996	10.764296
3997	10.764296
3998	10.764296
3999	10.764296
4000	10.764296
4001	10.764296
4002	10.764296
4003	10.764296
4004	10.764296
4005	10.764296
4006	10.764296
4007	10.764296
4008	10.764296
4009	10.764296
4010	10.764296
4011	10.764296
4012	10.764296
4013	10.764296
4014	10.764296
4015	10.764296
4016	10.764296
4017	10.764296
4018	10.764296
4019	10.764296
4020	10.764296
4021	10.764296
4022	10.764296
4023	10.764296
4024	10.764296
4025	10.764296
4026	10.764296
4027	10.764296
4028	10.764296
4029	10.764296
4030	10.764296
4031	10.764296
4032	10.764296
4033	10.764296
4034	10.764296
4035	10.764296
4036	10.764296
4037	10.764296
4038	10.764296
4039	10.764296
4040	10.764296
4041	10.764296
4042	10.764296
4043	10.764296
4044	10.764296
4045	10.764296
4046	10.764296
4047	10.764296
4048	10.764296
4049	10.764296
4050	10.764296
4051	10.764296
4052	10.764296
4053	10.764296
4054	10.764296
4055	10.764296
4056	10.764296
4057	10.764296
4058	10.764296
4059	10.764296
4060	10.764296
4061	10.764296
4062	10.764296
