1	6.906218
2	6.924828
3	6.99151
4	6.99151
5	7.024796
6	7.083491
7	7.093841
8	7.292582
9	7.367462
10	7.374532
11	7.276845
12	7.249162
13	7.429001
14	7.429001
15	7.475927
16	7.475927
17	7.457279
18	7.457279
19	7.457993
20	7.489817
21	7.489817
22	7.569217
23	7.569217
24	7.661575
25	7.667042
26	7.667042
27	7.711504
28	7.715532
29	7.715532
30	7.790421
31	7.760322
32	7.763892
33	7.575328
34	7.63799
35	7.614133
36	7.636961
37	7.820731
38	7.835599
39	7.745789
40	7.775164
41	7.662389
42	7.662389
43	7.675771
44	7.677163
45	7.677163
46	7.728571
47	7.736593
48	8.070508
49	8.120109
50	8.224761
51	8.219454
52	8.266099
53	8.266099
54	8.266099
55	8.286592
56	8.286592
57	8.31657
58	8.310931
59	8.252624
60	8.465026
61	8.491546
62	8.386894
63	8.438617
64	8.438617
65	8.484777
66	8.438094
67	8.468148
68	8.494668
69	8.528944
70	8.512536
71	8.512536
72	8.534601
73	8.428798
74	8.512854
75	8.613834
76	8.618118
77	8.61936
78	8.61936
79	8.648116
80	8.648116
81	8.819441
82	8.819441
83	8.7833
84	8.732616
85	8.732616
86	8.732616
87	8.802528
88	8.778654
89	8.757167
90	8.725219
91	8.725219
92	8.751135
93	8.751135
94	8.779152
95	8.891926
96	8.889778
97	8.741172
98	8.748828
99	8.614723
100	8.614723
101	8.622175
102	8.638677
103	8.651872
104	8.727451
105	8.727451
106	8.727451
107	8.754074
108	8.754074
109	8.728356
110	8.728356
111	8.737008
112	8.737008
113	8.737008
114	8.738247
115	8.859163
116	8.859163
117	8.912114
118	8.859163
119	8.878259
120	8.939167
121	8.939167
122	8.954692
123	8.954692
124	9.036924
125	9.036924
126	9.036924
127	9.003931
128	9.003931
129	9.030393
130	9.035983
131	9.035983
132	9.006725
133	9.008285
134	9.041125
135	9.041125
136	9.041125
137	9.153155
138	9.153155
139	9.153155
140	9.131499
141	9.107818
142	9.107818
143	9.121453
144	9.160651
145	9.193289
146	9.339281
147	9.342386
148	9.342386
149	9.399226
150	9.420882
151	9.420882
152	9.420882
153	9.36871
154	9.47187
155	9.47187
156	9.513442
157	9.51755
158	9.582734
159	9.582734
160	9.580584
161	9.53674
162	9.551987
163	9.500059
164	9.569114
165	9.578264
166	9.579247
167	9.70203
168	9.70203
169	9.70203
170	9.70203
171	9.70203
172	9.70203
173	9.689495
174	9.642539
175	9.682976
176	9.682976
177	9.720482
178	9.720482
179	9.720482
180	9.720482
181	9.720482
182	9.720482
183	9.721636
184	9.78327
185	9.847536
186	9.847536
187	9.847536
188	9.847536
189	9.847536
190	9.643546
191	9.641568
192	9.577302
193	9.577302
194	9.577302
195	9.577302
196	9.577302
197	9.577302
198	9.577302
199	9.537975
200	9.537975
201	9.537975
202	9.445846
203	9.341473
204	9.419147
205	9.396063
206	9.396063
207	9.396063
208	9.396063
209	9.396063
210	9.322213
211	9.322213
212	9.322213
213	9.322213
214	9.324191
215	9.266698
216	9.266698
217	9.266698
218	9.280222
219	9.318488
220	9.432367
221	9.483166
222	9.60177
223	9.646022
224	9.646022
225	9.646022
226	9.646022
227	9.817499
228	9.817499
229	9.817499
230	9.817499
231	9.817499
232	9.817499
233	9.817499
234	9.879388
235	9.738355
236	9.738355
237	9.732186
238	9.732186
239	9.833653
240	9.833653
241	9.833653
242	9.833653
243	9.716541
244	9.716541
245	9.716541
246	9.716541
247	9.71561
248	9.734515
249	9.703971
250	9.703971
251	9.703971
252	9.703971
253	9.703971
254	9.703971
255	9.725248
256	9.754451
257	9.754451
258	9.742408
259	9.742408
260	9.810718
261	9.889571
262	10.010084
263	10.017806
264	10.017806
265	10.017806
266	9.912154
267	9.912154
268	9.912154
269	9.795749
270	9.978547
271	9.978547
272	9.978547
273	9.978547
274	9.966209
275	9.966209
276	9.935686
277	9.935686
278	9.935686
279	9.935686
280	9.935686
281	9.935686
282	9.935686
283	9.935686
284	9.935686
285	9.935686
286	9.935686
287	9.985752
288	9.985752
289	9.985752
290	9.985752
291	9.985752
292	9.908078
293	9.908078
294	9.908078
295	9.815689
296	9.815689
297	9.676588
298	9.676588
299	9.676588
300	9.676588
301	9.676588
302	9.676588
303	9.676588
304	9.676588
305	9.676588
306	9.800215
307	9.830943
308	9.830943
309	9.966064
310	10.003181
311	10.003181
312	10.003181
313	9.957597
314	9.957597
315	9.957597
316	9.957597
317	9.957597
318	9.957597
319	10.024049
320	10.024049
321	10.024049
322	9.983055
323	9.983055
324	9.983055
325	9.983055
326	9.983055
327	9.983055
328	9.983055
329	9.983055
330	9.983055
331	9.983055
332	9.983055
333	10.086514
334	10.086514
335	10.086514
336	10.086514
337	10.209097
338	10.198948
339	10.198948
340	10.198948
341	10.198948
342	10.198948
343	10.198948
344	10.198948
345	10.198948
346	10.229349
347	10.229349
348	10.229349
349	10.229349
350	10.229349
351	10.229349
352	10.229349
353	10.230991
354	10.230991
355	10.230991
356	10.230991
357	10.230991
358	10.230991
359	10.206931
360	10.206931
361	10.206931
362	10.206931
363	10.206931
364	10.217437
365	10.194945
366	10.194945
367	10.136445
368	10.136445
369	10.143534
370	10.169694
371	10.169694
372	10.169694
373	10.169694
374	10.169694
375	10.169694
376	10.169694
377	10.169694
378	10.169694
379	10.169694
380	10.169694
381	10.169694
382	10.169694
383	10.169694
384	9.986896
385	9.986896
386	10.010956
387	10.010956
388	10.010956
389	10.010956
390	10.010956
391	10.010956
392	10.071923
393	10.071923
394	10.071923
395	10.072127
396	10.132313
397	10.132313
398	10.132313
399	10.132313
400	10.132313
401	10.132313
402	10.132313
403	10.132313
404	10.101912
405	10.108253
406	10.108253
407	10.11076
408	10.11076
409	10.11076
410	10.11076
411	10.11076
412	10.11076
413	10.096686
414	10.096686
415	10.096686
416	10.096686
417	10.096686
418	10.088742
419	10.088742
420	10.087972
421	10.087972
422	10.105412
423	10.105412
424	10.105412
425	10.105208
426	10.219218
427	10.221074
428	10.244755
429	10.244755
430	10.246833
431	10.246833
432	10.246833
433	10.246833
434	10.246833
435	10.246833
436	10.246833
437	10.246833
438	10.246833
439	10.246833
440	10.229393
441	10.253659
442	10.253659
443	10.253659
444	10.253659
445	10.253659
446	10.253659
447	10.253659
448	10.276151
449	10.276151
450	10.276151
451	10.245311
452	10.245311
453	10.251047
454	10.251047
455	10.257257
456	10.252675
457	10.252675
458	10.249491
459	10.249491
460	10.249491
461	10.254505
462	10.248769
463	10.248769
464	10.248769
465	10.248769
466	10.376717
467	10.376717
468	10.376717
469	10.376717
470	10.376717
471	10.376717
472	10.376717
473	10.376717
474	10.376717
475	10.376717
476	10.376717
477	10.376717
478	10.376717
479	10.376717
480	10.376717
481	10.376717
482	10.376717
483	10.376717
484	10.382453
485	10.392602
486	10.392602
487	10.392602
488	10.392602
489	10.392602
490	10.392602
491	10.392602
492	10.403547
493	10.403547
494	10.403547
495	10.403547
496	10.424642
497	10.424642
498	10.424642
499	10.424642
500	10.424642
501	10.424642
502	10.424642
503	10.424642
504	10.424642
505	10.424642
506	10.43298
507	10.43298
508	10.43298
509	10.43298
510	10.46382
511	10.46382
512	10.585598
513	10.585598
514	10.585598
515	10.585598
516	10.585598
517	10.585598
518	10.585598
519	10.585598
520	10.585598
521	10.585598
522	10.585598
523	10.585598
524	10.585598
525	10.585598
526	10.585598
527	10.585598
528	10.585598
529	10.623408
530	10.623408
531	10.623408
532	10.623408
533	10.623408
534	10.623408
535	10.596276
536	10.596276
537	10.596276
538	10.596276
539	10.596276
540	10.596276
541	10.596276
542	10.596276
543	10.596276
544	10.616257
545	10.616257
546	10.618247
547	10.618247
548	10.654716
549	10.654716
550	10.654716
551	10.654716
552	10.654716
553	10.660885
554	10.660885
555	10.660885
556	10.660885
557	10.660885
558	10.660885
559	10.660885
560	10.660885
561	10.660885
562	10.660885
563	10.660885
564	10.660885
565	10.660885
566	10.660885
567	10.660885
568	10.660885
569	10.660885
570	10.660885
571	10.660885
572	10.660885
573	10.660885
574	10.662619
575	10.662619
576	10.662619
577	10.594561
578	10.594561
579	10.594561
580	10.622421
581	10.622421
582	10.622421
583	10.622421
584	10.590643
585	10.590643
586	10.590643
587	10.590643
588	10.590643
589	10.590643
590	10.590643
591	10.590643
592	10.590643
593	10.590643
594	10.590643
595	10.614703
596	10.614703
597	10.614703
598	10.614703
599	10.720969
600	10.720969
601	10.720969
602	10.720969
603	10.720969
604	10.720969
605	10.734948
606	10.734948
607	10.739244
608	10.739244
609	10.739244
610	10.739244
611	10.739244
612	10.739244
613	10.739244
614	10.739244
615	10.739244
616	10.739244
617	10.739244
618	10.739244
619	10.739244
620	10.739244
621	10.739244
622	10.739244
623	10.739244
624	10.739244
625	10.739244
626	10.739244
627	10.739244
628	10.739244
629	10.739244
630	10.739244
631	10.739244
632	10.739244
633	10.739244
634	10.739244
635	10.739244
636	10.739244
637	10.739244
638	10.739244
639	10.739244
640	10.739244
641	10.739244
642	10.739244
643	10.739244
644	10.739244
645	10.739244
646	10.739244
647	10.739244
648	10.739244
649	10.739244
650	10.739244
651	10.739244
652	10.739244
653	10.739244
654	10.739244
655	10.739244
656	10.739244
657	10.739244
658	10.739244
659	10.739244
660	10.739244
661	10.739244
662	10.739244
663	10.739244
664	10.739244
665	10.739244
666	10.739244
667	10.739244
668	10.739244
669	10.739244
670	10.739244
671	10.739244
672	10.739244
673	10.739244
674	10.739244
675	10.739244
676	10.739244
677	10.739244
678	10.739244
679	10.739244
680	10.739244
681	10.739244
682	10.739244
683	10.739244
684	10.739244
685	10.739244
686	10.739244
687	10.739244
688	10.739244
689	10.739244
690	10.739244
691	10.739244
692	10.739244
693	10.739244
694	10.739244
695	10.739244
696	10.739244
697	10.739244
698	10.739244
699	10.739244
700	10.739244
701	10.739244
702	10.739244
703	10.739244
704	10.739244
705	10.739244
706	10.739244
707	10.739244
708	10.739244
709	10.739244
710	10.739244
711	10.739244
712	10.739244
713	10.739244
714	10.739244
715	10.739244
716	10.739244
717	10.739244
718	10.739244
719	10.739244
720	10.739244
721	10.739244
722	10.739244
723	10.739244
724	10.739244
725	10.739244
726	10.739244
727	10.739244
728	10.739244
729	10.739244
730	10.739244
731	10.739244
732	10.739244
733	10.739244
734	10.739244
735	10.739244
736	10.739244
737	10.739244
738	10.739244
739	10.739244
740	10.739244
741	10.739244
742	10.739244
743	10.739244
744	10.739244
745	10.739244
746	10.739244
747	10.739244
748	10.739244
749	10.739244
750	10.739244
751	10.739244
752	10.739244
753	10.739244
754	10.739244
755	10.739244
756	10.739244
757	10.739244
758	10.739244
759	10.739244
760	10.739244
761	10.739244
762	10.739244
763	10.739244
764	10.739244
765	10.739244
766	10.739244
767	10.739244
768	10.739244
769	10.739244
770	10.739244
771	10.739244
772	10.739244
773	10.739244
774	10.739244
775	10.739244
776	10.739244
777	10.739244
778	10.739244
779	10.739244
780	10.739244
781	10.739244
782	10.739244
783	10.739244
784	10.739244
785	10.739244
786	10.739244
787	10.739244
788	10.739244
789	10.739244
790	10.739244
791	10.739244
792	10.739244
793	10.739244
794	10.770247
795	10.770247
796	10.770247
797	10.770247
798	10.770247
799	10.770247
800	10.770247
801	10.770247
802	10.770247
803	10.770247
804	10.770247
805	10.770247
806	10.770247
807	10.770247
808	10.770247
809	10.770247
810	10.770247
811	10.770247
812	10.770247
813	10.770247
814	10.770247
815	10.770247
816	10.770247
817	10.796665
818	10.796665
819	10.796665
820	10.796665
821	10.796665
822	10.796665
823	10.796665
824	10.796665
825	10.796665
826	10.796665
827	10.796665
828	10.796665
829	10.796665
830	10.796665
831	10.796665
832	10.796665
833	10.796665
834	10.796665
835	10.796665
836	10.796665
837	10.796665
838	10.796665
839	10.796665
840	10.796665
841	10.796665
842	10.796665
843	10.796665
844	10.796665
845	10.796665
846	10.796665
847	10.796665
848	10.796665
849	10.796665
850	10.796665
851	10.796665
852	10.796665
853	10.796665
854	10.796665
855	10.796665
856	10.796665
857	10.796665
858	10.796665
859	10.796665
860	10.796665
861	10.796665
862	10.796665
863	10.796665
864	10.796665
865	10.796665
866	10.796665
867	10.796665
868	10.796665
869	10.796665
870	10.796665
871	10.796665
872	10.796665
873	10.796665
874	10.796665
875	10.796665
876	10.796665
877	10.796665
878	10.796665
879	10.796665
880	10.796665
881	10.796665
882	10.796665
883	10.796665
884	10.796665
885	10.796665
886	10.796665
887	10.796665
888	10.796665
889	10.796665
890	10.796665
891	10.796665
892	10.796665
893	10.796665
894	10.796665
895	10.796665
896	10.796665
897	10.796665
898	10.796665
899	10.796665
900	10.796665
901	10.796665
902	10.796665
903	10.796665
904	10.796665
905	10.796665
906	10.796665
907	10.796665
908	10.796665
909	10.796665
910	10.796665
911	10.796665
912	10.796665
913	10.796665
914	10.796665
915	10.796665
916	10.796665
917	10.796665
918	10.796665
919	10.796665
920	10.796665
921	10.796665
922	10.796665
923	10.796665
924	10.796665
925	10.796665
926	10.796665
927	10.796665
928	10.796665
929	10.796665
930	10.796665
931	10.796665
932	10.796665
933	10.796665
934	10.796665
935	10.796665
936	10.796665
937	10.796665
938	10.796665
939	10.796665
940	10.796665
941	10.796665
942	10.796665
943	10.796665
944	10.796665
945	10.796665
946	10.796665
947	10.796665
948	10.796665
949	10.796665
950	10.796665
951	10.796665
952	10.796665
953	10.796665
954	10.796665
955	10.796665
956	10.796665
957	10.796665
958	10.796665
959	10.796665
960	10.796665
961	10.796665
962	10.796665
963	10.796665
964	10.796665
965	10.796665
966	10.796665
967	10.796665
968	10.796665
969	10.796665
970	10.796665
971	10.796665
972	10.796665
973	10.796665
974	10.796665
975	10.796665
976	10.796665
977	10.796665
978	10.796665
979	10.796665
980	10.796665
981	10.796665
982	10.796665
983	10.796665
984	10.796665
985	10.796665
986	10.796665
987	10.796665
988	10.796665
989	10.796665
990	10.796665
991	10.796665
992	10.796665
993	10.796665
994	10.796665
995	10.796665
996	10.796665
997	10.796665
998	10.796665
999	10.796665
1000	10.796665
1001	10.796665
1002	10.796665
1003	10.796665
1004	10.796665
1005	10.796665
1006	10.796665
1007	10.796665
1008	10.796665
1009	10.796665
1010	10.796665
1011	10.796665
1012	10.796665
1013	10.796665
1014	10.796665
1015	10.796665
1016	10.796665
1017	10.796665
1018	10.796665
1019	10.796665
1020	10.796665
1021	10.796665
1022	10.796665
1023	10.796665
1024	10.796665
1025	10.796665
1026	10.796665
1027	10.796665
1028	10.796665
1029	10.796665
1030	10.796665
1031	10.796665
1032	10.796665
1033	10.796665
1034	10.796665
1035	10.796665
1036	10.796665
1037	10.796665
1038	10.796665
1039	10.796665
1040	10.796665
1041	10.796665
1042	10.796665
1043	10.796665
1044	10.796665
1045	10.796665
1046	10.796665
1047	10.796665
1048	10.796665
1049	10.796665
1050	10.796665
1051	10.796665
1052	10.796665
1053	10.796665
1054	10.796665
1055	10.796665
1056	10.796665
1057	10.796665
1058	10.796665
1059	10.796665
1060	10.796665
1061	10.796665
1062	10.796665
1063	10.796665
1064	10.796665
1065	10.796665
1066	10.796665
1067	10.796665
1068	10.796665
1069	10.796665
1070	10.796665
1071	10.796665
1072	10.796665
1073	10.796665
1074	10.796665
1075	10.796665
1076	10.796665
1077	10.796665
1078	10.796665
1079	10.796665
1080	10.796665
1081	10.796665
1082	10.796665
1083	10.796665
1084	10.796665
1085	10.796665
1086	10.796665
1087	10.796665
1088	10.796665
1089	10.796665
1090	10.796665
1091	10.796665
1092	10.796665
1093	10.796665
1094	10.796665
1095	10.796665
1096	10.796665
1097	10.796665
1098	10.796665
1099	10.796665
1100	10.796665
1101	10.796665
1102	10.796665
1103	10.796665
1104	10.796665
1105	10.796665
1106	10.796665
1107	10.796665
1108	10.796665
1109	10.796665
1110	10.796665
1111	10.796665
1112	10.796665
1113	10.796665
1114	10.796665
1115	10.796665
1116	10.796665
1117	10.796665
1118	10.796665
1119	10.796665
1120	10.796665
1121	10.796665
1122	10.796665
1123	10.796665
1124	10.796665
1125	10.796665
1126	10.796665
1127	10.796665
1128	10.796665
1129	10.796665
1130	10.796665
1131	10.796665
1132	10.796665
1133	10.796665
1134	10.796665
1135	10.796665
1136	10.796665
1137	10.796665
1138	10.796665
1139	10.796665
1140	10.796665
1141	10.796665
1142	10.796665
1143	10.796665
1144	10.796665
1145	10.796665
1146	10.796665
1147	10.796665
1148	10.796665
1149	10.796665
1150	10.796665
1151	10.796665
1152	10.796665
1153	10.796665
1154	10.796665
1155	10.796665
1156	10.796665
1157	10.796665
1158	10.796665
1159	10.796665
1160	10.796665
1161	10.796665
1162	10.796665
1163	10.796665
1164	10.796665
1165	10.796665
1166	10.796665
1167	10.796665
1168	10.796665
1169	10.796665
1170	10.796665
1171	10.796665
1172	10.796665
1173	10.796665
1174	10.796665
1175	10.796665
1176	10.796665
1177	10.796665
1178	10.796665
1179	10.796665
1180	10.796665
1181	10.796665
1182	10.796665
1183	10.796665
1184	10.796665
1185	10.796665
1186	10.796665
1187	10.796665
1188	10.796665
1189	10.796665
1190	10.796665
1191	10.796665
1192	10.796665
1193	10.796665
1194	10.796665
1195	10.796665
1196	10.796665
1197	10.796665
1198	10.796665
1199	10.796665
1200	10.796665
1201	10.796665
1202	10.796665
1203	10.796665
1204	10.796665
1205	10.796665
1206	10.796665
1207	10.796665
1208	10.796665
1209	10.796665
1210	10.796665
1211	10.796665
1212	10.796665
1213	10.796665
1214	10.796665
1215	10.796665
1216	10.796665
1217	10.796665
1218	10.796665
1219	10.796665
1220	10.796665
1221	10.796665
1222	10.796665
1223	10.796665
1224	10.796665
1225	10.796665
1226	10.796665
1227	10.796665
1228	10.796665
1229	10.796665
1230	10.796665
1231	10.796665
1232	10.796665
1233	10.796665
1234	10.796665
1235	10.796665
1236	10.796665
1237	10.796665
1238	10.796665
1239	10.796665
1240	10.796665
1241	10.796665
1242	10.796665
1243	10.796665
1244	10.796665
1245	10.796665
1246	10.796665
1247	10.796665
1248	10.796665
1249	10.796665
1250	10.796665
1251	10.796665
1252	10.796665
1253	10.796665
1254	10.796665
1255	10.796665
1256	10.796665
1257	10.796665
1258	10.796665
1259	10.796665
1260	10.796665
1261	10.796665
1262	10.796665
1263	10.796665
1264	10.796665
1265	10.796665
1266	10.796665
1267	10.796665
1268	10.796665
1269	10.796665
1270	10.796665
1271	10.796665
1272	10.796665
1273	10.796665
1274	10.796665
1275	10.796665
1276	10.796665
1277	10.796665
1278	10.796665
1279	10.796665
1280	10.796665
1281	10.796665
1282	10.796665
1283	10.796665
1284	10.796665
1285	10.796665
1286	10.796665
1287	10.796665
1288	10.796665
1289	10.796665
1290	10.796665
1291	10.796665
1292	10.796665
1293	10.796665
1294	10.796665
1295	10.796665
1296	10.796665
1297	10.796665
1298	10.796665
1299	10.796665
1300	10.796665
1301	10.796665
1302	10.796665
1303	10.796665
1304	10.796665
1305	10.796665
1306	10.796665
1307	10.796665
1308	10.796665
1309	10.796665
1310	10.796665
1311	10.796665
1312	10.796665
1313	10.796665
1314	10.796665
1315	10.796665
1316	10.796665
1317	10.796665
1318	10.796665
1319	10.796665
1320	10.796665
1321	10.796665
1322	10.796665
1323	10.796665
1324	10.796665
1325	10.796665
1326	10.796665
1327	10.796665
1328	10.796665
1329	10.796665
1330	10.796665
1331	10.796665
1332	10.796665
1333	10.796665
1334	10.796665
1335	10.796665
1336	10.796665
1337	10.796665
1338	10.796665
1339	10.796665
1340	10.796665
1341	10.796665
1342	10.796665
1343	10.796665
1344	10.796665
1345	10.796665
1346	10.796665
1347	10.796665
1348	10.796665
1349	10.796665
1350	10.796665
1351	10.796665
1352	10.796665
1353	10.796665
1354	10.796665
1355	10.796665
1356	10.796665
1357	10.796665
1358	10.796665
1359	10.796665
1360	10.796665
1361	10.796665
1362	10.796665
1363	10.796665
1364	10.796665
1365	10.796665
1366	10.796665
1367	10.796665
1368	10.796665
1369	10.796665
1370	10.796665
1371	10.796665
1372	10.796665
1373	10.796665
1374	10.796665
1375	10.796665
1376	10.796665
1377	10.796665
1378	10.796665
1379	10.796665
1380	10.796665
1381	10.796665
1382	10.796665
1383	10.796665
1384	10.796665
1385	10.796665
1386	10.796665
1387	10.796665
1388	10.796665
1389	10.796665
1390	10.796665
1391	10.796665
1392	10.796665
1393	10.796665
1394	10.796665
1395	10.796665
1396	10.796665
1397	10.796665
1398	10.796665
1399	10.796665
1400	10.796665
1401	10.796665
1402	10.796665
1403	10.796665
1404	10.796665
1405	10.796665
1406	10.796665
1407	10.796665
1408	10.796665
1409	10.796665
1410	10.796665
1411	10.796665
1412	10.796665
1413	10.796665
1414	10.796665
1415	10.796665
1416	10.796665
1417	10.796665
1418	10.796665
1419	10.796665
1420	10.796665
1421	10.796665
1422	10.796665
1423	10.796665
1424	10.796665
1425	10.796665
1426	10.796665
1427	10.796665
1428	10.796665
1429	10.796665
1430	10.796665
1431	10.796665
1432	10.796665
1433	10.796665
1434	10.796665
1435	10.796665
1436	10.796665
1437	10.796665
1438	10.796665
1439	10.796665
1440	10.796665
1441	10.796665
1442	10.796665
1443	10.796665
1444	10.796665
1445	10.796665
1446	10.796665
1447	10.796665
1448	10.796665
1449	10.796665
1450	10.796665
1451	10.796665
1452	10.796665
1453	10.796665
1454	10.796665
1455	10.796665
1456	10.796665
1457	10.796665
1458	10.796665
1459	10.796665
1460	10.796665
1461	10.796665
1462	10.796665
1463	10.796665
1464	10.796665
1465	10.796665
1466	10.796665
1467	10.796665
1468	10.796665
1469	10.796665
1470	10.796665
1471	10.796665
1472	10.796665
1473	10.796665
1474	10.796665
1475	10.796665
1476	10.796665
1477	10.796665
1478	10.796665
1479	10.796665
1480	10.796665
1481	10.796665
1482	10.796665
1483	10.796665
1484	10.796665
1485	10.796665
1486	10.796665
1487	10.796665
1488	10.796665
1489	10.796665
1490	10.796665
1491	10.796665
1492	10.796665
1493	10.796665
1494	10.796665
1495	10.796665
1496	10.796665
1497	10.796665
1498	10.796665
1499	10.796665
1500	10.796665
1501	10.796665
1502	10.796665
1503	10.796665
1504	10.796665
1505	10.796665
1506	10.796665
1507	10.796665
1508	10.796665
1509	10.796665
1510	10.796665
1511	10.796665
1512	10.796665
1513	10.796665
1514	10.796665
1515	10.796665
1516	10.796665
1517	10.796665
1518	10.796665
1519	10.796665
1520	10.796665
1521	10.796665
1522	10.796665
1523	10.796665
1524	10.796665
1525	10.796665
1526	10.796665
1527	10.796665
1528	10.796665
1529	10.796665
1530	10.796665
1531	10.796665
1532	10.796665
1533	10.796665
1534	10.796665
1535	10.796665
1536	10.796665
1537	10.796665
1538	10.796665
1539	10.796665
1540	10.796665
1541	10.796665
1542	10.796665
1543	10.796665
1544	10.796665
1545	10.796665
1546	10.796665
1547	10.796665
1548	10.796665
1549	10.796665
1550	10.796665
1551	10.796665
1552	10.796665
1553	10.796665
1554	10.796665
1555	10.796665
1556	10.796665
1557	10.796665
1558	10.796665
1559	10.796665
1560	10.796665
1561	10.796665
1562	10.796665
1563	10.796665
1564	10.796665
1565	10.796665
1566	10.796665
1567	10.796665
1568	10.796665
1569	10.796665
1570	10.796665
1571	10.796665
1572	10.796665
1573	10.796665
1574	10.796665
1575	10.796665
1576	10.796665
1577	10.796665
1578	10.796665
1579	10.796665
1580	10.796665
1581	10.796665
1582	10.796665
1583	10.796665
1584	10.796665
1585	10.796665
1586	10.796665
1587	10.796665
1588	10.796665
1589	10.796665
1590	10.796665
1591	10.796665
1592	10.864723
1593	10.864723
1594	10.864723
1595	10.864723
1596	10.864723
1597	10.864723
1598	10.864723
1599	10.864723
1600	10.864723
1601	10.864723
1602	10.864723
1603	10.864723
1604	10.864723
1605	10.864723
1606	10.864723
1607	10.864723
1608	10.864723
1609	10.864723
1610	10.864723
1611	10.864723
1612	10.864723
1613	10.864723
1614	10.864723
1615	10.864723
1616	10.864723
1617	10.864723
1618	10.864723
1619	10.864723
1620	10.864723
1621	10.864723
1622	10.864723
1623	10.864723
1624	10.864723
1625	10.864723
1626	10.864723
1627	10.864723
1628	10.864723
1629	10.864723
1630	10.864723
1631	10.864723
1632	10.864723
1633	10.864723
1634	10.864723
1635	10.864723
1636	10.864723
1637	10.864723
1638	10.864723
1639	10.864723
1640	10.864723
1641	10.864723
1642	10.864723
1643	10.864723
1644	10.864723
1645	10.864723
1646	10.864723
1647	10.864723
1648	10.864723
1649	10.864723
1650	10.864723
1651	10.864723
1652	10.864723
1653	10.864723
1654	10.864723
1655	10.864723
1656	10.864723
1657	10.864723
1658	10.864723
1659	10.864723
1660	10.864723
1661	10.864723
1662	10.864723
1663	10.864723
1664	10.864723
1665	10.864723
1666	10.864723
1667	10.864723
1668	10.864723
1669	10.864723
1670	10.864723
1671	10.864723
1672	10.864723
1673	10.864723
1674	10.864723
1675	10.864723
1676	10.864723
1677	10.864723
1678	10.864723
1679	10.864723
1680	10.864723
1681	10.864723
1682	10.864723
1683	10.864723
1684	10.864723
1685	10.864723
1686	10.864723
1687	10.864723
1688	10.864723
1689	10.864723
1690	10.864723
1691	10.864723
1692	10.864723
1693	10.864723
1694	10.864723
1695	10.864723
1696	10.864723
1697	10.864723
1698	10.864723
1699	10.864723
1700	10.864723
1701	10.864723
1702	10.864723
1703	10.864723
1704	10.864723
1705	10.864723
1706	10.864723
1707	10.864723
1708	10.864723
1709	10.864723
1710	10.864723
1711	10.864723
1712	10.864723
1713	10.864723
1714	10.864723
1715	10.864723
1716	10.864723
1717	10.864723
1718	10.864723
1719	10.864723
1720	10.864723
1721	10.864723
1722	10.864723
1723	10.864723
1724	10.864723
1725	10.864723
1726	10.864723
1727	10.864723
1728	10.864723
1729	10.864723
1730	10.864723
1731	10.864723
1732	10.864723
1733	10.864723
1734	10.864723
1735	10.864723
1736	10.864723
1737	10.864723
1738	10.864723
1739	10.864723
1740	10.864723
1741	10.864723
1742	10.864723
1743	10.864723
1744	10.864723
1745	10.864723
1746	10.864723
1747	10.864723
1748	10.864723
1749	10.864723
1750	10.864723
1751	10.864723
1752	10.864723
1753	10.864723
1754	10.864723
1755	10.864723
1756	10.864723
1757	10.864723
1758	10.864723
1759	10.864723
1760	10.864723
1761	10.864723
1762	10.864723
1763	10.864723
1764	10.864723
1765	10.864723
1766	10.864723
1767	10.864723
1768	10.864723
1769	10.864723
1770	10.864723
1771	10.864723
1772	10.864723
1773	10.864723
1774	10.864723
1775	10.864723
1776	10.864723
1777	10.864723
1778	10.864723
1779	10.864723
1780	10.864723
1781	10.864723
1782	10.864723
1783	10.864723
1784	10.864723
1785	10.864723
1786	10.864723
1787	10.864723
1788	10.864723
1789	10.864723
1790	10.864723
1791	10.864723
1792	10.864723
1793	10.864723
1794	10.864723
1795	10.864723
1796	10.864723
1797	10.864723
1798	10.864723
1799	10.864723
1800	10.864723
1801	10.864723
1802	10.864723
1803	10.864723
1804	10.864723
1805	10.864723
1806	10.864723
1807	10.864723
1808	10.864723
1809	10.864723
1810	10.864723
1811	10.864723
1812	10.864723
1813	10.864723
1814	10.864723
1815	10.864723
1816	10.864723
1817	10.864723
1818	10.864723
1819	10.864723
1820	10.864723
1821	10.864723
1822	10.864723
1823	10.864723
1824	10.864723
1825	10.864723
1826	10.864723
1827	10.864723
1828	10.864723
1829	10.864723
1830	10.864723
1831	10.864723
1832	10.864723
1833	10.864723
1834	10.864723
1835	10.864723
1836	10.864723
1837	10.864723
1838	10.864723
1839	10.864723
1840	10.864723
1841	10.864723
1842	10.864723
1843	10.864723
1844	10.864723
1845	10.864723
1846	10.864723
1847	10.864723
1848	10.864723
1849	10.864723
1850	10.864723
1851	10.864723
1852	10.864723
1853	10.864723
1854	10.864723
1855	10.864723
1856	10.864723
1857	10.864723
1858	10.864723
1859	10.864723
1860	10.864723
1861	10.864723
1862	10.864723
1863	10.864723
1864	10.864723
1865	10.864723
1866	10.864723
1867	10.864723
1868	10.864723
1869	10.864723
1870	10.864723
1871	10.864723
1872	10.864723
1873	10.864723
1874	10.864723
1875	10.864723
1876	10.864723
1877	10.864723
1878	10.864723
1879	10.864723
1880	10.864723
1881	10.864723
1882	10.864723
1883	10.864723
1884	10.864723
1885	10.864723
1886	10.864723
1887	10.864723
1888	10.864723
1889	10.864723
1890	10.864723
1891	10.864723
1892	10.864723
1893	10.864723
1894	10.864723
1895	10.864723
1896	10.864723
1897	10.864723
1898	10.864723
1899	10.864723
1900	10.864723
1901	10.864723
1902	10.864723
1903	10.864723
1904	10.864723
1905	10.864723
1906	10.864723
1907	10.864723
1908	10.864723
1909	10.864723
1910	10.864723
1911	10.864723
1912	10.864723
1913	10.864723
1914	10.864723
1915	10.864723
1916	10.864723
1917	10.864723
1918	10.864723
1919	10.864723
1920	10.864723
1921	10.864723
1922	10.864723
1923	10.864723
1924	10.864723
1925	10.864723
1926	10.864723
1927	10.864723
1928	10.864723
1929	10.864723
1930	10.864723
1931	10.864723
1932	10.864723
1933	10.864723
1934	10.864723
1935	10.864723
1936	10.864723
1937	10.864723
1938	10.864723
1939	10.864723
1940	10.864723
1941	10.864723
1942	10.864723
1943	10.864723
1944	10.864723
1945	10.864723
1946	10.864723
1947	10.864723
1948	10.864723
1949	10.864723
1950	10.864723
1951	10.864723
1952	10.864723
1953	10.864723
1954	10.864723
1955	10.864723
1956	10.864723
1957	10.864723
1958	10.864723
1959	10.864723
1960	10.864723
1961	10.864723
1962	10.864723
1963	10.864723
1964	10.864723
1965	10.864723
1966	10.864723
1967	10.864723
1968	10.864723
1969	10.864723
1970	10.864723
1971	10.864723
1972	10.864723
1973	10.864723
1974	10.864723
1975	10.864723
1976	10.864723
1977	10.864723
1978	10.864723
1979	10.864723
1980	10.864723
1981	10.864723
1982	10.864723
1983	10.864723
1984	10.864723
1985	10.864723
1986	10.864723
1987	10.864723
1988	10.864723
1989	10.864723
1990	10.864723
1991	10.864723
1992	10.864723
1993	10.864723
1994	10.864723
1995	10.864723
1996	10.864723
1997	10.864723
1998	10.864723
1999	10.864723
2000	10.864723
2001	10.864723
2002	10.864723
2003	10.864723
2004	10.864723
2005	10.864723
2006	10.864723
2007	10.864723
2008	10.864723
2009	10.864723
2010	10.864723
2011	10.864723
2012	10.864723
2013	10.864723
2014	10.864723
2015	10.864723
2016	10.864723
2017	10.864723
2018	10.864723
2019	10.864723
2020	10.864723
2021	10.864723
2022	10.864723
2023	10.864723
2024	10.864723
2025	10.864723
2026	10.864723
2027	10.864723
2028	10.864723
2029	10.864723
2030	10.864723
2031	10.864723
2032	10.864723
2033	10.864723
2034	10.864723
2035	10.864723
2036	10.864723
2037	10.864723
2038	10.864723
2039	10.864723
2040	10.864723
2041	10.864723
2042	10.864723
2043	10.864723
2044	10.864723
2045	10.864723
2046	10.864723
2047	10.864723
2048	10.864723
2049	10.864723
2050	10.864723
2051	10.864723
2052	10.864723
2053	10.864723
2054	10.864723
2055	10.864723
2056	10.864723
2057	10.864723
2058	10.864723
2059	10.864723
2060	10.864723
2061	10.864723
2062	10.864723
2063	10.864723
2064	10.864723
2065	10.864723
2066	10.864723
2067	10.864723
2068	10.864723
2069	10.864723
2070	10.864723
2071	10.864723
2072	10.864723
2073	10.864723
2074	10.864723
2075	10.864723
2076	10.864723
2077	10.864723
2078	10.864723
2079	10.864723
2080	10.864723
2081	10.864723
2082	10.864723
2083	10.864723
2084	10.864723
2085	10.864723
2086	10.864723
2087	10.864723
2088	10.864723
2089	10.864723
2090	10.864723
2091	10.864723
2092	10.864723
2093	10.864723
2094	10.864723
2095	10.864723
2096	10.864723
2097	10.864723
2098	10.864723
2099	10.864723
2100	10.864723
2101	10.864723
2102	10.864723
2103	10.864723
2104	10.864723
2105	10.864723
2106	10.864723
2107	10.864723
2108	10.864723
2109	10.864723
2110	10.864723
2111	10.864723
2112	10.864723
2113	10.864723
2114	10.864723
2115	10.864723
2116	10.864723
2117	10.864723
2118	10.864723
2119	10.864723
2120	10.864723
2121	10.864723
2122	10.864723
2123	10.864723
2124	10.864723
2125	10.864723
2126	10.864723
2127	10.864723
2128	10.864723
2129	10.864723
2130	10.864723
2131	10.864723
2132	10.864723
2133	10.864723
2134	10.864723
2135	10.864723
2136	10.864723
2137	10.864723
2138	10.864723
2139	10.864723
2140	10.864723
2141	10.864723
2142	10.864723
2143	10.864723
2144	10.864723
2145	10.864723
2146	10.864723
2147	10.864723
2148	10.864723
2149	10.864723
2150	10.864723
2151	10.864723
2152	10.864723
2153	10.864723
2154	10.864723
2155	10.864723
2156	10.864723
2157	10.864723
2158	10.864723
2159	10.864723
2160	10.864723
2161	10.864723
2162	10.864723
2163	10.864723
2164	10.864723
2165	10.864723
2166	10.864723
2167	10.864723
2168	10.864723
2169	10.864723
2170	10.864723
2171	10.864723
2172	10.864723
2173	10.864723
2174	10.864723
2175	10.864723
2176	10.864723
2177	10.864723
2178	10.864723
2179	10.864723
2180	10.864723
2181	10.864723
2182	10.864723
2183	10.864723
2184	10.864723
2185	10.864723
2186	10.864723
2187	10.864723
2188	10.864723
2189	10.864723
2190	10.864723
2191	10.864723
2192	10.864723
2193	10.864723
2194	10.864723
2195	10.864723
2196	10.864723
2197	10.864723
2198	10.864723
2199	10.864723
2200	10.864723
2201	10.864723
2202	10.864723
2203	10.864723
2204	10.864723
2205	10.864723
2206	10.864723
2207	10.864723
2208	10.864723
2209	10.864723
2210	10.864723
2211	10.864723
2212	10.864723
2213	10.864723
2214	10.864723
2215	10.864723
2216	10.864723
2217	10.864723
2218	10.864723
2219	10.864723
2220	10.864723
2221	10.864723
2222	10.864723
2223	10.864723
2224	10.864723
2225	10.864723
2226	10.864723
2227	10.864723
2228	10.864723
2229	10.864723
2230	10.864723
2231	10.864723
2232	10.864723
2233	10.864723
2234	10.864723
2235	10.864723
2236	10.864723
2237	10.864723
2238	10.864723
2239	10.864723
2240	10.864723
2241	10.864723
2242	10.864723
2243	10.864723
2244	10.864723
2245	10.864723
2246	10.864723
2247	10.864723
2248	10.864723
2249	10.864723
2250	10.864723
2251	10.864723
2252	10.864723
2253	10.864723
2254	10.864723
2255	10.864723
2256	10.864723
2257	10.864723
2258	10.864723
2259	10.864723
2260	10.864723
2261	10.864723
2262	10.864723
2263	10.864723
2264	10.864723
2265	10.864723
2266	10.864723
2267	10.864723
2268	10.864723
2269	10.864723
2270	10.864723
2271	10.864723
2272	10.864723
2273	10.864723
2274	10.864723
2275	10.864723
2276	10.864723
2277	10.864723
2278	10.864723
2279	10.864723
2280	10.864723
2281	10.864723
2282	10.864723
2283	10.864723
2284	10.864723
2285	10.864723
2286	10.864723
2287	10.864723
2288	10.864723
2289	10.864723
2290	10.864723
2291	10.864723
2292	10.864723
2293	10.864723
2294	10.864723
2295	10.864723
2296	10.864723
2297	10.864723
2298	10.864723
2299	10.864723
2300	10.864723
2301	10.864723
2302	10.864723
2303	10.864723
2304	10.864723
2305	10.864723
2306	10.864723
2307	10.864723
2308	10.864723
2309	10.864723
2310	10.864723
2311	10.864723
2312	10.864723
2313	10.864723
2314	10.864723
2315	10.864723
2316	10.864723
2317	10.864723
2318	10.864723
2319	10.864723
2320	10.864723
2321	10.864723
2322	10.864723
2323	10.864723
2324	10.864723
2325	10.864723
2326	10.864723
2327	10.864723
2328	10.864723
2329	10.864723
2330	10.864723
2331	10.864723
2332	10.864723
2333	10.864723
2334	10.864723
2335	10.864723
2336	10.864723
2337	10.864723
2338	10.864723
2339	10.864723
2340	10.864723
2341	10.864723
2342	10.864723
2343	10.864723
2344	10.864723
2345	10.864723
2346	10.864723
2347	10.864723
2348	10.864723
2349	10.864723
2350	10.864723
2351	10.864723
2352	10.864723
2353	10.864723
2354	10.864723
2355	10.864723
2356	10.864723
2357	10.864723
2358	10.864723
2359	10.864723
2360	10.864723
2361	10.864723
2362	10.864723
2363	10.864723
2364	10.864723
2365	10.864723
2366	10.864723
2367	10.864723
2368	10.864723
2369	10.864723
2370	10.864723
2371	10.864723
2372	10.864723
2373	10.864723
2374	10.864723
2375	10.864723
2376	10.864723
2377	10.864723
2378	10.864723
2379	10.864723
2380	10.864723
2381	10.864723
2382	10.864723
2383	10.864723
2384	10.864723
2385	10.864723
2386	10.864723
2387	10.864723
2388	10.864723
2389	10.864723
2390	10.864723
2391	10.864723
2392	10.864723
2393	10.864723
2394	10.864723
2395	10.864723
2396	10.864723
2397	10.864723
2398	10.864723
2399	10.864723
2400	10.864723
2401	10.864723
2402	10.864723
2403	10.864723
2404	10.864723
2405	10.864723
2406	10.864723
2407	10.864723
2408	10.864723
2409	10.864723
2410	10.864723
2411	10.864723
2412	10.864723
2413	10.864723
2414	10.864723
2415	10.864723
2416	10.864723
2417	10.864723
2418	10.864723
2419	10.864723
2420	10.864723
2421	10.864723
2422	10.864723
2423	10.864723
2424	10.864723
2425	10.864723
2426	10.864723
2427	10.864723
2428	10.864723
2429	10.864723
2430	10.864723
2431	10.864723
2432	10.864723
2433	10.864723
2434	10.864723
2435	10.864723
2436	10.864723
2437	10.864723
2438	10.864723
2439	10.864723
2440	10.864723
2441	10.864723
2442	10.864723
2443	10.864723
2444	10.864723
2445	10.864723
2446	10.864723
2447	10.864723
2448	10.864723
2449	10.864723
2450	10.864723
2451	10.864723
2452	10.864723
2453	10.864723
2454	10.864723
2455	10.864723
2456	10.864723
2457	10.864723
2458	10.864723
2459	10.864723
2460	10.864723
2461	10.864723
2462	10.864723
2463	10.864723
2464	10.864723
2465	10.864723
2466	10.864723
2467	10.864723
2468	10.864723
2469	10.864723
2470	10.864723
2471	10.864723
2472	10.864723
2473	10.864723
2474	10.864723
2475	10.864723
2476	10.864723
2477	10.864723
2478	10.864723
2479	10.864723
2480	10.864723
2481	10.864723
2482	10.864723
2483	10.864723
2484	10.864723
2485	10.864723
2486	10.864723
2487	10.864723
2488	10.864723
2489	10.864723
2490	10.864723
2491	10.864723
2492	10.864723
2493	10.864723
2494	10.864723
2495	10.864723
2496	10.864723
2497	10.864723
2498	10.864723
2499	10.864723
2500	10.864723
2501	10.864723
2502	10.864723
2503	10.864723
2504	10.864723
2505	10.864723
2506	10.864723
2507	10.864723
2508	10.864723
2509	10.864723
2510	10.864723
2511	10.864723
2512	10.864723
2513	10.864723
2514	10.864723
2515	10.864723
2516	10.864723
2517	10.864723
2518	10.864723
2519	10.864723
2520	10.864723
2521	10.864723
2522	10.864723
2523	10.864723
2524	10.864723
2525	10.864723
2526	10.864723
2527	10.864723
2528	10.864723
2529	10.864723
2530	10.864723
2531	10.864723
2532	10.864723
2533	10.864723
2534	10.864723
2535	10.864723
2536	10.864723
2537	10.864723
2538	10.864723
2539	10.864723
2540	10.864723
2541	10.864723
2542	10.864723
2543	10.864723
2544	10.864723
2545	10.864723
2546	10.864723
2547	10.864723
2548	10.864723
2549	10.864723
2550	10.864723
2551	10.864723
2552	10.864723
2553	10.864723
2554	10.864723
2555	10.864723
2556	10.864723
2557	10.864723
2558	10.864723
2559	10.864723
2560	10.864723
2561	10.864723
2562	10.864723
2563	10.864723
2564	10.864723
2565	10.864723
2566	10.864723
2567	10.864723
2568	10.864723
2569	10.864723
2570	10.864723
2571	10.864723
2572	10.864723
2573	10.864723
2574	10.864723
2575	10.864723
2576	10.864723
2577	10.864723
2578	10.864723
2579	10.864723
2580	10.864723
2581	10.864723
2582	10.864723
2583	10.864723
2584	10.864723
2585	10.864723
2586	10.864723
2587	10.864723
2588	10.864723
2589	10.864723
2590	10.864723
2591	10.864723
2592	10.864723
2593	10.864723
2594	10.864723
2595	10.864723
2596	10.864723
2597	10.864723
2598	10.864723
2599	10.864723
2600	10.864723
2601	10.864723
2602	10.864723
2603	10.864723
2604	10.864723
2605	10.864723
2606	10.864723
2607	10.864723
2608	10.864723
2609	10.864723
2610	10.864723
2611	10.864723
2612	10.864723
2613	10.864723
2614	10.864723
2615	10.864723
2616	10.864723
2617	10.864723
2618	10.864723
2619	10.864723
2620	10.864723
2621	10.864723
2622	10.864723
2623	10.864723
2624	10.864723
2625	10.864723
2626	10.864723
2627	10.864723
2628	10.864723
2629	10.864723
2630	10.864723
2631	10.864723
2632	10.864723
2633	10.864723
2634	10.864723
2635	10.864723
2636	10.864723
2637	10.864723
2638	10.864723
2639	10.864723
2640	10.864723
2641	10.864723
2642	10.864723
2643	10.864723
2644	10.864723
2645	10.864723
2646	10.864723
2647	10.864723
2648	10.864723
2649	10.864723
2650	10.864723
2651	10.864723
2652	10.864723
2653	10.864723
2654	10.864723
2655	10.864723
2656	10.864723
2657	10.864723
2658	10.864723
2659	10.864723
2660	10.864723
2661	10.864723
2662	10.864723
2663	10.864723
2664	10.864723
2665	10.864723
2666	10.864723
2667	10.864723
2668	10.864723
2669	10.864723
2670	10.864723
2671	10.864723
2672	10.864723
2673	10.864723
2674	10.864723
2675	10.864723
2676	10.864723
2677	10.864723
2678	10.864723
2679	10.864723
2680	10.864723
2681	10.864723
2682	10.864723
2683	10.864723
2684	10.864723
2685	10.864723
2686	10.864723
2687	10.864723
2688	10.864723
2689	10.864723
2690	10.864723
2691	10.864723
2692	10.864723
2693	10.864723
2694	10.864723
2695	10.864723
2696	10.864723
2697	10.864723
2698	10.864723
2699	10.864723
2700	10.864723
2701	10.864723
2702	10.864723
2703	10.864723
2704	10.864723
2705	10.864723
2706	10.864723
2707	10.864723
2708	10.864723
2709	10.864723
2710	10.864723
2711	10.864723
2712	10.864723
2713	10.864723
2714	10.864723
2715	10.864723
2716	10.864723
2717	10.864723
2718	10.864723
2719	10.864723
2720	10.864723
2721	10.864723
2722	10.864723
2723	10.864723
2724	10.864723
2725	10.864723
2726	10.864723
2727	10.864723
2728	10.864723
2729	10.864723
2730	10.864723
2731	10.864723
2732	10.864723
2733	10.864723
2734	10.864723
2735	10.864723
2736	10.864723
2737	10.864723
2738	10.864723
2739	10.864723
2740	10.864723
2741	10.864723
2742	10.864723
2743	10.864723
2744	10.864723
2745	10.864723
2746	10.864723
2747	10.864723
2748	10.864723
2749	10.864723
2750	10.864723
2751	10.864723
2752	10.864723
2753	10.864723
2754	10.864723
2755	10.864723
2756	10.864723
2757	10.864723
2758	10.864723
2759	10.864723
2760	10.864723
2761	10.864723
2762	10.864723
2763	10.864723
2764	10.864723
2765	10.864723
2766	10.864723
2767	10.864723
2768	10.864723
2769	10.864723
2770	10.864723
2771	10.864723
2772	10.864723
2773	10.864723
2774	10.864723
2775	10.864723
2776	10.864723
2777	10.864723
2778	10.864723
2779	10.864723
2780	10.864723
2781	10.864723
2782	10.864723
2783	10.864723
2784	10.864723
2785	10.864723
2786	10.864723
2787	10.864723
2788	10.864723
2789	10.864723
2790	10.864723
2791	10.864723
2792	10.864723
2793	10.864723
2794	10.864723
2795	10.864723
2796	10.864723
2797	10.864723
2798	10.864723
2799	10.864723
2800	10.864723
2801	10.864723
2802	10.864723
2803	10.864723
2804	10.864723
2805	10.864723
2806	10.864723
2807	10.864723
2808	10.864723
2809	10.864723
2810	10.864723
2811	10.864723
2812	10.864723
2813	10.864723
2814	10.864723
2815	10.864723
2816	10.864723
2817	10.864723
2818	10.864723
2819	10.864723
2820	10.864723
2821	10.864723
2822	10.864723
2823	10.864723
2824	10.864723
2825	10.864723
2826	10.864723
2827	10.864723
2828	10.864723
2829	10.864723
2830	10.864723
2831	10.864723
2832	10.864723
2833	10.864723
2834	10.864723
2835	10.864723
2836	10.864723
2837	10.864723
2838	10.864723
2839	10.864723
2840	10.864723
2841	10.864723
2842	10.864723
2843	10.864723
2844	10.864723
2845	10.864723
2846	10.864723
2847	10.864723
2848	10.864723
2849	10.864723
2850	10.864723
2851	10.864723
2852	10.864723
2853	10.864723
2854	10.864723
2855	10.864723
2856	10.864723
2857	10.864723
2858	10.864723
2859	10.864723
2860	10.864723
2861	10.864723
2862	10.864723
2863	10.864723
2864	10.864723
2865	10.864723
2866	10.864723
2867	10.864723
2868	10.864723
2869	10.864723
2870	10.864723
2871	10.864723
2872	10.864723
2873	10.864723
2874	10.864723
2875	10.864723
2876	10.864723
2877	10.864723
2878	10.864723
2879	10.864723
2880	10.864723
2881	10.864723
2882	10.864723
2883	10.864723
2884	10.864723
2885	10.864723
2886	10.864723
2887	10.864723
2888	10.864723
2889	10.864723
2890	10.864723
2891	10.864723
2892	10.864723
2893	10.864723
2894	10.864723
2895	10.864723
2896	10.864723
2897	10.864723
2898	10.864723
2899	10.864723
2900	10.864723
2901	10.864723
2902	10.864723
2903	10.864723
2904	10.864723
2905	10.864723
2906	10.864723
2907	10.864723
2908	10.864723
2909	10.864723
2910	10.864723
2911	10.864723
2912	10.864723
2913	10.864723
2914	10.864723
2915	10.864723
2916	10.864723
2917	10.864723
2918	10.864723
2919	10.864723
2920	10.864723
2921	10.864723
2922	10.864723
2923	10.864723
2924	10.864723
2925	10.864723
2926	10.864723
2927	10.864723
2928	10.864723
2929	10.864723
2930	10.864723
2931	10.864723
2932	10.864723
2933	10.864723
2934	10.864723
2935	10.864723
2936	10.864723
2937	10.864723
2938	10.864723
2939	10.864723
2940	10.864723
2941	10.864723
2942	10.864723
2943	10.864723
2944	10.864723
2945	10.864723
2946	10.864723
2947	10.864723
2948	10.864723
2949	10.864723
2950	10.864723
2951	10.864723
2952	10.864723
2953	10.864723
2954	10.864723
2955	10.864723
2956	10.864723
2957	10.864723
2958	10.864723
2959	10.864723
2960	10.864723
2961	10.864723
2962	10.864723
2963	10.864723
2964	10.864723
2965	10.864723
2966	10.864723
2967	10.864723
2968	10.864723
2969	10.864723
2970	10.864723
2971	10.864723
2972	10.864723
2973	10.864723
2974	10.864723
2975	10.864723
2976	10.864723
2977	10.864723
2978	10.864723
2979	10.864723
2980	10.864723
2981	10.864723
2982	10.864723
2983	10.864723
2984	10.864723
2985	10.864723
2986	10.864723
2987	10.864723
2988	10.864723
2989	10.864723
2990	10.864723
2991	10.864723
2992	10.864723
2993	10.864723
2994	10.864723
2995	10.864723
2996	10.864723
2997	10.864723
2998	10.864723
2999	10.864723
3000	10.864723
3001	10.864723
3002	10.864723
3003	10.864723
3004	10.864723
3005	10.864723
3006	10.864723
3007	10.864723
3008	10.864723
3009	10.864723
3010	10.864723
3011	10.864723
3012	10.864723
3013	10.864723
3014	10.864723
3015	10.864723
3016	10.864723
3017	10.864723
3018	10.864723
3019	10.864723
3020	10.864723
3021	10.864723
3022	10.864723
3023	10.864723
3024	10.864723
3025	10.864723
3026	10.864723
3027	10.864723
3028	10.864723
3029	10.864723
3030	10.864723
3031	10.864723
3032	10.864723
3033	10.864723
3034	10.864723
3035	10.864723
3036	10.864723
3037	10.864723
3038	10.864723
3039	10.864723
3040	10.864723
3041	10.864723
3042	10.864723
3043	10.864723
3044	10.864723
3045	10.864723
