1	6.65422
2	6.683563
3	6.683563
4	6.692593
5	6.696033
6	6.728989
7	6.758173
8	6.76462
9	6.71012
10	6.778656
11	6.9158
12	6.937574
13	6.981174
14	6.997932
15	7.068294
16	7.073169
17	7.076514
18	7.129002
19	7.132929
20	7.133758
21	7.237183
22	7.087838
23	7.087838
24	7.089234
25	7.051857
26	7.135629
27	7.135629
28	7.193973
29	7.215441
30	7.245983
31	7.296473
32	7.296473
33	7.38044
34	7.397831
35	7.388537
36	7.388537
37	7.391422
38	7.389348
39	7.511521
40	7.552628
41	7.554126
42	7.703886
43	7.703886
44	7.634361
45	7.634361
46	7.699415
47	7.699415
48	7.731145
49	7.757459
50	7.762253
51	7.762253
52	7.713199
53	7.738966
54	7.808366
55	7.800126
56	7.800126
57	7.963703
58	7.679278
59	7.824187
60	7.824187
61	7.823401
62	7.906309
63	7.971809
64	7.971809
65	7.976278
66	8.031179
67	8.031179
68	8.031179
69	8.031179
70	8.163752
71	8.169377
72	8.201286
73	8.201286
74	8.201286
75	8.201286
76	8.061744
77	8.075919
78	8.262503
79	8.260259
80	8.260259
81	8.267415
82	8.270855
83	8.274572
84	8.278792
85	8.284812
86	8.346302
87	8.290136
88	8.293157
89	8.280021
90	8.391318
91	8.391318
92	8.386095
93	8.415114
94	8.402563
95	8.402563
96	8.402563
97	8.465731
98	8.465731
99	8.469006
100	8.488211
101	8.488211
102	8.493122
103	8.493122
104	8.493122
105	8.493122
106	8.497262
107	8.497262
108	8.497262
109	8.363991
110	8.363991
111	8.345217
112	8.355921
113	8.357495
114	8.357495
115	8.449831
116	8.449831
117	8.670742
118	8.670742
119	8.670742
120	8.595624
121	8.595624
122	8.595624
123	8.4494
124	8.4494
125	8.482866
126	8.583919
127	8.583919
128	8.723931
129	8.638244
130	8.537843
131	8.614007
132	8.614007
133	8.819235
134	8.624233
135	8.525588
136	8.585001
137	8.630944
138	8.630944
139	8.630944
140	8.630944
141	8.73522
142	8.73522
143	8.73522
144	8.73522
145	8.310286
146	8.310286
147	7.921399
148	7.829103
149	7.864992
150	7.65003
151	7.673565
152	7.675178
153	7.685882
154	7.953702
155	7.924116
156	7.924116
157	7.964446
158	7.964446
159	7.994094
160	7.994094
161	7.852806
162	7.852806
163	7.860963
164	7.860963
165	7.904992
166	8.004264
167	7.705384
168	7.705384
169	7.705384
170	7.705384
171	7.705384
172	7.782934
173	7.478119
174	7.545127
175	7.545127
176	7.545127
177	7.521592
178	7.521592
179	7.521592
180	7.76524
181	7.833361
182	7.829098
183	7.804539
184	7.876043
185	7.853521
186	7.773318
187	7.984676
188	7.984676
189	8.079817
190	8.079817
191	8.079817
192	8.087895
193	8.385798
194	8.385798
195	8.839301
196	8.839301
197	8.839301
198	8.846466
199	8.852118
200	8.853272
201	8.853272
202	8.853272
203	8.853272
204	8.871892
205	8.871892
206	8.84291
207	8.84291
208	8.866445
209	8.866445
210	8.866445
211	8.769532
212	8.717648
213	8.717648
214	8.826695
215	8.754042
216	8.627496
217	8.615956
218	8.615956
219	8.636975
220	8.636975
221	8.636975
222	8.636975
223	8.790579
224	8.993179
225	8.993179
226	8.993179
227	9.183025
228	9.215064
229	9.215064
230	9.215064
231	9.215064
232	9.215064
233	9.215064
234	9.215064
235	8.863232
236	8.898304
237	9.22008
238	9.142708
239	9.142708
240	9.119173
241	9.119173
242	9.119173
243	9.119173
244	9.129116
245	9.129116
246	9.129116
247	9.152372
248	9.152372
249	9.132652
250	9.148509
251	9.148509
252	9.148509
253	9.120946
254	9.062635
255	9.037351
256	9.272873
257	9.479002
258	9.479002
259	9.479002
260	9.479002
261	9.479002
262	9.272873
263	9.272873
264	9.272873
265	9.142779
266	9.264268
267	9.4199
268	9.4199
269	9.4199
270	9.4199
271	9.4199
272	9.267784
273	9.267784
274	9.267784
275	9.267784
276	9.267784
277	9.155574
278	9.183084
279	9.183084
280	9.183084
281	9.183084
282	9.183084
283	9.183084
284	9.190824
285	9.190824
286	9.318378
287	9.473456
288	9.503301
289	9.503301
290	9.503301
291	9.503301
292	9.550464
293	9.487947
294	9.487947
295	9.487947
296	9.487947
297	9.487947
298	9.622551
299	9.665002
300	9.665002
301	9.665002
302	9.689242
303	9.689242
304	9.689242
305	9.689242
306	9.689242
307	9.559117
308	9.559117
309	9.658207
310	9.658207
311	9.658207
312	9.658207
313	9.658207
314	9.658207
315	9.717061
316	9.717061
317	9.548937
318	9.548937
319	9.548937
320	9.286456
321	9.380812
322	9.395822
323	9.395822
324	9.44245
325	9.44245
326	9.44245
327	9.470242
328	9.470242
329	9.470242
330	9.470242
331	9.470242
332	9.489313
333	9.489313
334	9.489313
335	9.489313
336	9.489313
337	9.489313
338	9.489313
339	9.489313
340	9.534896
341	9.400698
342	9.417702
343	9.417702
344	9.417702
345	9.417702
346	9.462491
347	9.462491
348	9.525655
349	9.479907
350	9.526672
351	9.526672
352	9.526672
353	9.548562
354	9.548562
355	9.548562
356	9.548562
357	9.548562
358	9.551964
359	9.797431
360	9.797431
361	9.797431
362	9.797431
363	9.79365
364	9.810375
365	9.810375
366	9.814156
367	9.814156
368	9.745501
369	9.745501
370	9.745501
371	9.802602
372	9.802602
373	9.802602
374	9.802602
375	9.801477
376	9.90539
377	10.010363
378	10.010363
379	10.010363
380	10.099238
381	10.088094
382	10.088094
383	10.088094
384	10.088094
385	10.088094
386	10.088094
387	10.088094
388	10.066204
389	10.066204
390	10.027254
391	10.027254
392	10.027254
393	10.051401
394	10.051401
395	10.051401
396	10.051401
397	10.051401
398	10.051401
399	10.051401
400	10.051401
401	10.051401
402	10.051401
403	10.051401
404	10.051401
405	10.063776
406	10.063776
407	10.063776
408	10.063776
409	10.063776
410	10.063776
411	10.063776
412	10.063776
413	10.063776
414	10.063776
415	10.063776
416	10.063776
417	10.063776
418	10.063776
419	10.063776
420	10.063776
421	10.063776
422	10.063776
423	10.063776
424	10.063776
425	10.063776
426	10.063776
427	10.063776
428	10.063776
429	10.07022
430	10.09211
431	10.108109
432	10.108109
433	10.108109
434	10.108109
435	10.108109
436	10.108109
437	10.108109
438	10.108109
439	10.108109
440	10.108109
441	10.108109
442	10.166795
443	10.166795
444	10.166795
445	10.166795
446	10.166795
447	10.144905
448	10.144905
449	10.169091
450	10.169091
451	10.101111
452	10.101111
453	10.101111
454	10.101111
455	10.101111
456	10.101111
457	10.101111
458	10.101111
459	10.133523
460	10.133523
461	10.133523
462	10.133523
463	10.133523
464	10.193148
465	10.193148
466	10.193148
467	10.193148
468	10.160736
469	10.160736
470	10.216819
471	10.216819
472	10.216819
473	10.216819
474	10.216819
475	10.216819
476	10.238709
477	10.238709
478	10.238709
479	10.238709
480	10.238709
481	10.240979
482	10.240979
483	10.240979
484	10.240979
485	10.240979
486	10.240979
487	10.240979
488	10.240979
489	10.240979
490	10.240979
491	10.240979
492	10.252123
493	10.252123
494	10.252123
495	10.252123
496	10.252123
497	10.252123
498	10.252123
499	10.252123
500	10.252123
501	10.252123
502	10.252123
503	10.232621
504	10.232621
505	10.232621
506	10.232621
507	10.232621
508	10.232621
509	10.232621
510	10.232621
511	10.232621
512	10.232621
513	10.232621
514	10.2649
515	10.2649
516	10.2649
517	10.2649
518	10.2649
519	10.2649
520	10.2649
521	10.2649
522	10.28867
523	10.28867
524	10.28867
525	10.28867
526	10.28867
527	10.28867
528	10.28867
529	10.28867
530	10.28867
531	10.28867
532	10.28867
533	10.28867
534	10.187578
535	10.187578
536	10.187578
537	10.187578
538	10.187578
539	10.187578
540	10.3446
541	10.445692
542	10.445692
543	10.445692
544	10.445692
545	10.445692
546	10.421922
547	10.421922
548	10.421922
549	10.421922
550	10.421922
551	10.421922
552	10.492169
553	10.492169
554	10.474259
555	10.474259
556	10.474259
557	10.474259
558	10.474259
559	10.474259
560	10.474259
561	10.474259
562	10.474259
563	10.474259
564	10.456946
565	10.456946
566	10.456946
567	10.456946
568	10.456946
569	10.456946
570	10.456946
571	10.456946
572	10.456946
573	10.456946
574	10.456946
575	10.456946
576	10.456946
577	10.456946
578	10.456946
579	10.456946
580	10.456946
581	10.456946
582	10.403467
583	10.403467
584	10.403467
585	10.403467
586	10.403467
587	10.403467
588	10.403467
589	10.403467
590	10.467691
591	10.467691
592	10.467691
593	10.467691
594	10.467691
595	10.467691
596	10.467691
597	10.467691
598	10.467691
599	10.467691
600	10.467691
601	10.467691
602	10.467691
603	10.467691
604	10.467691
605	10.467691
606	10.467691
607	10.485601
608	10.485601
609	10.485601
610	10.485601
611	10.485601
612	10.485601
613	10.485601
614	10.485601
615	10.485601
616	10.485601
617	10.485601
618	10.485601
619	10.485601
620	10.485601
621	10.485601
622	10.485601
623	10.485601
624	10.485601
625	10.485601
626	10.485601
627	10.485601
628	10.485601
629	10.485601
630	10.485601
631	10.485601
632	10.485601
633	10.485601
634	10.485601
635	10.485601
636	10.485601
637	10.485601
638	10.467492
639	10.467492
640	10.467492
641	10.467492
642	10.467492
643	10.467492
644	10.467492
645	10.467492
646	10.467492
647	10.460067
648	10.460067
649	10.460067
650	10.460067
651	10.460067
652	10.460067
653	10.397596
654	10.397596
655	10.397596
656	10.397596
657	10.397596
658	10.397596
659	10.397596
660	10.397596
661	10.397596
662	10.397596
663	10.397596
664	10.397596
665	10.397596
666	10.397596
667	10.397596
668	10.397596
669	10.397596
670	10.397596
671	10.397596
672	10.397596
673	10.397596
674	10.425234
675	10.421453
676	10.462749
677	10.462749
678	10.462749
679	10.462749
680	10.462749
681	10.462749
682	10.462749
683	10.462749
684	10.462749
685	10.462749
686	10.462749
687	10.462749
688	10.462749
689	10.462749
690	10.462749
691	10.462749
692	10.462749
693	10.462749
694	10.501952
695	10.501952
696	10.501952
697	10.501952
698	10.489036
699	10.489036
700	10.489036
701	10.489036
702	10.489036
703	10.496461
704	10.496461
705	10.496461
706	10.496461
707	10.496461
708	10.496461
709	10.502212
710	10.502212
711	10.502212
712	10.661213
713	10.661213
714	10.661213
715	10.661213
716	10.661213
717	10.661213
718	10.661213
719	10.661213
720	10.661213
721	10.601314
722	10.601314
723	10.601314
724	10.601314
725	10.601314
726	10.601314
727	10.601314
728	10.601314
729	10.601314
730	10.601314
731	10.601314
732	10.601314
733	10.601314
734	10.601314
735	10.601314
736	10.601314
737	10.601314
738	10.601314
739	10.601314
740	10.661213
741	10.661213
742	10.661213
743	10.661213
744	10.661213
745	10.661213
746	10.671641
747	10.671641
748	10.68378
749	10.68378
750	10.68378
751	10.68378
752	10.68378
753	10.68378
754	10.68378
755	10.68378
756	10.68378
757	10.68378
758	10.68378
759	10.68378
760	10.68378
761	10.68378
762	10.68378
763	10.68378
764	10.68378
765	10.68378
766	10.68378
767	10.68378
768	10.68378
769	10.68378
770	10.68378
771	10.68378
772	10.68378
773	10.68378
774	10.68378
775	10.68378
776	10.68378
777	10.68378
778	10.68378
779	10.68378
780	10.68378
781	10.68378
782	10.68378
783	10.68378
784	10.68378
785	10.68378
786	10.68378
787	10.68378
788	10.68378
789	10.68378
790	10.68378
791	10.68378
792	10.68378
793	10.68378
794	10.68378
795	10.68378
796	10.68378
797	10.68378
798	10.68378
799	10.68378
800	10.671641
801	10.671641
802	10.671641
803	10.671641
804	10.671641
805	10.671641
806	10.671641
807	10.671641
808	10.671641
809	10.671641
810	10.671641
811	10.671641
812	10.671641
813	10.671641
814	10.671641
815	10.664216
816	10.664216
817	10.664216
818	10.664216
819	10.664216
820	10.664216
821	10.664216
822	10.664216
823	10.664216
824	10.664216
825	10.68378
826	10.68378
827	10.68378
828	10.68378
829	10.68378
830	10.68378
831	10.68378
832	10.68378
833	10.68378
834	10.68378
835	10.68378
836	10.68378
837	10.68378
838	10.68378
839	10.68378
840	10.68378
841	10.68378
842	10.68378
843	10.68378
844	10.68378
845	10.68378
846	10.68378
847	10.68378
848	10.68378
849	10.68378
850	10.68378
851	10.68378
852	10.68378
853	10.68378
854	10.68378
855	10.68378
856	10.68378
857	10.68378
858	10.68378
859	10.68378
860	10.68378
861	10.68378
862	10.68378
863	10.68378
864	10.68378
865	10.68378
866	10.68378
867	10.68378
868	10.68378
869	10.68378
870	10.68378
871	10.68378
872	10.68378
873	10.68378
874	10.68378
875	10.68378
876	10.68378
877	10.68378
878	10.68378
879	10.68378
880	10.68378
881	10.68378
882	10.68378
883	10.68378
884	10.68378
885	10.68378
886	10.68378
887	10.68378
888	10.68378
889	10.68378
890	10.68378
891	10.68378
892	10.68378
893	10.68378
894	10.68378
895	10.68378
896	10.68378
897	10.68378
898	10.68378
899	10.68378
900	10.68378
901	10.68378
902	10.68378
903	10.68378
904	10.68378
905	10.68378
906	10.68378
907	10.68378
908	10.68378
909	10.68378
910	10.68378
911	10.68378
912	10.68378
913	10.68378
914	10.68378
915	10.68378
916	10.68378
917	10.68378
918	10.68378
919	10.68378
920	10.68378
921	10.68378
922	10.68378
923	10.68378
924	10.68378
925	10.68378
926	10.68378
927	10.68378
928	10.68378
929	10.68378
930	10.68378
931	10.68378
932	10.68378
933	10.68378
934	10.68378
935	10.68378
936	10.68378
937	10.68378
938	10.68378
939	10.68378
940	10.68378
941	10.68378
942	10.68378
943	10.68378
944	10.68378
945	10.68378
946	10.68378
947	10.68378
948	10.68378
949	10.68378
950	10.68378
951	10.68378
952	10.68378
953	10.68378
954	10.68378
955	10.68378
956	10.68378
957	10.68378
958	10.68378
959	10.68378
960	10.68378
961	10.682387
962	10.682387
963	10.682387
964	10.682387
965	10.682387
966	10.682387
967	10.682387
968	10.682387
969	10.682387
970	10.682387
971	10.682387
972	10.682387
973	10.682387
974	10.682387
975	10.682387
976	10.682387
977	10.682387
978	10.682387
979	10.682387
980	10.682387
981	10.682387
982	10.682387
983	10.682387
984	10.682387
985	10.682387
986	10.682387
987	10.682387
988	10.682387
989	10.682387
990	10.684775
991	10.684775
992	10.684775
993	10.684775
994	10.684775
995	10.684775
996	10.684775
997	10.684775
998	10.684775
999	10.684775
1000	10.684775
1001	10.684775
1002	10.684775
1003	10.684775
1004	10.684775
1005	10.684775
1006	10.684775
1007	10.684775
1008	10.684775
1009	10.684775
1010	10.684775
1011	10.684775
1012	10.684775
1013	10.684775
1014	10.684775
1015	10.684775
1016	10.684775
1017	10.684775
1018	10.684775
1019	10.684775
1020	10.684775
1021	10.684775
1022	10.684775
1023	10.684775
1024	10.684775
1025	10.684775
1026	10.684775
1027	10.684775
1028	10.684775
1029	10.684775
1030	10.684775
1031	10.684775
1032	10.684775
1033	10.702036
1034	10.702036
1035	10.702036
1036	10.702036
1037	10.702036
1038	10.702036
1039	10.702036
1040	10.702036
1041	10.702036
1042	10.702036
1043	10.702036
1044	10.702036
1045	10.702036
1046	10.702036
1047	10.702036
1048	10.702036
1049	10.702036
1050	10.702036
1051	10.702036
1052	10.702036
1053	10.702036
1054	10.702036
1055	10.702036
1056	10.702036
1057	10.702036
1058	10.702036
1059	10.702036
1060	10.702036
1061	10.702036
1062	10.702036
1063	10.702036
1064	10.702036
1065	10.702036
1066	10.702036
1067	10.702036
1068	10.702036
1069	10.702036
1070	10.702036
1071	10.702036
1072	10.702036
1073	10.702036
1074	10.702036
1075	10.702036
1076	10.702036
1077	10.702036
1078	10.702036
1079	10.702036
1080	10.702036
1081	10.702036
1082	10.702036
1083	10.702036
1084	10.702036
1085	10.702036
1086	10.702036
1087	10.702036
1088	10.702036
1089	10.702036
1090	10.702036
1091	10.702036
1092	10.702036
1093	10.702036
1094	10.702036
1095	10.702036
1096	10.702036
1097	10.702036
1098	10.702036
1099	10.702036
1100	10.702036
1101	10.702036
1102	10.702036
1103	10.702036
1104	10.702036
1105	10.702036
1106	10.702036
1107	10.702036
1108	10.702036
1109	10.702036
1110	10.702036
1111	10.702036
1112	10.702036
1113	10.702036
1114	10.702036
1115	10.702036
1116	10.702036
1117	10.702036
1118	10.702036
1119	10.702036
1120	10.702036
1121	10.702036
1122	10.702036
1123	10.702036
1124	10.702036
1125	10.702036
1126	10.702036
1127	10.702036
1128	10.702036
1129	10.702036
1130	10.702036
1131	10.702036
1132	10.702036
1133	10.702036
1134	10.702036
1135	10.702036
1136	10.702036
1137	10.702036
1138	10.702036
1139	10.702036
1140	10.702036
1141	10.702036
1142	10.702036
1143	10.702036
1144	10.702036
1145	10.702036
1146	10.702036
1147	10.702036
1148	10.702036
1149	10.702036
1150	10.702036
1151	10.702036
1152	10.702036
1153	10.702036
1154	10.702036
1155	10.702036
1156	10.702036
1157	10.702036
1158	10.702036
1159	10.702036
1160	10.702036
1161	10.702036
1162	10.702036
1163	10.702036
1164	10.702036
1165	10.702036
1166	10.702036
1167	10.702036
1168	10.702036
1169	10.702036
1170	10.702036
1171	10.702036
1172	10.702036
1173	10.702036
1174	10.702036
1175	10.702036
1176	10.702036
1177	10.702036
1178	10.702036
1179	10.702036
1180	10.702036
1181	10.702036
1182	10.702036
1183	10.702036
1184	10.702036
1185	10.702036
1186	10.702036
1187	10.702036
1188	10.702036
1189	10.702036
1190	10.702036
1191	10.702036
1192	10.702036
1193	10.702036
1194	10.702036
1195	10.702036
1196	10.702036
1197	10.702036
1198	10.702036
1199	10.702036
1200	10.702036
1201	10.702036
1202	10.702036
1203	10.699648
1204	10.699648
1205	10.699648
1206	10.699648
1207	10.699648
1208	10.699648
1209	10.699648
1210	10.699648
1211	10.699648
1212	10.699648
1213	10.699648
1214	10.699648
1215	10.699648
1216	10.699648
1217	10.699648
1218	10.699648
1219	10.699648
1220	10.699648
1221	10.699648
1222	10.699648
1223	10.699648
1224	10.699648
1225	10.699648
1226	10.699648
1227	10.699648
1228	10.699648
1229	10.699648
1230	10.699648
1231	10.699648
1232	10.699648
1233	10.699648
1234	10.699648
1235	10.699648
1236	10.699648
1237	10.699648
1238	10.699648
1239	10.699648
1240	10.699648
1241	10.699648
1242	10.699648
1243	10.699648
1244	10.699648
1245	10.699648
1246	10.699648
1247	10.699648
1248	10.699648
1249	10.699648
1250	10.699648
1251	10.699648
1252	10.699648
1253	10.699648
1254	10.699648
1255	10.699648
1256	10.699648
1257	10.699648
1258	10.699648
1259	10.699648
1260	10.699648
1261	10.699648
1262	10.699648
1263	10.699648
1264	10.699648
1265	10.699648
1266	10.699648
1267	10.699648
1268	10.699648
1269	10.702036
1270	10.702036
1271	10.702036
1272	10.702036
1273	10.702036
1274	10.702036
1275	10.702036
1276	10.702036
1277	10.702036
1278	10.702036
1279	10.702036
1280	10.702036
1281	10.702036
1282	10.702036
1283	10.702036
1284	10.702036
1285	10.702036
1286	10.702036
1287	10.702036
1288	10.702036
1289	10.702036
1290	10.702036
1291	10.702036
1292	10.702036
1293	10.702036
1294	10.702036
1295	10.702036
1296	10.702036
1297	10.702036
1298	10.702036
1299	10.702036
1300	10.702036
1301	10.702036
1302	10.702036
1303	10.702036
1304	10.702036
1305	10.702036
1306	10.702036
1307	10.702036
1308	10.702036
1309	10.702036
1310	10.702036
1311	10.702036
1312	10.702036
1313	10.702036
1314	10.702036
1315	10.702036
1316	10.702036
1317	10.702036
1318	10.702036
1319	10.702036
1320	10.702036
1321	10.702036
1322	10.702036
1323	10.702036
1324	10.702036
1325	10.702036
1326	10.702036
1327	10.702036
1328	10.702036
1329	10.702036
1330	10.702036
1331	10.702036
1332	10.702036
1333	10.702036
1334	10.702036
1335	10.702036
1336	10.702036
1337	10.702036
1338	10.702036
1339	10.702036
1340	10.702036
1341	10.702036
1342	10.702036
1343	10.702036
1344	10.702036
1345	10.702036
1346	10.702036
1347	10.702036
1348	10.702036
1349	10.702036
1350	10.702036
1351	10.702036
1352	10.702036
1353	10.702036
1354	10.702036
1355	10.702036
1356	10.702036
1357	10.702036
1358	10.702036
1359	10.702036
1360	10.702036
1361	10.702036
1362	10.702036
1363	10.702036
1364	10.702036
1365	10.702036
1366	10.702036
1367	10.702036
1368	10.702036
1369	10.702036
1370	10.702036
1371	10.702036
1372	10.702036
1373	10.702036
1374	10.702036
1375	10.702036
1376	10.702036
1377	10.702036
1378	10.702036
1379	10.702036
1380	10.702036
1381	10.702036
1382	10.702036
1383	10.702036
1384	10.702036
1385	10.702036
1386	10.702036
1387	10.702036
1388	10.702036
1389	10.702036
1390	10.702036
1391	10.702036
1392	10.702036
1393	10.702036
1394	10.702036
1395	10.702036
1396	10.702036
1397	10.702036
1398	10.702036
1399	10.702036
1400	10.702036
1401	10.702036
1402	10.702036
1403	10.702036
1404	10.702036
1405	10.702036
1406	10.702036
1407	10.702036
1408	10.702036
1409	10.702036
1410	10.702036
1411	10.702036
1412	10.702036
1413	10.702036
1414	10.702036
1415	10.702036
1416	10.702036
1417	10.702036
1418	10.702036
1419	10.702036
1420	10.702036
1421	10.702036
1422	10.702036
1423	10.702036
1424	10.702036
1425	10.702036
1426	10.702036
1427	10.702036
1428	10.702036
1429	10.702036
1430	10.702036
1431	10.702036
1432	10.702036
1433	10.702036
1434	10.702036
1435	10.702036
1436	10.702036
1437	10.702036
1438	10.702036
1439	10.702036
1440	10.702036
1441	10.702036
1442	10.702036
1443	10.702036
1444	10.702036
1445	10.702036
1446	10.702036
1447	10.702036
1448	10.702036
1449	10.702036
1450	10.702036
1451	10.702036
1452	10.702036
1453	10.702036
1454	10.702036
1455	10.702036
1456	10.702036
1457	10.702036
1458	10.702036
1459	10.702036
1460	10.702036
1461	10.702036
1462	10.702036
1463	10.702036
1464	10.702036
1465	10.702036
1466	10.702036
1467	10.702036
1468	10.702036
1469	10.702036
1470	10.702036
1471	10.702036
1472	10.702036
1473	10.702036
1474	10.702036
1475	10.702036
1476	10.702036
1477	10.702036
1478	10.702036
1479	10.702036
1480	10.702036
1481	10.702036
1482	10.702036
1483	10.702036
1484	10.702036
1485	10.702036
1486	10.702036
1487	10.702036
1488	10.702036
1489	10.702036
1490	10.702036
1491	10.702036
1492	10.702036
1493	10.702036
1494	10.702036
1495	10.702036
1496	10.702036
1497	10.702036
1498	10.702036
1499	10.702036
1500	10.702036
1501	10.702036
1502	10.77686
1503	10.77686
1504	10.77686
1505	10.77686
1506	10.77686
1507	10.77686
1508	10.77686
1509	10.77686
1510	10.77686
1511	10.77686
1512	10.77686
1513	10.77686
1514	10.77686
1515	10.77686
1516	10.77686
1517	10.77686
1518	10.77686
1519	10.77686
1520	10.77686
1521	10.77686
1522	10.77686
1523	10.77686
1524	10.77686
1525	10.77686
1526	10.77686
1527	10.77686
1528	10.77686
1529	10.77686
1530	10.77686
1531	10.77686
1532	10.77686
1533	10.77686
1534	10.77686
1535	10.77686
1536	10.77686
1537	10.77686
1538	10.77686
1539	10.77686
1540	10.77686
1541	10.77686
1542	10.77686
1543	10.77686
1544	10.77686
1545	10.77686
1546	10.77686
1547	10.77686
1548	10.77686
1549	10.77686
1550	10.77686
1551	10.77686
1552	10.77686
1553	10.77686
1554	10.77686
1555	10.77686
1556	10.77686
1557	10.77686
1558	10.77686
1559	10.77686
1560	10.77686
1561	10.77686
1562	10.77686
1563	10.77686
1564	10.77686
1565	10.77686
1566	10.77686
1567	10.77686
1568	10.77686
1569	10.77686
1570	10.77686
1571	10.77686
1572	10.77686
1573	10.77686
1574	10.77686
1575	10.778253
1576	10.778253
1577	10.778253
1578	10.778253
1579	10.778253
1580	10.778253
1581	10.778253
1582	10.778253
1583	10.778253
1584	10.778253
1585	10.778253
1586	10.778253
1587	10.778253
1588	10.778253
1589	10.778253
1590	10.778253
1591	10.778253
1592	10.778253
1593	10.778253
1594	10.778253
1595	10.778253
1596	10.778253
1597	10.778253
1598	10.778253
1599	10.778253
1600	10.778253
1601	10.778253
1602	10.778253
1603	10.778253
1604	10.778253
1605	10.778253
1606	10.778253
1607	10.778253
1608	10.778253
1609	10.778253
1610	10.778253
1611	10.778253
1612	10.778253
1613	10.778253
1614	10.778253
1615	10.778253
1616	10.778253
1617	10.778253
1618	10.778253
1619	10.778253
1620	10.778253
1621	10.778253
1622	10.778253
1623	10.778253
1624	10.778253
1625	10.778253
1626	10.778253
1627	10.778253
1628	10.778253
1629	10.778253
1630	10.778253
1631	10.778253
1632	10.778253
1633	10.778253
1634	10.778253
1635	10.778253
1636	10.778253
1637	10.778253
1638	10.778253
1639	10.778253
1640	10.778253
1641	10.778253
1642	10.778253
1643	10.778253
1644	10.778253
1645	10.778253
1646	10.778253
1647	10.778253
1648	10.778253
1649	10.778253
1650	10.778253
1651	10.778253
1652	10.778253
1653	10.778253
1654	10.778253
1655	10.778253
1656	10.778253
1657	10.778253
1658	10.778253
1659	10.778253
1660	10.778253
1661	10.778253
1662	10.778253
1663	10.778253
1664	10.778253
1665	10.778253
1666	10.778253
1667	10.778253
1668	10.778253
1669	10.778253
1670	10.778253
1671	10.778253
1672	10.778253
1673	10.778253
1674	10.778253
1675	10.778253
1676	10.778253
1677	10.778253
1678	10.778253
1679	10.778253
1680	10.778253
1681	10.778253
1682	10.778253
1683	10.778253
1684	10.778253
1685	10.778253
1686	10.778253
1687	10.778253
1688	10.778253
1689	10.778253
1690	10.778253
1691	10.778253
1692	10.778253
1693	10.778253
1694	10.778253
1695	10.778253
1696	10.778253
1697	10.778253
1698	10.778253
1699	10.778253
1700	10.778253
1701	10.778253
1702	10.778253
1703	10.778253
1704	10.778253
1705	10.778253
1706	10.778253
1707	10.778253
1708	10.778253
1709	10.778253
1710	10.778253
1711	10.778253
1712	10.778253
1713	10.778253
1714	10.778253
1715	10.778253
1716	10.778253
1717	10.778253
1718	10.778253
1719	10.778253
1720	10.778253
1721	10.778253
1722	10.778253
1723	10.778253
1724	10.778253
1725	10.778253
1726	10.778253
1727	10.778253
1728	10.778253
1729	10.778253
1730	10.778253
1731	10.778253
1732	10.778253
1733	10.778253
1734	10.778253
1735	10.778253
1736	10.778253
1737	10.778253
1738	10.778253
1739	10.778253
1740	10.778253
1741	10.778253
1742	10.778253
1743	10.778253
1744	10.778253
1745	10.778253
1746	10.778253
1747	10.778253
1748	10.778253
1749	10.778253
1750	10.778253
1751	10.778253
1752	10.778253
1753	10.778253
1754	10.778253
1755	10.778253
1756	10.778253
1757	10.778253
1758	10.778253
1759	10.778253
1760	10.778253
1761	10.778253
1762	10.778253
1763	10.778253
1764	10.778253
1765	10.778253
1766	10.778253
1767	10.778253
1768	10.778253
1769	10.778253
1770	10.778253
1771	10.778253
1772	10.778253
1773	10.778253
1774	10.778253
1775	10.778253
1776	10.778253
1777	10.778253
1778	10.778253
1779	10.778253
1780	10.778253
1781	10.778253
1782	10.778253
1783	10.778253
1784	10.778253
1785	10.778253
1786	10.778253
1787	10.778253
1788	10.778253
1789	10.778253
1790	10.778253
1791	10.778253
1792	10.778253
1793	10.778253
1794	10.778253
1795	10.778253
1796	10.778253
1797	10.778253
1798	10.778253
1799	10.778253
1800	10.778253
1801	10.778253
1802	10.778253
1803	10.778253
1804	10.778253
1805	10.778253
1806	10.778253
1807	10.778253
1808	10.778253
1809	10.778253
1810	10.778253
1811	10.778253
1812	10.778253
1813	10.778253
1814	10.778253
1815	10.778253
1816	10.778253
1817	10.778253
1818	10.778253
1819	10.778253
1820	10.778253
1821	10.778253
1822	10.778253
1823	10.778253
1824	10.778253
1825	10.778253
1826	10.778253
1827	10.778253
1828	10.778253
1829	10.778253
1830	10.778253
1831	10.778253
1832	10.778253
1833	10.778253
1834	10.778253
1835	10.778253
1836	10.778253
1837	10.778253
1838	10.778253
1839	10.778253
1840	10.778253
1841	10.778253
1842	10.778253
1843	10.778253
1844	10.778253
1845	10.778253
1846	10.778253
1847	10.778253
1848	10.778253
1849	10.778253
1850	10.778253
1851	10.778253
1852	10.778253
1853	10.778253
1854	10.778253
1855	10.778253
1856	10.778253
1857	10.778253
1858	10.778253
1859	10.778253
1860	10.778253
1861	10.778253
1862	10.778253
1863	10.778253
1864	10.778253
1865	10.778253
1866	10.778253
1867	10.778253
1868	10.778253
1869	10.778253
1870	10.778253
1871	10.778253
1872	10.778253
1873	10.778253
1874	10.778253
1875	10.778253
1876	10.778253
1877	10.778253
1878	10.778253
1879	10.778253
1880	10.778253
1881	10.778253
1882	10.778253
1883	10.778253
1884	10.778253
1885	10.778253
1886	10.778253
1887	10.778253
1888	10.778253
1889	10.778253
1890	10.778253
1891	10.778253
1892	10.778253
1893	10.778253
1894	10.778253
1895	10.778253
1896	10.778253
1897	10.778253
1898	10.778253
1899	10.778253
1900	10.778253
1901	10.778253
1902	10.778253
1903	10.778253
1904	10.778253
1905	10.778253
1906	10.778253
1907	10.778253
1908	10.778253
1909	10.778253
1910	10.778253
1911	10.778253
1912	10.778253
1913	10.778253
1914	10.778253
1915	10.778253
1916	10.778253
1917	10.778253
1918	10.778253
1919	10.778253
1920	10.778253
1921	10.778253
1922	10.778253
1923	10.778253
1924	10.778253
1925	10.778253
1926	10.778253
1927	10.778253
1928	10.778253
1929	10.778253
1930	10.778253
1931	10.778253
1932	10.778253
1933	10.778253
1934	10.778253
1935	10.778253
1936	10.778253
1937	10.778253
1938	10.778253
1939	10.778253
1940	10.778253
1941	10.778253
1942	10.778253
1943	10.778253
1944	10.778253
1945	10.778253
1946	10.778253
1947	10.778253
1948	10.778253
1949	10.778253
1950	10.778253
1951	10.778253
1952	10.778253
1953	10.778253
1954	10.778253
1955	10.778253
1956	10.778253
1957	10.778253
1958	10.778253
1959	10.778253
1960	10.778253
1961	10.778253
1962	10.778253
1963	10.778253
1964	10.778253
1965	10.778253
1966	10.778253
1967	10.778253
1968	10.778253
1969	10.778253
1970	10.778253
1971	10.778253
1972	10.778253
1973	10.778253
1974	10.778253
1975	10.778253
1976	10.778253
1977	10.778253
1978	10.778253
1979	10.778253
1980	10.778253
1981	10.778253
1982	10.778253
1983	10.778253
1984	10.778253
1985	10.778253
1986	10.778253
1987	10.778253
1988	10.778253
1989	10.778253
1990	10.778253
1991	10.778253
1992	10.778253
1993	10.778253
1994	10.778253
1995	10.778253
1996	10.778253
1997	10.778253
1998	10.778253
1999	10.778253
2000	10.778253
2001	10.778253
2002	10.778253
2003	10.778253
2004	10.778253
2005	10.778253
2006	10.778253
2007	10.778253
2008	10.778253
2009	10.778253
2010	10.778253
2011	10.778253
2012	10.778253
2013	10.778253
2014	10.778253
2015	10.778253
2016	10.778253
2017	10.778253
2018	10.778253
2019	10.778253
2020	10.778253
2021	10.778253
2022	10.778253
2023	10.778253
2024	10.778253
2025	10.778253
2026	10.778253
2027	10.778253
2028	10.778253
2029	10.778253
2030	10.778253
2031	10.778253
2032	10.778253
2033	10.778253
2034	10.778253
2035	10.778253
2036	10.778253
2037	10.778253
2038	10.778253
2039	10.778253
2040	10.778253
2041	10.778253
2042	10.778253
2043	10.778253
2044	10.778253
2045	10.778253
2046	10.778253
2047	10.778253
2048	10.778253
2049	10.778253
2050	10.778253
2051	10.778253
2052	10.778253
2053	10.778253
2054	10.778253
2055	10.778253
2056	10.778253
2057	10.778253
2058	10.778253
2059	10.778253
2060	10.778253
2061	10.778253
2062	10.778253
2063	10.778253
2064	10.778253
2065	10.778253
2066	10.778253
2067	10.778253
2068	10.778253
2069	10.778253
2070	10.778253
2071	10.778253
2072	10.778253
2073	10.778253
2074	10.778253
2075	10.778253
2076	10.778253
2077	10.778253
2078	10.778253
2079	10.778253
2080	10.778253
2081	10.778253
2082	10.778253
2083	10.778253
2084	10.778253
2085	10.778253
2086	10.778253
2087	10.778253
2088	10.778253
2089	10.778253
2090	10.778253
2091	10.778253
2092	10.778253
2093	10.778253
2094	10.778253
2095	10.778253
2096	10.778253
2097	10.778253
2098	10.778253
2099	10.778253
2100	10.778253
2101	10.778253
2102	10.778253
2103	10.778253
2104	10.778253
2105	10.778253
2106	10.778253
2107	10.778253
2108	10.778253
2109	10.778253
2110	10.778253
2111	10.778253
2112	10.778253
2113	10.778253
2114	10.778253
2115	10.778253
2116	10.778253
2117	10.778253
2118	10.778253
2119	10.778253
2120	10.778253
2121	10.778253
2122	10.778253
2123	10.778253
2124	10.778253
2125	10.778253
2126	10.778253
2127	10.778253
2128	10.778253
2129	10.778253
2130	10.778253
2131	10.778253
2132	10.778253
2133	10.778253
2134	10.778253
2135	10.778253
2136	10.778253
2137	10.778253
2138	10.778253
2139	10.778253
2140	10.778253
2141	10.778253
2142	10.778253
2143	10.778253
2144	10.778253
2145	10.778253
2146	10.778253
2147	10.778253
2148	10.778253
2149	10.778253
2150	10.778253
2151	10.778253
2152	10.778253
2153	10.778253
2154	10.778253
2155	10.778253
2156	10.778253
2157	10.778253
2158	10.778253
2159	10.778253
2160	10.778253
2161	10.778253
2162	10.778253
2163	10.778253
2164	10.778253
2165	10.778253
2166	10.778253
2167	10.778253
2168	10.778253
2169	10.778253
2170	10.778253
2171	10.778253
2172	10.778253
2173	10.778253
2174	10.778253
2175	10.778253
2176	10.778253
2177	10.778253
2178	10.778253
2179	10.778253
2180	10.778253
2181	10.778253
2182	10.778253
2183	10.778253
2184	10.778253
2185	10.778253
2186	10.778253
2187	10.778253
2188	10.778253
2189	10.778253
2190	10.778253
2191	10.778253
2192	10.778253
2193	10.778253
2194	10.778253
2195	10.778253
2196	10.778253
2197	10.778253
2198	10.778253
2199	10.778253
2200	10.778253
2201	10.778253
2202	10.778253
2203	10.778253
2204	10.778253
2205	10.778253
2206	10.778253
2207	10.778253
2208	10.778253
2209	10.778253
2210	10.778253
2211	10.778253
2212	10.778253
2213	10.778253
2214	10.778253
2215	10.778253
2216	10.778253
2217	10.778253
2218	10.778253
2219	10.778253
2220	10.778253
2221	10.778253
2222	10.778253
2223	10.778253
2224	10.778253
2225	10.778253
2226	10.778253
2227	10.778253
2228	10.778253
2229	10.778253
2230	10.778253
2231	10.778253
2232	10.778253
2233	10.778253
2234	10.778253
2235	10.778253
2236	10.778253
2237	10.778253
2238	10.778253
2239	10.778253
2240	10.778253
2241	10.778253
2242	10.778253
2243	10.778253
2244	10.778253
2245	10.778253
2246	10.778253
2247	10.778253
2248	10.778253
2249	10.778253
2250	10.778253
2251	10.778253
2252	10.778253
2253	10.778253
2254	10.778253
2255	10.778253
2256	10.778253
2257	10.778253
2258	10.778253
2259	10.778253
2260	10.778253
2261	10.778253
2262	10.778253
2263	10.778253
2264	10.778253
2265	10.778253
2266	10.778253
2267	10.778253
2268	10.778253
2269	10.778253
2270	10.778253
2271	10.778253
2272	10.778253
2273	10.778253
2274	10.778253
2275	10.778253
2276	10.778253
2277	10.778253
2278	10.778253
2279	10.778253
2280	10.778253
2281	10.778253
2282	10.778253
2283	10.778253
2284	10.778253
2285	10.778253
2286	10.778253
2287	10.778253
2288	10.778253
2289	10.778253
2290	10.778253
2291	10.778253
2292	10.778253
2293	10.778253
2294	10.778253
2295	10.778253
2296	10.778253
2297	10.778253
2298	10.778253
2299	10.778253
2300	10.778253
2301	10.778253
2302	10.778253
2303	10.778253
2304	10.778253
2305	10.778253
2306	10.778253
2307	10.778253
2308	10.778253
2309	10.778253
2310	10.778253
2311	10.778253
2312	10.778253
2313	10.778253
2314	10.778253
2315	10.778253
2316	10.778253
2317	10.778253
2318	10.778253
2319	10.778253
2320	10.778253
2321	10.778253
2322	10.778253
2323	10.778253
2324	10.778253
2325	10.778253
2326	10.778253
2327	10.778253
2328	10.778253
2329	10.778253
2330	10.778253
2331	10.778253
2332	10.778253
2333	10.778253
2334	10.778253
2335	10.778253
2336	10.778253
2337	10.778253
2338	10.778253
2339	10.778253
2340	10.778253
2341	10.778253
2342	10.778253
2343	10.778253
2344	10.778253
2345	10.778253
2346	10.778253
2347	10.778253
2348	10.778253
2349	10.778253
2350	10.778253
2351	10.778253
2352	10.778253
2353	10.778253
2354	10.778253
2355	10.778253
2356	10.778253
2357	10.778253
2358	10.778253
2359	10.778253
2360	10.778253
2361	10.778253
2362	10.778253
2363	10.778253
2364	10.778253
2365	10.778253
2366	10.778253
2367	10.778253
2368	10.778253
2369	10.778253
2370	10.778253
2371	10.778253
2372	10.778253
2373	10.778253
2374	10.778253
2375	10.778253
2376	10.778253
2377	10.778253
2378	10.778253
2379	10.778253
2380	10.778253
2381	10.778253
2382	10.778253
2383	10.778253
2384	10.778253
2385	10.778253
2386	10.778253
2387	10.778253
2388	10.778253
2389	10.778253
2390	10.778253
2391	10.778253
2392	10.778253
2393	10.778253
2394	10.778253
2395	10.778253
2396	10.778253
2397	10.778253
2398	10.778253
2399	10.778253
2400	10.778253
2401	10.778253
2402	10.778253
2403	10.778253
2404	10.778253
2405	10.778253
2406	10.778253
2407	10.778253
2408	10.778253
2409	10.778253
2410	10.778253
2411	10.778253
2412	10.778253
2413	10.778253
2414	10.778253
2415	10.778253
2416	10.778253
2417	10.778253
2418	10.778253
2419	10.778253
2420	10.778253
2421	10.778253
2422	10.778253
2423	10.778253
2424	10.778253
2425	10.778253
2426	10.778253
2427	10.778253
2428	10.778253
2429	10.778253
2430	10.778253
2431	10.778253
2432	10.778253
2433	10.778253
2434	10.778253
2435	10.778253
2436	10.778253
2437	10.778253
2438	10.778253
2439	10.778253
2440	10.778253
2441	10.778253
2442	10.778253
2443	10.778253
2444	10.778253
2445	10.778253
2446	10.778253
2447	10.778253
2448	10.778253
2449	10.778253
2450	10.778253
2451	10.778253
2452	10.778253
2453	10.778253
2454	10.778253
2455	10.778253
2456	10.778253
2457	10.778253
2458	10.778253
2459	10.778253
2460	10.778253
2461	10.778253
2462	10.778253
2463	10.778253
2464	10.778253
2465	10.778253
2466	10.778253
2467	10.778253
2468	10.778253
2469	10.778253
2470	10.778253
2471	10.778253
2472	10.778253
2473	10.778253
2474	10.778253
2475	10.778253
2476	10.778253
2477	10.778253
2478	10.778253
2479	10.778253
2480	10.778253
2481	10.778253
2482	10.778253
2483	10.778253
2484	10.778253
2485	10.778253
2486	10.778253
2487	10.778253
2488	10.778253
2489	10.778253
2490	10.778253
2491	10.778253
2492	10.778253
2493	10.778253
2494	10.778253
2495	10.778253
2496	10.778253
2497	10.778253
2498	10.778253
2499	10.778253
2500	10.778253
2501	10.778253
2502	10.778253
2503	10.778253
2504	10.778253
2505	10.778253
2506	10.778253
2507	10.778253
2508	10.778253
2509	10.778253
2510	10.778253
2511	10.778253
2512	10.778253
2513	10.778253
2514	10.778253
2515	10.778253
2516	10.778253
2517	10.778253
2518	10.778253
2519	10.778253
2520	10.778253
2521	10.778253
2522	10.778253
2523	10.778253
2524	10.778253
2525	10.778253
2526	10.778253
2527	10.778253
2528	10.778253
2529	10.778253
2530	10.778253
2531	10.778253
2532	10.778253
2533	10.778253
2534	10.778253
2535	10.778253
2536	10.778253
2537	10.778253
2538	10.778253
2539	10.778253
2540	10.778253
2541	10.778253
2542	10.778253
2543	10.778253
2544	10.778253
2545	10.778253
2546	10.778253
2547	10.778253
2548	10.778253
2549	10.778253
2550	10.778253
2551	10.778253
2552	10.778253
2553	10.778253
2554	10.778253
2555	10.778253
2556	10.778253
2557	10.778253
2558	10.778253
2559	10.778253
2560	10.778253
2561	10.778253
2562	10.778253
2563	10.778253
2564	10.778253
2565	10.778253
2566	10.778253
2567	10.778253
2568	10.778253
2569	10.778253
2570	10.778253
2571	10.778253
2572	10.778253
2573	10.778253
2574	10.778253
2575	10.778253
2576	10.778253
2577	10.778253
2578	10.778253
2579	10.778253
2580	10.778253
2581	10.778253
2582	10.778253
2583	10.778253
2584	10.778253
2585	10.778253
2586	10.778253
2587	10.778253
2588	10.778253
2589	10.778253
2590	10.778253
2591	10.778253
2592	10.778253
2593	10.778253
2594	10.778253
2595	10.778253
2596	10.778253
2597	10.778253
2598	10.778253
2599	10.778253
2600	10.778253
2601	10.778253
2602	10.778253
2603	10.778253
2604	10.778253
2605	10.778253
2606	10.778253
2607	10.778253
2608	10.778253
2609	10.778253
2610	10.778253
2611	10.778253
2612	10.778253
2613	10.778253
2614	10.778253
2615	10.778253
2616	10.778253
2617	10.778253
2618	10.778253
2619	10.778253
2620	10.778253
2621	10.778253
2622	10.778253
2623	10.778253
2624	10.778253
2625	10.778253
2626	10.778253
2627	10.778253
2628	10.778253
2629	10.778253
2630	10.778253
2631	10.778253
2632	10.778253
2633	10.778253
2634	10.778253
2635	10.778253
2636	10.778253
2637	10.778253
2638	10.778253
2639	10.778253
2640	10.778253
2641	10.778253
2642	10.778253
2643	10.778253
2644	10.778253
2645	10.778253
2646	10.778253
2647	10.778253
2648	10.778253
2649	10.778253
2650	10.778253
2651	10.778253
2652	10.778253
2653	10.778253
2654	10.778253
2655	10.778253
2656	10.778253
2657	10.778253
2658	10.778253
2659	10.778253
2660	10.778253
2661	10.778253
2662	10.778253
2663	10.778253
2664	10.778253
2665	10.778253
2666	10.778253
2667	10.778253
2668	10.778253
2669	10.778253
2670	10.778253
2671	10.778253
2672	10.778253
2673	10.778253
2674	10.778253
2675	10.778253
2676	10.778253
2677	10.778253
2678	10.778253
2679	10.778253
2680	10.778253
2681	10.778253
2682	10.778253
2683	10.778253
2684	10.778253
2685	10.778253
2686	10.778253
2687	10.778253
2688	10.778253
2689	10.778253
2690	10.778253
2691	10.778253
2692	10.778253
2693	10.778253
2694	10.778253
2695	10.778253
2696	10.778253
2697	10.778253
2698	10.778253
2699	10.778253
2700	10.778253
2701	10.778253
2702	10.778253
2703	10.778253
2704	10.778253
2705	10.778253
2706	10.778253
2707	10.778253
2708	10.778253
2709	10.778253
2710	10.778253
2711	10.778253
2712	10.778253
2713	10.778253
2714	10.778253
2715	10.778253
2716	10.778253
2717	10.778253
2718	10.778253
2719	10.778253
2720	10.778253
2721	10.778253
2722	10.778253
2723	10.778253
2724	10.778253
2725	10.778253
2726	10.778253
2727	10.778253
2728	10.778253
2729	10.778253
2730	10.778253
2731	10.778253
2732	10.778253
2733	10.778253
2734	10.778253
2735	10.778253
2736	10.778253
2737	10.778253
2738	10.778253
2739	10.778253
2740	10.778253
2741	10.778253
2742	10.778253
2743	10.778253
2744	10.778253
2745	10.778253
2746	10.778253
2747	10.778253
2748	10.778253
2749	10.778253
2750	10.778253
2751	10.778253
2752	10.778253
2753	10.778253
2754	10.778253
2755	10.778253
2756	10.778253
2757	10.778253
2758	10.778253
2759	10.778253
2760	10.778253
2761	10.778253
2762	10.778253
2763	10.778253
2764	10.778253
2765	10.778253
2766	10.778253
2767	10.778253
2768	10.778253
2769	10.778253
2770	10.778253
2771	10.778253
2772	10.778253
2773	10.778253
2774	10.778253
2775	10.778253
2776	10.778253
2777	10.778253
2778	10.778253
2779	10.778253
2780	10.778253
2781	10.778253
2782	10.778253
2783	10.778253
2784	10.778253
2785	10.778253
2786	10.778253
2787	10.778253
2788	10.778253
2789	10.778253
2790	10.778253
2791	10.778253
2792	10.778253
2793	10.778253
2794	10.778253
2795	10.778253
2796	10.778253
2797	10.778253
2798	10.778253
2799	10.778253
2800	10.778253
2801	10.778253
2802	10.778253
2803	10.778253
2804	10.778253
2805	10.778253
2806	10.778253
2807	10.778253
2808	10.778253
2809	10.778253
2810	10.778253
2811	10.778253
2812	10.778253
2813	10.778253
2814	10.778253
2815	10.778253
2816	10.778253
2817	10.778253
2818	10.778253
2819	10.778253
2820	10.778253
2821	10.778253
2822	10.778253
2823	10.778253
2824	10.778253
2825	10.778253
2826	10.778253
2827	10.778253
2828	10.778253
2829	10.778253
2830	10.778253
2831	10.778253
2832	10.778253
2833	10.778253
2834	10.778253
2835	10.778253
2836	10.778253
2837	10.778253
2838	10.778253
2839	10.778253
2840	10.778253
2841	10.778253
2842	10.778253
2843	10.778253
2844	10.778253
2845	10.778253
2846	10.778253
2847	10.778253
2848	10.778253
2849	10.778253
2850	10.778253
2851	10.778253
2852	10.778253
2853	10.778253
2854	10.778253
2855	10.778253
2856	10.778253
2857	10.778253
2858	10.778253
2859	10.778253
2860	10.778253
2861	10.778253
2862	10.778253
2863	10.778253
2864	10.778253
2865	10.778253
2866	10.778253
2867	10.778253
2868	10.778253
2869	10.778253
2870	10.778253
2871	10.778253
2872	10.778253
2873	10.778253
2874	10.778253
2875	10.778253
2876	10.778253
2877	10.778253
2878	10.778253
2879	10.778253
2880	10.778253
2881	10.778253
2882	10.778253
2883	10.778253
2884	10.778253
2885	10.778253
2886	10.778253
2887	10.778253
2888	10.778253
2889	10.778253
2890	10.778253
2891	10.778253
2892	10.778253
2893	10.778253
2894	10.778253
2895	10.778253
2896	10.778253
2897	10.778253
2898	10.778253
2899	10.778253
2900	10.778253
2901	10.778253
2902	10.778253
2903	10.778253
2904	10.778253
2905	10.778253
2906	10.778253
2907	10.778253
2908	10.778253
2909	10.778253
2910	10.778253
2911	10.778253
2912	10.778253
2913	10.778253
2914	10.778253
2915	10.778253
2916	10.778253
2917	10.778253
2918	10.778253
2919	10.778253
2920	10.778253
2921	10.778253
2922	10.778253
2923	10.778253
2924	10.778253
2925	10.778253
2926	10.778253
2927	10.778253
2928	10.778253
2929	10.778253
2930	10.778253
2931	10.778253
2932	10.778253
2933	10.778253
2934	10.778253
2935	10.778253
2936	10.778253
2937	10.778253
2938	10.778253
2939	10.778253
2940	10.778253
2941	10.778253
2942	10.778253
2943	10.778253
2944	10.778253
2945	10.778253
2946	10.778253
2947	10.778253
2948	10.778253
2949	10.778253
2950	10.778253
2951	10.778253
2952	10.778253
2953	10.778253
2954	10.778253
2955	10.778253
2956	10.778253
2957	10.778253
2958	10.778253
2959	10.778253
2960	10.778253
2961	10.778253
2962	10.778253
2963	10.778253
2964	10.778253
2965	10.778253
2966	10.778253
2967	10.778253
2968	10.778253
2969	10.778253
2970	10.778253
2971	10.778253
2972	10.778253
2973	10.778253
2974	10.778253
2975	10.778253
2976	10.778253
2977	10.778253
2978	10.778253
2979	10.778253
2980	10.778253
2981	10.778253
2982	10.778253
2983	10.778253
2984	10.778253
2985	10.778253
2986	10.778253
2987	10.778253
2988	10.778253
2989	10.778253
2990	10.778253
2991	10.778253
2992	10.778253
2993	10.778253
2994	10.778253
2995	10.778253
2996	10.778253
2997	10.778253
2998	10.778253
2999	10.778253
3000	10.778253
3001	10.778253
3002	10.778253
3003	10.778253
3004	10.778253
3005	10.778253
3006	10.778253
3007	10.778253
3008	10.778253
3009	10.778253
3010	10.778253
3011	10.778253
3012	10.778253
3013	10.778253
3014	10.778253
3015	10.778253
3016	10.778253
3017	10.778253
3018	10.778253
3019	10.778253
3020	10.778253
3021	10.778253
3022	10.778253
3023	10.778253
3024	10.778253
3025	10.778253
3026	10.778253
3027	10.778253
3028	10.778253
3029	10.778253
3030	10.778253
3031	10.778253
3032	10.778253
3033	10.778253
3034	10.778253
3035	10.778253
3036	10.778253
3037	10.778253
3038	10.778253
3039	10.778253
3040	10.778253
3041	10.778253
3042	10.778253
3043	10.778253
3044	10.778253
3045	10.778253
3046	10.778253
3047	10.778253
3048	10.778253
3049	10.778253
3050	10.778253
3051	10.778253
3052	10.778253
3053	10.778253
3054	10.778253
3055	10.778253
3056	10.778253
3057	10.778253
3058	10.778253
3059	10.778253
3060	10.778253
3061	10.778253
3062	10.778253
3063	10.778253
3064	10.778253
3065	10.778253
3066	10.778253
3067	10.778253
3068	10.778253
3069	10.778253
3070	10.778253
3071	10.778253
3072	10.778253
3073	10.778253
3074	10.778253
3075	10.778253
3076	10.778253
3077	10.778253
3078	10.778253
3079	10.778253
3080	10.778253
3081	10.778253
3082	10.778253
3083	10.778253
3084	10.778253
3085	10.778253
3086	10.778253
3087	10.778253
3088	10.778253
3089	10.778253
3090	10.778253
3091	10.778253
3092	10.778253
3093	10.778253
3094	10.778253
3095	10.778253
3096	10.778253
3097	10.778253
3098	10.778253
3099	10.778253
3100	10.778253
3101	10.778253
3102	10.778253
3103	10.778253
3104	10.778253
3105	10.778253
3106	10.778253
3107	10.778253
3108	10.778253
3109	10.778253
3110	10.778253
3111	10.778253
3112	10.778253
3113	10.778253
3114	10.778253
3115	10.778253
3116	10.778253
3117	10.778253
3118	10.778253
3119	10.778253
3120	10.778253
3121	10.778253
3122	10.778253
3123	10.778253
3124	10.778253
3125	10.778253
3126	10.778253
3127	10.778253
3128	10.778253
3129	10.778253
3130	10.778253
3131	10.778253
3132	10.778253
3133	10.778253
3134	10.778253
3135	10.778253
3136	10.778253
3137	10.778253
3138	10.778253
3139	10.778253
3140	10.778253
3141	10.778253
3142	10.778253
3143	10.778253
3144	10.778253
3145	10.778253
3146	10.778253
3147	10.778253
3148	10.778253
3149	10.778253
3150	10.778253
3151	10.778253
3152	10.778253
3153	10.778253
3154	10.778253
3155	10.778253
3156	10.778253
3157	10.778253
3158	10.778253
3159	10.778253
3160	10.778253
3161	10.778253
3162	10.778253
3163	10.778253
3164	10.778253
3165	10.778253
3166	10.778253
3167	10.778253
3168	10.778253
3169	10.778253
3170	10.778253
3171	10.778253
3172	10.778253
3173	10.778253
3174	10.778253
3175	10.778253
3176	10.778253
3177	10.778253
3178	10.778253
3179	10.778253
3180	10.778253
3181	10.778253
3182	10.778253
3183	10.778253
3184	10.778253
3185	10.778253
3186	10.778253
3187	10.778253
3188	10.778253
3189	10.778253
3190	10.778253
3191	10.778253
3192	10.778253
3193	10.778253
3194	10.778253
3195	10.778253
3196	10.778253
3197	10.778253
3198	10.778253
3199	10.778253
3200	10.778253
3201	10.778253
3202	10.778253
3203	10.778253
3204	10.778253
3205	10.778253
3206	10.778253
3207	10.778253
3208	10.778253
3209	10.778253
3210	10.778253
3211	10.778253
3212	10.778253
3213	10.778253
3214	10.778253
3215	10.778253
3216	10.778253
3217	10.778253
3218	10.778253
3219	10.778253
3220	10.778253
3221	10.778253
3222	10.778253
3223	10.778253
3224	10.778253
3225	10.778253
3226	10.778253
3227	10.778253
3228	10.778253
3229	10.778253
3230	10.778253
3231	10.778253
3232	10.778253
3233	10.778253
3234	10.778253
3235	10.778253
3236	10.778253
3237	10.778253
3238	10.778253
3239	10.778253
3240	10.778253
3241	10.778253
3242	10.778253
3243	10.778253
3244	10.778253
3245	10.778253
3246	10.778253
3247	10.778253
3248	10.778253
3249	10.778253
3250	10.778253
3251	10.778253
3252	10.778253
3253	10.778253
3254	10.778253
3255	10.778253
3256	10.778253
3257	10.778253
3258	10.778253
3259	10.778253
3260	10.778253
3261	10.778253
3262	10.778253
3263	10.778253
3264	10.778253
3265	10.778253
3266	10.778253
3267	10.778253
3268	10.778253
3269	10.778253
3270	10.778253
3271	10.778253
3272	10.778253
3273	10.778253
3274	10.778253
3275	10.778253
3276	10.778253
3277	10.778253
3278	10.778253
3279	10.778253
3280	10.778253
3281	10.778253
3282	10.778253
3283	10.778253
3284	10.778253
3285	10.778253
3286	10.778253
3287	10.778253
3288	10.778253
3289	10.778253
3290	10.778253
3291	10.778253
3292	10.778253
3293	10.778253
3294	10.778253
3295	10.778253
3296	10.778253
3297	10.778253
3298	10.778253
3299	10.778253
3300	10.778253
3301	10.778253
3302	10.778253
3303	10.778253
3304	10.778253
3305	10.778253
3306	10.778253
3307	10.778253
3308	10.778253
3309	10.778253
3310	10.778253
3311	10.778253
3312	10.778253
3313	10.778253
3314	10.778253
3315	10.778253
3316	10.778253
3317	10.778253
3318	10.778253
3319	10.778253
3320	10.778253
3321	10.778253
3322	10.778253
3323	10.778253
3324	10.778253
3325	10.778253
3326	10.778253
3327	10.778253
3328	10.778253
3329	10.778253
3330	10.778253
3331	10.778253
3332	10.778253
3333	10.778253
3334	10.778253
3335	10.778253
3336	10.778253
3337	10.778253
3338	10.778253
3339	10.778253
3340	10.778253
3341	10.778253
3342	10.778253
3343	10.778253
3344	10.778253
3345	10.778253
3346	10.778253
3347	10.778253
3348	10.778253
3349	10.778253
3350	10.778253
3351	10.778253
3352	10.778253
3353	10.778253
3354	10.778253
3355	10.778253
3356	10.778253
3357	10.778253
3358	10.778253
3359	10.778253
3360	10.778253
3361	10.778253
3362	10.778253
3363	10.778253
3364	10.778253
3365	10.778253
3366	10.778253
3367	10.778253
3368	10.778253
3369	10.778253
3370	10.778253
3371	10.778253
3372	10.778253
3373	10.778253
3374	10.778253
3375	10.778253
3376	10.778253
3377	10.778253
3378	10.778253
3379	10.778253
3380	10.778253
3381	10.778253
3382	10.778253
3383	10.778253
3384	10.778253
3385	10.778253
3386	10.778253
3387	10.778253
3388	10.778253
3389	10.778253
3390	10.778253
3391	10.778253
3392	10.778253
3393	10.778253
3394	10.778253
3395	10.778253
3396	10.778253
3397	10.778253
3398	10.778253
3399	10.778253
3400	10.778253
3401	10.778253
3402	10.778253
3403	10.778253
3404	10.778253
3405	10.778253
3406	10.778253
3407	10.778253
3408	10.778253
3409	10.778253
3410	10.778253
3411	10.778253
3412	10.778253
3413	10.778253
3414	10.778253
3415	10.778253
3416	10.778253
3417	10.778253
3418	10.778253
3419	10.778253
3420	10.778253
3421	10.778253
3422	10.778253
3423	10.778253
3424	10.778253
3425	10.778253
3426	10.778253
3427	10.778253
3428	10.778253
3429	10.778253
3430	10.778253
3431	10.778253
3432	10.778253
3433	10.778253
3434	10.778253
3435	10.778253
3436	10.778253
3437	10.778253
3438	10.778253
3439	10.778253
3440	10.778253
3441	10.778253
3442	10.778253
3443	10.778253
3444	10.778253
3445	10.778253
3446	10.778253
3447	10.778253
3448	10.778253
3449	10.778253
3450	10.778253
3451	10.778253
3452	10.778253
3453	10.778253
3454	10.778253
3455	10.778253
3456	10.778253
3457	10.778253
3458	10.778253
3459	10.778253
3460	10.778253
3461	10.778253
3462	10.778253
3463	10.778253
3464	10.778253
3465	10.778253
3466	10.778253
3467	10.778253
3468	10.778253
3469	10.778253
3470	10.778253
3471	10.778253
3472	10.778253
3473	10.778253
3474	10.778253
3475	10.778253
3476	10.778253
3477	10.778253
3478	10.778253
3479	10.778253
3480	10.778253
3481	10.778253
3482	10.778253
3483	10.778253
3484	10.778253
3485	10.778253
3486	10.778253
3487	10.778253
3488	10.778253
3489	10.778253
3490	10.778253
3491	10.778253
3492	10.778253
3493	10.778253
3494	10.778253
3495	10.778253
3496	10.778253
3497	10.778253
3498	10.778253
3499	10.778253
3500	10.778253
3501	10.778253
3502	10.778253
3503	10.778253
3504	10.778253
3505	10.778253
3506	10.778253
3507	10.778253
3508	10.778253
3509	10.778253
3510	10.778253
3511	10.778253
3512	10.778253
3513	10.778253
3514	10.778253
3515	10.778253
3516	10.778253
3517	10.778253
3518	10.778253
3519	10.778253
3520	10.778253
3521	10.778253
3522	10.778253
3523	10.778253
3524	10.778253
3525	10.778253
3526	10.778253
3527	10.778253
3528	10.778253
3529	10.778253
3530	10.778253
3531	10.778253
3532	10.778253
3533	10.778253
3534	10.778253
3535	10.778253
3536	10.778253
3537	10.778253
3538	10.778253
3539	10.778253
3540	10.778253
3541	10.778253
3542	10.778253
3543	10.778253
3544	10.778253
3545	10.778253
3546	10.778253
3547	10.778253
3548	10.778253
3549	10.778253
3550	10.778253
3551	10.778253
3552	10.778253
3553	10.778253
3554	10.778253
3555	10.778253
3556	10.778253
3557	10.778253
3558	10.778253
3559	10.778253
3560	10.778253
3561	10.778253
3562	10.778253
3563	10.778253
3564	10.778253
3565	10.778253
3566	10.778253
3567	10.778253
3568	10.778253
3569	10.778253
3570	10.778253
3571	10.778253
3572	10.778253
3573	10.778253
3574	10.778253
3575	10.778253
3576	10.778253
3577	10.778253
3578	10.778253
3579	10.778253
3580	10.778253
3581	10.778253
3582	10.778253
3583	10.778253
3584	10.778253
3585	10.778253
3586	10.778253
3587	10.778253
3588	10.778253
3589	10.778253
3590	10.778253
3591	10.778253
3592	10.778253
3593	10.778253
3594	10.778253
3595	10.778253
3596	10.778253
3597	10.778253
3598	10.778253
3599	10.778253
3600	10.778253
3601	10.778253
3602	10.778253
3603	10.778253
3604	10.778253
3605	10.778253
3606	10.778253
3607	10.778253
3608	10.778253
3609	10.778253
3610	10.778253
3611	10.778253
3612	10.778253
3613	10.778253
3614	10.778253
3615	10.778253
3616	10.778253
3617	10.778253
3618	10.778253
3619	10.778253
3620	10.778253
3621	10.778253
3622	10.778253
3623	10.778253
3624	10.778253
3625	10.778253
3626	10.778253
3627	10.778253
3628	10.778253
3629	10.778253
3630	10.778253
3631	10.778253
3632	10.778253
3633	10.778253
3634	10.778253
3635	10.778253
3636	10.778253
3637	10.778253
3638	10.778253
3639	10.778253
3640	10.778253
3641	10.778253
3642	10.778253
3643	10.778253
3644	10.778253
3645	10.778253
3646	10.778253
3647	10.778253
3648	10.778253
3649	10.778253
3650	10.778253
3651	10.778253
3652	10.778253
3653	10.778253
3654	10.778253
3655	10.778253
3656	10.778253
3657	10.778253
3658	10.778253
3659	10.778253
3660	10.778253
3661	10.778253
3662	10.778253
3663	10.778253
3664	10.778253
3665	10.778253
3666	10.778253
3667	10.778253
3668	10.778253
3669	10.778253
3670	10.778253
3671	10.778253
3672	10.778253
3673	10.778253
3674	10.778253
3675	10.778253
3676	10.778253
3677	10.778253
3678	10.778253
3679	10.778253
3680	10.778253
3681	10.778253
3682	10.778253
3683	10.778253
3684	10.778253
3685	10.778253
3686	10.778253
3687	10.778253
3688	10.778253
3689	10.778253
3690	10.778253
3691	10.778253
3692	10.778253
3693	10.778253
3694	10.778253
3695	10.778253
3696	10.778253
3697	10.778253
3698	10.778253
3699	10.778253
3700	10.778253
3701	10.778253
3702	10.778253
3703	10.778253
3704	10.778253
3705	10.778253
3706	10.778253
3707	10.778253
3708	10.778253
3709	10.778253
3710	10.778253
3711	10.778253
3712	10.778253
3713	10.778253
3714	10.778253
3715	10.778253
3716	10.778253
3717	10.778253
3718	10.778253
3719	10.778253
3720	10.778253
3721	10.778253
3722	10.778253
3723	10.778253
3724	10.778253
3725	10.778253
3726	10.778253
3727	10.778253
3728	10.778253
3729	10.778253
3730	10.778253
3731	10.778253
3732	10.778253
3733	10.778253
3734	10.778253
3735	10.778253
3736	10.778253
3737	10.778253
3738	10.778253
3739	10.778253
3740	10.778253
3741	10.778253
3742	10.778253
3743	10.778253
3744	10.778253
3745	10.778253
3746	10.778253
3747	10.778253
3748	10.778253
3749	10.778253
3750	10.778253
3751	10.778253
3752	10.778253
3753	10.778253
3754	10.778253
3755	10.778253
3756	10.778253
3757	10.778253
3758	10.778253
3759	10.778253
3760	10.778253
3761	10.778253
3762	10.778253
3763	10.778253
3764	10.778253
3765	10.778253
3766	10.778253
3767	10.778253
3768	10.778253
3769	10.778253
3770	10.778253
3771	10.778253
3772	10.778253
3773	10.778253
3774	10.778253
3775	10.778253
3776	10.778253
3777	10.778253
3778	10.778253
3779	10.778253
3780	10.778253
3781	10.778253
3782	10.778253
3783	10.778253
3784	10.778253
3785	10.778253
3786	10.778253
3787	10.778253
3788	10.778253
3789	10.778253
3790	10.778253
3791	10.778253
3792	10.778253
3793	10.778253
3794	10.778253
3795	10.778253
3796	10.778253
3797	10.778253
3798	10.778253
3799	10.778253
3800	10.778253
3801	10.778253
3802	10.778253
3803	10.778253
3804	10.778253
3805	10.778253
3806	10.778253
3807	10.778253
3808	10.778253
3809	10.778253
3810	10.778253
3811	10.778253
3812	10.778253
3813	10.778253
3814	10.778253
3815	10.778253
3816	10.778253
3817	10.778253
3818	10.778253
3819	10.778253
3820	10.778253
3821	10.778253
3822	10.778253
3823	10.778253
3824	10.778253
3825	10.778253
3826	10.778253
3827	10.778253
3828	10.778253
3829	10.778253
3830	10.778253
3831	10.778253
3832	10.778253
3833	10.778253
3834	10.778253
3835	10.778253
3836	10.778253
3837	10.778253
3838	10.778253
3839	10.778253
3840	10.778253
3841	10.778253
3842	10.778253
3843	10.778253
3844	10.778253
3845	10.778253
3846	10.778253
3847	10.778253
3848	10.778253
3849	10.778253
3850	10.778253
3851	10.778253
3852	10.778253
3853	10.778253
3854	10.778253
3855	10.778253
3856	10.778253
3857	10.778253
3858	10.778253
3859	10.778253
3860	10.778253
3861	10.778253
3862	10.778253
3863	10.778253
3864	10.778253
3865	10.778253
3866	10.778253
3867	10.778253
3868	10.778253
3869	10.778253
3870	10.778253
3871	10.778253
3872	10.778253
3873	10.778253
3874	10.778253
3875	10.778253
3876	10.778253
3877	10.778253
3878	10.778253
3879	10.778253
3880	10.778253
3881	10.778253
3882	10.778253
3883	10.778253
3884	10.778253
3885	10.778253
3886	10.778253
3887	10.778253
3888	10.778253
3889	10.778253
3890	10.778253
3891	10.778253
3892	10.778253
3893	10.778253
3894	10.778253
3895	10.778253
3896	10.778253
3897	10.778253
3898	10.778253
3899	10.778253
3900	10.778253
3901	10.778253
3902	10.778253
3903	10.778253
3904	10.778253
3905	10.778253
3906	10.778253
3907	10.778253
3908	10.778253
3909	10.778253
3910	10.778253
3911	10.778253
3912	10.778253
3913	10.778253
3914	10.778253
3915	10.778253
3916	10.778253
3917	10.778253
3918	10.778253
3919	10.778253
3920	10.778253
3921	10.778253
3922	10.778253
3923	10.778253
3924	10.778253
3925	10.778253
3926	10.778253
3927	10.778253
3928	10.778253
3929	10.778253
3930	10.778253
3931	10.778253
3932	10.778253
3933	10.778253
3934	10.778253
3935	10.778253
3936	10.778253
3937	10.778253
3938	10.778253
3939	10.778253
3940	10.778253
3941	10.778253
3942	10.778253
3943	10.778253
3944	10.778253
3945	10.778253
3946	10.778253
3947	10.778253
3948	10.778253
3949	10.778253
3950	10.778253
3951	10.778253
3952	10.778253
3953	10.778253
3954	10.778253
3955	10.778253
3956	10.778253
3957	10.778253
3958	10.778253
3959	10.778253
3960	10.778253
3961	10.778253
3962	10.778253
3963	10.778253
3964	10.778253
3965	10.778253
3966	10.778253
3967	10.778253
3968	10.778253
3969	10.778253
3970	10.778253
3971	10.778253
3972	10.778253
3973	10.778253
3974	10.778253
3975	10.778253
3976	10.778253
3977	10.778253
3978	10.778253
3979	10.778253
3980	10.778253
3981	10.778253
3982	10.778253
3983	10.778253
3984	10.778253
3985	10.778253
3986	10.778253
3987	10.778253
3988	10.778253
3989	10.778253
3990	10.778253
3991	10.778253
3992	10.778253
3993	10.778253
3994	10.778253
3995	10.778253
3996	10.778253
3997	10.778253
3998	10.778253
3999	10.778253
4000	10.778253
4001	10.778253
4002	10.778253
4003	10.778253
4004	10.778253
4005	10.778253
4006	10.778253
4007	10.778253
4008	10.778253
4009	10.778253
4010	10.778253
4011	10.778253
4012	10.778253
4013	10.778253
4014	10.778253
4015	10.778253
4016	10.778253
4017	10.778253
4018	10.778253
4019	10.778253
4020	10.778253
4021	10.778253
4022	10.778253
4023	10.778253
4024	10.778253
4025	10.778253
4026	10.778253
4027	10.778253
4028	10.778253
4029	10.778253
4030	10.778253
4031	10.778253
4032	10.778253
4033	10.778253
4034	10.778253
4035	10.778253
4036	10.778253
4037	10.778253
4038	10.778253
4039	10.778253
4040	10.778253
4041	10.778253
4042	10.778253
4043	10.778253
4044	10.778253
4045	10.778253
4046	10.778253
4047	10.778253
4048	10.778253
4049	10.778253
4050	10.778253
4051	10.778253
4052	10.778253
4053	10.778253
4054	10.778253
4055	10.778253
4056	10.778253
4057	10.778253
4058	10.778253
4059	10.778253
4060	10.778253
4061	10.778253
4062	10.778253
