1	7796724.0
2	7860849.0
3	7864712.0
4	8003598.0
5	8097330.0
6	8113734.0
7	8130894.0
8	8285349.0
9	8293734.0
10	8297387.0
11	8346823.0
12	8319043.0
13	8310569.0
14	8697622.0
15	8698432.0
16	8321885.0
17	8325755.0
18	8337095.0
19	8380025.0
20	8586745.0
21	8647555.0
22	8838510.0
23	8830005.0
24	8907789.0
25	8984525.0
26	9043423.0
27	8935165.0
28	8951605.0
29	8862694.0
30	8863554.0
31	8876595.0
32	8815100.0
33	8625974.0
34	8635852.0
35	8644403.0
36	8554931.0
37	8594443.0
38	8608956.0
39	8598240.0
40	8203812.0
41	8111024.0
42	7690172.0
43	7507052.0
44	7414226.0
45	7414226.0
46	7423394.0
47	7212165.0
48	7325969.0
49	7197296.0
50	7078115.0
51	7312655.0
52	7470081.0
53	7486887.0
54	7529264.0
55	7540446.0
56	7549038.0
57	7546638.0
58	7308766.0
59	7372319.0
60	7374803.0
61	7389070.0
62	7759300.0
63	7788433.0
64	7682859.0
65	7414291.0
66	7548459.0
67	7553019.0
68	7604931.0
69	7111839.0
70	7143501.0
71	7145002.0
72	7012659.0
73	7061077.0
74	7235193.0
75	7239413.0
76	6944291.0
77	6565552.0
78	6882560.0
79	6681968.0
80	6683527.0
81	6696217.0
82	6450769.0
83	6391177.0
84	6562747.0
85	7411757.0
86	7476300.0
87	7359884.0
88	7189130.0
89	7220456.0
90	7193744.0
91	6865358.0
92	6868382.0
93	6650737.0
94	6648836.0
95	6698240.0
96	6678584.0
97	5978230.0
98	5896090.0
99	5907834.0
100	5615052.0
101	5581000.0
102	5743714.0
103	5696485.0
104	5723503.0
105	5840942.0
106	6213257.0
107	6221849.0
108	6406468.0
109	6598657.0
110	7065565.0
111	7000152.0
112	6923559.0
113	7294898.0
114	7303687.0
115	7179913.0
116	7434013.0
117	7671890.0
118	7885616.0
119	7864319.0
120	7695389.0
121	7527465.0
122	7542711.0
123	7625871.0
124	7414848.0
125	7501417.0
126	7488793.0
127	7507747.0
128	7241704.0
129	7588582.0
130	7720293.0
131	7804083.0
132	7896288.0
133	7895428.0
134	7713542.0
135	7344617.0
136	6907870.0
137	6803135.0
138	6790948.0
139	6805150.0
140	7015692.0
141	7075262.0
142	7257148.0
143	7198402.0
144	7346630.0
145	7368901.0
146	7474861.0
147	6902347.0
148	6725614.0
149	6747818.0
150	7068994.0
151	6918999.0
152	6452165.0
153	6460765.0
154	6250777.0
155	6243289.0
156	6281639.0
157	6610602.0
158	6514206.0
159	6536972.0
160	6585768.0
161	6613492.0
162	6614544.0
163	6765792.0
164	7075470.0
165	6915094.0
166	7025458.0
167	7198670.0
168	7039401.0
169	6972417.0
170	7016617.0
171	6906253.0
172	6934783.0
173	6524103.0
174	6963007.0
175	6896342.0
176	7073407.0
177	6726590.0
178	6784635.0
179	6824651.0
180	6766078.0
181	6991660.0
182	6981596.0
183	7018817.0
184	7182199.0
185	6633000.0
186	6668931.0
187	6641085.0
188	6617055.0
189	6678807.0
190	6681507.0
191	6418661.0
192	6346650.0
193	6542978.0
194	6504738.0
195	6938178.0
196	6966838.0
197	6922638.0
198	7106657.0
199	7341733.0
200	7360453.0
201	7353742.0
202	7400586.0
203	7407110.0
204	7489454.0
205	7769716.0
206	7599122.0
207	7679657.0
208	7341121.0
209	7171237.0
210	7181977.0
211	7183768.0
212	7318064.0
213	7319549.0
214	7239599.0
215	7333198.0
216	7322458.0
217	7349218.0
218	7359958.0
219	7230763.0
220	7192555.0
221	6993157.0
222	7195522.0
223	7228672.0
224	7226881.0
225	7048262.0
226	6944432.0
227	7481732.0
228	7481732.0
229	7699150.0
230	7604625.0
231	7653251.0
232	7653251.0
233	7654807.0
234	7654807.0
235	7492069.0
236	7530919.0
237	7671639.0
238	7688314.0
239	7650670.0
240	7669790.0
241	7634858.0
242	7541736.0
243	7935836.0
244	7911717.0
245	7919997.0
246	7860297.0
247	7739113.0
248	7404709.0
249	7156380.0
250	7466130.0
251	7494255.0
252	7494255.0
253	7464604.0
254	7457509.0
255	7499157.0
256	7569915.0
257	7151800.0
258	7217800.0
259	7214860.0
260	7181005.0
261	7251205.0
262	7560420.0
263	7404264.0
264	7424431.0
265	7398131.0
266	7362510.0
267	7404851.0
268	7709319.0
269	8254380.0
270	7961844.0
271	8062230.0
272	8412257.0
273	8310143.0
274	8037917.0
275	8417066.0
276	8348196.0
277	8281488.0
278	7865350.0
279	7790020.0
280	7453948.0
281	7348183.0
282	7119418.0
283	6822552.0
284	6924212.0
285	7015190.0
286	7009100.0
287	6904947.0
288	6824551.0
289	6512121.0
290	6658108.0
291	6806578.0
292	6798298.0
293	6780606.0
294	6977789.0
295	7082765.0
296	7060180.0
297	7172725.0
298	7205989.0
299	7323812.0
300	7232151.0
301	7394976.0
302	7388016.0
303	7015367.0
304	6803267.0
305	6890207.0
306	6598377.0
307	6897017.0
308	7038831.0
309	7026967.0
310	7030649.0
311	7036049.0
312	7046789.0
313	7036049.0
314	6949144.0
315	7101562.0
316	7560434.0
317	7916824.0
318	8072598.0
319	8060459.0
320	8064375.0
321	7845147.0
322	7855887.0
323	7708225.0
324	7523752.0
325	7570842.0
326	7602688.0
327	8046676.0
328	7738646.0
329	7747457.0
330	7497218.0
331	7294238.0
332	7393646.0
333	7161192.0
334	7082218.0
335	7382371.0
336	7241594.0
337	7460667.0
338	7466379.0
339	7389384.0
340	7325455.0
341	7091685.0
342	7027525.0
343	7016785.0
344	6993937.0
345	6775873.0
346	6717589.0
347	6717589.0
348	6717589.0
349	7014910.0
350	7119886.0
351	7183191.0
352	7431355.0
353	7433371.0
354	7454203.0
355	7662131.0
356	7497971.0
357	7638748.0
358	7310684.0
359	7936699.0
360	8005773.0
361	8169519.0
362	8511429.0
363	8694057.0
364	8671209.0
365	8622013.0
366	8618602.0
367	8193755.0
368	8040774.0
369	8171140.0
370	8066164.0
371	7698701.0
372	7676065.0
373	7717016.0
374	7553270.0
375	7802527.0
376	7847152.0
377	7344248.0
378	7455260.0
379	7468310.0
380	7516950.0
381	7882816.0
382	7717617.0
383	7755163.0
384	7859168.0
385	7885010.0
386	7989986.0
387	7922777.0
388	7726124.0
389	7479561.0
390	7629849.0
391	7984386.0
392	8185081.0
393	7868076.0
394	8070434.0
395	8107874.0
396	8420914.0
397	8358067.0
398	8335076.0
399	8831494.0
400	8847532.0
401	8250188.0
402	8119589.0
403	8128345.0
404	7757391.0
405	7721691.0
406	7541105.0
407	7144647.0
408	7316662.0
409	7112881.0
410	7130017.0
411	7202790.0
412	7226471.0
413	7369077.0
414	7369502.0
415	7388066.0
416	7450718.0
417	6991475.0
418	6975437.0
419	7025597.0
420	7160039.0
421	7214103.0
422	7163943.0
423	7292694.0
424	7278504.0
425	7554278.0
426	7535024.0
427	7589832.0
428	7616744.0
429	7533989.0
430	7479181.0
431	7316096.0
432	7386251.0
433	7014934.0
434	7231246.0
435	7311436.0
436	7246693.0
437	7467771.0
438	7835307.0
439	7877334.0
440	7616684.0
441	7707964.0
442	7695133.0
443	8134537.0
444	8128391.0
445	8144429.0
446	7715702.0
447	7872639.0
448	7919789.0
449	8402196.0
450	8046256.0
451	7953124.0
452	7962157.0
453	7935245.0
454	7439072.0
455	7891862.0
456	7917324.0
457	7836992.0
458	7823463.0
459	7593548.0
460	7871726.0
461	7771211.0
462	7528232.0
463	7318216.0
464	6813011.0
465	7208070.0
466	7309642.0
467	7576197.0
468	7720682.0
469	7621041.0
470	7691403.0
471	7526337.0
472	7430136.0
473	7570606.0
474	7328293.0
475	7318056.0
476	7314652.0
477	7187375.0
478	7128448.0
479	6985064.0
480	7088107.0
481	7077810.0
482	7191370.0
483	7044020.0
484	7197540.0
485	7122113.0
486	7175592.0
487	7417905.0
488	7314862.0
489	7345636.0
490	7201051.0
491	6945967.0
492	6945967.0
493	6608401.0
494	6666460.0
495	6831632.0
496	7069873.0
497	7071589.0
498	7262304.0
499	7416953.0
500	7651039.0
501	7508020.0
502	7279003.0
503	6996123.0
504	6996981.0
505	7191461.0
506	7203491.0
507	7089931.0
508	7262866.0
509	7069062.0
510	7056690.0
511	7106196.0
512	7080068.0
513	7197188.0
514	7315590.0
515	7235310.0
516	6843784.0
517	6889985.0
518	7338332.0
519	7508287.0
520	7660181.0
521	7913021.0
522	8176613.0
523	7888697.0
524	7895825.0
525	7629270.0
526	7580895.0
527	7903767.0
528	7967918.0
529	7716428.0
530	7623873.0
531	7638708.0
532	7666683.0
533	7735591.0
534	7443658.0
535	7746751.0
536	7423879.0
537	7097594.0
538	7082759.0
539	7151893.0
540	7169308.0
541	7609962.0
542	7625767.0
543	7637757.0
544	7631318.0
545	7700558.0
546	7661541.0
547	7307229.0
548	7390271.0
549	7414732.0
550	7519802.0
551	7261032.0
552	7054354.0
553	7251553.0
554	7533148.0
555	7561424.0
556	7439427.0
557	7020660.0
558	7051620.0
559	6998304.0
560	7248106.0
561	7246591.0
562	7196622.0
563	7030939.0
564	6979317.0
565	6952047.0
566	7025187.0
567	7026284.0
568	7032344.0
569	7159043.0
570	7515100.0
571	7487072.0
572	7346419.0
573	7411779.0
574	7202554.0
575	7295109.0
576	7262280.0
577	7311978.0
578	7441028.0
579	7481015.0
580	7489487.0
581	7422367.0
582	7497679.0
583	7050327.0
584	6925625.0
585	6917153.0
586	6815907.0
587	6490243.0
588	6165023.0
589	6059255.0
590	6105050.0
591	6302051.0
592	6472620.0
593	6181436.0
594	6614460.0
595	6682533.0
596	6936106.0
597	6455958.0
598	6642191.0
599	6586136.0
600	6565711.0
601	6475869.0
602	6406289.0
603	6438776.0
604	6425246.0
605	6509704.0
606	6492117.0
607	6610067.0
608	6761110.0
609	6395018.0
610	6428181.0
611	6488554.0
612	6523131.0
613	6499027.0
614	6911481.0
615	6870949.0
616	6748645.0
617	6796405.0
618	6725362.0
619	6998884.0
620	6904654.0
621	6644811.0
622	6753787.0
623	6886918.0
624	7008266.0
625	7008266.0
626	7047672.0
627	7156322.0
628	7111638.0
629	7246309.0
630	7415076.0
631	7075944.0
632	6900029.0
633	7100747.0
634	7177573.0
635	7036024.0
636	7218363.0
637	6942151.0
638	6894391.0
639	7138679.0
640	7166882.0
641	6998746.0
642	7106029.0
643	7016509.0
644	6725740.0
645	6623132.0
646	6645535.0
647	6632416.0
648	6643156.0
649	6464912.0
650	6599352.0
651	6737847.0
652	6627644.0
653	6657275.0
654	6845772.0
655	6880427.0
656	6854295.0
657	6894869.0
658	7086137.0
659	6821842.0
660	7037189.0
661	7057487.0
662	6922477.0
663	7103014.0
664	6797600.0
665	6989982.0
666	7375463.0
667	7667396.0
668	7604155.0
669	7571449.0
670	7558602.0
671	7429542.0
672	6967663.0
673	7426506.0
674	6960050.0
675	6849623.0
676	6969620.0
677	7022471.0
678	7394803.0
679	6995678.0
680	7394803.0
681	7479368.0
682	7251314.0
683	7531889.0
684	7498726.0
685	7687510.0
686	7351383.0
687	7332993.0
688	7309779.0
689	7534330.0
690	7386436.0
691	7315393.0
692	7210598.0
693	6746346.0
694	6883059.0
695	7456423.0
696	7497835.0
697	7073691.0
698	7311825.0
699	6923147.0
700	7265060.0
701	7141220.0
702	7167193.0
703	7464500.0
704	6926462.0
705	7078704.0
706	7388156.0
707	7310611.0
708	7121785.0
709	7745650.0
710	7865831.0
711	7787130.0
712	8049267.0
713	7869267.0
714	7877426.0
715	7790692.0
716	7830067.0
717	7285451.0
718	7299899.0
719	7282544.0
720	7034690.0
721	6978696.0
722	7066760.0
723	7026260.0
724	7151567.0
725	7234703.0
726	6875008.0
727	6811506.0
728	7329010.0
729	7090668.0
730	6450275.0
731	6450275.0
732	6304427.0
733	6483152.0
734	6357845.0
735	6368903.0
736	6363794.0
737	7004187.0
738	6958617.0
739	6856105.0
740	6737467.0
741	6827947.0
742	6823131.0
743	7094316.0
744	7091530.0
745	7101541.0
746	6971701.0
747	7081717.0
748	7061763.0
749	7105638.0
750	7163644.0
751	6802814.0
752	6835994.0
753	6769707.0
754	6980144.0
755	6889664.0
756	6650294.0
757	6588598.0
758	6701410.0
759	6830066.0
760	7284834.0
761	6938557.0
762	7366009.0
763	7302700.0
764	7448395.0
765	7071565.0
766	7508448.0
767	6952582.0
768	6910120.0
769	6931637.0
770	6887260.0
771	6694156.0
772	6860520.0
773	6935728.0
774	6660635.0
775	6408824.0
776	6215073.0
777	6297584.0
778	6201301.0
779	6426867.0
780	6463839.0
781	6635439.0
782	6666727.0
783	6517278.0
784	6480306.0
785	6544454.0
786	6767318.0
787	6743040.0
788	6854812.0
789	6685686.0
790	6698290.0
791	6703402.0
792	6911663.0
793	6750187.0
794	6967285.0
795	6840124.0
796	6652064.0
797	6561519.0
798	6561519.0
799	6621238.0
800	6567460.0
801	6841730.0
802	6854003.0
803	6905978.0
804	6799802.0
805	6985697.0
806	6996437.0
807	7378503.0
808	7568735.0
809	7605707.0
810	7721729.0
811	7364251.0
812	7676982.0
813	7445545.0
814	7429265.0
815	7534257.0
816	7325996.0
817	7624695.0
818	7396543.0
819	7375191.0
820	7517751.0
821	7904715.0
822	7859578.0
823	7778432.0
824	7663388.0
825	7653961.0
826	7619438.0
827	7622606.0
828	7618648.0
829	7725662.0
830	7785702.0
831	7776780.0
832	7635535.0
833	7767574.0
834	7778081.0
835	7988558.0
836	7901500.0
837	8077836.0
838	8067096.0
839	8181087.0
840	8437608.0
841	8396461.0
842	8481595.0
843	8603918.0
844	8439330.0
845	7713730.0
846	7431429.0
847	7471770.0
848	7270030.0
849	7154013.0
850	7409186.0
851	7392312.0
852	7812437.0
853	7480567.0
854	7589696.0
855	7448365.0
856	7744512.0
857	7662844.0
858	7502706.0
859	7546685.0
860	7460192.0
861	7543694.0
862	7367131.0
863	6920180.0
864	6989088.0
865	7023784.0
866	7107003.0
867	7107986.0
868	7413660.0
869	7387193.0
870	7644809.0
871	7778211.0
872	7646172.0
873	7801914.0
874	8065263.0
875	8222762.0
876	7853836.0
877	7748535.0
878	7678805.0
879	7711694.0
880	7294713.0
881	7168945.0
882	7197061.0
883	7347672.0
884	7307187.0
885	7288807.0
886	7290742.0
887	7515231.0
888	7340569.0
889	7367344.0
890	7488871.0
891	7417333.0
892	7382637.0
893	7162204.0
894	7084878.0
895	7183434.0
896	7360552.0
897	7185830.0
898	7101190.0
899	7025267.0
900	6801625.0
901	6630767.0
902	6740008.0
903	6647456.0
904	6551890.0
905	6739417.0
906	6609780.0
907	6646842.0
908	6699236.0
909	6816888.0
910	6629368.0
911	6104646.0
912	6126596.0
913	6493030.0
914	6772235.0
915	6608998.0
916	6720616.0
917	6699942.0
918	7200427.0
919	7380891.0
920	7351995.0
921	7347845.0
922	7364247.0
923	7675568.0
924	7758644.0
925	7617266.0
926	7323177.0
927	7139422.0
928	7017085.0
929	7276382.0
930	7114432.0
931	7274332.0
932	7445634.0
933	7847632.0
934	7851358.0
935	7848253.0
936	8078766.0
937	7922686.0
938	7209072.0
939	7915991.0
940	7700626.0
941	7390354.0
942	8124313.0
943	8020348.0
944	8041028.0
945	8236048.0
946	8460163.0
947	8354273.0
948	8344987.0
949	8367352.0
950	8127756.0
951	7811472.0
952	7925022.0
953	8004582.0
954	8113977.0
955	8121643.0
956	8147962.0
957	8027812.0
958	8181297.0
959	8180676.0
960	8181688.0
961	7951175.0
962	8181688.0
963	8716042.0
964	8630787.0
965	8521542.0
966	8522784.0
967	8466223.0
968	8539501.0
969	8459941.0
970	8613461.0
971	8743709.0
972	8653960.0
973	8523712.0
974	8414546.0
975	8348002.0
976	8011236.0
977	7924644.0
978	8023652.0
979	7979751.0
980	7594308.0
981	7123706.0
982	7033161.0
983	6695220.0
984	5948852.0
985	6337778.0
986	6304372.0
987	6314416.0
988	6567440.0
989	6423838.0
990	6412495.0
991	6151479.0
992	6380920.0
993	6591480.0
994	6487785.0
995	6476363.0
996	6806663.0
997	6886853.0
998	6702053.0
999	6894750.0
1000	6612359.0
1001	6803165.0
1002	6696071.0
1003	6998711.0
1004	7289827.0
1005	7289487.0
1006	6458622.0
1007	6255443.0
1008	6274595.0
1009	6731958.0
1010	6772086.0
1011	6726633.0
1012	7137171.0
1013	7150481.0
1014	6989052.0
1015	7025313.0
1016	7031237.0
1017	7154112.0
1018	7260831.0
1019	7206811.0
1020	7150890.0
1021	7071337.0
1022	6842019.0
1023	6794001.0
1024	6701376.0
1025	6614477.0
1026	6681739.0
1027	7074359.0
1028	7333148.0
1029	7448784.0
1030	7054472.0
1031	7046444.0
1032	7079466.0
1033	7308515.0
1034	7146621.0
1035	7153746.0
1036	7083438.0
1037	7035963.0
1038	7220834.0
1039	7106074.0
1040	6902482.0
1041	6996699.0
1042	7080139.0
1043	6920509.0
1044	6942361.0
1045	6949866.0
1046	6909562.0
1047	7070390.0
1048	7070390.0
1049	7188167.0
1050	7609999.0
1051	7434739.0
1052	7804783.0
1053	8053371.0
1054	8187563.0
1055	8187563.0
1056	8187563.0
1057	8003876.0
1058	7558751.0
1059	7536899.0
1060	7759799.0
1061	7426379.0
1062	7205438.0
1063	7214318.0
1064	7119899.0
1065	7373775.0
1066	7390500.0
1067	7596533.0
1068	7424405.0
1069	7170529.0
1070	7052805.0
1071	6892228.0
1072	7023444.0
1073	7100457.0
1074	7023493.0
1075	7275918.0
1076	7337154.0
1077	7668246.0
1078	7287912.0
1079	7333090.0
1080	7363519.0
1081	7384882.0
1082	7304837.0
1083	7418561.0
1084	7375505.0
1085	7061853.0
1086	7123623.0
1087	7080775.0
1088	7307170.0
1089	7396114.0
1090	7454962.0
1091	7508943.0
1092	7534462.0
1093	7475614.0
1094	7534462.0
1095	7837392.0
1096	7862664.0
1097	7766670.0
1098	7775249.0
1099	7887515.0
1100	7834163.0
1101	8010573.0
1102	7871472.0
1103	7812624.0
1104	7516114.0
1105	7363568.0
1106	7417088.0
1107	7441582.0
1108	7438435.0
1109	7375477.0
1110	7352001.0
1111	8042986.0
1112	8101834.0
1113	7974488.0
1114	7228120.0
1115	7271021.0
1116	7280189.0
1117	7346777.0
1118	7637090.0
1119	7788691.0
1120	7325312.0
1121	7367432.0
1122	7571818.0
1123	7207055.0
1124	7103824.0
1125	6968942.0
1126	6945184.0
1127	6884449.0
1128	6881580.0
1129	7154496.0
1130	7221246.0
1131	6734492.0
1132	6916792.0
1133	6421647.0
1134	6536375.0
1135	6474357.0
1136	6338945.0
1137	6462682.0
1138	6559806.0
1139	6634398.0
1140	6499526.0
1141	6532886.0
1142	6543036.0
1143	6615084.0
1144	6686660.0
1145	7224089.0
1146	6578008.0
1147	6871737.0
1148	7557345.0
1149	7723311.0
1150	6844772.0
1151	6886628.0
1152	6907218.0
1153	6642558.0
1154	6732958.0
1155	6516246.0
1156	6375295.0
1157	6888982.0
1158	6970990.0
1159	6738247.0
1160	6699179.0
1161	6851642.0
1162	6823952.0
1163	6953526.0
1164	6960881.0
1165	6949393.0
1166	6731687.0
1167	6840656.0
1168	6817079.0
1169	6856227.0
1170	6795229.0
1171	6799120.0
1172	6599794.0
1173	6617259.0
1174	6869897.0
1175	6981150.0
1176	7730262.0
1177	7600503.0
1178	7421192.0
1179	7349144.0
1180	7186666.0
1181	7163340.0
1182	7351195.0
1183	7353121.0
1184	7538971.0
1185	7620026.0
1186	7603880.0
1187	7277606.0
1188	7291967.0
1189	7600381.0
1190	7651289.0
1191	7506876.0
1192	7411220.0
1193	7446063.0
1194	7446063.0
1195	7195682.0
1196	7215126.0
1197	7215126.0
1198	7213842.0
1199	7213659.0
1200	7088703.0
1201	7303905.0
1202	7333644.0
1203	7133930.0
1204	7171322.0
1205	7191652.0
1206	7265277.0
1207	7347788.0
1208	7284027.0
1209	7321287.0
1210	7337799.0
1211	7286024.0
1212	7388458.0
1213	7380326.0
1214	7577480.0
1215	7525871.0
1216	7648212.0
1217	7907740.0
1218	7373805.0
1219	7373805.0
1220	7487916.0
1221	7487916.0
1222	7361842.0
1223	7007668.0
1224	6865688.0
1225	7193682.0
1226	7309733.0
1227	7388753.0
1228	7462430.0
1229	7523258.0
1230	7169485.0
1231	7458445.0
1232	7443577.0
1233	7141316.0
1234	7131939.0
1235	6882596.0
1236	6583508.0
1237	6638753.0
1238	6665087.0
1239	6620266.0
1240	6739645.0
1241	6817675.0
1242	7342286.0
1243	7313463.0
1244	7577842.0
1245	7198916.0
1246	7293218.0
1247	7338813.0
1248	7100428.0
1249	6987096.0
1250	7125624.0
1251	6625078.0
1252	6553354.0
1253	6316210.0
1254	6450290.0
1255	6254072.0
1256	6355164.0
1257	6354119.0
1258	6135774.0
1259	6176486.0
1260	6181316.0
1261	6179292.0
1262	6146861.0
1263	6603502.0
1264	6712491.0
1265	7225115.0
1266	6993800.0
1267	7138112.0
1268	7145966.0
1269	7142564.0
1270	7099011.0
1271	7105891.0
1272	7190800.0
1273	7219047.0
1274	6899629.0
1275	6824281.0
1276	6817344.0
1277	7107486.0
1278	7138608.0
1279	6591148.0
1280	6507728.0
1281	6517763.0
1282	6398681.0
1283	6431772.0
1284	6428808.0
1285	6428808.0
1286	6507421.0
1287	6602373.0
1288	6368193.0
1289	6293132.0
1290	6535836.0
1291	6455189.0
1292	6574271.0
1293	6548581.0
1294	6592591.0
1295	6493395.0
1296	6493395.0
1297	6526101.0
1298	6691393.0
1299	6561607.0
1300	6819293.0
1301	6728297.0
1302	6703024.0
1303	6911380.0
1304	6791834.0
1305	6922241.0
1306	6922862.0
1307	6575806.0
1308	6349379.0
1309	6567379.0
1310	6428867.0
1311	6249473.0
1312	6289838.0
1313	6303218.0
1314	6296922.0
1315	6408480.0
1316	6190480.0
1317	6336077.0
1318	6561533.0
1319	6816026.0
1320	6833981.0
1321	7172496.0
1322	7365725.0
1323	7379829.0
1324	7293753.0
1325	7146009.0
1326	7380033.0
1327	7509284.0
1328	7609436.0
1329	7494080.0
1330	7494080.0
1331	8157094.0
1332	8054252.0
1333	8054252.0
1334	7866197.0
1335	7971449.0
1336	7982393.0
1337	8010281.0
1338	8119333.0
1339	8236069.0
1340	8073428.0
1341	8280248.0
1342	8298878.0
1343	8173022.0
1344	8165168.0
1345	8162483.0
1346	7855564.0
1347	7690902.0
1348	7696380.0
1349	7783546.0
1350	7482699.0
1351	6838969.0
1352	7008649.0
1353	6621395.0
1354	6442525.0
1355	6477937.0
1356	6408111.0
1357	6681302.0
1358	6763472.0
1359	7457987.0
1360	7529075.0
1361	7384601.0
1362	6820038.0
1363	6993001.0
1364	7627983.0
1365	8118753.0
1366	8084622.0
1367	7764953.0
1368	7742681.0
1369	7526216.0
1370	7619082.0
1371	7596816.0
1372	7777309.0
1373	7726166.0
1374	7845265.0
1375	7884866.0
1376	7925377.0
1377	7832511.0
1378	7703389.0
1379	7275052.0
1380	7364587.0
1381	7509235.0
1382	7695700.0
1383	7699996.0
1384	7839249.0
1385	7799087.0
1386	7121590.0
1387	7133200.0
1388	7082191.0
1389	7113446.0
1390	7206312.0
1391	7114730.0
1392	7164410.0
1393	7195460.0
1394	7273781.0
1395	7317260.0
1396	7324712.0
1397	7315397.0
1398	7258265.0
1399	6681167.0
1400	7048001.0
1401	7274804.0
1402	7294055.0
1403	7354073.0
1404	7034404.0
1405	6843327.0
1406	6548541.0
1407	6520531.0
1408	6607730.0
1409	6550310.0
1410	6386432.0
1411	6518014.0
1412	6595688.0
1413	6485843.0
1414	6485843.0
1415	6578709.0
1416	6625323.0
1417	6521751.0
1418	7053791.0
1419	7128522.0
1420	7232400.0
1421	7289532.0
1422	7330788.0
1423	7327380.0
1424	6691403.0
1425	6800105.0
1426	6939746.0
1427	7062241.0
1428	7323281.0
1429	6939554.0
1430	7029696.0
1431	7702890.0
1432	7810576.0
1433	7636189.0
1434	7521565.0
1435	7623184.0
1436	7064614.0
1437	6935264.0
1438	7111755.0
1439	6893551.0
1440	6954194.0
1441	6543081.0
1442	6670623.0
1443	6867630.0
1444	7038349.0
1445	7035675.0
1446	6809514.0
1447	7106468.0
1448	7130756.0
1449	6667009.0
1450	7241124.0
1451	7283628.0
1452	6976560.0
1453	7006989.0
1454	6928593.0
1455	6676622.0
1456	6769141.0
1457	6526789.0
1458	6542218.0
1459	6530608.0
1460	6534807.0
1461	6296357.0
1462	6228363.0
1463	6152973.0
1464	6054546.0
1465	6097872.0
1466	6383537.0
1467	6648632.0
1468	6660242.0
1469	6731790.0
1470	6758895.0
1471	6759173.0
1472	6695669.0
1473	6648248.0
1474	6143186.0
1475	5927591.0
1476	5997625.0
1477	5996765.0
1478	5985155.0
1479	5985155.0
1480	6072430.0
1481	5979564.0
1482	5978274.0
1483	6011325.0
1484	6098745.0
1485	6012846.0
1486	5995353.0
1487	6195272.0
1488	5934708.0
1489	6143474.0
1490	6267277.0
1491	6599077.0
1492	6785941.0
1493	6791122.0
1494	6959863.0
1495	6779160.0
1496	6702362.0
1497	6775118.0
1498	6651171.0
1499	6741306.0
1500	6701074.0
1501	6288683.0
1502	6454416.0
1503	6647516.0
1504	6501761.0
1505	6413629.0
1506	6571988.0
1507	6669045.0
1508	6452065.0
1509	6399901.0
1510	6402041.0
1511	6448110.0
1512	6351486.0
1513	6160776.0
1514	6467703.0
1515	6462901.0
1516	5921161.0
1517	5715593.0
1518	5502263.0
1519	5641620.0
1520	5849641.0
1521	5779326.0
1522	5799656.0
1523	5924592.0
1524	5908128.0
1525	6014238.0
1526	6462235.0
1527	6071562.0
1528	6109638.0
1529	6187958.0
1530	6155114.0
1531	6190376.0
1532	6322188.0
1533	6429818.0
1534	6711355.0
1535	6570944.0
1536	6473887.0
1537	6496972.0
1538	6271357.0
1539	6538692.0
1540	6736611.0
1541	6622485.0
1542	6662501.0
1543	7056492.0
1544	7233720.0
1545	7144404.0
1546	7104814.0
1547	7139910.0
1548	7190010.0
1549	7438667.0
1550	7401003.0
1551	7262604.0
1552	7578555.0
1553	7578555.0
1554	7684738.0
1555	7696888.0
1556	7819739.0
1557	7827039.0
1558	7827039.0
1559	7827039.0
1560	7353241.0
1561	7369651.0
1562	7390409.0
1563	7512387.0
1564	7533672.0
1565	7377644.0
1566	7380021.0
1567	7362915.0
1568	7406343.0
1569	7591164.0
1570	7557732.0
1571	7633044.0
1572	7565573.0
1573	7789060.0
1574	7893775.0
1575	8102111.0
1576	8097391.0
1577	8342559.0
1578	7980180.0
1579	7440492.0
1580	7930501.0
1581	7931367.0
1582	7877027.0
1583	7565701.0
1584	7372792.0
1585	7337567.0
1586	7281539.0
1587	7281539.0
1588	7281539.0
1589	7507811.0
1590	7098916.0
1591	7203921.0
1592	7203921.0
1593	7297731.0
1594	7398723.0
1595	7294845.0
1596	7232757.0
1597	7232757.0
1598	7116657.0
1599	6994905.0
1600	6994905.0
1601	6294983.0
1602	6599399.0
1603	6710583.0
1604	6454762.0
1605	6288796.0
1606	6301792.0
1607	5990583.0
1608	6270771.0
1609	6309334.0
1610	6154129.0
1611	6433980.0
1612	6378443.0
1613	6418827.0
1614	6386549.0
1615	6325063.0
1616	6338327.0
1617	6414880.0
1618	6357842.0
1619	6357842.0
1620	6357842.0
1621	6786486.0
1622	6941034.0
1623	7024811.0
1624	7039646.0
1625	7115361.0
1626	7127369.0
1627	7335587.0
1628	7520552.0
1629	7520552.0
1630	7561511.0
1631	7649251.0
1632	7635300.0
1633	7473513.0
1634	7171595.0
1635	7268652.0
1636	7638359.0
1637	7652952.0
1638	7558726.0
1639	7549300.0
1640	7248547.0
1641	7077433.0
1642	7111158.0
1643	7280838.0
1644	7445403.0
1645	7500216.0
1646	7531421.0
1647	7789977.0
1648	7831901.0
1649	7859512.0
1650	7473494.0
1651	7798297.0
1652	7473494.0
1653	7701458.0
1654	7633005.0
1655	7883797.0
1656	7883797.0
1657	7760483.0
1658	7685614.0
1659	7418945.0
1660	7452107.0
1661	7634366.0
1662	7602205.0
1663	7349934.0
1664	7458840.0
1665	7649482.0
1666	7316022.0
1667	7188913.0
1668	7203493.0
1669	7250743.0
1670	7392055.0
1671	7131613.0
1672	7300675.0
1673	7313067.0
1674	7388365.0
1675	7550152.0
1676	7791680.0
1677	7919936.0
1678	7936661.0
1679	7781513.0
1680	7826773.0
1681	8018312.0
1682	8249427.0
1683	7752464.0
1684	7803536.0
1685	7954162.0
1686	7430033.0
1687	7437641.0
1688	7757769.0
1689	7595982.0
1690	7396784.0
1691	7451459.0
1692	7395623.0
1693	6898507.0
1694	6987353.0
1695	7117763.0
1696	7101078.0
1697	7385605.0
1698	7532284.0
1699	7707840.0
1700	7635451.0
1701	7407821.0
1702	7461281.0
1703	7538955.0
1704	7508263.0
1705	7426399.0
1706	7649726.0
1707	7041212.0
1708	7046260.0
1709	7037273.0
1710	7145401.0
1711	7142135.0
1712	6819691.0
1713	6758374.0
1714	7046871.0
1715	6958965.0
1716	6546308.0
1717	7012124.0
1718	7133166.0
1719	7144488.0
1720	7273278.0
1721	7349412.0
1722	7317771.0
1723	7282889.0
1724	7132879.0
1725	7093710.0
1726	6985082.0
1727	7057906.0
1728	7323074.0
1729	7433360.0
1730	7270340.0
1731	7181549.0
1732	7003709.0
1733	7007912.0
1734	7066880.0
1735	6956594.0
1736	6928816.0
1737	7164996.0
1738	6881198.0
1739	7126989.0
1740	7159777.0
1741	7046546.0
1742	7184252.0
1743	7304204.0
1744	7483000.0
1745	7569891.0
1746	7538449.0
1747	7563082.0
1748	7498498.0
1749	7029762.0
1750	7023849.0
1751	7134135.0
1752	7019763.0
1753	6929025.0
1754	6983289.0
1755	7032729.0
1756	6923377.0
1757	6867769.0
1758	6936677.0
1759	6884963.0
1760	6777011.0
1761	6970919.0
1762	7329029.0
1763	7595654.0
1764	7255232.0
1765	7178542.0
1766	7208575.0
1767	7004202.0
1768	7091790.0
1769	7074896.0
1770	7075490.0
1771	7079598.0
1772	7630109.0
1773	7664177.0
1774	7739057.0
1775	7597054.0
1776	7781832.0
1777	7871992.0
1778	8142968.0
1779	8362342.0
1780	8377678.0
1781	7996302.0
1782	7879498.0
1783	7875979.0
1784	7721635.0
1785	7615399.0
1786	7641370.0
1787	7500107.0
1788	7567175.0
1789	7804230.0
1790	8081190.0
1791	7828487.0
1792	7899371.0
1793	7742226.0
1794	7609891.0
1795	7542823.0
1796	7362107.0
1797	7780604.0
1798	7357381.0
1799	7749534.0
1800	7840959.0
1801	7670380.0
1802	7250618.0
1803	7485968.0
1804	7553036.0
1805	8175585.0
1806	7780608.0
1807	7965534.0
1808	8153648.0
1809	8384012.0
1810	8238904.0
1811	8138265.0
1812	8171973.0
1813	8109637.0
1814	7748209.0
1815	7404545.0
1816	7406107.0
1817	7560679.0
1818	8012201.0
1819	8110661.0
1820	8216632.0
1821	8072222.0
1822	8142116.0
1823	8246841.0
1824	7807521.0
1825	7649473.0
1826	7448491.0
1827	7740210.0
1828	7517107.0
1829	7445963.0
1830	7542713.0
1831	6974805.0
1832	7025133.0
1833	7123248.0
1834	7035528.0
1835	7107339.0
1836	7275717.0
1837	7277433.0
1838	7228482.0
1839	7227621.0
1840	7080523.0
1841	6826250.0
1842	6858904.0
1843	6740993.0
1844	6650531.0
1845	6697227.0
1846	7081918.0
1847	7290198.0
1848	7150794.0
1849	7585617.0
1850	7584347.0
1851	7584793.0
1852	7678615.0
1853	7885080.0
1854	7757132.0
1855	7903965.0
1856	7599721.0
1857	7600730.0
1858	7506205.0
1859	7545067.0
1860	7387822.0
1861	7373224.0
1862	7336297.0
1863	7254658.0
1864	7233758.0
1865	7374262.0
1866	7101531.0
1867	7110603.0
1868	7151037.0
1869	7297298.0
1870	7741943.0
1871	7420892.0
1872	7269432.0
1873	7138211.0
1874	7462001.0
1875	7193681.0
1876	7047420.0
1877	6985290.0
1878	6820664.0
1879	6966925.0
1880	7157649.0
1881	7155084.0
1882	6581527.0
1883	6577501.0
1884	6584791.0
1885	6826967.0
1886	6838739.0
1887	6793136.0
1888	6800010.0
1889	6570232.0
1890	6580929.0
1891	6140741.0
1892	5802593.0
1893	5972363.0
1894	6275407.0
1895	6383795.0
1896	6275407.0
1897	6460327.0
1898	6696660.0
1899	6841141.0
1900	6742914.0
1901	6740395.0
1902	6730075.0
1903	6759778.0
1904	6534578.0
1905	6789258.0
1906	6799578.0
1907	6693022.0
1908	6654814.0
1909	6801696.0
1910	6539454.0
1911	6555966.0
1912	6623966.0
1913	6924413.0
1914	6677852.0
1915	6524430.0
1916	6438096.0
1917	6350706.0
1918	6443631.0
1919	6889562.0
1920	7079617.0
1921	7263476.0
1922	7435316.0
1923	7113026.0
1924	7120570.0
1925	7127743.0
1926	7281570.0
1927	7110430.0
1928	7217546.0
1929	6932617.0
1930	6777713.0
1931	6966668.0
1932	7006866.0
1933	7584752.0
1934	7313828.0
1935	7429447.0
1936	7471910.0
1937	7431513.0
1938	7242558.0
1939	7095117.0
1940	7354789.0
1941	7270015.0
1942	7588018.0
1943	7262842.0
1944	7376830.0
1945	7942875.0
1946	7927086.0
1947	8073708.0
1948	8242876.0
1949	8065965.0
1950	7713454.0
1951	7857091.0
1952	7858766.0
1953	8334139.0
1954	8296092.0
1955	8048626.0
1956	8160066.0
1957	8245852.0
1958	8325344.0
1959	8514841.0
1960	8429055.0
1961	8535327.0
1962	8266730.0
1963	8094476.0
1964	7959363.0
1965	7773099.0
1966	7370614.0
1967	7480162.0
1968	7505935.0
1969	7624527.0
1970	7510590.0
1971	7679070.0
1972	7447832.0
1973	7544710.0
1974	7343322.0
1975	7061934.0
1976	7328901.0
1977	7326842.0
1978	7391802.0
1979	7527255.0
1980	7762815.0
1981	7800862.0
1982	7682892.0
1983	7511951.0
1984	7059488.0
1985	7220782.0
1986	7246554.0
1987	7144751.0
1988	7166793.0
1989	7102381.0
1990	6965232.0
1991	6983016.0
1992	6798385.0
1993	6777946.0
1994	7098052.0
1995	6844176.0
1996	6747563.0
1997	6839168.0
1998	6774208.0
1999	6753960.0
2000	6809907.0
2001	6850269.0
2002	6926548.0
2003	6878165.0
2004	6660299.0
2005	6687675.0
2006	6558155.0
2007	6514442.0
2008	6859847.0
2009	6954442.0
2010	7275742.0
2011	7162464.0
2012	7804923.0
2013	7859731.0
2014	7970262.0
2015	8002968.0
2016	7681668.0
2017	7321308.0
2018	7343861.0
2019	7265636.0
2020	7456345.0
2021	7306186.0
2022	7357130.0
2023	7567211.0
2024	7614412.0
2025	7649879.0
2026	7763113.0
2027	7679593.0
2028	7226868.0
2029	7058388.0
2030	6535422.0
2031	6692359.0
2032	6907497.0
2033	6794263.0
2034	6818906.0
2035	6860156.0
2036	6878586.0
2037	6776894.0
2038	6918560.0
2039	7027512.0
2040	6989423.0
2041	6844159.0
2042	7269333.0
2043	7288198.0
2044	7587470.0
2045	7689860.0
2046	7939197.0
2047	7987362.0
2048	7951719.0
2049	7809777.0
2050	7403021.0
2051	7025821.0
2052	7019372.0
2053	6948301.0
2054	7026633.0
2055	7278766.0
2056	7266396.0
2057	6773424.0
2058	6492978.0
2059	6484387.0
2060	6514816.0
2061	6536656.0
2062	6585198.0
2063	6718782.0
2064	6689104.0
2065	6593112.0
2066	6660392.0
2067	7111064.0
2068	6833887.0
2069	6836361.0
2070	7109248.0
2071	7182538.0
2072	7195128.0
2073	7151149.0
2074	7241264.0
2075	7241264.0
2076	7159622.0
2077	7163730.0
2078	7359409.0
2079	7343688.0
2080	7358532.0
2081	7370205.0
2082	7231093.0
2083	7409205.0
2084	7422804.0
2085	7288700.0
2086	7044235.0
2087	6786492.0
2088	6872062.0
2089	7002156.0
2090	6862089.0
2091	6704682.0
2092	6848801.0
2093	7165236.0
2094	7341299.0
2095	7604750.0
2096	7414824.0
2097	7735688.0
2098	7850958.0
2099	8229096.0
2100	8101289.0
2101	7821989.0
2102	7517573.0
2103	7432003.0
2104	7307833.0
2105	7001543.0
2106	7001543.0
2107	7172180.0
2108	7297152.0
2109	7404203.0
2110	7804225.0
2111	7818910.0
2112	7867322.0
2113	7892862.0
2114	7399114.0
2115	7313462.0
2116	8031944.0
2117	8291585.0
2118	8380430.0
2119	8478986.0
2120	8423809.0
2121	8111560.0
2122	8198730.0
2123	8071129.0
2124	8255665.0
2125	7903568.0
2126	7619391.0
2127	7907008.0
2128	7876364.0
2129	7798618.0
2130	8115846.0
2131	8162971.0
2132	8076212.0
2133	7620990.0
2134	7633491.0
2135	7761554.0
2136	7674384.0
2137	7640275.0
2138	7579529.0
2139	7495961.0
2140	7272499.0
2141	7184048.0
2142	7202191.0
2143	7112983.0
2144	7160593.0
2145	7334415.0
2146	7142157.0
2147	7075787.0
2148	7131504.0
2149	7105044.0
2150	7170816.0
2151	7204384.0
2152	6986134.0
2153	6988366.0
2154	7036259.0
2155	7143134.0
2156	7068531.0
2157	7358884.0
2158	7364474.0
2159	7439077.0
2160	7478661.0
2161	7286117.0
2162	7527417.0
2163	7672197.0
2164	7570399.0
2165	7570399.0
2166	7685905.0
2167	7524317.0
2168	7219939.0
2169	7546697.0
2170	7747256.0
2171	7871432.0
2172	7883764.0
2173	7473456.0
2174	7498396.0
2175	6974364.0
2176	7400974.0
2177	7988079.0
2178	7976317.0
2179	8049615.0
2180	7599875.0
2181	7480998.0
2182	7493040.0
2183	7604415.0
2184	7345932.0
2185	7635982.0
2186	7533447.0
2187	7286947.0
2188	6930250.0
2189	6987010.0
2190	7036015.0
2191	7054231.0
2192	7033701.0
2193	7106439.0
2194	7302861.0
2195	7246718.0
2196	7069602.0
2197	6921284.0
2198	7080505.0
2199	7187370.0
2200	7561976.0
2201	7635308.0
2202	7476087.0
2203	7427082.0
2204	7355406.0
2205	7206685.0
2206	7350886.0
2207	7296598.0
2208	7345603.0
2209	7345603.0
2210	7226263.0
2211	7385484.0
2212	7405727.0
2213	7454681.0
2214	7427562.0
2215	7928979.0
2216	7648111.0
2217	7195439.0
2218	7301085.0
2219	7420024.0
2220	7347600.0
2221	7318552.0
2222	7409114.0
2223	7427126.0
2224	7512212.0
2225	7443219.0
2226	7520328.0
2227	8251345.0
2228	8335569.0
2229	8323822.0
2230	8379279.0
2231	8167687.0
2232	8413751.0
2233	8324366.0
2234	7967570.0
2235	8288946.0
2236	8304794.0
2237	7722372.0
2238	7775796.0
2239	7872750.0
2240	8084342.0
2241	8206957.0
2242	8141795.0
2243	8179157.0
2244	8199334.0
2245	8504931.0
2246	8959221.0
2247	8918237.0
2248	8905388.0
2249	8987288.0
2250	8974391.0
2251	8852300.0
2252	8420686.0
2253	8265510.0
2254	7708920.0
2255	7284606.0
2256	7504472.0
2257	7733189.0
2258	7960734.0
2259	7666906.0
2260	7685966.0
2261	7342491.0
2262	7396022.0
2263	7701547.0
2264	7523840.0
2265	7476512.0
2266	7429039.0
2267	7462537.0
2268	7596988.0
2269	7597627.0
2270	7524295.0
2271	7290070.0
2272	7409062.0
2273	7587706.0
2274	7640757.0
2275	7447501.0
2276	7254892.0
2277	6977291.0
2278	7302035.0
2279	7271606.0
2280	7262021.0
2281	7358735.0
2282	7326123.0
2283	7279197.0
2284	7182862.0
2285	7352162.0
2286	6536956.0
2287	6828427.0
2288	6957619.0
2289	6941054.0
2290	6421286.0
2291	6841029.0
2292	6790801.0
2293	6803842.0
2294	6852137.0
2295	7205760.0
2296	6639618.0
2297	7024092.0
2298	6762254.0
2299	6821306.0
2300	7195713.0
2301	7199693.0
2302	6972236.0
2303	6888280.0
2304	6792901.0
2305	6603577.0
2306	6513632.0
2307	6600417.0
2308	6350920.0
2309	6261172.0
2310	6299678.0
2311	6372436.0
2312	6571802.0
2313	6690282.0
2314	6707670.0
2315	6677352.0
2316	7251692.0
2317	6939606.0
2318	6708182.0
2319	6782246.0
2320	6695776.0
2321	6877264.0
2322	7037958.0
2323	6948652.0
2324	7211180.0
2325	7387850.0
2326	7407248.0
2327	7346684.0
2328	7364908.0
2329	7364908.0
2330	7921113.0
2331	8163549.0
2332	8191899.0
2333	8210123.0
2334	8280741.0
2335	8292138.0
2336	8229546.0
2337	8171040.0
2338	8306100.0
2339	8296959.0
2340	8296959.0
2341	8126156.0
2342	8145506.0
2343	8199037.0
2344	8023519.0
2345	8104834.0
2346	8151370.0
2347	7950726.0
2348	8190322.0
2349	7981695.0
2350	7612930.0
2351	7793170.0
2352	8017073.0
2353	8368415.0
2354	8360308.0
2355	8109568.0
2356	8337365.0
2357	8195876.0
2358	8296851.0
2359	8324986.0
2360	8203314.0
2361	8115073.0
2362	8030945.0
2363	8032416.0
2364	8076316.0
2365	8082715.0
2366	8123103.0
2367	8276930.0
2368	8275396.0
2369	8276446.0
2370	8236058.0
2371	8276446.0
2372	8305342.0
2373	8303871.0
2374	8324511.0
2375	8303871.0
2376	8322776.0
2377	8079763.0
2378	8034876.0
2379	8253246.0
2380	8296822.0
2381	8317462.0
2382	8333494.0
2383	8213627.0
2384	8158249.0
2385	8276263.0
2386	8295902.0
2387	8040601.0
2388	8181496.0
2389	8769564.0
2390	8651550.0
2391	8453943.0
2392	8201586.0
2393	7404681.0
2394	7297936.0
2395	7148077.0
2396	7225821.0
2397	7174221.0
2398	7662040.0
2399	7296829.0
2400	6962694.0
2401	7058088.0
2402	7029008.0
2403	7053641.0
2404	7499639.0
2405	7224896.0
2406	7428886.0
2407	7589186.0
2408	7831994.0
2409	7388177.0
2410	7603754.0
2411	7678187.0
2412	7439480.0
2413	7433228.0
2414	7698334.0
2415	7608946.0
2416	7631866.0
2417	7734471.0
2418	7521507.0
2419	7348428.0
2420	7410338.0
2421	6887790.0
2422	6696221.0
2423	6764333.0
2424	6884733.0
2425	7026644.0
2426	7026274.0
2427	7166342.0
2428	7189730.0
2429	7277339.0
2430	7348528.0
2431	7380799.0
2432	7386001.0
2433	6863254.0
2434	6899472.0
2435	6976656.0
2436	6644627.0
2437	6922835.0
2438	6930888.0
2439	7173735.0
2440	6994605.0
2441	7229359.0
2442	6765015.0
2443	6588315.0
2444	6421420.0
2445	6474085.0
2446	6399858.0
2447	6379781.0
2448	6849930.0
2449	6891719.0
2450	7022009.0
2451	6977914.0
2452	6990794.0
2453	6863476.0
2454	6496719.0
2455	6423487.0
2456	6423487.0
2457	6360007.0
2458	6460271.0
2459	6502857.0
2460	7033807.0
2461	6775460.0
2462	7048459.0
2463	7280393.0
2464	7177873.0
2465	7292767.0
2466	7381051.0
2467	7096750.0
2468	7052842.0
2469	7402624.0
2470	7443632.0
2471	7796632.0
2472	7587340.0
2473	7575348.0
2474	7749640.0
2475	7967744.0
2476	7250424.0
2477	7045079.0
2478	7141829.0
2479	6997572.0
2480	7029890.0
2481	7140184.0
2482	7073737.0
2483	7111955.0
2484	7252649.0
2485	7410279.0
2486	7419476.0
2487	7486943.0
2488	7457048.0
2489	7104420.0
2490	6802389.0
2491	6716604.0
2492	6742999.0
2493	6487483.0
2494	6477331.0
2495	6837650.0
2496	7075190.0
2497	7155815.0
2498	7052733.0
2499	7568333.0
2500	7573493.0
2501	7312129.0
2502	8121480.0
2503	8164098.0
2504	8070870.0
2505	8631004.0
2506	8675804.0
2507	8133255.0
2508	8138725.0
2509	7589683.0
2510	7714730.0
2511	7522496.0
2512	7668753.0
2513	7676258.0
2514	7560301.0
2515	7520724.0
2516	7154215.0
2517	7583242.0
2518	7511868.0
2519	7160918.0
2520	6961592.0
2521	6894129.0
2522	6898931.0
2523	6782837.0
2524	6874901.0
2525	7191549.0
2526	7242582.0
2527	7041358.0
2528	7168654.0
2529	7605425.0
2530	7669329.0
2531	7837701.0
2532	7880802.0
2533	8278470.0
2534	8388486.0
2535	8426833.0
2536	8717068.0
2537	8825456.0
2538	8354261.0
2539	8007536.0
2540	7535671.0
2541	7262801.0
2542	7815987.0
2543	7453191.0
2544	7455612.0
2545	7518954.0
2546	7384213.0
2547	7468164.0
2548	6895079.0
2549	6963741.0
2550	6571959.0
2551	6717736.0
2552	7314338.0
2553	7067711.0
2554	6927758.0
2555	7060546.0
2556	7297373.0
2557	7205123.0
2558	7227623.0
2559	7026235.0
2560	7302080.0
2561	6716077.0
2562	6672976.0
2563	6689168.0
2564	6795941.0
2565	6840941.0
2566	6921953.0
2567	7024502.0
2568	6998215.0
2569	6422887.0
2570	6305826.0
2571	6388902.0
2572	6451915.0
2573	6478202.0
2574	6862868.0
2575	6846528.0
2576	7434719.0
2577	7450639.0
2578	7515383.0
2579	7517963.0
2580	7757987.0
2581	7702079.0
2582	7649268.0
2583	8219825.0
2584	8438909.0
2585	8177000.0
2586	8013843.0
2587	7518535.0
2588	7186044.0
2589	7404254.0
2590	7683119.0
2591	7705583.0
2592	7933813.0
2593	7806517.0
2594	7881249.0
2595	7965028.0
2596	7826024.0
2597	8192533.0
2598	7894184.0
2599	7960464.0
2600	8187513.0
2601	8136274.0
2602	8230814.0
2603	8332160.0
2604	8174561.0
2605	7738530.0
2606	7846155.0
2607	8147547.0
2608	7815843.0
2609	7735742.0
2610	7568580.0
2611	7251006.0
2612	7582399.0
2613	7666379.0
2614	7338958.0
2615	7211091.0
2616	7385565.0
2617	7012250.0
2618	7328052.0
2619	7277146.0
2620	7288556.0
2621	7019490.0
2622	7165410.0
2623	6950888.0
2624	7050812.0
2625	7379668.0
2626	7621016.0
2627	7286745.0
2628	7239318.0
2629	7621022.0
2630	7303470.0
2631	7116858.0
2632	6702991.0
2633	6442525.0
2634	6140479.0
2635	6269959.0
2636	6175909.0
2637	6157279.0
2638	6578653.0
2639	6343478.0
2640	6382120.0
2641	6161198.0
2642	6024931.0
2643	6062191.0
2644	5798118.0
2645	6053790.0
2646	5798118.0
2647	5575376.0
2648	5927208.0
2649	6087848.0
2650	6112890.0
2651	6164888.0
2652	6166153.0
2653	6333464.0
2654	6483277.0
2655	6485807.0
2656	6371852.0
2657	6642780.0
2658	6638985.0
2659	6636275.0
2660	6675300.0
2661	6579836.0
2662	6780951.0
2663	6508487.0
2664	6374815.0
2665	6540833.0
2666	6574688.0
2667	6518570.0
2668	6502164.0
2669	6060166.0
2670	6195662.0
2671	6232417.0
2672	6163281.0
2673	6006075.0
2674	6119331.0
2675	6251268.0
2676	6336448.0
2677	6494632.0
2678	6463790.0
2679	6443042.0
2680	6469954.0
2681	6296410.0
2682	6402834.0
2683	6515694.0
2684	6575364.0
2685	6762945.0
2686	7257017.0
2687	7391909.0
2688	7287032.0
2689	7263203.0
2690	7415385.0
2691	7566517.0
2692	7568697.0
2693	7442104.0
2694	7339420.0
2695	7614951.0
2696	7408790.0
2697	6985147.0
2698	6977784.0
2699	7212167.0
2700	7242323.0
2701	7262518.0
2702	7326742.0
2703	7375293.0
2704	7144254.0
2705	7089659.0
2706	7152929.0
2707	7136891.0
2708	7296112.0
2709	7293525.0
2710	6820245.0
2711	6762105.0
2712	6523441.0
2713	6950861.0
2714	6803285.0
2715	6897877.0
2716	6990541.0
2717	7037060.0
2718	6584446.0
2719	6420291.0
2720	6724562.0
2721	6598742.0
2722	6603458.0
2723	6552980.0
2724	6722908.0
2725	6816508.0
2726	6872280.0
2727	6909746.0
2728	6878255.0
2729	6797743.0
2730	6552552.0
2731	6693272.0
2732	6783743.0
2733	6759067.0
2734	6714564.0
2735	6994141.0
2736	6964909.0
2737	6997346.0
2738	7165511.0
2739	7226405.0
2740	7430380.0
2741	7931651.0
2742	8102887.0
2743	7850617.0
2744	8010321.0
2745	8074367.0
2746	8140157.0
2747	8086590.0
2748	8149978.0
2749	8344799.0
2750	8419015.0
2751	8427223.0
2752	8637237.0
2753	8622306.0
2754	8451995.0
2755	8570201.0
2756	8765034.0
2757	8939358.0
2758	8293393.0
2759	8846027.0
2760	8631920.0
2761	8623712.0
2762	8666360.0
2763	8341779.0
2764	8244585.0
2765	8264365.0
2766	8151557.0
2767	7930959.0
2768	7873647.0
2769	7959433.0
2770	7753574.0
2771	7667788.0
2772	7753574.0
2773	8066491.0
2774	8141713.0
2775	8149921.0
2776	7902763.0
2777	8047448.0
2778	8234184.0
2779	8369269.0
2780	8390278.0
2781	8382070.0
2782	8566567.0
2783	8847116.0
2784	8866316.0
2785	8705022.0
2786	9010392.0
2787	9334762.0
2788	8912861.0
2789	8980468.0
2790	8875478.0
2791	8783572.0
2792	8946821.0
2793	8844425.0
2794	8829644.0
2795	8882942.0
2796	8682081.0
2797	8690289.0
2798	8212772.0
2799	8222599.0
2800	8057230.0
2801	8083648.0
2802	7774230.0
2803	7493681.0
2804	7389149.0
2805	7335851.0
2806	7813368.0
2807	7978737.0
2808	8040472.0
2809	8196130.0
2810	8530622.0
2811	8921844.0
2812	8946605.0
2813	9193166.0
2814	9032374.0
2815	8697855.0
2816	8229562.0
2817	7965401.0
2818	8198319.0
2819	8008617.0
2820	8058131.0
2821	8149326.0
2822	8120449.0
2823	8189133.0
2824	8411762.0
2825	8362248.0
2826	7935689.0
2827	7837980.0
2828	8021714.0
2829	8034848.0
2830	8129621.0
2831	7799898.0
2832	7840432.0
2833	8030264.0
2834	7974116.0
2835	8033926.0
2836	7970538.0
2837	8033926.0
2838	7818257.0
2839	7699100.0
2840	7508856.0
2841	7923040.0
2842	7735876.0
2843	7608706.0
2844	7671492.0
2845	7452913.0
2846	7544646.0
2847	7498612.0
2848	7275983.0
2849	7275983.0
2850	7199033.0
2851	7508666.0
2852	7693933.0
2853	7419303.0
2854	7331214.0
2855	7588322.0
2856	7520649.0
2857	7962294.0
2858	8014123.0
2859	8065664.0
2860	8083727.0
2861	8115264.0
2862	8016560.0
2863	7716000.0
2864	7376045.0
2865	7603985.0
2866	7621660.0
2867	7715364.0
2868	7541251.0
2869	7744805.0
2870	8036628.0
2871	8067403.0
2872	8226624.0
2873	7930107.0
2874	7291667.0
2875	7578474.0
2876	7856109.0
2877	7732305.0
2878	7833216.0
2879	8001160.0
2880	8287417.0
2881	8298157.0
2882	8106318.0
2883	8191888.0
2884	8388328.0
2885	8172828.0
2886	8121154.0
2887	8137921.0
2888	8205406.0
2889	8179800.0
2890	8034132.0
2891	8054332.0
2892	8089863.0
2893	8264611.0
2894	7888495.0
2895	8037533.0
2896	8125564.0
2897	8005340.0
2898	7833202.0
2899	7849898.0
2900	7756055.0
2901	7521807.0
2902	7623394.0
2903	8113853.0
2904	8118333.0
2905	8124909.0
2906	8253479.0
2907	8160554.0
2908	7827864.0
2909	7937002.0
2910	7979572.0
2911	7913772.0
2912	8258895.0
2913	8368123.0
2914	8239394.0
2915	8137996.0
2916	8286686.0
2917	8203778.0
2918	8384700.0
2919	8206595.0
2920	8206595.0
2921	8077359.0
2922	7952387.0
2923	7449829.0
2924	7532061.0
2925	7392157.0
2926	7177858.0
2927	7122313.0
2928	6970317.0
2929	7172967.0
2930	7283559.0
2931	7526528.0
2932	7523843.0
2933	7441611.0
2934	7442953.0
2935	7444704.0
2936	7458228.0
2937	7695436.0
2938	7800004.0
2939	7882236.0
2940	7983634.0
2941	8296386.0
2942	8500304.0
2943	8652300.0
2944	8417371.0
2945	8456904.0
2946	8467440.0
2947	8204760.0
2948	8216899.0
2949	8003136.0
2950	7468819.0
2951	7951103.0
2952	8104919.0
2953	8229106.0
2954	7933175.0
2955	8005887.0
2956	8090287.0
2957	7995128.0
2958	8129254.0
2959	8112487.0
2960	7958671.0
2961	7784783.0
2962	7961376.0
2963	7840334.0
2964	8374651.0
2965	8681148.0
2966	8833396.0
2967	8835546.0
2968	8537328.0
2969	8337957.0
2970	8260992.0
2971	8068129.0
2972	7924186.0
2973	7646217.0
2974	7933064.0
2975	7952844.0
2976	8042784.0
2977	7908527.0
2978	7404728.0
2979	7451978.0
2980	7470468.0
2981	7493061.0
2982	7058223.0
2983	7177983.0
2984	7081383.0
2985	7058299.0
2986	7189171.0
2987	7219267.0
2988	6861811.0
2989	6648411.0
2990	6728907.0
2991	6888119.0
2992	6875069.0
2993	6791909.0
2994	6529900.0
2995	6669976.0
2996	6658716.0
2997	6920436.0
2998	6920436.0
2999	6979034.0
3000	7081119.0
3001	7101846.0
3002	7242229.0
3003	7102153.0
3004	7142173.0
3005	7397490.0
3006	7450446.0
3007	7492398.0
3008	7430383.0
3009	7499892.0
3010	7153406.0
3011	7271089.0
3012	7389668.0
3013	7249285.0
3014	7359301.0
3015	7211860.0
3016	7843116.0
3017	7790160.0
3018	7739685.0
3019	7987510.0
3020	7648993.0
3021	7825307.0
3022	7933468.0
3023	7935128.0
3024	7966769.0
3025	7789098.0
3026	7834573.0
3027	8137053.0
3028	8218186.0
3029	8157593.0
3030	8173446.0
3031	8206666.0
3032	8262482.0
3033	8139201.0
3034	7851715.0
3035	7857541.0
3036	7850388.0
3037	7907900.0
3038	8014349.0
3039	8013839.0
3040	7723816.0
3041	7663252.0
3042	7769651.0
3043	7670483.0
3044	7788452.0
3045	7943000.0
3046	7813871.0
3047	8025549.0
3048	8464542.0
3049	8374256.0
3050	8223937.0
3051	8533810.0
3052	8374199.0
3053	8508489.0
3054	8353539.0
3055	8396523.0
3056	8533912.0
3057	8537494.0
3058	8252857.0
3059	8067627.0
3060	8085571.0
3061	8104729.0
3062	8113774.0
3063	8095830.0
3064	7871479.0
3065	7849540.0
