1	6.910129
2	6.915277
3	6.892813
4	6.759782
5	6.812098
6	6.824132
7	7.059332
8	7.11207
9	6.881515
10	6.88447
11	6.914005
12	6.986908
13	7.240736
14	7.263251
15	7.263251
16	7.241723
17	7.344446
18	7.394342
19	7.327111
20	7.307348
21	7.307348
22	7.325301
23	7.328425
24	7.328425
25	7.381473
26	7.473837
27	7.500357
28	7.179219
29	7.179219
30	7.258659
31	7.259315
32	7.445887
33	7.440296
34	7.416688
35	7.415152
36	7.41843
37	7.428149
38	7.444205
39	7.382694
40	7.38765
41	7.311484
42	7.312609
43	7.325097
44	7.244181
45	7.2229
46	7.2229
47	7.291588
48	7.291588
49	7.291588
50	7.392318
51	7.517892
52	7.643016
53	7.643016
54	7.643016
55	7.649658
56	7.634682
57	7.685226
58	7.471019
59	7.399883
60	7.419396
61	7.600385
62	7.603115
63	7.603115
64	7.637022
65	7.637022
66	7.908593
67	7.942961
68	7.93539
69	7.958441
70	8.082401
71	8.040099
72	8.223037
73	8.10339
74	8.10339
75	8.10731
76	8.10731
77	8.118488
78	8.131376
79	8.131376
80	8.273661
81	8.495525
82	8.520317
83	8.466002
84	8.48333
85	8.48333
86	8.49047
87	8.50417
88	8.535691
89	8.53667
90	8.537263
91	8.548441
92	8.468531
93	8.579851
94	8.644426
95	8.64829
96	8.64829
97	8.654734
98	8.563073
99	8.523671
100	8.523671
101	8.523671
102	8.412834
103	8.37475
104	8.524143
105	8.574952
106	8.55093
107	8.446256
108	8.462646
109	8.53317
110	8.537105
111	8.320586
112	8.40152
113	8.394507
114	8.252311
115	8.253649
116	8.274355
117	8.366016
118	8.34366
119	8.385557
120	8.484953
121	8.496426
122	8.40117
123	8.40117
124	8.216673
125	8.265228
126	8.36031
127	8.36031
128	8.212081
129	8.212081
130	8.212081
131	8.144137
132	8.221141
133	8.224573
134	8.234523
135	8.155851
136	8.07727
137	8.094334
138	8.228929
139	8.228929
140	8.570411
141	8.523869
142	8.523869
143	8.534877
144	8.568417
145	8.568477
146	8.568477
147	8.568477
148	8.568477
149	8.568477
150	8.622792
151	8.654887
152	8.654887
153	8.723683
154	8.723683
155	8.641987
156	8.641987
157	8.618908
158	8.825944
159	8.825944
160	8.839704
161	8.843634
162	8.766449
163	8.813024
164	8.914328
165	8.914328
166	8.914328
167	8.892321
168	8.892321
169	8.985345
170	8.899775
171	8.967715
172	9.173282
173	9.173282
174	9.17569
175	9.101638
176	9.101638
177	9.180766
178	9.101638
179	9.180766
180	9.032727
181	8.932839
182	8.948223
183	8.965853
184	8.840543
185	8.840543
186	8.820075
187	8.820075
188	8.820075
189	8.815259
190	8.942384
191	8.942384
192	9.082281
193	9.082281
194	9.038736
195	9.038736
196	9.038736
197	9.038736
198	8.959608
199	8.912055
200	8.912055
201	8.912031
202	8.912031
203	8.918871
204	8.580006
205	8.616211
206	8.576252
207	8.603944
208	8.603944
209	8.632294
210	8.633748
211	8.680116
212	8.680116
213	8.680116
214	8.680116
215	8.759244
216	8.759244
217	8.757162
218	8.769834
219	8.514283
220	8.514283
221	8.514283
222	8.514283
223	8.514283
224	8.769834
225	8.61224
226	8.61224
227	8.61224
228	8.719222
229	8.867612
230	9.082843
231	9.092489
232	9.092489
233	9.092489
234	9.092489
235	9.337639
236	9.308743
237	9.308743
238	9.311767
239	9.311767
240	9.311767
241	9.632113
242	9.632113
243	9.632113
244	9.632113
245	9.632113
246	9.632113
247	9.641745
248	9.641745
249	9.641745
250	9.42601
251	9.485647
252	9.382255
253	9.487953
254	9.554168
255	9.562837
256	9.562837
257	9.562837
258	9.562837
259	9.562837
260	9.565405
261	9.458097
262	9.458097
263	9.432227
264	9.432227
265	9.487668
266	9.487668
267	9.308977
268	9.224627
269	9.224627
270	9.224627
271	9.282679
272	9.339504
273	9.339504
274	9.294167
275	9.52437
276	9.56179
277	9.644409
278	9.764189
279	9.764189
280	9.764189
281	9.764189
282	9.764189
283	9.764189
284	9.771447
285	9.771447
286	9.694633
287	9.694633
288	9.82838
289	9.717736
290	9.856813
291	9.833443
292	9.853459
293	9.853459
294	9.853459
295	9.861118
296	9.861118
297	9.861118
298	9.861118
299	9.861118
300	9.893605
301	9.970419
302	10.0737
303	10.0737
304	10.0737
305	10.0737
306	10.0737
307	10.1432
308	10.1432
309	10.019432
310	10.019432
311	10.019432
312	9.943734
313	9.943734
314	9.943734
315	9.943734
316	9.943734
317	9.963903
318	9.963903
319	9.903835
320	9.903835
321	9.903835
322	9.903835
323	9.903835
324	9.906265
325	9.906265
326	9.909601
327	9.909601
328	10.007997
329	10.007997
330	10.007997
331	10.007997
332	10.007997
333	10.007997
334	10.007997
335	10.007997
336	10.158273
337	10.158273
338	10.172575
339	10.172575
340	10.172575
341	10.172575
342	10.048961
343	10.048961
344	10.048961
345	10.048961
346	10.141894
347	10.154299
348	10.195767
349	10.195767
350	10.195767
351	10.017873
352	10.017873
353	10.017873
354	10.017873
355	10.118529
356	10.118529
357	10.118529
358	10.118529
359	10.118529
360	10.134269
361	10.134269
362	10.134269
363	10.134269
364	10.134269
365	10.134269
366	10.134269
367	10.110573
368	10.110573
369	10.110573
370	10.110573
371	10.110573
372	10.110573
373	10.110573
374	10.110573
375	10.110573
376	10.110573
377	10.110573
378	10.110573
379	10.110573
380	10.110573
381	10.110573
382	10.093361
383	10.093361
384	10.093361
385	10.102921
386	10.083947
387	9.965783
388	9.965783
389	9.965783
390	9.965783
391	9.993245
392	9.993245
393	10.014713
394	9.978296
395	9.978296
396	9.852836
397	9.836916
398	9.802887
399	9.784541
400	9.784541
401	9.784541
402	9.784541
403	9.784541
404	9.784541
405	9.784541
406	9.784541
407	9.721856
408	9.683648
409	9.683648
410	9.685878
411	9.676318
412	9.889294
413	9.889294
414	10.020574
415	10.020574
416	10.020574
417	10.020574
418	9.990516
419	9.990516
420	9.990516
421	9.990516
422	9.990516
423	9.990516
424	9.990516
425	9.990516
426	10.024545
427	10.024545
428	10.024545
429	9.891532
430	9.891532
431	9.766782
432	9.704659
433	9.81727
434	9.81727
435	9.738373
436	9.738373
437	9.738373
438	9.745105
439	9.745105
440	9.745105
441	9.745105
442	9.745105
443	9.753515
444	9.753515
445	9.753515
446	9.753515
447	9.653449
448	9.653449
449	9.653449
450	9.653449
451	9.653449
452	9.653449
453	9.653449
454	9.653449
455	9.68445
456	9.68445
457	9.59156
458	9.511078
459	9.504346
460	9.504346
461	9.504346
462	9.504346
463	9.504346
464	9.534404
465	9.534404
466	9.534404
467	9.534404
468	9.534404
469	9.665432
470	9.665432
471	9.665432
472	9.665432
473	9.665432
474	9.665432
475	9.665432
476	9.665432
477	9.673964
478	9.673964
479	9.673964
480	9.696812
481	9.75111
482	9.75111
483	9.75111
484	9.75239
485	9.75239
486	9.75239
487	9.75239
488	9.75239
489	9.75239
490	9.75239
491	9.75239
492	9.75239
493	9.75239
494	9.75239
495	9.75239
496	9.75239
497	9.736271
498	9.736271
499	9.736271
500	9.760748
501	9.760748
502	9.760748
503	9.760748
504	9.622395
505	9.622395
506	9.622395
507	9.622395
508	9.622395
509	9.622927
510	9.622927
511	9.622927
512	9.726805
513	9.736598
514	9.736598
515	9.736598
516	9.736598
517	9.736598
518	9.736598
519	9.736598
520	9.728066
521	9.728066
522	9.728066
523	9.718273
524	9.718273
525	9.718273
526	9.718273
527	9.790411
528	9.867194
529	9.867194
530	9.867194
531	9.867194
532	9.867194
533	9.867194
534	9.767097
535	9.767097
536	9.767097
537	9.767097
538	9.767097
539	9.767097
540	9.767097
541	9.767097
542	9.767097
543	9.761525
544	9.761525
545	9.761525
546	9.761525
547	9.770057
548	9.770057
549	9.770057
550	9.770057
551	9.761525
552	9.753115
553	9.671525
554	9.671525
555	9.671525
556	9.671525
557	9.671525
558	9.681445
559	9.681445
560	9.658382
561	9.658382
562	9.673392
563	9.673392
564	9.671162
565	9.671162
566	9.671162
567	9.689546
568	9.689546
569	9.689546
570	9.698078
571	9.698078
572	9.594769
573	9.622454
574	9.622454
575	9.612534
576	9.612534
577	9.586465
578	9.599314
579	9.599314
580	9.576466
581	9.576466
582	9.617658
583	9.617658
584	9.591987
585	9.591987
586	9.591987
587	9.591987
588	9.591987
589	9.591987
590	9.591987
591	9.626073
592	9.626073
593	9.626073
594	9.623584
595	9.623584
596	9.623584
597	9.6052
598	9.6052
599	9.6052
600	9.6052
601	9.6052
602	9.6052
603	9.596668
604	9.619516
605	9.619516
606	9.6379
607	9.610836
608	9.610836
609	9.692394
610	9.692394
611	9.692394
612	9.692394
613	9.692394
614	9.692394
615	9.692394
616	9.692394
617	9.561707
618	9.561707
619	9.561707
620	9.561707
621	9.561707
622	9.652252
623	9.652252
624	9.652252
625	9.782939
626	9.782939
627	9.841925
628	9.819077
629	9.819077
630	9.819077
631	9.633397
632	9.633397
633	9.709496
634	9.709496
635	9.696349
636	9.696349
637	9.696349
638	9.696349
639	9.696349
640	9.696349
641	9.696349
642	9.674079
643	9.674079
644	9.674079
645	9.674079
646	9.674079
647	9.674079
648	9.674079
649	9.674079
650	9.674079
651	9.674079
652	9.674079
653	9.678426
654	9.678426
655	9.678426
656	9.678426
657	9.677438
658	9.677438
659	9.655772
660	9.655772
661	9.761043
662	9.761043
663	9.761043
664	9.761043
665	9.761043
666	9.761043
667	9.74225
668	9.74225
669	9.763106
670	9.763106
671	9.763106
672	9.763106
673	9.763106
674	9.763106
675	9.935981
676	9.944513
677	9.956652
678	10.039212
679	10.039212
680	10.039212
681	10.039212
682	10.039212
683	10.039212
684	9.988865
685	9.988865
686	9.959263
687	9.959263
688	9.959263
689	9.959263
690	9.994223
691	9.994223
692	9.994223
693	9.859138
694	9.859138
695	9.856088
696	9.856088
697	9.856088
698	10.00457
699	10.00457
700	10.00457
701	10.00457
702	10.00457
703	10.00457
704	10.00457
705	10.00457
706	10.00457
707	10.00762
708	10.00762
709	10.00762
710	10.00762
711	10.139642
712	10.104584
713	10.104584
714	10.104584
715	10.104584
716	10.104584
717	10.104584
718	10.104584
719	10.233138
720	10.233138
721	10.233138
722	10.233138
723	10.233138
724	10.233138
725	10.267707
726	10.267707
727	10.267707
728	10.269498
729	10.269498
730	10.269498
731	10.269498
732	10.269498
733	10.269498
734	10.269498
735	10.269498
736	10.269498
737	10.269498
738	10.269498
739	10.269498
740	10.269498
741	10.322796
742	10.322796
743	10.322796
744	10.322796
745	10.322796
746	10.322796
747	10.322796
748	10.322796
749	10.322796
750	10.322796
751	10.322796
752	10.322796
753	10.318426
754	10.318426
755	10.318426
756	10.353484
757	10.353484
758	10.353484
759	10.353484
760	10.353484
761	10.353484
762	10.353484
763	10.353484
764	10.353484
765	10.353484
766	10.353484
767	10.353484
768	10.353484
769	10.353484
770	10.353484
771	10.353484
772	10.353484
773	10.353484
774	10.353484
775	10.353484
776	10.353484
777	10.29856
778	10.29856
779	10.29856
780	10.29856
781	10.29856
782	10.29856
783	10.29856
784	10.29856
785	10.29856
786	10.29856
787	10.29856
788	10.29856
789	10.29856
790	10.29856
791	10.29856
792	10.29856
793	10.29856
794	10.29856
795	10.29856
796	10.29856
797	10.29856
798	10.29856
799	10.29856
800	10.29856
801	10.29856
802	10.29856
803	10.29856
804	10.29856
805	10.29856
806	10.266521
807	10.266521
808	10.266521
809	10.266521
810	10.266521
811	10.266521
812	10.266521
813	10.266521
814	10.266521
815	10.266521
816	10.266521
817	10.266521
818	10.266521
819	10.266521
820	10.266521
821	10.266521
822	10.266521
823	10.266521
824	10.266521
825	10.266521
826	10.266521
827	10.266521
828	10.266521
829	10.266521
830	10.266521
831	10.266521
832	10.266521
833	10.266521
834	10.266521
835	10.266521
836	10.266521
837	10.266521
838	10.266521
839	10.266521
840	10.266521
841	10.266521
842	10.266521
843	10.266521
844	10.266521
845	10.266521
846	10.266521
847	10.266521
848	10.266521
849	10.266521
850	10.266521
851	10.266521
852	10.266521
853	10.266521
854	10.266521
855	10.266521
856	10.266521
857	10.266521
858	10.266521
859	10.266521
860	10.266521
861	10.266521
862	10.266521
863	10.266521
864	10.266521
865	10.266521
866	10.266521
867	10.266521
868	10.266521
869	10.266521
870	10.266521
871	10.266521
872	10.266521
873	10.266521
874	10.266521
875	10.266521
876	10.266521
877	10.266521
878	10.266521
879	10.266521
880	10.266521
881	10.266521
882	10.266521
883	10.266521
884	10.266521
885	10.266521
886	10.266521
887	10.266521
888	10.266521
889	10.231463
890	10.231463
891	10.231463
892	10.231463
893	10.231463
894	10.231463
895	10.231463
896	10.231463
897	10.231463
898	10.231463
899	10.231463
900	10.263502
901	10.263502
902	10.263502
903	10.263502
904	10.263502
905	10.263502
906	10.263502
907	10.263502
908	10.263502
909	10.263502
910	10.200817
911	10.200817
912	10.200817
913	10.200817
914	10.200817
915	10.200817
916	10.200817
917	10.200817
918	10.200817
919	10.200817
920	10.200817
921	10.200817
922	10.200817
923	10.200817
924	10.200817
925	10.200817
926	10.200817
927	10.200817
928	10.200817
929	10.200817
930	10.200817
931	10.200817
932	10.200817
933	10.200817
934	10.200817
935	10.200817
936	10.200817
937	10.200817
938	10.200817
939	10.200817
940	10.200817
941	10.200817
942	10.200817
943	10.200817
944	10.200817
945	10.200817
946	10.200817
947	10.200817
948	10.200817
949	10.200817
950	10.200817
951	10.200817
952	10.200817
953	10.200817
954	10.200817
955	10.188678
956	10.188678
957	10.188678
958	10.188678
959	10.188678
960	10.188678
961	10.188678
962	10.188678
963	10.188678
964	10.188678
965	10.188678
966	10.188678
967	10.188678
968	10.188678
969	10.188678
970	10.188678
971	10.183504
972	10.183504
973	10.183504
974	10.183504
975	10.183504
976	10.183504
977	10.183504
978	10.183504
979	10.246189
980	10.246189
981	10.246189
982	10.246189
983	10.246189
984	10.246189
985	10.246189
986	10.246189
987	10.246189
988	10.246189
989	10.246189
990	10.21614
991	10.251198
992	10.251198
993	10.251198
994	10.251198
995	10.251198
996	10.251198
997	10.251198
998	10.251198
999	10.251198
1000	10.251198
1001	10.251198
1002	10.251198
1003	10.251198
1004	10.251198
1005	10.251198
1006	10.251198
1007	10.251198
1008	10.251198
1009	10.251198
1010	10.251198
1011	10.251198
1012	10.251198
1013	10.251198
1014	10.251198
1015	10.251198
1016	10.251198
1017	10.251198
1018	10.251198
1019	10.251198
1020	10.251198
1021	10.251198
1022	10.251198
1023	10.251198
1024	10.251198
1025	10.251198
1026	10.251198
1027	10.251198
1028	10.251198
1029	10.251198
1030	10.251198
1031	10.251198
1032	10.251198
1033	10.251198
1034	10.251198
1035	10.251198
1036	10.251198
1037	10.251198
1038	10.251198
1039	10.251198
1040	10.251198
1041	10.251198
1042	10.251198
1043	10.251198
1044	10.251198
1045	10.251198
1046	10.251198
1047	10.251198
1048	10.251198
1049	10.251198
1050	10.251198
1051	10.251198
1052	10.251198
1053	10.251198
1054	10.251198
1055	10.251198
1056	10.251198
1057	10.251198
1058	10.251198
1059	10.251198
1060	10.251198
1061	10.251198
1062	10.251198
1063	10.251198
1064	10.251198
1065	10.251198
1066	10.251198
1067	10.251198
1068	10.251198
1069	10.251198
1070	10.251198
1071	10.251198
1072	10.251198
1073	10.251198
1074	10.251198
1075	10.251198
1076	10.251198
1077	10.251198
1078	10.251198
1079	10.251198
1080	10.251198
1081	10.251198
1082	10.251198
1083	10.251198
1084	10.251198
1085	10.251198
1086	10.251198
1087	10.251198
1088	10.251198
1089	10.251198
1090	10.21786
1091	10.21786
1092	10.21786
1093	10.21843
1094	10.21843
1095	10.21843
1096	10.21843
1097	10.21843
1098	10.21843
1099	10.21843
1100	10.21843
1101	10.21843
1102	10.21843
1103	10.21843
1104	10.21843
1105	10.21843
1106	10.21843
1107	10.21843
1108	10.21843
1109	10.21843
1110	10.217739
1111	10.217739
1112	10.217739
1113	10.217739
1114	10.217739
1115	10.217739
1116	10.217739
1117	10.217739
1118	10.217739
1119	10.217739
1120	10.217739
1121	10.216637
1122	10.216637
1123	10.216637
1124	10.260545
1125	10.260545
1126	10.260545
1127	10.260545
1128	10.260545
1129	10.260545
1130	10.260545
1131	10.260545
1132	10.260545
1133	10.260545
1134	10.260545
1135	10.260545
1136	10.260545
1137	10.260545
1138	10.260545
1139	10.260545
1140	10.260545
1141	10.246615
1142	10.246615
1143	10.246615
1144	10.246615
1145	10.246615
1146	10.246615
1147	10.246615
1148	10.246615
1149	10.246615
1150	10.246615
1151	10.246615
1152	10.246615
1153	10.246615
1154	10.246615
1155	10.246615
1156	10.246615
1157	10.246615
1158	10.246615
1159	10.320046
1160	10.320046
1161	10.320046
1162	10.320046
1163	10.320046
1164	10.320046
1165	10.320046
1166	10.320046
1167	10.320046
1168	10.320046
1169	10.320046
1170	10.320046
1171	10.32522
1172	10.32522
1173	10.32522
1174	10.32522
1175	10.32522
1176	10.32522
1177	10.32522
1178	10.32522
1179	10.32522
1180	10.32522
1181	10.32522
1182	10.32522
1183	10.32522
1184	10.32522
1185	10.32522
1186	10.32522
1187	10.32522
1188	10.32522
1189	10.32522
1190	10.32522
1191	10.32522
1192	10.32522
1193	10.32522
1194	10.32522
1195	10.32522
1196	10.32522
1197	10.32522
1198	10.32522
1199	10.32522
1200	10.32522
1201	10.326322
1202	10.326322
1203	10.326322
1204	10.326322
1205	10.326322
1206	10.326322
1207	10.326322
1208	10.326322
1209	10.321441
1210	10.321441
1211	10.321441
1212	10.321441
1213	10.321441
1214	10.321441
1215	10.321441
1216	10.321441
1217	10.321441
1218	10.321441
1219	10.321441
1220	10.333145
1221	10.333145
1222	10.333145
1223	10.333145
1224	10.333145
1225	10.333145
1226	10.333145
1227	10.333145
1228	10.333145
1229	10.333145
1230	10.333145
1231	10.333145
1232	10.333145
1233	10.333145
1234	10.333145
1235	10.333145
1236	10.333145
1237	10.333145
1238	10.319748
1239	10.319748
1240	10.319748
1241	10.319748
1242	10.319748
1243	10.308044
1244	10.308044
1245	10.308044
1246	10.308044
1247	10.308044
1248	10.308044
1249	10.308044
1250	10.308044
1251	10.308044
1252	10.308044
1253	10.308044
1254	10.308044
1255	10.308044
1256	10.308044
1257	10.308044
1258	10.308044
1259	10.308044
1260	10.308044
1261	10.308044
1262	10.308044
1263	10.308044
1264	10.308044
1265	10.308044
1266	10.308044
1267	10.308044
1268	10.308044
1269	10.308044
1270	10.308044
1271	10.308044
1272	10.308044
1273	10.308044
1274	10.308044
1275	10.308044
1276	10.308044
1277	10.308044
1278	10.308044
1279	10.308044
1280	10.308044
1281	10.308044
1282	10.308044
1283	10.308044
1284	10.308044
1285	10.308044
1286	10.308044
1287	10.308044
1288	10.308044
1289	10.308044
1290	10.308044
1291	10.308044
1292	10.308044
1293	10.308044
1294	10.308044
1295	10.308044
1296	10.308044
1297	10.308044
1298	10.308044
1299	10.308044
1300	10.308044
1301	10.308044
1302	10.308044
1303	10.308044
1304	10.308044
1305	10.319748
1306	10.319748
1307	10.319748
1308	10.319748
1309	10.319748
1310	10.319748
1311	10.319748
1312	10.319748
1313	10.319748
1314	10.319748
1315	10.319748
1316	10.319748
1317	10.319748
1318	10.319748
1319	10.319748
1320	10.319748
1321	10.319748
1322	10.32134
1323	10.32134
1324	10.32134
1325	10.32134
1326	10.32134
1327	10.32134
1328	10.32134
1329	10.32134
1330	10.32134
1331	10.32134
1332	10.32134
1333	10.32134
1334	10.32134
1335	10.308078
1336	10.308078
1337	10.308078
1338	10.308078
1339	10.308078
1340	10.308078
1341	10.308078
1342	10.308078
1343	10.308078
1344	10.308078
1345	10.308078
1346	10.308078
1347	10.308078
1348	10.308078
1349	10.308078
1350	10.308078
1351	10.308078
1352	10.32178
1353	10.32178
1354	10.32178
1355	10.32178
1356	10.32178
1357	10.32178
1358	10.32178
1359	10.32178
1360	10.32178
1361	10.32178
1362	10.32178
1363	10.32178
1364	10.32178
1365	10.292309
1366	10.292309
1367	10.292309
1368	10.292309
1369	10.292309
1370	10.292309
1371	10.292309
1372	10.292309
1373	10.349024
1374	10.349024
1375	10.349024
1376	10.349024
1377	10.349024
1378	10.34385
1379	10.34385
1380	10.34385
1381	10.34385
1382	10.34385
1383	10.34385
1384	10.349266
1385	10.329167
1386	10.329623
1387	10.329623
1388	10.331016
1389	10.331016
1390	10.331016
1391	10.331016
1392	10.331016
1393	10.331016
1394	10.331016
1395	10.331016
1396	10.331016
1397	10.331016
1398	10.331016
1399	10.331016
1400	10.331016
1401	10.331016
1402	10.331016
1403	10.331016
1404	10.331016
1405	10.331016
1406	10.331016
1407	10.331016
1408	10.331016
1409	10.331016
1410	10.331016
1411	10.335897
1412	10.335897
1413	10.335897
1414	10.335897
1415	10.335897
1416	10.335897
1417	10.335897
1418	10.335897
1419	10.335897
1420	10.335897
1421	10.335897
1422	10.335897
1423	10.335897
1424	10.335897
1425	10.335897
1426	10.335897
1427	10.335897
1428	10.335897
1429	10.335897
1430	10.335897
1431	10.335897
1432	10.335897
1433	10.335897
1434	10.335897
1435	10.335897
1436	10.335897
1437	10.335897
1438	10.335897
1439	10.335897
1440	10.335897
1441	10.335897
1442	10.335897
1443	10.335897
1444	10.335897
1445	10.335897
1446	10.341071
1447	10.341071
1448	10.341071
1449	10.341071
1450	10.341071
1451	10.341071
1452	10.341071
1453	10.341071
1454	10.359777
1455	10.359777
1456	10.359777
1457	10.359777
1458	10.359777
1459	10.359777
1460	10.359777
1461	10.359777
1462	10.359777
1463	10.359777
1464	10.359777
1465	10.359777
1466	10.359777
1467	10.359777
1468	10.359777
1469	10.359777
1470	10.359777
1471	10.359777
1472	10.359777
1473	10.359777
1474	10.359777
1475	10.359777
1476	10.359777
1477	10.359777
1478	10.359777
1479	10.359777
1480	10.359777
1481	10.359777
1482	10.359777
1483	10.359777
1484	10.359777
1485	10.359777
1486	10.359777
1487	10.359777
1488	10.359777
1489	10.359777
1490	10.359777
1491	10.359777
1492	10.359777
1493	10.359777
1494	10.359777
1495	10.359777
1496	10.359777
1497	10.359777
1498	10.359777
1499	10.359777
1500	10.359777
1501	10.358185
1502	10.358185
1503	10.358185
1504	10.358185
1505	10.358185
1506	10.358185
1507	10.358185
1508	10.358185
1509	10.358185
1510	10.358185
1511	10.358185
1512	10.358185
1513	10.358185
1514	10.358185
1515	10.358185
1516	10.358185
1517	10.358185
1518	10.358185
1519	10.358185
1520	10.358185
1521	10.358185
1522	10.358185
1523	10.358185
1524	10.358185
1525	10.358185
1526	10.358185
1527	10.358185
1528	10.358185
1529	10.358185
1530	10.358185
1531	10.358185
1532	10.358185
1533	10.358185
1534	10.358185
1535	10.379478
1536	10.379478
1537	10.379478
1538	10.379478
1539	10.379478
1540	10.379478
1541	10.379478
1542	10.379478
1543	10.379478
1544	10.379478
1545	10.379478
1546	10.379478
1547	10.379478
1548	10.379478
1549	10.379478
1550	10.379478
1551	10.379478
1552	10.379478
1553	10.379478
1554	10.379478
1555	10.379478
1556	10.379478
1557	10.379478
1558	10.379478
1559	10.379478
1560	10.379478
1561	10.379478
1562	10.379478
1563	10.379478
1564	10.379478
1565	10.379478
1566	10.379478
1567	10.379478
1568	10.379478
1569	10.379572
1570	10.379572
1571	10.379572
1572	10.379572
1573	10.379572
1574	10.379572
1575	10.379572
1576	10.379572
1577	10.379572
1578	10.379572
1579	10.379572
1580	10.379572
1581	10.379572
1582	10.379572
1583	10.379572
1584	10.379572
1585	10.379572
1586	10.379572
1587	10.379572
1588	10.379572
1589	10.379572
1590	10.379572
1591	10.379572
1592	10.379572
1593	10.379572
1594	10.379572
1595	10.379572
1596	10.379572
1597	10.379572
1598	10.379572
1599	10.379572
1600	10.379572
1601	10.379572
1602	10.379572
1603	10.379572
1604	10.379572
1605	10.379572
1606	10.379572
1607	10.379572
1608	10.379572
1609	10.379572
1610	10.441063
1611	10.441063
1612	10.441063
1613	10.441063
1614	10.441063
1615	10.441063
1616	10.441063
1617	10.441063
1618	10.441063
1619	10.441063
1620	10.441063
1621	10.441063
1622	10.441063
1623	10.441063
1624	10.441063
1625	10.441063
1626	10.441063
1627	10.441063
1628	10.441063
1629	10.441063
1630	10.441063
1631	10.441063
1632	10.453396
1633	10.453396
1634	10.453396
1635	10.453396
1636	10.453396
1637	10.453396
1638	10.453396
1639	10.453396
1640	10.453396
1641	10.453396
1642	10.453396
1643	10.453396
1644	10.453396
1645	10.453396
1646	10.453396
1647	10.453396
1648	10.453396
1649	10.453396
1650	10.453396
1651	10.453396
1652	10.453396
1653	10.453396
1654	10.453396
1655	10.453396
1656	10.453396
1657	10.453396
1658	10.453396
1659	10.453396
1660	10.453396
1661	10.453396
1662	10.453396
1663	10.453396
1664	10.453396
1665	10.453396
1666	10.453396
1667	10.577456
1668	10.577456
1669	10.577456
1670	10.577456
1671	10.577456
1672	10.577456
1673	10.577456
1674	10.577456
1675	10.577456
1676	10.577456
1677	10.577456
1678	10.577456
1679	10.577456
1680	10.577456
1681	10.579048
1682	10.579048
1683	10.579048
1684	10.579048
1685	10.579048
1686	10.579048
1687	10.579048
1688	10.579048
1689	10.579048
1690	10.579048
1691	10.579048
1692	10.579048
1693	10.579048
1694	10.579048
1695	10.579048
1696	10.579048
1697	10.579048
1698	10.579048
1699	10.579048
1700	10.579048
1701	10.579048
1702	10.579048
1703	10.579048
1704	10.579048
1705	10.579048
1706	10.579048
1707	10.579048
1708	10.579048
1709	10.579048
1710	10.579048
1711	10.579048
1712	10.579048
1713	10.579048
1714	10.579048
1715	10.579048
1716	10.579048
1717	10.579048
1718	10.579048
1719	10.579048
1720	10.579048
1721	10.579048
1722	10.579048
1723	10.579048
1724	10.579048
1725	10.579048
1726	10.579048
1727	10.579048
1728	10.579048
1729	10.579048
1730	10.579048
1731	10.579048
1732	10.579048
1733	10.579048
1734	10.579048
1735	10.579048
1736	10.579048
1737	10.579048
1738	10.579048
1739	10.579048
1740	10.579048
1741	10.579048
1742	10.579048
1743	10.579048
1744	10.579048
1745	10.579048
1746	10.579048
1747	10.579048
1748	10.579048
1749	10.579048
1750	10.58015
1751	10.58015
1752	10.58015
1753	10.58015
1754	10.58015
1755	10.58015
1756	10.58015
1757	10.58015
1758	10.58015
1759	10.58015
1760	10.58015
1761	10.58015
1762	10.58015
1763	10.58015
1764	10.58015
1765	10.58015
1766	10.58015
1767	10.58015
1768	10.58015
1769	10.58015
1770	10.58015
1771	10.58015
1772	10.58015
1773	10.58015
1774	10.58015
1775	10.58015
1776	10.58015
1777	10.58015
1778	10.58015
1779	10.58015
1780	10.58015
1781	10.58015
1782	10.58015
1783	10.58015
1784	10.58015
1785	10.58015
1786	10.58015
1787	10.58015
1788	10.58015
1789	10.58015
1790	10.578592
1791	10.578592
1792	10.578592
1793	10.578592
1794	10.578592
1795	10.578592
1796	10.578592
1797	10.578592
1798	10.578592
1799	10.578592
1800	10.578592
1801	10.578592
1802	10.578592
1803	10.578592
1804	10.578592
1805	10.578592
1806	10.578592
1807	10.578592
1808	10.578592
1809	10.578592
1810	10.578592
1811	10.578592
1812	10.578592
1813	10.578592
1814	10.578592
1815	10.578592
1816	10.578592
1817	10.578592
1818	10.578592
1819	10.578592
1820	10.578592
1821	10.578592
1822	10.578592
1823	10.578592
1824	10.578592
1825	10.578592
1826	10.578592
1827	10.578592
1828	10.578592
1829	10.578592
1830	10.578592
1831	10.578592
1832	10.578592
1833	10.578592
1834	10.578592
1835	10.578592
1836	10.578592
1837	10.578592
1838	10.578592
1839	10.578592
1840	10.578592
1841	10.578592
1842	10.578592
1843	10.578592
1844	10.578592
1845	10.578592
1846	10.578592
1847	10.578592
1848	10.578592
1849	10.578592
1850	10.578592
1851	10.578592
1852	10.578592
1853	10.578592
1854	10.578592
1855	10.578592
1856	10.578592
1857	10.578592
1858	10.578592
1859	10.578592
1860	10.578592
1861	10.578592
1862	10.578592
1863	10.578592
1864	10.578592
1865	10.578592
1866	10.578592
1867	10.578592
1868	10.573418
1869	10.573418
1870	10.573418
1871	10.573418
1872	10.573418
1873	10.573418
1874	10.573418
1875	10.573418
1876	10.573418
1877	10.573418
1878	10.573418
1879	10.573418
1880	10.573418
1881	10.573418
1882	10.573418
1883	10.573418
1884	10.573418
1885	10.573418
1886	10.573418
1887	10.573418
1888	10.573418
1889	10.573418
1890	10.573418
1891	10.573418
1892	10.573418
1893	10.573418
1894	10.573418
1895	10.573418
1896	10.571826
1897	10.571826
1898	10.571826
1899	10.571826
1900	10.571826
1901	10.571826
1902	10.571826
1903	10.571826
1904	10.571826
1905	10.571826
1906	10.571826
1907	10.571826
1908	10.571826
1909	10.571826
1910	10.571826
1911	10.571826
1912	10.571826
1913	10.571826
1914	10.571826
1915	10.571826
1916	10.571826
1917	10.571826
1918	10.571826
1919	10.571826
1920	10.571826
1921	10.571826
1922	10.571826
1923	10.571826
1924	10.571826
1925	10.571826
1926	10.571826
1927	10.577
1928	10.577
1929	10.577
1930	10.577
1931	10.577
1932	10.577
1933	10.577
1934	10.577
1935	10.577
1936	10.577
1937	10.577
1938	10.577
1939	10.577
1940	10.577
1941	10.577
1942	10.577
1943	10.577
1944	10.577
1945	10.577
1946	10.577
1947	10.577
1948	10.577
1949	10.577
1950	10.577
1951	10.577
1952	10.577
1953	10.577
1954	10.577
1955	10.577
1956	10.577
1957	10.577
1958	10.577
1959	10.577
1960	10.577
1961	10.577
1962	10.577
1963	10.577
1964	10.577
1965	10.577
1966	10.577
1967	10.577
1968	10.577
1969	10.577
1970	10.577
1971	10.577
1972	10.577
1973	10.577
1974	10.577
1975	10.577
1976	10.577
1977	10.577
1978	10.577
1979	10.577
1980	10.577
1981	10.577
1982	10.577
1983	10.577
1984	10.577
1985	10.577
1986	10.577
1987	10.577
1988	10.577
1989	10.577
1990	10.577
1991	10.577
1992	10.577
1993	10.577
1994	10.577
1995	10.577
1996	10.577
1997	10.577
1998	10.577
1999	10.577
2000	10.577
2001	10.577
2002	10.577
2003	10.577
2004	10.577
2005	10.577
2006	10.577
2007	10.577
2008	10.577
2009	10.577
2010	10.577
2011	10.577
2012	10.577
2013	10.577
2014	10.577
2015	10.577
2016	10.577
2017	10.577
2018	10.577
2019	10.577
2020	10.577
2021	10.577
2022	10.577
2023	10.577
2024	10.577
2025	10.577
2026	10.577
2027	10.577
2028	10.577
2029	10.577
2030	10.577
2031	10.577
2032	10.577
2033	10.577
2034	10.577
2035	10.577
2036	10.577
2037	10.577
2038	10.577
2039	10.577
2040	10.577
2041	10.577
2042	10.577
2043	10.577
2044	10.577
2045	10.577
2046	10.577
2047	10.577
2048	10.577
2049	10.577
2050	10.577
2051	10.577
2052	10.577
2053	10.577
2054	10.577
2055	10.577
2056	10.577
2057	10.577
2058	10.577
2059	10.577
2060	10.577
2061	10.577
2062	10.577
2063	10.577
2064	10.577
2065	10.577
2066	10.577
2067	10.577
2068	10.577
2069	10.577
2070	10.577
2071	10.577
2072	10.577
2073	10.577
2074	10.577
2075	10.582771
2076	10.582771
2077	10.582771
2078	10.582771
2079	10.582771
2080	10.582771
2081	10.582771
2082	10.582771
2083	10.582771
2084	10.582771
2085	10.582771
2086	10.582771
2087	10.582771
2088	10.582771
2089	10.582771
2090	10.582771
2091	10.582771
2092	10.582771
2093	10.582771
2094	10.582771
2095	10.582771
2096	10.582771
2097	10.582771
2098	10.582771
2099	10.582771
2100	10.582771
2101	10.582771
2102	10.582771
2103	10.582771
2104	10.582771
2105	10.582771
2106	10.582771
2107	10.582771
2108	10.582771
2109	10.582771
2110	10.582771
2111	10.582771
2112	10.582771
2113	10.582771
2114	10.582771
2115	10.582771
2116	10.582771
2117	10.582771
2118	10.582771
2119	10.582771
2120	10.582771
2121	10.582771
2122	10.582771
2123	10.582771
2124	10.582771
2125	10.582771
2126	10.582771
2127	10.582771
2128	10.582771
2129	10.582771
2130	10.582771
2131	10.582771
2132	10.582771
2133	10.582771
2134	10.582771
2135	10.582771
2136	10.582771
2137	10.582771
2138	10.582771
2139	10.582771
2140	10.582771
2141	10.582771
2142	10.582771
2143	10.582771
2144	10.582771
2145	10.582771
2146	10.582771
2147	10.582771
2148	10.582771
2149	10.582771
2150	10.582771
2151	10.582771
2152	10.582771
2153	10.582771
2154	10.582771
2155	10.582771
2156	10.582771
2157	10.582771
2158	10.582771
2159	10.582771
2160	10.582771
2161	10.582771
2162	10.582771
2163	10.582771
2164	10.582771
2165	10.582771
2166	10.582771
2167	10.582771
2168	10.582771
2169	10.582771
2170	10.582771
2171	10.582771
2172	10.582771
2173	10.582771
2174	10.582771
2175	10.582771
2176	10.582771
2177	10.584329
2178	10.584329
2179	10.584329
2180	10.584329
2181	10.584329
2182	10.584329
2183	10.584329
2184	10.584329
2185	10.584329
2186	10.584329
2187	10.584329
2188	10.584329
2189	10.584329
2190	10.584329
2191	10.584329
2192	10.584329
2193	10.584329
2194	10.584329
2195	10.584329
2196	10.584329
2197	10.584329
2198	10.584329
2199	10.584329
2200	10.584329
2201	10.584329
2202	10.584329
2203	10.584329
2204	10.584329
2205	10.584329
2206	10.584329
2207	10.584329
2208	10.584329
2209	10.584329
2210	10.584329
2211	10.584329
2212	10.584329
2213	10.585921
2214	10.585921
2215	10.585921
2216	10.585921
2217	10.585921
2218	10.585921
2219	10.585921
2220	10.585921
2221	10.585921
2222	10.585921
2223	10.585921
2224	10.585921
2225	10.585921
2226	10.585921
2227	10.585921
2228	10.585921
2229	10.585921
2230	10.585921
2231	10.585921
2232	10.585921
2233	10.585921
2234	10.585921
2235	10.585921
2236	10.585921
2237	10.585921
2238	10.585921
2239	10.584363
2240	10.584363
2241	10.584363
2242	10.584363
2243	10.584363
2244	10.584363
2245	10.584363
2246	10.584363
2247	10.584363
2248	10.584363
2249	10.584363
2250	10.585921
2251	10.585921
2252	10.585921
2253	10.585921
2254	10.585921
2255	10.585921
2256	10.585921
2257	10.585921
2258	10.585921
2259	10.585921
2260	10.585921
2261	10.585921
2262	10.585921
2263	10.585921
2264	10.585921
2265	10.585921
2266	10.585921
2267	10.585921
2268	10.585921
2269	10.585921
2270	10.585921
2271	10.585921
2272	10.585921
2273	10.585921
2274	10.585921
2275	10.585921
2276	10.585921
2277	10.585921
2278	10.585921
2279	10.585921
2280	10.585921
2281	10.585921
2282	10.585921
2283	10.585921
2284	10.585921
2285	10.585921
2286	10.585921
2287	10.585921
2288	10.585921
2289	10.585921
2290	10.585921
2291	10.585921
2292	10.585921
2293	10.585921
2294	10.585921
2295	10.585921
2296	10.585921
2297	10.585921
2298	10.585921
2299	10.585921
2300	10.585921
2301	10.585921
2302	10.585921
2303	10.585921
2304	10.585921
2305	10.585921
2306	10.585921
2307	10.585921
2308	10.585921
2309	10.585921
2310	10.585921
2311	10.585921
2312	10.585921
2313	10.585921
2314	10.585921
2315	10.585921
2316	10.585921
2317	10.585921
2318	10.585921
2319	10.585921
2320	10.585921
2321	10.585921
2322	10.585921
2323	10.585921
2324	10.585921
2325	10.585921
2326	10.585921
2327	10.584329
2328	10.584329
2329	10.584329
2330	10.584329
2331	10.584329
2332	10.584329
2333	10.584329
2334	10.584329
2335	10.584329
2336	10.584329
2337	10.584329
2338	10.584329
2339	10.584329
2340	10.584329
2341	10.584329
2342	10.584329
2343	10.584329
2344	10.584329
2345	10.584329
2346	10.584329
2347	10.584329
2348	10.584329
2349	10.584329
2350	10.584329
2351	10.584329
2352	10.584329
2353	10.584329
2354	10.584329
2355	10.584329
2356	10.584329
2357	10.584329
2358	10.584329
2359	10.584329
2360	10.584329
2361	10.584329
2362	10.584329
2363	10.584329
2364	10.584329
2365	10.584329
2366	10.584329
2367	10.584329
2368	10.584329
2369	10.584329
2370	10.584329
2371	10.584329
2372	10.584329
2373	10.584329
2374	10.584329
2375	10.584329
2376	10.584329
2377	10.584329
2378	10.584329
2379	10.584329
2380	10.584329
2381	10.584329
2382	10.584329
2383	10.584329
2384	10.584329
2385	10.584329
2386	10.584329
2387	10.584329
2388	10.584329
2389	10.584329
2390	10.584329
2391	10.584329
2392	10.584329
2393	10.584329
2394	10.584329
2395	10.584329
2396	10.584329
2397	10.584329
2398	10.584329
2399	10.584329
2400	10.584329
2401	10.584329
2402	10.584329
2403	10.584329
2404	10.584329
2405	10.584329
2406	10.584329
2407	10.584329
2408	10.584329
2409	10.584329
2410	10.584329
2411	10.584329
2412	10.584329
2413	10.584329
2414	10.584329
2415	10.584329
2416	10.584329
2417	10.584329
2418	10.584329
2419	10.584329
2420	10.584329
2421	10.584329
2422	10.584329
2423	10.584329
2424	10.584329
2425	10.584329
2426	10.584329
2427	10.584329
2428	10.584329
2429	10.584329
2430	10.584329
2431	10.584329
2432	10.584329
2433	10.584329
2434	10.584329
2435	10.584329
2436	10.584329
2437	10.584329
2438	10.584329
2439	10.584329
2440	10.584329
2441	10.584329
2442	10.584329
2443	10.584329
2444	10.584329
2445	10.584329
2446	10.584329
2447	10.584329
2448	10.584329
2449	10.584329
2450	10.584329
2451	10.584329
2452	10.584329
2453	10.584329
2454	10.584329
2455	10.584329
2456	10.584329
2457	10.584329
2458	10.584329
2459	10.584329
2460	10.584329
2461	10.584329
2462	10.584329
2463	10.584329
2464	10.584329
2465	10.584329
2466	10.584329
2467	10.584329
2468	10.584329
2469	10.584329
2470	10.584329
2471	10.584329
2472	10.584329
2473	10.584329
2474	10.584329
2475	10.584329
2476	10.584329
2477	10.584329
2478	10.584329
2479	10.584329
2480	10.584329
2481	10.584329
2482	10.584329
2483	10.584329
2484	10.584329
2485	10.584329
2486	10.584329
2487	10.584329
2488	10.584329
2489	10.584329
2490	10.584329
2491	10.584329
2492	10.584329
2493	10.584329
2494	10.584329
2495	10.584329
2496	10.584329
2497	10.584329
2498	10.584329
2499	10.584329
2500	10.584329
2501	10.584329
2502	10.584329
2503	10.584329
2504	10.584329
2505	10.584329
2506	10.584329
2507	10.584329
2508	10.584329
2509	10.584329
2510	10.584329
2511	10.584329
2512	10.584329
2513	10.584329
2514	10.584329
2515	10.584329
2516	10.584329
2517	10.584329
2518	10.584329
2519	10.584329
2520	10.584329
2521	10.584329
2522	10.584329
2523	10.584329
2524	10.584329
2525	10.584329
2526	10.584329
2527	10.584329
2528	10.584329
2529	10.584329
2530	10.584329
2531	10.584329
2532	10.584329
2533	10.584329
2534	10.584329
2535	10.584329
2536	10.584329
2537	10.584329
2538	10.584329
2539	10.584329
2540	10.584329
2541	10.584329
2542	10.584329
2543	10.584329
2544	10.584329
2545	10.584329
2546	10.584329
2547	10.584329
2548	10.584329
2549	10.584329
2550	10.584329
2551	10.584329
2552	10.584329
2553	10.584329
2554	10.584329
2555	10.584329
2556	10.584329
2557	10.584329
2558	10.584329
2559	10.584329
2560	10.584329
2561	10.584329
2562	10.584329
2563	10.584329
2564	10.584329
2565	10.584329
2566	10.584329
2567	10.584329
2568	10.584329
2569	10.584329
2570	10.584329
2571	10.584329
2572	10.584329
2573	10.584329
2574	10.584329
2575	10.584329
2576	10.584329
2577	10.584329
2578	10.584329
2579	10.584329
2580	10.584329
2581	10.584329
2582	10.584329
2583	10.584329
2584	10.584329
2585	10.584329
2586	10.584329
2587	10.584329
2588	10.584329
2589	10.584329
2590	10.584329
2591	10.584329
2592	10.584329
2593	10.584329
2594	10.584329
2595	10.584329
2596	10.584329
2597	10.584329
2598	10.584329
2599	10.584329
2600	10.584329
2601	10.584329
2602	10.584329
2603	10.584329
2604	10.584329
2605	10.584329
2606	10.584329
2607	10.584329
2608	10.584329
2609	10.584329
2610	10.584329
2611	10.584329
2612	10.584329
2613	10.584329
2614	10.584329
2615	10.584329
2616	10.584329
2617	10.584329
2618	10.584329
2619	10.584329
2620	10.584329
2621	10.584329
2622	10.584329
2623	10.584329
2624	10.584329
2625	10.584329
2626	10.584329
2627	10.584329
2628	10.584329
2629	10.584329
2630	10.584329
2631	10.584329
2632	10.584329
2633	10.584329
2634	10.584329
2635	10.584329
2636	10.584329
2637	10.584329
2638	10.584329
2639	10.584329
2640	10.584329
2641	10.584329
2642	10.584329
2643	10.584329
2644	10.584329
2645	10.584329
2646	10.584329
2647	10.584329
2648	10.584329
2649	10.584329
2650	10.584329
2651	10.584329
2652	10.584329
2653	10.584329
2654	10.584329
2655	10.584329
2656	10.584329
2657	10.584329
2658	10.584329
2659	10.584329
2660	10.584329
2661	10.584329
2662	10.584329
2663	10.584329
2664	10.584329
2665	10.584329
2666	10.584329
2667	10.584329
2668	10.584329
2669	10.584329
2670	10.584329
2671	10.584329
2672	10.584329
2673	10.584329
2674	10.584329
2675	10.584329
2676	10.584329
2677	10.584329
2678	10.584329
2679	10.584329
2680	10.584329
2681	10.584329
2682	10.584329
2683	10.584329
2684	10.584329
2685	10.584329
2686	10.584329
2687	10.582771
2688	10.582771
2689	10.582771
2690	10.582771
2691	10.582771
2692	10.582771
2693	10.582771
2694	10.582771
2695	10.582771
2696	10.582771
2697	10.582771
2698	10.582771
2699	10.582771
2700	10.582771
2701	10.582771
2702	10.582771
2703	10.582771
2704	10.582771
2705	10.582771
2706	10.582771
2707	10.582771
2708	10.582771
2709	10.582771
2710	10.582771
2711	10.582771
2712	10.582771
2713	10.582771
2714	10.582771
2715	10.582771
2716	10.582771
2717	10.582771
2718	10.582771
2719	10.582771
2720	10.582771
2721	10.582771
2722	10.582771
2723	10.582771
2724	10.582771
2725	10.582771
2726	10.582771
2727	10.582771
2728	10.582771
2729	10.582771
2730	10.582771
2731	10.582771
2732	10.582771
2733	10.582771
2734	10.582771
2735	10.582771
2736	10.582771
2737	10.582771
2738	10.582771
2739	10.582771
2740	10.582771
2741	10.582771
2742	10.582771
2743	10.582771
2744	10.582771
2745	10.582771
2746	10.582771
2747	10.582771
2748	10.582771
2749	10.582771
2750	10.582771
2751	10.582771
2752	10.582771
2753	10.582771
2754	10.582771
2755	10.582771
2756	10.582771
2757	10.582771
2758	10.582771
2759	10.582771
2760	10.582771
2761	10.582771
2762	10.582771
2763	10.582771
2764	10.582771
2765	10.582771
2766	10.582771
2767	10.582771
2768	10.582771
2769	10.582771
2770	10.582771
2771	10.582771
2772	10.582771
2773	10.582771
2774	10.582771
2775	10.582771
2776	10.582771
2777	10.582771
2778	10.582771
2779	10.582771
2780	10.582771
2781	10.582771
2782	10.582771
2783	10.582771
2784	10.582771
2785	10.582771
2786	10.582771
2787	10.582771
2788	10.582771
2789	10.582771
2790	10.582771
2791	10.582771
2792	10.582771
2793	10.582771
2794	10.582771
2795	10.582771
2796	10.582771
2797	10.582771
2798	10.582771
2799	10.582771
2800	10.582771
2801	10.582771
2802	10.582771
2803	10.582771
2804	10.582771
2805	10.582771
2806	10.582771
2807	10.582771
2808	10.582771
2809	10.582771
2810	10.582771
2811	10.582771
2812	10.582771
2813	10.582771
2814	10.582771
2815	10.582771
2816	10.582771
2817	10.582771
2818	10.582771
2819	10.582771
2820	10.582771
2821	10.582771
2822	10.582771
2823	10.582771
2824	10.582771
2825	10.582771
2826	10.582771
2827	10.582771
2828	10.582771
2829	10.582771
2830	10.582771
2831	10.582771
2832	10.582771
2833	10.582771
2834	10.582771
2835	10.582771
2836	10.582771
2837	10.582771
2838	10.582771
2839	10.582771
2840	10.582771
2841	10.582771
2842	10.582771
2843	10.582771
2844	10.582771
2845	10.582771
2846	10.582771
2847	10.582771
2848	10.582771
2849	10.582771
2850	10.582771
2851	10.582771
2852	10.582771
2853	10.582771
2854	10.582771
2855	10.582771
2856	10.582771
2857	10.582771
2858	10.582771
2859	10.582771
2860	10.582771
2861	10.582771
2862	10.582771
2863	10.582771
2864	10.582771
2865	10.582771
2866	10.582771
2867	10.582771
2868	10.582771
2869	10.582771
2870	10.582771
2871	10.582771
2872	10.582771
2873	10.582771
2874	10.582771
2875	10.582771
2876	10.582771
2877	10.582771
2878	10.582771
2879	10.582771
2880	10.582771
2881	10.582771
2882	10.582771
2883	10.582771
2884	10.582771
2885	10.582771
2886	10.582771
2887	10.582771
2888	10.582771
2889	10.582771
2890	10.582771
2891	10.582771
2892	10.582771
2893	10.582771
2894	10.582771
2895	10.582771
2896	10.582771
2897	10.582771
2898	10.582771
2899	10.582771
2900	10.582771
2901	10.582771
2902	10.582771
2903	10.582771
2904	10.582771
2905	10.582771
2906	10.582771
2907	10.582771
2908	10.582771
2909	10.582771
2910	10.582771
2911	10.582771
2912	10.582771
2913	10.582771
2914	10.582771
2915	10.582771
2916	10.582771
2917	10.582771
2918	10.582771
2919	10.582771
2920	10.582771
2921	10.582771
2922	10.582771
2923	10.582771
2924	10.582771
2925	10.582771
2926	10.582771
2927	10.582771
2928	10.582771
2929	10.582771
2930	10.582771
2931	10.582771
2932	10.582771
2933	10.582771
2934	10.582771
2935	10.582771
2936	10.582771
2937	10.582771
2938	10.582771
2939	10.582771
2940	10.582771
2941	10.582771
2942	10.582771
2943	10.582771
2944	10.582771
2945	10.582771
2946	10.582771
2947	10.582771
2948	10.582771
2949	10.582771
2950	10.582771
2951	10.582771
2952	10.582771
2953	10.582771
2954	10.582771
2955	10.582771
2956	10.582771
2957	10.582771
2958	10.582771
2959	10.582771
2960	10.582771
2961	10.582771
2962	10.582771
2963	10.582771
2964	10.582771
2965	10.582771
2966	10.582771
2967	10.582771
2968	10.582771
2969	10.582771
2970	10.582771
2971	10.582771
2972	10.582771
2973	10.582771
2974	10.582771
2975	10.582771
2976	10.582771
2977	10.582771
2978	10.582771
2979	10.582771
2980	10.582771
2981	10.582771
2982	10.582771
2983	10.582771
2984	10.582771
2985	10.582771
2986	10.582771
2987	10.582771
2988	10.582771
2989	10.582771
2990	10.582771
2991	10.582771
2992	10.582771
2993	10.582771
2994	10.582771
2995	10.582771
2996	10.582771
2997	10.582771
2998	10.582771
2999	10.582771
3000	10.582771
3001	10.582771
3002	10.582771
3003	10.582771
3004	10.582771
3005	10.582771
3006	10.582771
3007	10.582771
3008	10.582771
3009	10.582771
3010	10.582771
3011	10.582771
3012	10.582771
3013	10.582771
3014	10.582771
3015	10.582771
3016	10.582771
3017	10.582771
3018	10.582771
3019	10.582771
3020	10.582771
3021	10.582771
3022	10.582771
3023	10.582771
3024	10.582771
3025	10.584329
3026	10.584329
3027	10.584329
3028	10.584329
3029	10.584329
3030	10.584329
3031	10.584329
3032	10.584329
3033	10.584329
3034	10.584329
3035	10.584329
3036	10.584329
3037	10.584329
3038	10.584329
3039	10.584329
3040	10.584329
3041	10.584329
3042	10.584329
3043	10.584329
3044	10.584329
3045	10.584329
3046	10.584329
3047	10.584329
3048	10.584329
3049	10.584329
3050	10.584329
3051	10.584329
3052	10.584329
3053	10.584329
3054	10.584329
3055	10.584329
3056	10.584329
3057	10.584329
3058	10.584329
3059	10.584329
3060	10.584329
3061	10.584329
3062	10.584329
3063	10.584329
3064	10.584329
3065	10.584329
3066	10.584329
3067	10.584329
3068	10.584329
3069	10.584329
3070	10.584329
3071	10.584329
3072	10.584329
3073	10.584329
3074	10.584329
3075	10.584329
3076	10.584329
3077	10.584329
3078	10.584329
3079	10.584329
3080	10.584329
3081	10.584329
3082	10.584329
3083	10.584329
3084	10.584329
3085	10.584329
3086	10.584329
3087	10.584329
3088	10.584329
3089	10.585921
3090	10.585921
3091	10.585921
3092	10.585921
3093	10.585921
3094	10.585921
3095	10.585921
3096	10.585921
3097	10.585921
3098	10.585921
3099	10.585921
3100	10.585921
3101	10.585921
3102	10.585921
3103	10.585921
3104	10.585921
3105	10.585921
3106	10.585921
3107	10.585921
3108	10.585921
3109	10.585921
3110	10.585921
3111	10.585921
3112	10.585921
3113	10.585921
3114	10.585921
3115	10.585921
3116	10.585921
3117	10.585921
3118	10.585921
3119	10.585921
3120	10.585921
3121	10.585921
3122	10.585921
3123	10.585921
3124	10.585921
3125	10.585921
3126	10.585921
3127	10.585921
3128	10.585921
3129	10.585921
3130	10.585921
3131	10.585921
3132	10.585921
3133	10.585921
3134	10.585921
3135	10.585921
3136	10.585921
3137	10.585921
3138	10.585921
3139	10.585921
3140	10.585921
3141	10.585921
3142	10.585921
3143	10.585921
3144	10.585921
3145	10.585921
3146	10.585921
3147	10.585921
3148	10.585921
3149	10.585921
3150	10.585921
3151	10.585921
3152	10.585921
3153	10.585921
3154	10.585921
3155	10.585921
3156	10.585921
3157	10.585921
3158	10.585921
3159	10.585921
3160	10.585921
3161	10.585921
3162	10.585921
3163	10.585921
3164	10.585921
3165	10.585921
3166	10.585921
3167	10.585921
3168	10.585921
3169	10.585921
3170	10.585921
3171	10.585921
3172	10.585921
3173	10.585921
3174	10.585921
3175	10.585921
3176	10.585921
3177	10.585921
3178	10.585921
3179	10.585921
3180	10.585921
3181	10.585921
3182	10.585921
3183	10.585921
3184	10.585921
3185	10.585921
3186	10.585921
3187	10.585921
3188	10.585921
3189	10.585921
3190	10.585921
3191	10.585921
3192	10.585921
3193	10.585921
3194	10.585921
3195	10.585921
3196	10.585921
3197	10.585921
3198	10.585921
3199	10.585921
3200	10.585921
3201	10.585921
3202	10.585921
3203	10.585921
3204	10.585921
3205	10.585921
3206	10.585921
3207	10.585921
3208	10.585921
3209	10.585921
3210	10.585921
3211	10.585921
3212	10.585921
3213	10.585921
3214	10.585921
3215	10.585921
3216	10.585921
3217	10.585921
3218	10.585921
3219	10.585921
3220	10.585921
3221	10.585921
3222	10.585921
3223	10.585921
3224	10.585921
3225	10.585921
3226	10.585921
3227	10.585921
3228	10.585921
3229	10.585921
3230	10.585921
3231	10.585921
3232	10.585921
3233	10.585921
3234	10.585921
3235	10.585921
3236	10.585921
3237	10.585921
3238	10.585921
3239	10.585921
3240	10.585921
3241	10.585921
3242	10.585921
3243	10.585921
3244	10.585921
3245	10.585921
3246	10.585921
3247	10.585921
3248	10.585921
3249	10.585921
3250	10.585921
3251	10.585921
3252	10.585921
3253	10.585921
3254	10.585921
3255	10.585921
3256	10.585921
3257	10.585921
3258	10.585921
3259	10.585921
3260	10.585921
3261	10.585921
3262	10.585921
3263	10.585921
3264	10.585921
3265	10.585921
3266	10.585921
3267	10.585921
3268	10.585921
3269	10.585921
3270	10.585921
3271	10.585921
3272	10.585921
3273	10.585921
3274	10.585921
3275	10.585921
3276	10.585921
3277	10.585921
3278	10.585921
3279	10.585921
3280	10.585921
3281	10.585921
3282	10.585921
3283	10.585921
3284	10.585921
3285	10.585921
3286	10.585921
3287	10.585921
3288	10.585921
3289	10.585921
3290	10.585921
3291	10.585921
3292	10.585921
3293	10.585921
3294	10.585921
3295	10.585921
3296	10.585921
3297	10.585921
3298	10.585921
3299	10.585921
3300	10.585921
3301	10.585921
3302	10.585921
3303	10.585921
3304	10.585921
3305	10.585921
3306	10.585921
3307	10.585921
3308	10.585921
3309	10.585921
3310	10.585921
3311	10.585921
3312	10.585921
3313	10.585921
3314	10.585921
3315	10.585921
3316	10.585921
3317	10.585921
3318	10.585921
3319	10.585921
3320	10.585921
3321	10.585921
3322	10.585921
3323	10.585921
3324	10.585921
3325	10.585921
3326	10.585921
3327	10.585921
3328	10.585921
3329	10.585921
3330	10.585921
3331	10.585921
3332	10.585921
3333	10.585921
3334	10.585921
3335	10.585921
3336	10.585921
3337	10.585921
3338	10.585921
3339	10.585921
3340	10.585921
3341	10.585921
3342	10.585921
3343	10.585921
3344	10.585921
3345	10.585921
3346	10.585921
3347	10.585921
3348	10.585921
3349	10.585921
3350	10.585921
3351	10.585921
3352	10.585921
3353	10.585921
3354	10.585921
3355	10.585921
3356	10.585921
3357	10.585921
3358	10.585921
3359	10.585921
3360	10.585921
3361	10.585921
3362	10.585921
3363	10.585921
3364	10.585921
3365	10.585921
3366	10.585921
3367	10.585921
3368	10.585921
3369	10.585921
3370	10.585921
3371	10.585921
3372	10.585921
3373	10.585921
3374	10.585921
3375	10.585921
3376	10.585921
3377	10.585921
3378	10.585921
3379	10.585921
3380	10.585921
3381	10.585921
3382	10.585921
3383	10.585921
3384	10.585921
3385	10.585921
3386	10.585921
3387	10.585921
3388	10.585921
3389	10.585921
3390	10.585921
3391	10.585921
3392	10.585921
3393	10.585921
3394	10.585921
3395	10.585921
3396	10.585921
3397	10.585921
3398	10.585921
3399	10.585921
3400	10.585921
3401	10.585921
3402	10.585921
3403	10.585921
3404	10.585921
3405	10.585921
3406	10.585921
3407	10.585921
3408	10.585921
3409	10.585921
3410	10.585921
3411	10.585921
3412	10.585921
3413	10.585921
3414	10.585921
3415	10.585921
3416	10.585921
3417	10.585921
3418	10.585921
3419	10.585921
3420	10.585921
3421	10.585921
3422	10.585921
3423	10.585921
3424	10.585921
3425	10.585921
3426	10.585921
3427	10.585921
3428	10.585921
3429	10.585921
3430	10.585921
3431	10.585921
3432	10.585921
3433	10.585921
3434	10.585921
3435	10.585921
3436	10.585921
3437	10.585921
3438	10.585921
3439	10.585921
3440	10.585921
3441	10.585921
3442	10.585921
3443	10.585921
3444	10.585921
3445	10.585921
3446	10.585921
3447	10.585921
3448	10.585921
3449	10.585921
3450	10.585921
3451	10.585921
3452	10.585921
3453	10.585921
3454	10.585921
3455	10.585921
3456	10.585921
3457	10.585921
3458	10.585921
3459	10.585921
3460	10.585921
3461	10.585921
3462	10.585921
3463	10.585921
3464	10.585921
3465	10.585921
3466	10.585921
3467	10.585921
3468	10.585921
3469	10.585921
3470	10.585921
3471	10.585921
3472	10.585921
3473	10.585921
3474	10.585921
3475	10.585921
3476	10.585921
3477	10.585921
3478	10.585921
3479	10.585921
3480	10.585921
3481	10.585921
3482	10.585921
3483	10.585921
3484	10.585921
3485	10.585921
3486	10.585921
3487	10.585921
3488	10.585921
3489	10.585921
3490	10.585921
3491	10.585921
3492	10.585921
3493	10.585921
3494	10.585921
3495	10.585921
3496	10.585921
3497	10.585921
3498	10.585921
3499	10.585921
3500	10.585921
3501	10.585921
3502	10.585921
3503	10.585921
3504	10.585921
3505	10.585921
3506	10.585921
3507	10.585921
3508	10.585921
3509	10.585921
3510	10.585921
3511	10.585921
3512	10.585921
3513	10.585921
3514	10.585921
3515	10.585921
3516	10.585921
3517	10.585921
3518	10.585921
3519	10.585921
3520	10.585921
3521	10.585921
3522	10.585921
3523	10.585921
3524	10.585921
3525	10.585921
3526	10.585921
3527	10.585921
3528	10.585921
3529	10.585921
3530	10.585921
3531	10.585921
3532	10.585921
3533	10.585921
3534	10.585921
3535	10.585921
3536	10.585921
3537	10.585921
3538	10.585921
3539	10.585921
3540	10.585921
3541	10.585921
3542	10.585921
3543	10.585921
3544	10.585921
3545	10.585921
3546	10.585921
3547	10.585921
3548	10.585921
3549	10.585921
3550	10.585921
3551	10.585921
3552	10.585921
3553	10.585921
3554	10.585921
3555	10.585921
3556	10.585921
3557	10.585921
3558	10.585921
3559	10.585921
3560	10.585921
3561	10.585921
3562	10.585921
3563	10.585921
3564	10.585921
3565	10.585921
3566	10.585921
3567	10.585921
3568	10.585921
3569	10.585921
3570	10.585921
3571	10.585921
3572	10.585921
3573	10.585921
3574	10.585921
3575	10.585921
3576	10.585921
3577	10.585921
3578	10.585921
3579	10.585921
3580	10.585921
3581	10.585921
3582	10.585921
3583	10.585921
3584	10.585921
3585	10.585921
3586	10.585921
3587	10.585921
3588	10.585921
3589	10.585921
3590	10.585921
3591	10.585921
3592	10.585921
3593	10.585921
3594	10.585921
3595	10.585921
3596	10.585921
3597	10.585921
3598	10.585921
3599	10.585921
3600	10.585921
3601	10.585921
3602	10.585921
3603	10.585921
3604	10.585921
3605	10.585921
3606	10.585921
3607	10.585921
3608	10.585921
3609	10.585921
3610	10.585921
3611	10.585921
3612	10.585921
3613	10.585921
3614	10.585921
3615	10.585921
3616	10.585921
3617	10.585921
3618	10.585921
3619	10.585921
3620	10.585921
3621	10.585921
3622	10.585921
3623	10.585921
3624	10.585921
3625	10.585921
3626	10.585921
3627	10.585921
3628	10.585921
3629	10.585921
3630	10.585921
3631	10.585921
3632	10.585921
3633	10.585921
3634	10.585921
3635	10.585921
3636	10.585921
3637	10.585921
3638	10.585921
3639	10.585921
3640	10.585921
3641	10.585921
3642	10.585921
3643	10.585921
3644	10.585921
3645	10.585921
3646	10.585921
3647	10.585921
3648	10.585921
3649	10.585921
3650	10.585921
3651	10.585921
3652	10.585921
3653	10.585921
3654	10.585921
3655	10.585921
3656	10.585921
3657	10.585921
3658	10.585921
3659	10.585921
3660	10.585921
3661	10.585921
3662	10.585921
3663	10.585921
3664	10.585921
3665	10.585921
3666	10.585921
3667	10.585921
3668	10.585921
3669	10.585921
3670	10.585921
3671	10.585921
3672	10.585921
3673	10.585921
3674	10.585921
3675	10.585921
3676	10.585921
3677	10.585921
3678	10.585921
3679	10.585921
3680	10.585921
3681	10.585921
3682	10.585921
3683	10.585921
3684	10.585921
3685	10.585921
3686	10.585921
3687	10.585921
3688	10.585921
3689	10.585921
3690	10.585921
3691	10.585921
3692	10.585921
3693	10.585921
3694	10.585921
3695	10.585921
3696	10.585921
3697	10.585921
3698	10.585921
3699	10.585921
3700	10.585921
3701	10.585921
3702	10.585921
3703	10.585921
3704	10.585921
3705	10.585921
3706	10.585921
3707	10.585921
3708	10.585921
3709	10.585921
3710	10.585921
3711	10.585921
3712	10.585921
3713	10.585921
3714	10.585921
3715	10.585921
3716	10.585921
3717	10.585921
3718	10.585921
3719	10.585921
3720	10.585921
3721	10.585921
3722	10.585921
3723	10.585921
3724	10.585921
3725	10.585921
3726	10.585921
3727	10.585921
3728	10.585921
3729	10.585921
3730	10.585921
3731	10.585921
3732	10.585921
3733	10.585921
3734	10.585921
3735	10.585921
3736	10.585921
3737	10.585921
3738	10.585921
3739	10.585921
3740	10.585921
3741	10.585921
3742	10.585921
3743	10.585921
3744	10.585921
3745	10.585921
3746	10.585921
3747	10.585921
3748	10.585921
3749	10.585921
3750	10.585921
3751	10.585921
3752	10.585921
3753	10.585921
3754	10.585921
3755	10.585921
3756	10.585921
3757	10.585921
3758	10.585921
3759	10.585921
3760	10.585921
3761	10.585921
3762	10.585921
3763	10.585921
3764	10.585921
3765	10.585921
3766	10.585921
3767	10.585921
3768	10.585921
3769	10.585921
3770	10.585921
3771	10.585921
3772	10.585921
3773	10.585921
3774	10.585921
3775	10.585921
3776	10.585921
3777	10.585921
3778	10.585921
3779	10.585921
3780	10.585921
3781	10.585921
3782	10.585921
3783	10.585921
3784	10.585921
3785	10.585921
3786	10.585921
3787	10.585921
3788	10.585921
3789	10.585921
3790	10.585921
3791	10.585921
3792	10.585921
3793	10.585921
3794	10.585921
3795	10.585921
3796	10.585921
3797	10.585921
3798	10.585921
3799	10.585921
3800	10.585921
3801	10.585921
3802	10.585921
3803	10.585921
3804	10.585921
3805	10.585921
3806	10.585921
3807	10.585921
3808	10.585921
3809	10.585921
3810	10.585921
3811	10.585921
3812	10.585921
3813	10.585921
3814	10.585921
3815	10.585921
3816	10.585921
3817	10.585921
3818	10.585921
3819	10.585921
3820	10.585921
3821	10.585921
3822	10.585921
3823	10.585921
3824	10.585921
3825	10.585921
3826	10.585921
3827	10.585921
3828	10.585921
3829	10.585921
3830	10.585921
3831	10.585921
3832	10.585921
3833	10.585921
3834	10.585921
3835	10.585921
3836	10.585921
3837	10.585921
3838	10.585921
3839	10.585921
3840	10.585921
3841	10.585921
3842	10.585921
3843	10.585921
3844	10.585921
3845	10.585921
3846	10.585921
3847	10.585921
3848	10.585921
3849	10.585921
3850	10.585921
3851	10.585921
3852	10.585921
3853	10.585921
3854	10.585921
3855	10.585921
3856	10.585921
3857	10.585921
3858	10.585921
3859	10.585921
3860	10.585921
3861	10.585921
3862	10.585921
3863	10.585921
3864	10.585921
3865	10.585921
3866	10.585921
3867	10.585921
3868	10.585921
3869	10.585921
3870	10.585921
3871	10.585921
3872	10.585921
3873	10.585921
3874	10.585921
3875	10.585921
3876	10.585921
3877	10.585921
3878	10.585921
3879	10.585921
3880	10.585921
3881	10.585921
3882	10.585921
3883	10.585921
3884	10.585921
3885	10.585921
3886	10.585921
3887	10.585921
3888	10.585921
3889	10.585921
3890	10.585921
3891	10.585921
3892	10.585921
3893	10.585921
3894	10.585921
3895	10.585921
3896	10.585921
3897	10.585921
3898	10.585921
3899	10.585921
3900	10.585921
3901	10.585921
3902	10.585921
3903	10.585921
3904	10.585921
3905	10.585921
3906	10.585921
3907	10.585921
3908	10.585921
3909	10.585921
3910	10.585921
3911	10.585921
3912	10.585921
3913	10.585921
3914	10.585921
3915	10.585921
3916	10.585921
3917	10.585921
3918	10.585921
3919	10.585921
3920	10.585921
3921	10.585921
3922	10.585921
3923	10.585921
3924	10.585921
3925	10.585921
3926	10.585921
3927	10.585921
3928	10.585921
3929	10.585921
3930	10.585921
3931	10.585921
3932	10.585921
3933	10.585921
3934	10.585921
3935	10.585921
3936	10.585921
3937	10.585921
3938	10.585921
3939	10.585921
3940	10.585921
3941	10.585921
3942	10.585921
3943	10.585921
3944	10.585921
3945	10.585921
3946	10.585921
3947	10.585921
3948	10.585921
3949	10.585921
3950	10.585921
3951	10.585921
3952	10.585921
3953	10.585921
3954	10.585921
3955	10.585921
3956	10.585921
3957	10.585921
3958	10.585921
3959	10.585921
3960	10.585921
3961	10.585921
3962	10.585921
3963	10.585921
3964	10.585921
3965	10.585921
3966	10.585921
3967	10.585921
3968	10.585921
3969	10.585921
3970	10.585921
3971	10.585921
3972	10.585921
3973	10.585921
3974	10.585921
3975	10.585921
3976	10.585921
3977	10.585921
3978	10.585921
3979	10.585921
3980	10.585921
3981	10.585921
3982	10.585921
3983	10.585921
3984	10.585921
3985	10.585921
3986	10.585921
3987	10.585921
3988	10.585921
3989	10.585921
3990	10.585921
3991	10.585921
3992	10.585921
3993	10.585921
3994	10.585921
3995	10.585921
3996	10.585921
3997	10.585921
3998	10.585921
3999	10.585921
4000	10.585921
4001	10.585921
4002	10.585921
4003	10.585921
4004	10.585921
4005	10.585921
4006	10.585921
4007	10.585921
4008	10.585921
4009	10.585921
4010	10.585921
4011	10.585921
4012	10.585921
4013	10.585921
4014	10.585921
4015	10.585921
4016	10.585921
4017	10.585921
4018	10.585921
4019	10.585921
4020	10.585921
4021	10.585921
4022	10.585921
4023	10.585921
4024	10.585921
4025	10.585921
4026	10.585921
4027	10.585921
4028	10.585921
4029	10.585921
4030	10.585921
4031	10.585921
4032	10.585921
4033	10.585921
4034	10.585921
4035	10.585921
4036	10.585921
4037	10.585921
4038	10.585921
4039	10.585921
4040	10.585921
4041	10.585921
4042	10.585921
4043	10.585921
4044	10.585921
4045	10.585921
4046	10.585921
4047	10.585921
4048	10.585921
4049	10.585921
4050	10.585921
4051	10.585921
4052	10.585921
4053	10.585921
4054	10.585921
4055	10.585921
4056	10.585921
4057	10.585921
4058	10.585921
4059	10.585921
4060	10.585921
4061	10.585921
4062	10.585921
4063	10.585921
4064	10.585921
4065	10.585921
4066	10.585921
4067	10.585921
4068	10.585921
4069	10.585921
4070	10.585921
4071	10.585921
4072	10.585921
4073	10.585921
4074	10.585921
4075	10.585921
4076	10.585921
4077	10.585921
4078	10.585921
4079	10.585921
4080	10.585921
4081	10.585921
4082	10.585921
4083	10.585921
4084	10.585921
4085	10.585921
4086	10.585921
4087	10.585921
4088	10.585921
4089	10.585921
4090	10.585921
4091	10.585921
4092	10.585921
4093	10.585921
4094	10.585921
4095	10.585921
4096	10.585921
4097	10.585921
4098	10.585921
4099	10.585921
4100	10.585921
4101	10.585921
4102	10.585921
4103	10.585921
4104	10.585921
4105	10.585921
4106	10.585921
4107	10.585921
4108	10.585921
4109	10.585921
4110	10.585921
4111	10.585921
4112	10.585921
4113	10.585921
4114	10.585921
4115	10.585921
4116	10.585921
4117	10.585921
4118	10.585921
4119	10.585921
4120	10.585921
4121	10.585921
4122	10.585921
4123	10.585921
4124	10.585921
4125	10.585921
4126	10.585921
4127	10.585921
4128	10.585921
4129	10.585921
4130	10.585921
4131	10.585921
4132	10.585921
4133	10.585921
4134	10.585921
4135	10.585921
4136	10.585921
4137	10.585921
4138	10.585921
4139	10.585921
4140	10.585921
4141	10.585921
4142	10.585921
4143	10.585921
4144	10.585921
4145	10.585921
4146	10.585921
4147	10.585921
4148	10.585921
4149	10.585921
4150	10.585921
4151	10.585921
4152	10.585921
4153	10.585921
4154	10.585921
4155	10.585921
4156	10.585921
4157	10.585921
4158	10.585921
4159	10.585921
4160	10.585921
4161	10.585921
4162	10.585921
4163	10.585921
4164	10.585921
4165	10.585921
4166	10.585921
4167	10.585921
4168	10.585921
4169	10.585921
4170	10.585921
4171	10.585921
4172	10.585921
4173	10.585921
4174	10.585921
4175	10.585921
4176	10.585921
4177	10.585921
4178	10.585921
4179	10.585921
4180	10.585921
4181	10.585921
4182	10.585921
4183	10.585921
4184	10.585921
4185	10.585921
4186	10.585921
4187	10.585921
4188	10.585921
4189	10.585921
4190	10.585921
4191	10.585921
4192	10.585921
4193	10.585921
4194	10.585921
4195	10.585921
4196	10.585921
4197	10.585921
4198	10.585921
4199	10.585921
4200	10.585921
4201	10.585921
4202	10.585921
4203	10.585921
4204	10.585921
4205	10.585921
4206	10.585921
4207	10.585921
4208	10.585921
4209	10.585921
4210	10.585921
4211	10.585921
4212	10.585921
4213	10.585921
4214	10.585921
4215	10.585921
4216	10.585921
4217	10.585921
4218	10.585921
4219	10.585921
4220	10.585921
4221	10.585921
4222	10.585921
4223	10.585921
4224	10.585921
4225	10.585921
4226	10.585921
4227	10.585921
4228	10.585921
4229	10.585921
4230	10.585921
4231	10.585921
4232	10.585921
4233	10.585921
4234	10.585921
4235	10.585921
4236	10.585921
4237	10.585921
4238	10.585921
4239	10.585921
4240	10.585921
4241	10.585921
4242	10.585921
4243	10.585921
4244	10.585921
4245	10.585921
4246	10.585921
4247	10.585921
4248	10.585921
4249	10.585921
4250	10.585921
4251	10.585921
4252	10.585921
4253	10.585921
4254	10.585921
4255	10.585921
4256	10.585921
4257	10.585921
4258	10.585921
4259	10.585921
4260	10.585921
4261	10.585921
4262	10.585921
4263	10.585921
4264	10.585921
4265	10.585921
4266	10.585921
4267	10.585921
4268	10.585921
4269	10.585921
4270	10.585921
4271	10.585921
4272	10.585921
4273	10.585921
4274	10.585921
4275	10.585921
4276	10.585921
4277	10.585921
4278	10.585921
4279	10.585921
4280	10.585921
4281	10.585921
4282	10.585921
4283	10.585921
4284	10.585921
4285	10.585921
4286	10.585921
4287	10.585921
4288	10.585921
4289	10.585921
4290	10.585921
4291	10.585921
4292	10.585921
4293	10.585921
4294	10.585921
4295	10.585921
4296	10.585921
4297	10.585921
4298	10.585921
4299	10.585921
4300	10.585921
4301	10.585921
4302	10.585921
4303	10.585921
4304	10.585921
4305	10.585921
4306	10.585921
4307	10.585921
4308	10.585921
4309	10.585921
4310	10.585921
4311	10.585921
4312	10.585921
4313	10.585921
4314	10.585921
4315	10.585921
4316	10.585921
4317	10.585921
4318	10.585921
4319	10.585921
4320	10.585921
4321	10.585921
4322	10.585921
4323	10.585921
4324	10.585921
4325	10.585921
4326	10.585921
4327	10.585921
4328	10.585921
4329	10.585921
4330	10.585921
4331	10.585921
4332	10.585921
4333	10.585921
4334	10.585921
4335	10.585921
4336	10.585921
4337	10.585921
4338	10.585921
4339	10.585921
4340	10.585921
4341	10.585921
4342	10.585921
4343	10.585921
4344	10.585921
4345	10.585921
4346	10.585921
4347	10.585921
4348	10.585921
4349	10.585921
4350	10.585921
4351	10.585921
4352	10.585921
4353	10.585921
4354	10.585921
4355	10.585921
4356	10.585921
4357	10.585921
4358	10.585921
4359	10.585921
4360	10.585921
4361	10.585921
4362	10.585921
4363	10.585921
4364	10.585921
4365	10.585921
4366	10.585921
4367	10.585921
4368	10.585921
4369	10.585921
4370	10.585921
4371	10.585921
4372	10.585921
4373	10.585921
4374	10.585921
4375	10.585921
4376	10.585921
4377	10.585921
4378	10.585921
4379	10.585921
4380	10.585921
4381	10.585921
4382	10.585921
4383	10.585921
4384	10.585921
4385	10.585921
4386	10.585921
4387	10.585921
4388	10.585921
4389	10.585921
4390	10.585921
4391	10.585921
4392	10.585921
4393	10.585921
4394	10.585921
4395	10.585921
4396	10.585921
4397	10.585921
4398	10.585921
4399	10.585921
4400	10.585921
4401	10.585921
4402	10.585921
4403	10.585921
4404	10.585921
4405	10.585921
4406	10.585921
4407	10.585921
4408	10.585921
4409	10.585921
4410	10.585921
4411	10.585921
4412	10.585921
4413	10.585921
4414	10.585921
4415	10.585921
4416	10.585921
4417	10.585921
4418	10.585921
4419	10.585921
4420	10.585921
4421	10.585921
4422	10.585921
4423	10.585921
4424	10.585921
4425	10.585921
4426	10.585921
4427	10.585921
4428	10.585921
4429	10.585921
4430	10.585921
4431	10.585921
4432	10.585921
4433	10.585921
4434	10.585921
4435	10.585921
4436	10.585921
4437	10.585921
4438	10.585921
4439	10.585921
4440	10.585921
4441	10.585921
4442	10.585921
4443	10.585921
4444	10.585921
4445	10.585921
4446	10.585921
4447	10.585921
4448	10.585921
4449	10.585921
4450	10.585921
4451	10.585921
4452	10.585921
4453	10.585921
4454	10.585921
4455	10.585921
4456	10.585921
4457	10.585921
4458	10.585921
4459	10.585921
4460	10.585921
4461	10.585921
4462	10.585921
4463	10.585921
4464	10.585921
4465	10.585921
4466	10.585921
4467	10.585921
4468	10.585921
4469	10.585921
4470	10.585921
4471	10.585921
4472	10.585921
4473	10.585921
4474	10.585921
4475	10.585921
4476	10.585921
4477	10.585921
4478	10.585921
4479	10.585921
4480	10.585921
4481	10.585921
4482	10.585921
4483	10.585921
4484	10.585921
4485	10.585921
4486	10.585921
4487	10.585921
4488	10.585921
4489	10.585921
4490	10.585921
4491	10.585921
4492	10.585921
4493	10.585921
4494	10.585921
4495	10.585921
4496	10.585921
4497	10.585921
4498	10.585921
4499	10.585921
4500	10.585921
4501	10.585921
4502	10.585921
4503	10.585921
4504	10.585921
4505	10.585921
4506	10.585921
4507	10.585921
4508	10.585921
4509	10.585921
4510	10.585921
4511	10.585921
4512	10.585921
4513	10.585921
4514	10.585921
4515	10.585921
4516	10.585921
4517	10.585921
4518	10.585921
4519	10.585921
4520	10.585921
4521	10.585921
4522	10.585921
4523	10.585921
4524	10.585921
4525	10.585921
4526	10.585921
4527	10.585921
4528	10.585921
4529	10.585921
4530	10.585921
4531	10.585921
4532	10.585921
4533	10.585921
4534	10.585921
4535	10.585921
4536	10.585921
4537	10.585921
4538	10.585921
4539	10.585921
4540	10.585921
4541	10.585921
4542	10.585921
4543	10.585921
4544	10.585921
4545	10.585921
4546	10.585921
4547	10.585921
4548	10.585921
4549	10.585921
4550	10.585921
4551	10.585921
4552	10.585921
4553	10.585921
4554	10.585921
4555	10.585921
4556	10.585921
4557	10.585921
4558	10.585921
4559	10.585921
4560	10.585921
4561	10.585921
4562	10.585921
4563	10.585921
4564	10.585921
4565	10.585921
4566	10.585921
4567	10.585921
4568	10.585921
4569	10.585921
4570	10.585921
4571	10.585921
4572	10.585921
4573	10.585921
4574	10.585921
4575	10.585921
4576	10.585921
4577	10.585921
4578	10.585921
4579	10.585921
4580	10.585921
4581	10.585921
4582	10.585921
4583	10.585921
4584	10.585921
4585	10.585921
4586	10.585921
4587	10.585921
4588	10.585921
4589	10.585921
4590	10.585921
4591	10.585921
4592	10.585921
4593	10.585921
4594	10.585921
4595	10.585921
4596	10.585921
4597	10.585921
4598	10.585921
4599	10.585921
4600	10.585921
4601	10.585921
4602	10.585921
4603	10.585921
4604	10.585921
4605	10.585921
4606	10.585921
4607	10.585921
4608	10.585921
4609	10.585921
4610	10.585921
4611	10.585921
4612	10.585921
4613	10.585921
4614	10.585921
4615	10.585921
4616	10.585921
4617	10.585921
4618	10.585921
4619	10.585921
4620	10.585921
4621	10.585921
4622	10.585921
4623	10.585921
4624	10.585921
4625	10.585921
4626	10.585921
4627	10.585921
4628	10.585921
4629	10.585921
4630	10.585921
4631	10.585921
4632	10.585921
4633	10.585921
4634	10.585921
4635	10.585921
4636	10.585921
4637	10.585921
4638	10.585921
4639	10.585921
4640	10.585921
4641	10.585921
4642	10.585921
4643	10.585921
4644	10.585921
4645	10.585921
4646	10.585921
4647	10.585921
4648	10.585921
4649	10.585921
4650	10.585921
4651	10.585921
4652	10.585921
4653	10.585921
4654	10.585921
4655	10.585921
4656	10.585921
4657	10.585921
4658	10.585921
4659	10.585921
4660	10.585921
4661	10.585921
4662	10.585921
4663	10.585921
4664	10.585921
4665	10.585921
4666	10.585921
4667	10.585921
4668	10.585921
4669	10.585921
4670	10.585921
4671	10.585921
4672	10.585921
4673	10.585921
4674	10.585921
4675	10.585921
4676	10.585921
4677	10.585921
4678	10.585921
4679	10.585921
4680	10.585921
4681	10.585921
4682	10.585921
4683	10.585921
4684	10.585921
4685	10.585921
4686	10.585921
4687	10.585921
4688	10.585921
4689	10.585921
4690	10.585921
4691	10.585921
4692	10.585921
4693	10.585921
4694	10.585921
4695	10.585921
4696	10.585921
4697	10.585921
4698	10.585921
4699	10.585921
4700	10.585921
4701	10.585921
4702	10.585921
4703	10.585921
4704	10.585921
4705	10.585921
4706	10.585921
4707	10.585921
4708	10.585921
4709	10.585921
4710	10.585921
4711	10.585921
4712	10.585921
4713	10.585921
4714	10.585921
4715	10.585921
4716	10.585921
4717	10.585921
4718	10.585921
4719	10.585921
4720	10.585921
4721	10.585921
4722	10.585921
4723	10.585921
4724	10.585921
4725	10.585921
4726	10.585921
4727	10.585921
4728	10.585921
4729	10.585921
4730	10.585921
4731	10.585921
4732	10.585921
4733	10.585921
4734	10.585921
4735	10.585921
4736	10.585921
4737	10.585921
4738	10.585921
4739	10.585921
4740	10.585921
4741	10.585921
4742	10.585921
4743	10.585921
4744	10.585921
4745	10.585921
4746	10.585921
4747	10.585921
4748	10.585921
4749	10.585921
4750	10.585921
4751	10.585921
4752	10.585921
4753	10.585921
4754	10.585921
4755	10.585921
4756	10.585921
4757	10.585921
4758	10.585921
4759	10.585921
4760	10.585921
4761	10.585921
4762	10.585921
4763	10.585921
4764	10.585921
4765	10.585921
4766	10.585921
4767	10.585921
4768	10.585921
4769	10.585921
4770	10.585921
4771	10.585921
4772	10.585921
4773	10.585921
4774	10.585921
4775	10.585921
4776	10.585921
4777	10.585921
4778	10.585921
4779	10.585921
4780	10.585921
4781	10.585921
4782	10.585921
4783	10.585921
4784	10.585921
4785	10.585921
4786	10.585921
4787	10.585921
4788	10.585921
4789	10.585921
4790	10.585921
4791	10.585921
4792	10.585921
4793	10.585921
4794	10.585921
4795	10.585921
4796	10.585921
4797	10.585921
4798	10.585921
4799	10.585921
4800	10.585921
4801	10.585921
4802	10.585921
4803	10.585921
4804	10.585921
4805	10.585921
4806	10.585921
4807	10.585921
4808	10.585921
4809	10.585921
4810	10.585921
4811	10.585921
4812	10.585921
4813	10.585921
4814	10.585921
4815	10.585921
4816	10.585921
4817	10.585921
4818	10.585921
4819	10.585921
4820	10.585921
4821	10.585921
4822	10.585921
4823	10.585921
4824	10.585921
4825	10.585921
4826	10.585921
4827	10.585921
4828	10.585921
4829	10.585921
4830	10.585921
4831	10.585921
4832	10.585921
4833	10.585921
4834	10.585921
4835	10.585921
4836	10.585921
4837	10.585921
4838	10.585921
4839	10.585921
4840	10.585921
4841	10.585921
4842	10.585921
4843	10.585921
4844	10.585921
4845	10.585921
4846	10.585921
4847	10.585921
4848	10.585921
4849	10.585921
4850	10.585921
4851	10.585921
4852	10.585921
4853	10.585921
4854	10.585921
4855	10.585921
4856	10.585921
4857	10.585921
4858	10.585921
4859	10.585921
4860	10.585921
4861	10.585921
4862	10.585921
4863	10.585921
4864	10.585921
4865	10.585921
4866	10.585921
4867	10.585921
4868	10.585921
4869	10.585921
4870	10.585921
4871	10.585921
4872	10.585921
4873	10.585921
4874	10.585921
4875	10.585921
4876	10.585921
4877	10.585921
4878	10.585921
4879	10.585921
4880	10.585921
4881	10.585921
4882	10.585921
4883	10.585921
4884	10.585921
4885	10.585921
4886	10.585921
4887	10.585921
4888	10.585921
4889	10.585921
4890	10.585921
4891	10.585921
4892	10.585921
4893	10.585921
4894	10.585921
4895	10.585921
4896	10.585921
4897	10.585921
4898	10.585921
4899	10.585921
4900	10.585921
4901	10.585921
4902	10.585921
4903	10.585921
4904	10.585921
4905	10.585921
4906	10.585921
4907	10.585921
4908	10.585921
4909	10.585921
4910	10.585921
4911	10.585921
4912	10.585921
4913	10.585921
4914	10.585921
4915	10.585921
4916	10.585921
4917	10.585921
4918	10.585921
4919	10.585921
4920	10.585921
4921	10.585921
4922	10.585921
4923	10.585921
4924	10.585921
4925	10.585921
4926	10.585921
4927	10.585921
4928	10.585921
4929	10.585921
4930	10.585921
4931	10.585921
4932	10.585921
4933	10.585921
4934	10.585921
4935	10.585921
4936	10.585921
4937	10.585921
4938	10.585921
4939	10.585921
4940	10.585921
4941	10.585921
4942	10.585921
4943	10.585921
4944	10.585921
4945	10.585921
4946	10.585921
4947	10.585921
4948	10.585921
4949	10.585921
4950	10.585921
4951	10.585921
4952	10.585921
4953	10.585921
4954	10.585921
4955	10.585921
4956	10.585921
4957	10.585921
4958	10.585921
4959	10.585921
4960	10.585921
4961	10.585921
4962	10.585921
4963	10.585921
4964	10.585921
4965	10.585921
4966	10.585921
4967	10.585921
4968	10.585921
4969	10.585921
4970	10.585921
4971	10.585921
4972	10.585921
4973	10.585921
4974	10.585921
4975	10.585921
4976	10.585921
4977	10.585921
4978	10.585921
4979	10.585921
4980	10.585921
4981	10.585921
4982	10.585921
4983	10.585921
4984	10.585921
4985	10.585921
4986	10.585921
4987	10.585921
4988	10.585921
4989	10.585921
4990	10.585921
4991	10.585921
4992	10.585921
4993	10.585921
4994	10.585921
4995	10.585921
4996	10.585921
4997	10.585921
4998	10.585921
4999	10.585921
5000	10.585921
5001	10.585921
5002	10.585921
5003	10.585921
5004	10.585921
5005	10.585921
5006	10.585921
5007	10.585921
5008	10.585921
5009	10.585921
5010	10.585921
5011	10.585921
5012	10.585921
5013	10.585921
5014	10.585921
5015	10.585921
5016	10.585921
5017	10.585921
5018	10.585921
5019	10.585921
5020	10.585921
5021	10.585921
5022	10.585921
5023	10.585921
5024	10.585921
5025	10.585921
5026	10.585921
5027	10.585921
5028	10.585921
5029	10.585921
5030	10.585921
5031	10.585921
5032	10.585921
5033	10.585921
5034	10.585921
5035	10.585921
5036	10.585921
5037	10.585921
5038	10.585921
5039	10.585921
5040	10.585921
5041	10.585921
5042	10.585921
5043	10.585921
5044	10.585921
5045	10.585921
5046	10.585921
5047	10.585921
5048	10.585921
5049	10.585921
5050	10.585921
5051	10.585921
5052	10.585921
5053	10.585921
5054	10.585921
5055	10.585921
5056	10.585921
5057	10.585921
5058	10.585921
5059	10.585921
5060	10.585921
5061	10.585921
5062	10.585921
5063	10.585921
5064	10.585921
5065	10.585921
5066	10.585921
5067	10.585921
5068	10.585921
5069	10.585921
5070	10.585921
5071	10.585921
5072	10.585921
5073	10.585921
5074	10.585921
5075	10.585921
5076	10.585921
5077	10.585921
5078	10.585921
5079	10.585921
5080	10.585921
5081	10.585921
5082	10.585921
5083	10.585921
5084	10.585921
5085	10.585921
5086	10.585921
5087	10.585921
5088	10.585921
5089	10.585921
5090	10.585921
5091	10.585921
5092	10.585921
5093	10.585921
5094	10.585921
5095	10.585921
5096	10.585921
5097	10.585921
5098	10.585921
5099	10.585921
5100	10.585921
5101	10.585921
5102	10.585921
5103	10.585921
5104	10.585921
5105	10.585921
5106	10.585921
5107	10.585921
5108	10.585921
5109	10.585921
5110	10.585921
5111	10.585921
5112	10.585921
5113	10.585921
5114	10.585921
5115	10.585921
5116	10.585921
5117	10.585921
5118	10.585921
5119	10.585921
5120	10.585921
5121	10.585921
5122	10.585921
5123	10.585921
5124	10.585921
5125	10.585921
5126	10.585921
5127	10.585921
5128	10.585921
5129	10.585921
5130	10.585921
5131	10.585921
5132	10.585921
5133	10.585921
5134	10.585921
5135	10.585921
5136	10.585921
5137	10.585921
5138	10.585921
5139	10.585921
5140	10.585921
5141	10.585921
5142	10.585921
5143	10.585921
5144	10.585921
5145	10.585921
5146	10.585921
5147	10.585921
5148	10.585921
5149	10.585921
5150	10.585921
5151	10.585921
5152	10.585921
5153	10.585921
5154	10.585921
5155	10.585921
5156	10.585921
5157	10.585921
5158	10.585921
5159	10.585921
5160	10.585921
5161	10.585921
5162	10.585921
5163	10.585921
5164	10.585921
5165	10.585921
5166	10.585921
5167	10.585921
5168	10.585921
5169	10.585921
5170	10.585921
5171	10.585921
5172	10.585921
5173	10.585921
5174	10.585921
5175	10.585921
5176	10.585921
5177	10.585921
5178	10.585921
5179	10.585921
5180	10.585921
5181	10.585921
5182	10.585921
5183	10.585921
5184	10.585921
5185	10.585921
5186	10.585921
5187	10.585921
5188	10.585921
5189	10.585921
5190	10.585921
5191	10.585921
5192	10.585921
5193	10.585921
5194	10.585921
5195	10.585921
5196	10.585921
5197	10.585921
5198	10.585921
5199	10.585921
5200	10.585921
5201	10.585921
5202	10.585921
5203	10.585921
5204	10.585921
5205	10.585921
5206	10.585921
5207	10.585921
5208	10.585921
5209	10.585921
5210	10.585921
5211	10.585921
5212	10.585921
5213	10.585921
5214	10.585921
5215	10.585921
5216	10.585921
5217	10.585921
5218	10.585921
5219	10.585921
5220	10.585921
5221	10.585921
5222	10.585921
5223	10.585921
5224	10.585921
5225	10.585921
5226	10.585921
5227	10.585921
5228	10.585921
5229	10.585921
5230	10.585921
5231	10.585921
5232	10.585921
5233	10.585921
5234	10.585921
5235	10.585921
5236	10.585921
5237	10.585921
5238	10.585921
5239	10.585921
5240	10.585921
5241	10.585921
5242	10.585921
5243	10.585921
5244	10.585921
5245	10.585921
5246	10.585921
5247	10.585921
5248	10.585921
5249	10.585921
5250	10.585921
5251	10.585921
5252	10.585921
5253	10.585921
5254	10.585921
5255	10.585921
5256	10.585921
5257	10.585921
5258	10.585921
5259	10.585921
5260	10.585921
5261	10.585921
5262	10.585921
5263	10.585921
5264	10.585921
5265	10.585921
5266	10.585921
5267	10.585921
5268	10.585921
5269	10.585921
5270	10.585921
5271	10.585921
5272	10.585921
5273	10.585921
5274	10.585921
5275	10.585921
5276	10.585921
5277	10.585921
5278	10.585921
5279	10.585921
5280	10.585921
5281	10.585921
5282	10.585921
5283	10.585921
5284	10.585921
5285	10.585921
5286	10.585921
5287	10.585921
5288	10.585921
5289	10.585921
5290	10.585921
5291	10.585921
5292	10.585921
5293	10.585921
5294	10.585921
5295	10.585921
5296	10.585921
5297	10.585921
5298	10.585921
5299	10.585921
5300	10.585921
5301	10.585921
5302	10.585921
5303	10.585921
5304	10.585921
5305	10.585921
5306	10.585921
5307	10.585921
5308	10.585921
5309	10.585921
5310	10.585921
5311	10.585921
5312	10.585921
5313	10.585921
5314	10.585921
5315	10.585921
5316	10.585921
5317	10.585921
5318	10.585921
5319	10.585921
5320	10.585921
5321	10.585921
5322	10.585921
5323	10.585921
5324	10.585921
5325	10.585921
5326	10.585921
5327	10.585921
5328	10.585921
5329	10.585921
5330	10.585921
5331	10.585921
5332	10.585921
5333	10.585921
5334	10.585921
5335	10.585921
5336	10.585921
5337	10.585921
5338	10.585921
5339	10.585921
5340	10.585921
5341	10.585921
5342	10.585921
5343	10.585921
5344	10.585921
5345	10.585921
5346	10.585921
5347	10.585921
5348	10.585921
5349	10.585921
5350	10.585921
5351	10.585921
5352	10.585921
5353	10.585921
5354	10.585921
5355	10.585921
5356	10.585921
5357	10.585921
5358	10.585921
5359	10.585921
5360	10.585921
5361	10.585921
5362	10.585921
5363	10.585921
5364	10.585921
5365	10.585921
5366	10.585921
5367	10.585921
5368	10.585921
5369	10.585921
5370	10.585921
5371	10.585921
5372	10.585921
5373	10.585921
5374	10.585921
5375	10.585921
5376	10.585921
5377	10.585921
5378	10.585921
5379	10.585921
5380	10.585921
5381	10.585921
5382	10.585921
5383	10.585921
5384	10.585921
5385	10.585921
5386	10.585921
5387	10.585921
5388	10.585921
5389	10.585921
5390	10.585921
5391	10.585921
5392	10.585921
5393	10.585921
5394	10.585921
5395	10.585921
5396	10.585921
5397	10.585921
5398	10.585921
5399	10.585921
5400	10.585921
5401	10.585921
5402	10.585921
5403	10.585921
5404	10.585921
5405	10.585921
5406	10.585921
5407	10.585921
5408	10.585921
5409	10.585921
5410	10.585921
5411	10.585921
5412	10.585921
5413	10.585921
5414	10.585921
5415	10.585921
5416	10.585921
5417	10.585921
5418	10.585921
5419	10.585921
5420	10.585921
5421	10.585921
5422	10.585921
5423	10.585921
5424	10.585921
5425	10.585921
5426	10.585921
5427	10.585921
5428	10.585921
5429	10.585921
5430	10.585921
5431	10.585921
5432	10.585921
5433	10.585921
5434	10.585921
5435	10.585921
5436	10.585921
5437	10.585921
5438	10.585921
5439	10.585921
5440	10.585921
5441	10.585921
5442	10.585921
5443	10.585921
5444	10.585921
5445	10.585921
5446	10.585921
5447	10.585921
5448	10.585921
5449	10.585921
5450	10.585921
5451	10.585921
5452	10.585921
5453	10.585921
5454	10.585921
5455	10.585921
5456	10.585921
5457	10.585921
5458	10.585921
5459	10.585921
5460	10.585921
5461	10.585921
5462	10.585921
5463	10.585921
5464	10.585921
5465	10.585921
5466	10.585921
5467	10.585921
5468	10.585921
5469	10.585921
5470	10.585921
5471	10.585921
5472	10.585921
5473	10.585921
5474	10.585921
5475	10.585921
5476	10.585921
5477	10.585921
5478	10.585921
5479	10.585921
5480	10.585921
5481	10.585921
5482	10.585921
5483	10.585921
5484	10.585921
5485	10.585921
5486	10.585921
5487	10.585921
5488	10.585921
5489	10.585921
5490	10.585921
5491	10.585921
5492	10.585921
5493	10.585921
5494	10.585921
5495	10.585921
5496	10.585921
5497	10.585921
5498	10.585921
5499	10.585921
5500	10.585921
5501	10.585921
5502	10.585921
5503	10.585921
5504	10.585921
5505	10.585921
5506	10.585921
5507	10.585921
5508	10.585921
5509	10.585921
5510	10.585921
5511	10.585921
5512	10.585921
5513	10.585921
5514	10.585921
5515	10.585921
5516	10.585921
5517	10.585921
5518	10.585921
5519	10.585921
5520	10.585921
5521	10.585921
5522	10.585921
5523	10.585921
5524	10.585921
5525	10.585921
5526	10.585921
5527	10.585921
5528	10.585921
5529	10.585921
5530	10.585921
5531	10.585921
5532	10.585921
5533	10.585921
5534	10.585921
5535	10.585921
5536	10.585921
5537	10.585921
5538	10.585921
5539	10.585921
5540	10.585921
5541	10.585921
5542	10.585921
5543	10.585921
5544	10.585921
5545	10.585921
5546	10.585921
5547	10.585921
5548	10.585921
5549	10.585921
5550	10.585921
5551	10.585921
5552	10.585921
5553	10.585921
5554	10.585921
5555	10.585921
5556	10.585921
5557	10.585921
5558	10.585921
5559	10.585921
5560	10.585921
5561	10.585921
5562	10.585921
5563	10.585921
5564	10.585921
5565	10.585921
5566	10.585921
5567	10.585921
5568	10.585921
5569	10.585921
5570	10.585921
5571	10.585921
5572	10.585921
5573	10.585921
5574	10.585921
5575	10.585921
5576	10.585921
5577	10.585921
5578	10.585921
5579	10.585921
5580	10.585921
5581	10.585921
5582	10.585921
5583	10.585921
5584	10.585921
5585	10.585921
5586	10.585921
5587	10.585921
5588	10.585921
5589	10.585921
5590	10.585921
5591	10.585921
5592	10.585921
5593	10.585921
5594	10.585921
5595	10.585921
5596	10.585921
5597	10.585921
5598	10.585921
5599	10.585921
5600	10.585921
5601	10.585921
5602	10.585921
5603	10.585921
5604	10.585921
5605	10.585921
5606	10.585921
5607	10.585921
5608	10.585921
5609	10.585921
5610	10.585921
5611	10.585921
5612	10.585921
5613	10.585921
5614	10.585921
5615	10.585921
5616	10.585921
5617	10.585921
5618	10.585921
5619	10.585921
5620	10.585921
5621	10.585921
5622	10.585921
5623	10.585921
5624	10.585921
5625	10.585921
5626	10.585921
5627	10.585921
5628	10.585921
5629	10.585921
5630	10.585921
5631	10.585921
5632	10.585921
5633	10.585921
5634	10.585921
5635	10.585921
5636	10.585921
5637	10.585921
5638	10.585921
5639	10.585921
5640	10.585921
5641	10.585921
5642	10.585921
5643	10.585921
5644	10.585921
5645	10.585921
5646	10.585921
5647	10.585921
5648	10.585921
5649	10.585921
5650	10.585921
5651	10.585921
5652	10.585921
5653	10.585921
5654	10.585921
5655	10.585921
5656	10.585921
5657	10.585921
5658	10.585921
5659	10.585921
5660	10.585921
5661	10.585921
5662	10.585921
5663	10.585921
5664	10.585921
5665	10.585921
5666	10.585921
5667	10.585921
5668	10.585921
5669	10.585921
5670	10.585921
5671	10.585921
5672	10.585921
5673	10.585921
5674	10.585921
5675	10.585921
5676	10.585921
5677	10.585921
5678	10.585921
5679	10.585921
5680	10.585921
5681	10.585921
5682	10.585921
5683	10.585921
5684	10.585921
5685	10.585921
5686	10.585921
5687	10.585921
5688	10.585921
5689	10.585921
5690	10.585921
5691	10.585921
5692	10.585921
5693	10.585921
5694	10.585921
5695	10.585921
5696	10.585921
5697	10.585921
5698	10.585921
5699	10.585921
5700	10.585921
5701	10.585921
5702	10.585921
5703	10.585921
5704	10.585921
5705	10.585921
5706	10.585921
5707	10.585921
5708	10.585921
5709	10.585921
5710	10.585921
5711	10.585921
5712	10.585921
5713	10.585921
5714	10.585921
5715	10.585921
5716	10.585921
5717	10.585921
5718	10.585921
5719	10.585921
5720	10.585921
5721	10.585921
5722	10.585921
5723	10.585921
5724	10.585921
5725	10.585921
5726	10.585921
5727	10.585921
5728	10.585921
5729	10.585921
5730	10.585921
5731	10.585921
5732	10.585921
5733	10.585921
5734	10.585921
5735	10.585921
5736	10.585921
5737	10.585921
5738	10.585921
5739	10.585921
5740	10.585921
5741	10.585921
5742	10.585921
5743	10.585921
5744	10.585921
5745	10.585921
5746	10.585921
5747	10.585921
5748	10.585921
5749	10.585921
5750	10.585921
5751	10.585921
5752	10.585921
5753	10.585921
5754	10.585921
5755	10.585921
5756	10.585921
5757	10.585921
5758	10.585921
5759	10.585921
5760	10.585921
5761	10.585921
5762	10.585921
5763	10.585921
5764	10.585921
5765	10.585921
5766	10.585921
5767	10.585921
5768	10.585921
5769	10.585921
5770	10.585921
5771	10.585921
5772	10.585921
5773	10.585921
5774	10.585921
5775	10.585921
5776	10.585921
5777	10.585921
5778	10.585921
5779	10.585921
5780	10.585921
5781	10.585921
5782	10.585921
5783	10.585921
5784	10.585921
5785	10.585921
5786	10.585921
5787	10.585921
5788	10.585921
5789	10.585921
5790	10.585921
5791	10.585921
5792	10.585921
5793	10.585921
5794	10.585921
5795	10.585921
5796	10.585921
5797	10.585921
5798	10.585921
5799	10.585921
5800	10.585921
5801	10.585921
5802	10.585921
5803	10.585921
5804	10.585921
5805	10.585921
5806	10.585921
5807	10.585921
5808	10.585921
5809	10.585921
5810	10.585921
5811	10.585921
5812	10.585921
5813	10.585921
5814	10.585921
5815	10.585921
5816	10.585921
5817	10.585921
5818	10.585921
5819	10.585921
5820	10.585921
5821	10.585921
5822	10.585921
5823	10.585921
5824	10.585921
5825	10.585921
5826	10.585921
5827	10.585921
5828	10.585921
5829	10.585921
5830	10.585921
5831	10.585921
5832	10.585921
5833	10.585921
5834	10.585921
5835	10.585921
5836	10.585921
5837	10.585921
5838	10.585921
5839	10.585921
5840	10.585921
5841	10.585921
5842	10.585921
5843	10.585921
5844	10.585921
5845	10.585921
5846	10.585921
5847	10.585921
5848	10.585921
5849	10.585921
5850	10.585921
5851	10.585921
5852	10.585921
5853	10.585921
5854	10.585921
5855	10.585921
5856	10.585921
5857	10.585921
5858	10.585921
5859	10.585921
5860	10.585921
5861	10.585921
5862	10.585921
5863	10.585921
5864	10.585921
5865	10.585921
5866	10.585921
5867	10.585921
5868	10.585921
5869	10.585921
5870	10.585921
5871	10.585921
5872	10.585921
5873	10.585921
5874	10.585921
5875	10.585921
5876	10.585921
5877	10.585921
5878	10.585921
5879	10.585921
5880	10.585921
5881	10.585921
5882	10.585921
5883	10.585921
5884	10.585921
5885	10.585921
5886	10.585921
5887	10.585921
5888	10.585921
5889	10.585921
5890	10.585921
5891	10.585921
5892	10.585921
5893	10.585921
5894	10.585921
5895	10.585921
5896	10.585921
5897	10.585921
5898	10.585921
5899	10.585921
5900	10.585921
5901	10.585921
5902	10.585921
5903	10.585921
5904	10.585921
5905	10.585921
5906	10.585921
5907	10.585921
5908	10.585921
5909	10.585921
5910	10.585921
5911	10.585921
5912	10.585921
5913	10.585921
5914	10.585921
5915	10.585921
5916	10.585921
5917	10.585921
5918	10.585921
5919	10.585921
5920	10.585921
5921	10.585921
5922	10.585921
5923	10.585921
5924	10.585921
5925	10.585921
5926	10.585921
5927	10.585921
5928	10.585921
5929	10.585921
5930	10.585921
5931	10.585921
5932	10.585921
5933	10.585921
5934	10.585921
5935	10.585921
5936	10.585921
5937	10.585921
5938	10.585921
5939	10.585921
5940	10.585921
5941	10.585921
5942	10.585921
5943	10.585921
5944	10.585921
5945	10.585921
5946	10.585921
5947	10.585921
5948	10.585921
5949	10.585921
5950	10.585921
5951	10.585921
5952	10.585921
5953	10.585921
5954	10.585921
5955	10.585921
5956	10.585921
5957	10.585921
5958	10.585921
5959	10.585921
5960	10.585921
5961	10.585921
5962	10.585921
5963	10.585921
5964	10.585921
5965	10.585921
5966	10.585921
5967	10.585921
5968	10.585921
5969	10.585921
5970	10.585921
5971	10.585921
5972	10.585921
5973	10.585921
5974	10.585921
5975	10.585921
5976	10.585921
5977	10.585921
5978	10.585921
5979	10.585921
5980	10.585921
5981	10.585921
5982	10.585921
5983	10.585921
5984	10.585921
5985	10.585921
5986	10.585921
5987	10.585921
5988	10.585921
5989	10.585921
5990	10.585921
5991	10.585921
5992	10.585921
5993	10.585921
5994	10.585921
5995	10.585921
5996	10.585921
5997	10.585921
5998	10.585921
5999	10.585921
6000	10.585921
6001	10.585921
6002	10.585921
6003	10.585921
6004	10.585921
6005	10.585921
6006	10.585921
6007	10.585921
6008	10.585921
6009	10.585921
6010	10.585921
6011	10.585921
6012	10.585921
6013	10.585921
6014	10.585921
6015	10.585921
6016	10.585921
6017	10.585921
6018	10.585921
6019	10.585921
6020	10.585921
6021	10.585921
6022	10.585921
6023	10.585921
6024	10.585921
6025	10.585921
6026	10.585921
6027	10.585921
6028	10.585921
6029	10.585921
6030	10.585921
6031	10.585921
6032	10.585921
6033	10.585921
6034	10.585921
6035	10.585921
6036	10.585921
6037	10.585921
6038	10.585921
6039	10.585921
6040	10.585921
6041	10.585921
6042	10.585921
6043	10.585921
6044	10.585921
6045	10.585921
6046	10.585921
6047	10.585921
6048	10.585921
6049	10.585921
6050	10.585921
6051	10.585921
6052	10.585921
6053	10.585921
6054	10.585921
6055	10.585921
6056	10.585921
6057	10.585921
6058	10.585921
6059	10.585921
6060	10.585921
6061	10.585921
6062	10.585921
6063	10.585921
6064	10.585921
6065	10.585921
6066	10.585921
6067	10.585921
6068	10.585921
6069	10.585921
6070	10.585921
6071	10.585921
6072	10.585921
6073	10.585921
6074	10.585921
6075	10.585921
6076	10.585921
6077	10.585921
6078	10.585921
6079	10.585921
6080	10.585921
6081	10.585921
6082	10.585921
6083	10.585921
6084	10.585921
6085	10.585921
6086	10.585921
6087	10.585921
6088	10.585921
6089	10.585921
6090	10.585921
6091	10.585921
6092	10.585921
6093	10.585921
6094	10.585921
6095	10.585921
6096	10.585921
