1	6.727676
2	6.811276
3	6.880708
4	6.901192
5	6.889045
6	6.922067
7	6.903657
8	6.924561
9	6.882612
10	6.776474
11	6.940664
12	6.940664
13	7.020884
14	6.997367
15	7.027342
16	6.619404
17	6.643071
18	6.620648
19	6.696168
20	6.713297
21	6.716641
22	6.610241
23	6.803707
24	6.807082
25	6.811779
26	6.838509
27	6.852159
28	6.831066
29	6.955417
30	7.00083
31	7.07397
32	7.058224
33	7.063786
34	7.088106
35	7.149171
36	7.243513
37	7.244603
38	7.245221
39	7.310141
40	7.792157
41	7.853703
42	7.864883
43	7.871573
44	7.945433
45	7.775315
46	7.77773
47	7.824033
48	7.835886
49	7.86273
50	7.885685
51	7.945593
52	7.952907
53	7.971115
54	7.910638
55	7.962982
56	7.968904
57	8.080935
58	8.114097
59	8.07874
60	8.074977
61	8.094255
62	8.094255
63	8.095593
64	8.095593
65	8.149868
66	8.253468
67	8.382171
68	8.446581
69	8.644557
70	8.644557
71	8.649717
72	8.402374
73	8.426694
74	8.426694
75	8.43778
76	8.271774
77	8.270142
78	8.441478
79	8.289632
80	8.292569
81	8.437191
82	8.442781
83	8.442781
84	8.488366
85	8.478496
86	8.546622
87	8.36297
88	8.37284
89	8.390247
90	8.423637
91	8.322802
92	8.322802
93	8.299508
94	7.878056
95	7.899665
96	7.887255
97	7.977999
98	8.001534
99	8.069714
100	7.769864
101	7.870184
102	7.888474
103	7.864939
104	7.864939
105	7.904323
106	8.134407
107	8.33378
108	8.33378
109	8.33378
110	8.33378
111	8.243036
112	8.045952
113	8.045952
114	8.045952
115	8.069487
116	8.045952
117	8.045952
118	7.8963
119	7.8127
120	7.722899
121	7.924265
122	8.080841
123	8.080841
124	8.080841
125	8.059232
126	8.059232
127	7.776177
128	7.852477
129	8.426203
130	8.426203
131	8.426203
132	8.187005
133	8.21054
134	8.21054
135	8.25214
136	8.253653
137	8.253653
138	8.230118
139	8.230118
140	8.147409
141	8.147409
142	8.170944
143	8.170944
144	8.245408
145	8.281015
146	8.281015
147	8.241631
148	8.27452
149	8.27452
150	8.384165
151	8.332391
152	8.332391
153	8.332391
154	8.687503
155	8.656929
156	8.301817
157	8.410123
158	8.893092
159	9.055172
160	8.982827
161	8.982827
162	8.838207
163	8.886019
164	9.027906
165	9.027906
166	9.047256
167	9.110936
168	9.123375
169	9.123375
170	9.1359
171	9.172123
172	9.172123
173	9.290204
174	9.290204
175	9.029755
176	9.029755
177	9.004098
178	9.004098
179	8.886297
180	8.657365
181	8.64644
182	8.64644
183	8.639642
184	8.791479
185	8.803327
186	8.803327
187	8.803327
188	8.803327
189	8.803327
190	8.779792
191	8.779792
192	8.779792
193	8.748247
194	8.771782
195	8.846493
196	8.846493
197	8.827959
198	8.827959
199	8.76363
200	8.76363
201	8.76363
202	8.835678
203	8.835678
204	8.665514
205	8.571586
206	8.57335
207	8.678294
208	8.654613
209	8.654613
210	8.652849
211	8.611111
212	8.611111
213	8.752993
214	8.752993
215	8.837503
216	8.737063
217	8.578794
218	8.578794
219	8.578794
220	8.537267
221	8.537267
222	8.537267
223	8.537267
224	8.587116
225	8.587116
226	8.587116
227	8.472293
228	8.768007
229	8.838652
230	8.805946
231	8.864036
232	8.913426
233	8.913426
234	8.732413
235	8.750425
236	8.750425
237	8.751136
238	8.751136
239	8.681848
240	8.413758
241	8.348578
242	8.348578
243	8.348578
244	8.535532
245	8.567527
246	8.567527
247	8.620375
248	8.620375
249	8.686678
250	8.686678
251	8.686678
252	8.686678
253	8.653972
254	8.653972
255	8.894772
256	8.894772
257	8.901171
258	8.901171
259	8.901171
260	8.660371
261	8.660371
262	8.638363
263	8.66467
264	8.577879
265	8.595767
266	8.595767
267	8.685059
268	8.652353
269	8.652353
270	8.652353
271	8.755596
272	8.755596
273	8.702748
274	8.702748
275	8.702748
276	8.702748
277	8.613456
278	8.60812
279	8.60812
280	8.60812
281	8.60812
282	8.61664
283	8.61664
284	8.60812
285	8.60812
286	8.612134
287	8.612134
288	8.612134
289	8.852934
290	8.852934
291	8.866782
292	8.886952
293	8.886952
294	8.92522
295	8.92522
296	8.92522
297	8.92522
298	8.92522
299	8.92522
300	8.92522
301	8.92522
302	8.93374
303	8.819741
304	8.819741
305	8.819741
306	8.819741
307	8.819741
308	8.819741
309	8.819741
310	8.789943
311	8.789943
312	8.750145
313	8.593273
314	8.593273
315	8.593273
316	8.651325
317	8.651325
318	8.651325
319	8.651325
320	8.712123
321	8.706213
322	8.706213
323	8.870928
324	8.947949
325	9.09892
326	9.117304
327	9.117304
328	9.12476
329	9.12476
330	9.12476
331	9.107541
332	9.107541
333	9.149501
334	9.149501
335	9.149501
336	9.157885
337	9.157885
338	9.157885
339	9.144037
340	9.144037
341	9.167718
342	9.268438
343	9.310626
344	9.302106
345	9.302106
346	9.318162
347	9.319882
348	9.267263
349	9.277133
350	9.277133
351	9.288476
352	9.302324
353	9.302324
354	9.310844
355	9.3293
356	9.3293
357	9.139056
358	9.123335
359	9.123335
360	9.004158
361	9.004158
362	9.0735
363	9.0735
364	9.121303
365	9.128031
366	9.151527
367	9.151527
368	9.259371
369	9.259371
370	9.259371
371	9.259371
372	9.259371
373	9.47408
374	9.495512
375	9.5207
376	9.5207
377	9.472139
378	9.472139
379	9.662383
380	9.648535
381	9.648535
382	9.648535
383	9.648535
384	9.648535
385	9.648535
386	9.667239
387	9.667239
388	9.667239
389	9.601852
390	9.601852
391	9.622168
392	9.622168
393	9.643576
394	9.795435
395	9.795435
396	9.687606
397	9.687606
398	9.687606
399	9.665903
400	9.666699
401	9.666699
402	9.666699
403	9.666699
404	9.652371
405	9.652371
406	9.652371
407	9.734991
408	9.901381
409	9.901381
410	9.901381
411	9.901381
412	9.863786
413	9.916405
414	9.916405
415	9.916405
416	9.916405
417	9.83402
418	9.965645
419	9.965645
420	9.965645
421	9.965645
422	9.965645
423	9.965645
424	9.973269
425	9.973269
426	9.973269
427	9.973269
428	10.040814
429	10.133531
430	10.133531
431	10.133531
432	10.133531
433	10.133531
434	10.133531
435	10.072836
436	10.085138
437	10.072836
438	10.072836
439	10.140873
440	10.140873
441	10.112018
442	10.112018
443	10.112018
444	10.273571
445	10.309823
446	10.309823
447	10.309823
448	10.309823
449	10.309823
450	10.419095
451	10.419095
452	10.421363
453	10.421363
454	10.421363
455	10.30996
456	10.30996
457	10.30996
458	10.30996
459	10.30996
460	10.30996
461	10.30996
462	10.332012
463	10.332012
464	10.332012
465	10.280272
466	10.280272
467	10.396597
468	10.396597
469	10.396597
470	10.396597
471	10.400975
472	10.400975
473	10.400975
474	10.400975
475	10.400975
476	10.443163
477	10.443163
478	10.443163
479	10.443163
480	10.443163
481	10.443163
482	10.443163
483	10.443163
484	10.443163
485	10.443163
486	10.440895
487	10.440895
488	10.440895
489	10.440895
490	10.440895
491	10.440895
492	10.440895
493	10.284057
494	10.299778
495	10.299778
496	10.299778
497	10.299778
498	10.299778
499	10.313473
500	10.477648
501	10.477648
502	10.246835
503	10.328995
504	10.212182
505	10.212182
506	10.212182
507	10.212182
508	10.212182
509	10.212182
510	10.212182
511	10.212182
512	10.207804
513	10.319443
514	10.28422
515	10.28422
516	10.287748
517	10.287748
518	10.287748
519	10.28422
520	10.28422
521	10.28422
522	10.28422
523	10.28422
524	10.218363
525	10.317436
526	10.317436
527	10.317436
528	10.313024
529	10.313024
530	10.313024
531	10.313024
532	10.313024
533	10.313024
534	10.313024
535	10.347593
536	10.400946
537	10.400946
538	10.400946
539	10.400946
540	10.400946
541	10.400946
542	10.400946
543	10.400946
544	10.400946
545	10.400946
546	10.400946
547	10.400946
548	10.400946
549	10.436169
550	10.436169
551	10.436169
552	10.436169
553	10.436169
554	10.406707
555	10.406707
556	10.406707
557	10.326717
558	10.241346
559	10.241346
560	10.241346
561	10.241346
562	10.241346
563	10.074274
564	10.160271
565	10.160271
566	10.160271
567	10.164683
568	10.164683
569	10.187309
570	10.187309
571	10.187309
572	10.190294
573	10.190294
574	10.190294
575	10.190294
576	10.158255
577	10.265094
578	10.265094
579	10.265094
580	10.265094
581	10.260682
582	10.221277
583	10.170253
584	10.170253
585	10.31095
586	10.31095
587	10.31095
588	10.288324
589	10.288324
590	10.288324
591	10.327129
592	10.327129
593	10.327129
594	10.327129
595	10.327129
596	10.327129
597	10.327129
598	10.331905
599	10.331905
600	10.331905
601	10.331905
602	10.331905
603	10.331905
604	10.331905
605	10.331905
606	10.331905
607	10.331905
608	10.331905
609	10.331905
610	10.331905
611	10.303249
612	10.303249
613	10.303249
614	10.185842
615	10.185842
616	10.185842
617	10.185842
618	10.185842
619	9.938605
620	9.938605
621	9.938605
622	9.968026
623	9.968026
624	9.968026
625	9.968026
626	9.968026
627	9.968026
628	9.968026
629	9.968026
630	9.968026
631	9.968026
632	9.968026
633	9.968026
634	9.968026
635	9.968026
636	9.968026
637	9.968026
638	9.931401
639	9.931401
640	9.931401
641	9.931401
642	9.931401
643	10.138843
644	10.138843
645	10.138843
646	10.138843
647	10.138843
648	10.138843
649	10.138843
650	10.143255
651	10.081686
652	10.167222
653	10.228984
654	10.228984
655	10.228984
656	10.233529
657	10.233529
658	10.256155
659	10.256155
660	10.256155
661	10.233529
662	10.286302
663	10.286302
664	10.286302
665	10.286302
666	10.286302
667	10.193966
668	10.193966
669	10.193966
670	10.193966
671	10.193966
672	10.193966
673	10.221155
674	10.284166
675	10.284166
676	10.093739
677	10.093739
678	10.093739
679	10.093739
680	10.093739
681	10.114236
682	10.114236
683	10.114236
684	10.114236
685	10.114236
686	10.114236
687	10.114236
688	10.116504
689	10.116504
690	10.116504
691	10.116504
692	10.020322
693	9.967703
694	9.967703
695	10.007717
696	10.007717
697	10.007717
698	10.093684
699	10.093684
700	10.093684
701	10.093684
702	10.093684
703	10.093684
704	10.093684
705	10.09648
706	10.09648
707	10.093684
708	10.093684
709	10.093684
710	10.093684
711	10.09648
712	10.056466
713	10.039341
714	10.039341
715	10.039341
716	9.988422
717	9.988422
718	9.988422
719	9.97688
720	9.97688
721	9.97688
722	9.97688
723	9.97688
724	9.97688
725	9.97688
726	9.97688
727	9.97688
728	9.97688
729	9.97688
730	9.97688
731	9.97688
732	9.97688
733	9.97688
734	10.107185
735	10.107185
736	10.107185
737	10.278654
738	10.278654
739	10.278654
740	10.278654
741	10.278654
742	10.278654
743	10.278654
744	10.278654
745	10.278654
746	10.278654
747	10.278654
748	10.278654
749	10.278654
750	10.278654
751	10.318668
752	10.33021
753	10.33021
754	10.33021
755	10.33021
756	10.33021
757	10.33021
758	10.33021
759	10.33021
760	10.33021
761	10.33021
762	10.33021
763	10.33021
764	10.33021
765	10.33021
766	10.33021
767	10.260759
768	10.260759
769	10.260759
770	10.260759
771	10.260759
772	10.260759
773	10.260759
774	10.260759
775	10.260759
776	10.260759
777	10.260759
778	10.260759
779	10.260759
780	10.260759
781	10.260759
782	10.260759
783	10.33021
784	10.290196
785	10.290196
786	10.290196
787	10.290196
788	10.290196
789	10.290196
790	10.290196
791	10.290196
792	10.251391
793	10.291405
794	10.291405
795	10.291405
796	10.291405
797	10.291405
798	10.30853
799	10.30853
800	10.30853
801	10.30853
802	10.268516
803	10.268516
804	10.268516
805	10.268516
806	10.268516
807	10.268516
808	10.268516
809	10.268516
810	10.30853
811	10.30853
812	10.384747
813	10.384747
814	10.384747
815	10.384747
816	10.384747
817	10.384747
818	10.384747
819	10.384747
820	10.384747
821	10.384747
822	10.384747
823	10.384747
824	10.384747
825	10.384747
826	10.384747
827	10.384747
828	10.344733
829	10.344733
830	10.344733
831	10.344733
832	10.344733
833	10.344733
834	10.363439
835	10.363439
836	10.363439
837	10.363439
838	10.363439
839	10.363439
840	10.363439
841	10.363439
842	10.363439
843	10.363439
844	10.363439
845	10.363439
846	10.363439
847	10.363439
848	10.363439
849	10.363439
850	10.335382
851	10.335382
852	10.335382
853	10.375396
854	10.375396
855	10.375396
856	10.375396
857	10.375396
858	10.375396
859	10.403453
860	10.403453
861	10.403453
862	10.403453
863	10.403453
864	10.403453
865	10.403453
866	10.403453
867	10.403453
868	10.403453
869	10.403453
870	10.403453
871	10.403453
872	10.403453
873	10.403453
874	10.403453
875	10.403453
876	10.335926
877	10.28339
878	10.28339
879	10.28339
880	10.28339
881	10.28339
882	10.28339
883	10.28339
884	10.28339
885	10.28339
886	10.28339
887	10.28339
888	10.28339
889	10.28339
890	10.313434
891	10.335043
892	10.335043
893	10.335043
894	10.335043
895	10.335043
896	10.335043
897	10.317918
898	10.41372
899	10.41372
900	10.41372
901	10.41372
902	10.41372
903	10.430845
904	10.430845
905	10.411495
906	10.411495
907	10.388214
908	10.388214
909	10.388214
910	10.388214
911	10.399394
912	10.399394
913	10.399394
914	10.399394
915	10.388214
916	10.388214
917	10.388214
918	10.388214
919	10.390794
920	10.388214
921	10.388214
922	10.388214
923	10.405414
924	10.407564
925	10.407564
926	10.407564
927	10.407564
928	10.407564
929	10.407564
930	10.407564
931	10.407564
932	10.407564
933	10.407564
934	10.407564
935	10.389161
936	10.389161
937	10.389161
938	10.474532
939	10.474532
940	10.474532
941	10.474532
942	10.455182
943	10.455182
944	10.434388
945	10.443848
946	10.434388
947	10.434388
948	10.434388
949	10.434388
950	10.434388
951	10.434388
952	10.434388
953	10.434388
954	10.434388
955	10.434388
956	10.434388
957	10.434388
958	10.420046
959	10.501835
960	10.501835
961	10.502265
962	10.502265
963	10.502265
964	10.502265
965	10.502265
966	10.534485
967	10.534485
968	10.534485
969	10.534485
970	10.534485
971	10.534485
972	10.534485
973	10.534485
974	10.534485
975	10.534485
976	10.534485
977	10.518764
978	10.518764
979	10.518764
980	10.534485
981	10.587021
982	10.632592
983	10.632592
984	10.632592
985	10.632592
986	10.632592
987	10.632592
988	10.632592
989	10.632592
990	10.632592
991	10.632592
992	10.632592
993	10.632592
994	10.632592
995	10.632592
996	10.704513
997	10.704513
998	10.704513
999	10.704513
1000	10.704513
1001	10.705773
1002	10.705773
1003	10.705773
1004	10.705773
1005	10.705773
1006	10.705773
1007	10.705773
1008	10.705773
1009	10.705773
1010	10.705773
1011	10.705773
1012	10.705773
1013	10.705773
1014	10.705773
1015	10.705773
1016	10.705773
1017	10.705773
1018	10.704778
1019	10.70125
1020	10.70125
1021	10.70125
1022	10.630324
1023	10.630324
1024	10.630324
1025	10.630324
1026	10.630324
1027	10.630324
1028	10.630324
1029	10.630324
1030	10.630324
1031	10.630324
1032	10.630324
1033	10.630324
1034	10.630324
1035	10.630324
1036	10.630324
1037	10.630324
1038	10.630324
1039	10.630324
1040	10.630324
1041	10.630324
1042	10.630324
1043	10.630324
1044	10.630324
1045	10.582962
1046	10.582962
1047	10.582962
1048	10.582962
1049	10.582962
1050	10.582962
1051	10.582962
1052	10.582962
1053	10.582962
1054	10.582962
1055	10.582962
1056	10.582962
1057	10.582962
1058	10.582962
1059	10.582962
1060	10.582962
1061	10.582962
1062	10.582962
1063	10.582962
1064	10.582962
1065	10.582962
1066	10.582962
1067	10.584726
1068	10.584726
1069	10.584726
1070	10.584726
1071	10.584726
1072	10.584726
1073	10.584726
1074	10.584726
1075	10.584726
1076	10.584726
1077	10.584726
1078	10.584726
1079	10.655652
1080	10.655652
1081	10.655652
1082	10.655652
1083	10.655652
1084	10.655652
1085	10.655652
1086	10.655652
1087	10.655652
1088	10.620429
1089	10.620429
1090	10.620429
1091	10.620429
1092	10.620429
1093	10.620429
1094	10.620429
1095	10.620429
1096	10.620429
1097	10.620429
1098	10.620429
1099	10.620429
1100	10.620429
1101	10.620429
1102	10.620429
1103	10.620429
1104	10.620429
1105	10.620429
1106	10.639825
1107	10.639825
1108	10.639825
1109	10.639825
1110	10.639825
1111	10.639825
1112	10.639825
1113	10.639825
1114	10.639825
1115	10.639825
1116	10.639825
1117	10.639825
1118	10.639825
1119	10.639825
1120	10.639825
1121	10.639825
1122	10.639825
1123	10.639825
1124	10.639825
1125	10.639825
1126	10.639825
1127	10.639825
1128	10.639825
1129	10.639825
1130	10.639825
1131	10.639825
1132	10.639825
1133	10.639825
1134	10.639825
1135	10.639825
1136	10.639825
1137	10.639825
1138	10.639825
1139	10.639825
1140	10.639825
1141	10.639825
1142	10.639825
1143	10.639825
1144	10.639825
1145	10.639825
1146	10.639825
1147	10.639825
1148	10.639825
1149	10.639825
1150	10.639825
1151	10.639825
1152	10.639825
1153	10.639825
1154	10.640329
1155	10.640329
1156	10.640329
1157	10.640329
1158	10.640329
1159	10.640329
1160	10.640329
1161	10.640329
1162	10.640329
1163	10.640329
1164	10.640329
1165	10.640329
1166	10.640329
1167	10.640329
1168	10.640329
1169	10.640329
1170	10.640329
1171	10.640329
1172	10.640329
1173	10.640329
1174	10.640329
1175	10.640329
1176	10.640329
1177	10.640329
1178	10.640329
1179	10.640329
1180	10.640329
1181	10.640329
1182	10.640329
1183	10.640329
1184	10.640329
1185	10.640329
1186	10.640329
1187	10.640329
1188	10.640329
1189	10.640329
1190	10.640329
1191	10.640329
1192	10.640329
1193	10.640329
1194	10.640329
1195	10.640329
1196	10.640329
1197	10.640329
1198	10.640329
1199	10.640329
1200	10.640329
1201	10.640329
1202	10.640329
1203	10.640329
1204	10.640329
1205	10.640329
1206	10.640329
1207	10.640329
1208	10.640329
1209	10.640329
1210	10.640329
1211	10.640329
1212	10.640329
1213	10.640329
1214	10.640329
1215	10.640329
1216	10.640329
1217	10.640329
1218	10.640329
1219	10.640329
1220	10.640329
1221	10.640329
1222	10.640329
1223	10.640329
1224	10.640329
1225	10.640329
1226	10.640329
1227	10.640329
1228	10.640329
1229	10.640329
1230	10.640329
1231	10.640329
1232	10.640329
1233	10.640329
1234	10.640329
1235	10.640329
1236	10.640329
1237	10.640329
1238	10.640329
1239	10.640329
1240	10.620933
1241	10.620933
1242	10.620933
1243	10.620933
1244	10.620933
1245	10.620933
1246	10.620933
1247	10.620933
1248	10.620933
1249	10.620933
1250	10.620933
1251	10.620933
1252	10.620933
1253	10.620933
1254	10.620933
1255	10.620933
1256	10.620933
1257	10.620933
1258	10.620933
1259	10.620933
1260	10.620933
1261	10.620933
1262	10.620933
1263	10.620933
1264	10.620933
1265	10.620933
1266	10.620933
1267	10.620933
1268	10.620933
1269	10.620933
1270	10.620933
1271	10.620933
1272	10.620933
1273	10.620933
1274	10.620933
1275	10.620933
1276	10.620933
1277	10.620933
1278	10.620933
1279	10.620933
1280	10.620933
1281	10.620933
1282	10.620933
1283	10.620933
1284	10.620933
1285	10.620933
1286	10.620933
1287	10.620933
1288	10.620933
1289	10.620933
1290	10.620933
1291	10.620933
1292	10.620933
1293	10.620933
1294	10.620933
1295	10.620933
1296	10.620933
1297	10.620933
1298	10.620933
1299	10.620933
1300	10.620933
1301	10.622193
1302	10.622193
1303	10.622193
1304	10.622193
1305	10.622193
1306	10.622193
1307	10.622193
1308	10.622193
1309	10.622193
1310	10.622193
1311	10.622193
1312	10.622193
1313	10.622193
1314	10.622193
1315	10.622193
1316	10.622193
1317	10.622193
1318	10.622193
1319	10.622193
1320	10.622193
1321	10.622193
1322	10.622193
1323	10.622193
1324	10.622193
1325	10.622193
1326	10.622193
1327	10.622193
1328	10.622193
1329	10.622193
1330	10.622193
1331	10.622193
1332	10.622193
1333	10.622193
1334	10.622193
1335	10.622193
1336	10.622193
1337	10.622193
1338	10.622193
1339	10.622193
1340	10.622193
1341	10.657416
1342	10.657416
1343	10.657416
1344	10.657416
1345	10.657416
1346	10.657416
1347	10.657416
1348	10.657416
1349	10.657416
1350	10.657416
1351	10.657416
1352	10.657416
1353	10.657416
1354	10.657416
1355	10.657416
1356	10.657416
1357	10.657416
1358	10.657416
1359	10.657416
1360	10.657416
1361	10.657416
1362	10.657416
1363	10.665376
1364	10.665376
1365	10.665376
1366	10.665376
1367	10.665376
1368	10.665376
1369	10.665376
1370	10.665376
1371	10.635445
1372	10.635445
1373	10.635445
1374	10.635445
1375	10.635445
1376	10.635445
1377	10.635445
1378	10.635445
1379	10.635445
1380	10.635445
1381	10.635445
1382	10.635445
1383	10.635445
1384	10.635445
1385	10.635445
1386	10.635445
1387	10.635445
1388	10.635445
1389	10.635445
1390	10.635445
1391	10.635445
1392	10.635445
1393	10.635445
1394	10.631917
1395	10.631917
1396	10.631917
1397	10.631917
1398	10.631917
1399	10.631917
1400	10.631917
1401	10.631917
1402	10.631917
1403	10.631917
1404	10.631917
1405	10.631917
1406	10.631917
1407	10.631917
1408	10.631917
1409	10.631917
1410	10.631917
1411	10.631917
1412	10.631917
1413	10.665629
1414	10.665629
1415	10.665629
1416	10.665629
1417	10.665629
1418	10.665629
1419	10.665629
1420	10.665629
1421	10.665629
1422	10.665629
1423	10.665629
1424	10.665629
1425	10.667897
1426	10.667897
1427	10.667897
1428	10.667897
1429	10.667897
1430	10.667897
1431	10.667897
1432	10.667897
1433	10.667897
1434	10.667897
1435	10.667897
1436	10.667897
1437	10.667897
1438	10.667897
1439	10.667897
1440	10.667897
1441	10.667897
1442	10.667897
1443	10.667897
1444	10.667897
1445	10.667393
1446	10.667393
1447	10.667393
1448	10.667393
1449	10.667393
1450	10.667393
1451	10.667393
1452	10.667393
1453	10.667393
1454	10.667393
1455	10.667393
1456	10.667393
1457	10.667393
1458	10.667393
1459	10.667393
1460	10.667393
1461	10.667393
1462	10.667393
1463	10.667393
1464	10.667393
1465	10.667393
1466	10.667393
1467	10.667393
1468	10.669157
1469	10.669157
1470	10.669157
1471	10.669157
1472	10.718111
1473	10.718111
1474	10.718111
1475	10.718111
1476	10.718111
1477	10.718111
1478	10.718111
1479	10.718111
1480	10.718111
1481	10.718111
1482	10.718111
1483	10.718111
1484	10.718111
1485	10.718111
1486	10.718111
1487	10.718111
1488	10.718111
1489	10.716851
1490	10.716851
1491	10.716851
1492	10.716851
1493	10.716851
1494	10.716851
1495	10.716851
1496	10.737645
1497	10.737645
1498	10.737645
1499	10.737645
1500	10.737645
1501	10.737645
1502	10.737645
1503	10.737645
1504	10.737645
1505	10.737645
1506	10.737645
1507	10.737645
1508	10.737645
1509	10.737645
1510	10.737645
1511	10.737645
1512	10.737645
1513	10.737645
1514	10.737645
1515	10.737645
1516	10.737645
1517	10.737645
1518	10.737645
1519	10.737645
1520	10.737645
1521	10.737645
1522	10.737645
1523	10.737645
1524	10.737645
1525	10.737645
1526	10.737645
1527	10.737645
1528	10.737645
1529	10.737645
1530	10.737645
1531	10.737645
1532	10.737645
1533	10.737645
1534	10.737645
1535	10.737645
1536	10.737645
1537	10.737645
1538	10.737645
1539	10.737645
1540	10.737645
1541	10.737645
1542	10.737645
1543	10.737645
1544	10.737645
1545	10.737645
1546	10.737645
1547	10.737645
1548	10.737645
1549	10.737645
1550	10.737645
1551	10.737645
1552	10.737645
1553	10.737645
1554	10.737645
1555	10.737645
1556	10.737645
1557	10.737645
1558	10.737645
1559	10.737645
1560	10.737645
1561	10.737645
1562	10.737645
1563	10.737645
1564	10.737645
1565	10.737645
1566	10.737645
1567	10.737645
1568	10.737645
1569	10.737645
1570	10.737645
1571	10.737645
1572	10.737645
1573	10.737645
1574	10.737645
1575	10.737645
1576	10.737645
1577	10.737645
1578	10.737645
1579	10.737645
1580	10.737645
1581	10.737645
1582	10.737645
1583	10.737645
1584	10.737645
1585	10.737645
1586	10.737645
1587	10.737645
1588	10.737645
1589	10.737645
1590	10.737645
1591	10.737645
1592	10.737645
1593	10.737645
1594	10.737645
1595	10.735377
1596	10.735377
1597	10.735377
1598	10.735377
1599	10.735377
1600	10.735377
1601	10.735377
1602	10.735377
1603	10.735377
1604	10.735377
1605	10.735377
1606	10.735377
1607	10.735377
1608	10.735377
1609	10.735377
1610	10.738905
1611	10.738905
1612	10.738905
1613	10.738905
1614	10.738905
1615	10.738905
1616	10.738905
1617	10.738905
1618	10.738905
1619	10.738905
1620	10.738905
1621	10.738905
1622	10.738905
1623	10.738905
1624	10.738905
1625	10.738905
1626	10.738905
1627	10.738905
1628	10.738905
1629	10.738905
1630	10.738905
1631	10.738905
1632	10.738905
1633	10.738905
1634	10.738905
1635	10.738905
1636	10.738905
1637	10.738905
1638	10.738905
1639	10.738905
1640	10.738905
1641	10.738905
1642	10.738905
1643	10.738905
1644	10.738905
1645	10.738905
1646	10.738905
1647	10.738905
1648	10.738905
1649	10.738905
1650	10.738905
1651	10.738905
1652	10.738905
1653	10.738905
1654	10.738905
1655	10.738905
1656	10.738905
1657	10.738905
1658	10.738905
1659	10.738905
1660	10.738905
1661	10.738905
1662	10.738905
1663	10.738905
1664	10.738905
1665	10.738905
1666	10.738905
1667	10.738905
1668	10.738905
1669	10.738905
1670	10.738905
1671	10.738905
1672	10.738905
1673	10.738905
1674	10.738905
1675	10.738905
1676	10.738905
1677	10.738905
1678	10.730945
1679	10.730945
1680	10.730945
1681	10.730945
1682	10.730945
1683	10.730945
1684	10.730945
1685	10.730945
1686	10.730945
1687	10.730945
1688	10.730945
1689	10.730945
1690	10.730945
1691	10.730945
1692	10.730945
1693	10.730945
1694	10.730945
1695	10.730945
1696	10.730945
1697	10.730945
1698	10.730945
1699	10.730945
1700	10.730945
1701	10.73194
1702	10.73194
1703	10.73194
1704	10.73194
1705	10.73194
1706	10.73194
1707	10.73194
1708	10.73194
1709	10.73194
1710	10.73194
1711	10.73194
1712	10.73194
1713	10.73194
1714	10.73194
1715	10.73194
1716	10.73194
1717	10.73194
1718	10.73194
1719	10.73194
1720	10.73194
1721	10.73194
1722	10.73194
1723	10.73194
1724	10.73194
1725	10.73194
1726	10.73194
1727	10.73194
1728	10.73194
1729	10.73194
1730	10.73194
1731	10.73194
1732	10.73194
1733	10.73194
1734	10.73194
1735	10.73194
1736	10.73194
1737	10.73194
1738	10.73194
1739	10.73194
1740	10.73194
1741	10.73194
1742	10.73194
1743	10.73194
1744	10.73194
1745	10.73194
1746	10.73194
1747	10.73194
1748	10.73194
1749	10.73194
1750	10.73194
1751	10.73194
1752	10.73194
1753	10.73194
1754	10.73194
1755	10.73194
1756	10.73194
1757	10.73194
1758	10.73194
1759	10.73194
1760	10.73194
1761	10.73194
1762	10.73194
1763	10.73194
1764	10.73194
1765	10.73194
1766	10.73194
1767	10.73194
1768	10.73194
1769	10.73194
1770	10.73194
1771	10.73194
1772	10.73194
1773	10.73194
1774	10.73194
1775	10.73194
1776	10.73194
1777	10.73194
1778	10.73194
1779	10.73194
1780	10.73194
1781	10.73194
1782	10.73194
1783	10.73194
1784	10.73194
1785	10.73194
1786	10.73194
1787	10.73194
1788	10.73194
1789	10.73194
1790	10.73194
1791	10.73194
1792	10.73194
1793	10.73194
1794	10.73194
1795	10.73194
1796	10.73194
1797	10.73194
1798	10.73194
1799	10.73194
1800	10.73194
1801	10.73194
1802	10.73194
1803	10.73194
1804	10.73194
1805	10.73194
1806	10.73194
1807	10.73194
1808	10.73194
1809	10.73194
1810	10.73194
1811	10.73194
1812	10.73194
1813	10.73194
1814	10.73194
1815	10.73194
1816	10.73068
1817	10.73068
1818	10.73068
1819	10.73068
1820	10.73068
1821	10.73068
1822	10.73068
1823	10.73068
1824	10.73068
1825	10.73068
1826	10.73068
1827	10.73068
1828	10.73068
1829	10.73068
1830	10.73068
1831	10.73068
1832	10.73068
1833	10.73068
1834	10.73068
1835	10.73068
1836	10.73068
1837	10.73068
1838	10.73068
1839	10.73068
1840	10.73068
1841	10.73068
1842	10.73068
1843	10.73068
1844	10.73068
1845	10.73068
1846	10.73068
1847	10.73068
1848	10.73068
1849	10.73068
1850	10.73068
1851	10.73068
1852	10.73068
1853	10.73068
1854	10.73068
1855	10.73068
1856	10.73068
1857	10.73068
1858	10.73068
1859	10.73068
1860	10.73068
1861	10.73068
1862	10.73068
1863	10.73068
1864	10.73068
1865	10.73068
1866	10.73068
1867	10.73068
1868	10.73068
1869	10.73068
1870	10.73068
1871	10.73068
1872	10.73068
1873	10.73068
1874	10.73068
1875	10.73068
1876	10.73068
1877	10.73068
1878	10.73068
1879	10.73068
1880	10.73068
1881	10.73068
1882	10.73068
1883	10.73068
1884	10.73068
1885	10.73068
1886	10.736836
1887	10.736836
1888	10.736836
1889	10.736836
1890	10.736836
1891	10.736836
1892	10.736836
1893	10.736836
1894	10.736836
1895	10.736836
1896	10.736836
1897	10.736836
1898	10.736836
1899	10.736836
1900	10.736836
1901	10.736836
1902	10.736836
1903	10.736836
1904	10.736836
1905	10.736836
1906	10.736836
1907	10.736836
1908	10.736836
1909	10.736836
1910	10.736836
1911	10.736836
1912	10.736836
1913	10.736836
1914	10.736836
1915	10.736836
1916	10.736836
1917	10.736836
1918	10.736836
1919	10.736836
1920	10.736836
1921	10.736836
1922	10.736836
1923	10.736836
1924	10.736836
1925	10.736836
1926	10.736836
1927	10.736836
1928	10.736836
1929	10.736836
1930	10.736836
1931	10.736836
1932	10.736836
1933	10.736836
1934	10.736836
1935	10.736836
1936	10.736836
1937	10.736836
1938	10.736836
1939	10.736836
1940	10.736836
1941	10.736836
1942	10.736836
1943	10.736836
1944	10.736836
1945	10.736836
1946	10.736836
1947	10.736836
1948	10.736836
1949	10.736836
1950	10.736836
1951	10.736836
1952	10.736836
1953	10.736836
1954	10.736836
1955	10.736836
1956	10.736836
1957	10.736836
1958	10.736836
1959	10.736836
1960	10.736836
1961	10.736836
1962	10.736836
1963	10.736836
1964	10.736836
1965	10.736836
1966	10.736836
1967	10.736836
1968	10.736836
1969	10.736836
1970	10.736836
1971	10.736836
1972	10.736836
1973	10.736836
1974	10.736836
1975	10.736836
1976	10.736836
1977	10.736836
1978	10.736836
1979	10.736836
1980	10.736836
1981	10.736836
1982	10.736836
1983	10.736836
1984	10.736836
1985	10.736836
1986	10.736836
1987	10.736836
1988	10.736836
1989	10.736836
1990	10.736836
1991	10.736836
1992	10.736836
1993	10.736836
1994	10.736836
1995	10.736836
1996	10.736836
1997	10.736836
1998	10.736836
1999	10.736836
2000	10.736836
2001	10.736836
2002	10.736836
2003	10.736836
2004	10.736836
2005	10.736836
2006	10.736836
2007	10.736836
2008	10.736836
2009	10.736836
2010	10.736836
2011	10.736836
2012	10.736836
2013	10.736836
2014	10.736836
2015	10.736836
2016	10.736836
2017	10.736836
2018	10.736836
2019	10.736836
2020	10.736836
2021	10.736836
2022	10.736836
2023	10.736836
2024	10.736836
2025	10.736836
2026	10.736836
2027	10.736836
2028	10.736836
2029	10.736836
2030	10.736836
2031	10.736836
2032	10.736836
2033	10.736836
2034	10.736836
2035	10.736836
2036	10.736836
2037	10.736836
2038	10.736836
2039	10.736836
2040	10.736836
2041	10.736836
2042	10.736836
2043	10.736836
2044	10.736836
2045	10.736836
2046	10.736836
2047	10.736836
2048	10.736836
2049	10.736836
2050	10.736836
2051	10.736836
2052	10.736836
2053	10.736836
2054	10.736836
2055	10.736836
2056	10.736836
2057	10.736836
2058	10.736836
2059	10.736836
2060	10.736836
2061	10.736836
2062	10.736836
2063	10.736836
2064	10.736836
2065	10.736836
2066	10.736836
2067	10.736836
2068	10.736836
2069	10.736836
2070	10.736836
2071	10.736836
2072	10.736836
2073	10.736836
2074	10.736836
2075	10.736836
2076	10.736836
2077	10.736836
2078	10.736836
2079	10.738096
2080	10.738096
2081	10.738096
2082	10.738096
2083	10.738096
2084	10.738096
2085	10.738096
2086	10.738096
2087	10.738096
2088	10.738096
2089	10.738096
2090	10.738096
2091	10.738096
2092	10.738096
2093	10.738096
2094	10.738096
2095	10.738096
2096	10.738096
2097	10.738096
2098	10.738096
2099	10.738096
2100	10.738096
2101	10.738096
2102	10.738096
2103	10.738096
2104	10.738096
2105	10.738096
2106	10.738096
2107	10.738096
2108	10.738096
2109	10.738096
2110	10.738096
2111	10.738096
2112	10.738096
2113	10.738096
2114	10.738096
2115	10.738096
2116	10.738096
2117	10.738096
2118	10.738096
2119	10.738096
2120	10.738096
2121	10.738096
2122	10.738096
2123	10.738096
2124	10.738096
2125	10.738096
2126	10.738096
2127	10.738096
2128	10.738096
2129	10.738096
2130	10.738096
2131	10.738096
2132	10.738096
2133	10.738096
2134	10.738096
2135	10.738096
2136	10.738096
2137	10.738096
2138	10.738096
2139	10.738096
2140	10.738096
2141	10.738096
2142	10.738096
2143	10.738096
2144	10.738096
2145	10.738096
2146	10.738096
2147	10.738096
2148	10.738096
2149	10.738096
2150	10.738096
2151	10.738096
2152	10.738096
2153	10.738096
2154	10.738096
2155	10.738096
2156	10.738096
2157	10.738096
2158	10.738096
2159	10.738096
2160	10.738096
2161	10.738096
2162	10.738096
2163	10.738096
2164	10.738096
2165	10.738096
2166	10.738096
2167	10.738096
2168	10.738096
2169	10.738096
2170	10.738096
2171	10.738096
2172	10.738096
2173	10.738096
2174	10.738096
2175	10.738096
2176	10.738096
2177	10.738096
2178	10.738096
2179	10.738096
2180	10.738096
2181	10.738096
2182	10.738096
2183	10.738096
2184	10.738096
2185	10.738096
2186	10.738096
2187	10.738096
2188	10.738096
2189	10.738096
2190	10.738096
2191	10.738096
2192	10.738096
2193	10.738096
2194	10.738096
2195	10.738096
2196	10.738096
2197	10.738096
2198	10.738096
2199	10.738096
2200	10.738096
2201	10.738096
2202	10.738096
2203	10.738096
2204	10.738096
2205	10.738096
2206	10.738096
2207	10.738096
2208	10.738096
2209	10.738096
2210	10.738096
2211	10.738096
2212	10.738096
2213	10.738096
2214	10.738096
2215	10.738096
2216	10.738096
2217	10.738096
2218	10.736836
2219	10.736836
2220	10.736836
2221	10.736836
2222	10.736836
2223	10.736836
2224	10.736836
2225	10.736836
2226	10.736836
2227	10.736836
2228	10.736836
2229	10.736836
2230	10.736836
2231	10.736836
2232	10.736836
2233	10.736836
2234	10.736836
2235	10.736836
2236	10.736836
2237	10.736836
2238	10.736836
2239	10.736836
2240	10.736836
2241	10.736836
2242	10.736836
2243	10.736836
2244	10.736836
2245	10.736836
2246	10.736836
2247	10.736836
2248	10.736836
2249	10.736836
2250	10.736836
2251	10.736836
2252	10.736836
2253	10.736836
2254	10.736836
2255	10.736836
2256	10.736836
2257	10.736836
2258	10.736836
2259	10.736836
2260	10.736836
2261	10.736836
2262	10.736836
2263	10.736836
2264	10.736836
2265	10.736836
2266	10.736836
2267	10.736836
2268	10.736836
2269	10.736836
2270	10.736836
2271	10.736836
2272	10.736836
2273	10.736836
2274	10.736836
2275	10.736836
2276	10.736836
2277	10.736836
2278	10.736836
2279	10.736836
2280	10.736836
2281	10.736836
2282	10.736836
2283	10.736836
2284	10.736836
2285	10.736836
2286	10.736836
2287	10.736836
2288	10.736836
2289	10.736836
2290	10.736836
2291	10.736836
2292	10.736836
2293	10.736836
2294	10.736836
2295	10.736836
2296	10.734568
2297	10.734568
2298	10.734568
2299	10.734568
2300	10.734568
2301	10.734568
2302	10.734568
2303	10.734568
2304	10.734568
2305	10.734568
2306	10.734568
2307	10.734568
2308	10.734568
2309	10.734568
2310	10.734568
2311	10.734568
2312	10.734568
2313	10.734568
2314	10.734568
2315	10.734568
2316	10.734568
2317	10.734568
2318	10.734568
2319	10.734568
2320	10.734568
2321	10.734568
2322	10.734568
2323	10.734568
2324	10.734568
2325	10.734568
2326	10.734568
2327	10.734568
2328	10.734568
2329	10.734568
2330	10.734568
2331	10.734568
2332	10.734568
2333	10.734568
2334	10.734568
2335	10.734568
2336	10.734568
2337	10.734568
2338	10.734568
2339	10.734568
2340	10.734568
2341	10.734568
2342	10.734568
2343	10.734568
2344	10.734568
2345	10.734568
2346	10.734568
2347	10.734568
2348	10.734568
2349	10.734568
2350	10.734568
2351	10.734568
2352	10.734568
2353	10.734568
2354	10.734568
2355	10.734568
2356	10.734568
2357	10.734568
2358	10.734568
2359	10.734568
2360	10.734568
2361	10.734568
2362	10.734568
2363	10.734568
2364	10.734568
2365	10.734568
2366	10.734568
2367	10.734568
2368	10.734568
2369	10.734568
2370	10.734568
2371	10.734568
2372	10.734568
2373	10.734568
2374	10.734568
2375	10.734568
2376	10.734568
2377	10.734568
2378	10.734568
2379	10.734568
2380	10.734568
2381	10.734568
2382	10.734568
2383	10.734568
2384	10.734568
2385	10.734568
2386	10.734568
2387	10.734568
2388	10.734568
2389	10.734568
2390	10.738096
2391	10.738096
2392	10.738096
2393	10.738096
2394	10.738096
2395	10.738096
2396	10.738096
2397	10.738096
2398	10.738096
2399	10.738096
2400	10.738096
2401	10.738096
2402	10.738096
2403	10.738096
2404	10.738096
2405	10.738096
2406	10.738096
2407	10.738096
2408	10.738096
2409	10.738096
2410	10.738096
2411	10.738096
2412	10.738096
2413	10.738096
2414	10.738096
2415	10.738096
2416	10.738096
2417	10.738096
2418	10.738096
2419	10.738096
2420	10.738096
2421	10.738096
2422	10.738096
2423	10.738096
2424	10.738096
2425	10.738096
2426	10.738096
2427	10.738096
2428	10.738096
2429	10.738096
2430	10.738096
2431	10.738096
2432	10.738096
2433	10.737101
2434	10.737101
2435	10.737101
2436	10.737101
2437	10.737101
2438	10.737101
2439	10.737101
2440	10.737101
2441	10.737101
2442	10.737101
2443	10.737101
2444	10.737101
2445	10.737101
2446	10.737101
2447	10.737101
2448	10.737101
2449	10.737101
2450	10.737101
2451	10.737101
2452	10.737101
2453	10.737101
2454	10.737101
2455	10.737101
2456	10.737101
2457	10.737101
2458	10.737101
2459	10.737101
2460	10.737101
2461	10.737101
2462	10.737101
2463	10.737101
2464	10.737101
2465	10.737101
2466	10.737101
2467	10.737101
2468	10.737101
2469	10.737101
2470	10.737101
2471	10.737101
2472	10.737101
2473	10.737101
2474	10.737101
2475	10.737101
2476	10.737101
2477	10.737101
2478	10.737101
2479	10.737101
2480	10.737101
2481	10.737101
2482	10.737101
2483	10.737101
2484	10.737101
2485	10.737101
2486	10.737101
2487	10.737101
2488	10.737101
2489	10.737101
2490	10.737101
2491	10.737101
2492	10.737101
2493	10.737101
2494	10.737101
2495	10.737101
2496	10.737101
2497	10.737101
2498	10.737101
2499	10.737101
2500	10.737101
2501	10.737101
2502	10.737101
2503	10.737101
2504	10.737101
2505	10.737101
2506	10.737101
2507	10.737101
2508	10.737101
2509	10.735337
2510	10.735337
2511	10.735337
2512	10.736332
2513	10.736332
2514	10.736332
2515	10.736332
2516	10.736332
2517	10.736332
2518	10.736332
2519	10.736332
2520	10.736332
2521	10.736332
2522	10.736332
2523	10.736332
2524	10.736332
2525	10.736332
2526	10.736332
2527	10.736332
2528	10.736332
2529	10.736332
2530	10.736332
2531	10.736332
2532	10.736332
2533	10.736332
2534	10.736332
2535	10.736332
2536	10.736332
2537	10.736332
2538	10.736332
2539	10.736332
2540	10.736332
2541	10.738096
2542	10.738096
2543	10.738096
2544	10.738096
2545	10.738096
2546	10.738096
2547	10.738096
2548	10.738096
2549	10.737101
2550	10.737101
2551	10.737101
2552	10.737101
2553	10.737101
2554	10.737101
2555	10.737101
2556	10.737101
2557	10.737101
2558	10.737101
2559	10.737101
2560	10.737101
2561	10.737101
2562	10.737101
2563	10.737101
2564	10.737101
2565	10.737101
2566	10.737101
2567	10.737101
2568	10.737101
2569	10.737101
2570	10.737101
2571	10.737101
2572	10.737101
2573	10.737101
2574	10.737101
2575	10.737101
2576	10.737101
2577	10.737101
2578	10.737101
2579	10.737101
2580	10.737101
2581	10.737101
2582	10.737101
2583	10.737101
2584	10.737101
2585	10.737101
2586	10.737101
2587	10.737101
2588	10.737101
2589	10.737101
2590	10.737101
2591	10.737101
2592	10.737101
2593	10.737101
2594	10.737101
2595	10.737101
2596	10.737101
2597	10.737101
2598	10.737101
2599	10.737101
2600	10.737101
2601	10.737101
2602	10.737101
2603	10.737101
2604	10.737101
2605	10.737101
2606	10.737101
2607	10.737101
2608	10.737101
2609	10.737101
2610	10.737101
2611	10.737101
2612	10.737101
2613	10.737101
2614	10.737101
2615	10.737101
2616	10.737101
2617	10.737101
2618	10.737101
2619	10.737101
2620	10.738096
2621	10.738096
2622	10.738096
2623	10.738096
2624	10.738096
2625	10.738096
2626	10.738096
2627	10.738096
2628	10.738096
2629	10.738096
2630	10.738096
2631	10.738096
2632	10.738096
2633	10.738096
2634	10.738096
2635	10.738096
2636	10.738096
2637	10.738096
2638	10.738096
2639	10.738096
2640	10.738096
2641	10.738096
2642	10.738096
2643	10.738096
2644	10.738096
2645	10.738096
2646	10.738096
2647	10.738096
2648	10.738096
2649	10.738096
2650	10.738096
2651	10.738096
2652	10.738096
2653	10.738096
2654	10.738096
2655	10.738096
2656	10.738096
2657	10.738096
2658	10.738096
2659	10.738096
2660	10.738096
2661	10.738096
2662	10.738096
2663	10.738096
2664	10.738096
2665	10.738096
2666	10.738096
2667	10.738096
2668	10.738096
2669	10.738096
2670	10.738096
2671	10.738096
2672	10.738096
2673	10.738096
2674	10.738096
2675	10.738096
2676	10.738096
2677	10.738096
2678	10.738096
2679	10.738096
2680	10.738096
2681	10.738096
2682	10.738096
2683	10.738096
2684	10.738096
2685	10.738096
2686	10.738096
2687	10.738096
2688	10.738096
2689	10.738096
2690	10.738096
2691	10.738096
2692	10.738096
2693	10.738096
2694	10.738096
2695	10.738096
2696	10.738096
2697	10.738096
2698	10.738096
2699	10.738096
2700	10.738096
2701	10.738096
2702	10.738096
2703	10.738096
2704	10.738096
2705	10.738096
2706	10.738096
2707	10.738096
2708	10.738096
2709	10.738096
2710	10.738096
2711	10.738096
2712	10.738096
2713	10.738096
2714	10.738096
2715	10.738096
2716	10.738096
2717	10.738096
2718	10.738096
2719	10.738096
2720	10.738096
2721	10.738096
2722	10.738096
2723	10.738096
2724	10.738096
2725	10.738096
2726	10.738096
2727	10.738096
2728	10.738096
2729	10.738096
2730	10.738096
2731	10.738096
2732	10.738096
2733	10.738096
2734	10.738096
2735	10.738096
2736	10.738096
2737	10.738096
2738	10.738096
2739	10.738096
2740	10.738096
2741	10.738096
2742	10.738096
2743	10.738096
2744	10.738096
2745	10.738096
2746	10.738096
2747	10.738096
2748	10.738096
2749	10.738096
2750	10.738096
2751	10.738096
2752	10.738096
2753	10.738096
2754	10.738096
2755	10.738096
2756	10.738096
2757	10.738096
2758	10.738096
2759	10.738096
2760	10.738096
2761	10.738096
2762	10.738096
2763	10.738096
2764	10.738096
2765	10.738096
2766	10.738096
2767	10.738096
2768	10.738096
2769	10.738096
2770	10.738096
2771	10.738096
2772	10.738096
2773	10.738096
2774	10.738096
2775	10.738096
2776	10.738096
2777	10.738096
2778	10.738096
2779	10.738096
2780	10.738096
2781	10.738096
2782	10.738096
2783	10.738096
2784	10.738096
2785	10.738096
2786	10.738096
2787	10.738096
2788	10.738096
2789	10.738096
2790	10.738096
2791	10.738096
2792	10.738096
2793	10.738096
2794	10.738096
2795	10.738096
2796	10.738096
2797	10.738096
2798	10.738096
2799	10.738096
2800	10.738096
2801	10.738096
2802	10.738096
2803	10.738096
2804	10.738096
2805	10.738096
2806	10.738096
2807	10.738096
2808	10.738096
2809	10.738096
2810	10.738096
2811	10.738096
2812	10.738096
2813	10.738096
2814	10.738096
2815	10.738096
2816	10.738096
2817	10.738096
2818	10.738096
2819	10.738096
2820	10.738096
2821	10.738096
2822	10.738096
2823	10.738096
2824	10.738096
2825	10.738096
2826	10.738096
2827	10.738096
2828	10.738096
2829	10.738096
2830	10.738096
2831	10.738096
2832	10.738096
2833	10.738096
2834	10.738096
2835	10.738096
2836	10.738096
2837	10.738096
2838	10.738096
2839	10.738096
2840	10.738096
2841	10.738096
2842	10.738096
2843	10.738096
2844	10.738096
2845	10.738096
2846	10.738096
2847	10.738096
2848	10.738096
2849	10.738096
2850	10.738096
2851	10.738096
2852	10.738096
2853	10.738096
2854	10.738096
2855	10.738096
2856	10.738096
2857	10.738096
2858	10.738096
2859	10.738096
2860	10.738096
2861	10.738096
2862	10.738096
2863	10.738096
2864	10.738096
2865	10.738096
2866	10.738096
2867	10.738096
2868	10.738096
2869	10.738096
2870	10.738096
2871	10.738096
2872	10.738096
2873	10.738096
2874	10.738096
2875	10.738096
2876	10.738096
2877	10.738096
2878	10.738096
2879	10.738096
2880	10.738096
2881	10.738096
2882	10.738096
2883	10.738096
2884	10.738096
2885	10.738096
2886	10.738096
2887	10.738096
2888	10.738096
2889	10.738096
2890	10.738096
2891	10.738096
2892	10.738096
2893	10.738096
2894	10.738096
2895	10.738096
2896	10.738096
2897	10.738096
2898	10.738096
2899	10.738096
2900	10.738096
2901	10.738096
2902	10.738096
2903	10.738096
2904	10.738096
2905	10.738096
2906	10.738096
2907	10.738096
2908	10.738096
2909	10.738096
2910	10.738096
2911	10.738096
2912	10.738096
2913	10.738096
2914	10.738096
2915	10.738096
2916	10.738096
2917	10.738096
2918	10.738096
2919	10.738096
2920	10.738096
2921	10.738096
2922	10.738096
2923	10.738096
2924	10.738096
2925	10.738096
2926	10.738096
2927	10.738096
2928	10.738096
2929	10.738096
2930	10.738096
2931	10.738096
2932	10.738096
2933	10.738096
2934	10.738096
2935	10.738096
2936	10.738096
2937	10.738096
2938	10.738096
2939	10.738096
2940	10.738096
2941	10.738096
2942	10.738096
2943	10.738096
2944	10.738096
2945	10.738096
2946	10.738096
2947	10.738096
2948	10.738096
2949	10.738096
2950	10.738096
2951	10.738096
2952	10.738096
2953	10.738096
2954	10.738096
2955	10.738096
2956	10.738096
2957	10.738096
2958	10.738096
2959	10.738096
2960	10.738096
2961	10.738096
2962	10.738096
2963	10.738096
2964	10.738096
2965	10.738096
2966	10.738096
2967	10.738096
2968	10.738096
2969	10.738096
2970	10.738096
2971	10.738096
2972	10.738096
2973	10.738096
2974	10.738096
2975	10.738096
2976	10.738096
2977	10.738096
2978	10.738096
2979	10.738096
2980	10.738096
2981	10.738096
2982	10.738096
2983	10.738096
2984	10.738096
2985	10.738096
2986	10.738096
2987	10.738096
2988	10.738096
2989	10.738096
2990	10.738096
2991	10.738096
2992	10.738096
2993	10.738096
2994	10.738096
2995	10.738096
2996	10.738096
2997	10.738096
2998	10.738096
2999	10.738096
3000	10.738096
3001	10.738096
3002	10.738096
3003	10.738096
3004	10.738096
3005	10.738096
3006	10.738096
3007	10.738096
3008	10.738096
3009	10.738096
3010	10.738096
3011	10.738096
3012	10.738096
3013	10.738096
3014	10.738096
3015	10.738096
3016	10.738096
3017	10.738096
3018	10.738096
3019	10.738096
3020	10.738096
3021	10.738096
3022	10.738096
3023	10.738096
3024	10.738096
3025	10.738096
3026	10.738096
3027	10.738096
3028	10.738096
3029	10.738096
3030	10.738096
3031	10.738096
3032	10.738096
3033	10.738096
3034	10.738096
3035	10.738096
3036	10.738096
3037	10.738096
3038	10.738096
3039	10.738096
3040	10.738096
3041	10.738096
3042	10.738096
3043	10.738096
3044	10.738096
3045	10.738096
3046	10.738096
3047	10.738096
3048	10.738096
3049	10.738096
3050	10.738096
3051	10.738096
3052	10.738096
3053	10.738096
3054	10.738096
3055	10.738096
3056	10.738096
3057	10.738096
3058	10.738096
3059	10.738096
3060	10.738096
3061	10.738096
3062	10.738096
3063	10.738096
3064	10.738096
3065	10.738096
3066	10.738096
3067	10.738096
3068	10.738096
3069	10.738096
3070	10.738096
3071	10.738096
3072	10.738096
3073	10.738096
3074	10.738096
3075	10.738096
3076	10.738096
3077	10.738096
3078	10.738096
3079	10.738096
3080	10.738096
3081	10.738096
3082	10.738096
3083	10.738096
3084	10.738096
3085	10.738096
3086	10.738096
3087	10.738096
3088	10.738096
3089	10.738096
3090	10.738096
3091	10.738096
3092	10.738096
3093	10.738096
3094	10.738096
3095	10.738096
3096	10.738096
3097	10.738096
3098	10.738096
3099	10.738096
3100	10.738096
3101	10.738096
3102	10.738096
3103	10.738096
3104	10.738096
3105	10.738096
3106	10.738096
3107	10.738096
3108	10.738096
3109	10.738096
3110	10.738096
3111	10.738096
3112	10.738096
3113	10.738096
3114	10.738096
3115	10.738096
3116	10.738096
3117	10.738096
3118	10.738096
3119	10.738096
3120	10.738096
3121	10.738096
3122	10.738096
3123	10.738096
3124	10.738096
3125	10.738096
3126	10.738096
3127	10.738096
3128	10.738096
3129	10.738096
3130	10.738096
3131	10.738096
3132	10.738096
3133	10.738096
3134	10.738096
3135	10.738096
3136	10.739943
3137	10.739943
3138	10.739943
3139	10.739943
3140	10.739943
3141	10.739943
3142	10.739943
3143	10.739943
3144	10.739943
3145	10.739943
3146	10.739943
3147	10.75407
3148	10.75407
3149	10.75407
3150	10.75407
3151	10.75407
3152	10.75407
3153	10.75407
3154	10.75407
3155	10.75407
3156	10.75407
3157	10.75407
3158	10.75407
3159	10.75407
3160	10.75407
3161	10.75407
3162	10.75407
3163	10.75407
3164	10.75407
3165	10.75407
3166	10.75407
3167	10.75407
3168	10.75407
3169	10.75407
3170	10.75407
3171	10.75407
3172	10.75407
3173	10.75407
3174	10.75407
3175	10.75407
3176	10.75407
3177	10.75407
3178	10.75407
3179	10.75407
3180	10.75407
3181	10.75407
3182	10.75407
3183	10.75407
3184	10.75407
3185	10.75407
3186	10.75407
3187	10.75407
3188	10.75407
3189	10.75407
3190	10.75407
3191	10.75407
3192	10.75407
3193	10.75407
3194	10.75407
3195	10.75407
3196	10.75407
3197	10.75407
3198	10.75407
3199	10.75407
3200	10.75407
3201	10.75407
3202	10.75407
3203	10.75407
3204	10.75407
3205	10.75407
3206	10.75407
3207	10.75407
3208	10.75407
3209	10.75407
3210	10.75407
3211	10.75407
3212	10.75407
3213	10.75407
3214	10.75407
3215	10.75407
3216	10.75407
3217	10.75407
3218	10.75407
3219	10.75407
3220	10.75407
3221	10.75407
3222	10.75407
3223	10.75407
3224	10.75407
3225	10.75407
3226	10.75407
3227	10.75407
3228	10.75407
3229	10.75407
3230	10.75407
3231	10.75407
3232	10.75407
3233	10.75407
3234	10.75407
3235	10.75407
3236	10.75407
3237	10.75407
3238	10.75407
3239	10.75407
3240	10.75407
3241	10.75407
3242	10.75407
3243	10.75407
3244	10.75407
3245	10.75407
3246	10.75407
3247	10.75407
3248	10.75407
3249	10.75407
3250	10.75407
3251	10.75407
3252	10.75407
3253	10.75407
3254	10.75407
3255	10.75407
3256	10.75407
3257	10.75407
3258	10.75407
3259	10.75407
3260	10.75407
3261	10.75407
3262	10.75407
3263	10.75407
3264	10.75407
3265	10.75407
3266	10.75407
3267	10.75407
3268	10.75407
3269	10.75407
3270	10.75407
3271	10.75407
3272	10.75407
3273	10.75407
3274	10.75407
3275	10.75407
3276	10.75407
3277	10.75407
3278	10.75407
3279	10.75407
3280	10.75407
3281	10.75407
3282	10.75407
3283	10.75407
3284	10.75407
3285	10.75407
3286	10.75407
3287	10.75407
3288	10.75407
3289	10.75407
3290	10.75407
3291	10.75407
3292	10.75407
3293	10.75407
3294	10.75407
3295	10.75407
3296	10.75407
3297	10.75407
3298	10.75407
3299	10.75407
3300	10.75407
3301	10.75407
3302	10.75407
3303	10.75407
3304	10.75407
3305	10.75407
3306	10.75407
3307	10.75407
3308	10.75407
3309	10.75407
3310	10.75407
3311	10.75407
3312	10.75407
3313	10.75407
3314	10.75407
3315	10.75407
3316	10.75407
3317	10.75407
3318	10.75407
3319	10.75407
3320	10.75407
3321	10.75407
3322	10.75407
3323	10.75407
3324	10.75407
3325	10.75407
3326	10.75407
3327	10.75407
3328	10.75407
3329	10.75407
3330	10.75407
3331	10.75407
3332	10.75407
3333	10.75407
3334	10.75407
3335	10.75407
3336	10.75407
3337	10.75407
3338	10.75407
3339	10.75407
3340	10.75407
3341	10.75407
3342	10.75407
3343	10.75407
3344	10.75407
3345	10.75407
3346	10.75407
3347	10.75407
3348	10.75407
3349	10.75407
3350	10.75407
3351	10.75407
3352	10.75407
3353	10.75407
3354	10.75407
3355	10.75407
3356	10.75407
3357	10.75407
3358	10.75407
3359	10.75407
3360	10.75407
3361	10.75407
3362	10.75407
3363	10.75407
3364	10.75407
3365	10.75407
3366	10.75407
3367	10.75407
3368	10.75407
3369	10.75407
3370	10.75407
3371	10.75407
3372	10.75407
3373	10.75407
3374	10.75407
3375	10.75407
3376	10.75407
3377	10.75407
3378	10.75407
3379	10.75407
3380	10.75407
3381	10.75407
3382	10.75407
3383	10.75407
3384	10.75407
3385	10.75407
3386	10.75407
3387	10.75407
3388	10.75407
3389	10.75407
3390	10.75407
3391	10.75407
3392	10.75407
3393	10.75407
3394	10.75407
3395	10.75407
3396	10.75407
3397	10.75407
3398	10.75407
3399	10.75407
3400	10.75407
3401	10.75407
3402	10.75407
3403	10.75407
3404	10.75407
3405	10.75407
3406	10.75407
3407	10.75407
3408	10.75407
3409	10.75407
3410	10.75407
3411	10.75407
3412	10.75407
3413	10.75407
3414	10.75407
3415	10.75407
3416	10.75407
3417	10.75407
3418	10.75407
3419	10.75407
3420	10.75407
3421	10.75407
3422	10.75407
3423	10.75407
3424	10.75407
3425	10.75407
3426	10.75407
3427	10.75407
3428	10.75407
3429	10.75407
3430	10.75407
3431	10.75407
3432	10.75407
3433	10.75407
3434	10.75407
3435	10.75407
3436	10.75407
3437	10.75407
3438	10.75407
3439	10.75407
3440	10.75407
3441	10.75407
3442	10.75407
3443	10.75407
3444	10.75407
3445	10.75407
3446	10.75407
3447	10.75407
3448	10.75407
3449	10.75407
3450	10.75407
3451	10.75407
3452	10.75407
3453	10.75407
3454	10.75407
3455	10.75407
3456	10.75407
3457	10.75407
3458	10.75407
3459	10.75407
3460	10.75407
3461	10.75407
3462	10.75407
3463	10.75407
3464	10.75407
3465	10.75407
3466	10.75407
3467	10.75407
3468	10.75407
3469	10.75407
3470	10.75407
3471	10.75407
3472	10.75407
3473	10.75407
3474	10.75407
3475	10.75407
3476	10.75407
3477	10.75407
3478	10.75407
3479	10.75407
3480	10.75407
3481	10.75407
3482	10.75407
3483	10.75407
3484	10.75407
3485	10.75407
3486	10.75407
3487	10.75407
3488	10.75407
3489	10.75407
3490	10.75407
3491	10.75407
3492	10.75407
3493	10.75407
3494	10.75407
3495	10.75407
3496	10.75407
3497	10.75407
3498	10.75407
3499	10.75407
3500	10.75407
3501	10.75407
3502	10.75407
3503	10.75407
3504	10.75407
3505	10.75407
3506	10.75407
3507	10.75407
3508	10.75407
3509	10.75407
3510	10.75407
3511	10.75407
3512	10.75407
3513	10.75407
3514	10.75407
3515	10.75407
3516	10.75407
3517	10.75407
3518	10.75407
3519	10.75407
3520	10.75407
3521	10.75407
3522	10.75407
3523	10.75407
3524	10.75407
3525	10.75407
3526	10.75407
3527	10.75407
3528	10.75407
3529	10.75407
3530	10.75407
3531	10.75407
3532	10.75407
3533	10.75407
3534	10.75407
3535	10.75407
3536	10.75407
3537	10.75407
3538	10.75407
3539	10.75407
3540	10.75407
3541	10.75407
3542	10.75407
3543	10.75407
3544	10.75407
3545	10.75407
3546	10.75407
3547	10.75407
3548	10.75407
3549	10.75407
3550	10.75407
3551	10.75407
3552	10.75407
3553	10.75407
3554	10.75407
3555	10.75407
3556	10.75407
3557	10.75407
3558	10.75407
3559	10.75407
3560	10.75407
3561	10.75407
3562	10.75407
3563	10.75407
3564	10.75407
3565	10.75407
3566	10.75407
3567	10.75407
3568	10.75407
3569	10.75407
3570	10.75407
3571	10.75407
3572	10.75407
3573	10.75407
3574	10.75407
3575	10.75407
3576	10.75407
3577	10.75407
3578	10.75407
3579	10.75407
3580	10.75407
3581	10.75407
3582	10.75407
3583	10.75407
3584	10.75407
3585	10.75407
3586	10.75407
3587	10.75407
3588	10.75407
3589	10.75407
3590	10.75407
3591	10.75407
3592	10.75407
3593	10.75407
3594	10.75407
3595	10.75407
3596	10.75407
3597	10.75407
3598	10.75407
3599	10.75407
3600	10.75407
3601	10.75407
3602	10.75407
3603	10.75407
3604	10.75407
3605	10.75407
3606	10.75407
3607	10.75407
3608	10.75407
3609	10.75407
3610	10.75407
3611	10.75407
3612	10.75407
3613	10.75407
3614	10.75407
3615	10.75407
3616	10.75407
3617	10.75407
3618	10.75407
3619	10.75407
3620	10.75407
3621	10.75407
3622	10.75407
3623	10.75407
3624	10.75407
3625	10.75407
3626	10.75407
3627	10.75407
3628	10.75407
3629	10.75407
3630	10.75407
3631	10.75407
3632	10.75407
3633	10.75407
3634	10.75407
3635	10.75407
3636	10.75407
3637	10.75407
3638	10.75407
3639	10.75407
3640	10.75407
3641	10.75407
3642	10.75407
3643	10.75407
3644	10.75407
3645	10.75407
3646	10.75407
3647	10.75407
3648	10.75407
3649	10.75407
3650	10.75407
3651	10.75407
3652	10.75407
3653	10.75407
3654	10.75407
3655	10.75407
3656	10.75407
3657	10.75407
3658	10.75407
3659	10.75407
3660	10.75407
3661	10.75407
3662	10.75407
3663	10.75407
3664	10.75407
3665	10.75407
3666	10.75407
3667	10.75407
3668	10.75407
3669	10.75407
3670	10.75407
3671	10.75407
3672	10.75407
3673	10.75407
3674	10.75407
3675	10.75407
3676	10.75407
3677	10.75407
3678	10.75407
3679	10.75407
3680	10.75407
3681	10.75407
3682	10.75407
3683	10.75407
3684	10.75407
3685	10.75407
3686	10.75407
3687	10.75407
3688	10.75407
3689	10.75407
3690	10.75407
3691	10.75407
3692	10.75407
3693	10.75407
3694	10.75407
3695	10.75407
3696	10.75407
3697	10.75407
3698	10.75407
3699	10.75407
3700	10.75407
3701	10.75407
3702	10.75407
3703	10.75407
3704	10.75407
3705	10.75407
3706	10.75407
3707	10.75407
3708	10.75407
3709	10.75407
3710	10.75407
3711	10.75407
3712	10.75407
3713	10.75407
3714	10.75407
3715	10.75407
3716	10.75407
3717	10.75407
3718	10.75407
3719	10.75407
3720	10.75407
3721	10.75407
3722	10.75407
3723	10.75407
3724	10.75407
3725	10.75407
3726	10.75407
3727	10.75407
3728	10.75407
3729	10.75407
3730	10.75407
3731	10.75407
3732	10.75407
3733	10.75407
3734	10.75407
3735	10.75407
3736	10.75407
3737	10.75407
3738	10.75407
3739	10.75407
3740	10.75407
3741	10.75407
3742	10.75407
3743	10.75407
3744	10.75407
3745	10.75407
3746	10.75407
3747	10.75407
3748	10.75407
3749	10.75407
3750	10.75407
3751	10.75407
3752	10.75407
3753	10.75407
3754	10.75407
3755	10.75407
3756	10.75407
3757	10.75407
3758	10.75407
3759	10.75407
3760	10.75407
3761	10.75407
3762	10.75407
3763	10.75407
3764	10.75407
3765	10.75407
3766	10.75407
3767	10.75407
3768	10.75407
3769	10.75407
3770	10.75407
3771	10.75407
3772	10.75407
3773	10.75407
3774	10.75407
3775	10.75407
3776	10.75407
3777	10.75407
3778	10.75407
3779	10.75407
3780	10.75407
3781	10.75407
3782	10.75407
3783	10.75407
3784	10.75407
3785	10.75407
3786	10.75407
3787	10.75407
3788	10.75407
3789	10.75407
3790	10.75407
3791	10.75407
3792	10.75407
3793	10.75407
3794	10.75407
3795	10.75407
3796	10.75407
3797	10.75407
3798	10.75407
3799	10.75407
3800	10.75407
3801	10.75407
3802	10.75407
3803	10.75407
3804	10.75407
3805	10.75407
3806	10.75407
3807	10.75407
3808	10.75407
3809	10.75407
3810	10.75407
3811	10.75407
3812	10.75407
3813	10.75407
3814	10.75407
3815	10.75407
3816	10.75407
3817	10.75407
3818	10.75407
3819	10.75407
3820	10.75407
3821	10.75407
3822	10.75407
3823	10.75407
3824	10.75407
3825	10.75407
3826	10.75407
3827	10.75407
3828	10.75407
3829	10.75407
3830	10.75407
3831	10.75407
3832	10.75407
3833	10.75407
3834	10.75407
3835	10.75407
3836	10.75407
3837	10.75407
3838	10.75407
3839	10.75407
3840	10.75407
3841	10.75407
3842	10.75407
3843	10.75407
3844	10.75407
3845	10.75407
3846	10.75407
3847	10.75407
3848	10.75407
3849	10.75407
3850	10.75407
3851	10.75407
3852	10.75407
3853	10.75407
3854	10.75407
3855	10.75407
3856	10.75407
3857	10.75407
3858	10.75407
3859	10.75407
3860	10.75407
3861	10.75407
3862	10.75407
3863	10.75407
3864	10.75407
3865	10.75407
3866	10.75407
3867	10.75407
3868	10.75407
3869	10.75407
3870	10.75407
3871	10.75407
3872	10.75407
3873	10.75407
3874	10.75407
3875	10.75407
3876	10.75407
3877	10.75407
3878	10.75407
3879	10.75407
3880	10.75407
3881	10.75407
3882	10.75407
3883	10.75407
3884	10.75407
3885	10.75407
3886	10.75407
3887	10.75407
3888	10.75407
3889	10.75407
3890	10.75407
3891	10.75407
3892	10.75407
3893	10.75407
3894	10.75407
3895	10.75407
3896	10.75407
3897	10.75407
3898	10.75407
3899	10.75407
3900	10.75407
3901	10.75407
3902	10.75407
3903	10.75407
3904	10.75407
3905	10.75407
3906	10.75407
3907	10.75407
3908	10.75407
3909	10.75407
3910	10.75407
3911	10.75407
3912	10.75407
3913	10.75407
3914	10.75407
3915	10.75407
3916	10.75407
3917	10.75407
3918	10.75407
3919	10.75407
3920	10.75407
3921	10.75407
3922	10.75407
3923	10.75407
3924	10.75407
3925	10.75407
3926	10.75407
3927	10.75407
3928	10.75407
3929	10.75407
3930	10.75407
3931	10.75407
3932	10.75407
3933	10.75407
3934	10.75407
3935	10.75407
3936	10.75407
3937	10.75407
3938	10.75407
3939	10.75407
3940	10.75407
3941	10.75407
3942	10.75407
3943	10.75407
3944	10.75407
3945	10.75407
3946	10.75407
3947	10.75407
3948	10.75407
3949	10.75407
3950	10.75407
3951	10.75407
3952	10.75407
3953	10.75407
3954	10.75407
3955	10.75407
3956	10.75407
3957	10.75407
3958	10.75407
3959	10.75407
3960	10.75407
3961	10.75407
3962	10.75407
3963	10.75407
3964	10.75407
3965	10.75407
3966	10.75407
3967	10.75407
3968	10.75407
3969	10.75407
3970	10.75407
3971	10.75407
3972	10.75407
3973	10.75407
3974	10.75407
3975	10.75407
3976	10.75407
3977	10.75407
3978	10.75407
3979	10.75407
3980	10.75407
3981	10.75407
3982	10.75407
3983	10.75407
3984	10.75407
3985	10.75407
3986	10.75407
3987	10.75407
3988	10.75407
3989	10.75407
3990	10.75407
3991	10.75407
3992	10.75407
3993	10.75407
3994	10.75407
3995	10.75407
3996	10.75407
3997	10.75407
3998	10.75407
3999	10.75407
4000	10.75407
4001	10.75407
4002	10.75407
4003	10.75407
4004	10.75407
4005	10.75407
4006	10.75407
4007	10.75407
4008	10.75407
4009	10.75407
4010	10.75407
4011	10.75407
4012	10.75407
4013	10.75407
4014	10.75407
4015	10.75407
4016	10.75407
4017	10.75407
4018	10.75407
4019	10.75407
4020	10.75407
4021	10.75407
4022	10.75407
4023	10.75407
4024	10.75407
4025	10.75407
4026	10.75407
4027	10.75407
4028	10.75407
4029	10.75407
4030	10.75407
4031	10.75407
4032	10.75407
4033	10.75407
4034	10.75407
4035	10.75407
4036	10.75407
4037	10.75407
4038	10.75407
4039	10.75407
4040	10.75407
4041	10.75407
4042	10.75407
4043	10.75407
4044	10.75407
4045	10.75407
4046	10.75407
4047	10.75407
4048	10.75407
4049	10.75407
4050	10.75407
4051	10.75407
4052	10.75407
4053	10.75407
4054	10.75407
4055	10.75407
4056	10.75407
4057	10.75407
4058	10.75407
4059	10.75407
4060	10.75407
4061	10.75407
4062	10.75407
4063	10.75407
4064	10.75407
4065	10.75407
4066	10.75407
4067	10.75407
4068	10.75407
4069	10.75407
4070	10.75407
4071	10.75407
4072	10.75407
4073	10.75407
4074	10.75407
4075	10.75407
4076	10.75407
4077	10.75407
4078	10.75407
4079	10.75407
4080	10.75407
4081	10.75407
4082	10.75407
4083	10.75407
4084	10.75407
4085	10.75407
4086	10.75407
4087	10.75407
4088	10.75407
4089	10.75407
4090	10.75407
4091	10.75407
4092	10.75407
4093	10.75407
4094	10.75407
4095	10.75407
4096	10.75407
4097	10.75407
4098	10.75407
4099	10.75407
4100	10.75407
4101	10.75407
4102	10.75407
4103	10.75407
4104	10.75407
4105	10.75407
4106	10.75407
4107	10.75407
4108	10.75407
4109	10.75407
4110	10.75407
4111	10.75407
4112	10.75407
4113	10.75407
4114	10.75407
4115	10.75407
4116	10.75407
4117	10.75407
4118	10.75407
4119	10.75407
4120	10.75407
4121	10.75407
4122	10.75407
4123	10.75407
4124	10.75407
4125	10.75407
4126	10.75407
4127	10.75407
4128	10.75407
4129	10.75407
4130	10.75407
4131	10.75407
4132	10.75407
4133	10.75407
4134	10.75407
4135	10.75407
4136	10.75407
4137	10.75407
4138	10.75407
4139	10.75407
4140	10.75407
4141	10.75407
4142	10.75407
4143	10.75407
4144	10.75407
4145	10.75407
4146	10.75407
4147	10.75407
4148	10.75407
4149	10.75407
4150	10.75407
4151	10.75407
4152	10.75407
4153	10.75407
4154	10.75407
4155	10.75407
4156	10.75407
4157	10.75407
4158	10.75407
4159	10.75407
4160	10.75407
4161	10.75407
4162	10.75407
4163	10.75407
4164	10.75407
4165	10.75407
4166	10.75407
4167	10.75407
4168	10.75407
4169	10.75407
4170	10.75407
4171	10.75407
4172	10.75407
4173	10.75407
4174	10.75407
4175	10.75407
4176	10.75407
4177	10.75407
4178	10.75407
4179	10.75407
4180	10.75407
4181	10.75407
4182	10.75407
4183	10.75407
4184	10.75407
4185	10.75407
4186	10.75407
4187	10.75407
4188	10.75407
4189	10.75407
4190	10.75407
4191	10.75407
4192	10.75407
4193	10.75407
4194	10.75407
4195	10.75407
4196	10.75407
4197	10.75407
4198	10.75407
4199	10.75407
4200	10.75407
4201	10.75407
4202	10.75407
4203	10.75407
4204	10.75407
4205	10.75407
4206	10.75407
4207	10.75407
4208	10.75407
4209	10.75407
4210	10.75407
4211	10.75407
4212	10.75407
4213	10.75407
4214	10.75407
4215	10.75407
4216	10.75407
4217	10.75407
4218	10.75407
4219	10.75407
4220	10.75407
4221	10.75407
4222	10.75407
4223	10.75407
4224	10.75407
4225	10.75407
4226	10.75407
4227	10.75407
4228	10.75407
4229	10.75407
4230	10.75407
4231	10.75407
4232	10.75407
4233	10.75407
4234	10.75407
4235	10.75407
4236	10.75407
4237	10.75407
4238	10.75407
4239	10.75407
4240	10.75407
4241	10.75407
4242	10.75407
4243	10.75407
4244	10.75407
4245	10.75407
4246	10.75407
4247	10.75407
4248	10.75407
4249	10.75407
4250	10.75407
4251	10.75407
4252	10.75407
4253	10.75407
4254	10.75407
4255	10.75407
4256	10.75407
4257	10.75407
4258	10.75407
4259	10.75407
4260	10.75407
4261	10.75407
4262	10.75407
4263	10.75407
4264	10.75407
4265	10.75407
4266	10.75407
4267	10.75407
4268	10.75407
4269	10.75407
4270	10.75407
4271	10.75407
4272	10.75407
4273	10.75407
4274	10.75407
4275	10.75407
4276	10.75407
4277	10.75407
4278	10.75407
4279	10.75407
4280	10.75407
4281	10.75407
4282	10.75407
4283	10.75407
4284	10.75407
4285	10.75407
4286	10.75407
4287	10.75407
4288	10.75407
4289	10.75407
4290	10.75407
4291	10.75407
4292	10.75407
4293	10.75407
4294	10.75407
4295	10.75407
4296	10.75407
4297	10.75407
4298	10.75407
4299	10.75407
4300	10.75407
4301	10.75407
4302	10.75407
4303	10.75407
4304	10.75407
4305	10.75407
4306	10.75407
4307	10.75407
4308	10.75407
4309	10.75407
4310	10.75407
4311	10.75407
4312	10.75407
4313	10.75407
4314	10.75407
4315	10.75407
4316	10.75407
4317	10.75407
4318	10.75407
4319	10.75407
4320	10.75407
4321	10.75407
4322	10.75407
4323	10.75407
4324	10.75407
4325	10.75407
4326	10.75407
4327	10.75407
4328	10.75407
4329	10.75407
4330	10.75407
4331	10.75407
4332	10.75407
4333	10.75407
4334	10.75407
4335	10.75407
4336	10.75407
4337	10.75407
4338	10.75407
4339	10.75407
4340	10.75407
4341	10.75407
4342	10.75407
4343	10.75407
4344	10.75407
4345	10.75407
4346	10.75407
4347	10.75407
4348	10.75407
4349	10.75407
4350	10.75407
4351	10.75407
4352	10.75407
4353	10.75407
4354	10.75407
4355	10.75407
4356	10.75407
4357	10.75407
4358	10.75407
4359	10.75407
4360	10.75407
4361	10.75407
4362	10.75407
4363	10.75407
4364	10.75407
4365	10.75407
4366	10.75407
4367	10.75407
4368	10.75407
4369	10.75407
4370	10.75407
4371	10.75407
4372	10.75407
4373	10.75407
4374	10.75407
4375	10.75407
4376	10.75407
4377	10.75407
4378	10.75407
4379	10.75407
4380	10.75407
4381	10.75407
4382	10.75407
4383	10.75407
4384	10.75407
4385	10.75407
4386	10.75407
4387	10.75407
4388	10.75407
4389	10.75407
4390	10.75407
4391	10.75407
4392	10.75407
4393	10.75407
4394	10.75407
4395	10.75407
4396	10.75407
4397	10.75407
4398	10.75407
4399	10.75407
4400	10.75407
4401	10.75407
4402	10.75407
4403	10.75407
4404	10.75407
4405	10.75407
4406	10.75407
4407	10.75407
4408	10.75407
4409	10.75407
4410	10.75407
4411	10.75407
4412	10.75407
4413	10.75407
4414	10.75407
4415	10.75407
4416	10.75407
4417	10.75407
4418	10.75407
4419	10.75407
4420	10.75407
4421	10.75407
4422	10.75407
4423	10.75407
4424	10.75407
4425	10.75407
4426	10.75407
4427	10.75407
4428	10.75407
4429	10.75407
4430	10.75407
4431	10.75407
4432	10.75407
4433	10.75407
4434	10.75407
4435	10.75407
4436	10.75407
4437	10.75407
4438	10.75407
4439	10.75407
4440	10.75407
4441	10.75407
4442	10.75407
4443	10.75407
4444	10.75407
4445	10.75407
4446	10.75407
4447	10.75407
4448	10.75407
4449	10.75407
4450	10.75407
4451	10.75407
4452	10.75407
4453	10.75407
4454	10.75407
4455	10.75407
4456	10.75407
4457	10.75407
4458	10.75407
4459	10.75407
4460	10.75407
4461	10.75407
4462	10.75407
4463	10.75407
4464	10.75407
4465	10.75407
4466	10.75407
4467	10.75407
4468	10.75407
4469	10.75407
4470	10.75407
4471	10.75407
4472	10.75407
4473	10.75407
4474	10.75407
4475	10.75407
4476	10.75407
4477	10.75407
4478	10.75407
4479	10.75407
4480	10.75407
4481	10.75407
4482	10.75407
4483	10.75407
4484	10.75407
4485	10.75407
4486	10.75407
4487	10.75407
4488	10.75407
4489	10.75407
4490	10.75407
4491	10.75407
4492	10.75407
4493	10.75407
4494	10.75407
4495	10.75407
4496	10.75407
4497	10.75407
4498	10.75407
4499	10.75407
4500	10.75407
4501	10.75407
4502	10.75407
4503	10.75407
4504	10.75407
4505	10.75407
4506	10.75407
4507	10.75407
4508	10.75407
4509	10.75407
4510	10.75407
4511	10.75407
4512	10.75407
4513	10.75407
4514	10.75407
4515	10.75407
4516	10.75407
4517	10.75407
4518	10.75407
4519	10.75407
4520	10.75407
4521	10.75407
4522	10.75407
4523	10.75407
4524	10.75407
4525	10.75407
4526	10.75407
4527	10.75407
4528	10.75407
4529	10.75407
4530	10.75407
4531	10.75407
4532	10.75407
4533	10.75407
4534	10.75407
4535	10.75407
4536	10.75407
4537	10.75407
4538	10.75407
4539	10.75407
4540	10.75407
4541	10.75407
4542	10.75407
4543	10.75407
4544	10.75407
4545	10.75407
4546	10.75407
4547	10.75407
4548	10.75407
4549	10.75407
4550	10.75407
4551	10.75407
4552	10.75407
4553	10.75407
4554	10.75407
4555	10.75407
4556	10.75407
4557	10.75407
4558	10.75407
4559	10.75407
4560	10.75407
4561	10.75407
4562	10.75407
4563	10.75407
4564	10.75407
4565	10.75407
4566	10.75407
4567	10.75407
4568	10.75407
4569	10.75407
4570	10.75407
4571	10.75407
4572	10.75407
4573	10.75407
4574	10.75407
4575	10.75407
4576	10.75407
4577	10.75407
4578	10.75407
4579	10.75407
4580	10.75407
4581	10.75407
4582	10.75407
4583	10.75407
4584	10.75407
4585	10.75407
4586	10.75407
4587	10.75407
4588	10.75407
4589	10.75407
4590	10.75407
4591	10.75407
4592	10.75407
4593	10.75407
4594	10.75407
4595	10.75407
4596	10.75407
4597	10.75407
4598	10.75407
4599	10.75407
4600	10.75407
4601	10.75407
4602	10.75407
4603	10.75407
4604	10.75407
4605	10.75407
4606	10.75407
4607	10.75407
4608	10.75407
4609	10.75407
4610	10.75407
4611	10.75407
4612	10.75407
4613	10.75407
4614	10.75407
4615	10.75407
4616	10.75407
4617	10.75407
4618	10.75407
4619	10.75407
4620	10.75407
4621	10.75407
4622	10.75407
4623	10.75407
4624	10.75407
4625	10.75407
4626	10.75407
4627	10.75407
4628	10.75407
4629	10.75407
4630	10.75407
4631	10.75407
4632	10.75407
4633	10.75407
4634	10.75407
4635	10.75407
4636	10.75407
4637	10.75407
4638	10.75407
4639	10.75407
4640	10.75407
4641	10.75407
4642	10.75407
4643	10.75407
4644	10.75407
4645	10.75407
4646	10.75407
4647	10.75407
4648	10.75407
4649	10.75407
4650	10.75407
4651	10.75407
4652	10.75407
4653	10.75407
4654	10.75407
4655	10.75407
4656	10.75407
4657	10.75407
4658	10.75407
4659	10.75407
4660	10.75407
4661	10.75407
4662	10.75407
4663	10.75407
4664	10.75407
4665	10.75407
4666	10.75407
4667	10.75407
4668	10.75407
4669	10.75407
4670	10.75407
4671	10.75407
4672	10.75407
4673	10.75407
4674	10.75407
4675	10.75407
4676	10.75407
4677	10.75407
4678	10.75407
4679	10.75407
4680	10.75407
4681	10.75407
4682	10.75407
4683	10.75407
4684	10.75407
4685	10.75407
4686	10.75407
4687	10.75407
4688	10.75407
4689	10.75407
4690	10.75407
4691	10.75407
4692	10.75407
4693	10.75407
4694	10.75407
4695	10.75407
4696	10.75407
4697	10.75407
4698	10.75407
4699	10.75407
4700	10.75407
4701	10.75407
4702	10.75407
4703	10.75407
4704	10.75407
4705	10.75407
4706	10.75407
4707	10.75407
4708	10.75407
4709	10.75407
4710	10.75407
4711	10.75407
4712	10.75407
4713	10.75407
4714	10.75407
4715	10.75407
4716	10.75407
4717	10.75407
4718	10.75407
4719	10.75407
4720	10.75407
4721	10.75407
4722	10.75407
4723	10.75407
4724	10.75407
4725	10.75407
4726	10.75407
4727	10.75407
4728	10.75407
4729	10.75407
4730	10.75407
4731	10.75407
4732	10.75407
4733	10.75407
4734	10.75407
4735	10.75407
4736	10.75407
4737	10.75407
4738	10.75407
4739	10.75407
4740	10.75407
4741	10.75407
4742	10.75407
4743	10.75407
4744	10.75407
4745	10.75407
4746	10.75407
4747	10.75407
4748	10.75407
4749	10.75407
4750	10.75407
4751	10.75407
4752	10.75407
4753	10.75407
4754	10.75407
4755	10.75407
4756	10.75407
4757	10.75407
4758	10.75407
4759	10.75407
4760	10.75407
4761	10.75407
4762	10.75407
4763	10.75407
4764	10.75407
4765	10.75407
4766	10.75407
4767	10.75407
4768	10.75407
4769	10.75407
4770	10.75407
4771	10.75407
4772	10.75407
4773	10.75407
4774	10.75407
4775	10.75407
4776	10.75407
4777	10.75407
4778	10.75407
4779	10.75407
4780	10.75407
4781	10.75407
4782	10.75407
4783	10.75407
4784	10.75407
4785	10.75407
4786	10.75407
4787	10.75407
4788	10.75407
4789	10.75407
4790	10.75407
4791	10.75407
4792	10.75407
4793	10.75407
4794	10.75407
4795	10.75407
4796	10.75407
4797	10.75407
4798	10.75407
4799	10.75407
4800	10.75407
4801	10.75407
4802	10.75407
4803	10.75407
4804	10.75407
4805	10.75407
4806	10.75407
4807	10.75407
4808	10.75407
4809	10.75407
4810	10.75407
4811	10.75407
4812	10.75407
4813	10.75407
4814	10.75407
4815	10.75407
4816	10.75407
4817	10.75407
4818	10.75407
4819	10.75407
4820	10.75407
4821	10.75407
4822	10.75407
4823	10.75407
4824	10.75407
4825	10.75407
4826	10.75407
4827	10.75407
4828	10.75407
4829	10.75407
4830	10.75407
4831	10.75407
4832	10.75407
4833	10.75407
4834	10.75407
4835	10.75407
4836	10.75407
4837	10.75407
4838	10.75407
4839	10.75407
4840	10.75407
4841	10.75407
4842	10.75407
4843	10.75407
4844	10.75407
4845	10.75407
4846	10.75407
4847	10.75407
4848	10.75407
4849	10.75407
4850	10.75407
4851	10.75407
4852	10.75407
4853	10.75407
4854	10.75407
4855	10.75407
4856	10.75407
4857	10.75407
4858	10.75407
4859	10.75407
4860	10.75407
4861	10.75407
4862	10.75407
4863	10.75407
4864	10.75407
4865	10.75407
4866	10.75407
4867	10.75407
4868	10.75407
4869	10.75407
4870	10.75407
4871	10.75407
4872	10.75407
4873	10.75407
4874	10.75407
4875	10.75407
4876	10.75407
4877	10.75407
4878	10.75407
4879	10.75407
4880	10.75407
4881	10.75407
4882	10.75407
4883	10.75407
4884	10.75407
4885	10.75407
4886	10.75407
4887	10.75407
4888	10.75407
4889	10.75407
4890	10.75407
4891	10.75407
4892	10.75407
4893	10.75407
4894	10.75407
4895	10.75407
4896	10.75407
4897	10.75407
4898	10.75407
4899	10.75407
4900	10.75407
4901	10.75407
4902	10.75407
4903	10.75407
4904	10.75407
4905	10.75407
4906	10.75407
4907	10.75407
4908	10.75407
4909	10.75407
4910	10.75407
4911	10.75407
4912	10.75407
4913	10.75407
4914	10.75407
4915	10.75407
4916	10.75407
4917	10.75407
4918	10.75407
4919	10.75407
4920	10.75407
4921	10.75407
4922	10.75407
4923	10.75407
4924	10.75407
4925	10.75407
4926	10.75407
4927	10.75407
4928	10.75407
4929	10.75407
4930	10.75407
4931	10.75407
4932	10.75407
4933	10.75407
4934	10.75407
4935	10.75407
4936	10.75407
4937	10.75407
4938	10.75407
4939	10.75407
4940	10.75407
4941	10.75407
4942	10.75407
4943	10.75407
4944	10.75407
4945	10.75407
4946	10.75407
4947	10.75407
4948	10.75407
4949	10.75407
4950	10.75407
4951	10.75407
4952	10.75407
4953	10.75407
4954	10.75407
4955	10.75407
4956	10.75407
4957	10.75407
4958	10.75407
4959	10.75407
4960	10.75407
4961	10.75407
4962	10.75407
4963	10.75407
4964	10.75407
4965	10.75407
4966	10.75407
4967	10.75407
4968	10.75407
4969	10.75407
4970	10.75407
4971	10.75407
4972	10.75407
4973	10.75407
4974	10.75407
4975	10.75407
4976	10.75407
4977	10.75407
4978	10.75407
4979	10.75407
4980	10.75407
4981	10.75407
4982	10.75407
4983	10.75407
4984	10.75407
4985	10.75407
4986	10.75407
4987	10.75407
4988	10.75407
4989	10.75407
4990	10.75407
4991	10.75407
4992	10.75407
4993	10.75407
4994	10.75407
4995	10.75407
4996	10.75407
4997	10.75407
4998	10.75407
4999	10.75407
5000	10.75407
5001	10.75407
5002	10.75407
5003	10.75407
5004	10.75407
5005	10.75407
5006	10.75407
5007	10.75407
5008	10.75407
5009	10.75407
5010	10.75407
5011	10.75407
5012	10.75407
5013	10.75407
5014	10.75407
5015	10.75407
5016	10.75407
5017	10.75407
5018	10.75407
5019	10.75407
5020	10.75407
5021	10.75407
5022	10.75407
5023	10.75407
5024	10.75407
5025	10.75407
5026	10.75407
5027	10.75407
5028	10.75407
5029	10.75407
5030	10.75407
5031	10.75407
5032	10.75407
5033	10.75407
5034	10.75407
5035	10.75407
5036	10.75407
5037	10.75407
5038	10.75407
5039	10.75407
5040	10.75407
5041	10.75407
5042	10.75407
5043	10.75407
5044	10.75407
5045	10.75407
5046	10.75407
5047	10.75407
5048	10.75407
5049	10.75407
5050	10.75407
5051	10.75407
5052	10.75407
5053	10.75407
5054	10.75407
5055	10.75407
5056	10.75407
5057	10.75407
5058	10.75407
5059	10.75407
5060	10.75407
5061	10.75407
5062	10.75407
5063	10.75407
5064	10.75407
5065	10.75407
5066	10.75407
5067	10.75407
5068	10.75407
5069	10.75407
5070	10.75407
5071	10.75407
5072	10.75407
5073	10.75407
5074	10.75407
5075	10.75407
5076	10.75407
5077	10.75407
5078	10.75407
5079	10.75407
5080	10.75407
5081	10.75407
5082	10.75407
5083	10.75407
5084	10.75407
5085	10.75407
5086	10.75407
5087	10.75407
5088	10.75407
5089	10.75407
5090	10.75407
5091	10.75407
5092	10.75407
5093	10.75407
5094	10.75407
5095	10.75407
5096	10.75407
5097	10.75407
5098	10.75407
5099	10.75407
5100	10.75407
5101	10.75407
5102	10.75407
5103	10.75407
5104	10.75407
5105	10.75407
5106	10.75407
5107	10.75407
5108	10.75407
5109	10.75407
5110	10.75407
5111	10.75407
5112	10.75407
5113	10.75407
5114	10.75407
5115	10.75407
5116	10.75407
5117	10.75407
5118	10.75407
5119	10.75407
5120	10.75407
5121	10.75407
5122	10.75407
5123	10.75407
5124	10.75407
5125	10.75407
5126	10.75407
5127	10.75407
5128	10.75407
5129	10.75407
5130	10.75407
5131	10.75407
5132	10.75407
5133	10.75407
5134	10.75407
5135	10.75407
5136	10.75407
5137	10.75407
5138	10.75407
5139	10.75407
5140	10.75407
5141	10.75407
5142	10.75407
5143	10.75407
5144	10.75407
5145	10.75407
5146	10.75407
5147	10.75407
5148	10.75407
5149	10.75407
5150	10.75407
5151	10.75407
5152	10.75407
5153	10.75407
5154	10.75407
5155	10.75407
5156	10.75407
5157	10.75407
5158	10.75407
5159	10.75407
5160	10.75407
5161	10.75407
5162	10.75407
5163	10.75407
5164	10.75407
5165	10.75407
5166	10.75407
5167	10.75407
5168	10.75407
5169	10.75407
5170	10.75407
5171	10.75407
5172	10.75407
5173	10.75407
5174	10.75407
5175	10.75407
5176	10.75407
5177	10.75407
5178	10.75407
5179	10.75407
5180	10.75407
5181	10.75407
5182	10.75407
5183	10.75407
5184	10.75407
5185	10.75407
5186	10.75407
5187	10.75407
5188	10.75407
5189	10.75407
5190	10.75407
5191	10.75407
5192	10.75407
5193	10.75407
5194	10.75407
5195	10.75407
5196	10.75407
5197	10.75407
5198	10.75407
5199	10.75407
5200	10.75407
5201	10.75407
5202	10.75407
5203	10.75407
5204	10.75407
5205	10.75407
5206	10.75407
5207	10.75407
5208	10.75407
5209	10.75407
5210	10.75407
5211	10.75407
5212	10.75407
5213	10.75407
5214	10.75407
5215	10.75407
5216	10.75407
5217	10.75407
5218	10.75407
5219	10.75407
5220	10.75407
5221	10.75407
5222	10.75407
5223	10.75407
5224	10.75407
5225	10.75407
5226	10.75407
5227	10.75407
5228	10.75407
5229	10.75407
5230	10.75407
5231	10.75407
5232	10.75407
5233	10.75407
5234	10.75407
5235	10.75407
5236	10.75407
5237	10.75407
5238	10.75407
5239	10.75407
5240	10.75407
5241	10.75407
5242	10.75407
5243	10.75407
5244	10.75407
5245	10.75407
5246	10.75407
5247	10.75407
5248	10.75407
5249	10.75407
5250	10.75407
5251	10.75407
5252	10.75407
5253	10.75407
5254	10.75407
5255	10.75407
5256	10.75407
5257	10.75407
5258	10.75407
5259	10.75407
5260	10.75407
5261	10.75407
5262	10.75407
5263	10.75407
5264	10.75407
5265	10.75407
5266	10.75407
5267	10.75407
5268	10.75407
5269	10.75407
5270	10.75407
5271	10.75407
5272	10.75407
5273	10.75407
5274	10.75407
5275	10.75407
5276	10.75407
5277	10.75407
5278	10.75407
5279	10.75407
5280	10.75407
5281	10.75407
5282	10.75407
5283	10.75407
5284	10.75407
5285	10.75407
5286	10.75407
5287	10.75407
5288	10.75407
5289	10.75407
5290	10.75407
5291	10.75407
5292	10.75407
5293	10.75407
5294	10.75407
5295	10.75407
5296	10.75407
5297	10.75407
5298	10.75407
5299	10.75407
5300	10.75407
5301	10.75407
5302	10.75407
5303	10.75407
5304	10.75407
5305	10.75407
5306	10.75407
5307	10.75407
5308	10.75407
5309	10.75407
5310	10.75407
5311	10.75407
5312	10.75407
5313	10.75407
5314	10.75407
5315	10.75407
5316	10.75407
5317	10.75407
5318	10.75407
5319	10.75407
5320	10.75407
5321	10.75407
5322	10.75407
5323	10.75407
5324	10.75407
5325	10.75407
5326	10.75407
5327	10.75407
5328	10.75407
5329	10.75407
5330	10.75407
5331	10.75407
5332	10.75407
5333	10.75407
5334	10.75407
5335	10.75407
5336	10.75407
5337	10.75407
5338	10.75407
5339	10.75407
5340	10.75407
5341	10.75407
5342	10.75407
5343	10.75407
5344	10.75407
5345	10.75407
5346	10.75407
5347	10.75407
5348	10.75407
5349	10.75407
5350	10.75407
5351	10.75407
5352	10.75407
5353	10.75407
5354	10.75407
5355	10.75407
5356	10.75407
5357	10.75407
5358	10.75407
5359	10.75407
5360	10.75407
5361	10.75407
5362	10.75407
5363	10.75407
5364	10.75407
5365	10.75407
5366	10.75407
5367	10.75407
5368	10.75407
5369	10.75407
5370	10.75407
5371	10.75407
5372	10.75407
5373	10.75407
5374	10.75407
5375	10.75407
5376	10.75407
5377	10.75407
5378	10.75407
5379	10.75407
5380	10.75407
5381	10.75407
5382	10.75407
5383	10.75407
5384	10.75407
5385	10.75407
5386	10.75407
5387	10.75407
5388	10.75407
5389	10.75407
5390	10.75407
5391	10.75407
5392	10.75407
5393	10.75407
5394	10.75407
5395	10.75407
5396	10.75407
5397	10.75407
5398	10.75407
5399	10.75407
5400	10.75407
5401	10.75407
5402	10.75407
5403	10.75407
5404	10.75407
5405	10.75407
5406	10.75407
5407	10.75407
5408	10.75407
5409	10.75407
5410	10.75407
5411	10.75407
5412	10.75407
5413	10.75407
5414	10.75407
5415	10.75407
5416	10.75407
5417	10.75407
5418	10.75407
5419	10.75407
5420	10.75407
5421	10.75407
5422	10.75407
5423	10.75407
5424	10.75407
5425	10.75407
5426	10.75407
5427	10.75407
5428	10.75407
5429	10.75407
5430	10.75407
5431	10.75407
5432	10.75407
5433	10.75407
5434	10.75407
5435	10.75407
5436	10.75407
5437	10.75407
5438	10.75407
5439	10.75407
5440	10.75407
5441	10.75407
5442	10.75407
5443	10.75407
5444	10.75407
5445	10.75407
5446	10.75407
5447	10.75407
5448	10.75407
5449	10.75407
5450	10.75407
5451	10.75407
5452	10.75407
5453	10.75407
5454	10.75407
5455	10.75407
5456	10.75407
5457	10.75407
5458	10.75407
5459	10.75407
5460	10.75407
5461	10.75407
5462	10.75407
5463	10.75407
5464	10.75407
5465	10.75407
5466	10.75407
5467	10.75407
5468	10.75407
5469	10.75407
5470	10.75407
5471	10.75407
5472	10.75407
5473	10.75407
5474	10.75407
5475	10.75407
5476	10.75407
5477	10.75407
5478	10.75407
5479	10.75407
5480	10.75407
5481	10.75407
5482	10.75407
5483	10.75407
5484	10.75407
5485	10.75407
5486	10.75407
5487	10.75407
5488	10.75407
5489	10.75407
5490	10.75407
5491	10.75407
5492	10.75407
5493	10.75407
5494	10.75407
5495	10.75407
5496	10.75407
5497	10.75407
5498	10.75407
5499	10.75407
5500	10.75407
5501	10.75407
5502	10.75407
5503	10.75407
5504	10.75407
5505	10.75407
5506	10.75407
5507	10.75407
5508	10.75407
5509	10.75407
5510	10.75407
5511	10.75407
5512	10.75407
5513	10.75407
5514	10.75407
5515	10.75407
5516	10.75407
5517	10.75407
5518	10.75407
5519	10.75407
5520	10.75407
5521	10.75407
5522	10.75407
5523	10.75407
5524	10.75407
5525	10.75407
5526	10.75407
5527	10.75407
5528	10.75407
5529	10.75407
5530	10.75407
5531	10.75407
5532	10.75407
5533	10.75407
5534	10.75407
5535	10.75407
5536	10.75407
5537	10.75407
5538	10.75407
5539	10.75407
5540	10.75407
5541	10.75407
5542	10.75407
5543	10.75407
5544	10.75407
5545	10.75407
5546	10.75407
5547	10.75407
5548	10.75407
5549	10.75407
5550	10.75407
5551	10.75407
5552	10.75407
5553	10.75407
5554	10.75407
5555	10.75407
5556	10.75407
5557	10.75407
5558	10.75407
5559	10.75407
5560	10.75407
5561	10.75407
5562	10.75407
5563	10.75407
5564	10.75407
5565	10.75407
5566	10.75407
5567	10.75407
5568	10.75407
5569	10.75407
5570	10.75407
5571	10.75407
5572	10.75407
5573	10.75407
5574	10.75407
5575	10.75407
5576	10.75407
5577	10.75407
5578	10.75407
5579	10.75407
5580	10.75407
5581	10.75407
5582	10.75407
5583	10.75407
5584	10.75407
5585	10.75407
5586	10.75407
5587	10.75407
5588	10.75407
5589	10.75407
5590	10.75407
5591	10.75407
5592	10.75407
5593	10.75407
5594	10.75407
5595	10.75407
5596	10.75407
5597	10.75407
5598	10.75407
5599	10.75407
5600	10.75407
5601	10.75407
5602	10.75407
5603	10.75407
5604	10.75407
5605	10.75407
5606	10.75407
5607	10.75407
5608	10.75407
5609	10.75407
5610	10.75407
5611	10.75407
5612	10.75407
5613	10.75407
5614	10.75407
5615	10.75407
5616	10.75407
5617	10.75407
5618	10.75407
5619	10.75407
5620	10.75407
5621	10.75407
5622	10.75407
5623	10.75407
5624	10.75407
5625	10.75407
5626	10.75407
5627	10.75407
5628	10.75407
5629	10.75407
5630	10.75407
5631	10.75407
5632	10.75407
5633	10.75407
5634	10.75407
5635	10.75407
5636	10.75407
5637	10.75407
5638	10.75407
5639	10.75407
5640	10.75407
5641	10.75407
5642	10.75407
5643	10.75407
5644	10.75407
5645	10.75407
5646	10.75407
5647	10.75407
5648	10.75407
5649	10.75407
5650	10.75407
5651	10.75407
5652	10.75407
5653	10.75407
5654	10.75407
5655	10.75407
5656	10.75407
5657	10.75407
5658	10.75407
5659	10.75407
5660	10.75407
5661	10.75407
5662	10.75407
5663	10.75407
5664	10.75407
5665	10.75407
5666	10.75407
5667	10.75407
5668	10.75407
5669	10.75407
5670	10.75407
5671	10.75407
5672	10.75407
5673	10.75407
5674	10.75407
5675	10.75407
5676	10.75407
5677	10.75407
5678	10.75407
5679	10.75407
5680	10.75407
5681	10.75407
5682	10.75407
5683	10.75407
5684	10.75407
5685	10.75407
5686	10.75407
5687	10.75407
5688	10.75407
5689	10.75407
5690	10.75407
5691	10.75407
5692	10.75407
5693	10.75407
5694	10.75407
5695	10.75407
5696	10.75407
5697	10.75407
5698	10.75407
5699	10.75407
5700	10.75407
5701	10.75407
5702	10.75407
5703	10.75407
5704	10.75407
5705	10.75407
5706	10.75407
5707	10.75407
5708	10.75407
5709	10.75407
5710	10.75407
5711	10.75407
5712	10.75407
5713	10.75407
5714	10.75407
5715	10.75407
5716	10.75407
5717	10.75407
5718	10.75407
5719	10.75407
5720	10.75407
5721	10.75407
5722	10.75407
5723	10.75407
5724	10.75407
5725	10.75407
5726	10.75407
5727	10.75407
5728	10.75407
5729	10.75407
5730	10.75407
5731	10.75407
5732	10.75407
5733	10.75407
5734	10.75407
5735	10.75407
5736	10.75407
5737	10.75407
5738	10.75407
5739	10.75407
5740	10.75407
5741	10.75407
5742	10.75407
5743	10.75407
5744	10.75407
5745	10.75407
5746	10.75407
5747	10.75407
5748	10.75407
5749	10.75407
5750	10.75407
5751	10.75407
5752	10.75407
5753	10.75407
5754	10.75407
5755	10.75407
5756	10.75407
5757	10.75407
5758	10.75407
5759	10.75407
5760	10.75407
5761	10.75407
5762	10.75407
5763	10.75407
5764	10.75407
5765	10.75407
5766	10.75407
5767	10.75407
5768	10.75407
5769	10.75407
5770	10.75407
5771	10.75407
5772	10.75407
5773	10.75407
5774	10.75407
5775	10.75407
5776	10.75407
5777	10.75407
5778	10.75407
5779	10.75407
5780	10.75407
5781	10.75407
5782	10.75407
5783	10.75407
5784	10.75407
5785	10.75407
5786	10.75407
5787	10.75407
5788	10.75407
5789	10.75407
5790	10.75407
5791	10.75407
5792	10.75407
5793	10.75407
5794	10.75407
5795	10.75407
5796	10.75407
5797	10.75407
5798	10.75407
5799	10.75407
5800	10.75407
5801	10.75407
5802	10.75407
5803	10.75407
5804	10.75407
5805	10.75407
5806	10.75407
5807	10.75407
5808	10.75407
5809	10.75407
5810	10.75407
5811	10.75407
5812	10.75407
5813	10.75407
5814	10.75407
5815	10.75407
5816	10.75407
5817	10.75407
5818	10.75407
5819	10.75407
5820	10.75407
5821	10.75407
5822	10.75407
5823	10.75407
5824	10.75407
5825	10.75407
5826	10.75407
5827	10.75407
5828	10.75407
5829	10.75407
5830	10.75407
5831	10.75407
5832	10.75407
5833	10.75407
5834	10.75407
5835	10.75407
5836	10.75407
5837	10.75407
5838	10.75407
5839	10.75407
5840	10.75407
5841	10.75407
5842	10.75407
5843	10.75407
5844	10.75407
5845	10.75407
5846	10.75407
5847	10.75407
5848	10.75407
5849	10.75407
5850	10.75407
5851	10.75407
5852	10.75407
5853	10.75407
5854	10.75407
5855	10.75407
5856	10.75407
5857	10.75407
5858	10.75407
5859	10.75407
5860	10.75407
5861	10.75407
5862	10.75407
5863	10.75407
5864	10.75407
5865	10.75407
5866	10.75407
5867	10.75407
5868	10.75407
5869	10.75407
5870	10.75407
5871	10.75407
5872	10.75407
5873	10.75407
5874	10.75407
5875	10.75407
5876	10.75407
5877	10.75407
5878	10.75407
5879	10.75407
5880	10.75407
5881	10.75407
5882	10.75407
5883	10.75407
5884	10.75407
5885	10.75407
5886	10.75407
5887	10.75407
5888	10.75407
5889	10.75407
5890	10.75407
5891	10.75407
5892	10.75407
5893	10.75407
5894	10.75407
5895	10.75407
5896	10.75407
5897	10.75407
5898	10.75407
5899	10.75407
5900	10.75407
5901	10.75407
5902	10.75407
5903	10.75407
5904	10.75407
5905	10.75407
5906	10.75407
5907	10.75407
5908	10.75407
5909	10.75407
5910	10.75407
5911	10.75407
5912	10.75407
5913	10.75407
5914	10.75407
5915	10.75407
5916	10.75407
5917	10.75407
5918	10.75407
5919	10.75407
5920	10.75407
5921	10.75407
5922	10.75407
5923	10.75407
5924	10.75407
5925	10.75407
5926	10.75407
5927	10.75407
5928	10.75407
5929	10.75407
5930	10.75407
5931	10.75407
5932	10.75407
5933	10.75407
5934	10.75407
5935	10.75407
5936	10.75407
5937	10.75407
5938	10.75407
5939	10.75407
5940	10.75407
5941	10.75407
5942	10.75407
5943	10.75407
5944	10.75407
5945	10.75407
5946	10.75407
5947	10.75407
5948	10.75407
5949	10.75407
5950	10.75407
5951	10.75407
5952	10.75407
5953	10.75407
5954	10.75407
5955	10.75407
5956	10.75407
5957	10.75407
5958	10.75407
5959	10.75407
5960	10.75407
5961	10.75407
5962	10.75407
5963	10.75407
5964	10.75407
5965	10.75407
5966	10.75407
5967	10.75407
5968	10.75407
5969	10.75407
5970	10.75407
5971	10.75407
5972	10.75407
5973	10.75407
5974	10.75407
5975	10.75407
5976	10.75407
5977	10.75407
5978	10.75407
5979	10.75407
5980	10.75407
5981	10.75407
5982	10.75407
5983	10.75407
5984	10.75407
5985	10.75407
5986	10.75407
5987	10.75407
5988	10.75407
5989	10.75407
5990	10.75407
5991	10.75407
5992	10.75407
5993	10.75407
5994	10.75407
5995	10.75407
5996	10.75407
5997	10.75407
5998	10.75407
5999	10.75407
6000	10.75407
6001	10.75407
6002	10.75407
6003	10.75407
6004	10.75407
6005	10.75407
6006	10.75407
6007	10.75407
6008	10.75407
6009	10.75407
6010	10.75407
6011	10.75407
6012	10.75407
6013	10.75407
6014	10.75407
6015	10.75407
6016	10.75407
6017	10.75407
6018	10.75407
6019	10.75407
6020	10.75407
6021	10.75407
6022	10.75407
6023	10.75407
6024	10.75407
6025	10.75407
6026	10.75407
6027	10.75407
6028	10.75407
6029	10.75407
6030	10.75407
6031	10.75407
6032	10.75407
6033	10.75407
6034	10.75407
6035	10.75407
6036	10.75407
6037	10.75407
6038	10.75407
6039	10.75407
6040	10.75407
6041	10.75407
6042	10.75407
6043	10.75407
6044	10.75407
6045	10.75407
6046	10.75407
6047	10.75407
6048	10.75407
6049	10.75407
6050	10.75407
6051	10.75407
6052	10.75407
6053	10.75407
6054	10.75407
6055	10.75407
6056	10.75407
6057	10.75407
6058	10.75407
6059	10.75407
6060	10.75407
6061	10.75407
6062	10.75407
6063	10.75407
6064	10.75407
6065	10.75407
6066	10.75407
6067	10.75407
6068	10.75407
6069	10.75407
6070	10.75407
6071	10.75407
6072	10.75407
6073	10.75407
6074	10.75407
6075	10.75407
6076	10.75407
6077	10.75407
6078	10.75407
6079	10.75407
6080	10.75407
6081	10.75407
6082	10.75407
6083	10.75407
6084	10.75407
6085	10.75407
6086	10.75407
6087	10.75407
6088	10.75407
6089	10.75407
6090	10.75407
6091	10.75407
6092	10.75407
6093	10.75407
6094	10.75407
6095	10.75407
6096	10.75407
