1	7.039609
2	7.048141
3	7.054246
4	6.975196
5	6.940568
6	6.942748
7	7.063366
8	7.063987
9	7.122454
10	7.122454
11	7.107726
12	7.143406
13	7.199795
14	7.199795
15	7.254405
16	7.303972
17	7.314529
18	7.314529
19	7.404421
20	7.316257
21	7.155143
22	7.238239
23	7.326107
24	7.335447
25	7.568796
26	7.568796
27	7.506077
28	7.506077
29	7.674345
30	7.806356
31	7.891298
32	7.939762
33	7.964537
34	7.969841
35	7.989281
36	7.81111
37	7.81111
38	7.755511
39	7.767541
40	7.805607
41	8.042967
42	8.042967
43	8.06743
44	8.144969
45	8.144969
46	8.006371
47	8.05238
48	8.05565
49	8.129781
50	8.169757
51	8.288824
52	8.211764
53	8.146412
54	8.188706
55	8.188706
56	8.180662
57	8.215342
58	8.215897
59	8.231287
60	8.220835
61	8.420255
62	8.441663
63	8.121901
64	8.121901
65	8.080526
66	8.224442
67	8.36111
68	8.351966
69	8.368974
70	8.345142
71	8.31062
72	8.58064
73	8.58064
74	8.781891
75	8.824755
76	8.829131
77	8.841286
78	8.856404
79	8.866439
80	8.912289
81	8.913369
82	8.885144
83	8.885144
84	8.788411
85	8.788411
86	8.798707
87	8.823547
88	8.825561
89	8.848545
90	8.848545
91	8.906001
92	8.910114
93	8.917914
94	9.069663
95	9.021697
96	9.035077
97	9.316965
98	9.316965
99	9.316965
100	9.313525
101	9.445861
102	9.462526
103	9.464163
104	9.481347
105	9.481347
106	9.481347
107	9.115387
108	9.118669
109	9.118669
110	9.123029
111	9.123029
112	9.154272
113	9.152784
114	9.214861
115	9.214861
116	9.202001
117	9.202001
118	9.202001
119	9.182919
120	9.182919
121	9.089299
122	9.043449
123	9.060828
124	9.038872
125	9.109992
126	9.111708
127	9.275133
128	9.256728
129	9.256728
130	8.989023
131	8.989023
132	8.989023
133	8.989023
134	9.239114
135	9.223992
136	9.223992
137	9.223992
138	9.226497
139	9.087843
140	9.087843
141	9.372928
142	9.591874
143	9.604915
144	9.604915
145	9.604915
146	9.662014
147	9.662014
148	9.662014
149	9.662014
150	9.662014
151	9.677764
152	9.677764
153	9.677764
154	9.677764
155	9.5299
156	9.564157
157	9.564157
158	9.564157
159	9.536674
160	9.842683
161	9.842683
162	9.973269
163	9.973269
164	9.980721
165	9.980721
166	9.896086
167	9.906022
168	10.043204
169	10.043204
170	10.043204
171	10.043204
172	10.043204
173	10.044269
174	10.044269
175	10.137889
176	10.197604
177	10.066149
178	10.066149
179	10.179965
180	10.179965
181	10.015819
182	10.015819
183	10.283107
184	10.284261
185	10.284261
186	10.284261
187	10.285128
188	10.285128
189	10.285128
190	10.285128
191	10.285128
192	10.285128
193	10.285128
194	10.052924
195	10.052924
196	10.018345
197	10.018345
198	10.018345
199	10.018345
200	10.018345
201	10.064038
202	10.098265
203	10.098265
204	9.974089
205	10.024771
206	9.980981
207	10.192964
208	10.192964
209	10.192964
210	9.921563
211	9.921563
212	9.921563
213	10.028262
214	10.028262
215	10.261092
216	10.261092
217	10.261092
218	10.264374
219	10.264374
220	10.272114
221	10.272114
222	10.272114
223	10.249278
224	10.249278
225	10.249278
226	10.272948
227	10.35694
228	10.35694
229	10.35694
230	10.35694
231	10.35694
232	10.463803
233	10.196515
234	10.163867
235	10.147549
236	10.147075
237	10.052873
238	10.105988
239	10.14413
240	10.161038
241	10.161038
242	10.161038
243	10.166784
244	10.166784
245	10.166784
246	10.166784
247	10.166784
248	10.169298
249	10.169298
250	10.169298
251	10.169298
252	10.169298
253	10.160225
254	10.160225
255	10.160225
256	10.160225
257	10.160225
258	10.014955
259	10.282243
260	10.282243
261	10.282243
262	10.242244
263	10.242244
264	10.242244
265	10.242244
266	10.242244
267	10.242244
268	10.242244
269	10.242244
270	10.242244
271	10.242244
272	10.242244
273	10.240884
274	10.240884
275	10.240884
276	10.240884
277	10.147246
278	10.147246
279	10.147246
280	10.244811
281	10.244811
282	10.244811
283	10.244811
284	10.290384
285	10.290384
286	10.290961
287	10.233136
288	10.233136
289	10.233136
290	10.233136
291	10.218609
292	10.218609
293	10.218609
294	10.218609
295	10.231097
296	10.231097
297	10.231097
298	10.231097
299	10.231097
300	10.231097
301	10.231097
302	10.231097
303	10.231097
304	10.231097
305	10.231097
306	10.231097
307	10.231097
308	10.231097
309	10.231097
310	10.231097
311	10.231097
312	10.231097
313	10.231097
314	10.192749
315	10.21842
316	10.21842
317	10.21842
318	10.21842
319	10.21842
320	10.21842
321	10.215718
322	10.215718
323	10.215718
324	9.946284
325	9.946284
326	9.986878
327	10.128979
328	9.953085
329	9.953085
330	9.953085
331	9.719628
332	9.702211
333	9.702211
334	9.702211
335	9.702211
336	9.80194
337	9.978941
338	9.978941
339	9.978941
340	9.978941
341	9.978941
342	9.978941
343	9.923876
344	9.868334
345	9.868334
346	9.868334
347	9.899776
348	9.975139
349	9.975139
350	9.975139
351	9.975139
352	10.021218
353	10.021218
354	10.021218
355	10.021218
356	10.021218
357	10.021218
358	10.021218
359	10.021218
360	9.778016
361	9.789956
362	9.789956
363	9.789956
364	9.789956
365	9.909803
366	9.909803
367	9.884132
368	9.884132
369	9.884132
370	9.884132
371	9.884132
372	9.884132
373	9.884132
374	9.884132
375	9.934056
376	9.934056
377	9.934056
378	9.934056
379	9.875209
380	9.976888
381	9.90286
382	9.90286
383	9.90286
384	9.90286
385	9.90286
386	9.879844
387	9.879844
388	9.79657
389	9.79657
390	9.79657
391	9.79657
392	9.79657
393	9.798909
394	9.798909
395	9.798909
396	9.798909
397	9.798909
398	10.020531
399	10.020531
400	10.020531
401	10.020531
402	10.020531
403	10.020531
404	10.030801
405	10.059367
406	10.059367
407	10.059367
408	10.059367
409	10.009219
410	10.009219
411	10.009219
412	10.009219
413	10.009219
414	10.009219
415	10.009219
416	10.009219
417	10.009219
418	10.009219
419	10.009219
420	10.053397
421	10.053397
422	10.053397
423	10.053397
424	10.053397
425	10.019862
426	10.085143
427	10.092956
428	10.092956
429	10.105997
430	10.105997
431	10.105997
432	10.105997
433	10.105997
434	10.105997
435	10.105997
436	10.105997
437	10.316716
438	10.141099
439	10.141099
440	10.141099
441	10.141099
442	10.141099
443	10.141099
444	10.141099
445	10.147905
446	10.151341
447	10.151341
448	10.183299
449	10.200024
450	10.22878
451	10.22878
452	10.208074
453	10.208074
454	10.208074
455	10.208074
456	10.208074
457	10.160832
458	10.160832
459	10.120528
460	10.120528
461	10.120528
462	10.120528
463	10.120528
464	10.160832
465	10.201912
466	10.201912
467	10.137211
468	10.137211
469	10.137211
470	10.090441
471	10.086269
472	10.106009
473	10.106009
474	10.086375
475	10.086375
476	10.285565
477	10.241387
478	10.269825
479	10.269825
480	10.269825
481	10.356085
482	10.356085
483	10.356085
484	10.356085
485	10.356085
486	10.356085
487	10.356085
488	10.356085
489	10.356085
490	10.352649
491	10.352649
492	10.352649
493	10.352649
494	10.352649
495	10.352649
496	10.357617
497	10.357617
498	10.357617
499	10.357617
500	10.357617
501	10.357617
502	10.361053
503	10.279534
504	10.279534
505	10.279534
506	10.276098
507	10.276098
508	10.256358
509	10.256358
510	10.256358
511	10.256358
512	10.256358
513	10.274627
514	10.274627
515	10.305602
516	10.305602
517	10.305602
518	10.318022
519	10.318022
520	10.348184
521	10.348184
522	10.348184
523	10.348184
524	10.348184
525	10.361225
526	10.348184
527	10.348184
528	10.348184
529	10.331377
530	10.331377
531	10.331377
532	10.331377
533	10.334339
534	10.212974
535	10.212974
536	10.212974
537	10.121037
538	10.043384
539	10.043384
540	10.155748
541	10.168789
542	10.168789
543	10.168789
544	10.133975
545	10.133975
546	10.133975
547	10.304281
548	10.304281
549	10.304281
550	10.583279
551	10.583279
552	10.583279
553	10.583279
554	10.553429
555	10.553429
556	10.553429
557	10.553429
558	10.553429
559	10.616114
560	10.616114
561	10.616114
562	10.616114
563	10.566909
564	10.566909
565	10.566909
566	10.566909
567	10.566909
568	10.566909
569	10.566909
570	10.566909
571	10.566909
572	10.566909
573	10.566909
574	10.566909
575	10.566909
576	10.566909
577	10.566909
578	10.566909
579	10.566909
580	10.566909
581	10.566909
582	10.566909
583	10.682677
584	10.682677
585	10.682677
586	10.682677
587	10.682677
588	10.823171
589	10.823171
590	10.823171
591	10.823171
592	10.823171
593	10.823171
594	10.823171
595	10.823171
596	10.823171
597	10.823171
598	10.823171
599	10.823171
600	10.823171
601	10.791729
602	10.791729
603	10.791729
604	10.791729
605	10.791729
606	10.791729
607	10.791729
608	10.756064
609	10.756064
610	10.756064
611	10.756064
612	10.61557
613	10.61557
614	10.61557
615	10.61557
616	10.61557
617	10.61557
618	10.61557
619	10.61557
620	10.61557
621	10.61557
622	10.61557
623	10.61557
624	10.711289
625	10.711289
626	10.711289
627	10.711289
628	10.74377
629	10.74377
630	10.74377
631	10.74377
632	10.74377
633	10.74377
634	10.74377
635	10.74377
636	10.74377
637	10.74377
638	10.74377
639	10.74377
640	10.79551
641	10.79551
642	10.79551
643	10.79551
644	10.79551
645	10.79551
646	10.79551
647	10.79551
648	10.79551
649	10.79551
650	10.79551
651	10.79551
652	10.74377
653	10.74377
654	10.74377
655	10.74377
656	10.74377
657	10.74377
658	10.74377
659	10.74377
660	10.74377
661	10.74377
662	10.74377
663	10.74377
664	10.74377
665	10.74377
666	10.74377
667	10.74377
668	10.74377
669	10.74377
670	10.74377
671	10.74377
672	10.74377
673	10.74377
674	10.74377
675	10.74377
676	10.74377
677	10.74377
678	10.74377
679	10.74377
680	10.74377
681	10.588559
682	10.588559
683	10.588559
684	10.588559
685	10.588559
686	10.627509
687	10.627509
688	10.627509
689	10.66313
690	10.66313
691	10.66313
692	10.66313
693	10.66313
694	10.66313
695	10.66313
696	10.66313
697	10.66313
698	10.627509
699	10.627509
700	10.648104
701	10.648104
702	10.648104
703	10.648104
704	10.648104
705	10.648104
706	10.648104
707	10.648104
708	10.648104
709	10.648104
710	10.648104
711	10.648104
712	10.648104
713	10.648104
714	10.648104
715	10.648104
716	10.648104
717	10.648104
718	10.648104
719	10.648104
720	10.648104
721	10.648104
722	10.648104
723	10.648104
724	10.648104
725	10.648104
726	10.648104
727	10.648104
728	10.648104
729	10.648104
730	10.648104
731	10.648104
732	10.648104
733	10.648104
734	10.648104
735	10.648104
736	10.625418
737	10.625418
738	10.625418
739	10.625418
740	10.625418
741	10.625418
742	10.586468
743	10.625418
744	10.625418
745	10.625418
746	10.625418
747	10.625418
748	10.625418
749	10.625418
750	10.689458
751	10.689458
752	10.689458
753	10.689458
754	10.689458
755	10.689458
756	10.689458
757	10.689458
758	10.689458
759	10.689458
760	10.689458
761	10.689458
762	10.689458
763	10.689458
764	10.689458
765	10.689458
766	10.689458
767	10.689458
768	10.689458
769	10.689458
770	10.689458
771	10.689458
772	10.689458
773	10.689458
774	10.689458
775	10.689458
776	10.689458
777	10.689458
778	10.689458
779	10.691846
780	10.691846
781	10.691846
782	10.691846
783	10.691846
784	10.691846
785	10.691846
786	10.691846
787	10.675528
788	10.675528
789	10.675528
790	10.675528
791	10.675528
792	10.675528
793	10.675528
794	10.675528
795	10.675528
796	10.675528
797	10.634145
798	10.619618
799	10.619618
800	10.619618
801	10.619618
802	10.619618
803	10.619618
804	10.619618
805	10.619618
806	10.619618
807	10.619618
808	10.619618
809	10.619618
810	10.619618
811	10.619618
812	10.619618
813	10.619618
814	10.619618
815	10.619618
816	10.619618
817	10.619618
818	10.619618
819	10.619618
820	10.619618
821	10.637038
822	10.615148
823	10.615148
824	10.615148
825	10.71709
826	10.71709
827	10.71709
828	10.71709
829	10.71709
830	10.71709
831	10.71709
832	10.71709
833	10.71709
834	10.71709
835	10.71709
836	10.71709
837	10.71709
838	10.71709
839	10.71709
840	10.71709
841	10.71709
842	10.71709
843	10.718483
844	10.718483
845	10.718483
846	10.718483
847	10.718483
848	10.718483
849	10.773291
850	10.773291
851	10.773291
852	10.773291
853	10.773291
854	10.773291
855	10.773291
856	10.773291
857	10.94929
858	10.94929
859	10.94929
860	10.94929
861	10.94929
862	10.94929
863	10.94929
864	10.94929
865	10.94929
866	10.94929
867	10.916167
868	10.916167
869	10.916167
870	10.916167
871	10.916167
872	10.916167
873	10.916167
874	10.861359
875	10.861359
876	10.861359
877	10.861359
878	10.916167
879	10.916167
880	10.916167
881	10.94741
882	10.94741
883	10.892602
884	10.909517
885	10.909517
886	10.909517
887	10.909517
888	10.909517
889	10.909517
890	10.909517
891	10.909517
892	10.909517
893	10.909517
894	10.909517
895	10.909517
896	10.909517
897	10.909517
898	10.909517
899	10.909517
900	10.909517
901	10.909517
902	10.909517
903	10.909517
904	10.964325
905	10.964325
906	10.964325
907	10.964325
908	10.964325
909	10.964325
910	10.964325
911	10.964325
912	10.964325
913	10.964325
914	10.964325
915	10.964325
916	10.964325
917	10.964325
918	10.964325
919	10.964325
920	10.964325
921	10.964325
922	10.964325
923	10.964325
924	10.964325
925	10.964325
926	10.964325
927	10.964325
928	10.964325
929	10.964325
930	10.971421
931	10.971421
932	10.971421
933	10.971421
934	10.967839
935	10.967839
936	10.967839
937	10.967839
938	10.967839
939	10.967839
940	10.967839
941	10.967839
942	10.967839
943	10.967839
944	10.967839
945	10.967839
946	10.967839
947	10.967839
948	10.967839
949	10.967839
950	10.982366
951	10.982366
952	10.982366
953	10.982366
954	10.982366
955	10.982366
956	10.982366
957	10.982366
958	10.982366
959	10.982366
960	10.982366
961	10.982366
962	11.009629
963	11.009629
964	11.009629
965	11.009629
966	11.009629
967	11.009629
968	11.002533
969	11.002533
970	11.002533
971	11.002533
972	11.002533
973	11.002533
974	11.002533
975	11.002533
976	11.002533
977	11.002533
978	11.002533
979	11.002533
980	11.002533
981	11.002533
982	11.002533
983	11.002533
984	11.002533
985	11.002533
986	11.002533
987	11.002533
988	11.002533
989	11.002533
990	11.002533
991	11.002533
992	11.002533
993	11.002533
994	11.002533
995	11.002533
996	11.002533
997	11.002533
998	11.002533
999	11.002533
1000	11.002533
1001	11.002533
1002	11.002533
1003	11.002533
1004	11.002533
1005	11.002533
1006	11.002533
1007	11.002533
1008	11.002533
1009	11.002533
1010	11.002533
1011	11.002533
1012	10.965113
1013	10.965113
1014	10.965113
1015	10.965113
1016	10.965113
1017	10.965113
1018	10.965113
1019	10.965113
1020	10.965113
1021	10.965113
1022	10.965113
1023	10.965113
1024	10.965113
1025	10.965113
1026	10.965113
1027	10.965113
1028	10.965113
1029	10.965113
1030	10.965113
1031	10.965113
1032	10.965113
1033	10.965113
1034	10.965113
1035	10.965113
1036	10.965113
1037	10.965113
1038	10.965113
1039	10.965113
1040	10.965113
1041	10.965113
1042	11.084105
1043	11.084105
1044	11.084105
1045	11.084105
1046	11.084105
1047	11.084105
1048	11.084105
1049	11.084105
1050	11.084105
1051	11.084105
1052	11.084105
1053	11.084105
1054	11.084105
1055	11.084105
1056	11.084105
1057	11.084105
1058	11.084105
1059	11.084105
1060	11.084105
1061	11.084105
1062	11.084105
1063	11.084105
1064	11.084105
1065	11.084105
1066	11.084105
1067	11.084105
1068	11.084105
1069	11.084105
1070	11.084105
1071	11.084105
1072	11.084105
1073	11.056842
1074	11.056842
1075	11.056842
1076	11.056842
1077	11.044305
1078	11.044305
1079	11.044305
1080	11.044305
1081	11.044305
1082	11.044305
1083	11.044305
1084	11.044305
1085	11.044305
1086	11.044305
1087	11.044305
1088	11.044305
1089	11.044305
1090	11.044305
1091	11.044305
1092	11.044305
1093	11.044305
1094	11.044305
1095	11.044305
1096	11.044305
1097	11.044305
1098	11.044305
1099	11.044305
1100	11.044305
1101	11.044305
1102	11.044305
1103	11.044305
1104	11.044305
1105	11.044305
1106	11.044305
1107	11.044305
1108	11.044305
1109	11.044305
1110	11.044305
1111	11.044305
1112	11.044305
1113	11.044305
1114	11.044305
1115	11.044305
1116	11.044305
1117	11.044305
1118	11.044305
1119	11.044305
1120	11.044305
1121	11.044305
1122	11.044305
1123	11.044305
1124	11.071568
1125	11.071568
1126	11.071568
1127	11.071568
1128	11.071568
1129	11.071568
1130	11.071568
1131	11.071568
1132	11.071568
1133	11.071568
1134	11.071568
1135	11.078664
1136	11.078664
1137	11.078664
1138	11.078664
1139	11.078664
1140	11.078664
1141	11.078664
1142	11.078664
1143	11.078664
1144	11.078664
1145	11.078664
1146	11.078664
1147	11.078664
1148	11.078664
1149	11.078664
1150	11.078664
1151	11.078664
1152	11.078664
1153	11.078664
1154	11.078664
1155	11.078664
1156	11.078664
1157	11.078664
1158	11.078664
1159	11.078664
1160	11.078664
1161	11.078664
1162	11.078664
1163	11.078664
1164	11.078664
1165	11.078664
1166	11.078664
1167	11.051003
1168	11.051003
1169	11.051003
1170	11.051003
1171	11.051003
1172	11.051003
1173	11.051003
1174	11.051003
1175	11.051003
1176	11.051003
1177	11.051003
1178	11.051003
1179	11.051003
1180	11.051003
1181	11.051003
1182	11.051003
1183	11.051003
1184	11.051003
1185	11.051003
1186	11.051003
1187	11.051003
1188	11.051003
1189	11.051003
1190	11.051003
1191	11.051003
1192	11.051003
1193	11.051003
1194	11.051003
1195	11.051003
1196	11.051003
1197	11.051003
1198	11.051003
1199	11.051003
1200	11.051003
1201	11.051003
1202	11.051003
1203	11.051003
1204	11.051003
1205	11.051003
1206	11.051003
1207	11.051003
1208	11.051003
1209	11.051003
1210	11.051003
1211	11.051003
1212	11.051003
1213	11.051003
1214	11.051003
1215	11.051003
1216	11.051003
1217	11.031302
1218	11.031302
1219	11.031302
1220	11.031302
1221	11.031302
1222	11.031302
1223	11.031302
1224	11.031302
1225	11.031302
1226	11.031302
1227	11.031302
1228	11.031302
1229	11.031302
1230	11.031302
1231	11.031302
1232	11.031302
1233	11.031302
1234	11.031302
1235	11.031302
1236	11.031302
1237	11.031302
1238	11.031302
1239	11.031302
1240	11.031302
1241	11.031302
1242	11.031302
1243	11.031302
1244	11.031302
1245	11.031302
1246	11.031302
1247	11.031302
1248	11.031302
1249	11.031302
1250	11.031302
1251	11.031302
1252	11.031302
1253	11.031302
1254	11.031302
1255	11.031302
1256	11.058963
1257	11.058963
1258	11.058963
1259	11.058963
1260	11.058963
1261	11.058963
1262	11.058963
1263	11.058963
1264	11.058963
1265	11.058963
1266	11.058963
1267	11.058963
1268	11.062545
1269	11.062545
1270	11.062545
1271	11.062545
1272	11.062545
1273	11.062545
1274	11.062545
1275	11.082246
1276	11.082246
1277	11.082246
1278	11.082246
1279	11.082246
1280	11.082246
1281	11.082246
1282	11.082246
1283	11.082246
1284	11.082246
1285	11.082246
1286	11.082246
1287	11.082246
1288	11.082246
1289	11.082246
1290	11.082246
1291	11.082246
1292	11.082246
1293	11.094783
1294	11.094783
1295	11.094783
1296	11.094783
1297	11.094783
1298	11.094783
1299	11.094783
1300	11.094783
1301	11.094783
1302	11.094783
1303	11.094783
1304	11.094783
1305	11.094783
1306	11.094783
1307	11.094783
1308	11.094783
1309	11.094783
1310	11.094783
1311	11.094783
1312	11.094783
1313	11.094783
1314	11.094783
1315	11.094783
1316	11.094783
1317	11.094783
1318	11.094783
1319	11.094783
1320	11.094783
1321	11.094783
1322	11.094783
1323	11.094783
1324	11.094783
1325	11.094783
1326	11.094783
1327	11.094783
1328	11.094783
1329	11.094783
1330	11.094783
1331	11.094783
1332	11.094783
1333	11.094783
1334	11.094783
1335	11.094783
1336	11.094783
1337	11.094783
1338	11.094783
1339	11.094783
1340	11.094783
1341	11.094783
1342	11.094783
1343	11.094783
1344	11.094783
1345	11.094783
1346	11.094783
1347	11.094783
1348	11.082246
1349	11.082246
1350	11.082246
1351	11.082246
1352	11.082246
1353	11.082246
1354	11.082246
1355	11.082246
1356	11.082246
1357	11.082246
1358	11.082246
1359	11.082246
1360	11.082246
1361	11.082246
1362	11.082246
1363	11.082246
1364	11.082246
1365	11.082246
1366	11.082246
1367	11.082246
1368	11.082246
1369	11.082246
1370	11.082246
1371	11.082246
1372	11.082246
1373	11.082246
1374	11.082246
1375	11.082246
1376	11.082246
1377	11.082246
1378	11.082246
1379	11.082246
1380	11.082246
1381	11.082246
1382	11.082246
1383	11.082246
1384	11.082246
1385	11.082246
1386	11.082246
1387	11.082246
1388	11.082246
1389	11.082246
1390	11.082246
1391	11.082246
1392	11.082246
1393	11.082246
1394	11.082246
1395	11.082246
1396	11.082246
1397	11.082246
1398	11.082246
1399	11.082246
1400	11.082246
1401	11.082246
1402	11.082246
1403	11.082246
1404	11.082246
1405	11.082246
1406	11.082246
1407	11.082246
1408	11.082246
1409	11.082246
1410	11.082246
1411	11.082246
1412	11.082246
1413	11.082246
1414	11.082246
1415	11.082246
1416	11.082246
1417	11.082246
1418	11.082246
1419	11.082246
1420	11.082246
1421	11.082246
1422	11.082246
1423	11.082246
1424	11.082246
1425	11.082246
1426	11.082246
1427	11.082246
1428	11.082246
1429	11.082246
1430	11.082246
1431	11.082246
1432	11.082246
1433	11.082246
1434	11.082246
1435	11.082246
1436	11.082246
1437	11.082246
1438	11.082246
1439	11.082246
1440	11.082246
1441	11.082246
1442	11.082246
1443	11.082246
1444	11.082246
1445	11.082246
1446	11.082246
1447	11.082246
1448	11.082246
1449	11.082246
1450	11.082246
1451	11.082246
1452	11.082246
1453	11.082246
1454	11.082246
1455	11.082246
1456	11.082246
1457	11.082246
1458	11.082246
1459	11.082246
1460	11.082246
1461	11.082246
1462	11.082246
1463	11.082246
1464	11.082246
1465	11.082246
1466	11.082246
1467	11.082246
1468	11.082246
1469	11.082246
1470	11.094783
1471	11.094783
1472	11.094783
1473	11.094783
1474	11.094783
1475	11.094783
1476	11.094783
1477	11.094783
1478	11.094783
1479	11.094783
1480	11.094783
1481	11.094783
1482	11.094783
1483	11.094783
1484	11.094783
1485	11.094783
1486	11.094783
1487	11.094783
1488	11.094783
1489	11.094783
1490	11.094783
1491	11.094783
1492	11.094783
1493	11.094783
1494	11.094783
1495	11.094783
1496	11.094783
1497	11.094783
1498	11.094783
1499	11.094783
1500	11.094783
1501	11.094783
1502	11.094783
1503	11.094783
1504	11.094783
1505	11.094783
1506	11.094783
1507	11.094783
1508	11.094783
1509	11.094783
1510	11.094783
1511	11.094783
1512	11.094783
1513	11.094783
1514	11.094783
1515	11.094783
1516	11.094783
1517	11.094783
1518	11.094783
1519	11.094783
1520	11.094783
1521	11.094783
1522	11.094783
1523	11.094783
1524	11.094783
1525	11.094783
1526	11.094783
1527	11.094783
1528	11.094783
1529	11.094783
1530	11.094783
1531	11.094783
1532	11.094783
1533	11.094783
1534	11.094783
1535	11.094783
1536	11.094783
1537	11.094783
1538	11.094783
1539	11.094783
1540	11.094783
1541	11.094783
1542	11.094783
1543	11.094783
1544	11.094783
1545	11.094783
1546	11.094783
1547	11.094783
1548	11.094783
1549	11.094783
1550	11.094783
1551	11.094783
1552	11.094783
1553	11.094783
1554	11.094783
1555	11.094783
1556	11.094783
1557	11.094783
1558	11.094783
1559	11.094783
1560	11.094783
1561	11.094783
1562	11.094783
1563	11.094783
1564	11.094783
1565	11.094783
1566	11.094783
1567	11.094783
1568	11.094783
1569	11.094783
1570	11.094783
1571	11.094783
1572	11.094783
1573	11.094783
1574	11.094783
1575	11.094783
1576	11.094783
1577	11.094783
1578	11.094783
1579	11.094783
1580	11.094783
1581	11.094783
1582	11.094783
1583	11.094783
1584	11.094783
1585	11.094783
1586	11.094783
1587	11.094783
1588	11.094783
1589	11.094783
1590	11.094783
1591	11.094783
1592	11.094783
1593	11.094783
1594	11.094783
1595	11.094783
1596	11.094783
1597	11.094783
1598	11.094783
1599	11.094783
1600	11.094783
1601	11.094783
1602	11.094783
1603	11.094783
1604	11.094783
1605	11.094783
1606	11.094783
1607	11.094783
1608	11.094783
1609	11.094783
1610	11.094783
1611	11.094783
1612	11.094783
1613	11.094783
1614	11.094783
1615	11.094783
1616	11.094783
1617	11.094783
1618	11.094783
1619	11.094783
1620	11.094783
1621	11.094783
1622	11.094783
1623	11.094783
1624	11.094783
1625	11.094783
1626	11.094783
1627	11.094783
1628	11.094783
1629	11.094783
1630	11.094783
1631	11.094783
1632	11.094783
1633	11.094783
1634	11.094783
1635	11.094783
1636	11.094783
1637	11.094783
1638	11.094783
1639	11.094783
1640	11.094783
1641	11.094783
1642	11.094783
1643	11.094783
1644	11.094783
1645	11.094783
1646	11.094783
1647	11.094783
1648	11.094783
1649	11.094783
1650	11.094783
1651	11.094783
1652	11.094783
1653	11.094783
1654	11.094783
1655	11.094783
1656	11.094783
1657	11.094783
1658	11.094783
1659	11.094783
1660	11.094783
1661	11.094783
1662	11.094783
1663	11.094783
1664	11.094783
1665	11.094783
1666	11.094783
1667	11.094783
1668	11.094783
1669	11.094783
1670	11.094783
1671	11.094783
1672	11.094783
1673	11.094783
1674	11.094783
1675	11.094783
1676	11.094783
1677	11.094783
1678	11.094783
1679	11.094783
1680	11.094783
1681	11.094783
1682	11.094783
1683	11.094783
1684	11.094783
1685	11.094783
1686	11.094783
1687	11.094783
1688	11.094783
1689	11.094783
1690	11.094783
1691	11.094783
1692	11.094783
1693	11.094783
1694	11.094783
1695	11.094783
1696	11.094783
1697	11.094783
1698	11.094783
1699	11.094783
1700	11.094783
1701	11.094783
1702	11.094783
1703	11.094783
1704	11.094783
1705	11.094783
1706	11.094783
1707	11.094783
1708	11.094783
1709	11.094783
1710	11.094783
1711	11.094783
1712	11.094783
1713	11.094783
1714	11.094783
1715	11.094783
1716	11.094783
1717	11.094783
1718	11.094783
1719	11.094783
1720	11.094783
1721	11.094783
1722	11.094783
1723	11.094783
1724	11.094783
1725	11.094783
1726	11.094783
1727	11.094783
1728	11.094783
1729	11.094783
1730	11.094783
1731	11.094783
1732	11.094783
1733	11.094783
1734	11.094783
1735	11.094783
1736	11.094783
1737	11.094783
1738	11.094783
1739	11.094783
1740	11.094783
1741	11.094783
1742	11.094783
1743	11.094783
1744	11.094783
1745	11.094783
1746	11.094783
1747	11.094783
1748	11.094783
1749	11.094783
1750	11.094783
1751	11.094783
1752	11.094783
1753	11.094783
1754	11.094783
1755	11.094783
1756	11.094783
1757	11.094783
1758	11.094783
1759	11.094783
1760	11.094783
1761	11.094783
1762	11.094783
1763	11.094783
1764	11.094783
1765	11.094783
1766	11.094783
1767	11.094783
1768	11.094783
1769	11.094783
1770	11.094783
1771	11.094783
1772	11.094783
1773	11.094783
1774	11.094783
1775	11.094783
1776	11.094783
1777	11.094783
1778	11.094783
1779	11.094783
1780	11.094783
1781	11.094783
1782	11.094783
1783	11.094783
1784	11.094783
1785	11.094783
1786	11.094783
1787	11.094783
1788	11.094783
1789	11.094783
1790	11.094783
1791	11.094783
1792	11.094783
1793	11.094783
1794	11.094783
1795	11.094783
1796	11.094783
1797	11.094783
1798	11.094783
1799	11.094783
1800	11.094783
1801	11.094783
1802	11.094783
1803	11.094783
1804	11.094783
1805	11.094783
1806	11.094783
1807	11.094783
1808	11.094783
1809	11.094783
1810	11.094783
1811	11.094783
1812	11.094783
1813	11.094783
1814	11.094783
1815	11.094783
1816	11.094783
1817	11.094783
1818	11.094783
1819	11.094783
1820	11.094783
1821	11.094783
1822	11.094783
1823	11.094783
1824	11.094783
1825	11.094783
1826	11.094783
1827	11.094783
1828	11.094783
1829	11.094783
1830	11.094783
1831	11.094783
1832	11.094783
1833	11.094783
1834	11.094783
1835	11.094783
1836	11.094783
1837	11.094783
1838	11.094783
1839	11.094783
1840	11.094783
1841	11.094783
1842	11.094783
1843	11.094783
1844	11.094783
1845	11.094783
1846	11.094783
1847	11.094783
1848	11.094783
1849	11.094783
1850	11.094783
1851	11.094783
1852	11.094783
1853	11.094783
1854	11.094783
1855	11.094783
1856	11.094783
1857	11.094783
1858	11.094783
1859	11.094783
1860	11.094783
1861	11.094783
1862	11.094783
1863	11.094783
1864	11.094783
1865	11.094783
1866	11.094783
1867	11.094783
1868	11.094783
1869	11.094783
1870	11.094783
1871	11.094783
1872	11.094783
1873	11.094783
1874	11.094783
1875	11.094783
1876	11.094783
1877	11.094783
1878	11.094783
1879	11.094783
1880	11.094783
1881	11.094783
1882	11.094783
1883	11.094783
1884	11.094783
1885	11.094783
1886	11.094783
1887	11.094783
1888	11.094783
1889	11.094783
1890	11.094783
1891	11.094783
1892	11.094783
1893	11.094783
1894	11.094783
1895	11.094783
1896	11.094783
1897	11.094783
1898	11.094783
1899	11.094783
1900	11.094783
1901	11.094783
1902	11.094783
1903	11.094783
1904	11.094783
1905	11.094783
1906	11.094783
1907	11.094783
1908	11.094783
1909	11.094783
1910	11.094783
1911	11.094783
1912	11.094783
1913	11.094783
1914	11.094783
1915	11.094783
1916	11.094783
1917	11.094783
1918	11.094783
1919	11.094783
1920	11.094783
1921	11.094783
1922	11.094783
1923	11.094783
1924	11.094783
1925	11.094783
1926	11.094783
1927	11.094783
1928	11.094783
1929	11.094783
1930	11.094783
1931	11.094783
1932	11.094783
1933	11.094783
1934	11.094783
1935	11.094783
1936	11.094783
1937	11.094783
1938	11.094783
1939	11.094783
1940	11.094783
1941	11.094783
1942	11.094783
1943	11.094783
1944	11.094783
1945	11.094783
1946	11.094783
1947	11.094783
1948	11.094783
1949	11.094783
1950	11.094783
1951	11.094783
1952	11.094783
1953	11.094783
1954	11.094783
1955	11.094783
1956	11.094783
1957	11.094783
1958	11.094783
1959	11.094783
1960	11.094783
1961	11.094783
1962	11.094783
1963	11.094783
1964	11.094783
1965	11.094783
1966	11.094783
1967	11.094783
1968	11.094783
1969	11.094783
1970	11.094783
1971	11.094783
1972	11.094783
1973	11.094783
1974	11.094783
1975	11.094783
1976	11.094783
1977	11.094783
1978	11.094783
1979	11.094783
1980	11.094783
1981	11.094783
1982	11.094783
1983	11.094783
1984	11.094783
1985	11.094783
1986	11.094783
1987	11.094783
1988	11.094783
1989	11.094783
1990	11.094783
1991	11.094783
1992	11.094783
1993	11.094783
1994	11.094783
1995	11.094783
1996	11.094783
1997	11.094783
1998	11.094783
1999	11.094783
2000	11.094783
2001	11.094783
2002	11.094783
2003	11.094783
2004	11.094783
2005	11.094783
2006	11.094783
2007	11.094783
2008	11.094783
2009	11.094783
2010	11.094783
2011	11.094783
2012	11.094783
2013	11.094783
2014	11.094783
2015	11.094783
2016	11.094783
2017	11.094783
2018	11.094783
2019	11.094783
2020	11.094783
2021	11.094783
2022	11.094783
2023	11.094783
2024	11.094783
2025	11.094783
2026	11.094783
2027	11.094783
2028	11.094783
2029	11.094783
2030	11.094783
2031	11.094783
2032	11.094783
2033	11.094783
2034	11.094783
2035	11.094783
2036	11.094783
2037	11.094783
2038	11.094783
2039	11.094783
2040	11.094783
2041	11.094783
2042	11.094783
2043	11.094783
2044	11.094783
2045	11.094783
2046	11.094783
2047	11.094783
2048	11.094783
2049	11.094783
2050	11.094783
2051	11.094783
2052	11.094783
2053	11.094783
2054	11.094783
2055	11.094783
2056	11.094783
2057	11.094783
2058	11.094783
2059	11.094783
2060	11.094783
2061	11.094783
2062	11.094783
2063	11.094783
2064	11.094783
2065	11.094783
2066	11.094783
2067	11.094783
2068	11.094783
2069	11.094783
2070	11.094783
2071	11.094783
2072	11.094783
2073	11.094783
2074	11.094783
2075	11.094783
2076	11.094783
2077	11.094783
2078	11.094783
2079	11.094783
2080	11.094783
2081	11.094783
2082	11.094783
2083	11.094783
2084	11.094783
2085	11.094783
2086	11.094783
2087	11.094783
2088	11.094783
2089	11.094783
2090	11.094783
2091	11.094783
2092	11.094783
2093	11.094783
2094	11.094783
2095	11.094783
2096	11.094783
2097	11.094783
2098	11.094783
2099	11.094783
2100	11.094783
2101	11.094783
2102	11.094783
2103	11.094783
2104	11.094783
2105	11.094783
2106	11.094783
2107	11.094783
2108	11.094783
2109	11.094783
2110	11.094783
2111	11.094783
2112	11.094783
2113	11.094783
2114	11.094783
2115	11.094783
2116	11.094783
2117	11.094783
2118	11.094783
2119	11.094783
2120	11.094783
2121	11.094783
2122	11.094783
2123	11.094783
2124	11.094783
2125	11.094783
2126	11.094783
2127	11.094783
2128	11.094783
2129	11.094783
2130	11.094783
2131	11.094783
2132	11.094783
2133	11.094783
2134	11.094783
2135	11.094783
2136	11.094783
2137	11.094783
2138	11.094783
2139	11.094783
2140	11.094783
2141	11.094783
2142	11.094783
2143	11.094783
2144	11.094783
2145	11.094783
2146	11.094783
2147	11.094783
2148	11.094783
2149	11.094783
2150	11.094783
2151	11.094783
2152	11.094783
2153	11.094783
2154	11.094783
2155	11.094783
2156	11.094783
2157	11.094783
2158	11.094783
2159	11.094783
2160	11.094783
2161	11.094783
2162	11.094783
2163	11.094783
2164	11.094783
2165	11.094783
2166	11.094783
2167	11.094783
2168	11.094783
2169	11.094783
2170	11.094783
2171	11.094783
2172	11.094783
2173	11.094783
2174	11.094783
2175	11.094783
2176	11.094783
2177	11.094783
2178	11.094783
2179	11.094783
2180	11.094783
2181	11.094783
2182	11.094783
2183	11.094783
2184	11.094783
2185	11.094783
2186	11.094783
2187	11.094783
2188	11.094783
2189	11.094783
2190	11.094783
2191	11.094783
2192	11.094783
2193	11.094783
2194	11.094783
2195	11.094783
2196	11.094783
2197	11.094783
2198	11.094783
2199	11.094783
2200	11.094783
2201	11.094783
2202	11.094783
2203	11.094783
2204	11.094783
2205	11.094783
2206	11.094783
2207	11.094783
2208	11.094783
2209	11.094783
2210	11.094783
2211	11.094783
2212	11.094783
2213	11.094783
2214	11.094783
2215	11.094783
2216	11.094783
2217	11.094783
2218	11.094783
2219	11.094783
2220	11.094783
2221	11.094783
2222	11.094783
2223	11.094783
2224	11.094783
2225	11.094783
2226	11.094783
2227	11.094783
2228	11.094783
2229	11.094783
2230	11.094783
2231	11.094783
2232	11.094783
2233	11.094783
2234	11.094783
2235	11.094783
2236	11.094783
2237	11.094783
2238	11.094783
2239	11.094783
2240	11.094783
2241	11.094783
2242	11.094783
2243	11.094783
2244	11.094783
2245	11.094783
2246	11.094783
2247	11.094783
2248	11.094783
2249	11.094783
2250	11.094783
2251	11.094783
2252	11.094783
2253	11.094783
2254	11.094783
2255	11.094783
2256	11.094783
2257	11.094783
2258	11.094783
2259	11.094783
2260	11.094783
2261	11.094783
2262	11.094783
2263	11.094783
2264	11.094783
2265	11.094783
2266	11.094783
2267	11.094783
2268	11.094783
2269	11.094783
2270	11.094783
2271	11.094783
2272	11.094783
2273	11.094783
2274	11.094783
2275	11.094783
2276	11.094783
2277	11.094783
2278	11.094783
2279	11.094783
2280	11.094783
2281	11.094783
2282	11.094783
2283	11.094783
2284	11.094783
2285	11.094783
2286	11.094783
2287	11.094783
2288	11.094783
2289	11.094783
2290	11.094783
2291	11.094783
2292	11.094783
2293	11.094783
2294	11.094783
2295	11.094783
2296	11.094783
2297	11.094783
2298	11.094783
2299	11.094783
2300	11.094783
2301	11.094783
2302	11.094783
2303	11.094783
2304	11.094783
2305	11.094783
2306	11.094783
2307	11.094783
2308	11.094783
2309	11.094783
2310	11.094783
2311	11.094783
2312	11.094783
2313	11.094783
2314	11.094783
2315	11.094783
2316	11.094783
2317	11.094783
2318	11.094783
2319	11.094783
2320	11.094783
2321	11.094783
2322	11.094783
2323	11.094783
2324	11.094783
2325	11.094783
2326	11.094783
2327	11.094783
2328	11.094783
2329	11.094783
2330	11.094783
2331	11.094783
2332	11.094783
2333	11.094783
2334	11.094783
2335	11.094783
2336	11.094783
2337	11.094783
2338	11.094783
2339	11.094783
2340	11.094783
2341	11.094783
2342	11.094783
2343	11.094783
2344	11.094783
2345	11.094783
2346	11.094783
2347	11.094783
2348	11.094783
2349	11.094783
2350	11.094783
2351	11.094783
2352	11.094783
2353	11.094783
2354	11.094783
2355	11.094783
2356	11.094783
2357	11.094783
2358	11.094783
2359	11.094783
2360	11.094783
2361	11.094783
2362	11.094783
2363	11.094783
2364	11.094783
2365	11.094783
2366	11.094783
2367	11.094783
2368	11.094783
2369	11.094783
2370	11.094783
2371	11.094783
2372	11.094783
2373	11.094783
2374	11.094783
2375	11.094783
2376	11.094783
2377	11.094783
2378	11.094783
2379	11.094783
2380	11.094783
2381	11.094783
2382	11.094783
2383	11.094783
2384	11.094783
2385	11.094783
2386	11.094783
2387	11.094783
2388	11.094783
2389	11.094783
2390	11.094783
2391	11.094783
2392	11.094783
2393	11.094783
2394	11.094783
2395	11.094783
2396	11.094783
2397	11.094783
2398	11.094783
2399	11.094783
2400	11.094783
2401	11.094783
2402	11.094783
2403	11.094783
2404	11.094783
2405	11.094783
2406	11.094783
2407	11.094783
2408	11.094783
2409	11.094783
2410	11.094783
2411	11.094783
2412	11.094783
2413	11.094783
2414	11.094783
2415	11.094783
2416	11.094783
2417	11.094783
2418	11.094783
2419	11.094783
2420	11.094783
2421	11.094783
2422	11.094783
2423	11.094783
2424	11.094783
2425	11.094783
2426	11.094783
2427	11.094783
2428	11.094783
2429	11.094783
2430	11.094783
2431	11.094783
2432	11.094783
2433	11.094783
2434	11.094783
2435	11.094783
2436	11.094783
2437	11.094783
2438	11.094783
2439	11.094783
2440	11.094783
2441	11.094783
2442	11.094783
2443	11.094783
2444	11.094783
2445	11.094783
2446	11.094783
2447	11.094783
2448	11.094783
2449	11.094783
2450	11.094783
2451	11.094783
2452	11.094783
2453	11.094783
2454	11.094783
2455	11.094783
2456	11.094783
2457	11.094783
2458	11.094783
2459	11.094783
2460	11.094783
2461	11.094783
2462	11.094783
2463	11.094783
2464	11.094783
2465	11.094783
2466	11.094783
2467	11.094783
2468	11.094783
2469	11.094783
2470	11.094783
2471	11.094783
2472	11.094783
2473	11.094783
2474	11.094783
2475	11.094783
2476	11.094783
2477	11.094783
2478	11.094783
2479	11.094783
2480	11.094783
2481	11.094783
2482	11.094783
2483	11.094783
2484	11.094783
2485	11.094783
2486	11.094783
2487	11.094783
2488	11.094783
2489	11.094783
2490	11.094783
2491	11.094783
2492	11.094783
2493	11.094783
2494	11.094783
2495	11.094783
2496	11.094783
2497	11.094783
2498	11.094783
2499	11.094783
2500	11.094783
2501	11.094783
2502	11.094783
2503	11.094783
2504	11.094783
2505	11.094783
2506	11.094783
2507	11.094783
2508	11.094783
2509	11.094783
2510	11.094783
2511	11.094783
2512	11.094783
2513	11.094783
2514	11.094783
2515	11.094783
2516	11.094783
2517	11.094783
2518	11.094783
2519	11.094783
2520	11.094783
2521	11.094783
2522	11.094783
2523	11.094783
2524	11.094783
2525	11.094783
2526	11.094783
2527	11.094783
2528	11.094783
2529	11.094783
2530	11.094783
2531	11.094783
2532	11.094783
2533	11.094783
2534	11.094783
2535	11.094783
2536	11.094783
2537	11.094783
2538	11.094783
2539	11.094783
2540	11.094783
2541	11.094783
2542	11.094783
2543	11.094783
2544	11.094783
2545	11.094783
2546	11.094783
2547	11.094783
2548	11.094783
2549	11.094783
2550	11.094783
2551	11.094783
2552	11.094783
2553	11.094783
2554	11.094783
2555	11.094783
2556	11.094783
2557	11.094783
2558	11.094783
2559	11.094783
2560	11.094783
2561	11.094783
2562	11.094783
2563	11.094783
2564	11.094783
2565	11.094783
2566	11.094783
2567	11.094783
2568	11.094783
2569	11.094783
2570	11.094783
2571	11.094783
2572	11.094783
2573	11.094783
2574	11.094783
2575	11.094783
2576	11.094783
2577	11.094783
2578	11.094783
2579	11.094783
2580	11.094783
2581	11.094783
2582	11.094783
2583	11.094783
2584	11.094783
2585	11.094783
2586	11.094783
2587	11.094783
2588	11.094783
2589	11.094783
2590	11.094783
2591	11.094783
2592	11.094783
2593	11.094783
2594	11.094783
2595	11.094783
2596	11.094783
2597	11.094783
2598	11.094783
2599	11.094783
2600	11.094783
2601	11.094783
2602	11.094783
2603	11.094783
2604	11.094783
2605	11.094783
2606	11.094783
2607	11.094783
2608	11.094783
2609	11.094783
2610	11.094783
2611	11.094783
2612	11.094783
2613	11.094783
2614	11.094783
2615	11.094783
2616	11.094783
2617	11.094783
2618	11.094783
2619	11.094783
2620	11.094783
2621	11.094783
2622	11.094783
2623	11.094783
2624	11.094783
2625	11.094783
2626	11.094783
2627	11.094783
2628	11.094783
2629	11.094783
2630	11.094783
2631	11.094783
2632	11.094783
2633	11.094783
2634	11.094783
2635	11.094783
2636	11.094783
2637	11.094783
2638	11.094783
2639	11.094783
2640	11.094783
2641	11.094783
2642	11.094783
2643	11.094783
2644	11.094783
2645	11.094783
2646	11.094783
2647	11.094783
2648	11.094783
2649	11.094783
2650	11.094783
2651	11.094783
2652	11.094783
2653	11.094783
2654	11.094783
2655	11.094783
2656	11.094783
2657	11.094783
2658	11.094783
2659	11.094783
2660	11.094783
2661	11.094783
2662	11.094783
2663	11.094783
2664	11.094783
2665	11.094783
2666	11.094783
2667	11.094783
2668	11.094783
2669	11.094783
2670	11.094783
2671	11.094783
2672	11.094783
2673	11.094783
2674	11.094783
2675	11.094783
2676	11.094783
2677	11.094783
2678	11.094783
2679	11.094783
2680	11.094783
2681	11.094783
2682	11.094783
2683	11.094783
2684	11.094783
2685	11.094783
2686	11.094783
2687	11.094783
2688	11.094783
2689	11.094783
2690	11.094783
2691	11.094783
2692	11.094783
2693	11.094783
2694	11.094783
2695	11.094783
2696	11.094783
2697	11.094783
2698	11.094783
2699	11.094783
2700	11.094783
2701	11.094783
2702	11.094783
2703	11.094783
2704	11.094783
2705	11.094783
2706	11.094783
2707	11.094783
2708	11.094783
2709	11.094783
2710	11.094783
2711	11.094783
2712	11.094783
2713	11.094783
2714	11.094783
2715	11.094783
2716	11.094783
2717	11.094783
2718	11.094783
2719	11.094783
2720	11.094783
2721	11.094783
2722	11.094783
2723	11.094783
2724	11.094783
2725	11.094783
2726	11.094783
2727	11.094783
2728	11.094783
2729	11.094783
2730	11.094783
2731	11.094783
2732	11.094783
2733	11.094783
2734	11.094783
2735	11.094783
2736	11.094783
2737	11.094783
2738	11.094783
2739	11.094783
2740	11.094783
2741	11.094783
2742	11.094783
2743	11.094783
2744	11.094783
2745	11.094783
2746	11.094783
2747	11.094783
2748	11.094783
2749	11.094783
2750	11.094783
2751	11.094783
2752	11.094783
2753	11.094783
2754	11.094783
2755	11.094783
2756	11.094783
2757	11.094783
2758	11.094783
2759	11.094783
2760	11.094783
2761	11.094783
2762	11.094783
2763	11.094783
2764	11.094783
2765	11.094783
2766	11.094783
2767	11.094783
2768	11.094783
2769	11.094783
2770	11.094783
2771	11.094783
2772	11.094783
2773	11.094783
2774	11.094783
2775	11.094783
2776	11.094783
2777	11.094783
2778	11.094783
2779	11.094783
2780	11.094783
2781	11.094783
2782	11.094783
2783	11.094783
2784	11.094783
2785	11.094783
2786	11.094783
2787	11.094783
2788	11.094783
2789	11.094783
2790	11.094783
2791	11.094783
2792	11.094783
2793	11.094783
2794	11.094783
2795	11.094783
2796	11.094783
2797	11.094783
2798	11.094783
2799	11.094783
2800	11.094783
2801	11.094783
2802	11.094783
2803	11.094783
2804	11.094783
2805	11.094783
2806	11.094783
2807	11.094783
2808	11.094783
2809	11.094783
2810	11.094783
2811	11.094783
2812	11.094783
2813	11.094783
2814	11.094783
2815	11.094783
2816	11.094783
2817	11.094783
2818	11.094783
2819	11.094783
2820	11.094783
2821	11.094783
2822	11.094783
2823	11.094783
2824	11.094783
2825	11.094783
2826	11.094783
2827	11.094783
2828	11.094783
2829	11.094783
2830	11.094783
2831	11.094783
2832	11.094783
2833	11.094783
2834	11.094783
2835	11.094783
2836	11.094783
2837	11.094783
2838	11.094783
2839	11.094783
2840	11.094783
2841	11.094783
2842	11.094783
2843	11.094783
2844	11.094783
2845	11.094783
2846	11.094783
2847	11.094783
2848	11.094783
2849	11.094783
2850	11.094783
2851	11.094783
2852	11.094783
2853	11.094783
2854	11.094783
2855	11.094783
2856	11.094783
2857	11.094783
2858	11.094783
2859	11.094783
2860	11.094783
2861	11.094783
2862	11.094783
2863	11.094783
2864	11.094783
2865	11.094783
2866	11.094783
2867	11.094783
2868	11.094783
2869	11.094783
2870	11.094783
2871	11.094783
2872	11.094783
2873	11.094783
2874	11.094783
2875	11.094783
2876	11.094783
2877	11.094783
2878	11.094783
2879	11.094783
2880	11.094783
2881	11.094783
2882	11.094783
2883	11.094783
2884	11.094783
2885	11.094783
2886	11.094783
2887	11.094783
2888	11.094783
2889	11.094783
2890	11.094783
2891	11.094783
2892	11.094783
2893	11.094783
2894	11.094783
2895	11.094783
2896	11.094783
2897	11.094783
2898	11.094783
2899	11.094783
2900	11.094783
2901	11.094783
2902	11.094783
2903	11.094783
2904	11.094783
2905	11.094783
2906	11.094783
2907	11.094783
2908	11.094783
2909	11.094783
2910	11.094783
2911	11.094783
2912	11.094783
2913	11.094783
2914	11.094783
2915	11.094783
2916	11.094783
2917	11.094783
2918	11.094783
2919	11.094783
2920	11.094783
2921	11.094783
2922	11.094783
2923	11.094783
2924	11.094783
2925	11.094783
2926	11.094783
2927	11.094783
2928	11.094783
2929	11.094783
2930	11.094783
2931	11.094783
2932	11.094783
2933	11.094783
2934	11.094783
2935	11.094783
2936	11.094783
2937	11.094783
2938	11.094783
2939	11.094783
2940	11.094783
2941	11.094783
2942	11.094783
2943	11.094783
2944	11.094783
2945	11.094783
2946	11.094783
2947	11.094783
2948	11.094783
2949	11.094783
2950	11.094783
2951	11.094783
2952	11.094783
2953	11.094783
2954	11.094783
2955	11.094783
2956	11.094783
2957	11.094783
2958	11.094783
2959	11.094783
2960	11.094783
2961	11.094783
2962	11.094783
2963	11.094783
2964	11.094783
2965	11.094783
2966	11.094783
2967	11.094783
2968	11.094783
2969	11.094783
2970	11.094783
2971	11.094783
2972	11.094783
2973	11.094783
2974	11.094783
2975	11.094783
2976	11.094783
2977	11.094783
2978	11.094783
2979	11.094783
2980	11.094783
2981	11.094783
2982	11.094783
2983	11.094783
2984	11.094783
2985	11.094783
2986	11.094783
2987	11.094783
2988	11.094783
2989	11.094783
2990	11.094783
2991	11.094783
2992	11.094783
2993	11.094783
2994	11.094783
2995	11.094783
2996	11.094783
2997	11.094783
2998	11.094783
2999	11.094783
3000	11.094783
3001	11.094783
3002	11.094783
3003	11.094783
3004	11.094783
3005	11.094783
3006	11.094783
3007	11.094783
3008	11.094783
3009	11.094783
3010	11.094783
3011	11.094783
3012	11.094783
3013	11.094783
3014	11.094783
3015	11.094783
3016	11.094783
3017	11.094783
3018	11.094783
3019	11.094783
3020	11.094783
3021	11.094783
3022	11.094783
3023	11.094783
3024	11.094783
3025	11.094783
3026	11.094783
3027	11.094783
3028	11.094783
3029	11.094783
3030	11.094783
3031	11.094783
3032	11.094783
3033	11.094783
3034	11.094783
3035	11.094783
3036	11.094783
3037	11.094783
3038	11.094783
3039	11.094783
3040	11.094783
3041	11.094783
3042	11.094783
3043	11.094783
3044	11.094783
3045	11.094783
3046	11.094783
3047	11.094783
3048	11.094783
3049	11.094783
3050	11.094783
3051	11.094783
3052	11.094783
3053	11.094783
3054	11.094783
3055	11.094783
3056	11.094783
3057	11.094783
3058	11.094783
3059	11.094783
3060	11.094783
3061	11.094783
3062	11.094783
3063	11.094783
3064	11.094783
3065	11.094783
3066	11.094783
3067	11.094783
3068	11.094783
3069	11.094783
3070	11.094783
3071	11.094783
3072	11.094783
3073	11.094783
3074	11.094783
3075	11.094783
3076	11.094783
3077	11.094783
3078	11.094783
3079	11.094783
3080	11.094783
3081	11.094783
3082	11.094783
3083	11.094783
3084	11.094783
3085	11.094783
3086	11.094783
3087	11.094783
3088	11.094783
3089	11.094783
3090	11.094783
3091	11.094783
3092	11.094783
3093	11.094783
3094	11.094783
3095	11.094783
3096	11.094783
3097	11.094783
3098	11.094783
3099	11.094783
3100	11.094783
3101	11.094783
3102	11.094783
3103	11.094783
3104	11.094783
3105	11.094783
3106	11.094783
3107	11.094783
3108	11.094783
3109	11.094783
3110	11.094783
3111	11.094783
3112	11.094783
3113	11.094783
3114	11.094783
3115	11.094783
3116	11.094783
3117	11.094783
3118	11.094783
3119	11.094783
3120	11.094783
3121	11.094783
3122	11.094783
3123	11.094783
3124	11.094783
3125	11.094783
3126	11.094783
3127	11.094783
3128	11.094783
3129	11.094783
3130	11.094783
3131	11.094783
3132	11.094783
3133	11.094783
3134	11.094783
3135	11.094783
3136	11.094783
3137	11.094783
3138	11.094783
3139	11.094783
3140	11.094783
3141	11.094783
3142	11.094783
3143	11.094783
3144	11.094783
3145	11.094783
3146	11.094783
3147	11.094783
3148	11.094783
3149	11.094783
3150	11.094783
3151	11.094783
3152	11.094783
3153	11.094783
3154	11.094783
3155	11.094783
3156	11.094783
3157	11.094783
3158	11.094783
3159	11.094783
3160	11.094783
3161	11.094783
3162	11.094783
3163	11.094783
3164	11.094783
3165	11.094783
3166	11.094783
3167	11.094783
3168	11.094783
3169	11.094783
3170	11.094783
3171	11.094783
3172	11.094783
3173	11.094783
3174	11.094783
3175	11.094783
3176	11.094783
3177	11.094783
3178	11.094783
3179	11.094783
3180	11.094783
3181	11.094783
3182	11.094783
3183	11.094783
3184	11.094783
3185	11.094783
3186	11.094783
3187	11.094783
3188	11.094783
3189	11.094783
3190	11.094783
3191	11.094783
3192	11.094783
3193	11.094783
3194	11.094783
3195	11.094783
3196	11.094783
3197	11.094783
3198	11.094783
3199	11.094783
3200	11.094783
3201	11.094783
3202	11.094783
3203	11.094783
3204	11.094783
3205	11.094783
3206	11.094783
3207	11.094783
3208	11.094783
3209	11.094783
3210	11.094783
3211	11.094783
3212	11.094783
3213	11.094783
3214	11.094783
3215	11.094783
3216	11.094783
3217	11.094783
3218	11.094783
3219	11.094783
3220	11.094783
3221	11.094783
3222	11.094783
3223	11.094783
3224	11.094783
3225	11.094783
3226	11.094783
3227	11.094783
3228	11.094783
3229	11.094783
3230	11.094783
3231	11.094783
3232	11.094783
3233	11.094783
3234	11.094783
3235	11.094783
3236	11.094783
3237	11.094783
3238	11.094783
3239	11.094783
3240	11.094783
3241	11.094783
3242	11.094783
3243	11.094783
3244	11.094783
3245	11.094783
3246	11.094783
3247	11.094783
3248	11.094783
3249	11.094783
3250	11.094783
3251	11.094783
3252	11.094783
3253	11.094783
3254	11.094783
3255	11.094783
3256	11.094783
3257	11.094783
3258	11.094783
3259	11.094783
3260	11.094783
3261	11.094783
3262	11.094783
3263	11.094783
3264	11.094783
3265	11.094783
3266	11.094783
3267	11.094783
3268	11.094783
3269	11.094783
3270	11.094783
3271	11.094783
3272	11.094783
3273	11.094783
3274	11.094783
3275	11.094783
3276	11.094783
3277	11.094783
3278	11.094783
3279	11.094783
3280	11.094783
3281	11.094783
3282	11.094783
3283	11.094783
3284	11.094783
3285	11.094783
3286	11.094783
3287	11.094783
3288	11.094783
3289	11.094783
3290	11.094783
3291	11.094783
3292	11.094783
3293	11.094783
3294	11.094783
3295	11.094783
3296	11.094783
3297	11.094783
3298	11.094783
3299	11.094783
3300	11.094783
3301	11.094783
3302	11.094783
3303	11.094783
3304	11.094783
3305	11.094783
3306	11.094783
3307	11.094783
3308	11.094783
3309	11.094783
3310	11.094783
3311	11.094783
3312	11.094783
3313	11.094783
3314	11.094783
3315	11.094783
3316	11.094783
3317	11.094783
3318	11.094783
3319	11.094783
3320	11.094783
3321	11.094783
3322	11.094783
3323	11.094783
3324	11.094783
3325	11.094783
3326	11.094783
3327	11.094783
3328	11.094783
3329	11.094783
3330	11.094783
3331	11.094783
3332	11.094783
3333	11.094783
3334	11.094783
3335	11.094783
3336	11.094783
3337	11.094783
3338	11.094783
3339	11.094783
3340	11.094783
3341	11.094783
3342	11.094783
3343	11.094783
3344	11.094783
3345	11.094783
3346	11.094783
3347	11.094783
3348	11.094783
3349	11.094783
3350	11.094783
3351	11.094783
3352	11.094783
3353	11.094783
3354	11.094783
3355	11.094783
3356	11.094783
3357	11.094783
3358	11.094783
3359	11.094783
3360	11.094783
3361	11.094783
3362	11.094783
3363	11.094783
3364	11.094783
3365	11.094783
3366	11.094783
3367	11.094783
3368	11.094783
3369	11.094783
3370	11.094783
3371	11.094783
3372	11.094783
3373	11.094783
3374	11.094783
3375	11.094783
3376	11.094783
3377	11.094783
3378	11.094783
3379	11.094783
3380	11.094783
3381	11.094783
3382	11.094783
3383	11.094783
3384	11.094783
3385	11.094783
3386	11.094783
3387	11.094783
3388	11.094783
3389	11.094783
3390	11.094783
3391	11.094783
3392	11.094783
3393	11.094783
3394	11.094783
3395	11.094783
3396	11.094783
3397	11.094783
3398	11.094783
3399	11.094783
3400	11.094783
3401	11.094783
3402	11.094783
3403	11.094783
3404	11.094783
3405	11.094783
3406	11.094783
3407	11.094783
3408	11.094783
3409	11.094783
3410	11.094783
3411	11.094783
3412	11.094783
3413	11.094783
3414	11.094783
3415	11.094783
3416	11.094783
3417	11.094783
3418	11.094783
3419	11.094783
3420	11.094783
3421	11.094783
3422	11.094783
3423	11.094783
3424	11.094783
3425	11.094783
3426	11.094783
3427	11.094783
3428	11.094783
3429	11.094783
3430	11.094783
3431	11.094783
3432	11.094783
3433	11.094783
3434	11.094783
3435	11.094783
3436	11.094783
3437	11.094783
3438	11.094783
3439	11.094783
3440	11.094783
3441	11.094783
3442	11.094783
3443	11.094783
3444	11.094783
3445	11.094783
3446	11.094783
3447	11.094783
3448	11.094783
3449	11.094783
3450	11.094783
3451	11.094783
3452	11.094783
3453	11.094783
3454	11.094783
3455	11.094783
3456	11.094783
3457	11.094783
3458	11.094783
3459	11.094783
3460	11.094783
3461	11.094783
3462	11.094783
3463	11.094783
3464	11.094783
3465	11.094783
3466	11.094783
3467	11.094783
3468	11.094783
3469	11.094783
3470	11.094783
3471	11.094783
3472	11.094783
3473	11.094783
3474	11.094783
3475	11.094783
3476	11.094783
3477	11.094783
3478	11.094783
3479	11.094783
3480	11.094783
3481	11.094783
3482	11.094783
3483	11.094783
3484	11.094783
3485	11.094783
3486	11.094783
3487	11.094783
3488	11.094783
3489	11.094783
3490	11.094783
3491	11.094783
3492	11.094783
3493	11.094783
3494	11.094783
3495	11.094783
3496	11.094783
3497	11.094783
3498	11.094783
3499	11.094783
3500	11.094783
3501	11.094783
3502	11.094783
3503	11.094783
3504	11.094783
3505	11.094783
3506	11.094783
3507	11.094783
3508	11.094783
3509	11.094783
3510	11.094783
3511	11.094783
3512	11.094783
3513	11.094783
3514	11.094783
3515	11.094783
3516	11.094783
3517	11.094783
3518	11.094783
3519	11.094783
3520	11.094783
3521	11.094783
3522	11.094783
3523	11.094783
3524	11.094783
3525	11.094783
3526	11.094783
3527	11.094783
3528	11.094783
3529	11.094783
3530	11.094783
3531	11.094783
3532	11.094783
3533	11.094783
3534	11.094783
3535	11.094783
3536	11.094783
3537	11.094783
3538	11.094783
3539	11.094783
3540	11.094783
3541	11.094783
3542	11.094783
3543	11.094783
3544	11.094783
3545	11.094783
3546	11.094783
3547	11.094783
3548	11.094783
3549	11.094783
3550	11.094783
3551	11.094783
3552	11.094783
3553	11.094783
3554	11.094783
3555	11.094783
3556	11.094783
3557	11.094783
3558	11.094783
3559	11.094783
3560	11.094783
3561	11.094783
3562	11.094783
3563	11.094783
3564	11.094783
3565	11.094783
3566	11.094783
3567	11.094783
3568	11.094783
3569	11.094783
3570	11.094783
3571	11.094783
3572	11.094783
3573	11.094783
3574	11.094783
3575	11.094783
3576	11.094783
3577	11.094783
3578	11.094783
3579	11.094783
3580	11.094783
3581	11.094783
3582	11.094783
3583	11.094783
3584	11.094783
3585	11.094783
3586	11.094783
3587	11.094783
3588	11.094783
3589	11.094783
3590	11.094783
3591	11.094783
3592	11.094783
3593	11.094783
3594	11.094783
3595	11.094783
3596	11.094783
3597	11.094783
3598	11.094783
3599	11.094783
3600	11.094783
3601	11.094783
3602	11.094783
3603	11.094783
3604	11.094783
3605	11.094783
3606	11.094783
3607	11.094783
3608	11.094783
3609	11.094783
3610	11.094783
3611	11.094783
3612	11.094783
3613	11.094783
3614	11.094783
3615	11.094783
3616	11.094783
3617	11.094783
3618	11.094783
3619	11.094783
3620	11.094783
3621	11.094783
3622	11.094783
3623	11.094783
3624	11.094783
3625	11.094783
3626	11.094783
3627	11.094783
3628	11.094783
3629	11.094783
3630	11.094783
3631	11.094783
3632	11.094783
3633	11.094783
3634	11.094783
3635	11.094783
3636	11.094783
3637	11.094783
3638	11.094783
3639	11.094783
3640	11.094783
3641	11.094783
3642	11.094783
3643	11.094783
3644	11.094783
3645	11.094783
3646	11.094783
3647	11.094783
3648	11.094783
3649	11.094783
3650	11.094783
3651	11.094783
3652	11.094783
3653	11.094783
3654	11.094783
3655	11.094783
3656	11.094783
3657	11.094783
3658	11.094783
3659	11.094783
3660	11.094783
3661	11.094783
3662	11.094783
3663	11.094783
3664	11.094783
3665	11.094783
3666	11.094783
3667	11.094783
3668	11.094783
3669	11.094783
3670	11.094783
3671	11.094783
3672	11.094783
3673	11.094783
3674	11.094783
3675	11.094783
3676	11.094783
3677	11.094783
3678	11.094783
3679	11.094783
3680	11.094783
3681	11.094783
3682	11.094783
3683	11.094783
3684	11.094783
3685	11.094783
3686	11.094783
3687	11.094783
3688	11.094783
3689	11.094783
3690	11.094783
3691	11.094783
3692	11.094783
3693	11.094783
3694	11.094783
3695	11.094783
3696	11.094783
3697	11.094783
3698	11.094783
3699	11.094783
3700	11.094783
3701	11.094783
3702	11.094783
3703	11.094783
3704	11.094783
3705	11.094783
3706	11.094783
3707	11.094783
3708	11.094783
3709	11.094783
3710	11.094783
3711	11.094783
3712	11.094783
3713	11.094783
3714	11.094783
3715	11.094783
3716	11.094783
3717	11.094783
3718	11.094783
3719	11.094783
3720	11.094783
3721	11.094783
3722	11.094783
3723	11.094783
3724	11.094783
3725	11.094783
3726	11.094783
3727	11.094783
3728	11.094783
3729	11.094783
3730	11.094783
3731	11.094783
3732	11.094783
3733	11.094783
3734	11.094783
3735	11.094783
3736	11.094783
3737	11.094783
3738	11.094783
3739	11.094783
3740	11.094783
3741	11.094783
3742	11.094783
3743	11.094783
3744	11.094783
3745	11.094783
3746	11.094783
3747	11.094783
3748	11.094783
3749	11.094783
3750	11.094783
3751	11.094783
3752	11.094783
3753	11.094783
3754	11.094783
3755	11.094783
3756	11.094783
3757	11.094783
3758	11.094783
3759	11.094783
3760	11.094783
3761	11.094783
3762	11.094783
3763	11.094783
3764	11.094783
3765	11.094783
3766	11.094783
3767	11.094783
3768	11.094783
3769	11.094783
3770	11.094783
3771	11.094783
3772	11.094783
3773	11.094783
3774	11.094783
3775	11.094783
3776	11.094783
3777	11.094783
3778	11.094783
3779	11.094783
3780	11.094783
3781	11.094783
3782	11.094783
3783	11.094783
3784	11.094783
3785	11.094783
3786	11.094783
3787	11.094783
3788	11.094783
3789	11.094783
3790	11.094783
3791	11.094783
3792	11.094783
3793	11.094783
3794	11.094783
3795	11.094783
3796	11.094783
3797	11.094783
3798	11.094783
3799	11.094783
3800	11.094783
3801	11.094783
3802	11.094783
3803	11.094783
3804	11.094783
3805	11.094783
3806	11.094783
3807	11.094783
3808	11.094783
3809	11.094783
3810	11.094783
3811	11.094783
3812	11.094783
3813	11.094783
3814	11.094783
3815	11.094783
3816	11.094783
3817	11.094783
3818	11.094783
3819	11.094783
3820	11.094783
3821	11.094783
3822	11.094783
3823	11.094783
3824	11.094783
3825	11.094783
3826	11.094783
3827	11.094783
3828	11.094783
3829	11.094783
3830	11.094783
3831	11.094783
3832	11.094783
3833	11.094783
3834	11.094783
3835	11.094783
3836	11.094783
3837	11.094783
3838	11.094783
3839	11.094783
3840	11.094783
3841	11.094783
3842	11.094783
3843	11.094783
3844	11.094783
3845	11.094783
3846	11.094783
3847	11.094783
3848	11.094783
3849	11.094783
3850	11.094783
3851	11.094783
3852	11.094783
3853	11.094783
3854	11.094783
3855	11.094783
3856	11.094783
3857	11.094783
3858	11.094783
3859	11.094783
3860	11.094783
3861	11.094783
3862	11.094783
3863	11.094783
3864	11.094783
3865	11.094783
3866	11.094783
3867	11.094783
3868	11.094783
3869	11.094783
3870	11.094783
3871	11.094783
3872	11.094783
3873	11.094783
3874	11.094783
3875	11.094783
3876	11.094783
3877	11.094783
3878	11.094783
3879	11.094783
3880	11.094783
3881	11.094783
3882	11.094783
3883	11.094783
3884	11.094783
3885	11.094783
3886	11.094783
3887	11.094783
3888	11.094783
3889	11.094783
3890	11.094783
3891	11.094783
3892	11.094783
3893	11.094783
3894	11.094783
3895	11.094783
3896	11.094783
3897	11.094783
3898	11.094783
3899	11.094783
3900	11.094783
3901	11.094783
3902	11.094783
3903	11.094783
3904	11.094783
3905	11.094783
3906	11.094783
3907	11.094783
3908	11.094783
3909	11.094783
3910	11.094783
3911	11.094783
3912	11.094783
3913	11.094783
3914	11.094783
3915	11.094783
3916	11.094783
3917	11.094783
3918	11.094783
3919	11.094783
3920	11.094783
3921	11.094783
3922	11.094783
3923	11.094783
3924	11.094783
3925	11.094783
3926	11.094783
3927	11.094783
3928	11.094783
3929	11.094783
3930	11.094783
3931	11.094783
3932	11.094783
3933	11.094783
3934	11.094783
3935	11.094783
3936	11.094783
3937	11.094783
3938	11.094783
3939	11.094783
3940	11.094783
3941	11.094783
3942	11.094783
3943	11.094783
3944	11.094783
3945	11.094783
3946	11.094783
3947	11.094783
3948	11.094783
3949	11.094783
3950	11.094783
3951	11.094783
3952	11.094783
3953	11.094783
3954	11.094783
3955	11.094783
3956	11.094783
3957	11.094783
3958	11.094783
3959	11.094783
3960	11.094783
3961	11.094783
3962	11.094783
3963	11.094783
3964	11.094783
3965	11.094783
3966	11.094783
3967	11.094783
3968	11.094783
3969	11.094783
3970	11.094783
3971	11.094783
3972	11.094783
3973	11.094783
3974	11.094783
3975	11.094783
3976	11.094783
3977	11.094783
3978	11.094783
3979	11.094783
3980	11.094783
3981	11.094783
3982	11.094783
3983	11.094783
3984	11.094783
3985	11.094783
3986	11.094783
3987	11.094783
3988	11.094783
3989	11.094783
3990	11.094783
3991	11.094783
3992	11.094783
3993	11.094783
3994	11.094783
3995	11.094783
3996	11.094783
3997	11.094783
3998	11.094783
3999	11.094783
4000	11.094783
4001	11.094783
4002	11.094783
4003	11.094783
4004	11.094783
4005	11.094783
4006	11.094783
4007	11.094783
4008	11.094783
4009	11.094783
4010	11.094783
4011	11.094783
4012	11.094783
4013	11.094783
4014	11.094783
4015	11.094783
4016	11.094783
4017	11.094783
4018	11.094783
4019	11.094783
4020	11.094783
4021	11.094783
4022	11.094783
4023	11.094783
4024	11.094783
4025	11.094783
4026	11.094783
4027	11.094783
4028	11.094783
4029	11.094783
4030	11.094783
4031	11.094783
4032	11.094783
4033	11.094783
4034	11.094783
4035	11.094783
4036	11.094783
4037	11.094783
4038	11.094783
4039	11.094783
4040	11.094783
4041	11.094783
4042	11.094783
4043	11.094783
4044	11.094783
4045	11.094783
4046	11.094783
4047	11.094783
4048	11.094783
4049	11.094783
4050	11.094783
4051	11.094783
4052	11.094783
4053	11.094783
4054	11.094783
4055	11.094783
4056	11.094783
4057	11.094783
4058	11.094783
4059	11.094783
4060	11.094783
4061	11.094783
4062	11.094783
4063	11.094783
4064	11.094783
4065	11.094783
4066	11.094783
4067	11.094783
4068	11.094783
4069	11.094783
4070	11.094783
4071	11.094783
4072	11.094783
4073	11.094783
4074	11.094783
4075	11.094783
4076	11.094783
4077	11.094783
4078	11.094783
4079	11.094783
4080	11.094783
4081	11.094783
4082	11.094783
4083	11.094783
4084	11.094783
4085	11.094783
4086	11.094783
4087	11.094783
4088	11.094783
4089	11.094783
4090	11.094783
4091	11.094783
4092	11.094783
4093	11.094783
4094	11.094783
4095	11.094783
4096	11.094783
4097	11.094783
4098	11.094783
4099	11.094783
4100	11.094783
4101	11.094783
4102	11.094783
4103	11.094783
4104	11.094783
4105	11.094783
4106	11.094783
4107	11.094783
4108	11.094783
4109	11.094783
4110	11.094783
4111	11.094783
4112	11.094783
4113	11.094783
4114	11.094783
4115	11.094783
4116	11.094783
4117	11.094783
4118	11.094783
4119	11.094783
4120	11.094783
4121	11.094783
4122	11.094783
4123	11.094783
4124	11.094783
4125	11.094783
4126	11.094783
4127	11.094783
4128	11.094783
4129	11.094783
4130	11.094783
4131	11.094783
4132	11.094783
4133	11.094783
4134	11.094783
4135	11.094783
4136	11.094783
4137	11.094783
4138	11.094783
4139	11.094783
4140	11.094783
4141	11.094783
4142	11.094783
4143	11.094783
4144	11.094783
4145	11.094783
4146	11.094783
4147	11.094783
4148	11.094783
4149	11.094783
4150	11.094783
4151	11.094783
4152	11.094783
4153	11.094783
4154	11.094783
4155	11.094783
4156	11.094783
4157	11.094783
4158	11.094783
4159	11.094783
4160	11.094783
4161	11.094783
4162	11.094783
4163	11.094783
4164	11.094783
4165	11.094783
4166	11.094783
4167	11.094783
4168	11.094783
4169	11.094783
4170	11.094783
4171	11.094783
4172	11.094783
4173	11.094783
4174	11.094783
4175	11.094783
4176	11.094783
4177	11.094783
4178	11.094783
4179	11.094783
4180	11.094783
4181	11.094783
4182	11.094783
4183	11.094783
4184	11.094783
4185	11.094783
4186	11.094783
4187	11.094783
4188	11.094783
4189	11.094783
4190	11.094783
4191	11.094783
4192	11.094783
4193	11.094783
4194	11.094783
4195	11.094783
4196	11.094783
4197	11.094783
4198	11.094783
4199	11.094783
4200	11.094783
4201	11.094783
4202	11.094783
4203	11.094783
4204	11.094783
4205	11.094783
4206	11.094783
4207	11.094783
4208	11.094783
4209	11.094783
4210	11.094783
4211	11.094783
4212	11.094783
4213	11.094783
4214	11.094783
4215	11.094783
4216	11.094783
4217	11.094783
4218	11.094783
4219	11.094783
4220	11.094783
4221	11.094783
4222	11.094783
4223	11.094783
4224	11.094783
4225	11.094783
4226	11.094783
4227	11.094783
4228	11.094783
4229	11.094783
4230	11.094783
4231	11.094783
4232	11.094783
4233	11.094783
4234	11.094783
4235	11.094783
4236	11.094783
4237	11.094783
4238	11.094783
4239	11.094783
4240	11.094783
4241	11.094783
4242	11.094783
4243	11.094783
4244	11.094783
4245	11.094783
4246	11.094783
4247	11.094783
4248	11.094783
4249	11.094783
4250	11.094783
4251	11.094783
4252	11.094783
4253	11.094783
4254	11.094783
4255	11.094783
4256	11.094783
4257	11.094783
4258	11.094783
4259	11.094783
4260	11.094783
4261	11.094783
4262	11.094783
4263	11.094783
4264	11.094783
4265	11.094783
4266	11.094783
4267	11.094783
4268	11.094783
4269	11.094783
4270	11.094783
4271	11.094783
4272	11.094783
4273	11.094783
4274	11.094783
4275	11.094783
4276	11.094783
4277	11.094783
4278	11.094783
4279	11.094783
4280	11.094783
4281	11.094783
4282	11.094783
4283	11.094783
4284	11.094783
4285	11.094783
4286	11.094783
4287	11.094783
4288	11.094783
4289	11.094783
4290	11.094783
4291	11.094783
4292	11.094783
4293	11.094783
4294	11.094783
4295	11.094783
4296	11.094783
4297	11.094783
4298	11.094783
4299	11.094783
4300	11.094783
4301	11.094783
4302	11.094783
4303	11.094783
4304	11.094783
4305	11.094783
4306	11.094783
4307	11.094783
4308	11.094783
4309	11.094783
4310	11.094783
4311	11.094783
4312	11.094783
4313	11.094783
4314	11.094783
4315	11.094783
4316	11.094783
4317	11.094783
4318	11.094783
4319	11.094783
4320	11.094783
4321	11.094783
4322	11.094783
4323	11.094783
4324	11.094783
4325	11.094783
4326	11.094783
4327	11.094783
4328	11.094783
4329	11.094783
4330	11.094783
4331	11.094783
4332	11.094783
4333	11.094783
4334	11.094783
4335	11.094783
4336	11.094783
4337	11.094783
4338	11.094783
4339	11.094783
4340	11.094783
4341	11.094783
4342	11.094783
4343	11.094783
4344	11.094783
4345	11.094783
4346	11.094783
4347	11.094783
4348	11.094783
4349	11.094783
4350	11.094783
4351	11.094783
4352	11.094783
4353	11.094783
4354	11.094783
4355	11.094783
4356	11.094783
4357	11.094783
4358	11.094783
4359	11.094783
4360	11.094783
4361	11.094783
4362	11.094783
4363	11.094783
4364	11.094783
4365	11.094783
4366	11.094783
4367	11.094783
4368	11.094783
4369	11.094783
4370	11.094783
4371	11.094783
4372	11.094783
4373	11.094783
4374	11.094783
4375	11.094783
4376	11.094783
4377	11.094783
4378	11.094783
4379	11.094783
4380	11.094783
4381	11.094783
4382	11.094783
4383	11.094783
4384	11.094783
4385	11.094783
4386	11.094783
4387	11.094783
4388	11.094783
4389	11.094783
4390	11.094783
4391	11.094783
4392	11.094783
4393	11.094783
4394	11.094783
4395	11.094783
4396	11.094783
4397	11.094783
4398	11.094783
4399	11.094783
4400	11.094783
4401	11.094783
4402	11.094783
4403	11.094783
4404	11.094783
4405	11.094783
4406	11.094783
4407	11.094783
4408	11.094783
4409	11.094783
4410	11.094783
4411	11.094783
4412	11.094783
4413	11.094783
4414	11.094783
4415	11.094783
4416	11.094783
4417	11.094783
4418	11.094783
4419	11.094783
4420	11.094783
4421	11.094783
4422	11.094783
4423	11.094783
4424	11.094783
4425	11.094783
4426	11.094783
4427	11.094783
4428	11.094783
4429	11.094783
4430	11.094783
4431	11.094783
4432	11.094783
4433	11.094783
4434	11.094783
4435	11.094783
4436	11.094783
4437	11.094783
4438	11.094783
4439	11.094783
4440	11.094783
4441	11.094783
4442	11.094783
4443	11.094783
4444	11.094783
4445	11.094783
4446	11.094783
4447	11.094783
4448	11.094783
4449	11.094783
4450	11.094783
4451	11.094783
4452	11.094783
4453	11.094783
4454	11.094783
4455	11.094783
4456	11.094783
4457	11.094783
4458	11.094783
4459	11.094783
4460	11.094783
4461	11.094783
4462	11.094783
4463	11.094783
4464	11.094783
4465	11.094783
4466	11.094783
4467	11.094783
4468	11.094783
4469	11.094783
4470	11.094783
4471	11.094783
4472	11.094783
4473	11.094783
4474	11.094783
4475	11.094783
4476	11.094783
4477	11.094783
4478	11.094783
4479	11.094783
4480	11.094783
4481	11.094783
4482	11.094783
4483	11.094783
4484	11.094783
4485	11.094783
4486	11.094783
4487	11.094783
4488	11.094783
4489	11.094783
4490	11.094783
4491	11.094783
4492	11.094783
4493	11.094783
4494	11.094783
4495	11.094783
4496	11.094783
4497	11.094783
4498	11.094783
4499	11.094783
4500	11.094783
4501	11.094783
4502	11.094783
4503	11.094783
4504	11.094783
4505	11.094783
4506	11.094783
4507	11.094783
4508	11.094783
4509	11.094783
4510	11.094783
4511	11.094783
4512	11.094783
4513	11.094783
4514	11.094783
4515	11.094783
4516	11.094783
4517	11.094783
4518	11.094783
4519	11.094783
4520	11.094783
4521	11.094783
4522	11.094783
4523	11.094783
4524	11.094783
4525	11.094783
4526	11.094783
4527	11.094783
4528	11.094783
4529	11.094783
4530	11.094783
4531	11.094783
4532	11.094783
4533	11.094783
4534	11.094783
4535	11.094783
4536	11.094783
4537	11.094783
4538	11.094783
4539	11.094783
4540	11.094783
4541	11.094783
4542	11.094783
4543	11.094783
4544	11.094783
4545	11.094783
4546	11.094783
4547	11.094783
4548	11.094783
4549	11.094783
4550	11.094783
4551	11.094783
4552	11.094783
4553	11.094783
4554	11.094783
4555	11.094783
4556	11.094783
4557	11.094783
4558	11.094783
4559	11.094783
4560	11.094783
4561	11.094783
4562	11.094783
4563	11.094783
4564	11.094783
4565	11.094783
4566	11.094783
4567	11.094783
4568	11.094783
4569	11.094783
4570	11.094783
4571	11.094783
4572	11.094783
4573	11.094783
4574	11.094783
4575	11.094783
4576	11.094783
4577	11.094783
4578	11.094783
4579	11.094783
4580	11.094783
4581	11.094783
4582	11.094783
4583	11.094783
4584	11.094783
4585	11.094783
4586	11.094783
4587	11.094783
4588	11.094783
4589	11.094783
4590	11.094783
4591	11.094783
4592	11.094783
4593	11.094783
4594	11.094783
4595	11.094783
4596	11.094783
4597	11.094783
4598	11.094783
4599	11.094783
4600	11.094783
4601	11.094783
4602	11.094783
4603	11.094783
4604	11.094783
4605	11.094783
4606	11.094783
4607	11.094783
4608	11.094783
4609	11.094783
4610	11.094783
4611	11.094783
4612	11.094783
4613	11.094783
4614	11.094783
4615	11.094783
4616	11.094783
4617	11.094783
4618	11.094783
4619	11.094783
4620	11.094783
4621	11.094783
4622	11.094783
4623	11.094783
4624	11.094783
4625	11.094783
4626	11.094783
4627	11.094783
4628	11.094783
4629	11.094783
4630	11.094783
4631	11.094783
4632	11.094783
4633	11.094783
4634	11.094783
4635	11.094783
4636	11.094783
4637	11.094783
4638	11.094783
4639	11.094783
4640	11.094783
4641	11.094783
4642	11.094783
4643	11.094783
4644	11.094783
4645	11.094783
4646	11.094783
4647	11.094783
4648	11.094783
4649	11.094783
4650	11.094783
4651	11.094783
4652	11.094783
4653	11.094783
4654	11.094783
4655	11.094783
4656	11.094783
4657	11.094783
4658	11.094783
4659	11.094783
4660	11.094783
4661	11.094783
4662	11.094783
4663	11.094783
4664	11.094783
4665	11.094783
4666	11.094783
4667	11.094783
4668	11.094783
4669	11.094783
4670	11.094783
4671	11.094783
4672	11.094783
4673	11.094783
4674	11.094783
4675	11.094783
4676	11.094783
4677	11.094783
4678	11.094783
4679	11.094783
4680	11.094783
4681	11.094783
4682	11.094783
4683	11.094783
4684	11.094783
4685	11.094783
4686	11.094783
4687	11.094783
4688	11.094783
4689	11.094783
4690	11.094783
4691	11.094783
4692	11.094783
4693	11.094783
4694	11.094783
4695	11.094783
4696	11.094783
4697	11.094783
4698	11.094783
4699	11.094783
4700	11.094783
4701	11.094783
4702	11.094783
4703	11.094783
4704	11.094783
4705	11.094783
4706	11.094783
4707	11.094783
4708	11.094783
4709	11.094783
4710	11.094783
4711	11.094783
4712	11.094783
4713	11.094783
4714	11.094783
4715	11.094783
4716	11.094783
4717	11.094783
4718	11.094783
4719	11.094783
4720	11.094783
4721	11.094783
4722	11.094783
4723	11.094783
4724	11.094783
4725	11.094783
4726	11.094783
4727	11.094783
4728	11.094783
4729	11.094783
4730	11.094783
4731	11.094783
4732	11.094783
4733	11.094783
4734	11.094783
4735	11.094783
4736	11.094783
4737	11.094783
4738	11.094783
4739	11.094783
4740	11.094783
4741	11.094783
4742	11.094783
4743	11.094783
4744	11.094783
4745	11.094783
4746	11.094783
4747	11.094783
4748	11.094783
4749	11.094783
4750	11.094783
4751	11.094783
4752	11.094783
4753	11.094783
4754	11.094783
4755	11.094783
4756	11.094783
4757	11.094783
4758	11.094783
4759	11.094783
4760	11.094783
4761	11.094783
4762	11.094783
4763	11.094783
4764	11.094783
4765	11.094783
4766	11.094783
4767	11.094783
4768	11.094783
4769	11.094783
4770	11.094783
4771	11.094783
4772	11.094783
4773	11.094783
4774	11.094783
4775	11.094783
4776	11.094783
4777	11.094783
4778	11.094783
4779	11.094783
4780	11.094783
4781	11.094783
4782	11.094783
4783	11.094783
4784	11.094783
4785	11.094783
4786	11.094783
4787	11.094783
4788	11.094783
4789	11.094783
4790	11.094783
4791	11.094783
4792	11.094783
4793	11.094783
4794	11.094783
4795	11.094783
4796	11.094783
4797	11.094783
4798	11.094783
4799	11.094783
4800	11.094783
4801	11.094783
4802	11.094783
4803	11.094783
4804	11.094783
4805	11.094783
4806	11.094783
4807	11.094783
4808	11.094783
4809	11.094783
4810	11.094783
4811	11.094783
4812	11.094783
4813	11.094783
4814	11.094783
4815	11.094783
4816	11.094783
4817	11.094783
4818	11.094783
4819	11.094783
4820	11.094783
4821	11.094783
4822	11.094783
4823	11.094783
4824	11.094783
4825	11.094783
4826	11.094783
4827	11.094783
4828	11.094783
4829	11.094783
4830	11.094783
4831	11.094783
4832	11.094783
4833	11.094783
4834	11.094783
4835	11.094783
4836	11.094783
4837	11.094783
4838	11.094783
4839	11.094783
4840	11.094783
4841	11.094783
4842	11.094783
4843	11.094783
4844	11.094783
4845	11.094783
4846	11.094783
4847	11.094783
4848	11.094783
4849	11.094783
4850	11.094783
4851	11.094783
4852	11.094783
4853	11.094783
4854	11.094783
4855	11.094783
4856	11.094783
4857	11.094783
4858	11.094783
4859	11.094783
4860	11.094783
4861	11.094783
4862	11.094783
4863	11.094783
4864	11.094783
4865	11.094783
4866	11.094783
4867	11.094783
4868	11.094783
4869	11.094783
4870	11.094783
4871	11.094783
4872	11.094783
4873	11.094783
4874	11.094783
4875	11.094783
4876	11.094783
