1	6.934397
2	6.934397
3	6.97623
4	6.980706
5	6.980706
6	6.928798
7	6.933451
8	6.934693
9	6.965933
10	7.005112
11	6.972796
12	7.034674
13	7.06336
14	7.146547
15	7.223658
16	7.159899
17	7.256345
18	7.256345
19	7.279907
20	7.323119
21	7.318069
22	7.460739
23	7.56569
24	7.566635
25	7.535423
26	7.568975
27	7.500471
28	7.52097
29	7.58005
30	7.637562
31	7.65909
32	7.65909
33	7.66479
34	7.686465
35	7.73072
36	7.732605
37	7.777188
38	7.798668
39	7.696503
40	7.681255
41	7.730843
42	7.909127
43	7.909127
44	7.910118
45	7.938968
46	7.946568
47	7.949244
48	8.007593
49	8.080694
50	8.12879
51	8.133716
52	8.133716
53	8.152665
54	8.164905
55	8.164905
56	8.1511
57	7.68611
58	7.720694
59	7.655647
60	7.663817
61	7.31842
62	7.36378
63	7.368968
64	7.368968
65	7.333917
66	7.292609
67	7.314161
68	7.320491
69	7.340247
70	7.340247
71	7.271629
72	7.245853
73	7.245853
74	7.200493
75	7.200493
76	7.634561
77	7.771201
78	7.771201
79	7.825201
80	7.792931
81	7.792931
82	7.806803
83	7.987433
84	8.003088
85	8.003088
86	8.062704
87	7.945517
88	8.272276
89	8.198636
90	8.198636
91	8.198636
92	8.321186
93	8.308151
94	8.308151
95	8.308151
96	8.309249
97	8.309249
98	8.311541
99	8.311541
100	8.311541
101	8.27121
102	8.27121
103	8.348028
104	8.376945
105	8.436795
106	8.491315
107	8.503614
108	8.543007
109	8.556387
110	8.628249
111	8.463464
112	8.463464
113	8.467492
114	8.467492
115	8.506865
116	8.559785
117	8.628009
118	8.628009
119	8.678649
120	8.534625
121	8.534625
122	8.521245
123	8.522507
124	8.52172
125	8.549098
126	8.62959
127	8.62959
128	8.64351
129	8.659983
130	8.708506
131	8.708506
132	8.666644
133	8.619855
134	8.64429
135	8.94196
136	8.94196
137	8.943895
138	8.94706
139	8.954732
140	8.954732
141	9.009638
142	8.999678
143	8.957207
144	8.957207
145	8.957207
146	8.9597
147	9.128841
148	9.128841
149	9.136329
150	9.023385
151	9.023385
152	8.942211
153	8.942211
154	8.942211
155	8.942211
156	8.942211
157	8.957247
158	8.957247
159	8.977092
160	9.00059
161	9.00059
162	9.00059
163	8.818341
164	8.845349
165	8.845349
166	9.253273
167	9.253273
168	9.277038
169	9.277038
170	9.284773
171	9.284773
172	9.294325
173	9.294325
174	9.294325
175	9.294325
176	9.294325
177	9.430582
178	9.430582
179	9.568489
180	9.568489
181	9.529872
182	9.529872
183	9.529872
184	9.657675
185	9.654889
186	9.654889
187	9.654889
188	9.654889
189	9.654889
190	9.585717
191	9.674115
192	9.674115
193	9.668473
194	9.668473
195	9.668473
196	9.668473
197	9.699716
198	9.699716
199	9.638822
200	9.638822
201	9.638822
202	9.638822
203	9.574744
204	9.574744
205	9.574744
206	9.183311
207	9.183311
208	9.183311
209	9.196208
210	9.390906
211	9.390906
212	9.459558
213	9.447762
214	9.447762
215	9.447762
216	9.306734
217	9.354858
218	9.354858
219	9.341961
220	9.337866
221	9.337866
222	9.337866
223	9.304704
224	9.304704
225	9.304704
226	9.401378
227	9.542406
228	9.542406
229	9.542406
230	9.542406
231	9.542406
232	9.542406
233	9.542406
234	9.542406
235	9.575568
236	9.575568
237	9.571448
238	9.538411
239	9.538411
240	9.544415
241	9.544415
242	9.522955
243	9.476523
244	9.527673
245	9.527673
246	9.489499
247	9.489499
248	9.489499
249	9.488134
250	9.488134
251	9.527474
252	9.527474
253	9.527474
254	9.527474
255	9.527474
256	9.527474
257	9.554976
258	9.554976
259	9.554976
260	9.601055
261	9.610499
262	9.604495
263	9.604495
264	9.616291
265	9.739396
266	9.779722
267	9.920943
268	9.874864
269	9.874141
270	9.874141
271	9.776095
272	9.776095
273	9.776095
274	9.766145
275	9.766145
276	9.559951
277	9.559951
278	9.559951
279	9.554764
280	9.554764
281	9.751406
282	9.751406
283	9.701593
284	9.701593
285	9.701593
286	9.701593
287	9.701593
288	9.662976
289	9.709055
290	9.778379
291	9.818287
292	9.844677
293	9.798598
294	9.798598
295	9.798598
296	9.798598
297	9.798598
298	9.798598
299	9.798598
300	9.798598
301	9.800348
302	9.800348
303	9.755133
304	9.755133
305	9.62475
306	9.642762
307	9.669665
308	9.679964
309	9.679964
310	9.679964
311	9.679964
312	9.718084
313	9.764163
314	9.764163
315	9.764163
316	9.769193
317	9.780857
318	9.618443
319	9.591016
320	9.591016
321	9.76036
322	9.791335
323	9.791335
324	9.764945
325	9.764945
326	9.77788
327	9.77788
328	9.77788
329	9.77788
330	9.48544
331	9.48544
332	9.48544
333	9.48544
334	9.485908
335	9.485908
336	9.485908
337	9.485908
338	9.487336
339	9.487336
340	9.532551
341	9.532551
342	9.532962
343	9.572302
344	9.572302
345	9.57587
346	9.57587
347	9.57587
348	9.557858
349	9.557352
350	9.557352
351	9.565113
352	9.583125
353	9.57882
354	9.57882
355	9.57882
356	9.499888
357	9.499888
358	9.499888
359	9.541175
360	9.620107
361	9.620107
362	9.620107
363	9.620107
364	9.629659
365	9.629659
366	9.629659
367	9.629659
368	9.629659
369	9.629659
370	9.629659
371	9.629659
372	9.611647
373	9.611647
374	9.611647
375	9.663815
376	9.663815
377	9.663815
378	9.813504
379	9.813504
380	9.813504
381	9.813504
382	9.813504
383	9.813504
384	9.813504
385	9.813504
386	9.813902
387	9.813902
388	9.813902
389	9.813902
390	9.813902
391	9.813902
392	9.813902
393	9.813902
394	9.813902
395	9.813902
396	9.813902
397	9.813902
398	9.813902
399	9.813902
400	9.813902
401	9.700273
402	9.700273
403	9.700273
404	9.700273
405	9.700273
406	9.686144
407	9.686144
408	9.686144
409	9.686144
410	9.686144
411	9.686144
412	9.686144
413	9.799773
414	9.799773
415	9.799773
416	9.799773
417	9.799773
418	9.799773
419	9.799773
420	9.799773
421	9.799773
422	9.799773
423	9.783854
424	9.783854
425	9.783854
426	9.850775
427	9.850775
428	9.850775
429	9.850775
430	9.850775
431	9.850775
432	9.850775
433	9.850775
434	9.868787
435	9.868787
436	9.868787
437	9.868787
438	9.868787
439	9.868787
440	9.868787
441	9.868787
442	9.868787
443	9.868787
444	9.868787
445	9.868787
446	9.868787
447	9.868787
448	9.868787
449	9.868787
450	9.868787
451	9.87541
452	9.87541
453	9.87541
454	9.87541
455	9.87541
456	9.87541
457	9.87541
458	9.87541
459	9.87541
460	9.87541
461	9.87541
462	9.87541
463	9.87541
464	9.87541
465	9.87541
466	9.87541
467	9.87541
468	9.875012
469	9.875012
470	9.875012
471	9.875012
472	9.875012
473	9.905203
474	9.905203
475	9.905203
476	9.905203
477	9.905203
478	9.905203
479	9.905203
480	9.905203
481	9.905203
482	9.905203
483	9.905203
484	9.911981
485	9.911981
486	9.905358
487	9.905358
488	9.905358
489	9.905358
490	9.905358
491	10.02807
492	10.02807
493	10.02807
494	10.02807
495	10.02807
496	10.010058
497	10.010058
498	9.984785
499	10.016915
500	10.016915
501	10.016915
502	10.016915
503	10.016915
504	10.016915
505	10.016915
506	10.016915
507	10.016915
508	10.016915
509	10.016915
510	10.016915
511	10.016915
512	10.016915
513	10.016915
514	10.016915
515	10.016915
516	10.016915
517	10.016915
518	10.016915
519	10.016915
520	10.184677
521	10.184677
522	10.184677
523	10.184677
524	10.184677
525	10.202689
526	10.202689
527	10.202689
528	10.202689
529	10.125676
530	10.125676
531	10.125676
532	10.125676
533	10.125676
534	10.125676
535	10.125676
536	10.125676
537	10.125676
538	10.125676
539	10.125676
540	10.107664
541	10.107664
542	10.107664
543	10.094729
544	10.112741
545	10.112741
546	10.112741
547	10.112741
548	10.112741
549	10.112741
550	10.112741
551	10.112741
552	10.252145
553	10.290751
554	10.290751
555	10.290751
556	10.290751
557	10.290751
558	10.290751
559	10.290751
560	10.290751
561	10.290751
562	10.290751
563	10.290751
564	10.290751
565	10.290751
566	10.290751
567	10.290751
568	10.290751
569	10.290751
570	10.290751
571	10.290751
572	10.290751
573	10.290751
574	10.290751
575	10.290751
576	10.303686
577	10.303686
578	10.303686
579	10.303686
580	10.303686
581	10.303686
582	10.285674
583	10.285674
584	10.303686
585	10.303686
586	10.303686
587	10.303686
588	10.303686
589	10.303686
590	10.303686
591	10.303686
592	10.303686
593	10.303686
594	10.303686
595	10.303686
596	10.303686
597	10.303686
598	10.303686
599	10.303686
600	10.303686
601	10.285674
602	10.285674
603	10.285674
604	10.285674
605	10.285674
606	10.303686
607	10.303686
608	10.303686
609	10.303686
610	10.303686
611	10.303686
612	10.303686
613	10.303686
614	10.303686
615	10.303686
616	10.303686
617	10.303686
618	10.304084
619	10.304084
620	10.304084
621	10.304084
622	10.304084
623	10.324925
624	10.324925
625	10.324925
626	10.324925
627	10.324925
628	10.324925
629	10.324925
630	10.324925
631	10.324925
632	10.324925
633	10.324925
634	10.324925
635	10.324925
636	10.324925
637	10.324925
638	10.324925
639	10.324925
640	10.324925
641	10.324925
642	10.324925
643	10.324925
644	10.32901
645	10.32901
646	10.32901
647	10.32901
648	10.32901
649	10.32901
650	10.32901
651	10.32901
652	10.32901
653	10.32901
654	10.32901
655	10.32901
656	10.32901
657	10.32901
658	10.32901
659	10.32901
660	10.32901
661	10.32901
662	10.32901
663	10.310998
664	10.32901
665	10.32901
666	10.32901
667	10.335633
668	10.335633
669	10.335633
670	10.335633
671	10.335633
672	10.335633
673	10.335633
674	10.335633
675	10.331548
676	10.331548
677	10.331548
678	10.331548
679	10.337209
680	10.344024
681	10.365587
682	10.365587
683	10.365587
684	10.365587
685	10.365587
686	10.365587
687	10.365587
688	10.358772
689	10.358772
690	10.358772
691	10.358772
692	10.358772
693	10.358772
694	10.358772
695	10.358772
696	10.358772
697	10.358772
698	10.358772
699	10.365587
700	10.365587
701	10.365587
702	10.365587
703	10.365587
704	10.365587
705	10.365587
706	10.365587
707	10.365587
708	10.365587
709	10.365587
710	10.365587
711	10.365587
712	10.365587
713	10.358772
714	10.358772
715	10.358772
716	10.358772
717	10.358772
718	10.358772
719	10.359278
720	10.359278
721	10.359278
722	10.359278
723	10.359278
724	10.359278
725	10.359278
726	10.359278
727	10.359278
728	10.359278
729	10.359278
730	10.359278
731	10.359278
732	10.359278
733	10.359278
734	10.359278
735	10.359278
736	10.366093
737	10.366093
738	10.366093
739	10.366093
740	10.366093
741	10.366093
742	10.366093
743	10.353158
744	10.353158
745	10.353158
746	10.353158
747	10.353158
748	10.353158
749	10.353158
750	10.353158
751	10.353158
752	10.353158
753	10.353158
754	10.353158
755	10.353158
756	10.353158
757	10.353158
758	10.353158
759	10.353158
760	10.353158
761	10.353158
762	10.353158
763	10.353158
764	10.353158
765	10.353158
766	10.353158
767	10.353158
768	10.353158
769	10.353158
770	10.353158
771	10.353158
772	10.353158
773	10.353158
774	10.353158
775	10.353158
776	10.353158
777	10.353158
778	10.353158
779	10.353158
780	10.353158
781	10.353158
782	10.353158
783	10.353158
784	10.353158
785	10.353158
786	10.353158
787	10.353158
788	10.353158
789	10.353158
790	10.353158
791	10.353158
792	10.353158
793	10.353158
794	10.346343
795	10.346343
796	10.346343
797	10.346343
798	10.346343
799	10.346343
800	10.346343
801	10.346343
802	10.346343
803	10.346343
804	10.346343
805	10.346343
806	10.346343
807	10.346343
808	10.346343
809	10.346343
810	10.346343
811	10.346343
812	10.353158
813	10.353158
814	10.353158
815	10.353158
816	10.353158
817	10.353158
818	10.353158
819	10.353158
820	10.353158
821	10.353158
822	10.353158
823	10.353158
824	10.353158
825	10.353158
826	10.353158
827	10.346343
828	10.346343
829	10.346343
830	10.346343
831	10.387337
832	10.387337
833	10.387337
834	10.387337
835	10.394152
836	10.394152
837	10.394152
838	10.394152
839	10.437162
840	10.453686
841	10.453686
842	10.453686
843	10.453686
844	10.453686
845	10.453686
846	10.453686
847	10.453686
848	10.453686
849	10.453686
850	10.453686
851	10.453686
852	10.453686
853	10.453686
854	10.453686
855	10.453686
856	10.453686
857	10.453686
858	10.453686
859	10.453686
860	10.453686
861	10.453686
862	10.453686
863	10.453686
864	10.453686
865	10.453686
866	10.453686
867	10.446871
868	10.446871
869	10.446871
870	10.446871
871	10.453686
872	10.453686
873	10.453686
874	10.453686
875	10.453686
876	10.453686
877	10.453686
878	10.453686
879	10.453686
880	10.453686
881	10.453686
882	10.453686
883	10.453686
884	10.453686
885	10.453686
886	10.453686
887	10.453686
888	10.453686
889	10.453686
890	10.453686
891	10.453686
892	10.453686
893	10.453686
894	10.453686
895	10.453686
896	10.453686
897	10.453686
898	10.453686
899	10.453686
900	10.453686
901	10.453686
902	10.453686
903	10.453686
904	10.453686
905	10.453686
906	10.453686
907	10.453686
908	10.453686
909	10.453686
910	10.453686
911	10.453686
912	10.453686
913	10.453686
914	10.453686
915	10.453686
916	10.453686
917	10.453686
918	10.453686
919	10.453686
920	10.453686
921	10.453686
922	10.453686
923	10.453686
924	10.453686
925	10.453686
926	10.453686
927	10.453686
928	10.453686
929	10.453686
930	10.453686
931	10.466621
932	10.466621
933	10.466621
934	10.466621
935	10.466621
936	10.466621
937	10.466621
938	10.466621
939	10.466621
940	10.466621
941	10.466621
942	10.466621
943	10.466621
944	10.466621
945	10.466621
946	10.466621
947	10.466621
948	10.466621
949	10.466621
950	10.466621
951	10.466621
952	10.466621
953	10.466621
954	10.466621
955	10.466621
956	10.466621
957	10.466621
958	10.466621
959	10.466621
960	10.466621
961	10.466621
962	10.466621
963	10.466621
964	10.466621
965	10.466621
966	10.466621
967	10.466621
968	10.466621
969	10.466621
970	10.466621
971	10.466621
972	10.466621
973	10.466621
974	10.466621
975	10.466621
976	10.459806
977	10.459806
978	10.459806
979	10.459806
980	10.459806
981	10.459806
982	10.459806
983	10.459806
984	10.459806
985	10.459806
986	10.459806
987	10.459806
988	10.459806
989	10.459806
990	10.459806
991	10.459806
992	10.459806
993	10.459806
994	10.459806
995	10.459806
996	10.459806
997	10.459806
998	10.459806
999	10.466621
1000	10.466621
1001	10.466621
1002	10.466621
1003	10.466621
1004	10.466621
1005	10.466621
1006	10.466621
1007	10.466621
1008	10.466621
1009	10.466621
1010	10.466621
1011	10.466621
1012	10.466621
1013	10.466621
1014	10.466621
1015	10.466621
1016	10.466621
1017	10.466621
1018	10.466621
1019	10.466621
1020	10.466621
1021	10.459806
1022	10.459806
1023	10.459806
1024	10.459806
1025	10.459806
1026	10.459806
1027	10.459806
1028	10.459806
1029	10.459806
1030	10.459806
1031	10.459806
1032	10.466621
1033	10.466621
1034	10.466621
1035	10.466621
1036	10.466621
1037	10.466621
1038	10.466621
1039	10.466621
1040	10.466621
1041	10.466621
1042	10.466621
1043	10.466621
1044	10.466621
1045	10.466621
1046	10.466621
1047	10.466621
1048	10.466621
1049	10.466621
1050	10.466621
1051	10.466621
1052	10.466621
1053	10.466621
1054	10.466621
1055	10.466621
1056	10.466621
1057	10.466621
1058	10.466621
1059	10.466621
1060	10.466621
1061	10.466621
1062	10.466621
1063	10.466621
1064	10.466621
1065	10.466621
1066	10.466621
1067	10.466621
1068	10.466621
1069	10.466621
1070	10.466621
1071	10.466621
1072	10.466621
1073	10.459806
1074	10.4593
1075	10.4593
1076	10.4593
1077	10.466115
1078	10.466115
1079	10.466115
1080	10.466115
1081	10.466115
1082	10.466115
1083	10.466115
1084	10.466115
1085	10.466115
1086	10.466115
1087	10.466115
1088	10.466115
1089	10.466115
1090	10.466115
1091	10.466115
1092	10.466115
1093	10.466115
1094	10.466115
1095	10.466115
1096	10.466115
1097	10.466115
1098	10.466115
1099	10.466115
1100	10.466115
1101	10.466115
1102	10.466115
1103	10.466115
1104	10.466115
1105	10.466115
1106	10.466115
1107	10.466115
1108	10.466115
1109	10.466115
1110	10.466115
1111	10.466115
1112	10.466115
1113	10.466115
1114	10.466115
1115	10.466115
1116	10.466115
1117	10.466115
1118	10.466115
1119	10.466115
1120	10.466115
1121	10.466115
1122	10.466115
1123	10.466115
1124	10.466115
1125	10.466115
1126	10.466115
1127	10.466115
1128	10.466115
1129	10.466115
1130	10.466115
1131	10.466115
1132	10.466115
1133	10.466115
1134	10.466115
1135	10.466115
1136	10.466115
1137	10.466115
1138	10.466115
1139	10.466115
1140	10.466115
1141	10.466115
1142	10.466115
1143	10.466115
1144	10.466115
1145	10.466115
1146	10.466115
1147	10.466115
1148	10.466115
1149	10.466115
1150	10.466115
1151	10.466115
1152	10.466115
1153	10.466115
1154	10.466115
1155	10.466115
1156	10.466115
1157	10.466115
1158	10.466115
1159	10.466115
1160	10.466115
1161	10.466115
1162	10.466115
1163	10.466115
1164	10.466115
1165	10.466115
1166	10.466115
1167	10.466115
1168	10.466115
1169	10.466115
1170	10.466115
1171	10.466115
1172	10.466115
1173	10.466115
1174	10.466115
1175	10.466115
1176	10.466115
1177	10.466115
1178	10.466115
1179	10.466115
1180	10.466115
1181	10.466115
1182	10.466115
1183	10.466115
1184	10.466115
1185	10.466115
1186	10.466115
1187	10.466115
1188	10.466115
1189	10.466115
1190	10.466115
1191	10.466115
1192	10.466115
1193	10.466115
1194	10.466115
1195	10.466115
1196	10.466115
1197	10.466115
1198	10.466115
1199	10.466115
1200	10.466115
1201	10.466115
1202	10.466115
1203	10.466115
1204	10.466115
1205	10.466115
1206	10.466115
1207	10.466115
1208	10.466115
1209	10.466115
1210	10.466115
1211	10.466115
1212	10.466115
1213	10.466115
1214	10.466115
1215	10.466115
1216	10.466115
1217	10.466115
1218	10.466115
1219	10.466115
1220	10.466115
1221	10.466115
1222	10.466115
1223	10.466115
1224	10.466115
1225	10.466115
1226	10.466115
1227	10.466115
1228	10.466115
1229	10.466115
1230	10.466115
1231	10.466115
1232	10.466115
1233	10.466115
1234	10.466115
1235	10.466115
1236	10.466115
1237	10.466115
1238	10.466115
1239	10.466115
1240	10.466115
1241	10.466115
1242	10.466115
1243	10.466115
1244	10.466115
1245	10.466115
1246	10.466115
1247	10.466115
1248	10.466115
1249	10.466115
1250	10.466115
1251	10.466115
1252	10.466115
1253	10.466115
1254	10.466115
1255	10.466115
1256	10.466115
1257	10.466115
1258	10.466115
1259	10.466115
1260	10.466115
1261	10.466115
1262	10.466115
1263	10.466115
1264	10.466115
1265	10.466115
1266	10.466115
1267	10.466115
1268	10.466115
1269	10.466115
1270	10.466115
1271	10.466115
1272	10.466115
1273	10.466115
1274	10.466115
1275	10.466115
1276	10.466115
1277	10.466115
1278	10.466115
1279	10.466115
1280	10.466115
1281	10.466115
1282	10.466115
1283	10.466115
1284	10.466115
1285	10.466115
1286	10.466115
1287	10.466115
1288	10.466115
1289	10.466115
1290	10.466115
1291	10.466115
1292	10.466115
1293	10.466115
1294	10.466115
1295	10.466115
1296	10.466115
1297	10.466115
1298	10.466115
1299	10.466115
1300	10.466115
1301	10.466115
1302	10.466115
1303	10.466115
1304	10.466115
1305	10.466115
1306	10.466115
1307	10.466115
1308	10.466115
1309	10.466115
1310	10.466115
1311	10.466115
1312	10.466115
1313	10.466115
1314	10.466115
1315	10.466115
1316	10.466115
1317	10.466115
1318	10.466115
1319	10.466115
1320	10.466115
1321	10.466115
1322	10.466115
1323	10.466115
1324	10.466115
1325	10.466115
1326	10.466115
1327	10.466115
1328	10.466115
1329	10.466115
1330	10.466115
1331	10.466115
1332	10.466115
1333	10.466115
1334	10.466115
1335	10.466115
1336	10.466115
1337	10.466115
1338	10.466115
1339	10.466115
1340	10.466115
1341	10.466115
1342	10.466115
1343	10.466115
1344	10.466115
1345	10.466115
1346	10.466115
1347	10.466115
1348	10.466115
1349	10.466115
1350	10.466115
1351	10.466115
1352	10.466115
1353	10.466115
1354	10.466115
1355	10.466115
1356	10.466115
1357	10.466115
1358	10.466115
1359	10.466115
1360	10.466115
1361	10.466115
1362	10.466115
1363	10.466115
1364	10.466115
1365	10.466115
1366	10.466115
1367	10.466115
1368	10.466115
1369	10.466115
1370	10.466115
1371	10.466115
1372	10.466115
1373	10.466115
1374	10.466115
1375	10.466115
1376	10.466115
1377	10.466115
1378	10.466115
1379	10.466115
1380	10.466115
1381	10.466115
1382	10.466621
1383	10.466621
1384	10.466621
1385	10.466621
1386	10.466621
1387	10.466621
1388	10.466621
1389	10.466621
1390	10.466621
1391	10.466621
1392	10.466621
1393	10.466621
1394	10.466621
1395	10.466621
1396	10.466621
1397	10.466621
1398	10.466621
1399	10.466621
1400	10.466621
1401	10.466621
1402	10.466621
1403	10.466621
1404	10.466621
1405	10.466621
1406	10.466621
1407	10.466621
1408	10.466621
1409	10.466621
1410	10.466621
1411	10.466621
1412	10.466621
1413	10.466621
1414	10.466621
1415	10.466621
1416	10.466621
1417	10.466621
1418	10.466621
1419	10.466621
1420	10.466621
1421	10.466621
1422	10.466621
1423	10.466621
1424	10.466621
1425	10.466621
1426	10.466621
1427	10.466621
1428	10.466621
1429	10.466621
1430	10.466621
1431	10.466621
1432	10.466621
1433	10.466621
1434	10.466621
1435	10.466621
1436	10.466621
1437	10.466621
1438	10.466621
1439	10.466621
1440	10.466621
1441	10.466621
1442	10.466621
1443	10.466621
1444	10.466621
1445	10.466621
1446	10.466621
1447	10.466621
1448	10.466621
1449	10.466621
1450	10.466621
1451	10.466621
1452	10.466621
1453	10.466621
1454	10.466621
1455	10.466621
1456	10.466621
1457	10.466621
1458	10.466621
1459	10.466621
1460	10.466621
1461	10.466621
1462	10.466621
1463	10.466621
1464	10.466621
1465	10.466621
1466	10.466621
1467	10.466621
1468	10.466621
1469	10.466621
1470	10.466621
1471	10.466621
1472	10.466621
1473	10.466621
1474	10.466621
1475	10.466621
1476	10.466621
1477	10.466223
1478	10.466223
1479	10.476963
1480	10.476963
1481	10.476963
1482	10.476963
1483	10.476963
1484	10.476963
1485	10.476963
1486	10.476963
1487	10.476963
1488	10.476963
1489	10.476963
1490	10.476963
1491	10.476963
1492	10.476963
1493	10.476963
1494	10.476963
1495	10.476963
1496	10.476963
1497	10.476963
1498	10.476963
1499	10.476963
1500	10.476963
1501	10.476963
1502	10.476963
1503	10.476963
1504	10.476963
1505	10.476963
1506	10.476963
1507	10.476963
1508	10.476963
1509	10.476963
1510	10.476963
1511	10.476963
1512	10.476963
1513	10.476963
1514	10.476963
1515	10.476963
1516	10.476963
1517	10.476963
1518	10.476963
1519	10.476457
1520	10.476457
1521	10.476457
1522	10.476457
1523	10.476457
1524	10.476457
1525	10.476457
1526	10.476457
1527	10.476457
1528	10.476457
1529	10.476457
1530	10.476457
1531	10.476457
1532	10.476457
1533	10.476457
1534	10.476457
1535	10.476457
1536	10.476457
1537	10.476457
1538	10.476457
1539	10.476963
1540	10.476963
1541	10.476963
1542	10.476963
1543	10.476963
1544	10.476963
1545	10.476963
1546	10.476963
1547	10.476963
1548	10.476963
1549	10.476963
1550	10.476963
1551	10.476963
1552	10.476963
1553	10.476963
1554	10.476963
1555	10.476963
1556	10.476963
1557	10.476963
1558	10.476963
1559	10.476963
1560	10.476963
1561	10.476963
1562	10.476963
1563	10.476963
1564	10.476963
1565	10.476963
1566	10.476963
1567	10.476963
1568	10.476963
1569	10.476963
1570	10.476963
1571	10.476963
1572	10.476963
1573	10.476963
1574	10.476963
1575	10.476963
1576	10.476963
1577	10.476963
1578	10.476963
1579	10.476963
1580	10.476963
1581	10.476963
1582	10.476963
1583	10.476963
1584	10.476963
1585	10.476963
1586	10.476963
1587	10.476963
1588	10.476963
1589	10.476963
1590	10.476963
1591	10.476963
1592	10.476963
1593	10.476963
1594	10.476963
1595	10.476963
1596	10.476963
1597	10.476963
1598	10.476963
1599	10.476963
1600	10.476963
1601	10.476963
1602	10.476963
1603	10.476963
1604	10.476963
1605	10.476963
1606	10.476963
1607	10.476963
1608	10.476963
1609	10.476963
1610	10.476963
1611	10.476963
1612	10.476963
1613	10.476963
1614	10.476963
1615	10.476963
1616	10.476963
1617	10.476963
1618	10.476963
1619	10.476963
1620	10.476963
1621	10.476963
1622	10.476963
1623	10.476963
1624	10.476963
1625	10.476963
1626	10.476963
1627	10.476963
1628	10.476963
1629	10.476963
1630	10.476963
1631	10.476963
1632	10.476963
1633	10.476963
1634	10.476963
1635	10.476963
1636	10.476963
1637	10.476963
1638	10.476963
1639	10.476963
1640	10.476963
1641	10.476963
1642	10.476963
1643	10.476963
1644	10.476963
1645	10.476963
1646	10.476963
1647	10.476963
1648	10.476963
1649	10.476963
1650	10.476963
1651	10.476963
1652	10.476963
1653	10.476963
1654	10.476963
1655	10.476963
1656	10.476963
1657	10.476963
1658	10.476963
1659	10.476963
1660	10.476963
1661	10.476963
1662	10.476963
1663	10.476963
1664	10.476963
1665	10.476963
1666	10.476963
1667	10.476963
1668	10.476963
1669	10.476963
1670	10.476963
1671	10.476963
1672	10.476963
1673	10.476963
1674	10.476963
1675	10.476963
1676	10.476963
1677	10.476963
1678	10.476963
1679	10.476963
1680	10.476963
1681	10.476963
1682	10.476963
1683	10.476963
1684	10.476963
1685	10.476963
1686	10.476963
1687	10.476963
1688	10.476963
1689	10.476963
1690	10.476963
1691	10.476963
1692	10.476963
1693	10.476963
1694	10.476963
1695	10.476963
1696	10.476963
1697	10.476963
1698	10.476963
1699	10.476963
1700	10.476963
1701	10.476963
1702	10.476963
1703	10.476963
1704	10.476963
1705	10.476963
1706	10.476963
1707	10.476963
1708	10.476963
1709	10.476963
1710	10.476963
1711	10.476963
1712	10.476963
1713	10.476963
1714	10.476963
1715	10.476963
1716	10.476963
1717	10.476963
1718	10.476963
1719	10.476963
1720	10.476963
1721	10.476963
1722	10.476963
1723	10.476963
1724	10.476963
1725	10.476963
1726	10.476963
1727	10.476963
1728	10.476963
1729	10.476963
1730	10.476963
1731	10.476963
1732	10.476963
1733	10.476963
1734	10.476963
1735	10.476963
1736	10.476963
1737	10.476963
1738	10.476963
1739	10.476963
1740	10.476963
1741	10.476963
1742	10.476963
1743	10.476963
1744	10.476963
1745	10.476963
1746	10.476963
1747	10.476963
1748	10.476963
1749	10.476963
1750	10.476963
1751	10.476963
1752	10.476963
1753	10.476963
1754	10.476963
1755	10.476963
1756	10.476963
1757	10.476963
1758	10.476963
1759	10.476963
1760	10.476963
1761	10.476963
1762	10.476963
1763	10.476963
1764	10.476963
1765	10.476963
1766	10.476963
1767	10.476963
1768	10.476963
1769	10.476963
1770	10.476963
1771	10.476963
1772	10.476963
1773	10.476963
1774	10.476963
1775	10.476963
1776	10.476963
1777	10.476963
1778	10.476963
1779	10.476963
1780	10.476963
1781	10.476963
1782	10.476963
1783	10.476963
1784	10.476963
1785	10.476963
1786	10.476963
1787	10.476963
1788	10.476963
1789	10.476963
1790	10.476963
1791	10.476963
1792	10.476963
1793	10.476963
1794	10.476963
1795	10.476963
1796	10.476963
1797	10.476963
1798	10.476963
1799	10.476963
1800	10.476963
1801	10.476963
1802	10.476963
1803	10.476963
1804	10.476963
1805	10.476963
1806	10.476963
1807	10.476963
1808	10.476963
1809	10.476963
1810	10.476963
1811	10.476963
1812	10.476963
1813	10.476963
1814	10.476963
1815	10.476963
1816	10.476963
1817	10.476963
1818	10.476963
1819	10.476963
1820	10.476963
1821	10.476963
1822	10.476963
1823	10.476963
1824	10.476963
1825	10.476963
1826	10.476963
1827	10.476963
1828	10.476963
1829	10.476963
1830	10.476963
1831	10.476963
1832	10.476963
1833	10.476963
1834	10.476963
1835	10.476963
1836	10.476963
1837	10.476963
1838	10.476963
1839	10.476963
1840	10.476963
1841	10.476963
1842	10.476963
1843	10.476963
1844	10.476963
1845	10.476963
1846	10.476963
1847	10.476963
1848	10.476963
1849	10.476963
1850	10.476963
1851	10.476963
1852	10.476963
1853	10.476963
1854	10.476963
1855	10.476963
1856	10.476963
1857	10.476963
1858	10.476963
1859	10.476963
1860	10.476963
1861	10.476963
1862	10.476963
1863	10.476963
1864	10.476963
1865	10.476963
1866	10.476963
1867	10.476963
1868	10.476963
1869	10.476963
1870	10.476963
1871	10.476963
1872	10.476963
1873	10.476963
1874	10.476963
1875	10.476963
1876	10.476963
1877	10.476963
1878	10.476963
1879	10.476963
1880	10.476963
1881	10.476963
1882	10.476963
1883	10.476963
1884	10.476963
1885	10.476963
1886	10.476963
1887	10.476963
1888	10.476963
1889	10.476963
1890	10.476963
1891	10.476963
1892	10.476963
1893	10.476963
1894	10.476963
1895	10.476963
1896	10.476963
1897	10.476963
1898	10.476963
1899	10.476963
1900	10.476963
1901	10.476963
1902	10.476963
1903	10.476963
1904	10.476963
1905	10.476963
1906	10.476963
1907	10.476963
1908	10.476963
1909	10.476963
1910	10.476963
1911	10.476963
1912	10.476963
1913	10.476963
1914	10.476963
1915	10.476963
1916	10.476963
1917	10.476963
1918	10.476963
1919	10.476963
1920	10.476963
1921	10.476963
1922	10.476963
1923	10.476963
1924	10.476963
1925	10.476963
1926	10.476963
1927	10.476963
1928	10.476963
1929	10.476963
1930	10.476963
1931	10.476963
1932	10.476963
1933	10.476963
1934	10.476963
1935	10.476963
1936	10.476963
1937	10.476963
1938	10.476963
1939	10.476963
1940	10.476963
1941	10.476963
1942	10.476963
1943	10.476963
1944	10.476963
1945	10.476963
1946	10.476963
1947	10.476963
1948	10.476963
1949	10.476963
1950	10.476963
1951	10.476963
1952	10.476963
1953	10.476963
1954	10.476963
1955	10.476963
1956	10.476963
1957	10.476963
1958	10.476963
1959	10.476963
1960	10.476963
1961	10.476963
1962	10.476963
1963	10.476963
1964	10.476963
1965	10.476963
1966	10.476963
1967	10.476963
1968	10.476963
1969	10.476963
1970	10.476963
1971	10.476963
1972	10.476963
1973	10.476963
1974	10.476963
1975	10.476963
1976	10.476963
1977	10.476963
1978	10.476963
1979	10.476963
1980	10.476963
1981	10.476963
1982	10.476963
1983	10.476963
1984	10.476963
1985	10.476963
1986	10.476963
1987	10.476963
1988	10.476963
1989	10.476963
1990	10.476963
1991	10.476963
1992	10.476963
1993	10.476963
1994	10.476963
1995	10.476963
1996	10.476963
1997	10.476963
1998	10.476963
1999	10.476963
2000	10.476963
2001	10.476963
2002	10.476963
2003	10.476963
2004	10.476963
2005	10.476963
2006	10.476963
2007	10.476963
2008	10.476963
2009	10.476963
2010	10.476963
2011	10.476963
2012	10.476963
2013	10.476963
2014	10.476963
2015	10.476963
2016	10.476963
2017	10.476963
2018	10.476963
2019	10.476963
2020	10.476963
2021	10.476963
2022	10.476963
2023	10.476963
2024	10.476963
2025	10.476963
2026	10.476963
2027	10.476963
2028	10.476963
2029	10.476963
2030	10.476963
2031	10.476963
2032	10.476963
2033	10.476963
2034	10.476963
2035	10.476963
2036	10.476963
2037	10.476963
2038	10.476963
2039	10.476963
2040	10.476963
2041	10.476963
2042	10.476963
2043	10.476963
2044	10.476963
2045	10.476963
2046	10.476963
2047	10.476963
2048	10.476963
2049	10.476963
2050	10.476963
2051	10.476963
2052	10.476963
2053	10.476963
2054	10.476963
2055	10.476963
2056	10.476963
2057	10.476963
2058	10.476963
2059	10.476963
2060	10.476963
2061	10.476963
2062	10.476963
2063	10.476963
2064	10.476963
2065	10.476963
2066	10.476963
2067	10.476963
2068	10.476963
2069	10.476963
2070	10.476963
2071	10.476963
2072	10.476963
2073	10.476963
2074	10.476963
2075	10.476963
2076	10.476963
2077	10.476963
2078	10.476963
2079	10.476963
2080	10.476963
2081	10.476963
2082	10.476963
2083	10.476963
2084	10.476963
2085	10.476963
2086	10.476963
2087	10.476963
2088	10.476963
2089	10.476963
2090	10.476963
2091	10.476963
2092	10.476963
2093	10.476963
2094	10.476963
2095	10.476963
2096	10.476963
2097	10.476963
2098	10.476963
2099	10.476963
2100	10.476963
2101	10.476963
2102	10.476963
2103	10.476963
2104	10.476963
2105	10.476963
2106	10.476963
2107	10.476963
2108	10.476963
2109	10.476963
2110	10.476963
2111	10.476963
2112	10.476963
2113	10.476963
2114	10.476963
2115	10.476963
2116	10.476963
2117	10.476963
2118	10.476963
2119	10.476963
2120	10.476963
2121	10.476963
2122	10.476963
2123	10.476963
2124	10.476963
2125	10.476963
2126	10.476963
2127	10.476963
2128	10.476963
2129	10.476963
2130	10.476963
2131	10.476963
2132	10.476963
2133	10.476963
2134	10.476963
2135	10.476963
2136	10.476963
2137	10.476963
2138	10.476963
2139	10.476963
2140	10.476963
2141	10.476963
2142	10.476963
2143	10.476963
2144	10.476963
2145	10.476963
2146	10.476963
2147	10.476963
2148	10.476963
2149	10.476963
2150	10.476963
2151	10.476963
2152	10.476963
2153	10.476963
2154	10.476963
2155	10.476963
2156	10.476963
2157	10.476963
2158	10.476963
2159	10.476963
2160	10.476963
2161	10.476963
2162	10.476963
2163	10.476963
2164	10.476963
2165	10.476963
2166	10.476963
2167	10.476963
2168	10.476963
2169	10.476963
2170	10.476963
2171	10.476963
2172	10.476963
2173	10.476963
2174	10.476963
2175	10.476963
2176	10.476963
2177	10.476963
2178	10.476963
2179	10.476963
2180	10.476963
2181	10.476963
2182	10.476963
2183	10.476963
2184	10.476963
2185	10.476963
2186	10.476963
2187	10.476963
2188	10.476963
2189	10.476963
2190	10.476963
2191	10.476963
2192	10.476963
2193	10.476963
2194	10.476963
2195	10.476963
2196	10.476963
2197	10.476963
2198	10.476963
2199	10.476963
2200	10.476963
2201	10.476963
2202	10.476963
2203	10.476963
2204	10.476963
2205	10.476963
2206	10.476963
2207	10.476963
2208	10.476963
2209	10.476963
2210	10.476963
2211	10.476963
2212	10.476963
2213	10.476963
2214	10.476963
2215	10.476963
2216	10.476963
2217	10.476963
2218	10.476963
2219	10.476963
2220	10.476963
2221	10.476963
2222	10.476963
2223	10.476963
2224	10.476963
2225	10.476963
2226	10.476963
2227	10.476963
2228	10.476963
2229	10.476963
2230	10.476963
2231	10.476963
2232	10.476963
2233	10.476963
2234	10.476963
2235	10.476963
2236	10.476963
2237	10.476963
2238	10.476963
2239	10.476963
2240	10.476963
2241	10.476963
2242	10.476963
2243	10.476963
2244	10.476963
2245	10.476963
2246	10.476963
2247	10.476963
2248	10.476963
2249	10.476963
2250	10.476963
2251	10.476963
2252	10.476963
2253	10.476963
2254	10.476963
2255	10.476963
2256	10.476963
2257	10.476963
2258	10.476963
2259	10.476963
2260	10.476963
2261	10.476963
2262	10.476963
2263	10.476963
2264	10.476963
2265	10.476963
2266	10.476963
2267	10.476963
2268	10.476963
2269	10.476963
2270	10.476963
2271	10.476963
2272	10.476963
2273	10.476963
2274	10.476963
2275	10.476963
2276	10.476963
2277	10.476963
2278	10.476963
2279	10.476963
2280	10.476963
2281	10.476963
2282	10.476963
2283	10.476963
2284	10.476963
2285	10.476963
2286	10.476963
2287	10.476963
2288	10.476963
2289	10.476963
2290	10.476963
2291	10.476963
2292	10.476963
2293	10.476963
2294	10.476963
2295	10.476963
2296	10.476963
2297	10.476963
2298	10.476963
2299	10.476963
2300	10.476963
2301	10.476963
2302	10.476963
2303	10.476963
2304	10.476963
2305	10.476963
2306	10.476963
2307	10.476963
2308	10.476963
2309	10.476963
2310	10.476963
2311	10.476963
2312	10.476963
2313	10.476963
2314	10.476963
2315	10.476963
2316	10.476963
2317	10.476963
2318	10.476963
2319	10.476963
2320	10.476963
2321	10.476963
2322	10.476963
2323	10.476963
2324	10.476963
2325	10.476963
2326	10.476963
2327	10.476963
2328	10.476963
2329	10.476963
2330	10.476963
2331	10.476963
2332	10.476963
2333	10.476963
2334	10.476963
2335	10.476963
2336	10.476963
2337	10.476963
2338	10.476963
2339	10.476963
2340	10.476963
2341	10.476963
2342	10.476963
2343	10.476963
2344	10.476963
2345	10.476963
2346	10.476963
2347	10.476963
2348	10.476963
2349	10.476963
2350	10.476963
2351	10.476963
2352	10.476963
2353	10.476963
2354	10.476963
2355	10.476963
2356	10.476963
2357	10.476963
2358	10.476963
2359	10.476963
2360	10.476963
2361	10.476963
2362	10.476963
2363	10.476963
2364	10.476963
2365	10.476963
2366	10.476963
2367	10.476963
2368	10.476963
2369	10.476963
2370	10.476963
2371	10.476963
2372	10.476963
2373	10.476963
2374	10.476963
2375	10.476963
2376	10.476963
2377	10.476963
2378	10.476963
2379	10.476963
2380	10.476963
2381	10.476963
2382	10.476963
2383	10.476963
2384	10.476963
2385	10.476963
2386	10.476963
2387	10.476963
2388	10.476963
2389	10.476963
2390	10.476963
2391	10.476963
2392	10.476963
2393	10.476963
2394	10.476963
2395	10.476963
2396	10.476963
2397	10.476963
2398	10.476963
2399	10.476963
2400	10.476963
2401	10.476963
2402	10.476963
2403	10.476963
2404	10.476963
2405	10.476963
2406	10.476963
2407	10.476963
2408	10.476963
2409	10.476963
2410	10.476963
2411	10.476963
2412	10.476963
2413	10.476963
2414	10.476963
2415	10.476963
2416	10.476963
2417	10.476963
2418	10.476963
2419	10.476963
2420	10.476963
2421	10.476963
2422	10.476963
2423	10.476963
2424	10.476963
2425	10.476963
2426	10.476963
2427	10.476963
2428	10.476963
2429	10.476963
2430	10.476963
2431	10.476963
2432	10.476963
2433	10.476963
2434	10.476963
2435	10.476963
2436	10.476963
2437	10.476963
2438	10.476963
2439	10.476963
2440	10.476963
2441	10.476963
2442	10.476963
2443	10.476963
2444	10.476963
2445	10.476963
2446	10.476963
2447	10.476963
2448	10.476963
2449	10.476963
2450	10.476963
2451	10.476963
2452	10.476963
2453	10.476963
2454	10.476963
2455	10.476963
2456	10.476963
2457	10.476963
2458	10.476963
2459	10.476963
2460	10.476963
2461	10.476963
2462	10.476963
2463	10.476963
2464	10.476963
2465	10.476963
2466	10.476963
2467	10.476963
2468	10.476963
2469	10.476963
2470	10.476963
2471	10.476963
2472	10.476963
2473	10.476963
2474	10.476963
2475	10.476963
2476	10.476963
2477	10.476963
2478	10.476963
2479	10.476963
2480	10.476963
2481	10.476963
2482	10.476963
2483	10.476963
2484	10.476963
2485	10.476963
2486	10.476963
2487	10.476963
2488	10.476963
2489	10.476963
2490	10.476963
2491	10.476963
2492	10.476963
2493	10.476963
2494	10.476963
2495	10.476963
2496	10.476963
2497	10.476963
2498	10.476963
2499	10.476963
2500	10.476963
2501	10.476963
2502	10.476963
2503	10.476963
2504	10.476963
2505	10.476963
2506	10.476963
2507	10.476963
2508	10.476963
2509	10.476963
2510	10.476963
2511	10.476963
2512	10.476963
2513	10.476963
2514	10.476963
2515	10.476963
2516	10.476963
2517	10.476963
2518	10.476963
2519	10.476963
2520	10.476963
2521	10.476963
2522	10.476963
2523	10.476963
2524	10.476963
2525	10.476963
2526	10.476963
2527	10.476963
2528	10.476963
2529	10.476963
2530	10.476963
2531	10.476963
2532	10.476963
2533	10.476963
2534	10.476963
2535	10.476963
2536	10.476963
2537	10.476963
2538	10.476963
2539	10.476963
2540	10.476963
2541	10.476963
2542	10.476963
2543	10.476963
2544	10.476963
2545	10.476963
2546	10.476963
2547	10.476963
2548	10.476963
2549	10.476963
2550	10.476963
2551	10.476963
2552	10.476963
2553	10.476963
2554	10.476963
2555	10.476963
2556	10.476963
2557	10.476963
2558	10.476963
2559	10.476963
2560	10.476963
2561	10.476963
2562	10.476963
2563	10.476963
2564	10.476963
2565	10.476963
2566	10.476963
2567	10.476963
2568	10.476963
2569	10.476963
2570	10.476963
2571	10.476963
2572	10.476963
2573	10.476963
2574	10.476963
2575	10.476963
2576	10.476963
2577	10.476963
2578	10.476963
2579	10.476963
2580	10.476963
2581	10.476963
2582	10.476963
2583	10.476963
2584	10.476963
2585	10.476963
2586	10.476963
2587	10.476963
2588	10.476963
2589	10.476963
2590	10.476963
2591	10.476963
2592	10.476963
2593	10.476963
2594	10.476963
2595	10.476963
2596	10.476963
2597	10.476963
2598	10.476963
2599	10.476963
2600	10.476963
2601	10.476963
2602	10.476963
2603	10.476963
2604	10.476963
2605	10.476963
2606	10.476963
2607	10.476963
2608	10.476963
2609	10.476963
2610	10.476963
2611	10.476963
2612	10.476963
2613	10.476963
2614	10.476963
2615	10.476963
2616	10.476963
2617	10.476963
2618	10.476963
2619	10.476963
2620	10.476963
2621	10.476963
2622	10.476963
2623	10.476963
2624	10.476963
2625	10.476963
2626	10.476963
2627	10.476963
2628	10.476963
2629	10.476963
2630	10.476963
2631	10.476963
2632	10.476963
2633	10.476963
2634	10.476963
2635	10.476963
2636	10.476963
2637	10.476963
2638	10.476963
2639	10.476963
2640	10.476963
2641	10.476963
2642	10.476963
2643	10.476963
2644	10.476963
2645	10.476963
2646	10.476963
2647	10.476963
2648	10.476963
2649	10.476963
2650	10.476963
2651	10.476963
2652	10.476963
2653	10.476963
2654	10.476963
2655	10.476963
2656	10.476963
2657	10.476963
2658	10.476963
2659	10.476963
2660	10.476963
2661	10.476963
2662	10.476963
2663	10.476963
2664	10.476963
2665	10.476963
2666	10.476963
2667	10.476963
2668	10.476963
2669	10.476963
2670	10.476963
2671	10.476963
2672	10.476963
2673	10.476963
2674	10.476963
2675	10.476963
2676	10.476963
2677	10.476963
2678	10.476963
2679	10.476963
2680	10.476963
2681	10.476963
2682	10.476963
2683	10.476963
2684	10.476963
2685	10.476963
2686	10.476963
2687	10.476963
2688	10.476963
2689	10.476963
2690	10.476963
2691	10.476963
2692	10.476963
2693	10.476963
2694	10.476963
2695	10.476963
2696	10.476963
2697	10.476963
2698	10.476963
2699	10.476963
2700	10.476963
2701	10.476963
2702	10.476963
2703	10.476963
2704	10.476963
2705	10.476963
2706	10.476963
2707	10.476963
2708	10.476963
2709	10.476963
2710	10.476963
2711	10.476963
2712	10.476963
2713	10.476963
2714	10.476963
2715	10.476963
2716	10.476963
2717	10.476963
2718	10.476963
2719	10.476963
2720	10.476963
2721	10.476963
2722	10.476963
2723	10.476963
2724	10.476963
2725	10.476963
2726	10.476963
2727	10.476963
2728	10.476963
2729	10.476963
2730	10.476963
2731	10.476963
2732	10.476963
2733	10.476963
2734	10.476963
2735	10.476963
2736	10.476963
2737	10.476963
2738	10.476963
2739	10.476963
2740	10.476963
2741	10.476963
2742	10.476963
2743	10.476963
2744	10.476963
2745	10.476963
2746	10.476963
2747	10.476963
2748	10.476963
2749	10.476963
2750	10.476963
2751	10.476963
2752	10.476963
2753	10.476963
2754	10.476963
2755	10.476963
2756	10.476963
2757	10.476963
2758	10.476963
2759	10.476963
2760	10.476963
2761	10.476963
2762	10.476963
2763	10.476963
2764	10.476963
2765	10.476963
2766	10.476963
2767	10.476963
2768	10.476963
2769	10.476963
2770	10.476963
2771	10.476963
2772	10.476963
2773	10.476963
2774	10.476963
2775	10.476963
2776	10.476963
2777	10.476963
2778	10.476963
2779	10.476963
2780	10.476963
2781	10.476963
2782	10.476963
2783	10.476963
2784	10.476963
2785	10.476963
2786	10.476963
2787	10.476963
2788	10.476963
2789	10.476963
2790	10.476963
2791	10.476963
2792	10.476963
2793	10.476963
2794	10.476963
2795	10.476963
2796	10.476963
2797	10.476963
2798	10.476963
2799	10.476963
2800	10.476963
2801	10.476963
2802	10.476963
2803	10.476963
2804	10.476963
2805	10.476963
2806	10.476963
2807	10.476963
2808	10.476963
2809	10.476963
2810	10.476963
2811	10.476963
2812	10.476963
2813	10.476963
2814	10.476963
2815	10.476963
2816	10.476963
2817	10.476963
2818	10.476963
2819	10.476963
2820	10.476963
2821	10.476963
2822	10.476963
2823	10.476963
2824	10.476963
2825	10.476963
2826	10.476963
2827	10.476963
2828	10.476963
2829	10.476963
2830	10.476963
2831	10.476963
2832	10.476963
2833	10.476963
2834	10.476963
2835	10.476963
2836	10.476963
2837	10.476963
2838	10.476963
2839	10.476963
2840	10.476963
2841	10.476963
2842	10.476963
2843	10.476963
2844	10.476963
2845	10.476963
2846	10.476963
2847	10.476963
2848	10.476963
2849	10.476963
2850	10.476963
2851	10.476963
2852	10.476963
2853	10.476963
2854	10.476963
2855	10.476963
2856	10.476963
2857	10.476963
2858	10.476963
2859	10.476963
2860	10.476963
2861	10.476963
2862	10.476963
2863	10.476963
2864	10.476963
2865	10.476963
2866	10.476963
2867	10.476963
2868	10.476963
2869	10.476963
2870	10.476963
2871	10.476963
2872	10.476963
2873	10.476963
2874	10.476963
2875	10.476963
2876	10.476963
2877	10.476963
2878	10.476963
2879	10.476963
2880	10.476963
2881	10.476963
2882	10.476963
2883	10.476963
2884	10.476963
2885	10.476963
2886	10.476963
2887	10.476963
2888	10.476963
2889	10.476963
2890	10.476963
2891	10.476963
2892	10.476963
2893	10.476963
2894	10.476963
2895	10.476963
2896	10.476963
2897	10.476963
2898	10.476963
2899	10.476963
2900	10.476963
2901	10.476963
2902	10.476963
2903	10.476963
2904	10.476963
2905	10.476963
2906	10.476963
2907	10.476963
2908	10.476963
2909	10.476963
2910	10.476963
2911	10.476963
2912	10.476963
2913	10.476963
2914	10.476963
2915	10.476963
2916	10.476963
2917	10.476963
2918	10.476963
2919	10.476963
2920	10.476963
2921	10.476963
2922	10.476963
2923	10.476963
2924	10.476963
2925	10.476963
2926	10.476963
2927	10.476963
2928	10.476963
2929	10.476963
2930	10.476963
2931	10.476963
2932	10.476963
2933	10.476963
2934	10.476963
2935	10.476963
2936	10.476963
2937	10.476963
2938	10.476963
2939	10.476963
2940	10.476963
2941	10.476963
2942	10.476963
2943	10.476963
2944	10.476963
2945	10.476963
2946	10.476963
2947	10.476963
2948	10.476963
2949	10.476963
2950	10.476963
2951	10.476963
2952	10.476963
2953	10.476963
2954	10.476963
2955	10.476963
2956	10.476963
2957	10.476963
2958	10.476963
2959	10.476963
2960	10.476963
2961	10.476963
2962	10.476963
2963	10.476963
2964	10.476963
2965	10.476963
2966	10.476963
2967	10.476963
2968	10.476963
2969	10.476963
2970	10.476963
2971	10.476963
2972	10.476963
2973	10.476963
2974	10.476963
2975	10.476963
2976	10.476963
2977	10.476963
2978	10.476963
2979	10.476963
2980	10.476963
2981	10.476963
2982	10.476963
2983	10.476963
2984	10.476963
2985	10.476963
2986	10.476963
2987	10.476963
2988	10.476963
2989	10.476963
2990	10.476963
2991	10.476963
2992	10.476963
2993	10.476963
2994	10.476963
2995	10.476963
2996	10.476963
2997	10.476963
2998	10.476963
2999	10.476963
3000	10.476963
3001	10.476963
3002	10.476963
3003	10.476963
3004	10.476963
3005	10.476963
3006	10.476963
3007	10.476963
3008	10.476963
3009	10.476963
3010	10.476963
3011	10.476963
3012	10.476963
3013	10.476963
3014	10.476963
3015	10.476963
3016	10.476963
3017	10.476963
3018	10.476963
3019	10.476963
3020	10.476963
3021	10.476963
3022	10.476963
3023	10.476963
3024	10.476963
3025	10.476963
3026	10.476963
3027	10.476963
3028	10.476963
3029	10.476963
3030	10.476963
3031	10.476963
3032	10.476963
3033	10.476963
3034	10.476963
3035	10.476963
3036	10.476963
3037	10.476963
3038	10.476963
3039	10.476963
3040	10.476963
3041	10.476963
3042	10.476963
3043	10.476963
3044	10.476963
3045	10.476963
