1	7.295019
2	7.295019
3	7.300371
4	7.308633
5	7.309923
6	7.233771
7	7.425816
8	7.477116
9	7.450786
10	7.642637
11	7.575943
12	7.578153
13	7.695367
14	7.776965
15	7.776965
16	7.776965
17	7.643835
18	7.648701
19	7.49056
20	7.523164
21	7.526188
22	7.703144
23	7.703144
24	7.824356
25	7.423402
26	7.524974
27	7.390526
28	7.478708
29	7.557332
30	7.664972
31	7.679903
32	7.744031
33	7.744031
34	7.752239
35	7.764494
36	7.858206
37	7.947605
38	7.944527
39	7.97859
40	8.005953
41	8.068008
42	8.089424
43	8.171221
44	8.134327
45	8.19162
46	8.317986
47	8.317986
48	8.319336
49	8.380737
50	8.267515
51	8.193566
52	8.193566
53	8.26118
54	8.130252
55	8.1447
56	8.145962
57	8.168462
58	8.184394
59	8.152264
60	8.092681
61	8.092681
62	8.092681
63	8.46332
64	8.46332
65	8.355968
66	8.330375
67	8.349295
68	8.209987
69	8.209987
70	8.215061
71	8.215061
72	8.234174
73	8.305282
74	8.305282
75	8.120671
76	8.241718
77	8.23981
78	8.25817
79	8.25817
80	8.242238
81	8.23403
82	8.23403
83	8.32507
84	8.448988
85	8.575499
86	8.575499
87	8.575499
88	8.575499
89	8.632342
90	8.632342
91	8.633412
92	8.515857
93	8.529128
94	8.552399
95	8.565155
96	8.490657
97	8.433436
98	8.433436
99	8.440888
100	8.444438
101	8.444438
102	8.447072
103	8.447072
104	8.356032
105	8.214543
106	8.298971
107	8.539085
108	8.561585
109	8.614305
110	8.614305
111	8.705345
112	8.820005
113	8.820005
114	8.834415
115	8.736605
116	8.600885
117	8.590399
118	8.595971
119	8.595971
120	8.595871
121	8.706319
122	8.706319
123	8.713295
124	8.491127
125	8.491127
126	8.492457
127	8.503397
128	8.583557
129	8.583557
130	8.539892
131	8.539892
132	8.539892
133	8.539892
134	8.539892
135	8.548332
136	8.568396
137	9.023564
138	9.023564
139	9.023564
140	9.023564
141	9.164475
142	9.140892
143	9.153267
144	9.224679
145	9.165328
146	9.165328
147	9.165328
148	9.165328
149	9.395866
150	9.41806
151	9.41806
152	9.368818
153	9.400276
154	9.302932
155	9.381303
156	9.401771
157	9.401771
158	9.439756
159	9.417256
160	9.422581
161	9.446206
162	9.446206
163	9.294688
164	9.334473
165	9.309223
166	9.357078
167	9.3383
168	9.3383
169	9.329715
170	9.289369
171	9.296049
172	9.296049
173	9.284817
174	9.311961
175	9.334461
176	9.329714
177	9.329714
178	9.348884
179	9.375263
180	9.352763
181	9.352763
182	9.352763
183	9.428927
184	9.451427
185	9.451427
186	9.511715
187	9.511715
188	9.513005
189	9.513005
190	9.513005
191	9.513005
192	9.513005
193	9.513005
194	9.513005
195	9.550625
196	9.550625
197	9.550625
198	9.550625
199	9.550625
200	9.474461
201	9.460787
202	9.460787
203	9.452918
204	9.452918
205	9.43723
206	9.43723
207	9.43723
208	9.43723
209	9.43723
210	9.43723
211	9.469879
212	9.65915
213	9.65915
214	9.65915
215	9.585526
216	9.585526
217	9.585526
218	9.585526
219	9.604804
220	9.609854
221	9.609854
222	9.609854
223	9.609854
224	9.609854
225	9.609854
226	9.609854
227	9.609854
228	9.609854
229	9.559512
230	9.33245
231	9.280288
232	9.280288
233	9.280288
234	9.281336
235	9.281336
236	9.211364
237	9.213149
238	9.213149
239	9.223696
240	9.53593
241	9.53593
242	9.53593
243	9.53593
244	9.52972
245	9.52972
246	9.575184
247	9.660252
248	9.661307
249	9.70943
250	9.70943
251	9.70943
252	9.70943
253	9.42871
254	9.284994
255	9.429372
256	9.462702
257	9.462702
258	9.462702
259	9.462702
260	9.545685
261	9.545685
262	9.545685
263	9.545685
264	9.545685
265	9.545685
266	9.489169
267	9.489169
268	9.688932
269	9.688932
270	9.674398
271	9.674398
272	9.67654
273	9.52819
274	9.52819
275	9.432388
276	9.480124
277	9.52509
278	9.52509
279	9.52509
280	9.653721
281	9.605985
282	9.627669
283	9.658827
284	9.696397
285	9.696397
286	9.696397
287	9.696397
288	9.696397
289	9.696397
290	9.744133
291	9.744133
292	9.744133
293	9.83531
294	9.83531
295	9.83531
296	9.83531
297	9.83531
298	9.83531
299	9.61285
300	9.61285
301	9.61285
302	9.660916
303	9.660916
304	9.660916
305	9.660916
306	9.660916
307	9.580584
308	9.580584
309	9.580584
310	9.668568
311	9.668568
312	9.668568
313	9.668568
314	9.668568
315	9.807669
316	9.807669
317	9.807669
318	9.807669
319	9.807669
320	9.807669
321	9.807669
322	9.738279
323	9.816787
324	9.816787
325	9.661879
326	9.661879
327	9.661879
328	9.661879
329	9.661879
330	9.661879
331	9.661879
332	9.661879
333	9.823646
334	9.823646
335	9.823646
336	9.701346
337	9.701346
338	9.701346
339	9.713466
340	9.713466
341	9.713466
342	9.69656
343	9.706005
344	9.706005
345	9.706005
346	9.706005
347	9.649381
348	9.658141
349	9.658141
350	9.723391
351	9.638622
352	9.638622
353	9.638622
354	9.638622
355	9.638622
356	9.638622
357	9.638622
358	9.569574
359	9.569574
360	9.569574
361	9.569574
362	9.569574
363	9.620197
364	9.620197
365	9.624547
366	9.665561
367	9.665561
368	9.665561
369	9.665561
370	9.665561
371	9.665561
372	9.665561
373	9.665561
374	9.665561
375	9.665561
376	9.665561
377	9.665561
378	9.609134
379	9.584307
380	9.584307
381	9.599715
382	9.599715
383	9.599715
384	9.443751
385	9.443751
386	9.443751
387	9.443751
388	9.382459
389	9.401467
390	9.401467
391	9.409747
392	9.409747
393	9.413021
394	9.413021
395	9.413021
396	9.413021
397	9.413021
398	9.413021
399	9.413021
400	9.526815
401	9.526815
402	9.41258
403	9.41258
404	9.536566
405	9.536566
406	9.536566
407	9.538297
408	9.538297
409	9.543295
410	9.643951
411	9.643951
412	9.643951
413	9.643951
414	9.643951
415	9.643951
416	9.643951
417	9.643951
418	9.643951
419	9.643951
420	9.643951
421	9.643951
422	9.643951
423	9.650782
424	9.650782
425	9.650782
426	9.650782
427	9.648583
428	9.648583
429	9.65022
430	9.65022
431	9.65022
432	9.731364
433	9.731364
434	9.731364
435	9.731364
436	9.731364
437	9.731364
438	9.731364
439	9.731364
440	9.724533
441	9.623877
442	9.623877
443	9.533368
444	9.533368
445	9.634024
446	9.634024
447	9.634024
448	9.634024
449	9.638574
450	9.638574
451	9.638574
452	9.634024
453	9.633462
454	9.633462
455	9.633462
456	9.633462
457	9.633462
458	9.655157
459	9.655157
460	9.655157
461	9.655157
462	9.655157
463	9.655157
464	9.655157
465	9.692569
466	9.692569
467	9.692569
468	9.692569
469	9.692569
470	9.655953
471	9.655953
472	9.627444
473	9.627444
474	9.627444
475	9.593124
476	9.593124
477	9.593124
478	9.593124
479	9.593124
480	9.682626
481	9.682626
482	9.682626
483	9.682626
484	9.660786
485	9.660786
486	9.660786
487	9.660786
488	9.617106
489	9.617106
490	9.617106
491	9.617106
492	9.617106
493	9.633826
494	9.745146
495	9.745146
496	9.745146
497	9.84277
498	9.84277
499	9.84277
500	9.84277
501	9.84277
502	9.84277
503	9.816303
504	9.816303
505	9.816303
506	9.816303
507	9.956001
508	9.956001
509	9.956001
510	9.956001
511	9.956001
512	9.956001
513	10.085361
514	10.085361
515	10.085361
516	10.085361
517	10.085361
518	10.045947
519	10.045947
520	10.045947
521	10.045947
522	10.045947
523	10.045947
524	10.045947
525	10.054307
526	10.061138
527	10.061138
528	10.061138
529	10.061138
530	10.044418
531	10.044418
532	10.044418
533	10.037587
534	10.044418
535	10.044418
536	10.044418
537	10.044418
538	10.044418
539	10.044418
540	10.024717
541	10.024717
542	10.024717
543	10.024717
544	10.041437
545	10.041437
546	10.041437
547	10.041437
548	10.041437
549	10.041437
550	10.033077
551	10.033077
552	10.033077
553	10.075265
554	10.075265
555	10.075265
556	10.003728
557	10.003728
558	10.003728
559	10.003728
560	10.003728
561	10.003728
562	10.003728
563	10.003728
564	10.012088
565	10.012088
566	10.012088
567	10.012088
568	10.012088
569	9.975348
570	9.975348
571	10.019078
572	10.019078
573	10.019078
574	10.019078
575	10.019078
576	10.019078
577	10.019078
578	10.019078
579	10.019078
580	10.019078
581	10.019078
582	10.019078
583	9.862863
584	9.862863
585	9.862863
586	9.846143
587	9.846143
588	9.846143
589	9.846143
590	9.862863
591	9.88933
592	9.88933
593	9.882499
594	9.882499
595	9.882499
596	9.882499
597	9.882499
598	9.882499
599	9.882499
600	9.882499
601	9.882499
602	9.882499
603	9.882499
604	9.882499
605	9.882499
606	9.882499
607	9.882499
608	9.882499
609	9.882499
610	9.882499
611	9.882499
612	9.882499
613	9.882499
614	9.865779
615	9.865779
616	9.865779
617	9.865779
618	9.865779
619	9.87261
620	9.87261
621	9.87261
622	9.87261
623	9.87261
624	9.806179
625	9.806179
626	9.758206
627	9.758206
628	9.758206
629	9.753481
630	9.753481
631	9.758206
632	9.758206
633	9.758206
634	9.751375
635	9.868375
636	9.868375
637	9.868375
638	9.868375
639	9.868375
640	9.868375
641	9.868375
642	9.868375
643	9.875206
644	9.875206
645	9.868375
646	9.868375
647	9.868375
648	9.868375
649	9.868375
650	9.868375
651	9.868375
652	9.868375
653	9.868375
654	9.968369
655	9.968369
656	9.988808
657	9.988808
658	9.988808
659	9.988808
660	9.988808
661	9.988808
662	9.988808
663	9.988808
664	9.988808
665	9.988808
666	9.988808
667	9.988808
668	9.988808
669	9.988808
670	9.988808
671	9.988808
672	9.988808
673	9.988808
674	9.988808
675	9.988808
676	10.034531
677	10.190746
678	10.263978
679	10.263978
680	10.263978
681	10.263978
682	10.263978
683	10.32933
684	10.32933
685	10.32933
686	10.32933
687	10.32933
688	10.336254
689	10.336254
690	10.336254
691	10.336254
692	10.336254
693	10.336254
694	10.336254
695	10.336254
696	10.336254
697	10.336254
698	10.336254
699	10.336254
700	10.336254
701	10.336254
702	10.336254
703	10.336254
704	10.336254
705	10.336254
706	10.336254
707	10.336254
708	10.336254
709	10.330284
710	10.330284
711	10.330284
712	10.330284
713	10.330284
714	10.330284
715	10.347004
716	10.347004
717	10.347004
718	10.365678
719	10.365678
720	10.365678
721	10.365678
722	10.365678
723	10.382151
724	10.382151
725	10.382151
726	10.382151
727	10.382151
728	10.382151
729	10.405797
730	10.405797
731	10.405797
732	10.405797
733	10.405797
734	10.405797
735	10.405797
736	10.405797
737	10.405797
738	10.405797
739	10.405797
740	10.405797
741	10.423584
742	10.423584
743	10.423584
744	10.423584
745	10.423584
746	10.423584
747	10.423584
748	10.423584
749	10.423584
750	10.406864
751	10.406864
752	10.406864
753	10.406864
754	10.406864
755	10.406864
756	10.406864
757	10.406864
758	10.406864
759	10.406864
760	10.406864
761	10.406864
762	10.406864
763	10.406864
764	10.406864
765	10.406864
766	10.406864
767	10.406864
768	10.406864
769	10.406864
770	10.406864
771	10.406864
772	10.406864
773	10.423584
774	10.423584
775	10.423584
776	10.423584
777	10.423584
778	10.423584
779	10.423584
780	10.423584
781	10.423584
782	10.426768
783	10.426768
784	10.426768
785	10.426768
786	10.426768
787	10.426768
788	10.426768
789	10.426768
790	10.426768
791	10.426768
792	10.426768
793	10.426768
794	10.426768
795	10.426768
796	10.426768
797	10.426768
798	10.426768
799	10.43831
800	10.43831
801	10.43831
802	10.43831
803	10.43831
804	10.43831
805	10.43831
806	10.43831
807	10.43831
808	10.43831
809	10.43831
810	10.43831
811	10.43831
812	10.43831
813	10.43831
814	10.43831
815	10.43831
816	10.43831
817	10.43831
818	10.43831
819	10.43831
820	10.42159
821	10.42159
822	10.42159
823	10.42159
824	10.42159
825	10.42159
826	10.43831
827	10.43831
828	10.43831
829	10.426768
830	10.426768
831	10.426768
832	10.426768
833	10.426768
834	10.426768
835	10.426768
836	10.426768
837	10.426768
838	10.426768
839	10.426768
840	10.426768
841	10.426768
842	10.426768
843	10.426768
844	10.426768
845	10.426768
846	10.426768
847	10.410048
848	10.410048
849	10.410048
850	10.410048
851	10.410048
852	10.410048
853	10.410048
854	10.410048
855	10.410048
856	10.410048
857	10.410048
858	10.410048
859	10.410048
860	10.410048
861	10.410048
862	10.410048
863	10.410048
864	10.410048
865	10.410048
866	10.410048
867	10.410048
868	10.426768
869	10.426768
870	10.426768
871	10.426768
872	10.426768
873	10.426768
874	10.410048
875	10.410048
876	10.410048
877	10.410048
878	10.410048
879	10.426768
880	10.426768
881	10.426768
882	10.426768
883	10.426768
884	10.426768
885	10.426768
886	10.426768
887	10.426768
888	10.426768
889	10.426768
890	10.426768
891	10.426768
892	10.426768
893	10.426768
894	10.426768
895	10.426768
896	10.426768
897	10.426768
898	10.426768
899	10.426768
900	10.426768
901	10.426768
902	10.426768
903	10.426768
904	10.426768
905	10.426768
906	10.426768
907	10.426768
908	10.426768
909	10.426768
910	10.426768
911	10.438856
912	10.438856
913	10.438856
914	10.438856
915	10.438856
916	10.438856
917	10.438856
918	10.438856
919	10.463731
920	10.463731
921	10.463731
922	10.463731
923	10.463731
924	10.463731
925	10.463731
926	10.463731
927	10.463731
928	10.463731
929	10.463731
930	10.463731
931	10.463731
932	10.463731
933	10.463731
934	10.463731
935	10.463731
936	10.463731
937	10.463731
938	10.463731
939	10.463731
940	10.463731
941	10.463731
942	10.463731
943	10.463731
944	10.463731
945	10.463731
946	10.463731
947	10.463731
948	10.463731
949	10.463731
950	10.463731
951	10.463731
952	10.463731
953	10.463731
954	10.463731
955	10.463731
956	10.463731
957	10.463731
958	10.463731
959	10.463731
960	10.463731
961	10.463731
962	10.472885
963	10.472885
964	10.472885
965	10.472885
966	10.472885
967	10.472885
968	10.472885
969	10.472885
970	10.472885
971	10.472885
972	10.472885
973	10.472885
974	10.472885
975	10.472885
976	10.472885
977	10.472885
978	10.472885
979	10.472885
980	10.472885
981	10.472885
982	10.472885
983	10.472885
984	10.472885
985	10.472885
986	10.472885
987	10.472885
988	10.472885
989	10.472885
990	10.472885
991	10.472885
992	10.472885
993	10.472885
994	10.472885
995	10.472885
996	10.472885
997	10.472885
998	10.472885
999	10.472885
1000	10.472885
1001	10.472885
1002	10.472885
1003	10.472885
1004	10.472885
1005	10.472885
1006	10.472885
1007	10.472885
1008	10.472885
1009	10.472885
1010	10.472885
1011	10.472885
1012	10.472885
1013	10.472885
1014	10.472885
1015	10.472885
1016	10.472885
1017	10.472885
1018	10.472885
1019	10.472885
1020	10.472885
1021	10.472885
1022	10.472885
1023	10.472885
1024	10.472885
1025	10.472885
1026	10.472885
1027	10.472885
1028	10.472885
1029	10.472885
1030	10.472885
1031	10.472885
1032	10.472885
1033	10.472885
1034	10.472885
1035	10.472885
1036	10.472885
1037	10.472885
1038	10.472885
1039	10.472885
1040	10.472885
1041	10.472885
1042	10.472885
1043	10.472885
1044	10.472885
1045	10.472885
1046	10.472885
1047	10.472885
1048	10.472885
1049	10.472885
1050	10.472885
1051	10.472885
1052	10.472885
1053	10.472885
1054	10.472885
1055	10.472885
1056	10.472885
1057	10.472885
1058	10.472885
1059	10.472885
1060	10.472885
1061	10.472885
1062	10.472885
1063	10.472885
1064	10.472885
1065	10.472885
1066	10.472885
1067	10.472885
1068	10.472885
1069	10.472885
1070	10.472885
1071	10.472885
1072	10.472885
1073	10.472885
1074	10.472885
1075	10.472885
1076	10.472885
1077	10.472885
1078	10.472885
1079	10.472885
1080	10.472885
1081	10.472885
1082	10.472885
1083	10.472885
1084	10.472885
1085	10.472885
1086	10.472885
1087	10.472885
1088	10.472885
1089	10.472885
1090	10.472885
1091	10.472885
1092	10.472885
1093	10.472885
1094	10.472885
1095	10.472885
1096	10.472885
1097	10.472885
1098	10.472885
1099	10.472885
1100	10.472885
1101	10.472885
1102	10.472885
1103	10.472885
1104	10.472885
1105	10.472885
1106	10.472885
1107	10.472885
1108	10.472885
1109	10.472885
1110	10.472885
1111	10.472885
1112	10.472885
1113	10.472885
1114	10.472885
1115	10.472885
1116	10.472885
1117	10.472885
1118	10.472885
1119	10.472885
1120	10.472885
1121	10.472885
1122	10.472885
1123	10.472885
1124	10.472885
1125	10.472885
1126	10.472885
1127	10.472885
1128	10.472885
1129	10.472885
1130	10.478855
1131	10.478855
1132	10.478855
1133	10.478855
1134	10.478855
1135	10.478855
1136	10.478855
1137	10.478855
1138	10.478855
1139	10.478855
1140	10.478855
1141	10.478855
1142	10.478855
1143	10.478855
1144	10.478855
1145	10.478855
1146	10.478855
1147	10.478855
1148	10.478855
1149	10.478855
1150	10.478855
1151	10.478855
1152	10.478855
1153	10.478855
1154	10.478855
1155	10.478855
1156	10.478855
1157	10.478855
1158	10.478855
1159	10.478855
1160	10.478855
1161	10.478855
1162	10.478855
1163	10.478855
1164	10.478855
1165	10.478855
1166	10.478855
1167	10.478855
1168	10.478855
1169	10.478855
1170	10.478855
1171	10.478855
1172	10.478855
1173	10.478855
1174	10.478855
1175	10.478855
1176	10.478855
1177	10.478855
1178	10.478855
1179	10.478855
1180	10.478855
1181	10.478855
1182	10.478855
1183	10.478855
1184	10.478855
1185	10.478855
1186	10.478855
1187	10.478855
1188	10.478855
1189	10.478855
1190	10.478855
1191	10.478855
1192	10.478855
1193	10.478855
1194	10.478855
1195	10.478855
1196	10.478855
1197	10.478855
1198	10.478855
1199	10.478855
1200	10.478855
1201	10.478855
1202	10.478855
1203	10.478855
1204	10.478855
1205	10.478855
1206	10.478855
1207	10.478855
1208	10.478855
1209	10.478855
1210	10.478855
1211	10.478855
1212	10.478855
1213	10.478855
1214	10.478855
1215	10.478855
1216	10.478855
1217	10.478855
1218	10.478855
1219	10.478855
1220	10.478855
1221	10.478855
1222	10.478855
1223	10.478855
1224	10.478855
1225	10.478855
1226	10.478855
1227	10.478855
1228	10.478855
1229	10.478855
1230	10.478855
1231	10.478855
1232	10.478855
1233	10.478855
1234	10.478855
1235	10.478855
1236	10.478855
1237	10.478855
1238	10.478855
1239	10.478855
1240	10.478855
1241	10.478855
1242	10.478855
1243	10.478855
1244	10.478855
1245	10.478855
1246	10.478855
1247	10.478855
1248	10.478855
1249	10.478855
1250	10.478855
1251	10.478855
1252	10.478855
1253	10.478855
1254	10.478855
1255	10.478855
1256	10.478855
1257	10.478855
1258	10.478855
1259	10.478855
1260	10.478855
1261	10.478855
1262	10.478855
1263	10.478855
1264	10.478855
1265	10.478855
1266	10.478855
1267	10.478855
1268	10.478855
1269	10.478855
1270	10.478855
1271	10.478855
1272	10.478855
1273	10.469543
1274	10.469543
1275	10.469543
1276	10.469543
1277	10.469543
1278	10.469543
1279	10.469543
1280	10.469543
1281	10.469543
1282	10.469543
1283	10.469543
1284	10.469543
1285	10.469543
1286	10.469543
1287	10.469543
1288	10.469543
1289	10.469543
1290	10.469543
1291	10.469543
1292	10.469543
1293	10.469543
1294	10.469543
1295	10.469543
1296	10.469543
1297	10.469543
1298	10.469543
1299	10.469543
1300	10.469543
1301	10.469543
1302	10.469543
1303	10.469543
1304	10.469543
1305	10.469543
1306	10.469543
1307	10.469543
1308	10.469543
1309	10.469543
1310	10.469543
1311	10.469543
1312	10.469543
1313	10.469543
1314	10.469543
1315	10.469543
1316	10.469543
1317	10.469543
1318	10.469543
1319	10.469543
1320	10.469543
1321	10.469543
1322	10.469543
1323	10.469543
1324	10.469543
1325	10.469543
1326	10.469543
1327	10.469543
1328	10.469543
1329	10.469543
1330	10.469543
1331	10.469543
1332	10.469543
1333	10.469543
1334	10.469543
1335	10.469543
1336	10.469543
1337	10.469543
1338	10.469543
1339	10.469543
1340	10.469543
1341	10.469543
1342	10.469543
1343	10.469543
1344	10.469543
1345	10.469543
1346	10.469543
1347	10.469543
1348	10.469543
1349	10.469543
1350	10.469543
1351	10.469543
1352	10.469543
1353	10.469543
1354	10.469543
1355	10.469543
1356	10.469543
1357	10.469543
1358	10.469543
1359	10.469543
1360	10.469543
1361	10.469543
1362	10.469543
1363	10.469543
1364	10.469543
1365	10.469543
1366	10.469543
1367	10.469543
1368	10.469543
1369	10.469543
1370	10.469543
1371	10.469543
1372	10.469543
1373	10.469543
1374	10.469543
1375	10.469543
1376	10.469543
1377	10.469543
1378	10.469543
1379	10.469543
1380	10.469543
1381	10.469543
1382	10.469543
1383	10.469543
1384	10.469543
1385	10.469543
1386	10.469543
1387	10.469543
1388	10.469543
1389	10.469543
1390	10.469543
1391	10.469543
1392	10.469543
1393	10.469543
1394	10.469543
1395	10.469543
1396	10.469543
1397	10.469543
1398	10.469543
1399	10.469543
1400	10.469543
1401	10.469543
1402	10.469543
1403	10.469543
1404	10.469543
1405	10.469543
1406	10.469543
1407	10.469543
1408	10.469543
1409	10.469543
1410	10.469543
1411	10.469543
1412	10.469543
1413	10.469543
1414	10.469543
1415	10.469543
1416	10.469543
1417	10.469543
1418	10.469543
1419	10.469543
1420	10.469543
1421	10.469543
1422	10.469543
1423	10.469543
1424	10.469543
1425	10.469543
1426	10.469543
1427	10.469543
1428	10.469543
1429	10.469543
1430	10.469543
1431	10.469543
1432	10.469543
1433	10.469543
1434	10.469543
1435	10.469543
1436	10.469543
1437	10.469543
1438	10.469543
1439	10.469543
1440	10.469543
1441	10.469543
1442	10.469543
1443	10.469543
1444	10.469543
1445	10.469543
1446	10.469543
1447	10.469543
1448	10.469543
1449	10.469543
1450	10.469543
1451	10.469543
1452	10.469543
1453	10.469543
1454	10.469543
1455	10.469543
1456	10.469543
1457	10.469543
1458	10.469543
1459	10.469543
1460	10.469543
1461	10.469543
1462	10.469543
1463	10.469543
1464	10.469543
1465	10.469543
1466	10.469543
1467	10.469543
1468	10.469543
1469	10.469543
1470	10.469543
1471	10.469543
1472	10.469543
1473	10.469543
1474	10.469543
1475	10.469543
1476	10.469543
1477	10.469543
1478	10.469543
1479	10.469543
1480	10.469543
1481	10.469543
1482	10.469543
1483	10.469543
1484	10.469543
1485	10.469543
1486	10.469543
1487	10.469543
1488	10.469543
1489	10.469543
1490	10.469543
1491	10.469543
1492	10.469543
1493	10.469543
1494	10.469543
1495	10.469543
1496	10.469543
1497	10.469543
1498	10.469543
1499	10.469543
1500	10.469543
1501	10.469543
1502	10.469543
1503	10.469543
1504	10.469543
1505	10.469543
1506	10.469543
1507	10.469543
1508	10.469543
1509	10.469543
1510	10.469543
1511	10.469543
1512	10.537649
1513	10.537649
1514	10.537649
1515	10.537649
1516	10.537649
1517	10.537649
1518	10.537649
1519	10.537649
1520	10.537649
1521	10.537649
1522	10.537649
1523	10.537649
1524	10.537649
1525	10.537649
1526	10.537649
1527	10.537649
1528	10.537649
1529	10.537649
1530	10.537649
1531	10.537649
1532	10.537649
1533	10.537649
1534	10.537649
1535	10.537649
1536	10.537649
1537	10.537649
1538	10.537649
1539	10.537649
1540	10.537649
1541	10.537649
1542	10.537649
1543	10.537649
1544	10.537649
1545	10.537649
1546	10.537649
1547	10.537649
1548	10.537649
1549	10.537649
1550	10.537649
1551	10.537649
1552	10.537649
1553	10.537649
1554	10.537649
1555	10.537649
1556	10.537649
1557	10.537649
1558	10.537649
1559	10.537649
1560	10.537649
1561	10.537649
1562	10.537649
1563	10.537649
1564	10.537649
1565	10.537649
1566	10.537649
1567	10.537649
1568	10.537649
1569	10.537649
1570	10.537649
1571	10.537649
1572	10.537649
1573	10.537649
1574	10.537649
1575	10.537649
1576	10.537649
1577	10.537649
1578	10.537649
1579	10.537649
1580	10.537649
1581	10.537649
1582	10.537649
1583	10.537649
1584	10.537649
1585	10.537649
1586	10.537649
1587	10.537649
1588	10.546961
1589	10.546961
1590	10.546961
1591	10.546961
1592	10.546961
1593	10.546961
1594	10.546961
1595	10.546961
1596	10.546961
1597	10.546961
1598	10.546961
1599	10.546961
1600	10.546961
1601	10.546961
1602	10.546961
1603	10.546961
1604	10.546961
1605	10.546961
1606	10.546961
1607	10.546961
1608	10.546961
1609	10.546961
1610	10.546961
1611	10.546961
1612	10.546961
1613	10.546961
1614	10.546961
1615	10.546961
1616	10.546961
1617	10.546961
1618	10.546961
1619	10.546961
1620	10.546961
1621	10.546961
1622	10.546961
1623	10.546961
1624	10.546961
1625	10.546961
1626	10.546961
1627	10.546961
1628	10.546961
1629	10.546961
1630	10.546961
1631	10.546961
1632	10.546961
1633	10.546961
1634	10.546961
1635	10.546961
1636	10.546961
1637	10.546961
1638	10.546961
1639	10.546961
1640	10.546961
1641	10.546961
1642	10.546961
1643	10.546961
1644	10.546961
1645	10.546961
1646	10.546961
1647	10.546961
1648	10.546961
1649	10.546961
1650	10.546961
1651	10.546961
1652	10.546961
1653	10.546961
1654	10.546961
1655	10.546961
1656	10.546961
1657	10.546961
1658	10.546961
1659	10.546961
1660	10.546961
1661	10.546961
1662	10.546961
1663	10.546961
1664	10.546961
1665	10.546961
1666	10.546961
1667	10.546961
1668	10.546961
1669	10.546961
1670	10.546961
1671	10.546961
1672	10.546961
1673	10.546961
1674	10.546961
1675	10.546961
1676	10.546961
1677	10.546961
1678	10.546961
1679	10.546961
1680	10.546961
1681	10.546961
1682	10.546961
1683	10.546961
1684	10.546961
1685	10.546961
1686	10.546961
1687	10.546961
1688	10.546961
1689	10.546961
1690	10.546961
1691	10.546961
1692	10.546961
1693	10.546961
1694	10.546961
1695	10.546961
1696	10.546961
1697	10.546961
1698	10.546961
1699	10.546961
1700	10.546961
1701	10.546961
1702	10.546961
1703	10.546961
1704	10.546961
1705	10.546961
1706	10.546961
1707	10.546961
1708	10.546961
1709	10.546961
1710	10.546961
1711	10.546961
1712	10.546961
1713	10.546961
1714	10.546961
1715	10.546961
1716	10.546961
1717	10.546961
1718	10.546961
1719	10.546961
1720	10.546961
1721	10.546961
1722	10.546961
1723	10.546961
1724	10.546961
1725	10.546961
1726	10.546961
1727	10.546961
1728	10.546961
1729	10.546961
1730	10.546961
1731	10.546961
1732	10.546961
1733	10.546961
1734	10.546961
1735	10.546961
1736	10.546961
1737	10.546961
1738	10.546961
1739	10.546961
1740	10.546961
1741	10.546961
1742	10.546961
1743	10.546961
1744	10.546961
1745	10.546961
1746	10.546961
1747	10.546961
1748	10.546961
1749	10.546961
1750	10.546961
1751	10.546961
1752	10.546961
1753	10.546961
1754	10.546961
1755	10.546961
1756	10.546961
1757	10.546961
1758	10.546961
1759	10.546961
1760	10.546961
1761	10.546961
1762	10.546961
1763	10.546961
1764	10.546961
1765	10.546961
1766	10.546961
1767	10.546961
1768	10.546961
1769	10.546961
1770	10.546961
1771	10.546961
1772	10.546961
1773	10.546961
1774	10.546961
1775	10.546961
1776	10.546961
1777	10.546961
1778	10.546961
1779	10.546961
1780	10.546961
1781	10.546961
1782	10.546961
1783	10.546961
1784	10.546961
1785	10.546961
1786	10.546961
1787	10.546961
1788	10.546961
1789	10.546961
1790	10.546961
1791	10.546961
1792	10.546961
1793	10.546961
1794	10.546961
1795	10.546961
1796	10.546961
1797	10.546961
1798	10.546961
1799	10.546961
1800	10.546961
1801	10.546961
1802	10.546961
1803	10.546961
1804	10.546961
1805	10.546961
1806	10.546961
1807	10.546961
1808	10.546961
1809	10.546961
1810	10.546961
1811	10.546961
1812	10.546961
1813	10.546961
1814	10.546961
1815	10.546961
1816	10.546961
1817	10.546961
1818	10.546961
1819	10.546961
1820	10.546961
1821	10.546961
1822	10.546961
1823	10.546961
1824	10.546961
1825	10.546961
1826	10.546961
1827	10.546961
1828	10.546961
1829	10.546961
1830	10.546961
1831	10.546961
1832	10.546961
1833	10.546961
1834	10.546961
1835	10.546961
1836	10.546961
1837	10.546961
1838	10.546961
1839	10.546961
1840	10.546961
1841	10.546961
1842	10.546961
1843	10.546961
1844	10.546961
1845	10.546961
1846	10.546961
1847	10.546961
1848	10.546961
1849	10.546961
1850	10.546961
1851	10.546961
1852	10.546961
1853	10.546961
1854	10.546961
1855	10.546961
1856	10.546961
1857	10.546961
1858	10.546961
1859	10.546961
1860	10.546961
1861	10.546961
1862	10.546961
1863	10.546961
1864	10.546961
1865	10.546961
1866	10.546961
1867	10.546961
1868	10.546961
1869	10.546961
1870	10.546961
1871	10.546961
1872	10.546961
1873	10.546961
1874	10.546961
1875	10.546961
1876	10.546961
1877	10.546961
1878	10.546961
1879	10.546961
1880	10.546961
1881	10.546961
1882	10.546961
1883	10.546961
1884	10.546961
1885	10.546961
1886	10.546961
1887	10.546961
1888	10.546961
1889	10.546961
1890	10.546961
1891	10.546961
1892	10.546961
1893	10.546961
1894	10.546961
1895	10.546961
1896	10.546961
1897	10.546961
1898	10.546961
1899	10.546961
1900	10.546961
1901	10.546961
1902	10.546961
1903	10.546961
1904	10.546961
1905	10.546961
1906	10.546961
1907	10.546961
1908	10.546961
1909	10.546961
1910	10.546961
1911	10.546961
1912	10.546961
1913	10.546961
1914	10.546961
1915	10.546961
1916	10.546961
1917	10.546961
1918	10.546961
1919	10.546961
1920	10.546961
1921	10.546961
1922	10.546961
1923	10.546961
1924	10.546961
1925	10.546961
1926	10.546961
1927	10.546961
1928	10.546961
1929	10.546961
1930	10.546961
1931	10.546961
1932	10.546961
1933	10.546961
1934	10.546961
1935	10.546961
1936	10.546961
1937	10.546961
1938	10.546961
1939	10.546961
1940	10.546961
1941	10.546961
1942	10.546961
1943	10.546961
1944	10.546961
1945	10.546961
1946	10.546961
1947	10.546961
1948	10.546961
1949	10.546961
1950	10.546961
1951	10.546961
1952	10.546961
1953	10.546961
1954	10.546961
1955	10.546961
1956	10.546961
1957	10.546961
1958	10.546961
1959	10.546961
1960	10.546961
1961	10.546961
1962	10.546961
1963	10.546961
1964	10.546961
1965	10.546961
1966	10.546961
1967	10.546961
1968	10.546961
1969	10.546961
1970	10.546961
1971	10.546961
1972	10.546961
1973	10.546961
1974	10.546961
1975	10.546961
1976	10.546961
1977	10.546961
1978	10.546961
1979	10.546961
1980	10.546961
1981	10.546961
1982	10.546961
1983	10.546961
1984	10.546961
1985	10.546961
1986	10.546961
1987	10.546961
1988	10.546961
1989	10.546961
1990	10.546961
1991	10.546961
1992	10.546961
1993	10.546961
1994	10.546961
1995	10.546961
1996	10.546961
1997	10.546961
1998	10.546961
1999	10.546961
2000	10.546961
2001	10.546961
2002	10.546961
2003	10.546961
2004	10.546961
2005	10.546961
2006	10.546961
2007	10.546961
2008	10.546961
2009	10.546961
2010	10.546961
2011	10.546961
2012	10.546961
2013	10.546961
2014	10.546961
2015	10.546961
2016	10.546961
2017	10.546961
2018	10.546961
2019	10.546961
2020	10.546961
2021	10.546961
2022	10.546961
2023	10.546961
2024	10.546961
2025	10.546961
2026	10.546961
2027	10.546961
2028	10.546961
2029	10.546961
2030	10.546961
2031	10.546961
2032	10.546961
2033	10.546961
2034	10.546961
2035	10.546961
2036	10.546961
2037	10.546961
2038	10.546961
2039	10.546961
2040	10.546961
2041	10.546961
2042	10.546961
2043	10.546961
2044	10.546961
2045	10.546961
2046	10.546961
2047	10.546961
2048	10.546961
2049	10.546961
2050	10.546961
2051	10.546961
2052	10.546961
2053	10.546961
2054	10.546961
2055	10.546961
2056	10.546961
2057	10.546961
2058	10.546961
2059	10.546961
2060	10.546961
2061	10.546961
2062	10.546961
2063	10.546961
2064	10.546961
2065	10.546961
2066	10.546961
2067	10.546961
2068	10.546961
2069	10.546961
2070	10.546961
2071	10.546961
2072	10.546961
2073	10.546961
2074	10.546961
2075	10.546961
2076	10.546961
2077	10.546961
2078	10.546961
2079	10.546961
2080	10.546961
2081	10.546961
2082	10.546961
2083	10.546961
2084	10.546961
2085	10.546961
2086	10.546961
2087	10.546961
2088	10.546961
2089	10.546961
2090	10.546961
2091	10.546961
2092	10.546961
2093	10.546961
2094	10.546961
2095	10.546961
2096	10.546961
2097	10.546961
2098	10.546961
2099	10.546961
2100	10.546961
2101	10.546961
2102	10.546961
2103	10.546961
2104	10.546961
2105	10.546961
2106	10.546961
2107	10.546961
2108	10.546961
2109	10.546961
2110	10.546961
2111	10.546961
2112	10.546961
2113	10.546961
2114	10.546961
2115	10.546961
2116	10.546961
2117	10.546961
2118	10.546961
2119	10.546961
2120	10.546961
2121	10.546961
2122	10.546961
2123	10.546961
2124	10.546961
2125	10.546961
2126	10.546961
2127	10.546961
2128	10.546961
2129	10.546961
2130	10.546961
2131	10.546961
2132	10.546961
2133	10.546961
2134	10.546961
2135	10.546961
2136	10.546961
2137	10.546961
2138	10.546961
2139	10.546961
2140	10.546961
2141	10.546961
2142	10.546961
2143	10.546961
2144	10.546961
2145	10.546961
2146	10.546961
2147	10.546961
2148	10.546961
2149	10.546961
2150	10.546961
2151	10.546961
2152	10.546961
2153	10.546961
2154	10.546961
2155	10.546961
2156	10.546961
2157	10.546961
2158	10.546961
2159	10.546961
2160	10.546961
2161	10.546961
2162	10.546961
2163	10.546961
2164	10.546961
2165	10.546961
2166	10.546961
2167	10.546961
2168	10.546961
2169	10.546961
2170	10.546961
2171	10.546961
2172	10.546961
2173	10.546961
2174	10.546961
2175	10.546961
2176	10.546961
2177	10.546961
2178	10.546961
2179	10.546961
2180	10.546961
2181	10.546961
2182	10.546961
2183	10.546961
2184	10.546961
2185	10.546961
2186	10.546961
2187	10.546961
2188	10.546961
2189	10.546961
2190	10.546961
2191	10.546961
2192	10.546961
2193	10.546961
2194	10.546961
2195	10.546961
2196	10.546961
2197	10.546961
2198	10.546961
2199	10.546961
2200	10.546961
2201	10.546961
2202	10.546961
2203	10.546961
2204	10.546961
2205	10.546961
2206	10.546961
2207	10.546961
2208	10.546961
2209	10.546961
2210	10.546961
2211	10.546961
2212	10.546961
2213	10.546961
2214	10.546961
2215	10.546961
2216	10.546961
2217	10.546961
2218	10.546961
2219	10.546961
2220	10.546961
2221	10.546961
2222	10.546961
2223	10.546961
2224	10.546961
2225	10.546961
2226	10.546961
2227	10.546961
2228	10.546961
2229	10.546961
2230	10.546961
2231	10.546961
2232	10.546961
2233	10.546961
2234	10.546961
2235	10.546961
2236	10.546961
2237	10.546961
2238	10.546961
2239	10.546961
2240	10.546961
2241	10.546961
2242	10.546961
2243	10.546961
2244	10.546961
2245	10.546961
2246	10.546961
2247	10.546961
2248	10.546961
2249	10.546961
2250	10.546961
2251	10.546961
2252	10.546961
2253	10.546961
2254	10.546961
2255	10.546961
2256	10.546961
2257	10.546961
2258	10.546961
2259	10.546961
2260	10.546961
2261	10.546961
2262	10.546961
2263	10.546961
2264	10.546961
2265	10.546961
2266	10.546961
2267	10.546961
2268	10.546961
2269	10.546961
2270	10.546961
2271	10.546961
2272	10.546961
2273	10.546961
2274	10.546961
2275	10.546961
2276	10.546961
2277	10.546961
2278	10.546961
2279	10.546961
2280	10.546961
2281	10.546961
2282	10.546961
2283	10.546961
2284	10.546961
2285	10.546961
2286	10.546961
2287	10.546961
2288	10.546961
2289	10.546961
2290	10.546961
2291	10.546961
2292	10.546961
2293	10.546961
2294	10.546961
2295	10.546961
2296	10.546961
2297	10.546961
2298	10.546961
2299	10.546961
2300	10.546961
2301	10.546961
2302	10.546961
2303	10.546961
2304	10.546961
2305	10.546961
2306	10.546961
2307	10.546961
2308	10.546961
2309	10.546961
2310	10.546961
2311	10.546961
2312	10.546961
2313	10.546961
2314	10.546961
2315	10.546961
2316	10.546961
2317	10.546961
2318	10.546961
2319	10.546961
2320	10.546961
2321	10.546961
2322	10.546961
2323	10.546961
2324	10.546961
2325	10.546961
2326	10.546961
2327	10.546961
2328	10.546961
2329	10.546961
2330	10.546961
2331	10.546961
2332	10.546961
2333	10.546961
2334	10.546961
2335	10.546961
2336	10.546961
2337	10.546961
2338	10.546961
2339	10.546961
2340	10.546961
2341	10.546961
2342	10.546961
2343	10.546961
2344	10.546961
2345	10.546961
2346	10.546961
2347	10.546961
2348	10.546961
2349	10.546961
2350	10.546961
2351	10.546961
2352	10.546961
2353	10.546961
2354	10.546961
2355	10.546961
2356	10.546961
2357	10.546961
2358	10.546961
2359	10.546961
2360	10.546961
2361	10.546961
2362	10.546961
2363	10.546961
2364	10.546961
2365	10.546961
2366	10.546961
2367	10.546961
2368	10.546961
2369	10.546961
2370	10.546961
2371	10.546961
2372	10.546961
2373	10.546961
2374	10.546961
2375	10.546961
2376	10.546961
2377	10.546961
2378	10.546961
2379	10.546961
2380	10.546961
2381	10.546961
2382	10.546961
2383	10.546961
2384	10.546961
2385	10.546961
2386	10.546961
2387	10.546961
2388	10.546961
2389	10.546961
2390	10.546961
2391	10.546961
2392	10.546961
2393	10.546961
2394	10.546961
2395	10.546961
2396	10.546961
2397	10.546961
2398	10.546961
2399	10.546961
2400	10.546961
2401	10.546961
2402	10.546961
2403	10.546961
2404	10.546961
2405	10.546961
2406	10.546961
2407	10.546961
2408	10.546961
2409	10.546961
2410	10.546961
2411	10.546961
2412	10.546961
2413	10.546961
2414	10.546961
2415	10.546961
2416	10.546961
2417	10.546961
2418	10.546961
2419	10.546961
2420	10.546961
2421	10.546961
2422	10.546961
2423	10.546961
2424	10.546961
2425	10.546961
2426	10.546961
2427	10.546961
2428	10.546961
2429	10.546961
2430	10.546961
2431	10.546961
2432	10.546961
2433	10.546961
2434	10.546961
2435	10.546961
2436	10.546961
2437	10.546961
2438	10.546961
2439	10.546961
2440	10.546961
2441	10.546961
2442	10.546961
2443	10.546961
2444	10.546961
2445	10.546961
2446	10.546961
2447	10.546961
2448	10.546961
2449	10.546961
2450	10.546961
2451	10.546961
2452	10.546961
2453	10.546961
2454	10.546961
2455	10.546961
2456	10.546961
2457	10.546961
2458	10.546961
2459	10.546961
2460	10.546961
2461	10.546961
2462	10.546961
2463	10.546961
2464	10.546961
2465	10.546961
2466	10.546961
2467	10.546961
2468	10.546961
2469	10.546961
2470	10.546961
2471	10.546961
2472	10.546961
2473	10.546961
2474	10.546961
2475	10.546961
2476	10.546961
2477	10.546961
2478	10.546961
2479	10.546961
2480	10.546961
2481	10.546961
2482	10.546961
2483	10.546961
2484	10.546961
2485	10.546961
2486	10.546961
2487	10.546961
2488	10.546961
2489	10.546961
2490	10.546961
2491	10.546961
2492	10.546961
2493	10.546961
2494	10.546961
2495	10.546961
2496	10.546961
2497	10.546961
2498	10.546961
2499	10.546961
2500	10.546961
2501	10.546961
2502	10.546961
2503	10.546961
2504	10.546961
2505	10.546961
2506	10.546961
2507	10.546961
2508	10.546961
2509	10.546961
2510	10.546961
2511	10.546961
2512	10.546961
2513	10.546961
2514	10.546961
2515	10.546961
2516	10.546961
2517	10.546961
2518	10.546961
2519	10.546961
2520	10.546961
2521	10.546961
2522	10.546961
2523	10.546961
2524	10.546961
2525	10.546961
2526	10.546961
2527	10.546961
2528	10.546961
2529	10.546961
2530	10.546961
2531	10.546961
2532	10.546961
2533	10.546961
2534	10.546961
2535	10.546961
2536	10.546961
2537	10.546961
2538	10.546961
2539	10.546961
2540	10.546961
2541	10.546961
2542	10.546961
2543	10.546961
2544	10.546961
2545	10.546961
2546	10.546961
2547	10.546961
2548	10.546961
2549	10.546961
2550	10.546961
2551	10.546961
2552	10.546961
2553	10.546961
2554	10.546961
2555	10.546961
2556	10.546961
2557	10.546961
2558	10.546961
2559	10.546961
2560	10.546961
2561	10.546961
2562	10.546961
2563	10.546961
2564	10.546961
2565	10.546961
2566	10.546961
2567	10.546961
2568	10.546961
2569	10.546961
2570	10.546961
2571	10.546961
2572	10.546961
2573	10.546961
2574	10.546961
2575	10.546961
2576	10.546961
2577	10.546961
2578	10.546961
2579	10.546961
2580	10.546961
2581	10.546961
2582	10.546961
2583	10.546961
2584	10.546961
2585	10.546961
2586	10.546961
2587	10.546961
2588	10.546961
2589	10.546961
2590	10.546961
2591	10.546961
2592	10.546961
2593	10.546961
2594	10.546961
2595	10.546961
2596	10.546961
2597	10.546961
2598	10.546961
2599	10.546961
2600	10.546961
2601	10.546961
2602	10.546961
2603	10.546961
2604	10.546961
2605	10.546961
2606	10.546961
2607	10.546961
2608	10.546961
2609	10.546961
2610	10.546961
2611	10.546961
2612	10.546961
2613	10.546961
2614	10.546961
2615	10.546961
2616	10.546961
2617	10.546961
2618	10.546961
2619	10.546961
2620	10.546961
2621	10.546961
2622	10.546961
2623	10.546961
2624	10.546961
2625	10.546961
2626	10.546961
2627	10.546961
2628	10.546961
2629	10.546961
2630	10.546961
2631	10.546961
2632	10.546961
2633	10.546961
2634	10.546961
2635	10.546961
2636	10.546961
2637	10.546961
2638	10.546961
2639	10.546961
2640	10.546961
2641	10.546961
2642	10.546961
2643	10.546961
2644	10.546961
2645	10.546961
2646	10.546961
2647	10.546961
2648	10.546961
2649	10.546961
2650	10.546961
2651	10.546961
2652	10.546961
2653	10.546961
2654	10.546961
2655	10.546961
2656	10.546961
2657	10.546961
2658	10.546961
2659	10.546961
2660	10.546961
2661	10.546961
2662	10.546961
2663	10.546961
2664	10.546961
2665	10.546961
2666	10.546961
2667	10.546961
2668	10.546961
2669	10.546961
2670	10.546961
2671	10.546961
2672	10.546961
2673	10.546961
2674	10.546961
2675	10.546961
2676	10.546961
2677	10.546961
2678	10.546961
2679	10.546961
2680	10.546961
2681	10.546961
2682	10.546961
2683	10.546961
2684	10.546961
2685	10.546961
2686	10.546961
2687	10.546961
2688	10.546961
2689	10.546961
2690	10.546961
2691	10.546961
2692	10.546961
2693	10.546961
2694	10.546961
2695	10.546961
2696	10.546961
2697	10.546961
2698	10.546961
2699	10.546961
2700	10.546961
2701	10.546961
2702	10.546961
2703	10.546961
2704	10.546961
2705	10.546961
2706	10.546961
2707	10.546961
2708	10.546961
2709	10.546961
2710	10.546961
2711	10.546961
2712	10.546961
2713	10.546961
2714	10.546961
2715	10.546961
2716	10.546961
2717	10.546961
2718	10.546961
2719	10.546961
2720	10.546961
2721	10.546961
2722	10.546961
2723	10.546961
2724	10.546961
2725	10.546961
2726	10.546961
2727	10.546961
2728	10.546961
2729	10.546961
2730	10.546961
2731	10.546961
2732	10.546961
2733	10.546961
2734	10.546961
2735	10.546961
2736	10.546961
2737	10.546961
2738	10.546961
2739	10.546961
2740	10.546961
2741	10.546961
2742	10.546961
2743	10.546961
2744	10.546961
2745	10.546961
2746	10.546961
2747	10.546961
2748	10.546961
2749	10.546961
2750	10.546961
2751	10.546961
2752	10.546961
2753	10.546961
2754	10.546961
2755	10.546961
2756	10.546961
2757	10.546961
2758	10.546961
2759	10.546961
2760	10.546961
2761	10.546961
2762	10.546961
2763	10.546961
2764	10.546961
2765	10.546961
2766	10.546961
2767	10.546961
2768	10.546961
2769	10.546961
2770	10.546961
2771	10.546961
2772	10.546961
2773	10.546961
2774	10.546961
2775	10.546961
2776	10.546961
2777	10.546961
2778	10.546961
2779	10.546961
2780	10.546961
2781	10.546961
2782	10.546961
2783	10.546961
2784	10.546961
2785	10.546961
2786	10.546961
2787	10.546961
2788	10.546961
2789	10.546961
2790	10.546961
2791	10.546961
2792	10.546961
2793	10.546961
2794	10.546961
2795	10.546961
2796	10.546961
2797	10.546961
2798	10.546961
2799	10.546961
2800	10.546961
2801	10.546961
2802	10.546961
2803	10.546961
2804	10.546961
2805	10.546961
2806	10.546961
2807	10.546961
2808	10.546961
2809	10.546961
2810	10.546961
2811	10.546961
2812	10.546961
2813	10.546961
2814	10.546961
2815	10.546961
2816	10.546961
2817	10.546961
2818	10.546961
2819	10.546961
2820	10.546961
2821	10.546961
2822	10.546961
2823	10.546961
2824	10.546961
2825	10.546961
2826	10.546961
2827	10.546961
2828	10.546961
2829	10.546961
2830	10.546961
2831	10.546961
2832	10.546961
2833	10.546961
2834	10.546961
2835	10.546961
2836	10.546961
2837	10.546961
2838	10.546961
2839	10.546961
2840	10.546961
2841	10.546961
2842	10.546961
2843	10.546961
2844	10.546961
2845	10.546961
2846	10.546961
2847	10.546961
2848	10.546961
2849	10.546961
2850	10.546961
2851	10.546961
2852	10.546961
2853	10.546961
2854	10.546961
2855	10.546961
2856	10.546961
2857	10.546961
2858	10.546961
2859	10.546961
2860	10.546961
2861	10.546961
2862	10.546961
2863	10.546961
2864	10.546961
2865	10.546961
2866	10.546961
2867	10.546961
2868	10.546961
2869	10.546961
2870	10.546961
2871	10.546961
2872	10.546961
2873	10.546961
2874	10.546961
2875	10.546961
2876	10.546961
2877	10.546961
2878	10.546961
2879	10.546961
2880	10.546961
2881	10.546961
2882	10.546961
2883	10.546961
2884	10.546961
2885	10.546961
2886	10.546961
2887	10.546961
2888	10.546961
2889	10.546961
2890	10.546961
2891	10.546961
2892	10.546961
2893	10.546961
2894	10.546961
2895	10.546961
2896	10.546961
2897	10.546961
2898	10.546961
2899	10.546961
2900	10.546961
2901	10.546961
2902	10.546961
2903	10.546961
2904	10.546961
2905	10.546961
2906	10.546961
2907	10.546961
2908	10.546961
2909	10.546961
2910	10.546961
2911	10.546961
2912	10.546961
2913	10.546961
2914	10.546961
2915	10.546961
2916	10.546961
2917	10.546961
2918	10.546961
2919	10.546961
2920	10.546961
2921	10.546961
2922	10.546961
2923	10.546961
2924	10.546961
2925	10.546961
2926	10.546961
2927	10.546961
2928	10.546961
2929	10.546961
2930	10.546961
2931	10.546961
2932	10.546961
2933	10.546961
2934	10.546961
2935	10.546961
2936	10.546961
2937	10.546961
2938	10.546961
2939	10.546961
2940	10.546961
2941	10.546961
2942	10.546961
2943	10.546961
2944	10.546961
2945	10.546961
2946	10.546961
2947	10.546961
2948	10.546961
2949	10.546961
2950	10.546961
2951	10.546961
2952	10.546961
2953	10.546961
2954	10.546961
2955	10.546961
2956	10.546961
2957	10.546961
2958	10.546961
2959	10.546961
2960	10.546961
2961	10.546961
2962	10.546961
2963	10.546961
2964	10.546961
2965	10.546961
2966	10.546961
2967	10.546961
2968	10.546961
2969	10.546961
2970	10.546961
2971	10.546961
2972	10.546961
2973	10.546961
2974	10.546961
2975	10.546961
2976	10.546961
2977	10.546961
2978	10.546961
2979	10.546961
2980	10.546961
2981	10.546961
2982	10.546961
2983	10.546961
2984	10.546961
2985	10.546961
2986	10.546961
2987	10.546961
2988	10.546961
2989	10.546961
2990	10.546961
2991	10.546961
2992	10.546961
2993	10.546961
2994	10.546961
2995	10.546961
2996	10.546961
2997	10.546961
2998	10.546961
2999	10.546961
3000	10.546961
3001	10.546961
3002	10.546961
3003	10.546961
3004	10.546961
3005	10.546961
3006	10.546961
3007	10.546961
3008	10.546961
3009	10.546961
3010	10.546961
3011	10.546961
3012	10.546961
3013	10.546961
3014	10.546961
3015	10.546961
3016	10.546961
3017	10.546961
3018	10.546961
3019	10.546961
3020	10.546961
3021	10.546961
3022	10.546961
3023	10.546961
3024	10.546961
3025	10.546961
3026	10.546961
3027	10.546961
3028	10.546961
3029	10.546961
3030	10.546961
3031	10.546961
3032	10.546961
3033	10.546961
3034	10.546961
3035	10.546961
3036	10.546961
3037	10.546961
3038	10.546961
3039	10.546961
3040	10.546961
3041	10.546961
3042	10.546961
3043	10.546961
3044	10.546961
3045	10.546961
3046	10.546961
3047	10.546961
3048	10.546961
3049	10.546961
3050	10.546961
3051	10.546961
3052	10.546961
3053	10.546961
3054	10.546961
3055	10.546961
3056	10.546961
3057	10.546961
3058	10.546961
3059	10.546961
3060	10.546961
3061	10.546961
3062	10.546961
3063	10.546961
3064	10.546961
3065	10.546961
3066	10.546961
3067	10.546961
3068	10.546961
3069	10.546961
3070	10.546961
3071	10.546961
3072	10.546961
3073	10.546961
3074	10.546961
3075	10.546961
3076	10.546961
3077	10.546961
3078	10.546961
3079	10.546961
3080	10.546961
3081	10.546961
3082	10.546961
3083	10.546961
3084	10.546961
3085	10.546961
3086	10.546961
3087	10.546961
3088	10.546961
3089	10.546961
3090	10.546961
3091	10.546961
3092	10.546961
3093	10.546961
3094	10.546961
3095	10.546961
3096	10.546961
3097	10.546961
3098	10.546961
3099	10.546961
3100	10.546961
3101	10.546961
3102	10.546961
3103	10.546961
3104	10.546961
3105	10.546961
3106	10.546961
3107	10.546961
3108	10.546961
3109	10.546961
3110	10.546961
3111	10.546961
3112	10.546961
3113	10.546961
3114	10.546961
3115	10.546961
3116	10.546961
3117	10.546961
3118	10.546961
3119	10.546961
3120	10.546961
3121	10.546961
3122	10.546961
3123	10.546961
3124	10.546961
3125	10.546961
3126	10.546961
3127	10.546961
3128	10.546961
3129	10.546961
3130	10.546961
3131	10.546961
3132	10.546961
3133	10.546961
3134	10.546961
3135	10.546961
3136	10.546961
3137	10.546961
3138	10.546961
3139	10.546961
3140	10.546961
3141	10.546961
3142	10.546961
3143	10.546961
3144	10.546961
3145	10.546961
3146	10.546961
3147	10.546961
3148	10.546961
3149	10.546961
3150	10.546961
3151	10.546961
3152	10.546961
3153	10.546961
3154	10.546961
3155	10.546961
3156	10.546961
3157	10.546961
3158	10.546961
3159	10.546961
3160	10.546961
3161	10.546961
3162	10.546961
3163	10.546961
3164	10.546961
3165	10.546961
3166	10.546961
3167	10.546961
3168	10.546961
3169	10.546961
3170	10.546961
3171	10.546961
3172	10.546961
3173	10.546961
3174	10.546961
3175	10.546961
3176	10.546961
3177	10.546961
3178	10.546961
3179	10.546961
3180	10.546961
3181	10.546961
3182	10.546961
3183	10.546961
3184	10.546961
3185	10.546961
3186	10.546961
3187	10.546961
3188	10.546961
3189	10.546961
3190	10.546961
3191	10.546961
3192	10.546961
3193	10.546961
3194	10.546961
3195	10.546961
3196	10.546961
3197	10.546961
3198	10.546961
3199	10.546961
3200	10.546961
3201	10.546961
3202	10.546961
3203	10.546961
3204	10.546961
3205	10.546961
3206	10.546961
3207	10.546961
3208	10.546961
3209	10.546961
3210	10.546961
3211	10.546961
3212	10.546961
3213	10.546961
3214	10.546961
3215	10.546961
3216	10.546961
3217	10.546961
3218	10.546961
3219	10.546961
3220	10.546961
3221	10.546961
3222	10.546961
3223	10.546961
3224	10.546961
3225	10.546961
3226	10.546961
3227	10.546961
3228	10.546961
3229	10.546961
3230	10.546961
3231	10.546961
3232	10.546961
3233	10.546961
3234	10.546961
3235	10.546961
3236	10.546961
3237	10.546961
3238	10.546961
3239	10.546961
3240	10.546961
3241	10.546961
3242	10.546961
3243	10.546961
3244	10.546961
3245	10.546961
3246	10.546961
3247	10.546961
3248	10.546961
3249	10.546961
3250	10.546961
3251	10.546961
3252	10.546961
3253	10.546961
3254	10.546961
3255	10.546961
3256	10.546961
3257	10.546961
3258	10.546961
3259	10.546961
3260	10.546961
3261	10.546961
3262	10.546961
3263	10.546961
3264	10.546961
3265	10.546961
3266	10.546961
3267	10.546961
3268	10.546961
3269	10.546961
3270	10.546961
3271	10.546961
3272	10.546961
3273	10.546961
3274	10.546961
3275	10.546961
3276	10.546961
3277	10.546961
3278	10.546961
3279	10.546961
3280	10.546961
3281	10.546961
3282	10.546961
3283	10.546961
3284	10.546961
3285	10.546961
3286	10.546961
3287	10.546961
3288	10.546961
3289	10.546961
3290	10.546961
3291	10.546961
3292	10.546961
3293	10.546961
3294	10.546961
3295	10.546961
3296	10.546961
3297	10.546961
3298	10.546961
3299	10.546961
3300	10.546961
3301	10.546961
3302	10.546961
3303	10.546961
3304	10.546961
3305	10.546961
3306	10.546961
3307	10.546961
3308	10.546961
3309	10.546961
3310	10.546961
3311	10.546961
3312	10.546961
3313	10.546961
3314	10.546961
3315	10.546961
3316	10.546961
3317	10.546961
3318	10.546961
3319	10.546961
3320	10.546961
3321	10.546961
3322	10.546961
3323	10.546961
3324	10.546961
3325	10.546961
3326	10.546961
3327	10.546961
3328	10.546961
3329	10.546961
3330	10.546961
3331	10.546961
3332	10.546961
3333	10.546961
3334	10.546961
3335	10.546961
3336	10.546961
3337	10.546961
3338	10.546961
3339	10.546961
3340	10.546961
3341	10.546961
3342	10.546961
3343	10.546961
3344	10.546961
3345	10.546961
3346	10.546961
3347	10.546961
3348	10.546961
3349	10.546961
3350	10.546961
3351	10.546961
3352	10.546961
3353	10.546961
3354	10.546961
3355	10.546961
3356	10.546961
3357	10.546961
3358	10.546961
3359	10.546961
3360	10.546961
3361	10.546961
3362	10.546961
3363	10.546961
3364	10.546961
3365	10.546961
3366	10.546961
3367	10.546961
3368	10.546961
3369	10.546961
3370	10.546961
3371	10.546961
3372	10.546961
3373	10.546961
3374	10.546961
3375	10.546961
3376	10.546961
3377	10.546961
3378	10.546961
3379	10.546961
3380	10.546961
3381	10.546961
3382	10.546961
3383	10.546961
3384	10.546961
3385	10.546961
3386	10.546961
3387	10.546961
3388	10.546961
3389	10.546961
3390	10.546961
3391	10.546961
3392	10.546961
3393	10.546961
3394	10.546961
3395	10.546961
3396	10.546961
3397	10.546961
3398	10.546961
3399	10.546961
3400	10.546961
3401	10.546961
3402	10.546961
3403	10.546961
3404	10.546961
3405	10.546961
3406	10.546961
3407	10.546961
3408	10.546961
3409	10.546961
3410	10.546961
3411	10.546961
3412	10.546961
3413	10.546961
3414	10.546961
3415	10.546961
3416	10.546961
3417	10.546961
3418	10.546961
3419	10.546961
3420	10.546961
3421	10.546961
3422	10.546961
3423	10.546961
3424	10.546961
3425	10.546961
3426	10.546961
3427	10.546961
3428	10.546961
3429	10.546961
3430	10.546961
3431	10.546961
3432	10.546961
3433	10.546961
3434	10.546961
3435	10.546961
3436	10.546961
3437	10.546961
3438	10.546961
3439	10.546961
3440	10.546961
3441	10.546961
3442	10.546961
3443	10.546961
3444	10.546961
3445	10.546961
3446	10.546961
3447	10.546961
3448	10.546961
3449	10.546961
3450	10.546961
3451	10.546961
3452	10.546961
3453	10.546961
3454	10.546961
3455	10.546961
3456	10.546961
3457	10.546961
3458	10.546961
3459	10.546961
3460	10.546961
3461	10.546961
3462	10.546961
3463	10.546961
3464	10.546961
3465	10.546961
3466	10.546961
3467	10.546961
3468	10.546961
3469	10.546961
3470	10.546961
3471	10.546961
3472	10.546961
3473	10.546961
3474	10.546961
3475	10.546961
3476	10.546961
3477	10.546961
3478	10.546961
3479	10.546961
3480	10.546961
3481	10.546961
3482	10.546961
3483	10.546961
3484	10.546961
3485	10.546961
3486	10.546961
3487	10.546961
3488	10.546961
3489	10.546961
3490	10.546961
3491	10.546961
3492	10.546961
3493	10.546961
3494	10.546961
3495	10.546961
3496	10.546961
3497	10.546961
3498	10.546961
3499	10.546961
3500	10.546961
3501	10.546961
3502	10.546961
3503	10.546961
3504	10.546961
3505	10.546961
3506	10.546961
3507	10.546961
3508	10.546961
3509	10.546961
3510	10.546961
3511	10.546961
3512	10.546961
3513	10.546961
3514	10.546961
3515	10.546961
3516	10.546961
3517	10.546961
3518	10.546961
3519	10.546961
3520	10.546961
3521	10.546961
3522	10.546961
3523	10.546961
3524	10.546961
3525	10.546961
3526	10.546961
3527	10.546961
3528	10.546961
3529	10.546961
3530	10.546961
3531	10.546961
3532	10.546961
3533	10.546961
3534	10.546961
3535	10.546961
3536	10.546961
3537	10.546961
3538	10.546961
3539	10.546961
3540	10.546961
3541	10.546961
3542	10.546961
3543	10.546961
3544	10.546961
3545	10.546961
3546	10.546961
3547	10.546961
3548	10.546961
3549	10.546961
3550	10.546961
3551	10.546961
3552	10.546961
3553	10.546961
3554	10.546961
3555	10.546961
3556	10.546961
3557	10.546961
3558	10.546961
3559	10.546961
3560	10.546961
3561	10.546961
3562	10.546961
3563	10.546961
3564	10.546961
3565	10.546961
3566	10.546961
3567	10.546961
3568	10.546961
3569	10.546961
3570	10.546961
3571	10.546961
3572	10.546961
3573	10.546961
3574	10.546961
3575	10.546961
3576	10.546961
3577	10.546961
3578	10.546961
3579	10.546961
3580	10.546961
3581	10.546961
3582	10.546961
3583	10.546961
3584	10.546961
3585	10.546961
3586	10.546961
3587	10.546961
3588	10.546961
3589	10.546961
3590	10.546961
3591	10.546961
3592	10.546961
3593	10.546961
3594	10.546961
3595	10.546961
3596	10.546961
3597	10.546961
3598	10.546961
3599	10.546961
3600	10.546961
3601	10.546961
3602	10.546961
3603	10.546961
3604	10.546961
3605	10.546961
3606	10.546961
3607	10.546961
3608	10.546961
3609	10.546961
3610	10.546961
3611	10.546961
3612	10.546961
3613	10.546961
3614	10.546961
3615	10.546961
3616	10.546961
3617	10.546961
3618	10.546961
3619	10.546961
3620	10.546961
3621	10.546961
3622	10.546961
3623	10.546961
3624	10.546961
3625	10.546961
3626	10.546961
3627	10.546961
3628	10.546961
3629	10.546961
3630	10.546961
3631	10.546961
3632	10.546961
3633	10.546961
3634	10.546961
3635	10.546961
3636	10.546961
3637	10.546961
3638	10.546961
3639	10.546961
3640	10.546961
3641	10.546961
3642	10.546961
3643	10.546961
3644	10.546961
3645	10.546961
3646	10.546961
3647	10.546961
3648	10.546961
3649	10.546961
3650	10.546961
3651	10.546961
3652	10.546961
3653	10.546961
3654	10.546961
3655	10.546961
3656	10.546961
3657	10.546961
3658	10.546961
3659	10.546961
3660	10.546961
3661	10.546961
3662	10.546961
3663	10.546961
3664	10.546961
3665	10.546961
3666	10.546961
3667	10.546961
3668	10.546961
3669	10.546961
3670	10.546961
3671	10.546961
3672	10.546961
3673	10.546961
3674	10.546961
3675	10.546961
3676	10.546961
3677	10.546961
3678	10.546961
3679	10.546961
3680	10.546961
3681	10.546961
3682	10.546961
3683	10.546961
3684	10.546961
3685	10.546961
3686	10.546961
3687	10.546961
3688	10.546961
3689	10.546961
3690	10.546961
3691	10.546961
3692	10.546961
3693	10.546961
3694	10.546961
3695	10.546961
3696	10.546961
3697	10.546961
3698	10.546961
3699	10.546961
3700	10.546961
3701	10.546961
3702	10.546961
3703	10.546961
3704	10.546961
3705	10.546961
3706	10.546961
3707	10.546961
3708	10.546961
3709	10.546961
3710	10.546961
3711	10.546961
3712	10.546961
3713	10.546961
3714	10.546961
3715	10.546961
3716	10.546961
3717	10.546961
3718	10.546961
3719	10.546961
3720	10.546961
3721	10.546961
3722	10.546961
3723	10.546961
3724	10.546961
3725	10.546961
3726	10.546961
3727	10.546961
3728	10.546961
3729	10.546961
3730	10.546961
3731	10.546961
3732	10.546961
3733	10.546961
3734	10.546961
3735	10.546961
3736	10.546961
3737	10.546961
3738	10.546961
3739	10.546961
3740	10.546961
3741	10.546961
3742	10.546961
3743	10.546961
3744	10.546961
3745	10.546961
3746	10.546961
3747	10.546961
3748	10.546961
3749	10.546961
3750	10.546961
3751	10.546961
3752	10.546961
3753	10.546961
3754	10.546961
3755	10.546961
3756	10.546961
3757	10.546961
3758	10.546961
3759	10.546961
3760	10.546961
3761	10.546961
3762	10.546961
3763	10.546961
3764	10.546961
3765	10.546961
3766	10.546961
3767	10.546961
3768	10.546961
3769	10.546961
3770	10.546961
3771	10.546961
3772	10.546961
3773	10.546961
3774	10.546961
3775	10.546961
3776	10.546961
3777	10.546961
3778	10.546961
3779	10.546961
3780	10.546961
3781	10.546961
3782	10.546961
3783	10.546961
3784	10.546961
3785	10.546961
3786	10.546961
3787	10.546961
3788	10.546961
3789	10.546961
3790	10.546961
3791	10.546961
3792	10.546961
3793	10.546961
3794	10.546961
3795	10.546961
3796	10.546961
3797	10.546961
3798	10.546961
3799	10.546961
3800	10.546961
3801	10.546961
3802	10.546961
3803	10.546961
3804	10.546961
3805	10.546961
3806	10.546961
3807	10.546961
3808	10.546961
3809	10.546961
3810	10.546961
3811	10.546961
3812	10.546961
3813	10.546961
3814	10.546961
3815	10.546961
3816	10.546961
3817	10.546961
3818	10.546961
3819	10.546961
3820	10.546961
3821	10.546961
3822	10.546961
3823	10.546961
3824	10.546961
3825	10.546961
3826	10.546961
3827	10.546961
3828	10.546961
3829	10.546961
3830	10.546961
3831	10.546961
3832	10.546961
3833	10.546961
3834	10.546961
3835	10.546961
3836	10.546961
3837	10.546961
3838	10.546961
3839	10.546961
3840	10.546961
3841	10.546961
3842	10.546961
3843	10.546961
3844	10.546961
3845	10.546961
3846	10.546961
3847	10.546961
3848	10.546961
3849	10.546961
3850	10.546961
3851	10.546961
3852	10.546961
3853	10.546961
3854	10.546961
3855	10.546961
3856	10.546961
3857	10.546961
3858	10.546961
3859	10.546961
3860	10.546961
3861	10.546961
3862	10.546961
3863	10.546961
3864	10.546961
3865	10.546961
3866	10.546961
3867	10.546961
3868	10.546961
3869	10.546961
3870	10.546961
3871	10.546961
3872	10.546961
3873	10.546961
3874	10.546961
3875	10.546961
3876	10.546961
3877	10.546961
3878	10.546961
3879	10.546961
3880	10.546961
3881	10.546961
3882	10.546961
3883	10.546961
3884	10.546961
3885	10.546961
3886	10.546961
3887	10.546961
3888	10.546961
3889	10.546961
3890	10.546961
3891	10.546961
3892	10.546961
3893	10.546961
3894	10.546961
3895	10.546961
3896	10.546961
3897	10.546961
3898	10.546961
3899	10.546961
3900	10.546961
3901	10.546961
3902	10.546961
3903	10.546961
3904	10.546961
3905	10.546961
3906	10.546961
3907	10.546961
3908	10.546961
3909	10.546961
3910	10.546961
3911	10.546961
3912	10.546961
3913	10.546961
3914	10.546961
3915	10.546961
3916	10.546961
3917	10.546961
3918	10.546961
3919	10.546961
3920	10.546961
3921	10.546961
3922	10.546961
3923	10.546961
3924	10.546961
3925	10.546961
3926	10.546961
3927	10.546961
3928	10.546961
3929	10.546961
3930	10.546961
3931	10.546961
3932	10.546961
3933	10.546961
3934	10.546961
3935	10.546961
3936	10.546961
3937	10.546961
3938	10.546961
3939	10.546961
3940	10.546961
3941	10.546961
3942	10.546961
3943	10.546961
3944	10.546961
3945	10.546961
3946	10.546961
3947	10.546961
3948	10.546961
3949	10.546961
3950	10.546961
3951	10.546961
3952	10.546961
3953	10.546961
3954	10.546961
3955	10.546961
3956	10.546961
3957	10.546961
3958	10.546961
3959	10.546961
3960	10.546961
3961	10.546961
3962	10.546961
3963	10.546961
3964	10.546961
3965	10.546961
3966	10.546961
3967	10.546961
3968	10.546961
3969	10.546961
3970	10.546961
3971	10.546961
3972	10.546961
3973	10.546961
3974	10.546961
3975	10.546961
3976	10.546961
3977	10.546961
3978	10.546961
3979	10.546961
3980	10.546961
3981	10.546961
3982	10.546961
3983	10.546961
3984	10.546961
3985	10.546961
3986	10.546961
3987	10.546961
3988	10.546961
3989	10.546961
3990	10.546961
3991	10.546961
3992	10.546961
3993	10.546961
3994	10.546961
3995	10.546961
3996	10.546961
3997	10.546961
3998	10.546961
3999	10.546961
4000	10.546961
4001	10.546961
4002	10.546961
4003	10.546961
4004	10.546961
4005	10.546961
4006	10.546961
4007	10.546961
4008	10.546961
4009	10.546961
4010	10.546961
4011	10.546961
4012	10.546961
4013	10.546961
4014	10.546961
4015	10.546961
4016	10.546961
4017	10.546961
4018	10.546961
4019	10.546961
4020	10.546961
4021	10.546961
4022	10.546961
4023	10.546961
4024	10.546961
4025	10.546961
4026	10.546961
4027	10.546961
4028	10.546961
4029	10.546961
4030	10.546961
4031	10.546961
4032	10.546961
4033	10.546961
4034	10.546961
4035	10.546961
4036	10.546961
4037	10.546961
4038	10.546961
4039	10.546961
4040	10.546961
4041	10.546961
4042	10.546961
4043	10.546961
4044	10.546961
4045	10.546961
4046	10.546961
4047	10.546961
4048	10.546961
4049	10.546961
4050	10.546961
4051	10.546961
4052	10.546961
4053	10.546961
4054	10.546961
4055	10.546961
4056	10.546961
4057	10.546961
4058	10.546961
4059	10.546961
4060	10.546961
4061	10.546961
4062	10.546961
