1	6.935639
2	7.044587
3	7.122852
4	7.124879
5	7.126391
6	7.133174
7	7.25188
8	7.253998
9	7.295145
10	7.358025
11	7.358025
12	7.390337
13	7.390842
14	7.390842
15	7.391742
16	7.465838
17	7.464328
18	7.433511
19	7.433511
20	7.432617
21	7.454441
22	7.688873
23	7.742183
24	7.788278
25	7.789768
26	7.771281
27	7.819476
28	7.82307
29	7.835781
30	7.840413
31	7.842099
32	7.842099
33	7.892739
34	7.981314
35	7.990259
36	7.98698
37	8.007336
38	8.121651
39	8.124996
40	8.204284
41	8.094187
42	8.063265
43	8.143253
44	8.276232
45	8.354277
46	8.31333
47	8.298939
48	8.386318
49	8.386318
50	8.352361
51	8.364986
52	8.365119
53	8.369735
54	8.369735
55	8.373313
56	8.374467
57	8.342955
58	8.358435
59	8.385497
60	8.385497
61	8.430897
62	8.450543
63	8.233717
64	8.233717
65	8.238244
66	7.977717
67	7.977717
68	7.977717
69	7.983164
70	7.983164
71	7.983164
72	7.983164
73	8.009048
74	8.00771
75	8.196518
76	8.202933
77	8.202933
78	8.185957
79	8.221516
80	8.223155
81	8.223155
82	8.253287
83	8.215552
84	8.216443
85	8.353326
86	8.190786
87	8.241738
88	8.266323
89	8.317647
90	8.317647
91	8.323571
92	8.282351
93	8.459041
94	8.459041
95	8.612065
96	8.678736
97	8.611979
98	8.4567
99	8.471856
100	8.432503
101	8.420029
102	8.327248
103	8.330228
104	8.334673
105	8.260844
106	8.523386
107	8.201856
108	8.283688
109	8.283688
110	8.311551
111	8.394694
112	8.48066
113	8.534827
114	8.481973
115	8.482718
116	8.397269
117	8.259611
118	8.710683
119	8.605461
120	8.605461
121	8.605461
122	8.605461
123	8.603211
124	8.603211
125	8.604495
126	8.604495
127	8.604495
128	8.604495
129	8.57246
130	8.651523
131	8.651523
132	8.651523
133	8.63254
134	8.63254
135	8.81275
136	8.81275
137	9.067669
138	8.973997
139	8.973997
140	9.008845
141	8.610138
142	8.610138
143	8.610138
144	8.624198
145	8.552453
146	8.552453
147	8.908135
148	8.987841
149	9.066557
150	9.491366
151	9.491366
152	9.491366
153	9.491366
154	9.49583
155	9.527865
156	9.379135
157	9.379135
158	9.39729
159	9.270245
160	9.270245
161	9.276725
162	9.276725
163	9.276725
164	9.276725
165	9.189021
166	9.189021
167	9.219963
168	9.260353
169	9.260353
170	9.260353
171	9.260353
172	9.260353
173	9.260353
174	9.253251
175	9.253251
176	9.253251
177	9.432703
178	9.432703
179	9.379056
180	9.379056
181	9.379056
182	9.379056
183	9.443556
184	9.443556
185	9.698123
186	9.698123
187	9.698123
188	9.698123
189	9.548562
190	9.548562
191	9.45853
192	9.45853
193	9.518654
194	9.598251
195	9.740952
196	9.740952
197	9.318341
198	9.318341
199	9.345962
200	9.356504
201	9.356504
202	9.356504
203	9.356504
204	9.472294
205	9.472294
206	9.472294
207	9.472294
208	9.472294
209	9.472294
210	9.729107
211	9.701486
212	9.724265
213	9.768468
214	9.796089
215	9.782229
216	9.782229
217	9.782229
218	9.611722
219	9.611722
220	9.611722
221	9.611722
222	9.611722
223	9.611722
224	9.611722
225	9.611722
226	9.64836
227	9.64836
228	9.813674
229	9.813674
230	9.813674
231	9.813674
232	9.813674
233	9.862142
234	9.826801
235	9.826801
236	9.826801
237	9.826801
238	9.826801
239	10.036818
240	10.036818
241	10.036818
242	10.036818
243	10.036818
244	10.05483
245	10.036818
246	10.086993
247	10.086993
248	10.086993
249	10.086993
250	10.086993
251	10.113265
252	10.113265
253	10.113265
254	10.113265
255	10.113265
256	10.113265
257	10.113265
258	10.113265
259	10.131277
260	10.056055
261	9.945448
262	9.945448
263	9.946816
264	9.879198
265	9.879198
266	9.63771
267	9.63771
268	9.63771
269	9.474735
270	9.474735
271	9.474735
272	9.474735
273	9.45658
274	9.592544
275	9.55423
276	9.55423
277	9.55423
278	9.55423
279	9.543688
280	9.543688
281	9.55423
282	9.590098
283	9.563399
284	9.466954
285	9.466954
286	9.466954
287	9.466954
288	9.488041
289	9.662517
290	9.634985
291	9.634985
292	9.93386
293	9.93386
294	9.93386
295	9.93386
296	9.93386
297	9.93386
298	9.93386
299	9.93386
300	9.906974
301	9.906974
302	9.897026
303	9.897026
304	9.897026
305	9.897026
306	9.924558
307	9.805543
308	9.924558
309	9.880778
310	9.880778
311	10.052445
312	10.052445
313	9.867574
314	9.867574
315	9.867574
316	9.875062
317	9.875062
318	9.904568
319	9.904568
320	9.904568
321	9.904568
322	10.039687
323	10.058175
324	10.200829
325	10.200829
326	10.230348
327	10.230348
328	10.252657
329	10.252657
330	10.252657
331	10.251655
332	10.281306
333	10.281306
334	10.351548
335	10.216518
336	10.151967
337	10.151967
338	10.151967
339	10.151967
340	10.151967
341	10.043162
342	10.091658
343	9.922228
344	9.922228
345	9.955624
346	9.955624
347	9.884346
348	9.884346
349	9.884346
350	9.884346
351	9.884346
352	9.93728
353	9.93728
354	9.93728
355	9.844296
356	9.845102
357	9.845102
358	9.845102
359	9.845102
360	9.845102
361	9.845102
362	9.940437
363	9.940437
364	9.940437
365	9.919532
366	9.919532
367	9.919532
368	10.093539
369	10.094127
370	10.094127
371	10.050148
372	10.039606
373	10.039606
374	10.039606
375	10.039606
376	10.039606
377	10.039606
378	10.203448
379	10.203448
380	10.203448
381	10.203448
382	10.203448
383	10.203448
384	10.203448
385	10.203448
386	10.203448
387	10.220648
388	10.220648
389	10.220648
390	10.220648
391	10.146999
392	10.146999
393	10.146999
394	10.146999
395	9.932364
396	9.932364
397	9.932364
398	9.932364
399	9.9849
400	9.9849
401	9.9849
402	9.932364
403	9.932364
404	9.932364
405	9.9849
406	9.9849
407	9.9849
408	9.9849
409	9.9849
410	9.9849
411	9.9849
412	9.9849
413	9.851172
414	9.869052
415	9.869052
416	10.00278
417	10.013322
418	9.945355
419	10.074124
420	10.12303
421	10.12303
422	10.207083
423	10.052394
424	10.052394
425	10.098174
426	10.229948
427	10.184168
428	10.184168
429	10.184168
430	10.184168
431	10.184168
432	10.207083
433	10.207083
434	10.252863
435	10.252057
436	10.252057
437	10.24549
438	10.24549
439	10.24549
440	10.24549
441	10.24549
442	10.24549
443	10.24549
444	10.24549
445	10.24549
446	10.24549
447	10.24549
448	10.24549
449	10.24549
450	10.24549
451	10.24549
452	10.196584
453	10.196584
454	10.019129
455	10.019129
456	9.973349
457	10.179513
458	10.179513
459	10.179513
460	10.179513
461	10.131788
462	10.211469
463	10.211469
464	10.212275
465	10.212275
466	10.074411
467	10.123317
468	10.010193
469	9.932384
470	9.932384
471	9.932384
472	9.932384
473	9.932384
474	9.932384
475	9.932384
476	9.932384
477	9.932384
478	9.932384
479	9.970065
480	9.970065
481	9.970065
482	9.970065
483	9.954145
484	9.954145
485	9.954145
486	9.954145
487	9.954145
488	10.00187
489	10.00187
490	10.092446
491	10.128707
492	10.013884
493	10.013884
494	10.083124
495	10.017892
496	10.017892
497	9.985075
498	9.961394
499	9.961394
500	9.961394
501	9.961394
502	9.999476
503	10.046691
504	10.114351
505	10.021732
506	10.021732
507	10.021732
508	10.07314
509	10.07314
510	10.07314
511	10.07314
512	10.07314
513	10.035058
514	10.058488
515	10.088779
516	10.088779
517	10.033059
518	10.033059
519	10.033059
520	10.033059
521	10.033059
522	9.981488
523	9.981488
524	9.981488
525	9.981488
526	9.981488
527	9.981488
528	9.981488
529	9.981488
530	9.981488
531	9.960596
532	10.138051
533	10.138051
534	10.138051
535	10.138051
536	10.138051
537	10.148893
538	10.148893
539	10.148893
540	10.148893
541	10.205237
542	10.205237
543	10.205237
544	10.205237
545	10.205237
546	10.205237
547	10.446654
548	10.424694
549	10.424694
550	10.424694
551	10.445118
552	10.445118
553	10.167517
554	10.167517
555	10.184033
556	10.181048
557	10.184232
558	10.28364
559	10.28364
560	10.28364
561	10.28364
562	10.332021
563	10.332021
564	10.332021
565	10.332021
566	10.332021
567	10.332021
568	10.332021
569	10.332021
570	10.215227
571	10.215227
572	10.215227
573	10.215227
574	10.193976
575	10.193976
576	10.193976
577	10.213431
578	10.244304
579	10.385904
580	10.465703
581	10.465703
582	10.465703
583	10.465703
584	10.465703
585	10.465703
586	10.465703
587	10.465703
588	10.463713
589	10.344862
590	10.344862
591	10.344862
592	10.344862
593	10.344862
594	10.344862
595	10.344862
596	10.344862
597	10.344862
598	10.344862
599	10.344862
600	10.344862
601	10.344862
602	10.344862
603	10.344862
604	10.196607
605	10.196607
606	10.196607
607	10.196607
608	10.196607
609	10.196607
610	10.296015
611	10.296015
612	10.296015
613	10.296015
614	10.296015
615	10.523445
616	10.523445
617	10.523445
618	10.523445
619	10.523445
620	10.523445
621	10.523445
622	10.523445
623	10.523445
624	10.523445
625	10.523445
626	10.523445
627	10.523445
628	10.523445
629	10.523445
630	10.523445
631	10.523445
632	10.523445
633	10.523445
634	10.54832
635	10.54832
636	10.54832
637	10.54832
638	10.54832
639	10.54832
640	10.54832
641	10.54832
642	10.54832
643	10.54832
644	10.54832
645	10.54832
646	10.54832
647	10.54832
648	10.54832
649	10.54832
650	10.54832
651	10.54832
652	10.54832
653	10.54832
654	10.54832
655	10.54832
656	10.54832
657	10.54832
658	10.54832
659	10.741141
660	10.610398
661	10.610398
662	10.610398
663	10.610398
664	10.610398
665	10.610398
666	10.610398
667	10.610398
668	10.610398
669	10.610398
670	10.610398
671	10.610398
672	10.610398
673	10.668904
674	10.668904
675	10.668904
676	10.668904
677	10.668904
678	10.668904
679	10.668904
680	10.668904
681	10.668904
682	10.668904
683	10.668904
684	10.668904
685	10.668904
686	10.668904
687	10.668904
688	10.668904
689	10.668904
690	10.668904
691	10.668904
692	10.668904
693	10.668904
694	10.668904
695	10.668904
696	10.668904
697	10.668904
698	10.581678
699	10.581678
700	10.626651
701	10.626651
702	10.626651
703	10.617105
704	10.617105
705	10.617105
706	10.640079
707	10.640079
708	10.640079
709	10.650819
710	10.650819
711	10.650819
712	10.650819
713	10.650819
714	10.650819
715	10.650819
716	10.650819
717	10.650819
718	10.650819
719	10.650819
720	10.657386
721	10.657386
722	10.657386
723	10.657386
724	10.650819
725	10.650819
726	10.650819
727	10.650819
728	10.650819
729	10.650819
730	10.650819
731	10.650819
732	10.650819
733	10.650819
734	10.650819
735	10.650819
736	10.650819
737	10.650819
738	10.650819
739	10.650819
740	10.650819
741	10.650819
742	10.650819
743	10.650819
744	10.650819
745	10.650819
746	10.650819
747	10.666739
748	10.666739
749	10.666739
750	10.666739
751	10.666739
752	10.666739
753	10.666739
754	10.705055
755	10.705055
756	10.705055
757	10.705055
758	10.705055
759	10.705055
760	10.705055
761	10.705055
762	10.705055
763	10.705055
764	10.705055
765	10.705055
766	10.705055
767	10.705055
768	10.705055
769	10.709524
770	10.709524
771	10.709524
772	10.709524
773	10.709524
774	10.709524
775	10.709524
776	10.709524
777	10.709524
778	10.709524
779	10.709524
780	10.709524
781	10.709524
782	10.713305
783	10.713305
784	10.713305
785	10.713305
786	10.713305
787	10.713305
788	10.713305
789	10.713305
790	10.713305
791	10.713305
792	10.797179
793	10.797179
794	10.797179
795	10.797179
796	10.797179
797	10.811462
798	10.811462
799	10.811462
800	10.920862
801	10.920862
802	10.916484
803	10.916484
804	10.916484
805	10.916484
806	10.916484
807	10.916484
808	10.916484
809	10.916484
810	10.916484
811	10.916484
812	10.916484
813	10.916484
814	11.00371
815	11.00371
816	11.00371
817	11.00371
818	11.00371
819	11.00371
820	11.00371
821	11.00371
822	11.00371
823	11.00371
824	11.00371
825	11.00371
826	11.00371
827	11.00371
828	11.00371
829	11.00371
830	11.00371
831	11.00371
832	11.00371
833	11.00371
834	11.00371
835	11.00371
836	11.00371
837	11.00371
838	11.00371
839	11.00371
840	11.00371
841	11.00371
842	11.00371
843	10.923773
844	10.923773
845	10.923773
846	10.923773
847	10.923773
848	10.932529
849	10.932529
850	10.932529
851	10.932529
852	10.932529
853	10.932529
854	10.932529
855	10.943474
856	10.943474
857	10.943474
858	10.943474
859	10.943474
860	10.943474
861	10.943474
862	10.943474
863	10.943474
864	10.943474
865	10.962137
866	10.962137
867	11.037497
868	11.037497
869	11.037497
870	11.023292
871	10.975532
872	10.975532
873	10.975532
874	10.975532
875	10.975532
876	10.975532
877	10.975532
878	10.975532
879	10.975532
880	10.975532
881	10.975532
882	10.975532
883	10.975532
884	10.975532
885	10.975532
886	10.975532
887	10.975532
888	10.975532
889	10.971624
890	10.971624
891	10.971624
892	10.971624
893	10.971624
894	10.965057
895	10.965057
896	10.965057
897	10.965057
898	10.965057
899	10.965057
900	10.965057
901	10.965057
902	11.012817
903	11.012817
904	11.012817
905	11.012817
906	11.012817
907	11.012817
908	11.012817
909	11.009633
910	11.009633
911	11.009633
912	11.009633
913	11.009633
914	11.009633
915	11.009633
916	11.009633
917	11.009633
918	11.005164
919	11.005164
920	11.005164
921	11.005164
922	11.005164
923	11.005164
924	11.005164
925	11.005164
926	11.005164
927	11.005164
928	11.005164
929	11.005164
930	11.005164
931	11.005164
932	11.005164
933	11.001383
934	11.005164
935	11.005164
936	11.005164
937	11.005164
938	11.005164
939	11.005164
940	11.005164
941	11.005164
942	11.005164
943	11.005164
944	11.005164
945	11.005164
946	11.005164
947	11.005164
948	11.005164
949	11.005164
950	11.005164
951	11.005164
952	11.005164
953	11.005164
954	11.005164
955	11.005164
956	11.005164
957	11.005164
958	11.02785
959	11.02785
960	11.02785
961	11.02785
962	11.02785
963	11.02785
964	11.02785
965	11.02785
966	11.02785
967	11.02785
968	11.02785
969	11.02785
970	11.02785
971	11.02785
972	11.02785
973	11.02785
974	11.02785
975	11.02785
976	11.02785
977	11.02785
978	11.02785
979	11.02785
980	11.02785
981	11.02785
982	11.02785
983	11.02785
984	11.02785
985	11.02785
986	11.02785
987	11.02785
988	11.02785
989	11.02785
990	11.02785
991	11.02785
992	11.02785
993	11.02785
994	11.02785
995	11.02785
996	11.02785
997	11.02785
998	11.02785
999	11.02785
1000	11.02785
1001	11.02785
1002	11.02785
1003	11.02785
1004	11.02785
1005	11.047551
1006	11.047551
1007	11.047551
1008	11.047551
1009	11.047551
1010	11.047551
1011	11.047551
1012	11.047551
1013	11.047551
1014	11.047551
1015	11.047551
1016	11.047551
1017	11.047551
1018	11.047551
1019	11.047551
1020	11.047551
1021	11.047551
1022	11.047551
1023	11.047551
1024	11.047551
1025	11.047551
1026	11.047551
1027	11.047551
1028	11.047551
1029	11.047551
1030	11.047551
1031	11.047551
1032	11.047551
1033	11.047551
1034	11.047551
1035	11.047551
1036	11.047551
1037	11.047551
1038	11.047551
1039	11.047551
1040	11.047551
1041	11.047551
1042	11.047551
1043	11.047551
1044	11.05202
1045	11.05202
1046	11.05202
1047	11.05202
1048	11.05202
1049	11.05202
1050	11.05202
1051	11.05202
1052	11.05202
1053	11.05202
1054	11.05202
1055	11.05202
1056	11.05202
1057	11.05202
1058	11.05202
1059	11.05202
1060	11.05202
1061	11.05202
1062	11.05202
1063	11.05202
1064	11.05202
1065	11.05202
1066	11.05202
1067	11.037113
1068	11.037113
1069	11.037113
1070	11.037113
1071	11.037113
1072	11.037113
1073	11.037113
1074	11.037113
1075	11.037113
1076	11.037113
1077	11.037113
1078	11.037113
1079	11.037113
1080	11.037113
1081	11.037113
1082	11.037113
1083	11.037113
1084	11.037113
1085	11.037113
1086	11.037113
1087	11.037113
1088	11.037113
1089	11.037113
1090	11.037113
1091	11.037113
1092	11.037113
1093	11.037113
1094	11.037113
1095	11.037113
1096	11.037113
1097	11.037113
1098	11.037113
1099	11.037113
1100	11.037113
1101	11.037113
1102	11.037113
1103	11.037113
1104	11.037113
1105	11.037113
1106	11.037113
1107	11.037113
1108	11.037113
1109	11.037113
1110	11.037113
1111	11.037113
1112	11.037113
1113	11.037113
1114	11.037113
1115	11.037113
1116	11.037113
1117	11.037113
1118	11.037113
1119	11.037113
1120	11.037113
1121	11.037113
1122	11.037113
1123	11.037113
1124	11.037113
1125	11.037113
1126	11.037113
1127	11.037113
1128	11.037113
1129	11.037113
1130	11.037113
1131	11.037113
1132	11.037113
1133	11.037113
1134	11.037113
1135	11.037113
1136	11.037113
1137	11.037113
1138	11.037113
1139	11.037113
1140	11.037113
1141	11.037113
1142	11.037113
1143	11.037113
1144	11.037113
1145	11.037113
1146	11.037113
1147	11.037113
1148	11.037113
1149	11.037113
1150	11.037113
1151	11.037113
1152	11.037113
1153	11.037113
1154	11.037113
1155	11.037113
1156	11.037113
1157	11.037113
1158	11.037113
1159	11.037113
1160	11.037113
1161	11.037113
1162	11.037113
1163	11.037113
1164	11.037113
1165	11.037113
1166	11.037113
1167	11.037113
1168	11.037113
1169	11.037113
1170	11.037113
1171	11.037113
1172	11.037113
1173	11.04368
1174	11.04368
1175	11.04368
1176	11.04368
1177	11.04368
1178	11.04368
1179	11.04368
1180	11.04368
1181	11.04368
1182	11.04368
1183	11.04368
1184	11.04368
1185	11.04368
1186	11.04368
1187	11.04368
1188	11.04368
1189	11.04368
1190	11.04368
1191	11.04368
1192	11.04368
1193	11.04368
1194	11.04368
1195	11.04368
1196	11.04368
1197	11.04368
1198	11.04368
1199	11.04368
1200	11.04368
1201	11.04368
1202	11.04368
1203	11.04368
1204	11.04368
1205	11.04368
1206	11.04368
1207	11.04368
1208	11.04368
1209	11.04368
1210	11.04368
1211	11.119188
1212	11.119188
1213	11.119188
1214	11.119188
1215	11.119188
1216	11.119188
1217	11.119188
1218	11.119188
1219	11.119188
1220	11.112621
1221	11.112621
1222	11.112621
1223	11.112621
1224	11.112621
1225	11.112621
1226	11.112621
1227	11.112621
1228	11.112621
1229	11.112621
1230	11.112621
1231	11.112621
1232	11.112621
1233	11.112621
1234	11.112621
1235	11.112621
1236	11.112621
1237	11.112621
1238	11.112621
1239	11.112621
1240	11.112621
1241	11.112621
1242	11.112621
1243	11.112621
1244	11.112621
1245	11.112621
1246	11.112621
1247	11.117198
1248	11.117198
1249	11.117198
1250	11.117198
1251	11.117198
1252	11.117198
1253	11.117198
1254	11.117198
1255	11.117198
1256	11.117198
1257	11.117198
1258	11.117198
1259	11.117198
1260	11.117198
1261	11.117198
1262	11.117198
1263	11.117198
1264	11.117198
1265	11.117198
1266	11.117198
1267	11.117198
1268	11.117198
1269	11.117198
1270	11.117198
1271	11.117198
1272	11.117198
1273	11.117198
1274	11.117198
1275	11.117198
1276	11.117198
1277	11.117198
1278	11.117198
1279	11.117198
1280	11.117198
1281	11.117198
1282	11.117198
1283	11.117198
1284	11.117198
1285	11.117198
1286	11.117198
1287	11.117198
1288	11.117198
1289	11.117198
1290	11.117198
1291	11.117198
1292	11.117198
1293	11.117198
1294	11.117198
1295	11.117198
1296	11.117198
1297	11.117198
1298	11.117198
1299	11.117198
1300	11.117198
1301	11.117198
1302	11.117198
1303	11.117198
1304	11.123765
1305	11.123765
1306	11.123765
1307	11.123765
1308	11.123765
1309	11.123765
1310	11.123765
1311	11.123765
1312	11.123765
1313	11.123765
1314	11.123765
1315	11.123765
1316	11.123765
1317	11.123765
1318	11.123765
1319	11.123765
1320	11.123765
1321	11.123765
1322	11.123765
1323	11.123765
1324	11.123765
1325	11.123765
1326	11.123765
1327	11.123765
1328	11.123765
1329	11.123765
1330	11.123765
1331	11.123765
1332	11.123765
1333	11.123765
1334	11.123765
1335	11.123765
1336	11.123765
1337	11.123765
1338	11.119188
1339	11.119188
1340	11.119188
1341	11.119188
1342	11.119188
1343	11.119188
1344	11.119188
1345	11.119188
1346	11.119188
1347	11.119188
1348	11.119188
1349	11.119188
1350	11.119188
1351	11.119188
1352	11.119188
1353	11.119188
1354	11.119188
1355	11.119188
1356	11.119188
1357	11.119188
1358	11.119188
1359	11.119188
1360	11.119188
1361	11.119188
1362	11.119188
1363	11.119188
1364	11.119188
1365	11.119188
1366	11.119188
1367	11.119188
1368	11.119188
1369	11.119188
1370	11.119188
1371	11.119188
1372	11.119188
1373	11.119188
1374	11.119188
1375	11.119188
1376	11.119188
1377	11.119188
1378	11.119188
1379	11.119188
1380	11.119188
1381	11.119188
1382	11.119188
1383	11.119188
1384	11.119188
1385	11.119188
1386	11.119188
1387	11.119188
1388	11.119188
1389	11.119188
1390	11.119188
1391	11.119188
1392	11.119188
1393	11.119188
1394	11.119188
1395	11.119188
1396	11.119188
1397	11.119188
1398	11.119188
1399	11.119188
1400	11.119188
1401	11.119188
1402	11.119188
1403	11.119188
1404	11.119188
1405	11.119188
1406	11.119188
1407	11.119188
1408	11.119188
1409	11.119188
1410	11.119188
1411	11.119188
1412	11.119188
1413	11.119188
1414	11.119188
1415	11.119188
1416	11.119188
1417	11.119188
1418	11.119188
1419	11.119188
1420	11.119188
1421	11.119188
1422	11.119188
1423	11.119188
1424	11.119188
1425	11.119188
1426	11.119188
1427	11.119188
1428	11.119188
1429	11.119188
1430	11.119188
1431	11.119188
1432	11.119188
1433	11.119188
1434	11.119188
1435	11.119188
1436	11.119188
1437	11.119188
1438	11.119188
1439	11.119188
1440	11.119188
1441	11.119188
1442	11.119188
1443	11.119188
1444	11.119188
1445	11.119188
1446	11.119188
1447	11.119188
1448	11.119188
1449	11.119188
1450	11.119188
1451	11.119188
1452	11.119188
1453	11.119188
1454	11.119188
1455	11.119188
1456	11.119188
1457	11.119188
1458	11.119188
1459	11.119188
1460	11.119188
1461	11.119188
1462	11.119188
1463	11.119188
1464	11.119188
1465	11.119188
1466	11.119188
1467	11.119188
1468	11.119188
1469	11.119188
1470	11.119188
1471	11.119188
1472	11.119188
1473	11.119188
1474	11.119188
1475	11.119188
1476	11.119188
1477	11.119188
1478	11.119188
1479	11.119188
1480	11.119188
1481	11.119188
1482	11.119188
1483	11.119188
1484	11.119188
1485	11.119188
1486	11.119188
1487	11.119188
1488	11.119188
1489	11.119188
1490	11.119188
1491	11.123765
1492	11.123765
1493	11.123765
1494	11.123765
1495	11.123765
1496	11.123765
1497	11.123765
1498	11.123765
1499	11.123765
1500	11.123765
1501	11.123765
1502	11.123765
1503	11.123765
1504	11.123765
1505	11.123765
1506	11.123765
1507	11.123765
1508	11.123765
1509	11.123765
1510	11.123765
1511	11.123765
1512	11.123765
1513	11.123765
1514	11.123765
1515	11.123765
1516	11.123765
1517	11.123765
1518	11.123765
1519	11.123765
1520	11.123765
1521	11.123765
1522	11.123765
1523	11.123765
1524	11.123765
1525	11.123765
1526	11.123765
1527	11.123765
1528	11.123765
1529	11.123765
1530	11.123765
1531	11.123765
1532	11.123765
1533	11.123765
1534	11.123765
1535	11.123765
1536	11.123765
1537	11.123765
1538	11.123765
1539	11.123765
1540	11.123765
1541	11.123765
1542	11.123765
1543	11.123765
1544	11.123765
1545	11.123765
1546	11.123765
1547	11.123765
1548	11.123765
1549	11.123765
1550	11.123765
1551	11.123765
1552	11.123765
1553	11.123765
1554	11.123765
1555	11.123765
1556	11.123765
1557	11.123765
1558	11.123765
1559	11.123765
1560	11.123765
1561	11.123765
1562	11.123765
1563	11.123765
1564	11.119984
1565	11.119984
1566	11.119984
1567	11.119984
1568	11.119984
1569	11.119984
1570	11.119984
1571	11.119984
1572	11.119984
1573	11.119984
1574	11.119984
1575	11.119984
1576	11.119984
1577	11.119984
1578	11.119984
1579	11.119984
1580	11.119984
1581	11.119984
1582	11.119984
1583	11.119984
1584	11.119984
1585	11.119984
1586	11.119984
1587	11.119984
1588	11.119984
1589	11.119984
1590	11.119984
1591	11.119984
1592	11.119984
1593	11.119984
1594	11.119984
1595	11.119984
1596	11.119984
1597	11.119984
1598	11.119984
1599	11.119984
1600	11.119984
1601	11.119984
1602	11.119984
1603	11.113417
1604	11.113417
1605	11.113417
1606	11.113417
1607	11.113417
1608	11.113417
1609	11.113417
1610	11.113417
1611	11.113417
1612	11.113417
1613	11.113417
1614	11.113417
1615	11.113417
1616	11.113417
1617	11.113417
1618	11.113417
1619	11.113417
1620	11.113417
1621	11.113417
1622	11.113417
1623	11.113417
1624	11.113417
1625	11.113417
1626	11.113417
1627	11.113417
1628	11.113417
1629	11.113417
1630	11.113417
1631	11.113417
1632	11.113417
1633	11.113417
1634	11.113417
1635	11.113417
1636	11.113417
1637	11.113417
1638	11.113417
1639	11.113417
1640	11.113417
1641	11.113417
1642	11.113417
1643	11.113417
1644	11.113417
1645	11.113417
1646	11.113417
1647	11.113417
1648	11.113417
1649	11.113417
1650	11.113417
1651	11.113417
1652	11.113417
1653	11.113417
1654	11.113417
1655	11.113417
1656	11.113417
1657	11.113417
1658	11.113417
1659	11.113417
1660	11.113417
1661	11.113417
1662	11.113417
1663	11.113417
1664	11.113417
1665	11.113417
1666	11.113417
1667	11.113417
1668	11.113417
1669	11.113417
1670	11.113417
1671	11.117198
1672	11.117198
1673	11.117198
1674	11.117198
1675	11.117198
1676	11.117198
1677	11.117198
1678	11.117198
1679	11.117198
1680	11.117198
1681	11.117198
1682	11.117198
1683	11.112621
1684	11.112621
1685	11.112621
1686	11.112621
1687	11.112621
1688	11.112621
1689	11.112621
1690	11.112621
1691	11.112621
1692	11.112621
1693	11.112621
1694	11.112621
1695	11.112621
1696	11.112621
1697	11.112621
1698	11.112621
1699	11.112621
1700	11.112621
1701	11.112621
1702	11.112621
1703	11.112621
1704	11.112621
1705	11.112621
1706	11.112621
1707	11.112621
1708	11.112621
1709	11.112621
1710	11.112621
1711	11.112621
1712	11.112621
1713	11.112621
1714	11.112621
1715	11.112621
1716	11.112621
1717	11.112621
1718	11.112621
1719	11.112621
1720	11.112621
1721	11.112621
1722	11.112621
1723	11.112621
1724	11.112621
1725	11.112621
1726	11.112621
1727	11.112621
1728	11.112621
1729	11.112621
1730	11.112621
1731	11.112621
1732	11.112621
1733	11.112621
1734	11.112621
1735	11.112621
1736	11.112621
1737	11.112621
1738	11.112621
1739	11.112621
1740	11.112621
1741	11.112621
1742	11.112621
1743	11.112621
1744	11.112621
1745	11.112621
1746	11.112621
1747	11.112621
1748	11.112621
1749	11.112621
1750	11.112621
1751	11.112621
1752	11.112621
1753	11.112621
1754	11.112621
1755	11.112621
1756	11.112621
1757	11.112621
1758	11.112621
1759	11.112621
1760	11.112621
1761	11.112621
1762	11.112621
1763	11.112621
1764	11.112621
1765	11.112621
1766	11.112621
1767	11.112621
1768	11.112621
1769	11.112621
1770	11.112621
1771	11.112621
1772	11.112621
1773	11.112621
1774	11.112621
1775	11.112621
1776	11.112621
1777	11.112621
1778	11.112621
1779	11.117198
1780	11.117198
1781	11.117198
1782	11.117198
1783	11.117198
1784	11.117198
1785	11.117198
1786	11.117198
1787	11.117198
1788	11.117198
1789	11.117198
1790	11.117198
1791	11.117198
1792	11.117198
1793	11.117198
1794	11.117198
1795	11.117198
1796	11.117198
1797	11.117198
1798	11.117198
1799	11.117198
1800	11.117198
1801	11.117198
1802	11.117198
1803	11.117198
1804	11.117198
1805	11.117198
1806	11.117198
1807	11.117198
1808	11.117198
1809	11.117198
1810	11.117198
1811	11.117198
1812	11.117198
1813	11.117198
1814	11.117198
1815	11.117198
1816	11.117198
1817	11.117198
1818	11.117198
1819	11.117198
1820	11.117198
1821	11.117198
1822	11.117198
1823	11.117198
1824	11.117198
1825	11.117198
1826	11.117198
1827	11.117198
1828	11.117198
1829	11.117198
1830	11.117198
1831	11.117198
1832	11.117198
1833	11.117198
1834	11.117198
1835	11.117198
1836	11.117198
1837	11.117198
1838	11.117198
1839	11.117198
1840	11.117198
1841	11.117198
1842	11.117198
1843	11.117198
1844	11.117198
1845	11.117198
1846	11.117198
1847	11.117198
1848	11.117198
1849	11.117198
1850	11.117198
1851	11.117198
1852	11.117198
1853	11.117198
1854	11.117198
1855	11.117198
1856	11.117198
1857	11.117198
1858	11.117198
1859	11.117198
1860	11.117198
1861	11.117198
1862	11.117198
1863	11.117198
1864	11.117198
1865	11.117198
1866	11.117198
1867	11.117198
1868	11.117198
1869	11.117198
1870	11.117198
1871	11.117198
1872	11.117198
1873	11.117198
1874	11.117198
1875	11.117198
1876	11.117198
1877	11.117198
1878	11.117198
1879	11.117198
1880	11.117198
1881	11.117198
1882	11.117198
1883	11.117198
1884	11.117198
1885	11.117198
1886	11.117198
1887	11.117198
1888	11.117198
1889	11.117198
1890	11.117198
1891	11.117198
1892	11.117198
1893	11.117198
1894	11.117198
1895	11.117198
1896	11.117198
1897	11.117198
1898	11.117198
1899	11.117198
1900	11.117198
1901	11.117198
1902	11.117198
1903	11.117198
1904	11.117198
1905	11.117198
1906	11.117198
1907	11.117198
1908	11.117198
1909	11.117198
1910	11.117198
1911	11.117198
1912	11.117198
1913	11.117198
1914	11.117198
1915	11.117198
1916	11.117198
1917	11.117198
1918	11.117198
1919	11.117198
1920	11.117198
1921	11.117198
1922	11.117198
1923	11.117198
1924	11.117198
1925	11.117198
1926	11.117198
1927	11.117198
1928	11.117198
1929	11.117198
1930	11.117198
1931	11.117198
1932	11.117198
1933	11.117198
1934	11.117198
1935	11.117198
1936	11.117198
1937	11.117198
1938	11.117198
1939	11.117198
1940	11.117198
1941	11.117198
1942	11.117198
1943	11.117198
1944	11.117198
1945	11.117198
1946	11.117198
1947	11.117198
1948	11.117198
1949	11.117198
1950	11.117198
1951	11.117198
1952	11.117198
1953	11.117198
1954	11.117198
1955	11.117198
1956	11.117198
1957	11.117198
1958	11.117198
1959	11.117198
1960	11.117198
1961	11.117198
1962	11.117198
1963	11.117198
1964	11.117198
1965	11.117198
1966	11.117198
1967	11.117198
1968	11.117198
1969	11.117198
1970	11.117198
1971	11.117198
1972	11.117198
1973	11.117198
1974	11.117198
1975	11.117198
1976	11.117198
1977	11.117198
1978	11.117198
1979	11.117198
1980	11.117198
1981	11.117198
1982	11.117198
1983	11.117198
1984	11.117198
1985	11.117198
1986	11.117198
1987	11.117198
1988	11.117198
1989	11.117198
1990	11.117198
1991	11.117198
1992	11.117198
1993	11.117198
1994	11.117198
1995	11.117198
1996	11.117198
1997	11.117198
1998	11.117198
1999	11.117198
2000	11.117198
2001	11.117198
2002	11.117198
2003	11.117198
2004	11.117198
2005	11.117198
2006	11.117198
2007	11.117198
2008	11.117198
2009	11.117198
2010	11.117198
2011	11.117198
2012	11.117198
2013	11.117198
2014	11.117198
2015	11.117198
2016	11.117198
2017	11.117198
2018	11.117198
2019	11.117198
2020	11.117198
2021	11.117198
2022	11.117198
2023	11.117198
2024	11.117198
2025	11.117198
2026	11.117198
2027	11.117198
2028	11.117198
2029	11.117198
2030	11.117198
2031	11.117198
2032	11.117198
2033	11.117198
2034	11.117198
2035	11.117198
2036	11.117198
2037	11.117198
2038	11.117198
2039	11.117198
2040	11.117198
2041	11.117198
2042	11.117198
2043	11.117198
2044	11.117198
2045	11.117198
2046	11.117198
2047	11.117198
2048	11.117198
2049	11.117198
2050	11.117198
2051	11.117198
2052	11.117198
2053	11.117198
2054	11.117198
2055	11.117198
2056	11.117198
2057	11.117198
2058	11.117198
2059	11.117198
2060	11.117198
2061	11.117198
2062	11.117198
2063	11.117198
2064	11.117198
2065	11.117198
2066	11.117198
2067	11.117198
2068	11.117198
2069	11.117198
2070	11.117198
2071	11.117198
2072	11.117198
2073	11.117198
2074	11.117198
2075	11.117198
2076	11.117198
2077	11.117198
2078	11.117198
2079	11.117198
2080	11.117198
2081	11.117198
2082	11.117198
2083	11.117198
2084	11.117198
2085	11.117198
2086	11.117198
2087	11.117198
2088	11.117198
2089	11.117198
2090	11.117198
2091	11.117198
2092	11.117198
2093	11.117198
2094	11.117198
2095	11.117198
2096	11.117198
2097	11.117198
2098	11.117198
2099	11.117198
2100	11.117198
2101	11.117198
2102	11.117198
2103	11.117198
2104	11.117198
2105	11.117198
2106	11.117198
2107	11.117198
2108	11.117198
2109	11.117198
2110	11.117198
2111	11.117198
2112	11.117198
2113	11.117198
2114	11.117198
2115	11.117198
2116	11.117198
2117	11.117198
2118	11.117198
2119	11.117198
2120	11.117198
2121	11.117198
2122	11.117198
2123	11.117198
2124	11.117198
2125	11.117198
2126	11.117198
2127	11.117198
2128	11.117198
2129	11.117198
2130	11.117198
2131	11.117198
2132	11.117198
2133	11.117198
2134	11.117198
2135	11.117198
2136	11.117198
2137	11.117198
2138	11.117198
2139	11.117198
2140	11.117198
2141	11.117198
2142	11.117198
2143	11.117198
2144	11.117198
2145	11.117198
2146	11.117198
2147	11.117198
2148	11.117198
2149	11.117198
2150	11.117198
2151	11.117198
2152	11.117198
2153	11.117198
2154	11.117198
2155	11.117198
2156	11.117198
2157	11.117198
2158	11.117198
2159	11.117198
2160	11.117198
2161	11.112621
2162	11.112621
2163	11.112621
2164	11.112621
2165	11.112621
2166	11.112621
2167	11.112621
2168	11.112621
2169	11.112621
2170	11.112621
2171	11.112621
2172	11.112621
2173	11.119188
2174	11.119188
2175	11.119188
2176	11.119188
2177	11.119188
2178	11.119188
2179	11.119188
2180	11.119188
2181	11.119188
2182	11.119188
2183	11.119188
2184	11.119188
2185	11.119188
2186	11.119188
2187	11.119188
2188	11.119188
2189	11.119188
2190	11.119188
2191	11.119188
2192	11.119188
2193	11.119188
2194	11.119188
2195	11.119188
2196	11.119188
2197	11.119188
2198	11.119188
2199	11.119188
2200	11.119188
2201	11.119188
2202	11.119188
2203	11.119188
2204	11.119188
2205	11.119188
2206	11.119188
2207	11.119188
2208	11.119188
2209	11.119188
2210	11.119188
2211	11.119188
2212	11.119188
2213	11.119188
2214	11.119188
2215	11.119188
2216	11.119188
2217	11.119188
2218	11.119188
2219	11.119188
2220	11.119188
2221	11.119188
2222	11.119188
2223	11.119188
2224	11.119188
2225	11.119188
2226	11.119188
2227	11.119188
2228	11.119188
2229	11.119188
2230	11.119188
2231	11.119188
2232	11.119188
2233	11.119188
2234	11.119188
2235	11.119188
2236	11.119188
2237	11.119188
2238	11.119188
2239	11.119188
2240	11.119188
2241	11.119188
2242	11.119188
2243	11.119188
2244	11.119188
2245	11.119188
2246	11.119188
2247	11.119188
2248	11.119188
2249	11.119188
2250	11.119188
2251	11.119188
2252	11.119188
2253	11.119188
2254	11.119188
2255	11.119188
2256	11.119188
2257	11.119188
2258	11.119188
2259	11.119188
2260	11.119188
2261	11.119188
2262	11.119188
2263	11.119188
2264	11.119188
2265	11.119188
2266	11.119188
2267	11.119188
2268	11.119188
2269	11.119188
2270	11.119188
2271	11.119188
2272	11.119188
2273	11.119188
2274	11.119188
2275	11.119188
2276	11.119188
2277	11.119188
2278	11.119188
2279	11.119188
2280	11.119188
2281	11.119188
2282	11.119188
2283	11.119188
2284	11.119188
2285	11.119188
2286	11.119188
2287	11.119188
2288	11.119188
2289	11.119188
2290	11.119188
2291	11.119188
2292	11.119188
2293	11.119188
2294	11.119188
2295	11.119188
2296	11.119188
2297	11.119188
2298	11.119188
2299	11.119188
2300	11.119188
2301	11.119188
2302	11.119188
2303	11.119188
2304	11.119188
2305	11.119188
2306	11.119188
2307	11.119188
2308	11.119188
2309	11.119188
2310	11.119188
2311	11.119188
2312	11.119188
2313	11.119188
2314	11.119188
2315	11.119188
2316	11.119188
2317	11.119188
2318	11.119188
2319	11.119188
2320	11.119188
2321	11.119188
2322	11.119188
2323	11.119188
2324	11.119188
2325	11.119188
2326	11.119188
2327	11.119188
2328	11.119188
2329	11.119188
2330	11.119188
2331	11.119188
2332	11.119188
2333	11.119188
2334	11.119188
2335	11.119188
2336	11.119188
2337	11.119188
2338	11.119188
2339	11.119188
2340	11.119188
2341	11.119188
2342	11.119188
2343	11.119188
2344	11.119188
2345	11.119188
2346	11.119188
2347	11.119188
2348	11.119188
2349	11.119188
2350	11.119188
2351	11.119188
2352	11.119188
2353	11.119188
2354	11.119188
2355	11.119188
2356	11.119188
2357	11.119188
2358	11.119188
2359	11.119188
2360	11.119188
2361	11.119188
2362	11.119188
2363	11.119188
2364	11.119188
2365	11.119188
2366	11.119188
2367	11.119188
2368	11.119188
2369	11.119188
2370	11.119188
2371	11.119188
2372	11.119188
2373	11.119188
2374	11.119188
2375	11.119188
2376	11.119188
2377	11.119188
2378	11.119188
2379	11.119188
2380	11.119188
2381	11.119188
2382	11.119188
2383	11.119188
2384	11.119188
2385	11.119188
2386	11.119188
2387	11.119188
2388	11.119188
2389	11.119188
2390	11.119188
2391	11.119188
2392	11.119188
2393	11.119188
2394	11.119188
2395	11.119188
2396	11.119188
2397	11.119188
2398	11.119188
2399	11.119188
2400	11.119188
2401	11.119188
2402	11.119188
2403	11.119188
2404	11.119188
2405	11.119188
2406	11.119188
2407	11.119188
2408	11.119188
2409	11.119188
2410	11.119188
2411	11.119188
2412	11.119188
2413	11.119188
2414	11.119188
2415	11.119188
2416	11.119188
2417	11.119188
2418	11.119188
2419	11.119188
2420	11.119188
2421	11.119188
2422	11.119188
2423	11.119188
2424	11.119188
2425	11.119188
2426	11.119188
2427	11.119188
2428	11.119188
2429	11.119188
2430	11.119188
2431	11.119188
2432	11.119188
2433	11.119188
2434	11.119188
2435	11.119188
2436	11.119188
2437	11.119188
2438	11.119188
2439	11.119188
2440	11.119188
2441	11.119188
2442	11.119188
2443	11.119188
2444	11.119188
2445	11.119188
2446	11.119188
2447	11.119188
2448	11.119188
2449	11.119188
2450	11.119188
2451	11.119188
2452	11.119188
2453	11.119188
2454	11.119188
2455	11.119188
2456	11.119188
2457	11.119188
2458	11.119188
2459	11.119188
2460	11.119188
2461	11.119188
2462	11.119188
2463	11.119188
2464	11.119188
2465	11.119188
2466	11.119188
2467	11.119188
2468	11.119188
2469	11.119188
2470	11.119188
2471	11.119188
2472	11.119188
2473	11.119188
2474	11.119188
2475	11.119188
2476	11.119188
2477	11.119188
2478	11.119188
2479	11.119188
2480	11.119188
2481	11.119188
2482	11.119188
2483	11.119188
2484	11.119188
2485	11.119188
2486	11.119188
2487	11.119188
2488	11.119188
2489	11.119188
2490	11.119188
2491	11.119188
2492	11.119188
2493	11.119188
2494	11.119188
2495	11.119188
2496	11.119188
2497	11.119188
2498	11.119188
2499	11.119188
2500	11.119188
2501	11.119188
2502	11.119188
2503	11.119188
2504	11.119188
2505	11.119188
2506	11.119188
2507	11.119188
2508	11.119188
2509	11.119188
2510	11.119188
2511	11.119188
2512	11.119188
2513	11.119188
2514	11.119188
2515	11.119188
2516	11.119188
2517	11.119188
2518	11.119188
2519	11.119188
2520	11.119188
2521	11.119188
2522	11.119188
2523	11.119188
2524	11.119188
2525	11.119188
2526	11.119188
2527	11.119188
2528	11.119188
2529	11.119188
2530	11.119188
2531	11.119188
2532	11.119188
2533	11.119188
2534	11.119188
2535	11.119188
2536	11.119188
2537	11.119188
2538	11.119188
2539	11.119188
2540	11.119188
2541	11.119188
2542	11.119188
2543	11.119188
2544	11.119188
2545	11.119188
2546	11.119188
2547	11.119188
2548	11.119188
2549	11.119188
2550	11.119188
2551	11.119188
2552	11.119188
2553	11.119188
2554	11.119188
2555	11.119188
2556	11.119188
2557	11.119188
2558	11.119188
2559	11.119188
2560	11.119188
2561	11.119188
2562	11.119188
2563	11.119188
2564	11.119188
2565	11.119188
2566	11.119188
2567	11.119188
2568	11.119188
2569	11.119188
2570	11.119188
2571	11.119188
2572	11.119188
2573	11.119188
2574	11.119188
2575	11.119188
2576	11.119188
2577	11.119188
2578	11.119188
2579	11.119188
2580	11.119188
2581	11.119188
2582	11.119188
2583	11.119188
2584	11.119188
2585	11.119188
2586	11.119188
2587	11.119188
2588	11.119188
2589	11.119188
2590	11.119188
2591	11.119188
2592	11.119188
2593	11.119188
2594	11.119188
2595	11.119188
2596	11.119188
2597	11.119188
2598	11.119188
2599	11.119188
2600	11.119188
2601	11.119188
2602	11.119188
2603	11.119188
2604	11.119188
2605	11.119188
2606	11.119188
2607	11.119188
2608	11.119188
2609	11.119188
2610	11.119188
2611	11.119188
2612	11.119188
2613	11.119188
2614	11.119188
2615	11.119188
2616	11.119188
2617	11.119188
2618	11.119188
2619	11.119188
2620	11.119188
2621	11.119188
2622	11.119188
2623	11.119188
2624	11.119188
2625	11.119188
2626	11.119188
2627	11.119188
2628	11.119188
2629	11.119188
2630	11.119188
2631	11.119188
2632	11.119188
2633	11.119188
2634	11.119188
2635	11.119188
2636	11.119188
2637	11.119188
2638	11.119188
2639	11.119188
2640	11.119188
2641	11.119188
2642	11.119188
2643	11.119188
2644	11.119188
2645	11.119188
2646	11.119188
2647	11.119188
2648	11.119188
2649	11.119188
2650	11.119188
2651	11.119188
2652	11.119188
2653	11.119188
2654	11.119188
2655	11.119188
2656	11.119188
2657	11.119188
2658	11.119188
2659	11.119188
2660	11.119188
2661	11.119188
2662	11.119188
2663	11.119188
2664	11.119188
2665	11.119188
2666	11.119188
2667	11.119188
2668	11.119188
2669	11.119188
2670	11.119188
2671	11.119188
2672	11.119188
2673	11.119188
2674	11.119188
2675	11.119188
2676	11.119188
2677	11.119188
2678	11.119188
2679	11.119188
2680	11.119188
2681	11.119188
2682	11.119188
2683	11.119188
2684	11.119188
2685	11.119188
2686	11.119188
2687	11.119188
2688	11.119188
2689	11.119188
2690	11.119188
2691	11.119188
2692	11.119188
2693	11.119188
2694	11.119188
2695	11.119188
2696	11.119188
2697	11.119188
2698	11.119188
2699	11.119188
2700	11.119188
2701	11.119188
2702	11.119188
2703	11.119188
2704	11.119188
2705	11.119188
2706	11.119188
2707	11.119188
2708	11.119188
2709	11.119188
2710	11.119188
2711	11.119188
2712	11.119188
2713	11.119188
2714	11.119188
2715	11.119188
2716	11.119188
2717	11.119188
2718	11.119188
2719	11.119188
2720	11.119188
2721	11.119188
2722	11.119188
2723	11.119188
2724	11.119188
2725	11.119188
2726	11.119188
2727	11.119188
2728	11.119188
2729	11.119188
2730	11.119188
2731	11.119188
2732	11.119188
2733	11.119188
2734	11.119188
2735	11.119188
2736	11.119188
2737	11.119188
2738	11.119188
2739	11.119188
2740	11.119188
2741	11.119188
2742	11.119188
2743	11.119188
2744	11.119188
2745	11.119188
2746	11.119188
2747	11.119188
2748	11.119188
2749	11.119188
2750	11.119188
2751	11.119188
2752	11.119188
2753	11.119188
2754	11.119188
2755	11.119188
2756	11.119188
2757	11.119188
2758	11.119188
2759	11.119188
2760	11.119188
2761	11.119188
2762	11.119188
2763	11.119188
2764	11.119188
2765	11.119188
2766	11.119188
2767	11.119188
2768	11.119188
2769	11.119188
2770	11.119188
2771	11.119188
2772	11.119188
2773	11.119188
2774	11.119188
2775	11.119188
2776	11.119188
2777	11.119188
2778	11.119188
2779	11.119188
2780	11.119188
2781	11.119188
2782	11.119188
2783	11.119188
2784	11.119188
2785	11.119188
2786	11.119188
2787	11.119188
2788	11.119188
2789	11.119188
2790	11.119188
2791	11.119188
2792	11.119188
2793	11.119188
2794	11.119188
2795	11.119188
2796	11.119188
2797	11.119188
2798	11.119188
2799	11.119188
2800	11.119188
2801	11.119188
2802	11.119188
2803	11.119188
2804	11.119188
2805	11.119188
2806	11.119188
2807	11.119188
2808	11.119188
2809	11.119188
2810	11.119188
2811	11.119188
2812	11.119188
2813	11.119188
2814	11.119188
2815	11.119188
2816	11.119188
2817	11.119188
2818	11.123765
2819	11.123765
2820	11.123765
2821	11.123765
2822	11.123765
2823	11.123765
2824	11.123765
2825	11.123765
2826	11.123765
2827	11.123765
2828	11.123765
2829	11.123765
2830	11.123765
2831	11.123765
2832	11.123765
2833	11.123765
2834	11.123765
2835	11.123765
2836	11.123765
2837	11.123765
2838	11.123765
2839	11.123765
2840	11.123765
2841	11.123765
2842	11.123765
2843	11.123765
2844	11.123765
2845	11.123765
2846	11.123765
2847	11.123765
2848	11.123765
2849	11.123765
2850	11.123765
2851	11.123765
2852	11.123765
2853	11.123765
2854	11.123765
2855	11.123765
2856	11.123765
2857	11.123765
2858	11.123765
2859	11.123765
2860	11.123765
2861	11.123765
2862	11.123765
2863	11.123765
2864	11.123765
2865	11.123765
2866	11.123765
2867	11.123765
2868	11.123765
2869	11.123765
2870	11.123765
2871	11.123765
2872	11.123765
2873	11.123765
2874	11.123765
2875	11.123765
2876	11.123765
2877	11.123765
2878	11.123765
2879	11.123765
2880	11.123765
2881	11.123765
2882	11.123765
2883	11.123765
2884	11.123765
2885	11.123765
2886	11.123765
2887	11.123765
2888	11.123765
2889	11.123765
2890	11.123765
2891	11.123765
2892	11.123765
2893	11.123765
2894	11.123765
2895	11.123765
2896	11.123765
2897	11.123765
2898	11.123765
2899	11.123765
2900	11.123765
2901	11.123765
2902	11.123765
2903	11.123765
2904	11.123765
2905	11.123765
2906	11.123765
2907	11.123765
2908	11.123765
2909	11.123765
2910	11.123765
2911	11.123765
2912	11.123765
2913	11.123765
2914	11.123765
2915	11.123765
2916	11.123765
2917	11.123765
2918	11.123765
2919	11.123765
2920	11.123765
2921	11.123765
2922	11.123765
2923	11.123765
2924	11.123765
2925	11.123765
2926	11.123765
2927	11.123765
2928	11.123765
2929	11.123765
2930	11.123765
2931	11.123765
2932	11.123765
2933	11.123765
2934	11.123765
2935	11.123765
2936	11.123765
2937	11.123765
2938	11.123765
2939	11.123765
2940	11.123765
2941	11.123765
2942	11.123765
2943	11.123765
2944	11.123765
2945	11.123765
2946	11.123765
2947	11.123765
2948	11.123765
2949	11.123765
2950	11.123765
2951	11.123765
2952	11.123765
2953	11.123765
2954	11.123765
2955	11.123765
2956	11.123765
2957	11.123765
2958	11.123765
2959	11.123765
2960	11.123765
2961	11.123765
2962	11.123765
2963	11.123765
2964	11.123765
2965	11.123765
2966	11.123765
2967	11.123765
2968	11.123765
2969	11.123765
2970	11.123765
2971	11.123765
2972	11.123765
2973	11.123765
2974	11.123765
2975	11.123765
2976	11.123765
2977	11.123765
2978	11.123765
2979	11.123765
2980	11.123765
2981	11.123765
2982	11.123765
2983	11.123765
2984	11.123765
2985	11.123765
2986	11.123765
2987	11.123765
2988	11.123765
2989	11.123765
2990	11.123765
2991	11.123765
2992	11.123765
2993	11.123765
2994	11.123765
2995	11.123765
2996	11.123765
2997	11.123765
2998	11.123765
2999	11.123765
3000	11.123765
3001	11.123765
3002	11.123765
3003	11.123765
3004	11.123765
3005	11.123765
3006	11.123765
3007	11.123765
3008	11.123765
3009	11.123765
3010	11.123765
3011	11.123765
3012	11.123765
3013	11.123765
3014	11.123765
3015	11.123765
3016	11.123765
3017	11.123765
3018	11.123765
3019	11.123765
3020	11.123765
3021	11.123765
3022	11.123765
3023	11.123765
3024	11.123765
3025	11.123765
3026	11.123765
3027	11.123765
3028	11.123765
3029	11.123765
3030	11.123765
3031	11.123765
3032	11.123765
3033	11.123765
3034	11.123765
3035	11.123765
3036	11.123765
3037	11.123765
3038	11.123765
3039	11.123765
3040	11.123765
3041	11.123765
3042	11.123765
3043	11.123765
3044	11.123765
3045	11.123765
3046	11.123765
3047	11.123765
3048	11.123765
3049	11.123765
3050	11.123765
3051	11.123765
3052	11.123765
3053	11.123765
3054	11.123765
3055	11.123765
3056	11.123765
3057	11.123765
3058	11.123765
3059	11.123765
3060	11.123765
3061	11.123765
3062	11.123765
3063	11.123765
3064	11.123765
3065	11.123765
3066	11.123765
3067	11.123765
3068	11.123765
3069	11.123765
3070	11.123765
3071	11.123765
3072	11.123765
3073	11.123765
3074	11.123765
3075	11.123765
3076	11.123765
3077	11.123765
3078	11.123765
3079	11.123765
3080	11.123765
3081	11.123765
3082	11.123765
3083	11.123765
3084	11.123765
3085	11.123765
3086	11.123765
3087	11.123765
3088	11.123765
3089	11.123765
3090	11.123765
3091	11.123765
3092	11.123765
3093	11.123765
3094	11.123765
3095	11.123765
3096	11.123765
3097	11.123765
3098	11.123765
3099	11.123765
3100	11.123765
3101	11.123765
3102	11.123765
3103	11.123765
3104	11.123765
3105	11.123765
3106	11.123765
3107	11.123765
3108	11.123765
3109	11.123765
3110	11.123765
3111	11.123765
3112	11.123765
3113	11.123765
3114	11.123765
3115	11.123765
3116	11.123765
3117	11.123765
3118	11.123765
3119	11.123765
3120	11.123765
3121	11.123765
3122	11.123765
3123	11.123765
3124	11.123765
3125	11.123765
3126	11.123765
3127	11.123765
3128	11.123765
3129	11.123765
3130	11.123765
3131	11.123765
3132	11.123765
3133	11.123765
3134	11.123765
3135	11.123765
3136	11.123765
3137	11.123765
3138	11.123765
3139	11.123765
3140	11.123765
3141	11.123765
3142	11.123765
3143	11.123765
3144	11.123765
3145	11.123765
3146	11.123765
3147	11.123765
3148	11.123765
3149	11.123765
3150	11.123765
3151	11.123765
3152	11.123765
3153	11.123765
3154	11.123765
3155	11.123765
3156	11.123765
3157	11.123765
3158	11.123765
3159	11.123765
3160	11.123765
3161	11.123765
3162	11.123765
3163	11.123765
3164	11.123765
3165	11.123765
3166	11.123765
3167	11.123765
3168	11.123765
3169	11.123765
3170	11.123765
3171	11.123765
3172	11.123765
3173	11.123765
3174	11.123765
3175	11.123765
3176	11.123765
3177	11.123765
3178	11.123765
3179	11.123765
3180	11.123765
3181	11.123765
3182	11.123765
3183	11.123765
3184	11.123765
3185	11.123765
3186	11.123765
3187	11.123765
3188	11.123765
3189	11.123765
3190	11.123765
3191	11.123765
3192	11.123765
3193	11.123765
3194	11.123765
3195	11.123765
3196	11.123765
3197	11.123765
3198	11.123765
3199	11.123765
3200	11.123765
3201	11.123765
3202	11.123765
3203	11.123765
3204	11.123765
3205	11.123765
3206	11.123765
3207	11.123765
3208	11.123765
3209	11.123765
3210	11.123765
3211	11.123765
3212	11.123765
3213	11.123765
3214	11.123765
3215	11.123765
3216	11.123765
3217	11.123765
3218	11.123765
3219	11.123765
3220	11.123765
3221	11.123765
3222	11.123765
3223	11.123765
3224	11.123765
3225	11.123765
3226	11.123765
3227	11.123765
3228	11.123765
3229	11.123765
3230	11.123765
3231	11.123765
3232	11.123765
3233	11.123765
3234	11.123765
3235	11.123765
3236	11.123765
3237	11.123765
3238	11.123765
3239	11.123765
3240	11.123765
3241	11.123765
3242	11.123765
3243	11.123765
3244	11.123765
3245	11.123765
3246	11.123765
3247	11.123765
3248	11.123765
3249	11.123765
3250	11.123765
3251	11.123765
3252	11.123765
3253	11.123765
3254	11.123765
3255	11.123765
3256	11.123765
3257	11.123765
3258	11.123765
3259	11.123765
3260	11.123765
3261	11.123765
3262	11.123765
3263	11.123765
3264	11.123765
3265	11.123765
3266	11.123765
3267	11.123765
3268	11.123765
3269	11.123765
3270	11.123765
3271	11.123765
3272	11.123765
3273	11.123765
3274	11.123765
3275	11.123765
3276	11.123765
3277	11.123765
3278	11.123765
3279	11.123765
3280	11.123765
3281	11.123765
3282	11.123765
3283	11.123765
3284	11.123765
3285	11.123765
3286	11.123765
3287	11.123765
3288	11.123765
3289	11.123765
3290	11.123765
3291	11.123765
3292	11.123765
3293	11.123765
3294	11.123765
3295	11.123765
3296	11.123765
3297	11.123765
3298	11.123765
3299	11.123765
3300	11.123765
3301	11.123765
3302	11.123765
3303	11.123765
3304	11.123765
3305	11.123765
3306	11.123765
3307	11.123765
3308	11.123765
3309	11.123765
3310	11.123765
3311	11.123765
3312	11.123765
3313	11.123765
3314	11.123765
3315	11.123765
3316	11.123765
3317	11.123765
3318	11.123765
3319	11.123765
3320	11.123765
3321	11.123765
3322	11.123765
3323	11.123765
3324	11.123765
3325	11.123765
3326	11.123765
3327	11.123765
3328	11.123765
3329	11.123765
3330	11.123765
3331	11.123765
3332	11.123765
3333	11.123765
3334	11.123765
3335	11.123765
3336	11.123765
3337	11.123765
3338	11.123765
3339	11.123765
3340	11.123765
3341	11.123765
3342	11.123765
3343	11.123765
3344	11.123765
3345	11.123765
3346	11.123765
3347	11.123765
3348	11.123765
3349	11.123765
3350	11.123765
3351	11.123765
3352	11.123765
3353	11.123765
3354	11.123765
3355	11.123765
3356	11.123765
3357	11.123765
3358	11.123765
3359	11.123765
3360	11.123765
3361	11.123765
3362	11.123765
3363	11.123765
3364	11.123765
3365	11.123765
3366	11.123765
3367	11.123765
3368	11.123765
3369	11.123765
3370	11.123765
3371	11.123765
3372	11.123765
3373	11.123765
3374	11.123765
3375	11.123765
3376	11.123765
3377	11.123765
3378	11.123765
3379	11.123765
3380	11.123765
3381	11.123765
3382	11.123765
3383	11.123765
3384	11.123765
3385	11.123765
3386	11.123765
3387	11.123765
3388	11.123765
3389	11.123765
3390	11.123765
3391	11.123765
3392	11.123765
3393	11.123765
3394	11.123765
3395	11.123765
3396	11.123765
3397	11.123765
3398	11.123765
3399	11.123765
3400	11.123765
3401	11.123765
3402	11.123765
3403	11.123765
3404	11.123765
3405	11.123765
3406	11.123765
3407	11.123765
3408	11.123765
3409	11.123765
3410	11.123765
3411	11.123765
3412	11.123765
3413	11.123765
3414	11.123765
3415	11.123765
3416	11.123765
3417	11.123765
3418	11.123765
3419	11.123765
3420	11.123765
3421	11.123765
3422	11.123765
3423	11.123765
3424	11.123765
3425	11.123765
3426	11.123765
3427	11.123765
3428	11.123765
3429	11.123765
3430	11.123765
3431	11.123765
3432	11.123765
3433	11.123765
3434	11.123765
3435	11.123765
3436	11.123765
3437	11.123765
3438	11.123765
3439	11.123765
3440	11.123765
3441	11.123765
3442	11.123765
3443	11.123765
3444	11.123765
3445	11.123765
3446	11.123765
3447	11.123765
3448	11.123765
3449	11.123765
3450	11.123765
3451	11.123765
3452	11.123765
3453	11.123765
3454	11.123765
3455	11.123765
3456	11.123765
3457	11.123765
3458	11.123765
3459	11.123765
3460	11.123765
3461	11.123765
3462	11.123765
3463	11.123765
3464	11.123765
3465	11.123765
3466	11.123765
3467	11.123765
3468	11.123765
3469	11.123765
3470	11.123765
3471	11.123765
3472	11.123765
3473	11.123765
3474	11.123765
3475	11.123765
3476	11.123765
3477	11.123765
3478	11.123765
3479	11.123765
3480	11.123765
3481	11.123765
3482	11.123765
3483	11.123765
3484	11.123765
3485	11.123765
3486	11.123765
3487	11.123765
3488	11.123765
3489	11.123765
3490	11.123765
3491	11.123765
3492	11.123765
3493	11.123765
3494	11.123765
3495	11.123765
3496	11.123765
3497	11.123765
3498	11.123765
3499	11.123765
3500	11.123765
3501	11.123765
3502	11.123765
3503	11.123765
3504	11.123765
3505	11.123765
3506	11.123765
3507	11.123765
3508	11.123765
3509	11.123765
3510	11.123765
3511	11.123765
3512	11.123765
3513	11.123765
3514	11.123765
3515	11.123765
3516	11.123765
3517	11.123765
3518	11.123765
3519	11.123765
3520	11.123765
3521	11.123765
3522	11.123765
3523	11.123765
3524	11.123765
3525	11.123765
3526	11.123765
3527	11.123765
3528	11.123765
3529	11.123765
3530	11.123765
3531	11.123765
3532	11.123765
3533	11.123765
3534	11.123765
3535	11.123765
3536	11.123765
3537	11.123765
3538	11.123765
3539	11.123765
3540	11.123765
3541	11.123765
3542	11.123765
3543	11.123765
3544	11.123765
3545	11.123765
3546	11.123765
3547	11.123765
3548	11.123765
3549	11.123765
3550	11.123765
3551	11.123765
3552	11.123765
3553	11.123765
3554	11.123765
3555	11.123765
3556	11.123765
3557	11.123765
3558	11.123765
3559	11.123765
3560	11.123765
3561	11.123765
3562	11.123765
3563	11.123765
3564	11.123765
3565	11.123765
3566	11.123765
3567	11.123765
3568	11.123765
3569	11.123765
3570	11.123765
3571	11.123765
3572	11.123765
3573	11.123765
3574	11.123765
3575	11.123765
3576	11.123765
3577	11.123765
3578	11.123765
3579	11.123765
3580	11.123765
3581	11.123765
3582	11.123765
3583	11.123765
3584	11.123765
3585	11.123765
3586	11.123765
3587	11.123765
3588	11.123765
3589	11.123765
3590	11.123765
3591	11.123765
3592	11.123765
3593	11.123765
3594	11.123765
3595	11.123765
3596	11.123765
3597	11.123765
3598	11.123765
3599	11.123765
3600	11.123765
3601	11.123765
3602	11.123765
3603	11.123765
3604	11.123765
3605	11.123765
3606	11.123765
3607	11.123765
3608	11.123765
3609	11.123765
3610	11.123765
3611	11.123765
3612	11.123765
3613	11.123765
3614	11.123765
3615	11.123765
3616	11.123765
3617	11.123765
3618	11.123765
3619	11.123765
3620	11.123765
3621	11.123765
3622	11.123765
3623	11.123765
3624	11.123765
3625	11.123765
3626	11.123765
3627	11.123765
3628	11.123765
3629	11.123765
3630	11.123765
3631	11.123765
3632	11.123765
3633	11.123765
3634	11.123765
3635	11.123765
3636	11.123765
3637	11.123765
3638	11.123765
3639	11.123765
3640	11.123765
3641	11.123765
3642	11.123765
3643	11.123765
3644	11.123765
3645	11.123765
3646	11.123765
3647	11.123765
3648	11.123765
3649	11.123765
3650	11.123765
3651	11.123765
3652	11.123765
3653	11.123765
3654	11.123765
3655	11.123765
3656	11.123765
3657	11.123765
3658	11.123765
3659	11.123765
3660	11.123765
3661	11.123765
3662	11.123765
3663	11.123765
3664	11.123765
3665	11.123765
3666	11.123765
3667	11.123765
3668	11.123765
3669	11.123765
3670	11.123765
3671	11.123765
3672	11.123765
3673	11.123765
3674	11.123765
3675	11.123765
3676	11.123765
3677	11.123765
3678	11.123765
3679	11.123765
3680	11.123765
3681	11.123765
3682	11.123765
3683	11.123765
3684	11.123765
3685	11.123765
3686	11.123765
3687	11.123765
3688	11.123765
3689	11.123765
3690	11.123765
3691	11.123765
3692	11.123765
3693	11.123765
3694	11.123765
3695	11.123765
3696	11.123765
3697	11.123765
3698	11.123765
3699	11.123765
3700	11.123765
3701	11.123765
3702	11.123765
3703	11.123765
3704	11.123765
3705	11.123765
3706	11.123765
3707	11.123765
3708	11.123765
3709	11.123765
3710	11.123765
3711	11.123765
3712	11.123765
3713	11.123765
3714	11.123765
3715	11.123765
3716	11.123765
3717	11.123765
3718	11.123765
3719	11.123765
3720	11.123765
3721	11.123765
3722	11.123765
3723	11.123765
3724	11.123765
3725	11.123765
3726	11.123765
3727	11.123765
3728	11.123765
3729	11.123765
3730	11.123765
3731	11.123765
3732	11.123765
3733	11.123765
3734	11.123765
3735	11.123765
3736	11.123765
3737	11.123765
3738	11.123765
3739	11.123765
3740	11.123765
3741	11.123765
3742	11.123765
3743	11.123765
3744	11.123765
3745	11.123765
3746	11.123765
3747	11.123765
3748	11.123765
3749	11.123765
3750	11.123765
3751	11.123765
3752	11.123765
3753	11.123765
3754	11.123765
3755	11.123765
3756	11.123765
3757	11.123765
3758	11.123765
3759	11.123765
3760	11.123765
3761	11.123765
3762	11.123765
3763	11.123765
3764	11.123765
3765	11.123765
3766	11.123765
3767	11.123765
3768	11.123765
3769	11.123765
3770	11.123765
3771	11.123765
3772	11.123765
3773	11.123765
3774	11.123765
3775	11.123765
3776	11.123765
3777	11.123765
3778	11.123765
3779	11.123765
3780	11.123765
3781	11.123765
3782	11.123765
3783	11.123765
3784	11.123765
3785	11.123765
3786	11.123765
3787	11.123765
3788	11.123765
3789	11.123765
3790	11.123765
3791	11.123765
3792	11.123765
3793	11.123765
3794	11.123765
3795	11.123765
3796	11.123765
3797	11.123765
3798	11.123765
3799	11.123765
3800	11.123765
3801	11.123765
3802	11.123765
3803	11.123765
3804	11.123765
3805	11.123765
3806	11.123765
3807	11.123765
3808	11.123765
3809	11.123765
3810	11.123765
3811	11.123765
3812	11.123765
3813	11.123765
3814	11.123765
3815	11.123765
3816	11.123765
3817	11.123765
3818	11.123765
3819	11.123765
3820	11.123765
3821	11.123765
3822	11.123765
3823	11.123765
3824	11.123765
3825	11.123765
3826	11.123765
3827	11.123765
3828	11.123765
3829	11.123765
3830	11.123765
3831	11.123765
3832	11.123765
3833	11.123765
3834	11.123765
3835	11.123765
3836	11.123765
3837	11.123765
3838	11.123765
3839	11.123765
3840	11.123765
3841	11.123765
3842	11.123765
3843	11.123765
3844	11.123765
3845	11.123765
3846	11.123765
3847	11.123765
3848	11.123765
3849	11.123765
3850	11.123765
3851	11.123765
3852	11.123765
3853	11.123765
3854	11.123765
3855	11.123765
3856	11.123765
3857	11.123765
3858	11.123765
3859	11.123765
3860	11.123765
3861	11.123765
3862	11.123765
3863	11.123765
3864	11.123765
3865	11.123765
3866	11.123765
3867	11.123765
3868	11.123765
3869	11.123765
3870	11.123765
3871	11.123765
3872	11.123765
3873	11.123765
3874	11.123765
3875	11.123765
3876	11.123765
3877	11.123765
3878	11.123765
3879	11.123765
3880	11.123765
3881	11.123765
3882	11.123765
3883	11.123765
3884	11.123765
3885	11.123765
3886	11.123765
3887	11.123765
3888	11.123765
3889	11.123765
3890	11.123765
3891	11.123765
3892	11.123765
3893	11.123765
3894	11.123765
3895	11.123765
3896	11.123765
3897	11.123765
3898	11.123765
3899	11.123765
3900	11.123765
3901	11.123765
3902	11.123765
3903	11.123765
3904	11.123765
3905	11.123765
3906	11.123765
3907	11.123765
3908	11.123765
3909	11.123765
3910	11.123765
3911	11.123765
3912	11.123765
3913	11.123765
3914	11.123765
3915	11.123765
3916	11.123765
3917	11.123765
3918	11.123765
3919	11.123765
3920	11.123765
3921	11.123765
3922	11.123765
3923	11.123765
3924	11.123765
3925	11.123765
3926	11.123765
3927	11.123765
3928	11.123765
3929	11.123765
3930	11.123765
3931	11.123765
3932	11.123765
3933	11.123765
3934	11.123765
3935	11.123765
3936	11.123765
3937	11.123765
3938	11.123765
3939	11.123765
3940	11.123765
3941	11.123765
3942	11.123765
3943	11.123765
3944	11.123765
3945	11.123765
3946	11.123765
3947	11.123765
3948	11.123765
3949	11.123765
3950	11.123765
3951	11.123765
3952	11.123765
3953	11.123765
3954	11.123765
3955	11.123765
3956	11.123765
3957	11.123765
3958	11.123765
3959	11.123765
3960	11.123765
3961	11.123765
3962	11.123765
3963	11.123765
3964	11.123765
3965	11.123765
3966	11.123765
3967	11.123765
3968	11.123765
3969	11.123765
3970	11.123765
3971	11.123765
3972	11.123765
3973	11.123765
3974	11.123765
3975	11.123765
3976	11.123765
3977	11.123765
3978	11.123765
3979	11.123765
3980	11.123765
3981	11.123765
3982	11.123765
3983	11.123765
3984	11.123765
3985	11.123765
3986	11.123765
3987	11.123765
3988	11.123765
3989	11.123765
3990	11.123765
3991	11.123765
3992	11.123765
3993	11.123765
3994	11.123765
3995	11.123765
3996	11.123765
3997	11.123765
3998	11.123765
3999	11.123765
4000	11.123765
4001	11.123765
4002	11.123765
4003	11.123765
4004	11.123765
4005	11.123765
4006	11.123765
4007	11.123765
4008	11.123765
4009	11.123765
4010	11.123765
4011	11.123765
4012	11.123765
4013	11.123765
4014	11.123765
4015	11.123765
4016	11.123765
4017	11.123765
4018	11.123765
4019	11.123765
4020	11.123765
4021	11.123765
4022	11.123765
4023	11.123765
4024	11.123765
4025	11.123765
4026	11.123765
4027	11.123765
4028	11.123765
4029	11.123765
4030	11.123765
4031	11.123765
4032	11.123765
4033	11.123765
4034	11.123765
4035	11.123765
4036	11.123765
4037	11.123765
4038	11.123765
4039	11.123765
4040	11.123765
4041	11.123765
4042	11.123765
4043	11.123765
4044	11.123765
4045	11.123765
4046	11.123765
4047	11.123765
4048	11.123765
4049	11.123765
4050	11.123765
4051	11.123765
4052	11.123765
4053	11.123765
4054	11.123765
4055	11.123765
4056	11.123765
4057	11.123765
4058	11.123765
4059	11.123765
4060	11.123765
4061	11.123765
4062	11.123765
4063	11.123765
4064	11.123765
4065	11.123765
4066	11.123765
4067	11.123765
4068	11.123765
4069	11.123765
4070	11.123765
4071	11.123765
4072	11.123765
4073	11.123765
4074	11.123765
4075	11.123765
4076	11.123765
4077	11.123765
4078	11.123765
4079	11.123765
4080	11.123765
4081	11.123765
4082	11.123765
4083	11.123765
4084	11.123765
4085	11.123765
4086	11.123765
4087	11.123765
4088	11.123765
4089	11.123765
4090	11.123765
4091	11.123765
4092	11.123765
4093	11.123765
4094	11.123765
4095	11.123765
4096	11.123765
4097	11.123765
4098	11.123765
4099	11.123765
4100	11.123765
4101	11.123765
4102	11.123765
4103	11.123765
4104	11.123765
4105	11.123765
4106	11.123765
4107	11.123765
4108	11.123765
4109	11.123765
4110	11.123765
4111	11.123765
4112	11.123765
4113	11.123765
4114	11.123765
4115	11.123765
4116	11.123765
4117	11.123765
4118	11.123765
4119	11.123765
4120	11.123765
4121	11.123765
4122	11.123765
4123	11.123765
4124	11.123765
4125	11.123765
4126	11.123765
4127	11.123765
4128	11.123765
4129	11.123765
4130	11.123765
4131	11.123765
4132	11.123765
4133	11.123765
4134	11.123765
4135	11.123765
4136	11.123765
4137	11.123765
4138	11.123765
4139	11.123765
4140	11.123765
4141	11.123765
4142	11.123765
4143	11.123765
4144	11.123765
4145	11.123765
4146	11.123765
4147	11.123765
4148	11.123765
4149	11.123765
4150	11.123765
4151	11.123765
4152	11.123765
4153	11.123765
4154	11.123765
4155	11.123765
4156	11.123765
4157	11.123765
4158	11.123765
4159	11.123765
4160	11.123765
4161	11.123765
4162	11.123765
4163	11.123765
4164	11.123765
4165	11.123765
4166	11.123765
4167	11.123765
4168	11.123765
4169	11.123765
4170	11.123765
4171	11.123765
4172	11.123765
4173	11.123765
4174	11.123765
4175	11.123765
4176	11.123765
4177	11.123765
4178	11.123765
4179	11.123765
4180	11.123765
4181	11.123765
4182	11.123765
4183	11.123765
4184	11.123765
4185	11.123765
4186	11.123765
4187	11.123765
4188	11.123765
4189	11.123765
4190	11.123765
4191	11.123765
4192	11.123765
4193	11.123765
4194	11.123765
4195	11.123765
4196	11.123765
4197	11.123765
4198	11.123765
4199	11.123765
4200	11.123765
4201	11.123765
4202	11.123765
4203	11.123765
4204	11.123765
4205	11.123765
4206	11.123765
4207	11.123765
4208	11.123765
4209	11.123765
4210	11.123765
4211	11.123765
4212	11.123765
4213	11.123765
4214	11.123765
4215	11.123765
4216	11.123765
4217	11.123765
4218	11.123765
4219	11.123765
4220	11.123765
4221	11.123765
4222	11.123765
4223	11.123765
4224	11.123765
4225	11.123765
4226	11.123765
4227	11.123765
4228	11.123765
4229	11.123765
4230	11.123765
4231	11.123765
4232	11.123765
4233	11.123765
4234	11.123765
4235	11.123765
4236	11.123765
4237	11.123765
4238	11.123765
4239	11.123765
4240	11.123765
4241	11.123765
4242	11.123765
4243	11.123765
4244	11.123765
4245	11.123765
4246	11.123765
4247	11.123765
4248	11.123765
4249	11.123765
4250	11.123765
4251	11.123765
4252	11.123765
4253	11.123765
4254	11.123765
4255	11.123765
4256	11.123765
4257	11.123765
4258	11.123765
4259	11.123765
4260	11.123765
4261	11.123765
4262	11.123765
4263	11.123765
4264	11.123765
4265	11.123765
4266	11.123765
4267	11.123765
4268	11.123765
4269	11.123765
4270	11.123765
4271	11.123765
4272	11.123765
4273	11.123765
4274	11.123765
4275	11.123765
4276	11.123765
4277	11.123765
4278	11.123765
4279	11.123765
4280	11.123765
4281	11.123765
4282	11.123765
4283	11.123765
4284	11.123765
4285	11.123765
4286	11.123765
4287	11.123765
4288	11.123765
4289	11.123765
4290	11.123765
4291	11.123765
4292	11.123765
4293	11.123765
4294	11.123765
4295	11.123765
4296	11.123765
4297	11.123765
4298	11.123765
4299	11.123765
4300	11.123765
4301	11.123765
4302	11.123765
4303	11.123765
4304	11.123765
4305	11.123765
4306	11.123765
4307	11.123765
4308	11.123765
4309	11.123765
4310	11.123765
4311	11.123765
4312	11.123765
4313	11.123765
4314	11.123765
4315	11.123765
4316	11.123765
4317	11.123765
4318	11.123765
4319	11.123765
4320	11.123765
4321	11.123765
4322	11.123765
4323	11.123765
4324	11.123765
4325	11.123765
4326	11.123765
4327	11.123765
4328	11.123765
4329	11.123765
4330	11.123765
4331	11.123765
4332	11.123765
4333	11.123765
4334	11.123765
4335	11.123765
4336	11.123765
4337	11.123765
4338	11.123765
4339	11.123765
4340	11.123765
4341	11.123765
4342	11.123765
4343	11.123765
4344	11.123765
4345	11.123765
4346	11.123765
4347	11.123765
4348	11.123765
4349	11.123765
4350	11.123765
4351	11.123765
4352	11.123765
4353	11.123765
4354	11.123765
4355	11.123765
4356	11.123765
4357	11.123765
4358	11.123765
4359	11.123765
4360	11.123765
4361	11.123765
4362	11.123765
4363	11.123765
4364	11.123765
4365	11.123765
4366	11.123765
4367	11.123765
4368	11.123765
4369	11.123765
4370	11.123765
4371	11.123765
4372	11.123765
4373	11.123765
4374	11.123765
4375	11.123765
4376	11.123765
4377	11.123765
4378	11.123765
4379	11.123765
4380	11.123765
4381	11.123765
4382	11.123765
4383	11.123765
4384	11.123765
4385	11.123765
4386	11.123765
4387	11.123765
4388	11.123765
4389	11.123765
4390	11.123765
4391	11.123765
4392	11.123765
4393	11.123765
4394	11.123765
4395	11.123765
4396	11.123765
4397	11.123765
4398	11.123765
4399	11.123765
4400	11.123765
4401	11.123765
4402	11.123765
4403	11.123765
4404	11.123765
4405	11.123765
4406	11.123765
4407	11.123765
4408	11.123765
4409	11.123765
4410	11.123765
4411	11.123765
4412	11.123765
4413	11.123765
4414	11.123765
4415	11.123765
4416	11.123765
4417	11.123765
4418	11.123765
4419	11.123765
4420	11.123765
4421	11.123765
4422	11.123765
4423	11.123765
4424	11.123765
4425	11.123765
4426	11.123765
4427	11.123765
4428	11.123765
4429	11.123765
4430	11.123765
4431	11.123765
4432	11.123765
4433	11.123765
4434	11.123765
4435	11.123765
4436	11.123765
4437	11.123765
4438	11.123765
4439	11.123765
4440	11.123765
4441	11.123765
4442	11.123765
4443	11.123765
4444	11.123765
4445	11.123765
4446	11.123765
4447	11.123765
4448	11.123765
4449	11.123765
4450	11.123765
4451	11.123765
4452	11.123765
4453	11.123765
4454	11.123765
4455	11.123765
4456	11.123765
4457	11.123765
4458	11.123765
4459	11.123765
4460	11.123765
4461	11.123765
4462	11.123765
4463	11.123765
4464	11.123765
4465	11.123765
4466	11.123765
4467	11.123765
4468	11.123765
4469	11.123765
4470	11.123765
4471	11.123765
4472	11.123765
4473	11.123765
4474	11.123765
4475	11.123765
4476	11.123765
4477	11.123765
4478	11.123765
4479	11.123765
4480	11.123765
4481	11.123765
4482	11.123765
4483	11.123765
4484	11.123765
4485	11.123765
4486	11.123765
4487	11.123765
4488	11.123765
4489	11.123765
4490	11.123765
4491	11.123765
4492	11.123765
4493	11.123765
4494	11.123765
4495	11.123765
4496	11.123765
4497	11.123765
4498	11.123765
4499	11.123765
4500	11.123765
4501	11.123765
4502	11.123765
4503	11.123765
4504	11.123765
4505	11.123765
4506	11.123765
4507	11.123765
4508	11.123765
4509	11.123765
4510	11.123765
4511	11.123765
4512	11.123765
4513	11.123765
4514	11.123765
4515	11.123765
4516	11.123765
4517	11.123765
4518	11.123765
4519	11.123765
4520	11.123765
4521	11.123765
4522	11.123765
4523	11.123765
4524	11.123765
4525	11.123765
4526	11.123765
4527	11.123765
4528	11.123765
4529	11.123765
4530	11.123765
4531	11.123765
4532	11.123765
4533	11.123765
4534	11.123765
4535	11.123765
4536	11.123765
4537	11.123765
4538	11.123765
4539	11.123765
4540	11.123765
4541	11.123765
4542	11.123765
4543	11.123765
4544	11.123765
4545	11.123765
4546	11.123765
4547	11.123765
4548	11.123765
4549	11.123765
4550	11.123765
4551	11.123765
4552	11.123765
4553	11.123765
4554	11.123765
4555	11.123765
4556	11.123765
4557	11.123765
4558	11.123765
4559	11.123765
4560	11.123765
4561	11.123765
4562	11.123765
4563	11.123765
4564	11.123765
4565	11.123765
4566	11.123765
4567	11.123765
4568	11.123765
4569	11.123765
4570	11.123765
4571	11.123765
4572	11.123765
4573	11.123765
4574	11.123765
4575	11.123765
4576	11.123765
4577	11.123765
4578	11.123765
4579	11.123765
4580	11.123765
4581	11.123765
4582	11.123765
4583	11.123765
4584	11.123765
4585	11.123765
4586	11.123765
4587	11.123765
4588	11.123765
4589	11.123765
4590	11.123765
4591	11.123765
4592	11.123765
4593	11.123765
4594	11.123765
4595	11.123765
4596	11.123765
4597	11.123765
4598	11.123765
4599	11.123765
4600	11.123765
4601	11.123765
4602	11.123765
4603	11.123765
4604	11.123765
4605	11.123765
4606	11.123765
4607	11.123765
4608	11.123765
4609	11.123765
4610	11.123765
4611	11.123765
4612	11.123765
4613	11.123765
4614	11.123765
4615	11.123765
4616	11.123765
4617	11.123765
4618	11.123765
4619	11.123765
4620	11.123765
4621	11.123765
4622	11.123765
4623	11.123765
4624	11.123765
4625	11.123765
4626	11.123765
4627	11.123765
4628	11.123765
4629	11.123765
4630	11.123765
4631	11.123765
4632	11.123765
4633	11.123765
4634	11.123765
4635	11.123765
4636	11.123765
4637	11.123765
4638	11.123765
4639	11.123765
4640	11.123765
4641	11.123765
4642	11.123765
4643	11.123765
4644	11.123765
4645	11.123765
4646	11.123765
4647	11.123765
4648	11.123765
4649	11.123765
4650	11.123765
4651	11.123765
4652	11.123765
4653	11.123765
4654	11.123765
4655	11.123765
4656	11.123765
4657	11.123765
4658	11.123765
4659	11.123765
4660	11.123765
4661	11.123765
4662	11.123765
4663	11.123765
4664	11.123765
4665	11.123765
4666	11.123765
4667	11.123765
4668	11.123765
4669	11.123765
4670	11.123765
4671	11.123765
4672	11.123765
4673	11.123765
4674	11.123765
4675	11.123765
4676	11.123765
4677	11.123765
4678	11.123765
4679	11.123765
4680	11.123765
4681	11.123765
4682	11.123765
4683	11.123765
4684	11.123765
4685	11.123765
4686	11.123765
4687	11.123765
4688	11.123765
4689	11.123765
4690	11.123765
4691	11.123765
4692	11.123765
4693	11.123765
4694	11.123765
4695	11.123765
4696	11.123765
4697	11.123765
4698	11.123765
4699	11.123765
4700	11.123765
4701	11.123765
4702	11.123765
4703	11.123765
4704	11.123765
4705	11.123765
4706	11.123765
4707	11.123765
4708	11.123765
4709	11.123765
4710	11.123765
4711	11.123765
4712	11.123765
4713	11.123765
4714	11.123765
4715	11.123765
4716	11.123765
4717	11.123765
4718	11.123765
4719	11.123765
4720	11.123765
4721	11.123765
4722	11.123765
4723	11.123765
4724	11.123765
4725	11.123765
4726	11.123765
4727	11.123765
4728	11.123765
4729	11.123765
4730	11.123765
4731	11.123765
4732	11.123765
4733	11.123765
4734	11.123765
4735	11.123765
4736	11.123765
4737	11.123765
4738	11.123765
4739	11.123765
4740	11.123765
4741	11.123765
4742	11.123765
4743	11.123765
4744	11.123765
4745	11.123765
4746	11.123765
4747	11.123765
4748	11.123765
4749	11.123765
4750	11.123765
4751	11.123765
4752	11.123765
4753	11.123765
4754	11.123765
4755	11.123765
4756	11.123765
4757	11.123765
4758	11.123765
4759	11.123765
4760	11.123765
4761	11.123765
4762	11.123765
4763	11.123765
4764	11.123765
4765	11.123765
4766	11.123765
4767	11.123765
4768	11.123765
4769	11.123765
4770	11.123765
4771	11.123765
4772	11.123765
4773	11.123765
4774	11.123765
4775	11.123765
4776	11.123765
4777	11.123765
4778	11.123765
4779	11.123765
4780	11.123765
4781	11.123765
4782	11.123765
4783	11.123765
4784	11.123765
4785	11.123765
4786	11.123765
4787	11.123765
4788	11.123765
4789	11.123765
4790	11.123765
4791	11.123765
4792	11.123765
4793	11.123765
4794	11.123765
4795	11.123765
4796	11.123765
4797	11.123765
4798	11.123765
4799	11.123765
4800	11.123765
4801	11.123765
4802	11.123765
4803	11.123765
4804	11.123765
4805	11.123765
4806	11.123765
4807	11.123765
4808	11.123765
4809	11.123765
4810	11.123765
4811	11.123765
4812	11.123765
4813	11.123765
4814	11.123765
4815	11.123765
4816	11.123765
4817	11.123765
4818	11.123765
4819	11.123765
4820	11.123765
4821	11.123765
4822	11.123765
4823	11.123765
4824	11.123765
4825	11.123765
4826	11.123765
4827	11.123765
4828	11.123765
4829	11.123765
4830	11.123765
4831	11.123765
4832	11.123765
4833	11.123765
4834	11.123765
4835	11.123765
4836	11.123765
4837	11.123765
4838	11.123765
4839	11.123765
4840	11.123765
4841	11.123765
4842	11.123765
4843	11.123765
4844	11.123765
4845	11.123765
4846	11.123765
4847	11.123765
4848	11.123765
4849	11.123765
4850	11.123765
4851	11.123765
4852	11.123765
4853	11.123765
4854	11.123765
4855	11.123765
4856	11.123765
4857	11.123765
4858	11.123765
4859	11.123765
4860	11.123765
4861	11.123765
4862	11.123765
4863	11.123765
4864	11.123765
4865	11.123765
4866	11.123765
4867	11.123765
4868	11.123765
4869	11.123765
4870	11.123765
4871	11.123765
4872	11.123765
4873	11.123765
4874	11.123765
4875	11.123765
4876	11.123765
4877	11.123765
4878	11.123765
4879	11.123765
4880	11.123765
4881	11.123765
4882	11.123765
4883	11.123765
4884	11.123765
4885	11.123765
4886	11.123765
4887	11.123765
4888	11.123765
4889	11.123765
4890	11.123765
4891	11.123765
4892	11.123765
4893	11.123765
4894	11.123765
4895	11.123765
4896	11.123765
4897	11.123765
4898	11.123765
4899	11.123765
4900	11.123765
4901	11.123765
4902	11.123765
4903	11.123765
4904	11.123765
4905	11.123765
4906	11.123765
4907	11.123765
4908	11.123765
4909	11.123765
4910	11.123765
4911	11.123765
4912	11.123765
4913	11.123765
4914	11.123765
4915	11.123765
4916	11.123765
4917	11.123765
4918	11.123765
4919	11.123765
4920	11.123765
4921	11.123765
4922	11.123765
4923	11.123765
4924	11.123765
4925	11.123765
4926	11.123765
4927	11.123765
4928	11.123765
4929	11.123765
4930	11.123765
4931	11.123765
4932	11.123765
4933	11.123765
4934	11.123765
4935	11.123765
4936	11.123765
4937	11.123765
4938	11.123765
4939	11.123765
4940	11.123765
4941	11.123765
4942	11.123765
4943	11.123765
4944	11.123765
4945	11.123765
4946	11.123765
4947	11.123765
4948	11.123765
4949	11.123765
4950	11.123765
4951	11.123765
4952	11.123765
4953	11.123765
4954	11.123765
4955	11.123765
4956	11.123765
4957	11.123765
4958	11.123765
4959	11.123765
4960	11.123765
4961	11.123765
4962	11.123765
4963	11.123765
4964	11.123765
4965	11.123765
4966	11.123765
4967	11.123765
4968	11.123765
4969	11.123765
4970	11.123765
4971	11.123765
4972	11.123765
4973	11.123765
4974	11.123765
4975	11.123765
4976	11.123765
4977	11.123765
4978	11.123765
4979	11.123765
4980	11.123765
4981	11.123765
4982	11.123765
4983	11.123765
4984	11.123765
4985	11.123765
4986	11.123765
4987	11.123765
4988	11.123765
4989	11.123765
4990	11.123765
4991	11.123765
4992	11.123765
4993	11.123765
4994	11.123765
4995	11.123765
4996	11.123765
4997	11.123765
4998	11.123765
4999	11.123765
5000	11.123765
5001	11.123765
5002	11.123765
5003	11.123765
5004	11.123765
5005	11.123765
5006	11.123765
5007	11.123765
5008	11.123765
5009	11.123765
5010	11.123765
5011	11.123765
5012	11.123765
5013	11.123765
5014	11.123765
5015	11.123765
5016	11.123765
5017	11.123765
5018	11.123765
5019	11.123765
5020	11.123765
5021	11.123765
5022	11.123765
5023	11.123765
5024	11.123765
5025	11.123765
5026	11.123765
5027	11.123765
5028	11.123765
5029	11.123765
5030	11.123765
5031	11.123765
5032	11.123765
5033	11.123765
5034	11.123765
5035	11.123765
5036	11.123765
5037	11.123765
5038	11.123765
5039	11.123765
5040	11.123765
5041	11.123765
5042	11.123765
5043	11.123765
5044	11.123765
5045	11.123765
5046	11.123765
5047	11.123765
5048	11.123765
5049	11.123765
5050	11.123765
5051	11.123765
5052	11.123765
5053	11.123765
5054	11.123765
5055	11.123765
5056	11.123765
5057	11.123765
5058	11.123765
5059	11.123765
5060	11.123765
5061	11.123765
5062	11.123765
5063	11.123765
5064	11.123765
5065	11.123765
5066	11.123765
5067	11.123765
5068	11.123765
5069	11.123765
5070	11.123765
5071	11.123765
5072	11.123765
5073	11.123765
5074	11.123765
5075	11.123765
5076	11.123765
5077	11.123765
5078	11.123765
5079	11.123765
5080	11.123765
5081	11.123765
5082	11.123765
5083	11.123765
5084	11.123765
5085	11.123765
5086	11.123765
5087	11.123765
5088	11.123765
5089	11.123765
5090	11.123765
5091	11.123765
5092	11.123765
5093	11.123765
5094	11.123765
5095	11.123765
5096	11.123765
5097	11.123765
5098	11.123765
5099	11.123765
5100	11.123765
5101	11.123765
5102	11.123765
5103	11.123765
5104	11.123765
5105	11.123765
5106	11.123765
5107	11.123765
5108	11.123765
5109	11.123765
5110	11.123765
5111	11.123765
5112	11.123765
5113	11.123765
5114	11.123765
5115	11.123765
5116	11.123765
5117	11.123765
5118	11.123765
5119	11.123765
5120	11.123765
5121	11.123765
5122	11.123765
5123	11.123765
5124	11.123765
5125	11.123765
5126	11.123765
5127	11.123765
5128	11.123765
5129	11.123765
5130	11.123765
5131	11.123765
5132	11.123765
5133	11.123765
5134	11.123765
5135	11.123765
5136	11.123765
5137	11.123765
5138	11.123765
5139	11.123765
5140	11.123765
5141	11.123765
5142	11.123765
5143	11.123765
5144	11.123765
5145	11.123765
5146	11.123765
5147	11.123765
5148	11.123765
5149	11.123765
5150	11.123765
5151	11.123765
5152	11.123765
5153	11.123765
5154	11.123765
5155	11.123765
5156	11.123765
5157	11.123765
5158	11.123765
5159	11.123765
5160	11.123765
5161	11.123765
5162	11.123765
5163	11.123765
5164	11.123765
5165	11.123765
5166	11.123765
5167	11.123765
5168	11.123765
5169	11.123765
5170	11.123765
5171	11.123765
5172	11.123765
5173	11.123765
5174	11.123765
5175	11.123765
5176	11.123765
5177	11.123765
5178	11.123765
5179	11.123765
5180	11.123765
5181	11.123765
5182	11.123765
5183	11.123765
5184	11.123765
5185	11.123765
5186	11.123765
5187	11.123765
5188	11.123765
5189	11.123765
5190	11.123765
5191	11.123765
5192	11.123765
5193	11.123765
5194	11.123765
5195	11.123765
5196	11.123765
5197	11.123765
5198	11.123765
5199	11.123765
5200	11.123765
5201	11.123765
5202	11.123765
5203	11.123765
5204	11.123765
5205	11.123765
5206	11.123765
5207	11.123765
5208	11.123765
5209	11.123765
5210	11.123765
5211	11.123765
5212	11.123765
5213	11.123765
5214	11.123765
5215	11.123765
5216	11.123765
5217	11.123765
5218	11.123765
5219	11.123765
5220	11.123765
5221	11.123765
5222	11.123765
5223	11.123765
5224	11.123765
5225	11.123765
5226	11.123765
5227	11.123765
5228	11.123765
5229	11.123765
5230	11.123765
5231	11.123765
5232	11.123765
5233	11.123765
5234	11.123765
5235	11.123765
5236	11.123765
5237	11.123765
5238	11.123765
5239	11.123765
5240	11.123765
5241	11.123765
5242	11.123765
5243	11.123765
5244	11.123765
5245	11.123765
5246	11.123765
5247	11.123765
5248	11.123765
5249	11.123765
5250	11.123765
5251	11.123765
5252	11.123765
5253	11.123765
5254	11.123765
5255	11.123765
5256	11.123765
5257	11.123765
5258	11.123765
5259	11.123765
5260	11.123765
5261	11.123765
5262	11.123765
5263	11.123765
5264	11.123765
5265	11.123765
5266	11.123765
5267	11.123765
5268	11.123765
5269	11.123765
5270	11.123765
5271	11.123765
5272	11.123765
5273	11.123765
5274	11.123765
5275	11.123765
5276	11.123765
5277	11.123765
5278	11.123765
5279	11.123765
5280	11.123765
5281	11.123765
5282	11.123765
5283	11.123765
5284	11.123765
5285	11.123765
5286	11.123765
5287	11.123765
5288	11.123765
5289	11.123765
5290	11.123765
5291	11.123765
5292	11.123765
5293	11.123765
5294	11.123765
5295	11.123765
5296	11.123765
5297	11.123765
5298	11.123765
5299	11.123765
5300	11.123765
5301	11.123765
5302	11.123765
5303	11.123765
5304	11.123765
5305	11.123765
5306	11.123765
5307	11.123765
5308	11.123765
5309	11.123765
5310	11.123765
5311	11.123765
5312	11.123765
5313	11.123765
5314	11.123765
5315	11.123765
5316	11.123765
5317	11.123765
5318	11.123765
5319	11.123765
5320	11.123765
5321	11.123765
5322	11.123765
5323	11.123765
5324	11.123765
5325	11.123765
5326	11.123765
5327	11.123765
5328	11.123765
5329	11.123765
5330	11.123765
5331	11.123765
5332	11.123765
5333	11.123765
5334	11.123765
5335	11.123765
5336	11.123765
5337	11.123765
5338	11.123765
5339	11.123765
5340	11.123765
5341	11.123765
5342	11.123765
5343	11.123765
5344	11.123765
5345	11.123765
5346	11.123765
5347	11.123765
5348	11.123765
5349	11.123765
5350	11.123765
5351	11.123765
5352	11.123765
5353	11.123765
5354	11.123765
5355	11.123765
5356	11.123765
5357	11.123765
5358	11.123765
5359	11.123765
5360	11.123765
5361	11.123765
5362	11.123765
5363	11.123765
5364	11.123765
5365	11.123765
5366	11.123765
5367	11.123765
5368	11.123765
5369	11.123765
5370	11.123765
5371	11.123765
5372	11.123765
5373	11.123765
5374	11.123765
5375	11.123765
5376	11.123765
5377	11.123765
5378	11.123765
5379	11.123765
5380	11.123765
5381	11.123765
5382	11.123765
5383	11.123765
5384	11.123765
5385	11.123765
5386	11.123765
5387	11.123765
5388	11.123765
5389	11.123765
5390	11.123765
5391	11.123765
5392	11.123765
5393	11.123765
5394	11.123765
5395	11.123765
5396	11.123765
5397	11.123765
5398	11.123765
5399	11.123765
5400	11.123765
5401	11.123765
5402	11.123765
5403	11.123765
5404	11.123765
5405	11.123765
5406	11.123765
5407	11.123765
5408	11.123765
5409	11.123765
5410	11.123765
5411	11.123765
5412	11.123765
5413	11.123765
5414	11.123765
5415	11.123765
5416	11.123765
5417	11.123765
5418	11.123765
5419	11.123765
5420	11.123765
5421	11.123765
5422	11.123765
5423	11.123765
5424	11.123765
5425	11.123765
5426	11.123765
5427	11.123765
5428	11.123765
5429	11.123765
5430	11.123765
5431	11.123765
5432	11.123765
5433	11.123765
5434	11.123765
5435	11.123765
5436	11.123765
5437	11.123765
5438	11.123765
5439	11.123765
5440	11.123765
5441	11.123765
5442	11.123765
5443	11.123765
5444	11.123765
5445	11.123765
5446	11.123765
5447	11.123765
5448	11.123765
5449	11.123765
5450	11.123765
5451	11.123765
5452	11.123765
5453	11.123765
5454	11.123765
5455	11.123765
5456	11.123765
5457	11.123765
5458	11.123765
5459	11.123765
5460	11.123765
5461	11.123765
5462	11.123765
5463	11.123765
5464	11.123765
5465	11.123765
5466	11.123765
5467	11.123765
5468	11.123765
5469	11.123765
5470	11.123765
5471	11.123765
5472	11.123765
5473	11.123765
5474	11.123765
5475	11.123765
5476	11.123765
5477	11.123765
5478	11.123765
5479	11.123765
5480	11.123765
5481	11.123765
5482	11.123765
5483	11.123765
5484	11.123765
5485	11.123765
5486	11.123765
5487	11.123765
5488	11.123765
5489	11.123765
5490	11.123765
5491	11.123765
5492	11.123765
5493	11.123765
5494	11.123765
5495	11.123765
5496	11.123765
5497	11.123765
5498	11.123765
5499	11.123765
5500	11.123765
5501	11.123765
5502	11.123765
5503	11.123765
5504	11.123765
5505	11.123765
5506	11.123765
5507	11.123765
5508	11.123765
5509	11.123765
5510	11.123765
5511	11.123765
5512	11.123765
5513	11.123765
5514	11.123765
5515	11.123765
5516	11.123765
5517	11.123765
5518	11.123765
5519	11.123765
5520	11.123765
5521	11.123765
5522	11.123765
5523	11.123765
5524	11.123765
5525	11.123765
5526	11.123765
5527	11.123765
5528	11.123765
5529	11.123765
5530	11.123765
5531	11.123765
5532	11.123765
5533	11.123765
5534	11.123765
5535	11.123765
5536	11.123765
5537	11.123765
5538	11.123765
5539	11.123765
5540	11.123765
5541	11.123765
5542	11.123765
5543	11.123765
5544	11.123765
5545	11.123765
5546	11.123765
5547	11.123765
5548	11.123765
5549	11.123765
5550	11.123765
5551	11.123765
5552	11.123765
5553	11.123765
5554	11.123765
5555	11.123765
5556	11.123765
5557	11.123765
5558	11.123765
5559	11.123765
5560	11.123765
5561	11.123765
5562	11.123765
5563	11.123765
5564	11.123765
5565	11.123765
5566	11.123765
5567	11.123765
5568	11.123765
5569	11.123765
5570	11.123765
5571	11.123765
5572	11.123765
5573	11.123765
5574	11.123765
5575	11.123765
5576	11.123765
5577	11.123765
5578	11.123765
5579	11.123765
5580	11.123765
5581	11.123765
5582	11.123765
5583	11.123765
5584	11.123765
5585	11.123765
5586	11.123765
5587	11.123765
5588	11.123765
5589	11.123765
5590	11.123765
5591	11.123765
5592	11.123765
5593	11.123765
5594	11.123765
5595	11.123765
5596	11.123765
5597	11.123765
5598	11.123765
5599	11.123765
5600	11.123765
5601	11.123765
5602	11.123765
5603	11.123765
5604	11.123765
5605	11.123765
5606	11.123765
5607	11.123765
5608	11.123765
5609	11.123765
5610	11.123765
5611	11.123765
5612	11.123765
5613	11.123765
5614	11.123765
5615	11.123765
5616	11.123765
5617	11.123765
5618	11.123765
5619	11.123765
5620	11.123765
5621	11.123765
5622	11.123765
5623	11.123765
5624	11.123765
5625	11.123765
5626	11.123765
5627	11.123765
5628	11.123765
5629	11.123765
5630	11.123765
5631	11.123765
5632	11.123765
5633	11.123765
5634	11.123765
5635	11.123765
5636	11.123765
5637	11.123765
5638	11.123765
5639	11.123765
5640	11.123765
5641	11.123765
5642	11.123765
5643	11.123765
5644	11.123765
5645	11.123765
5646	11.123765
5647	11.123765
5648	11.123765
5649	11.123765
5650	11.123765
5651	11.123765
5652	11.123765
5653	11.123765
5654	11.123765
5655	11.123765
5656	11.123765
5657	11.123765
5658	11.123765
5659	11.123765
5660	11.123765
5661	11.123765
5662	11.123765
5663	11.123765
5664	11.123765
5665	11.123765
5666	11.123765
5667	11.123765
5668	11.123765
5669	11.123765
5670	11.123765
5671	11.123765
5672	11.123765
5673	11.123765
5674	11.123765
5675	11.123765
5676	11.123765
5677	11.123765
5678	11.123765
5679	11.123765
5680	11.123765
5681	11.123765
5682	11.123765
5683	11.123765
5684	11.123765
5685	11.123765
5686	11.123765
5687	11.123765
5688	11.123765
5689	11.123765
5690	11.123765
5691	11.123765
5692	11.123765
5693	11.123765
5694	11.123765
5695	11.123765
5696	11.123765
5697	11.123765
5698	11.123765
5699	11.123765
5700	11.123765
5701	11.123765
5702	11.123765
5703	11.123765
5704	11.123765
5705	11.123765
5706	11.123765
5707	11.123765
5708	11.123765
5709	11.123765
5710	11.123765
5711	11.123765
5712	11.123765
5713	11.123765
5714	11.123765
5715	11.123765
5716	11.123765
5717	11.123765
5718	11.123765
5719	11.123765
5720	11.123765
5721	11.123765
5722	11.123765
5723	11.123765
5724	11.123765
5725	11.123765
5726	11.123765
5727	11.123765
5728	11.123765
5729	11.123765
5730	11.123765
5731	11.123765
5732	11.123765
5733	11.123765
5734	11.123765
5735	11.123765
5736	11.123765
5737	11.123765
5738	11.123765
5739	11.123765
5740	11.123765
5741	11.123765
5742	11.123765
5743	11.123765
5744	11.123765
5745	11.123765
5746	11.123765
5747	11.123765
5748	11.123765
5749	11.123765
5750	11.123765
5751	11.123765
5752	11.123765
5753	11.123765
5754	11.123765
5755	11.123765
5756	11.123765
5757	11.123765
5758	11.123765
5759	11.123765
5760	11.123765
5761	11.123765
5762	11.123765
5763	11.123765
5764	11.123765
5765	11.123765
5766	11.123765
5767	11.123765
5768	11.123765
5769	11.123765
5770	11.123765
5771	11.123765
5772	11.123765
5773	11.123765
5774	11.123765
5775	11.123765
5776	11.123765
5777	11.123765
5778	11.123765
5779	11.123765
5780	11.123765
5781	11.123765
5782	11.123765
5783	11.123765
5784	11.123765
5785	11.123765
5786	11.123765
5787	11.123765
5788	11.123765
5789	11.123765
5790	11.123765
5791	11.123765
5792	11.123765
5793	11.123765
5794	11.123765
5795	11.123765
5796	11.123765
5797	11.123765
5798	11.123765
5799	11.123765
5800	11.123765
5801	11.123765
5802	11.123765
5803	11.123765
5804	11.123765
5805	11.123765
5806	11.123765
5807	11.123765
5808	11.123765
5809	11.123765
5810	11.123765
5811	11.123765
5812	11.123765
5813	11.123765
5814	11.123765
5815	11.123765
5816	11.123765
5817	11.123765
5818	11.123765
5819	11.123765
5820	11.123765
5821	11.123765
5822	11.123765
5823	11.123765
5824	11.123765
5825	11.123765
5826	11.123765
5827	11.123765
5828	11.123765
5829	11.123765
5830	11.123765
5831	11.123765
5832	11.123765
5833	11.123765
5834	11.123765
5835	11.123765
5836	11.123765
5837	11.123765
5838	11.123765
5839	11.123765
5840	11.123765
5841	11.123765
5842	11.123765
5843	11.123765
5844	11.123765
5845	11.123765
5846	11.123765
5847	11.123765
5848	11.123765
5849	11.123765
5850	11.123765
5851	11.123765
5852	11.123765
5853	11.123765
5854	11.123765
5855	11.123765
5856	11.123765
5857	11.123765
5858	11.123765
5859	11.123765
5860	11.123765
5861	11.123765
5862	11.123765
5863	11.123765
5864	11.123765
5865	11.123765
5866	11.123765
5867	11.123765
5868	11.123765
5869	11.123765
5870	11.123765
5871	11.123765
5872	11.123765
5873	11.123765
5874	11.123765
5875	11.123765
5876	11.123765
5877	11.123765
5878	11.123765
5879	11.123765
5880	11.123765
5881	11.123765
5882	11.123765
5883	11.123765
5884	11.123765
5885	11.123765
5886	11.123765
5887	11.123765
5888	11.123765
5889	11.123765
5890	11.123765
5891	11.123765
5892	11.123765
5893	11.123765
5894	11.123765
5895	11.123765
5896	11.123765
5897	11.123765
5898	11.123765
5899	11.123765
5900	11.123765
5901	11.123765
5902	11.123765
5903	11.123765
5904	11.123765
5905	11.123765
5906	11.123765
5907	11.123765
5908	11.123765
5909	11.123765
5910	11.123765
5911	11.123765
5912	11.123765
5913	11.123765
5914	11.123765
5915	11.123765
5916	11.123765
5917	11.123765
5918	11.123765
5919	11.123765
5920	11.123765
5921	11.123765
5922	11.123765
5923	11.123765
5924	11.123765
5925	11.123765
5926	11.123765
5927	11.123765
5928	11.123765
5929	11.123765
5930	11.123765
5931	11.123765
5932	11.123765
5933	11.123765
5934	11.123765
5935	11.123765
5936	11.123765
5937	11.123765
5938	11.123765
5939	11.123765
5940	11.123765
5941	11.123765
5942	11.123765
5943	11.123765
5944	11.123765
5945	11.123765
5946	11.123765
5947	11.123765
5948	11.123765
5949	11.123765
5950	11.123765
5951	11.123765
5952	11.123765
5953	11.123765
5954	11.123765
