1	7.313418
2	7.321783
3	7.36498
4	7.627963
5	7.657867
6	7.659343
7	7.659343
8	7.811491
9	7.860758
10	7.530634
11	7.572887
12	7.577843
13	7.561331
14	7.561331
15	7.775678
16	7.978709
17	7.978709
18	7.719331
19	7.687441
20	7.671811
21	7.671811
22	7.671811
23	7.671811
24	7.677313
25	7.770787
26	7.876669
27	7.891584
28	7.896619
29	7.900811
30	7.915436
31	7.902169
32	7.908093
33	7.908093
34	8.023211
35	7.966003
36	7.966003
37	8.004955
38	8.004955
39	8.004955
40	8.004955
41	8.034235
42	8.034235
43	8.033231
44	8.039441
45	8.224531
46	8.224531
47	8.346049
48	8.18705
49	8.18705
50	8.21725
51	8.266356
52	8.330298
53	8.330298
54	8.330298
55	8.398674
56	8.306714
57	8.301229
58	8.327773
59	8.504796
60	8.529958
61	8.529958
62	8.529958
63	8.547462
64	8.547462
65	8.544572
66	8.401262
67	8.26664
68	8.307345
69	8.130322
70	8.063994
71	8.089324
72	8.067534
73	8.210844
74	8.210844
75	8.210844
76	8.40396
77	8.400423
78	8.374455
79	8.370127
80	8.440196
81	8.447065
82	8.582706
83	8.59717
84	8.59717
85	8.64012
86	8.671426
87	8.676646
88	8.725038
89	8.502911
90	8.502911
91	8.531577
92	8.548003
93	8.548003
94	8.548003
95	8.376676
96	8.376676
97	8.379592
98	8.198216
99	8.198216
100	8.257855
101	8.083167
102	8.094243
103	8.257409
104	8.257409
105	8.235053
106	8.235053
107	8.235053
108	8.160428
109	8.160428
110	8.146652
111	8.163643
112	8.163643
113	8.282182
114	8.282182
115	8.172332
116	8.378351
117	8.380954
118	8.347721
119	8.519945
120	8.471498
121	8.471498
122	8.701395
123	8.713122
124	8.47629
125	8.542386
126	8.542386
127	8.542386
128	8.737553
129	8.843123
130	8.855028
131	8.906625
132	8.903271
133	8.903271
134	8.88285
135	8.878836
136	8.938096
137	8.559243
138	8.566074
139	8.566074
140	8.604715
141	8.650465
142	8.650465
143	8.650465
144	8.637986
145	8.637986
146	8.637986
147	8.668415
148	8.668415
149	8.701448
150	8.701448
151	8.702363
152	8.702363
153	9.059334
154	9.059334
155	9.059334
156	9.059334
157	9.059334
158	9.321215
159	9.323987
160	9.331475
161	9.331475
162	9.177999
163	9.221753
164	8.955981
165	8.958129
166	8.948376
167	8.950761
168	8.950761
169	8.950761
170	9.000294
171	9.000294
172	8.926331
173	8.926331
174	8.926331
175	8.926331
176	8.942842
177	8.635205
178	8.678149
179	8.678149
180	8.689287
181	8.732054
182	8.732054
183	8.825158
184	8.717053
185	8.717053
186	8.717053
187	8.728537
188	8.728537
189	8.775787
190	8.945552
191	9.177236
192	9.177236
193	9.177236
194	9.252114
195	9.251199
196	9.251199
197	9.368247
198	9.275143
199	9.276058
200	9.270685
201	9.205301
202	9.205301
203	9.240832
204	9.240832
205	9.159395
206	9.159395
207	9.413068
208	9.413068
209	9.587283
210	9.810974
211	9.810974
212	9.810974
213	9.810059
214	9.810974
215	9.810974
216	9.810974
217	9.810974
218	9.810974
219	9.755064
220	9.755064
221	9.755064
222	9.849848
223	9.849848
224	9.849848
225	9.849848
226	9.853828
227	9.641078
228	9.531832
229	9.414784
230	9.414784
231	9.265954
232	9.097799
233	9.097799
234	9.097799
235	9.097799
236	9.097799
237	9.097799
238	9.097799
239	9.097799
240	9.455601
241	9.455601
242	9.455601
243	9.455601
244	9.455601
245	9.608601
246	9.64661
247	9.64661
248	9.817496
249	9.817496
250	9.817496
251	9.724341
252	9.724341
253	9.724341
254	9.724105
255	9.724105
256	9.724105
257	9.724105
258	9.724105
259	9.724105
260	9.46683
261	9.46683
262	9.46683
263	9.46683
264	9.427113
265	9.427113
266	9.427113
267	9.535419
268	9.535419
269	9.513619
270	9.505469
271	9.505469
272	9.505469
273	9.505469
274	9.505469
275	9.505469
276	9.515165
277	9.515165
278	9.345307
279	9.482529
280	9.482529
281	9.482529
282	9.482529
283	9.706326
284	9.706326
285	9.706326
286	9.706326
287	9.727386
288	9.734745
289	9.734745
290	9.56498
291	9.673941
292	9.673941
293	9.755041
294	9.755041
295	9.755041
296	9.872089
297	9.872089
298	9.872089
299	9.872089
300	9.817491
301	9.817491
302	9.817491
303	9.817491
304	9.848933
305	9.848933
306	9.863095
307	9.863095
308	9.863095
309	9.863095
310	9.863095
311	9.863095
312	9.863095
313	9.88273
314	9.728626
315	9.728626
316	9.728626
317	9.875829
318	9.875829
319	9.842002
320	9.842002
321	9.842002
322	9.842002
323	9.842002
324	9.842002
325	9.842002
326	9.842002
327	9.842002
328	9.842002
329	9.842002
330	9.842002
331	9.842002
332	9.949317
333	9.759691
334	9.759691
335	9.759691
336	9.759691
337	9.731829
338	9.731829
339	9.7388
340	9.7388
341	9.7388
342	9.7388
343	9.7388
344	9.7388
345	9.876272
346	9.876272
347	9.891282
348	9.979432
349	10.00676
350	10.00676
351	10.00676
352	10.145503
353	10.145503
354	10.145503
355	10.145503
356	10.145503
357	10.025608
358	10.025608
359	10.025608
360	10.025608
361	10.025608
362	10.025608
363	9.89668
364	9.89668
365	9.89668
366	9.89668
367	9.89668
368	9.89668
369	9.869352
370	9.869352
371	9.869352
372	9.775403
373	9.775403
374	9.750215
375	9.770794
376	9.770794
377	9.770794
378	9.770794
379	9.770794
380	9.770794
381	9.770794
382	9.770794
383	9.967785
384	9.880756
385	9.880756
386	9.880756
387	9.880756
388	9.880756
389	9.880756
390	9.742574
391	9.719888
392	9.719888
393	9.719888
394	9.719888
395	9.576298
396	9.576298
397	9.576298
398	9.58915
399	9.628739
400	9.628739
401	9.642764
402	9.642764
403	9.642764
404	9.642764
405	9.642764
406	9.626152
407	9.626152
408	9.683331
409	9.683331
410	9.555971
411	9.564329
412	9.558558
413	9.558558
414	9.568578
415	9.568578
416	9.610145
417	9.610145
418	9.610145
419	9.77233
420	9.77233
421	9.77233
422	9.797557
423	9.797557
424	9.797557
425	9.797557
426	9.797557
427	9.797557
428	9.797557
429	9.787537
430	9.787537
431	9.787537
432	9.860371
433	9.860371
434	9.767703
435	9.510904
436	9.510904
437	9.510904
438	9.510904
439	9.510904
440	9.440968
441	9.36796
442	9.308923
443	9.308923
444	9.424591
445	9.424591
446	9.424591
447	9.424591
448	9.424591
449	9.424591
450	9.424591
451	9.435649
452	9.435649
453	9.526906
454	9.429802
455	9.429802
456	9.372584
457	9.351489
458	9.797046
459	9.797046
460	9.797046
461	9.797046
462	9.797046
463	9.797046
464	9.797046
465	9.797046
466	9.797046
467	9.797046
468	10.053845
469	10.053845
470	10.053845
471	10.053845
472	10.026781
473	10.026781
474	10.026781
475	10.026781
476	10.026781
477	10.026781
478	10.026781
479	10.103281
480	10.103281
481	10.103281
482	10.103281
483	10.101092
484	10.101092
485	10.044576
486	10.044576
487	10.044576
488	10.044576
489	10.044576
490	10.044576
491	10.044576
492	10.044576
493	10.126424
494	10.126424
495	10.469699
496	10.469699
497	10.469699
498	10.469699
499	10.469699
500	10.469699
501	10.469699
502	10.469699
503	10.469699
504	10.469699
505	10.469699
506	10.469699
507	10.469699
508	10.563428
509	10.563428
510	10.563428
511	10.589082
512	10.589082
513	10.589082
514	10.589082
515	10.589082
516	10.589082
517	10.589082
518	10.589082
519	10.589082
520	10.589082
521	10.589082
522	10.589082
523	10.549493
524	10.549493
525	10.549493
526	10.549493
527	10.549493
528	10.549493
529	10.549493
530	10.549493
531	10.549493
532	10.549493
533	10.549493
534	10.549493
535	10.549493
536	10.549493
537	10.549493
538	10.539543
539	10.539543
540	10.539543
541	10.54959
542	10.54959
543	10.54959
544	10.54959
545	10.54959
546	10.54959
547	10.54959
548	10.54959
549	10.54959
550	10.54959
551	10.54959
552	10.54959
553	10.54959
554	10.54959
555	10.792768
556	10.781863
557	10.781863
558	10.803207
559	10.803207
560	10.731766
561	10.731766
562	10.71622
563	10.71622
564	10.875323
565	10.875323
566	10.875323
567	10.875323
568	11.04785
569	11.04785
570	11.04785
571	11.04785
572	11.04785
573	11.04785
574	11.04785
575	11.04785
576	11.04785
577	11.04785
578	11.04785
579	11.04785
580	11.04785
581	11.04785
582	11.04785
583	10.964616
584	10.964616
585	10.999095
586	10.999095
587	10.999095
588	10.999095
589	10.999095
590	10.999095
591	10.999095
592	10.999095
593	10.999095
594	10.999095
595	10.999095
596	10.999095
597	10.999095
598	10.999095
599	10.999095
600	10.999095
601	10.999095
602	10.999095
603	10.999095
604	10.999095
605	10.999095
606	10.999095
607	10.964616
608	10.964616
609	10.874122
610	10.874122
611	10.874122
612	10.874122
613	10.874122
614	10.874122
615	10.874122
616	10.793925
617	10.793925
618	10.793925
619	10.723097
620	10.723097
621	10.651258
622	10.665838
623	10.665838
624	10.665838
625	10.665838
626	10.665838
627	10.665838
628	10.665838
629	10.665838
630	10.665838
631	10.665838
632	10.665838
633	10.665838
634	10.665838
635	10.665838
636	10.665838
637	10.651258
638	10.651258
639	10.731455
640	10.731455
641	10.731455
642	10.731455
643	10.651258
644	10.651258
645	10.651258
646	10.651258
647	10.651258
648	10.651258
649	10.664155
650	10.664155
651	10.747389
652	10.747389
653	10.747389
654	10.747389
655	10.747389
656	10.747389
657	10.747389
658	10.747389
659	10.747389
660	10.734492
661	10.734492
662	10.734492
663	10.734492
664	10.734492
665	10.734492
666	10.734492
667	10.734492
668	10.734492
669	10.734492
670	10.747389
671	10.747389
672	10.747389
673	10.747389
674	10.747389
675	10.747389
676	10.747389
677	10.747389
678	10.747389
679	10.747389
680	10.747389
681	10.747389
682	10.747389
683	10.747389
684	10.747389
685	10.747389
686	10.747389
687	10.747389
688	10.747389
689	10.747389
690	10.733157
691	10.735545
692	10.735545
693	10.735545
694	10.735545
695	10.735545
696	10.735545
697	10.735545
698	10.735545
699	10.735545
700	10.735545
701	10.724123
702	10.724123
703	10.724123
704	10.724123
705	10.711226
706	10.711226
707	10.711226
708	10.711226
709	10.724123
710	10.724123
711	10.724123
712	10.724123
713	10.724123
714	10.794951
715	10.794951
716	10.794951
717	10.794951
718	10.794951
719	10.794951
720	10.794951
721	10.782054
722	10.782054
723	10.782054
724	10.794951
725	10.794951
726	10.794951
727	10.794951
728	10.794951
729	10.794951
730	10.794951
731	10.794951
732	10.843045
733	10.843045
734	10.843045
735	10.843045
736	10.843045
737	10.843045
738	10.843045
739	10.843045
740	10.843045
741	10.843045
742	10.843045
743	10.843045
744	10.899298
745	10.899298
746	10.899298
747	10.899298
748	10.899298
749	10.899298
750	10.899298
751	10.899298
752	10.899298
753	10.857387
754	10.857387
755	10.857387
756	10.857387
757	10.857387
758	10.857387
759	10.857387
760	10.857387
761	10.857387
762	10.878731
763	10.878731
764	10.878731
765	10.878731
766	10.878731
767	10.878731
768	10.878731
769	10.878731
770	10.878731
771	10.878731
772	10.878731
773	10.878731
774	10.878731
775	10.878731
776	10.878731
777	10.878731
778	10.766296
779	10.766296
780	10.766296
781	10.766296
782	10.766296
783	10.766296
784	10.766296
785	10.766296
786	10.766296
787	10.766296
788	10.766296
789	10.766296
790	10.824802
791	10.824802
792	10.824802
793	10.824802
794	10.824802
795	10.824802
796	10.824802
797	10.824802
798	10.824802
799	10.824802
800	10.824802
801	10.824802
802	10.824802
803	10.824802
804	10.824802
805	10.824802
806	10.824802
807	10.824802
808	10.824802
809	10.824802
810	10.824802
811	10.824802
812	10.824802
813	10.824802
814	10.824802
815	10.824802
816	10.824802
817	10.824802
818	10.878731
819	10.878731
820	10.878731
821	10.878731
822	10.878731
823	10.878731
824	10.882677
825	10.882677
826	10.882677
827	10.947516
828	10.947516
829	10.926172
830	10.926172
831	10.926172
832	10.926172
833	10.926172
834	10.926172
835	10.926172
836	10.926172
837	10.926172
838	10.986668
839	10.986668
840	10.986668
841	10.986668
842	10.986668
843	10.986668
844	10.96438
845	10.96438
846	10.96438
847	10.96438
848	10.96438
849	10.975285
850	10.975285
851	10.975285
852	10.975285
853	10.975285
854	10.975285
855	10.975285
856	10.975285
857	10.975285
858	10.975285
859	10.975285
860	10.975285
861	10.975285
862	10.975285
863	10.947186
864	10.947186
865	10.947186
866	10.947186
867	10.947186
868	10.947186
869	10.947186
870	10.973653
871	10.906657
872	10.906657
873	10.906657
874	10.944869
875	10.944869
876	10.944869
877	10.944869
878	10.944869
879	10.944869
880	10.944869
881	10.965464
882	10.965464
883	10.965464
884	10.965464
885	10.965464
886	10.965464
887	10.965464
888	10.965464
889	10.965464
890	10.965464
891	10.965464
892	10.965464
893	10.965464
894	10.965464
895	10.965464
896	10.965464
897	10.965464
898	10.965464
899	10.965464
900	10.965464
901	10.965464
902	10.965464
903	10.965464
904	10.965464
905	10.965464
906	10.965464
907	10.965464
908	10.965464
909	10.965464
910	10.965464
911	10.965464
912	10.965464
913	10.965464
914	10.965464
915	10.965464
916	10.965464
917	10.965464
918	11.134017
919	11.134017
920	11.134017
921	11.14337
922	11.14337
923	11.14337
924	11.14337
925	11.14337
926	11.14337
927	11.14337
928	11.14337
929	11.14337
930	11.14337
931	11.14337
932	11.14337
933	11.14337
934	11.14337
935	11.14337
936	11.14337
937	11.14337
938	11.14337
939	11.14337
940	11.14337
941	11.14337
942	11.14337
943	11.157698
944	11.157698
945	11.157698
946	11.157698
947	11.157698
948	11.157698
949	11.157698
950	11.157698
951	11.208537
952	11.208537
953	11.318773
954	11.318773
955	11.318773
956	11.318773
957	11.318773
958	11.318773
959	11.318773
960	11.318773
961	11.318773
962	11.318773
963	11.318773
964	11.380662
965	11.380662
966	11.380662
967	11.380662
968	11.380662
969	11.380662
970	11.380662
971	11.380662
972	11.380662
973	11.380662
974	11.380662
975	11.380662
976	11.380662
977	11.380662
978	11.380662
979	11.380662
980	11.380662
981	11.380662
982	11.380662
983	11.380662
984	11.380662
985	11.380662
986	11.380662
987	11.380662
988	11.380662
989	11.380662
990	11.380662
991	11.380662
992	11.380662
993	11.380662
994	11.380662
995	11.380662
996	11.380662
997	11.380662
998	11.380662
999	11.380662
1000	11.380662
1001	11.380662
1002	11.380662
1003	11.380662
1004	11.380662
1005	11.380662
1006	11.380662
1007	11.380662
1008	11.380662
1009	11.380662
1010	11.380662
1011	11.380662
1012	11.380662
1013	11.380662
1014	11.380662
1015	11.380662
1016	11.380662
1017	11.380662
1018	11.380662
1019	11.380662
1020	11.380662
1021	11.380662
1022	11.380662
1023	11.380662
1024	11.380662
1025	11.380662
1026	11.380662
1027	11.380662
1028	11.380662
1029	11.380662
1030	11.380662
1031	11.380662
1032	11.380662
1033	11.380662
1034	11.380662
1035	11.380662
1036	11.380662
1037	11.380662
1038	11.40295
1039	11.40295
1040	11.40295
1041	11.40295
1042	11.387627
1043	11.365339
1044	11.365339
1045	11.365339
1046	11.365339
1047	11.365339
1048	11.365339
1049	11.365339
1050	11.365339
1051	11.356384
1052	11.356384
1053	11.356384
1054	11.356384
1055	11.356384
1056	11.356384
1057	11.356384
1058	11.356384
1059	11.356384
1060	11.356384
1061	11.356384
1062	11.356384
1063	11.356384
1064	11.356384
1065	11.356384
1066	11.356384
1067	11.356384
1068	11.356384
1069	11.356384
1070	11.356384
1071	11.356384
1072	11.444288
1073	11.444288
1074	11.444288
1075	11.444288
1076	11.444288
1077	11.444288
1078	11.444288
1079	11.444288
1080	11.444288
1081	11.444288
1082	11.444288
1083	11.444288
1084	11.444288
1085	11.444288
1086	11.444288
1087	11.444288
1088	11.444288
1089	11.444288
1090	11.444288
1091	11.444288
1092	11.444288
1093	11.444288
1094	11.444288
1095	11.444288
1096	11.444288
1097	11.444288
1098	11.444288
1099	11.444288
1100	11.444288
1101	11.444288
1102	11.444288
1103	11.444288
1104	11.444288
1105	11.444288
1106	11.444288
1107	11.444288
1108	11.444288
1109	11.444288
1110	11.444288
1111	11.444288
1112	11.444288
1113	11.444288
1114	11.444288
1115	11.444288
1116	11.444288
1117	11.444288
1118	11.444288
1119	11.444288
1120	11.444288
1121	11.444288
1122	11.444288
1123	11.444288
1124	11.444288
1125	11.444288
1126	11.444288
1127	11.444288
1128	11.444288
1129	11.444288
1130	11.444288
1131	11.444288
1132	11.444288
1133	11.444288
1134	11.444288
1135	11.444288
1136	11.438915
1137	11.438915
1138	11.438915
1139	11.438915
1140	11.438915
1141	11.438915
1142	11.438915
1143	11.438915
1144	11.438915
1145	11.438915
1146	11.438915
1147	11.438915
1148	11.438915
1149	11.438915
1150	11.438915
1151	11.438915
1152	11.438915
1153	11.438915
1154	11.438915
1155	11.438915
1156	11.438915
1157	11.438915
1158	11.438915
1159	11.438915
1160	11.438915
1161	11.438915
1162	11.438915
1163	11.438915
1164	11.438915
1165	11.438915
1166	11.438915
1167	11.438915
1168	11.438915
1169	11.438915
1170	11.438915
1171	11.438915
1172	11.438915
1173	11.438915
1174	11.438915
1175	11.438915
1176	11.438915
1177	11.438915
1178	11.438915
1179	11.438915
1180	11.438915
1181	11.438915
1182	11.438915
1183	11.438915
1184	11.438915
1185	11.438915
1186	11.438915
1187	11.438915
1188	11.438915
1189	11.438915
1190	11.438915
1191	11.438915
1192	11.438915
1193	11.438915
1194	11.438915
1195	11.438915
1196	11.438915
1197	11.438915
1198	11.438915
1199	11.438915
1200	11.438915
1201	11.438915
1202	11.438915
1203	11.438915
1204	11.438915
1205	11.438915
1206	11.438915
1207	11.438915
1208	11.438915
1209	11.438915
1210	11.438915
1211	11.438915
1212	11.438915
1213	11.438915
1214	11.438915
1215	11.438915
1216	11.438915
1217	11.438915
1218	11.438915
1219	11.438915
1220	11.438915
1221	11.438915
1222	11.438915
1223	11.438915
1224	11.437323
1225	11.437323
1226	11.437323
1227	11.437323
1228	11.437323
1229	11.437323
1230	11.437323
1231	11.437323
1232	11.437323
1233	11.437323
1234	11.437323
1235	11.437323
1236	11.437323
1237	11.424786
1238	11.424786
1239	11.424786
1240	11.424786
1241	11.424786
1242	11.424786
1243	11.430159
1244	11.430159
1245	11.430159
1246	11.430159
1247	11.430159
1248	11.430159
1249	11.430159
1250	11.430159
1251	11.430159
1252	11.430159
1253	11.430159
1254	11.430159
1255	11.430159
1256	11.430159
1257	11.430159
1258	11.430159
1259	11.430159
1260	11.430159
1261	11.430159
1262	11.430159
1263	11.430159
1264	11.430159
1265	11.430159
1266	11.430159
1267	11.430159
1268	11.430159
1269	11.430159
1270	11.430159
1271	11.430159
1272	11.430159
1273	11.430159
1274	11.430159
1275	11.430159
1276	11.430159
1277	11.430159
1278	11.430159
1279	11.430159
1280	11.430159
1281	11.430159
1282	11.430159
1283	11.430159
1284	11.430159
1285	11.430159
1286	11.430159
1287	11.430159
1288	11.430159
1289	11.430159
1290	11.430159
1291	11.430159
1292	11.430159
1293	11.430159
1294	11.430159
1295	11.430159
1296	11.430159
1297	11.430159
1298	11.430159
1299	11.430159
1300	11.430159
1301	11.430159
1302	11.430159
1303	11.430159
1304	11.430159
1305	11.430159
1306	11.430159
1307	11.430159
1308	11.430159
1309	11.430159
1310	11.430159
1311	11.430159
1312	11.430159
1313	11.430159
1314	11.430159
1315	11.430159
1316	11.430159
1317	11.430159
1318	11.430159
1319	11.430159
1320	11.430159
1321	11.430159
1322	11.430159
1323	11.430159
1324	11.430159
1325	11.430159
1326	11.430159
1327	11.430159
1328	11.430159
1329	11.430159
1330	11.430159
1331	11.430159
1332	11.430159
1333	11.430159
1334	11.430159
1335	11.430159
1336	11.430159
1337	11.430159
1338	11.430159
1339	11.430159
1340	11.430159
1341	11.430159
1342	11.430159
1343	11.430159
1344	11.430159
1345	11.430159
1346	11.430159
1347	11.430159
1348	11.430159
1349	11.430159
1350	11.430159
1351	11.430159
1352	11.430159
1353	11.430159
1354	11.430159
1355	11.430159
1356	11.430159
1357	11.430159
1358	11.430159
1359	11.430159
1360	11.430159
1361	11.430159
1362	11.430159
1363	11.430159
1364	11.430159
1365	11.430159
1366	11.430159
1367	11.430159
1368	11.430159
1369	11.430159
1370	11.442497
1371	11.442497
1372	11.442497
1373	11.442497
1374	11.442497
1375	11.442497
1376	11.442497
1377	11.442497
1378	11.442497
1379	11.442497
1380	11.442497
1381	11.442497
1382	11.442497
1383	11.442497
1384	11.442497
1385	11.442497
1386	11.442497
1387	11.442497
1388	11.442497
1389	11.442497
1390	11.442497
1391	11.442497
1392	11.442497
1393	11.442497
1394	11.442497
1395	11.442497
1396	11.442497
1397	11.442497
1398	11.442497
1399	11.442497
1400	11.442497
1401	11.442497
1402	11.442497
1403	11.442497
1404	11.442497
1405	11.442497
1406	11.442497
1407	11.442497
1408	11.442497
1409	11.442497
1410	11.442497
1411	11.442497
1412	11.469362
1413	11.469362
1414	11.469362
1415	11.469362
1416	11.469362
1417	11.469362
1418	11.469362
1419	11.469362
1420	11.469362
1421	11.469362
1422	11.469362
1423	11.469362
1424	11.469362
1425	11.469362
1426	11.469362
1427	11.469362
1428	11.469362
1429	11.469362
1430	11.469362
1431	11.469362
1432	11.469362
1433	11.469362
1434	11.499809
1435	11.499809
1436	11.499809
1437	11.499809
1438	11.499809
1439	11.499809
1440	11.499809
1441	11.499809
1442	11.499809
1443	11.499809
1444	11.499809
1445	11.499809
1446	11.499809
1447	11.499809
1448	11.499809
1449	11.499809
1450	11.499809
1451	11.499809
1452	11.499809
1453	11.499809
1454	11.499809
1455	11.499809
1456	11.499809
1457	11.499809
1458	11.499809
1459	11.499809
1460	11.499809
1461	11.499809
1462	11.499809
1463	11.499809
1464	11.499809
1465	11.499809
1466	11.499809
1467	11.499809
1468	11.499809
1469	11.499809
1470	11.499809
1471	11.499809
1472	11.499809
1473	11.499809
1474	11.499809
1475	11.499809
1476	11.499809
1477	11.499809
1478	11.499809
1479	11.499809
1480	11.499809
1481	11.499809
1482	11.499809
1483	11.499809
1484	11.499809
1485	11.499809
1486	11.499809
1487	11.494436
1488	11.494436
1489	11.494436
1490	11.494436
1491	11.494436
1492	11.494436
1493	11.494436
1494	11.494436
1495	11.494436
1496	11.494436
1497	11.494436
1498	11.494436
1499	11.494436
1500	11.494436
1501	11.494436
1502	11.494436
1503	11.494436
1504	11.494436
1505	11.494436
1506	11.494436
1507	11.494436
1508	11.494436
1509	11.494436
1510	11.494436
1511	11.494436
1512	11.494436
1513	11.494436
1514	11.494436
1515	11.494436
1516	11.494436
1517	11.494436
1518	11.494436
1519	11.494436
1520	11.494436
1521	11.494436
1522	11.494436
1523	11.494436
1524	11.494436
1525	11.494436
1526	11.494436
1527	11.494436
1528	11.494436
1529	11.492446
1530	11.492446
1531	11.492446
1532	11.492446
1533	11.492446
1534	11.492446
1535	11.492446
1536	11.492446
1537	11.492446
1538	11.492446
1539	11.492446
1540	11.492446
1541	11.492446
1542	11.492446
1543	11.492446
1544	11.492446
1545	11.492446
1546	11.492446
1547	11.492446
1548	11.492446
1549	11.492446
1550	11.492446
1551	11.492446
1552	11.492446
1553	11.492446
1554	11.492446
1555	11.492446
1556	11.492446
1557	11.492446
1558	11.492446
1559	11.492446
1560	11.492446
1561	11.492446
1562	11.492446
1563	11.492446
1564	11.492446
1565	11.492446
1566	11.492446
1567	11.492446
1568	11.492446
1569	11.492446
1570	11.492446
1571	11.497819
1572	11.497819
1573	11.497819
1574	11.497819
1575	11.497819
1576	11.497819
1577	11.497819
1578	11.497819
1579	11.497819
1580	11.497819
1581	11.497819
1582	11.497819
1583	11.497819
1584	11.497819
1585	11.497819
1586	11.497819
1587	11.497819
1588	11.497819
1589	11.497819
1590	11.497819
1591	11.497819
1592	11.497819
1593	11.497819
1594	11.497819
1595	11.497819
1596	11.497819
1597	11.497819
1598	11.497819
1599	11.497819
1600	11.497819
1601	11.497819
1602	11.497819
1603	11.497819
1604	11.497819
1605	11.497819
1606	11.497819
1607	11.497819
1608	11.497819
1609	11.497819
1610	11.497819
1611	11.497819
1612	11.497819
1613	11.497819
1614	11.497819
1615	11.497819
1616	11.497819
1617	11.497819
1618	11.497819
1619	11.497819
1620	11.497819
1621	11.497819
1622	11.497819
1623	11.497819
1624	11.497819
1625	11.497819
1626	11.497819
1627	11.497819
1628	11.497819
1629	11.497819
1630	11.497819
1631	11.497819
1632	11.497819
1633	11.497819
1634	11.497819
1635	11.497819
1636	11.497819
1637	11.497819
1638	11.497819
1639	11.497819
1640	11.497819
1641	11.497819
1642	11.497819
1643	11.497819
1644	11.497819
1645	11.497819
1646	11.497819
1647	11.497819
1648	11.497819
1649	11.497819
1650	11.497819
1651	11.497819
1652	11.497819
1653	11.497819
1654	11.497819
1655	11.497819
1656	11.497819
1657	11.497819
1658	11.497819
1659	11.497819
1660	11.497819
1661	11.497819
1662	11.497819
1663	11.497819
1664	11.497819
1665	11.497819
1666	11.497819
1667	11.497819
1668	11.497819
1669	11.497819
1670	11.497819
1671	11.497819
1672	11.497819
1673	11.497819
1674	11.497819
1675	11.497819
1676	11.497819
1677	11.497819
1678	11.497819
1679	11.497819
1680	11.497819
1681	11.497819
1682	11.497819
1683	11.497819
1684	11.497819
1685	11.497819
1686	11.497819
1687	11.497819
1688	11.497819
1689	11.497819
1690	11.497819
1691	11.497819
1692	11.497819
1693	11.497819
1694	11.497819
1695	11.497819
1696	11.497819
1697	11.497819
1698	11.497819
1699	11.497819
1700	11.497819
1701	11.497819
1702	11.497819
1703	11.497819
1704	11.497819
1705	11.497819
1706	11.497819
1707	11.497819
1708	11.497819
1709	11.497819
1710	11.497819
1711	11.497819
1712	11.497819
1713	11.497819
1714	11.497819
1715	11.497819
1716	11.497819
1717	11.497819
1718	11.497819
1719	11.497819
1720	11.497819
1721	11.497819
1722	11.497819
1723	11.497819
1724	11.497819
1725	11.497819
1726	11.497819
1727	11.497819
1728	11.497819
1729	11.497819
1730	11.497819
1731	11.497819
1732	11.497819
1733	11.497819
1734	11.497819
1735	11.497819
1736	11.497819
1737	11.497819
1738	11.497819
1739	11.497819
1740	11.497819
1741	11.497819
1742	11.497819
1743	11.497819
1744	11.497819
1745	11.497819
1746	11.497819
1747	11.497819
1748	11.497819
1749	11.497819
1750	11.497819
1751	11.497819
1752	11.497819
1753	11.497819
1754	11.497819
1755	11.497819
1756	11.497819
1757	11.497819
1758	11.497819
1759	11.497819
1760	11.497819
1761	11.497819
1762	11.497819
1763	11.497819
1764	11.497819
1765	11.497819
1766	11.497819
1767	11.497819
1768	11.497819
1769	11.497819
1770	11.497819
1771	11.497819
1772	11.497819
1773	11.497819
1774	11.497819
1775	11.497819
1776	11.497819
1777	11.497819
1778	11.497819
1779	11.497819
1780	11.497819
1781	11.497819
1782	11.497819
1783	11.497819
1784	11.497819
1785	11.497819
1786	11.497819
1787	11.497819
1788	11.497819
1789	11.497819
1790	11.497819
1791	11.497819
1792	11.497819
1793	11.497819
1794	11.497819
1795	11.497819
1796	11.497819
1797	11.497819
1798	11.497819
1799	11.497819
1800	11.497819
1801	11.497819
1802	11.497819
1803	11.497819
1804	11.497819
1805	11.497819
1806	11.497819
1807	11.497819
1808	11.497819
1809	11.497819
1810	11.497819
1811	11.497819
1812	11.497819
1813	11.497819
1814	11.497819
1815	11.497819
1816	11.497819
1817	11.497819
1818	11.497819
1819	11.497819
1820	11.497819
1821	11.497819
1822	11.497819
1823	11.497819
1824	11.497819
1825	11.497819
1826	11.497819
1827	11.497819
1828	11.497819
1829	11.497819
1830	11.497819
1831	11.497819
1832	11.497819
1833	11.497819
1834	11.497819
1835	11.497819
1836	11.497819
1837	11.497819
1838	11.497819
1839	11.497819
1840	11.497819
1841	11.497819
1842	11.497819
1843	11.497819
1844	11.497819
1845	11.497819
1846	11.497819
1847	11.497819
1848	11.497819
1849	11.497819
1850	11.497819
1851	11.497819
1852	11.497819
1853	11.497819
1854	11.497819
1855	11.497819
1856	11.497819
1857	11.497819
1858	11.497819
1859	11.497819
1860	11.497819
1861	11.497819
1862	11.497819
1863	11.497819
1864	11.497819
1865	11.497819
1866	11.497819
1867	11.497819
1868	11.497819
1869	11.497819
1870	11.497819
1871	11.497819
1872	11.497819
1873	11.497819
1874	11.497819
1875	11.497819
1876	11.497819
1877	11.497819
1878	11.497819
1879	11.497819
1880	11.497819
1881	11.497819
1882	11.497819
1883	11.497819
1884	11.497819
1885	11.497819
1886	11.497819
1887	11.497819
1888	11.497819
1889	11.497819
1890	11.497819
1891	11.497819
1892	11.497819
1893	11.497819
1894	11.497819
1895	11.497819
1896	11.497819
1897	11.497819
1898	11.497819
1899	11.497819
1900	11.497819
1901	11.497819
1902	11.497819
1903	11.497819
1904	11.497819
1905	11.497819
1906	11.497819
1907	11.497819
1908	11.497819
1909	11.497819
1910	11.497819
1911	11.497819
1912	11.497819
1913	11.497819
1914	11.497819
1915	11.497819
1916	11.497819
1917	11.497819
1918	11.497819
1919	11.497819
1920	11.497819
1921	11.497819
1922	11.497819
1923	11.497819
1924	11.497819
1925	11.497819
1926	11.497819
1927	11.497819
1928	11.497819
1929	11.497819
1930	11.497819
1931	11.497819
1932	11.497819
1933	11.497819
1934	11.497819
1935	11.497819
1936	11.497819
1937	11.497819
1938	11.497819
1939	11.497819
1940	11.497819
1941	11.497819
1942	11.497819
1943	11.497819
1944	11.497819
1945	11.497819
1946	11.497819
1947	11.497819
1948	11.497819
1949	11.497819
1950	11.497819
1951	11.497819
1952	11.497819
1953	11.497819
1954	11.497819
1955	11.497819
1956	11.497819
1957	11.497819
1958	11.497819
1959	11.499809
1960	11.499809
1961	11.499809
1962	11.499809
1963	11.499809
1964	11.499809
1965	11.499809
1966	11.499809
1967	11.499809
1968	11.499809
1969	11.499809
1970	11.499809
1971	11.499809
1972	11.499809
1973	11.499809
1974	11.499809
1975	11.499809
1976	11.499809
1977	11.499809
1978	11.499809
1979	11.499809
1980	11.499809
1981	11.499809
1982	11.499809
1983	11.499809
1984	11.499809
1985	11.499809
1986	11.499809
1987	11.499809
1988	11.499809
1989	11.499809
1990	11.499809
1991	11.499809
1992	11.499809
1993	11.499809
1994	11.499809
1995	11.499809
1996	11.499809
1997	11.499809
1998	11.499809
1999	11.499809
2000	11.499809
2001	11.499809
2002	11.499809
2003	11.499809
2004	11.499809
2005	11.499809
2006	11.499809
2007	11.499809
2008	11.499809
2009	11.499809
2010	11.499809
2011	11.499809
2012	11.499809
2013	11.499809
2014	11.499809
2015	11.499809
2016	11.499809
2017	11.499809
2018	11.499809
2019	11.499809
2020	11.499809
2021	11.499809
2022	11.499809
2023	11.499809
2024	11.499809
2025	11.499809
2026	11.499809
2027	11.499809
2028	11.499809
2029	11.499809
2030	11.499809
2031	11.499809
2032	11.499809
2033	11.499809
2034	11.499809
2035	11.499809
2036	11.499809
2037	11.499809
2038	11.499809
2039	11.499809
2040	11.499809
2041	11.499809
2042	11.499809
2043	11.499809
2044	11.499809
2045	11.499809
2046	11.499809
2047	11.499809
2048	11.499809
2049	11.499809
2050	11.499809
2051	11.499809
2052	11.499809
2053	11.499809
2054	11.499809
2055	11.499809
2056	11.499809
2057	11.499809
2058	11.499809
2059	11.499809
2060	11.499809
2061	11.499809
2062	11.499809
2063	11.499809
2064	11.499809
2065	11.499809
2066	11.499809
2067	11.499809
2068	11.499809
2069	11.499809
2070	11.499809
2071	11.499809
2072	11.499809
2073	11.499809
2074	11.499809
2075	11.499809
2076	11.499809
2077	11.499809
2078	11.499809
2079	11.499809
2080	11.499809
2081	11.499809
2082	11.499809
2083	11.499809
2084	11.499809
2085	11.499809
2086	11.499809
2087	11.499809
2088	11.499809
2089	11.499809
2090	11.499809
2091	11.499809
2092	11.499809
2093	11.499809
2094	11.499809
2095	11.499809
2096	11.499809
2097	11.499809
2098	11.499809
2099	11.499809
2100	11.499809
2101	11.499809
2102	11.499809
2103	11.499809
2104	11.499809
2105	11.499809
2106	11.499809
2107	11.499809
2108	11.499809
2109	11.499809
2110	11.499809
2111	11.499809
2112	11.499809
2113	11.499809
2114	11.499809
2115	11.499809
2116	11.499809
2117	11.499809
2118	11.499809
2119	11.499809
2120	11.499809
2121	11.499809
2122	11.499809
2123	11.499809
2124	11.499809
2125	11.499809
2126	11.499809
2127	11.499809
2128	11.499809
2129	11.499809
2130	11.499809
2131	11.499809
2132	11.499809
2133	11.499809
2134	11.499809
2135	11.499809
2136	11.499809
2137	11.499809
2138	11.499809
2139	11.499809
2140	11.499809
2141	11.499809
2142	11.499809
2143	11.499809
2144	11.499809
2145	11.499809
2146	11.499809
2147	11.499809
2148	11.499809
2149	11.499809
2150	11.499809
2151	11.499809
2152	11.499809
2153	11.499809
2154	11.499809
2155	11.499809
2156	11.499809
2157	11.499809
2158	11.499809
2159	11.499809
2160	11.499809
2161	11.499809
2162	11.499809
2163	11.499809
2164	11.499809
2165	11.499809
2166	11.499809
2167	11.499809
2168	11.499809
2169	11.499809
2170	11.499809
2171	11.499809
2172	11.499809
2173	11.499809
2174	11.499809
2175	11.499809
2176	11.499809
2177	11.499809
2178	11.499809
2179	11.499809
2180	11.499809
2181	11.499809
2182	11.499809
2183	11.499809
2184	11.499809
2185	11.499809
2186	11.499809
2187	11.499809
2188	11.499809
2189	11.499809
2190	11.499809
2191	11.499809
2192	11.499809
2193	11.499809
2194	11.499809
2195	11.499809
2196	11.499809
2197	11.499809
2198	11.499809
2199	11.499809
2200	11.499809
2201	11.499809
2202	11.499809
2203	11.499809
2204	11.499809
2205	11.499809
2206	11.499809
2207	11.499809
2208	11.499809
2209	11.499809
2210	11.499809
2211	11.499809
2212	11.499809
2213	11.499809
2214	11.499809
2215	11.499809
2216	11.499809
2217	11.499809
2218	11.499809
2219	11.499809
2220	11.499809
2221	11.499809
2222	11.499809
2223	11.499809
2224	11.499809
2225	11.499809
2226	11.499809
2227	11.499809
2228	11.499809
2229	11.499809
2230	11.499809
2231	11.499809
2232	11.499809
2233	11.499809
2234	11.499809
2235	11.499809
2236	11.499809
2237	11.499809
2238	11.499809
2239	11.499809
2240	11.499809
2241	11.499809
2242	11.499809
2243	11.499809
2244	11.499809
2245	11.499809
2246	11.499809
2247	11.499809
2248	11.499809
2249	11.499809
2250	11.499809
2251	11.499809
2252	11.499809
2253	11.499809
2254	11.499809
2255	11.499809
2256	11.499809
2257	11.499809
2258	11.499809
2259	11.499809
2260	11.499809
2261	11.499809
2262	11.499809
2263	11.499809
2264	11.499809
2265	11.499809
2266	11.499809
2267	11.499809
2268	11.499809
2269	11.499809
2270	11.499809
2271	11.499809
2272	11.499809
2273	11.499809
2274	11.499809
2275	11.499809
2276	11.499809
2277	11.499809
2278	11.499809
2279	11.499809
2280	11.499809
2281	11.499809
2282	11.499809
2283	11.499809
2284	11.499809
2285	11.499809
2286	11.499809
2287	11.499809
2288	11.499809
2289	11.499809
2290	11.499809
2291	11.499809
2292	11.499809
2293	11.499809
2294	11.499809
2295	11.499809
2296	11.499809
2297	11.499809
2298	11.499809
2299	11.499809
2300	11.499809
2301	11.499809
2302	11.499809
2303	11.499809
2304	11.499809
2305	11.499809
2306	11.499809
2307	11.499809
2308	11.499809
2309	11.499809
2310	11.499809
2311	11.499809
2312	11.499809
2313	11.499809
2314	11.499809
2315	11.499809
2316	11.499809
2317	11.499809
2318	11.499809
2319	11.499809
2320	11.499809
2321	11.499809
2322	11.499809
2323	11.499809
2324	11.499809
2325	11.499809
2326	11.499809
2327	11.499809
2328	11.499809
2329	11.499809
2330	11.499809
2331	11.499809
2332	11.499809
2333	11.499809
2334	11.499809
2335	11.499809
2336	11.499809
2337	11.499809
2338	11.499809
2339	11.499809
2340	11.499809
2341	11.499809
2342	11.499809
2343	11.499809
2344	11.499809
2345	11.499809
2346	11.499809
2347	11.499809
2348	11.499809
2349	11.499809
2350	11.499809
2351	11.499809
2352	11.499809
2353	11.499809
2354	11.499809
2355	11.499809
2356	11.499809
2357	11.499809
2358	11.499809
2359	11.499809
2360	11.499809
2361	11.499809
2362	11.499809
2363	11.499809
2364	11.499809
2365	11.499809
2366	11.499809
2367	11.499809
2368	11.499809
2369	11.499809
2370	11.499809
2371	11.499809
2372	11.499809
2373	11.499809
2374	11.499809
2375	11.499809
2376	11.499809
2377	11.499809
2378	11.499809
2379	11.499809
2380	11.499809
2381	11.499809
2382	11.499809
2383	11.499809
2384	11.499809
2385	11.499809
2386	11.499809
2387	11.499809
2388	11.499809
2389	11.499809
2390	11.499809
2391	11.499809
2392	11.499809
2393	11.499809
2394	11.499809
2395	11.499809
2396	11.499809
2397	11.499809
2398	11.499809
2399	11.499809
2400	11.499809
2401	11.499809
2402	11.499809
2403	11.499809
2404	11.499809
2405	11.499809
2406	11.499809
2407	11.499809
2408	11.499809
2409	11.499809
2410	11.499809
2411	11.499809
2412	11.499809
2413	11.499809
2414	11.499809
2415	11.499809
2416	11.499809
2417	11.499809
2418	11.499809
2419	11.499809
2420	11.499809
2421	11.499809
2422	11.499809
2423	11.499809
2424	11.499809
2425	11.499809
2426	11.499809
2427	11.499809
2428	11.499809
2429	11.499809
2430	11.499809
2431	11.499809
2432	11.499809
2433	11.499809
2434	11.499809
2435	11.499809
2436	11.499809
2437	11.499809
2438	11.499809
2439	11.499809
2440	11.499809
2441	11.499809
2442	11.499809
2443	11.499809
2444	11.499809
2445	11.499809
2446	11.499809
2447	11.499809
2448	11.499809
2449	11.499809
2450	11.499809
2451	11.499809
2452	11.499809
2453	11.499809
2454	11.499809
2455	11.499809
2456	11.499809
2457	11.499809
2458	11.499809
2459	11.499809
2460	11.499809
2461	11.499809
2462	11.499809
2463	11.499809
2464	11.499809
2465	11.499809
2466	11.499809
2467	11.499809
2468	11.499809
2469	11.499809
2470	11.499809
2471	11.499809
2472	11.499809
2473	11.499809
2474	11.499809
2475	11.499809
2476	11.499809
2477	11.499809
2478	11.499809
2479	11.499809
2480	11.499809
2481	11.499809
2482	11.499809
2483	11.499809
2484	11.499809
2485	11.499809
2486	11.499809
2487	11.499809
2488	11.499809
2489	11.499809
2490	11.499809
2491	11.499809
2492	11.499809
2493	11.499809
2494	11.499809
2495	11.499809
2496	11.499809
2497	11.499809
2498	11.499809
2499	11.499809
2500	11.499809
2501	11.499809
2502	11.499809
2503	11.499809
2504	11.499809
2505	11.499809
2506	11.499809
2507	11.499809
2508	11.499809
2509	11.499809
2510	11.499809
2511	11.499809
2512	11.499809
2513	11.499809
2514	11.499809
2515	11.499809
2516	11.499809
2517	11.499809
2518	11.499809
2519	11.499809
2520	11.499809
2521	11.499809
2522	11.499809
2523	11.499809
2524	11.499809
2525	11.499809
2526	11.499809
2527	11.499809
2528	11.499809
2529	11.499809
2530	11.499809
2531	11.499809
2532	11.499809
2533	11.499809
2534	11.499809
2535	11.499809
2536	11.499809
2537	11.499809
2538	11.499809
2539	11.499809
2540	11.499809
2541	11.499809
2542	11.499809
2543	11.499809
2544	11.499809
2545	11.499809
2546	11.499809
2547	11.499809
2548	11.499809
2549	11.499809
2550	11.499809
2551	11.499809
2552	11.499809
2553	11.499809
2554	11.499809
2555	11.499809
2556	11.499809
2557	11.499809
2558	11.499809
2559	11.499809
2560	11.499809
2561	11.499809
2562	11.499809
2563	11.499809
2564	11.499809
2565	11.499809
2566	11.499809
2567	11.499809
2568	11.499809
2569	11.499809
2570	11.499809
2571	11.499809
2572	11.499809
2573	11.499809
2574	11.499809
2575	11.499809
2576	11.499809
2577	11.499809
2578	11.499809
2579	11.499809
2580	11.499809
2581	11.499809
2582	11.499809
2583	11.499809
2584	11.499809
2585	11.499809
2586	11.499809
2587	11.499809
2588	11.499809
2589	11.499809
2590	11.499809
2591	11.499809
2592	11.499809
2593	11.499809
2594	11.499809
2595	11.499809
2596	11.499809
2597	11.499809
2598	11.499809
2599	11.499809
2600	11.499809
2601	11.499809
2602	11.499809
2603	11.499809
2604	11.499809
2605	11.499809
2606	11.499809
2607	11.499809
2608	11.499809
2609	11.499809
2610	11.499809
2611	11.499809
2612	11.499809
2613	11.499809
2614	11.499809
2615	11.499809
2616	11.499809
2617	11.499809
2618	11.499809
2619	11.499809
2620	11.499809
2621	11.499809
2622	11.499809
2623	11.499809
2624	11.499809
2625	11.499809
2626	11.499809
2627	11.499809
2628	11.499809
2629	11.499809
2630	11.499809
2631	11.499809
2632	11.499809
2633	11.499809
2634	11.499809
2635	11.499809
2636	11.499809
2637	11.499809
2638	11.499809
2639	11.499809
2640	11.499809
2641	11.499809
2642	11.499809
2643	11.499809
2644	11.499809
2645	11.499809
2646	11.499809
2647	11.499809
2648	11.499809
2649	11.499809
2650	11.499809
2651	11.499809
2652	11.499809
2653	11.499809
2654	11.499809
2655	11.499809
2656	11.499809
2657	11.499809
2658	11.499809
2659	11.499809
2660	11.499809
2661	11.499809
2662	11.499809
2663	11.499809
2664	11.499809
2665	11.499809
2666	11.499809
2667	11.499809
2668	11.499809
2669	11.499809
2670	11.499809
2671	11.499809
2672	11.499809
2673	11.499809
2674	11.499809
2675	11.499809
2676	11.499809
2677	11.499809
2678	11.499809
2679	11.499809
2680	11.499809
2681	11.499809
2682	11.499809
2683	11.499809
2684	11.499809
2685	11.499809
2686	11.499809
2687	11.499809
2688	11.499809
2689	11.499809
2690	11.499809
2691	11.499809
2692	11.499809
2693	11.499809
2694	11.499809
2695	11.499809
2696	11.499809
2697	11.499809
2698	11.499809
2699	11.499809
2700	11.499809
2701	11.499809
2702	11.499809
2703	11.499809
2704	11.499809
2705	11.499809
2706	11.499809
2707	11.499809
2708	11.499809
2709	11.499809
2710	11.499809
2711	11.499809
2712	11.499809
2713	11.499809
2714	11.499809
2715	11.499809
2716	11.499809
2717	11.499809
2718	11.499809
2719	11.499809
2720	11.499809
2721	11.499809
2722	11.499809
2723	11.499809
2724	11.499809
2725	11.499809
2726	11.499809
2727	11.499809
2728	11.499809
2729	11.499809
2730	11.499809
2731	11.499809
2732	11.499809
2733	11.499809
2734	11.499809
2735	11.499809
2736	11.499809
2737	11.499809
2738	11.499809
2739	11.499809
2740	11.499809
2741	11.499809
2742	11.499809
2743	11.499809
2744	11.499809
2745	11.499809
2746	11.499809
2747	11.499809
2748	11.499809
2749	11.499809
2750	11.499809
2751	11.499809
2752	11.499809
2753	11.499809
2754	11.499809
2755	11.499809
2756	11.499809
2757	11.499809
2758	11.499809
2759	11.499809
2760	11.499809
2761	11.499809
2762	11.499809
2763	11.499809
2764	11.499809
2765	11.499809
2766	11.499809
2767	11.499809
2768	11.499809
2769	11.499809
2770	11.499809
2771	11.499809
2772	11.499809
2773	11.499809
2774	11.499809
2775	11.499809
2776	11.499809
2777	11.499809
2778	11.499809
2779	11.499809
2780	11.499809
2781	11.499809
2782	11.499809
2783	11.499809
2784	11.499809
2785	11.499809
2786	11.499809
2787	11.499809
2788	11.499809
2789	11.499809
2790	11.499809
2791	11.499809
2792	11.499809
2793	11.499809
2794	11.499809
2795	11.499809
2796	11.499809
2797	11.499809
2798	11.499809
2799	11.499809
2800	11.499809
2801	11.499809
2802	11.499809
2803	11.499809
2804	11.499809
2805	11.499809
2806	11.499809
2807	11.499809
2808	11.499809
2809	11.499809
2810	11.499809
2811	11.499809
2812	11.499809
2813	11.499809
2814	11.499809
2815	11.499809
2816	11.499809
2817	11.499809
2818	11.499809
2819	11.499809
2820	11.499809
2821	11.499809
2822	11.499809
2823	11.499809
2824	11.499809
2825	11.499809
2826	11.499809
2827	11.499809
2828	11.499809
2829	11.499809
2830	11.499809
2831	11.499809
2832	11.499809
2833	11.499809
2834	11.499809
2835	11.499809
2836	11.499809
2837	11.499809
2838	11.499809
2839	11.499809
2840	11.499809
2841	11.499809
2842	11.499809
2843	11.499809
2844	11.499809
2845	11.499809
2846	11.499809
2847	11.499809
2848	11.499809
2849	11.499809
2850	11.499809
2851	11.499809
2852	11.499809
2853	11.499809
2854	11.499809
2855	11.499809
2856	11.499809
2857	11.499809
2858	11.499809
2859	11.499809
2860	11.499809
2861	11.499809
2862	11.499809
2863	11.499809
2864	11.499809
2865	11.499809
2866	11.499809
2867	11.499809
2868	11.499809
2869	11.499809
2870	11.499809
2871	11.499809
2872	11.499809
2873	11.499809
2874	11.499809
2875	11.499809
2876	11.499809
2877	11.499809
2878	11.499809
2879	11.499809
2880	11.499809
2881	11.499809
2882	11.499809
2883	11.499809
2884	11.499809
2885	11.499809
2886	11.499809
2887	11.499809
2888	11.499809
2889	11.499809
2890	11.499809
2891	11.499809
2892	11.499809
2893	11.499809
2894	11.499809
2895	11.499809
2896	11.499809
2897	11.499809
2898	11.499809
2899	11.499809
2900	11.499809
2901	11.499809
2902	11.499809
2903	11.499809
2904	11.499809
2905	11.499809
2906	11.499809
2907	11.499809
2908	11.499809
2909	11.499809
2910	11.499809
2911	11.499809
2912	11.499809
2913	11.499809
2914	11.499809
2915	11.499809
2916	11.499809
2917	11.499809
2918	11.499809
2919	11.499809
2920	11.499809
2921	11.499809
2922	11.499809
2923	11.499809
2924	11.499809
2925	11.499809
2926	11.499809
2927	11.499809
2928	11.499809
2929	11.499809
2930	11.499809
2931	11.499809
2932	11.499809
2933	11.499809
2934	11.499809
2935	11.499809
2936	11.499809
2937	11.499809
2938	11.499809
2939	11.499809
2940	11.499809
2941	11.499809
2942	11.499809
2943	11.499809
2944	11.499809
2945	11.499809
2946	11.499809
2947	11.499809
2948	11.499809
2949	11.499809
2950	11.499809
2951	11.499809
2952	11.499809
2953	11.499809
2954	11.499809
2955	11.499809
2956	11.499809
2957	11.499809
2958	11.499809
2959	11.499809
2960	11.499809
2961	11.499809
2962	11.499809
2963	11.499809
2964	11.499809
2965	11.499809
2966	11.499809
2967	11.499809
2968	11.499809
2969	11.499809
2970	11.499809
2971	11.499809
2972	11.499809
2973	11.499809
2974	11.499809
2975	11.499809
2976	11.499809
2977	11.499809
2978	11.499809
2979	11.499809
2980	11.499809
2981	11.499809
2982	11.499809
2983	11.499809
2984	11.499809
2985	11.499809
2986	11.499809
2987	11.499809
2988	11.499809
2989	11.499809
2990	11.499809
2991	11.499809
2992	11.499809
2993	11.499809
2994	11.499809
2995	11.499809
2996	11.499809
2997	11.499809
2998	11.499809
2999	11.499809
3000	11.499809
3001	11.499809
3002	11.499809
3003	11.499809
3004	11.499809
3005	11.499809
3006	11.499809
3007	11.499809
3008	11.499809
3009	11.499809
3010	11.499809
3011	11.499809
3012	11.499809
3013	11.499809
3014	11.499809
3015	11.499809
3016	11.499809
3017	11.499809
3018	11.499809
3019	11.499809
3020	11.499809
3021	11.499809
3022	11.499809
3023	11.499809
3024	11.499809
3025	11.499809
3026	11.499809
3027	11.499809
3028	11.499809
3029	11.499809
3030	11.499809
3031	11.499809
3032	11.499809
3033	11.499809
3034	11.499809
3035	11.499809
3036	11.499809
3037	11.499809
3038	11.499809
3039	11.499809
3040	11.499809
3041	11.499809
3042	11.499809
3043	11.499809
3044	11.499809
3045	11.499809
3046	11.499809
3047	11.499809
3048	11.499809
3049	11.499809
3050	11.499809
3051	11.499809
3052	11.499809
3053	11.499809
3054	11.499809
3055	11.499809
3056	11.499809
3057	11.499809
3058	11.499809
3059	11.499809
3060	11.499809
3061	11.499809
3062	11.499809
3063	11.499809
3064	11.499809
3065	11.499809
3066	11.499809
3067	11.499809
3068	11.499809
3069	11.499809
3070	11.499809
3071	11.499809
3072	11.499809
3073	11.499809
3074	11.499809
3075	11.499809
3076	11.499809
3077	11.499809
3078	11.499809
3079	11.499809
3080	11.499809
3081	11.499809
3082	11.499809
3083	11.499809
3084	11.499809
3085	11.499809
3086	11.499809
3087	11.499809
3088	11.499809
3089	11.499809
3090	11.499809
3091	11.499809
3092	11.499809
3093	11.499809
3094	11.499809
3095	11.499809
3096	11.499809
3097	11.499809
3098	11.499809
3099	11.499809
3100	11.499809
3101	11.499809
3102	11.499809
3103	11.499809
3104	11.499809
3105	11.499809
3106	11.499809
3107	11.499809
3108	11.499809
3109	11.499809
3110	11.499809
3111	11.499809
3112	11.499809
3113	11.499809
3114	11.499809
3115	11.499809
3116	11.499809
3117	11.499809
3118	11.499809
3119	11.499809
3120	11.499809
3121	11.499809
3122	11.499809
3123	11.499809
3124	11.499809
3125	11.499809
3126	11.499809
3127	11.499809
3128	11.499809
3129	11.499809
3130	11.499809
3131	11.499809
3132	11.499809
3133	11.499809
3134	11.499809
3135	11.499809
3136	11.499809
3137	11.499809
3138	11.499809
3139	11.499809
3140	11.499809
3141	11.499809
3142	11.499809
3143	11.499809
3144	11.499809
3145	11.499809
3146	11.499809
3147	11.499809
3148	11.499809
3149	11.499809
3150	11.499809
3151	11.499809
3152	11.499809
3153	11.499809
3154	11.499809
3155	11.499809
3156	11.499809
3157	11.499809
3158	11.499809
3159	11.499809
3160	11.499809
3161	11.499809
3162	11.499809
3163	11.499809
3164	11.499809
3165	11.499809
3166	11.499809
3167	11.499809
3168	11.499809
3169	11.499809
3170	11.499809
3171	11.499809
3172	11.499809
3173	11.499809
3174	11.499809
3175	11.499809
3176	11.499809
3177	11.499809
3178	11.499809
3179	11.499809
3180	11.499809
3181	11.499809
3182	11.499809
3183	11.499809
3184	11.499809
3185	11.499809
3186	11.499809
3187	11.499809
3188	11.499809
3189	11.499809
3190	11.499809
3191	11.499809
3192	11.499809
3193	11.499809
3194	11.499809
3195	11.499809
3196	11.499809
3197	11.499809
3198	11.499809
3199	11.499809
3200	11.499809
3201	11.499809
3202	11.499809
3203	11.499809
3204	11.499809
3205	11.499809
3206	11.499809
3207	11.499809
3208	11.499809
3209	11.499809
3210	11.499809
3211	11.499809
3212	11.499809
3213	11.499809
3214	11.499809
3215	11.499809
3216	11.499809
3217	11.499809
3218	11.499809
3219	11.499809
3220	11.499809
3221	11.499809
3222	11.499809
3223	11.499809
3224	11.499809
3225	11.499809
3226	11.499809
3227	11.499809
3228	11.499809
3229	11.499809
3230	11.499809
3231	11.499809
3232	11.499809
3233	11.499809
3234	11.499809
3235	11.499809
3236	11.499809
3237	11.499809
3238	11.499809
3239	11.499809
3240	11.499809
3241	11.499809
3242	11.499809
3243	11.499809
3244	11.499809
3245	11.499809
3246	11.499809
3247	11.499809
3248	11.499809
3249	11.499809
3250	11.499809
3251	11.499809
3252	11.499809
3253	11.499809
3254	11.499809
3255	11.499809
3256	11.499809
3257	11.499809
3258	11.499809
3259	11.499809
3260	11.499809
3261	11.499809
3262	11.499809
3263	11.499809
3264	11.499809
3265	11.499809
3266	11.499809
3267	11.499809
3268	11.499809
3269	11.499809
3270	11.499809
3271	11.499809
3272	11.499809
3273	11.499809
3274	11.499809
3275	11.499809
3276	11.499809
3277	11.499809
3278	11.499809
3279	11.499809
3280	11.499809
3281	11.499809
3282	11.499809
3283	11.499809
3284	11.499809
3285	11.499809
3286	11.499809
3287	11.499809
3288	11.499809
3289	11.499809
3290	11.499809
3291	11.499809
3292	11.499809
3293	11.499809
3294	11.499809
3295	11.499809
3296	11.499809
3297	11.499809
3298	11.499809
3299	11.499809
3300	11.499809
3301	11.499809
3302	11.499809
3303	11.499809
3304	11.499809
3305	11.499809
3306	11.499809
3307	11.499809
3308	11.499809
3309	11.499809
3310	11.499809
3311	11.499809
3312	11.499809
3313	11.499809
3314	11.499809
3315	11.499809
3316	11.499809
3317	11.499809
3318	11.499809
3319	11.499809
3320	11.499809
3321	11.499809
3322	11.499809
3323	11.499809
3324	11.499809
3325	11.499809
3326	11.499809
3327	11.499809
3328	11.499809
3329	11.499809
3330	11.499809
3331	11.499809
3332	11.499809
3333	11.499809
3334	11.499809
3335	11.499809
3336	11.499809
3337	11.499809
3338	11.499809
3339	11.499809
3340	11.499809
3341	11.499809
3342	11.499809
3343	11.499809
3344	11.499809
3345	11.499809
3346	11.499809
3347	11.499809
3348	11.499809
3349	11.499809
3350	11.499809
3351	11.499809
3352	11.499809
3353	11.499809
3354	11.499809
3355	11.499809
3356	11.499809
3357	11.499809
3358	11.499809
3359	11.499809
3360	11.499809
3361	11.499809
3362	11.499809
3363	11.499809
3364	11.499809
3365	11.499809
3366	11.499809
3367	11.499809
3368	11.499809
3369	11.499809
3370	11.499809
3371	11.499809
3372	11.499809
3373	11.499809
3374	11.499809
3375	11.499809
3376	11.499809
3377	11.499809
3378	11.499809
3379	11.499809
3380	11.499809
3381	11.499809
3382	11.499809
3383	11.499809
3384	11.499809
3385	11.499809
3386	11.499809
3387	11.499809
3388	11.499809
3389	11.499809
3390	11.499809
3391	11.499809
3392	11.499809
3393	11.499809
3394	11.499809
3395	11.499809
3396	11.499809
3397	11.499809
3398	11.499809
3399	11.499809
3400	11.499809
3401	11.499809
3402	11.499809
3403	11.499809
3404	11.499809
3405	11.499809
3406	11.499809
3407	11.499809
3408	11.499809
3409	11.499809
3410	11.499809
3411	11.499809
3412	11.499809
3413	11.499809
3414	11.499809
3415	11.499809
3416	11.499809
3417	11.499809
3418	11.499809
3419	11.499809
3420	11.499809
3421	11.499809
3422	11.499809
3423	11.499809
3424	11.499809
3425	11.499809
3426	11.499809
3427	11.499809
3428	11.499809
3429	11.499809
3430	11.499809
3431	11.499809
3432	11.499809
3433	11.499809
3434	11.499809
3435	11.499809
3436	11.499809
3437	11.499809
3438	11.499809
3439	11.499809
3440	11.499809
3441	11.499809
3442	11.499809
3443	11.499809
3444	11.499809
3445	11.499809
3446	11.499809
3447	11.499809
3448	11.499809
3449	11.499809
3450	11.499809
3451	11.499809
3452	11.499809
3453	11.499809
3454	11.499809
3455	11.499809
3456	11.499809
3457	11.499809
3458	11.499809
3459	11.499809
3460	11.499809
3461	11.499809
3462	11.499809
3463	11.499809
3464	11.499809
3465	11.499809
3466	11.499809
3467	11.499809
3468	11.499809
3469	11.499809
3470	11.499809
3471	11.499809
3472	11.499809
3473	11.499809
3474	11.499809
3475	11.499809
3476	11.499809
3477	11.499809
3478	11.499809
3479	11.499809
3480	11.499809
3481	11.499809
3482	11.499809
3483	11.499809
3484	11.499809
3485	11.499809
3486	11.499809
3487	11.499809
3488	11.499809
3489	11.499809
3490	11.499809
3491	11.499809
3492	11.499809
3493	11.499809
3494	11.499809
3495	11.499809
3496	11.499809
3497	11.499809
3498	11.499809
3499	11.499809
3500	11.499809
3501	11.499809
3502	11.499809
3503	11.499809
3504	11.499809
3505	11.499809
3506	11.499809
3507	11.499809
3508	11.499809
3509	11.499809
3510	11.499809
3511	11.499809
3512	11.499809
3513	11.499809
3514	11.499809
3515	11.499809
3516	11.499809
3517	11.499809
3518	11.499809
3519	11.499809
3520	11.499809
3521	11.499809
3522	11.499809
3523	11.499809
3524	11.499809
3525	11.499809
3526	11.499809
3527	11.499809
3528	11.499809
3529	11.499809
3530	11.499809
3531	11.499809
3532	11.499809
3533	11.499809
3534	11.499809
3535	11.499809
3536	11.499809
3537	11.499809
3538	11.499809
3539	11.499809
3540	11.499809
3541	11.499809
3542	11.499809
3543	11.499809
3544	11.499809
3545	11.499809
3546	11.499809
3547	11.499809
3548	11.499809
3549	11.499809
3550	11.499809
3551	11.499809
3552	11.499809
3553	11.499809
3554	11.499809
3555	11.499809
3556	11.499809
3557	11.499809
3558	11.499809
3559	11.499809
3560	11.499809
3561	11.499809
3562	11.499809
3563	11.499809
3564	11.499809
3565	11.499809
3566	11.499809
3567	11.499809
3568	11.499809
3569	11.499809
3570	11.499809
3571	11.499809
3572	11.499809
3573	11.499809
3574	11.499809
3575	11.499809
3576	11.499809
3577	11.499809
3578	11.499809
3579	11.499809
3580	11.499809
3581	11.499809
3582	11.499809
3583	11.499809
3584	11.499809
3585	11.499809
3586	11.499809
3587	11.499809
3588	11.499809
3589	11.499809
3590	11.499809
3591	11.499809
3592	11.499809
3593	11.499809
3594	11.499809
3595	11.499809
3596	11.499809
3597	11.499809
3598	11.499809
3599	11.499809
3600	11.499809
3601	11.499809
3602	11.499809
3603	11.499809
3604	11.499809
3605	11.499809
3606	11.499809
3607	11.499809
3608	11.499809
3609	11.499809
3610	11.499809
3611	11.499809
3612	11.499809
3613	11.499809
3614	11.499809
3615	11.499809
3616	11.499809
3617	11.499809
3618	11.499809
3619	11.499809
3620	11.499809
3621	11.499809
3622	11.499809
3623	11.499809
3624	11.499809
3625	11.499809
3626	11.499809
3627	11.499809
3628	11.499809
3629	11.499809
3630	11.499809
3631	11.499809
3632	11.499809
3633	11.499809
3634	11.499809
3635	11.499809
3636	11.499809
3637	11.499809
3638	11.499809
3639	11.499809
3640	11.499809
3641	11.499809
3642	11.499809
3643	11.499809
3644	11.499809
3645	11.499809
3646	11.499809
3647	11.499809
3648	11.499809
3649	11.499809
3650	11.499809
3651	11.499809
3652	11.499809
3653	11.499809
3654	11.499809
3655	11.499809
3656	11.499809
3657	11.499809
3658	11.499809
3659	11.499809
3660	11.499809
3661	11.499809
3662	11.499809
3663	11.499809
3664	11.499809
3665	11.499809
3666	11.499809
3667	11.499809
3668	11.499809
3669	11.499809
3670	11.499809
3671	11.499809
3672	11.499809
3673	11.499809
3674	11.499809
3675	11.499809
3676	11.499809
3677	11.499809
3678	11.499809
3679	11.499809
3680	11.499809
3681	11.499809
3682	11.499809
3683	11.499809
3684	11.499809
3685	11.499809
3686	11.499809
3687	11.499809
3688	11.499809
3689	11.499809
3690	11.499809
3691	11.499809
3692	11.499809
3693	11.499809
3694	11.499809
3695	11.499809
3696	11.499809
3697	11.499809
3698	11.499809
3699	11.499809
3700	11.499809
3701	11.499809
3702	11.499809
3703	11.499809
3704	11.499809
3705	11.499809
3706	11.499809
3707	11.499809
3708	11.499809
3709	11.499809
3710	11.499809
3711	11.499809
3712	11.499809
3713	11.499809
3714	11.499809
3715	11.499809
3716	11.499809
3717	11.499809
3718	11.499809
3719	11.499809
3720	11.499809
3721	11.499809
3722	11.499809
3723	11.499809
3724	11.499809
3725	11.499809
3726	11.499809
3727	11.499809
3728	11.499809
3729	11.499809
3730	11.499809
3731	11.499809
3732	11.499809
3733	11.499809
3734	11.499809
3735	11.499809
3736	11.499809
3737	11.499809
3738	11.499809
3739	11.499809
3740	11.499809
3741	11.499809
3742	11.499809
3743	11.499809
3744	11.499809
3745	11.499809
3746	11.499809
3747	11.499809
3748	11.499809
3749	11.499809
3750	11.499809
3751	11.499809
3752	11.499809
3753	11.499809
3754	11.499809
3755	11.499809
3756	11.499809
3757	11.499809
3758	11.499809
3759	11.499809
3760	11.499809
3761	11.499809
3762	11.499809
3763	11.499809
3764	11.499809
3765	11.499809
3766	11.499809
3767	11.499809
3768	11.499809
3769	11.499809
3770	11.499809
3771	11.499809
3772	11.499809
3773	11.499809
3774	11.499809
3775	11.499809
3776	11.499809
3777	11.499809
3778	11.499809
3779	11.499809
3780	11.499809
3781	11.499809
3782	11.499809
3783	11.499809
3784	11.499809
3785	11.499809
3786	11.499809
3787	11.499809
3788	11.499809
3789	11.499809
3790	11.499809
3791	11.499809
3792	11.499809
3793	11.499809
3794	11.499809
3795	11.499809
3796	11.499809
3797	11.499809
3798	11.499809
3799	11.499809
3800	11.499809
3801	11.499809
3802	11.499809
3803	11.499809
3804	11.499809
3805	11.499809
3806	11.499809
3807	11.499809
3808	11.499809
3809	11.499809
3810	11.499809
3811	11.499809
3812	11.499809
3813	11.499809
3814	11.499809
3815	11.499809
3816	11.499809
3817	11.499809
3818	11.499809
3819	11.499809
3820	11.499809
3821	11.499809
3822	11.499809
3823	11.499809
3824	11.499809
3825	11.499809
3826	11.499809
3827	11.499809
3828	11.499809
3829	11.499809
3830	11.499809
3831	11.499809
3832	11.499809
3833	11.499809
3834	11.499809
3835	11.499809
3836	11.499809
3837	11.499809
3838	11.499809
3839	11.499809
3840	11.499809
3841	11.499809
3842	11.499809
3843	11.499809
3844	11.499809
3845	11.499809
3846	11.499809
3847	11.499809
3848	11.499809
3849	11.499809
3850	11.499809
3851	11.499809
3852	11.499809
3853	11.499809
3854	11.499809
3855	11.499809
3856	11.499809
3857	11.499809
3858	11.499809
3859	11.499809
3860	11.499809
3861	11.499809
3862	11.499809
3863	11.499809
3864	11.499809
3865	11.499809
3866	11.499809
3867	11.499809
3868	11.499809
3869	11.499809
3870	11.499809
3871	11.499809
3872	11.499809
3873	11.499809
3874	11.499809
3875	11.499809
3876	11.499809
3877	11.499809
3878	11.499809
3879	11.499809
3880	11.499809
3881	11.499809
3882	11.499809
3883	11.499809
3884	11.499809
3885	11.499809
3886	11.499809
3887	11.499809
3888	11.499809
3889	11.499809
3890	11.499809
3891	11.499809
3892	11.499809
3893	11.499809
3894	11.499809
3895	11.499809
3896	11.499809
3897	11.499809
3898	11.499809
3899	11.499809
3900	11.499809
3901	11.499809
3902	11.499809
3903	11.499809
3904	11.499809
3905	11.499809
3906	11.499809
3907	11.499809
3908	11.499809
3909	11.499809
3910	11.499809
3911	11.499809
3912	11.499809
3913	11.499809
3914	11.499809
3915	11.499809
3916	11.499809
3917	11.499809
3918	11.499809
3919	11.499809
3920	11.499809
3921	11.499809
3922	11.499809
3923	11.499809
3924	11.499809
3925	11.499809
3926	11.499809
3927	11.499809
3928	11.499809
3929	11.499809
3930	11.499809
3931	11.499809
3932	11.499809
3933	11.499809
3934	11.499809
3935	11.499809
3936	11.499809
3937	11.499809
3938	11.499809
3939	11.499809
3940	11.499809
3941	11.499809
3942	11.499809
3943	11.499809
3944	11.499809
3945	11.499809
3946	11.499809
3947	11.499809
3948	11.499809
3949	11.499809
3950	11.499809
3951	11.499809
3952	11.499809
3953	11.499809
3954	11.499809
3955	11.499809
3956	11.499809
3957	11.499809
3958	11.499809
3959	11.499809
3960	11.499809
3961	11.499809
3962	11.499809
3963	11.499809
3964	11.499809
3965	11.499809
3966	11.499809
3967	11.499809
3968	11.499809
3969	11.499809
3970	11.499809
3971	11.499809
3972	11.499809
3973	11.499809
3974	11.499809
3975	11.499809
3976	11.499809
3977	11.499809
3978	11.499809
3979	11.499809
3980	11.499809
3981	11.499809
3982	11.499809
3983	11.499809
3984	11.499809
3985	11.499809
3986	11.499809
3987	11.499809
3988	11.499809
3989	11.499809
3990	11.499809
3991	11.499809
3992	11.499809
3993	11.499809
3994	11.499809
3995	11.499809
3996	11.499809
3997	11.499809
3998	11.499809
3999	11.499809
4000	11.499809
4001	11.499809
4002	11.499809
4003	11.499809
4004	11.499809
4005	11.499809
4006	11.499809
4007	11.499809
4008	11.499809
4009	11.499809
4010	11.499809
4011	11.499809
4012	11.499809
4013	11.499809
4014	11.499809
4015	11.499809
4016	11.499809
4017	11.499809
4018	11.499809
4019	11.499809
4020	11.499809
4021	11.499809
4022	11.499809
4023	11.499809
4024	11.499809
4025	11.499809
4026	11.499809
4027	11.499809
4028	11.499809
4029	11.499809
4030	11.499809
4031	11.499809
4032	11.499809
4033	11.499809
4034	11.499809
4035	11.499809
4036	11.499809
4037	11.499809
4038	11.499809
4039	11.499809
4040	11.499809
4041	11.499809
4042	11.499809
4043	11.499809
4044	11.499809
4045	11.499809
4046	11.499809
4047	11.499809
4048	11.499809
4049	11.499809
4050	11.499809
4051	11.499809
4052	11.499809
4053	11.499809
4054	11.499809
4055	11.499809
4056	11.499809
4057	11.499809
4058	11.499809
4059	11.499809
4060	11.499809
4061	11.499809
4062	11.499809
4063	11.499809
4064	11.499809
4065	11.499809
4066	11.499809
4067	11.499809
4068	11.499809
4069	11.499809
4070	11.499809
4071	11.499809
4072	11.499809
4073	11.499809
4074	11.499809
4075	11.499809
4076	11.499809
4077	11.499809
4078	11.499809
4079	11.499809
4080	11.499809
4081	11.499809
4082	11.499809
4083	11.499809
4084	11.499809
4085	11.499809
4086	11.499809
4087	11.499809
4088	11.499809
4089	11.499809
4090	11.499809
4091	11.499809
4092	11.499809
4093	11.499809
4094	11.499809
4095	11.499809
4096	11.499809
4097	11.499809
4098	11.499809
4099	11.499809
4100	11.499809
4101	11.499809
4102	11.499809
4103	11.499809
4104	11.499809
4105	11.499809
4106	11.499809
4107	11.499809
4108	11.499809
4109	11.499809
4110	11.499809
4111	11.499809
4112	11.499809
4113	11.499809
4114	11.499809
4115	11.499809
4116	11.499809
4117	11.499809
4118	11.499809
4119	11.499809
4120	11.499809
4121	11.499809
4122	11.499809
4123	11.499809
4124	11.499809
4125	11.499809
4126	11.499809
4127	11.499809
4128	11.499809
4129	11.499809
4130	11.499809
4131	11.499809
4132	11.499809
4133	11.499809
4134	11.499809
4135	11.499809
4136	11.499809
4137	11.499809
4138	11.499809
4139	11.499809
4140	11.499809
4141	11.499809
4142	11.499809
4143	11.499809
4144	11.499809
4145	11.499809
4146	11.499809
4147	11.499809
4148	11.499809
4149	11.499809
4150	11.499809
4151	11.499809
4152	11.499809
4153	11.499809
4154	11.499809
4155	11.499809
4156	11.499809
4157	11.499809
4158	11.499809
4159	11.499809
4160	11.499809
4161	11.499809
4162	11.499809
4163	11.499809
4164	11.499809
4165	11.499809
4166	11.499809
4167	11.499809
4168	11.499809
4169	11.499809
4170	11.499809
4171	11.499809
4172	11.499809
4173	11.499809
4174	11.499809
4175	11.499809
4176	11.499809
4177	11.499809
4178	11.499809
4179	11.499809
4180	11.499809
4181	11.499809
4182	11.499809
4183	11.499809
4184	11.499809
4185	11.499809
4186	11.499809
4187	11.499809
4188	11.499809
4189	11.499809
4190	11.499809
4191	11.499809
4192	11.499809
4193	11.499809
4194	11.499809
4195	11.499809
4196	11.499809
4197	11.499809
4198	11.499809
4199	11.499809
4200	11.499809
4201	11.499809
4202	11.499809
4203	11.499809
4204	11.499809
4205	11.499809
4206	11.499809
4207	11.499809
4208	11.499809
4209	11.499809
4210	11.499809
4211	11.499809
4212	11.499809
4213	11.499809
4214	11.499809
4215	11.499809
4216	11.499809
4217	11.499809
4218	11.499809
4219	11.499809
4220	11.499809
4221	11.499809
4222	11.499809
4223	11.499809
4224	11.499809
4225	11.499809
4226	11.499809
4227	11.499809
4228	11.499809
4229	11.499809
4230	11.499809
4231	11.499809
4232	11.499809
4233	11.499809
4234	11.499809
4235	11.499809
4236	11.499809
4237	11.499809
4238	11.499809
4239	11.499809
4240	11.499809
4241	11.499809
4242	11.499809
4243	11.499809
4244	11.499809
4245	11.499809
4246	11.499809
4247	11.499809
4248	11.499809
4249	11.499809
4250	11.499809
4251	11.499809
4252	11.499809
4253	11.499809
4254	11.499809
4255	11.499809
4256	11.499809
4257	11.499809
4258	11.499809
4259	11.499809
4260	11.499809
4261	11.499809
4262	11.499809
4263	11.499809
4264	11.499809
4265	11.499809
4266	11.499809
4267	11.499809
4268	11.499809
4269	11.499809
4270	11.499809
4271	11.499809
4272	11.499809
4273	11.499809
4274	11.499809
4275	11.499809
4276	11.499809
4277	11.499809
4278	11.499809
4279	11.499809
4280	11.499809
4281	11.499809
4282	11.499809
4283	11.499809
4284	11.499809
4285	11.499809
4286	11.499809
4287	11.499809
4288	11.499809
4289	11.499809
4290	11.499809
4291	11.499809
4292	11.499809
4293	11.499809
4294	11.499809
4295	11.499809
4296	11.499809
4297	11.499809
4298	11.499809
4299	11.499809
4300	11.499809
4301	11.499809
4302	11.499809
4303	11.499809
4304	11.499809
4305	11.499809
4306	11.499809
4307	11.499809
4308	11.499809
4309	11.499809
4310	11.499809
4311	11.499809
4312	11.499809
4313	11.499809
4314	11.499809
4315	11.499809
4316	11.499809
4317	11.499809
4318	11.499809
4319	11.499809
4320	11.499809
4321	11.499809
4322	11.499809
4323	11.499809
4324	11.499809
4325	11.499809
4326	11.499809
4327	11.499809
4328	11.499809
4329	11.499809
4330	11.499809
4331	11.499809
4332	11.499809
4333	11.499809
4334	11.499809
4335	11.499809
4336	11.499809
4337	11.499809
4338	11.499809
4339	11.499809
4340	11.499809
4341	11.499809
4342	11.499809
4343	11.499809
4344	11.499809
4345	11.499809
4346	11.499809
4347	11.499809
4348	11.499809
4349	11.499809
4350	11.499809
4351	11.499809
4352	11.499809
4353	11.499809
4354	11.499809
4355	11.499809
4356	11.499809
4357	11.499809
4358	11.499809
4359	11.499809
4360	11.499809
4361	11.499809
4362	11.499809
4363	11.499809
4364	11.499809
4365	11.499809
4366	11.499809
4367	11.499809
4368	11.499809
4369	11.499809
4370	11.499809
4371	11.499809
4372	11.499809
4373	11.499809
4374	11.499809
4375	11.499809
4376	11.499809
4377	11.499809
4378	11.499809
4379	11.499809
4380	11.499809
4381	11.499809
4382	11.499809
4383	11.499809
4384	11.499809
4385	11.499809
4386	11.499809
4387	11.499809
4388	11.499809
4389	11.499809
4390	11.499809
4391	11.499809
4392	11.499809
4393	11.499809
4394	11.499809
4395	11.499809
4396	11.499809
4397	11.499809
4398	11.499809
4399	11.499809
4400	11.499809
4401	11.499809
4402	11.499809
4403	11.499809
4404	11.499809
4405	11.499809
4406	11.499809
4407	11.499809
4408	11.499809
4409	11.499809
4410	11.499809
4411	11.499809
4412	11.499809
4413	11.499809
4414	11.499809
4415	11.499809
4416	11.499809
4417	11.499809
4418	11.499809
4419	11.499809
4420	11.499809
4421	11.499809
4422	11.499809
4423	11.499809
4424	11.499809
4425	11.499809
4426	11.499809
4427	11.499809
4428	11.499809
4429	11.499809
4430	11.499809
4431	11.499809
4432	11.499809
4433	11.499809
4434	11.499809
4435	11.499809
4436	11.499809
4437	11.499809
4438	11.499809
4439	11.499809
4440	11.499809
4441	11.499809
4442	11.499809
4443	11.499809
4444	11.499809
4445	11.499809
4446	11.499809
4447	11.499809
4448	11.499809
4449	11.499809
4450	11.499809
4451	11.499809
4452	11.499809
4453	11.499809
4454	11.499809
4455	11.499809
4456	11.499809
4457	11.499809
4458	11.499809
4459	11.499809
4460	11.499809
4461	11.499809
4462	11.499809
4463	11.499809
4464	11.499809
4465	11.499809
4466	11.499809
4467	11.499809
4468	11.499809
4469	11.499809
4470	11.499809
4471	11.499809
4472	11.499809
4473	11.499809
4474	11.499809
4475	11.499809
4476	11.499809
4477	11.499809
4478	11.499809
4479	11.499809
4480	11.499809
4481	11.499809
4482	11.499809
4483	11.499809
4484	11.499809
4485	11.499809
4486	11.499809
4487	11.499809
4488	11.499809
4489	11.499809
4490	11.499809
4491	11.499809
4492	11.499809
4493	11.499809
4494	11.499809
4495	11.499809
4496	11.499809
4497	11.499809
4498	11.499809
4499	11.499809
4500	11.499809
4501	11.499809
4502	11.499809
4503	11.499809
4504	11.499809
4505	11.499809
4506	11.499809
4507	11.499809
4508	11.499809
4509	11.499809
4510	11.499809
4511	11.499809
4512	11.499809
4513	11.499809
4514	11.499809
4515	11.499809
4516	11.499809
4517	11.499809
4518	11.499809
4519	11.499809
4520	11.499809
4521	11.499809
4522	11.499809
4523	11.499809
4524	11.499809
4525	11.499809
4526	11.499809
4527	11.499809
4528	11.499809
4529	11.499809
4530	11.499809
4531	11.499809
4532	11.499809
4533	11.499809
4534	11.499809
4535	11.499809
4536	11.499809
4537	11.499809
4538	11.499809
4539	11.499809
4540	11.499809
4541	11.499809
4542	11.499809
4543	11.499809
4544	11.499809
4545	11.499809
4546	11.499809
4547	11.499809
4548	11.499809
4549	11.499809
4550	11.499809
4551	11.499809
4552	11.499809
4553	11.499809
4554	11.499809
4555	11.499809
4556	11.499809
4557	11.499809
4558	11.499809
4559	11.499809
4560	11.499809
4561	11.499809
4562	11.499809
4563	11.499809
4564	11.499809
4565	11.499809
4566	11.499809
4567	11.499809
4568	11.499809
4569	11.499809
4570	11.499809
4571	11.499809
4572	11.499809
4573	11.499809
4574	11.499809
4575	11.499809
4576	11.499809
4577	11.499809
4578	11.499809
4579	11.499809
4580	11.499809
4581	11.499809
4582	11.499809
4583	11.499809
4584	11.499809
4585	11.499809
4586	11.499809
4587	11.499809
4588	11.499809
4589	11.499809
4590	11.499809
4591	11.499809
4592	11.499809
4593	11.499809
4594	11.499809
4595	11.499809
4596	11.499809
4597	11.499809
4598	11.499809
4599	11.499809
4600	11.499809
4601	11.499809
4602	11.499809
4603	11.499809
4604	11.499809
4605	11.499809
4606	11.499809
4607	11.499809
4608	11.499809
4609	11.499809
4610	11.499809
4611	11.499809
4612	11.499809
4613	11.499809
4614	11.499809
4615	11.499809
4616	11.499809
4617	11.499809
4618	11.499809
4619	11.499809
4620	11.499809
4621	11.499809
4622	11.499809
4623	11.499809
4624	11.499809
4625	11.499809
4626	11.499809
4627	11.499809
4628	11.499809
4629	11.499809
4630	11.499809
4631	11.499809
4632	11.499809
4633	11.499809
4634	11.499809
4635	11.499809
4636	11.499809
4637	11.499809
4638	11.499809
4639	11.499809
4640	11.499809
4641	11.499809
4642	11.499809
4643	11.499809
4644	11.499809
4645	11.499809
4646	11.499809
4647	11.499809
4648	11.499809
4649	11.499809
4650	11.499809
4651	11.499809
4652	11.499809
4653	11.499809
4654	11.499809
4655	11.499809
4656	11.499809
4657	11.499809
4658	11.499809
4659	11.499809
4660	11.499809
4661	11.499809
4662	11.499809
4663	11.499809
4664	11.499809
4665	11.499809
4666	11.499809
4667	11.499809
4668	11.499809
4669	11.499809
4670	11.499809
4671	11.499809
4672	11.499809
4673	11.499809
4674	11.499809
4675	11.499809
4676	11.499809
4677	11.499809
4678	11.499809
4679	11.499809
4680	11.499809
4681	11.499809
4682	11.499809
4683	11.499809
4684	11.499809
4685	11.499809
4686	11.499809
4687	11.499809
4688	11.499809
4689	11.499809
4690	11.499809
4691	11.499809
4692	11.499809
4693	11.499809
4694	11.499809
4695	11.499809
4696	11.499809
4697	11.499809
4698	11.499809
4699	11.499809
4700	11.499809
4701	11.499809
4702	11.499809
4703	11.499809
4704	11.499809
4705	11.499809
4706	11.499809
4707	11.499809
4708	11.499809
4709	11.499809
4710	11.499809
4711	11.499809
4712	11.499809
4713	11.499809
4714	11.499809
4715	11.499809
4716	11.499809
4717	11.499809
4718	11.499809
4719	11.499809
4720	11.499809
4721	11.499809
4722	11.499809
4723	11.499809
4724	11.499809
4725	11.499809
4726	11.499809
4727	11.499809
4728	11.499809
4729	11.499809
4730	11.499809
4731	11.499809
4732	11.499809
4733	11.499809
4734	11.499809
4735	11.499809
4736	11.499809
4737	11.499809
4738	11.499809
4739	11.499809
4740	11.499809
4741	11.499809
4742	11.499809
4743	11.499809
4744	11.499809
4745	11.499809
4746	11.499809
4747	11.499809
4748	11.499809
4749	11.499809
4750	11.499809
4751	11.499809
4752	11.499809
4753	11.499809
4754	11.499809
4755	11.499809
4756	11.499809
4757	11.499809
4758	11.499809
4759	11.499809
4760	11.499809
4761	11.499809
4762	11.499809
4763	11.499809
4764	11.499809
4765	11.499809
4766	11.499809
4767	11.499809
4768	11.499809
4769	11.499809
4770	11.499809
4771	11.499809
4772	11.499809
4773	11.499809
4774	11.499809
4775	11.499809
4776	11.499809
4777	11.499809
4778	11.499809
4779	11.499809
4780	11.499809
4781	11.499809
4782	11.499809
4783	11.499809
4784	11.499809
4785	11.499809
4786	11.499809
4787	11.499809
4788	11.499809
4789	11.499809
4790	11.499809
4791	11.499809
4792	11.499809
4793	11.499809
4794	11.499809
4795	11.499809
4796	11.499809
4797	11.499809
4798	11.499809
4799	11.499809
4800	11.499809
4801	11.499809
4802	11.499809
4803	11.499809
4804	11.499809
4805	11.499809
4806	11.499809
4807	11.499809
4808	11.499809
4809	11.499809
4810	11.499809
4811	11.499809
4812	11.499809
4813	11.499809
4814	11.499809
4815	11.499809
4816	11.499809
4817	11.499809
4818	11.499809
4819	11.499809
4820	11.499809
4821	11.499809
4822	11.499809
4823	11.499809
4824	11.499809
4825	11.499809
4826	11.499809
4827	11.499809
4828	11.499809
4829	11.499809
4830	11.499809
4831	11.499809
4832	11.499809
4833	11.499809
4834	11.499809
4835	11.499809
4836	11.499809
4837	11.499809
4838	11.499809
4839	11.499809
4840	11.499809
4841	11.499809
4842	11.499809
4843	11.499809
4844	11.499809
4845	11.499809
4846	11.499809
4847	11.499809
4848	11.499809
4849	11.499809
4850	11.499809
4851	11.499809
4852	11.499809
4853	11.499809
4854	11.499809
4855	11.499809
4856	11.499809
4857	11.499809
4858	11.499809
4859	11.499809
4860	11.499809
4861	11.499809
4862	11.499809
4863	11.499809
4864	11.499809
4865	11.499809
4866	11.499809
4867	11.499809
4868	11.499809
4869	11.499809
4870	11.499809
4871	11.499809
4872	11.499809
4873	11.499809
4874	11.499809
4875	11.499809
4876	11.499809
4877	11.499809
4878	11.499809
4879	11.499809
4880	11.499809
4881	11.499809
4882	11.499809
4883	11.499809
4884	11.499809
4885	11.499809
4886	11.499809
4887	11.499809
4888	11.499809
4889	11.499809
4890	11.499809
4891	11.499809
4892	11.499809
4893	11.499809
4894	11.499809
4895	11.499809
4896	11.499809
4897	11.499809
4898	11.499809
4899	11.499809
4900	11.499809
4901	11.499809
4902	11.499809
4903	11.499809
4904	11.499809
4905	11.499809
4906	11.499809
4907	11.499809
4908	11.499809
4909	11.499809
4910	11.499809
4911	11.499809
4912	11.499809
4913	11.499809
4914	11.499809
4915	11.499809
4916	11.499809
4917	11.499809
4918	11.499809
4919	11.499809
4920	11.499809
4921	11.499809
4922	11.499809
4923	11.499809
4924	11.499809
4925	11.499809
4926	11.499809
4927	11.499809
4928	11.499809
4929	11.499809
4930	11.499809
4931	11.499809
4932	11.499809
4933	11.499809
4934	11.499809
4935	11.499809
4936	11.499809
4937	11.499809
4938	11.499809
4939	11.499809
4940	11.499809
4941	11.499809
4942	11.499809
4943	11.499809
4944	11.499809
4945	11.499809
4946	11.499809
4947	11.499809
4948	11.499809
4949	11.499809
4950	11.499809
4951	11.499809
4952	11.499809
4953	11.499809
4954	11.499809
4955	11.499809
4956	11.499809
4957	11.499809
4958	11.499809
4959	11.499809
4960	11.499809
4961	11.499809
4962	11.499809
4963	11.499809
4964	11.499809
4965	11.499809
4966	11.499809
4967	11.499809
4968	11.499809
4969	11.499809
4970	11.499809
4971	11.499809
4972	11.499809
4973	11.499809
4974	11.499809
4975	11.499809
4976	11.499809
4977	11.499809
4978	11.499809
4979	11.499809
4980	11.499809
4981	11.499809
4982	11.499809
4983	11.499809
4984	11.499809
4985	11.499809
4986	11.499809
4987	11.499809
4988	11.499809
4989	11.499809
4990	11.499809
4991	11.499809
4992	11.499809
4993	11.499809
4994	11.499809
4995	11.499809
4996	11.499809
4997	11.499809
4998	11.499809
4999	11.499809
5000	11.499809
5001	11.499809
5002	11.499809
5003	11.499809
5004	11.499809
5005	11.499809
5006	11.499809
5007	11.499809
5008	11.499809
5009	11.499809
5010	11.499809
5011	11.499809
5012	11.499809
5013	11.499809
5014	11.499809
5015	11.499809
5016	11.499809
5017	11.499809
5018	11.499809
5019	11.499809
5020	11.499809
5021	11.499809
5022	11.499809
5023	11.499809
5024	11.499809
5025	11.499809
5026	11.499809
5027	11.499809
5028	11.499809
5029	11.499809
5030	11.499809
5031	11.499809
5032	11.499809
5033	11.499809
5034	11.499809
5035	11.499809
5036	11.499809
5037	11.499809
5038	11.499809
5039	11.499809
5040	11.499809
5041	11.499809
5042	11.499809
5043	11.499809
5044	11.499809
5045	11.499809
5046	11.499809
5047	11.499809
5048	11.499809
5049	11.499809
5050	11.499809
5051	11.499809
5052	11.499809
5053	11.499809
5054	11.499809
5055	11.499809
5056	11.499809
5057	11.499809
5058	11.499809
5059	11.499809
5060	11.499809
5061	11.499809
5062	11.499809
5063	11.499809
5064	11.499809
5065	11.499809
5066	11.499809
5067	11.499809
5068	11.499809
5069	11.499809
5070	11.499809
5071	11.499809
5072	11.499809
5073	11.499809
5074	11.499809
5075	11.499809
5076	11.499809
5077	11.499809
5078	11.499809
5079	11.499809
5080	11.499809
5081	11.499809
5082	11.499809
5083	11.499809
5084	11.499809
5085	11.499809
5086	11.499809
5087	11.499809
5088	11.499809
5089	11.499809
5090	11.499809
5091	11.499809
5092	11.499809
5093	11.499809
5094	11.499809
5095	11.499809
5096	11.499809
5097	11.499809
5098	11.499809
5099	11.499809
5100	11.499809
5101	11.499809
5102	11.499809
5103	11.499809
5104	11.499809
5105	11.499809
5106	11.499809
5107	11.499809
5108	11.499809
5109	11.499809
5110	11.499809
5111	11.499809
5112	11.499809
5113	11.499809
5114	11.499809
5115	11.499809
5116	11.499809
5117	11.499809
5118	11.499809
5119	11.499809
5120	11.499809
5121	11.499809
5122	11.499809
5123	11.499809
5124	11.499809
5125	11.499809
5126	11.499809
5127	11.499809
5128	11.499809
5129	11.499809
5130	11.499809
5131	11.499809
5132	11.499809
5133	11.499809
5134	11.499809
5135	11.499809
5136	11.499809
5137	11.499809
5138	11.499809
5139	11.499809
5140	11.499809
5141	11.499809
5142	11.499809
5143	11.499809
5144	11.499809
5145	11.499809
5146	11.499809
5147	11.499809
5148	11.499809
5149	11.499809
5150	11.499809
5151	11.499809
5152	11.499809
5153	11.499809
5154	11.499809
5155	11.499809
5156	11.499809
5157	11.499809
5158	11.499809
5159	11.499809
5160	11.499809
5161	11.499809
5162	11.499809
5163	11.499809
5164	11.499809
5165	11.499809
5166	11.499809
5167	11.499809
5168	11.499809
5169	11.499809
5170	11.499809
5171	11.499809
5172	11.499809
5173	11.499809
5174	11.499809
5175	11.499809
5176	11.499809
5177	11.499809
5178	11.499809
5179	11.499809
5180	11.499809
5181	11.499809
5182	11.499809
5183	11.499809
5184	11.499809
5185	11.499809
5186	11.499809
5187	11.499809
5188	11.499809
5189	11.499809
5190	11.499809
5191	11.499809
5192	11.499809
5193	11.499809
5194	11.499809
5195	11.499809
5196	11.499809
5197	11.499809
5198	11.499809
5199	11.499809
5200	11.499809
5201	11.499809
5202	11.499809
5203	11.499809
5204	11.499809
5205	11.499809
5206	11.499809
5207	11.499809
5208	11.499809
5209	11.499809
5210	11.499809
5211	11.499809
5212	11.499809
5213	11.499809
5214	11.499809
5215	11.499809
5216	11.499809
5217	11.499809
5218	11.499809
5219	11.499809
5220	11.499809
5221	11.499809
5222	11.499809
5223	11.499809
5224	11.499809
5225	11.499809
5226	11.499809
5227	11.499809
5228	11.499809
5229	11.499809
5230	11.499809
5231	11.499809
5232	11.499809
5233	11.499809
5234	11.499809
5235	11.499809
5236	11.499809
5237	11.499809
5238	11.499809
5239	11.499809
5240	11.499809
5241	11.499809
5242	11.499809
5243	11.499809
5244	11.499809
5245	11.499809
5246	11.499809
5247	11.499809
5248	11.499809
5249	11.499809
5250	11.499809
5251	11.499809
5252	11.499809
5253	11.499809
5254	11.499809
5255	11.499809
5256	11.499809
5257	11.499809
5258	11.499809
5259	11.499809
5260	11.499809
5261	11.499809
5262	11.499809
5263	11.499809
5264	11.499809
5265	11.499809
5266	11.499809
5267	11.499809
5268	11.499809
5269	11.499809
5270	11.499809
5271	11.499809
5272	11.499809
5273	11.499809
5274	11.499809
5275	11.499809
5276	11.499809
5277	11.499809
5278	11.499809
5279	11.499809
5280	11.499809
5281	11.499809
5282	11.499809
5283	11.499809
5284	11.499809
5285	11.499809
5286	11.499809
5287	11.499809
5288	11.499809
5289	11.499809
5290	11.499809
5291	11.499809
5292	11.499809
5293	11.499809
5294	11.499809
5295	11.499809
5296	11.499809
5297	11.499809
5298	11.499809
5299	11.499809
5300	11.499809
